/*--------------------------------*- C++ -*----------------------------------*\
| =========                 |                                                 |
| \\      /  F ield         | OpenFOAM: The Open Source CFD Toolbox           |
|  \\    /   O peration     | Version:  2412                                  |
|   \\  /    A nd           | Website:  www.openfoam.com                      |
|    \\/     M anipulation  |                                                 |
\*---------------------------------------------------------------------------*/
FoamFile
{
    version     2.0;
    format      ascii;
    arch        "LSB;label=32;scalar=64";
    class       volScalarField;
    location    "0.032";
    object      T;
}
// * * * * * * * * * * * * * * * * * * * * * * * * * * * * * * * * * * * * * //

dimensions      [0 0 0 1 0 0 0];

internalField   nonuniform List<scalar> 
9831
(
201.704
215.922
201.484
215.851
217.535
217.911
218.309
218.836
219.494
220.133
220.638
221.024
221.345
221.638
221.903
222.127
222.329
222.55
222.79
223.033
223.27
223.501
223.729
223.954
224.171
224.38
224.58
224.772
224.954
225.127
225.289
225.442
225.588
225.728
225.856
225.972
226.081
226.189
226.297
226.402
226.501
226.596
226.685
226.77
226.852
226.932
227.008
227.083
227.156
227.228
227.298
227.365
201.266
215.78
217.494
217.881
218.289
218.825
219.488
220.128
220.632
221.017
221.337
221.629
221.892
222.114
222.316
222.538
222.778
223.021
223.258
223.49
223.719
223.943
224.161
224.371
224.571
224.763
224.946
225.12
225.283
225.436
225.584
225.724
225.853
225.969
226.079
226.187
226.295
226.4
226.5
226.594
226.684
226.769
226.851
226.93
227.006
227.08
227.153
227.225
227.295
227.362
227.426
227.485
201.054
215.711
217.454
217.85
218.27
218.815
219.483
220.123
220.626
221.01
221.329
221.62
221.882
222.102
222.304
222.526
222.767
223.01
223.247
223.479
223.708
223.933
224.152
224.362
224.562
224.755
224.939
225.113
225.277
225.431
225.579
225.72
225.849
225.966
226.076
226.185
226.293
226.398
226.498
226.593
226.682
226.767
226.849
226.928
227.004
227.078
227.151
227.222
227.292
227.36
227.423
227.482
227.535
227.584
200.845
215.641
217.413
217.821
218.251
218.805
219.477
220.118
220.62
221.003
221.321
221.611
221.871
222.09
222.292
222.515
222.756
222.999
223.236
223.468
223.698
223.923
224.142
224.352
224.554
224.747
224.931
225.106
225.27
225.426
225.574
225.715
225.845
225.962
226.073
226.182
226.291
226.396
226.496
226.591
226.681
226.766
226.847
226.926
227.001
227.075
227.148
227.22
227.29
227.357
227.42
227.479
227.532
227.581
227.625
227.663
227.696
227.722
227.743
227.757
227.766
227.768
227.763
227.753
227.736
227.714
227.685
227.65
227.61
227.565
227.515
227.461
227.402
227.34
227.274
227.205
227.134
227.06
226.984
226.907
226.829
226.75
226.67
226.589
226.509
226.429
226.349
226.27
226.192
226.114
226.038
225.963
225.889
225.817
225.746
225.677
225.61
225.544
225.481
225.419
225.359
225.3
225.244
225.189
225.136
225.084
225.035
224.986
224.94
224.896
224.853
224.812
224.774
224.738
224.703
224.67
224.639
224.613
224.585
200.642
215.572
217.373
217.792
218.232
218.795
219.472
220.113
220.614
220.996
221.314
221.602
221.861
222.079
222.281
222.504
222.745
222.988
223.225
223.458
223.688
223.914
224.133
224.343
224.545
224.739
224.924
225.1
225.264
225.42
225.569
225.711
225.841
225.959
226.07
226.18
226.289
226.394
226.494
226.589
226.679
226.764
226.845
226.924
226.999
227.073
227.145
227.217
227.287
227.354
227.417
227.476
227.529
227.578
227.622
227.66
227.693
227.72
227.741
227.756
227.765
227.768
227.763
227.753
227.738
227.716
227.688
227.654
227.616
227.572
227.523
227.47
227.413
227.353
227.289
227.222
227.152
227.081
227.007
226.932
226.856
226.779
226.702
226.624
226.546
226.468
226.391
226.314
226.239
226.164
226.09
226.017
225.946
225.877
225.808
225.742
225.677
225.613
225.552
225.492
225.434
225.378
225.323
225.271
225.219
225.17
225.122
225.076
225.031
224.988
224.948
224.909
224.872
224.837
224.804
224.772
224.742
224.717
224.691
224.678
224.624
200.443
215.504
217.334
217.763
218.214
218.785
219.467
220.108
220.608
220.989
221.306
221.594
221.851
222.067
222.269
222.493
222.734
222.977
223.214
223.447
223.678
223.904
224.123
224.334
224.536
224.731
224.916
225.093
225.258
225.415
225.564
225.707
225.837
225.956
226.068
226.178
226.287
226.392
226.492
226.587
226.677
226.762
226.843
226.921
226.997
227.07
227.143
227.215
227.285
227.351
227.414
227.473
227.527
227.576
227.62
227.658
227.691
227.718
227.74
227.755
227.764
227.767
227.763
227.755
227.74
227.719
227.692
227.66
227.622
227.58
227.533
227.482
227.426
227.367
227.305
227.241
227.173
227.104
227.033
226.96
226.886
226.812
226.737
226.662
226.586
226.511
226.436
226.363
226.289
226.217
226.146
226.076
226.007
225.94
225.874
225.81
225.747
225.687
225.627
225.57
225.514
225.46
225.408
225.357
225.308
225.26
225.214
225.17
225.127
225.086
225.047
225.009
224.974
224.941
224.909
224.879
224.85
224.826
224.802
224.791
224.74
200.247
215.437
217.294
217.735
218.196
218.776
219.462
220.103
220.602
220.982
221.299
221.585
221.841
222.056
222.258
222.482
222.723
222.966
223.204
223.437
223.668
223.894
224.114
224.325
224.528
224.723
224.909
225.086
225.252
225.409
225.56
225.702
225.833
225.952
226.065
226.175
226.284
226.39
226.49
226.585
226.675
226.761
226.841
226.919
226.994
227.068
227.14
227.212
227.282
227.349
227.412
227.47
227.524
227.573
227.618
227.656
227.689
227.717
227.739
227.754
227.764
227.768
227.764
227.757
227.743
227.723
227.697
227.666
227.63
227.589
227.544
227.495
227.441
227.384
227.324
227.262
227.197
227.13
227.061
226.991
226.92
226.848
226.775
226.703
226.63
226.558
226.486
226.414
226.344
226.274
226.206
226.138
226.072
226.008
225.944
225.883
225.822
225.764
225.707
225.652
225.598
225.546
225.496
225.447
225.4
225.355
225.31
225.268
225.227
225.187
225.15
225.114
225.081
225.049
225.018
224.989
224.961
224.938
224.916
224.909
224.86
200.057
215.369
217.255
217.708
218.179
218.767
219.457
220.098
220.596
220.976
221.292
221.577
221.831
222.045
222.247
222.472
222.713
222.956
223.193
223.427
223.658
223.885
224.105
224.316
224.519
224.715
224.902
225.079
225.246
225.404
225.555
225.698
225.829
225.949
226.062
226.173
226.282
226.388
226.488
226.583
226.674
226.759
226.839
226.917
226.992
227.065
227.138
227.21
227.279
227.346
227.409
227.468
227.522
227.571
227.616
227.655
227.688
227.716
227.738
227.754
227.765
227.77
227.766
227.76
227.747
227.728
227.704
227.674
227.64
227.601
227.557
227.51
227.458
227.403
227.346
227.285
227.223
227.158
227.092
227.024
226.956
226.887
226.817
226.747
226.677
226.608
226.538
226.47
226.402
226.335
226.269
226.205
226.141
226.079
226.019
225.959
225.902
225.845
225.791
225.738
225.687
225.637
225.589
225.542
225.497
225.453
225.411
225.37
225.331
225.293
225.258
225.224
225.191
225.161
225.132
225.103
225.074
225.052
225.032
225.032
224.988
199.87
215.303
217.217
217.681
218.162
218.758
219.452
220.094
220.591
220.97
221.285
221.569
221.822
222.035
222.237
222.462
222.703
222.945
223.183
223.417
223.648
223.876
224.096
224.308
224.511
224.707
224.894
225.073
225.24
225.398
225.55
225.694
225.825
225.945
226.059
226.17
226.28
226.385
226.486
226.582
226.672
226.757
226.837
226.914
226.989
227.063
227.135
227.207
227.277
227.344
227.407
227.465
227.52
227.569
227.614
227.653
227.687
227.715
227.738
227.754
227.766
227.772
227.77
227.765
227.752
227.734
227.712
227.684
227.651
227.613
227.572
227.526
227.477
227.425
227.369
227.311
227.251
227.189
227.126
227.061
226.995
226.929
226.862
226.795
226.728
226.661
226.595
226.529
226.464
226.4
226.337
226.275
226.214
226.155
226.097
226.04
225.985
225.931
225.879
225.828
225.779
225.732
225.686
225.641
225.598
225.556
225.516
225.477
225.439
225.403
225.369
225.337
225.306
225.277
225.248
225.22
225.192
225.171
225.154
225.159
225.117
199.688
215.237
217.179
217.655
218.146
218.749
219.447
220.089
220.585
220.963
221.278
221.561
221.812
222.024
222.227
222.452
222.693
222.935
223.173
223.407
223.639
223.867
224.087
224.299
224.503
224.699
224.887
225.066
225.234
225.393
225.545
225.689
225.821
225.942
226.056
226.167
226.277
226.383
226.484
226.58
226.67
226.755
226.835
226.912
226.987
227.06
227.133
227.205
227.274
227.341
227.404
227.463
227.518
227.568
227.613
227.652
227.686
227.715
227.738
227.755
227.767
227.774
227.774
227.769
227.758
227.742
227.721
227.694
227.663
227.628
227.588
227.545
227.498
227.448
227.395
227.339
227.282
227.223
227.162
227.1
227.037
226.974
226.91
226.846
226.781
226.718
226.654
226.592
226.529
226.468
226.408
226.349
226.291
226.234
226.179
226.125
226.072
226.021
225.971
225.923
225.876
225.831
225.787
225.744
225.703
225.663
225.625
225.587
225.552
225.517
225.485
225.454
225.425
225.397
225.369
225.342
225.315
225.297
225.282
225.288
225.248
199.509
215.171
217.141
217.629
218.13
218.741
219.442
220.084
220.58
220.957
221.271
221.554
221.803
222.014
222.217
222.442
222.683
222.925
223.163
223.398
223.63
223.858
224.078
224.291
224.495
224.691
224.88
225.059
225.228
225.387
225.54
225.685
225.817
225.938
226.053
226.165
226.275
226.381
226.482
226.578
226.668
226.752
226.833
226.909
226.984
227.058
227.13
227.202
227.272
227.339
227.402
227.461
227.516
227.566
227.611
227.651
227.686
227.715
227.738
227.757
227.769
227.778
227.779
227.775
227.765
227.751
227.731
227.706
227.677
227.644
227.606
227.565
227.521
227.473
227.423
227.37
227.315
227.259
227.201
227.142
227.082
227.022
226.961
226.9
226.839
226.778
226.718
226.658
226.599
226.541
226.483
226.427
226.372
226.318
226.265
226.214
226.163
226.115
226.067
226.021
225.977
225.934
225.892
225.851
225.812
225.774
225.737
225.702
225.668
225.635
225.605
225.575
225.548
225.52
225.493
225.468
225.443
225.427
225.414
225.42
225.381
199.334
215.106
217.104
217.604
218.115
218.733
219.437
220.08
220.574
220.951
221.264
221.546
221.794
222.004
222.207
222.432
222.674
222.916
223.154
223.388
223.621
223.849
224.07
224.282
224.487
224.684
224.873
225.053
225.222
225.382
225.535
225.68
225.813
225.935
226.049
226.162
226.272
226.378
226.479
226.575
226.666
226.75
226.83
226.907
226.982
227.055
227.128
227.2
227.269
227.336
227.4
227.459
227.514
227.565
227.61
227.651
227.686
227.715
227.739
227.759
227.772
227.782
227.785
227.782
227.773
227.761
227.743
227.72
227.693
227.661
227.626
227.587
227.545
227.5
227.453
227.403
227.351
227.298
227.243
227.187
227.13
227.073
227.015
226.957
226.899
226.842
226.784
226.728
226.672
226.616
226.562
226.509
226.456
226.405
226.355
226.306
226.259
226.212
226.167
226.124
226.082
226.041
226.001
225.963
225.925
225.889
225.854
225.821
225.788
225.758
225.729
225.701
225.674
225.648
225.622
225.598
225.575
225.562
225.55
225.556
225.518
199.164
215.041
217.066
217.579
218.1
218.725
219.432
220.075
220.569
220.945
221.258
221.538
221.785
221.994
222.197
222.423
222.664
222.906
223.144
223.379
223.612
223.84
224.061
224.274
224.479
224.676
224.866
225.046
225.216
225.377
225.53
225.676
225.809
225.931
226.046
226.159
226.27
226.376
226.477
226.573
226.663
226.748
226.827
226.904
226.979
227.052
227.125
227.197
227.267
227.334
227.398
227.457
227.513
227.564
227.609
227.65
227.686
227.716
227.741
227.761
227.776
227.786
227.791
227.789
227.783
227.771
227.755
227.735
227.71
227.68
227.648
227.611
227.572
227.53
227.485
227.438
227.389
227.339
227.287
227.235
227.181
227.127
227.072
227.018
226.963
226.909
226.854
226.801
226.748
226.696
226.644
226.594
226.544
226.496
226.449
226.402
226.357
226.314
226.271
226.23
226.19
226.151
226.114
226.077
226.042
226.008
225.975
225.943
225.912
225.883
225.856
225.829
225.804
225.779
225.754
225.732
225.711
225.699
225.688
225.695
225.656
198.997
214.976
217.03
217.555
218.086
218.717
219.428
220.07
220.564
220.939
221.252
221.531
221.777
221.985
222.188
222.414
222.655
222.897
223.135
223.37
223.603
223.831
224.052
224.266
224.471
224.669
224.859
225.04
225.21
225.371
225.525
225.672
225.805
225.927
226.043
226.156
226.267
226.373
226.475
226.571
226.661
226.745
226.825
226.901
226.976
227.05
227.123
227.195
227.265
227.332
227.396
227.456
227.511
227.563
227.609
227.65
227.686
227.717
227.743
227.764
227.781
227.792
227.798
227.798
227.793
227.783
227.769
227.751
227.728
227.701
227.671
227.637
227.601
227.561
227.519
227.476
227.43
227.383
227.334
227.285
227.234
227.184
227.132
227.081
227.03
226.978
226.928
226.877
226.827
226.778
226.73
226.683
226.636
226.59
226.546
226.502
226.46
226.419
226.379
226.34
226.302
226.266
226.23
226.196
226.163
226.131
226.099
226.069
226.041
226.013
225.987
225.962
225.938
225.914
225.89
225.87
225.852
225.842
225.832
225.838
225.8
198.834
214.912
216.994
217.531
218.072
218.709
219.423
220.066
220.559
220.934
221.245
221.524
221.768
221.976
222.178
222.405
222.646
222.888
223.126
223.361
223.594
223.822
224.044
224.257
224.463
224.661
224.852
225.033
225.204
225.366
225.521
225.667
225.801
225.924
226.04
226.153
226.264
226.371
226.472
226.569
226.659
226.742
226.822
226.898
226.973
227.047
227.12
227.192
227.262
227.33
227.394
227.454
227.51
227.562
227.608
227.65
227.687
227.719
227.746
227.768
227.786
227.798
227.805
227.807
227.804
227.796
227.784
227.768
227.747
227.723
227.696
227.665
227.631
227.595
227.556
227.515
227.473
227.429
227.384
227.338
227.291
227.243
227.196
227.148
227.1
227.052
227.004
226.957
226.911
226.865
226.819
226.775
226.731
226.688
226.647
226.606
226.566
226.528
226.49
226.454
226.418
226.384
226.351
226.318
226.287
226.257
226.227
226.199
226.172
226.146
226.122
226.098
226.075
226.052
226.03
226.012
225.995
225.986
225.977
225.983
225.946
198.674
214.848
216.958
217.508
218.058
218.702
219.419
220.062
220.553
220.928
221.239
221.517
221.76
221.966
222.169
222.396
222.637
222.878
223.116
223.352
223.585
223.814
224.036
224.249
224.455
224.654
224.845
225.027
225.198
225.36
225.516
225.663
225.797
225.92
226.036
226.15
226.261
226.368
226.47
226.566
226.656
226.74
226.819
226.896
226.971
227.045
227.118
227.19
227.26
227.328
227.392
227.453
227.509
227.561
227.608
227.65
227.688
227.721
227.749
227.772
227.791
227.805
227.814
227.818
227.816
227.811
227.8
227.786
227.768
227.747
227.722
227.694
227.663
227.63
227.595
227.557
227.518
227.478
227.436
227.393
227.35
227.306
227.261
227.217
227.172
227.128
227.084
227.04
226.997
226.954
226.912
226.87
226.83
226.79
226.751
226.713
226.676
226.64
226.605
226.571
226.538
226.506
226.474
226.444
226.415
226.387
226.359
226.333
226.307
226.283
226.26
226.238
226.216
226.194
226.174
226.158
226.143
226.136
226.128
226.133
226.096
198.518
214.785
216.922
217.486
218.045
218.695
219.415
220.057
220.548
220.923
221.233
221.51
221.752
221.957
222.161
222.387
222.628
222.869
223.107
223.343
223.576
223.805
224.027
224.241
224.447
224.646
224.838
225.02
225.192
225.355
225.511
225.658
225.793
225.916
226.033
226.147
226.259
226.366
226.467
226.564
226.653
226.737
226.816
226.893
226.968
227.042
227.115
227.188
227.258
227.326
227.39
227.451
227.508
227.56
227.608
227.651
227.689
227.723
227.752
227.777
227.797
227.812
227.823
227.829
227.829
227.825
227.818
227.806
227.791
227.772
227.75
227.725
227.697
227.667
227.635
227.601
227.566
227.529
227.49
227.451
227.411
227.371
227.33
227.289
227.248
227.207
227.166
227.126
227.086
227.046
227.007
226.969
226.931
226.894
226.858
226.823
226.789
226.755
226.723
226.691
226.66
226.63
226.602
226.573
226.546
226.52
226.494
226.469
226.446
226.423
226.402
226.381
226.36
226.339
226.321
226.307
226.294
226.288
226.28
226.285
226.248
198.365
214.722
216.887
217.464
218.032
218.688
219.41
220.053
220.543
220.917
221.227
221.503
221.744
221.949
222.152
222.379
222.62
222.861
223.099
223.334
223.568
223.797
224.019
224.233
224.439
224.639
224.831
225.014
225.186
225.349
225.506
225.653
225.789
225.912
226.03
226.144
226.256
226.363
226.465
226.561
226.65
226.734
226.813
226.89
226.965
227.039
227.113
227.185
227.256
227.324
227.389
227.45
227.507
227.56
227.608
227.652
227.691
227.726
227.756
227.782
227.804
227.821
227.833
227.841
227.843
227.842
227.836
227.827
227.814
227.798
227.779
227.758
227.733
227.706
227.678
227.647
227.615
227.582
227.547
227.512
227.475
227.439
227.401
227.364
227.327
227.289
227.252
227.215
227.178
227.142
227.106
227.071
227.036
227.002
226.969
226.936
226.905
226.874
226.844
226.815
226.786
226.759
226.732
226.706
226.681
226.656
226.632
226.61
226.588
226.567
226.547
226.527
226.508
226.489
226.472
226.46
226.449
226.444
226.436
226.441
226.406
198.217
214.659
216.852
217.442
218.019
218.681
219.406
220.049
220.539
220.912
221.221
221.496
221.736
221.94
222.143
222.371
222.611
222.852
223.09
223.326
223.56
223.789
224.011
224.225
224.432
224.632
224.824
225.007
225.18
225.344
225.501
225.649
225.784
225.908
226.026
226.141
226.253
226.36
226.462
226.558
226.647
226.73
226.81
226.887
226.962
227.037
227.111
227.183
227.254
227.322
227.387
227.449
227.506
227.559
227.608
227.653
227.693
227.729
227.761
227.788
227.811
227.829
227.844
227.853
227.858
227.859
227.855
227.849
227.839
227.826
227.81
227.792
227.771
227.747
227.722
227.695
227.667
227.637
227.606
227.575
227.542
227.509
227.476
227.442
227.408
227.374
227.34
227.307
227.273
227.24
227.208
227.175
227.144
227.113
227.083
227.053
227.024
226.996
226.968
226.941
226.915
226.89
226.865
226.842
226.818
226.796
226.774
226.753
226.733
226.714
226.695
226.676
226.658
226.641
226.626
226.616
226.605
226.602
226.595
226.599
226.566
198.071
214.596
216.818
217.421
218.007
218.675
219.402
220.044
220.534
220.907
221.216
221.49
221.728
221.932
222.135
222.362
222.603
222.843
223.081
223.317
223.551
223.781
224.003
224.217
224.424
224.624
224.817
225.001
225.174
225.338
225.496
225.644
225.78
225.904
226.023
226.138
226.25
226.357
226.459
226.555
226.644
226.727
226.806
226.884
226.96
227.034
227.108
227.181
227.252
227.32
227.386
227.448
227.506
227.559
227.609
227.654
227.695
227.732
227.766
227.795
227.819
227.839
227.855
227.866
227.874
227.877
227.876
227.872
227.865
227.855
227.843
227.827
227.81
227.79
227.768
227.745
227.72
227.694
227.667
227.639
227.611
227.581
227.552
227.522
227.491
227.461
227.431
227.401
227.371
227.341
227.312
227.283
227.254
227.226
227.199
227.172
227.146
227.12
227.095
227.071
227.047
227.024
227.002
226.98
226.959
226.938
226.919
226.9
226.881
226.864
226.846
226.829
226.813
226.797
226.783
226.775
226.766
226.765
226.758
226.762
226.731
197.929
214.533
216.784
217.401
217.996
218.668
219.398
220.04
220.529
220.901
221.21
221.483
221.721
221.923
222.127
222.354
222.595
222.835
223.073
223.309
223.543
223.773
223.995
224.209
224.417
224.617
224.81
224.994
225.168
225.333
225.491
225.639
225.776
225.9
226.019
226.135
226.247
226.355
226.456
226.552
226.64
226.724
226.803
226.881
226.957
227.032
227.106
227.179
227.25
227.319
227.384
227.447
227.505
227.559
227.609
227.655
227.698
227.736
227.771
227.801
227.827
227.849
227.867
227.88
227.89
227.895
227.898
227.896
227.892
227.886
227.876
227.864
227.85
227.834
227.816
227.797
227.776
227.754
227.731
227.707
227.682
227.656
227.63
227.604
227.578
227.551
227.524
227.498
227.471
227.445
227.419
227.393
227.368
227.343
227.318
227.294
227.271
227.248
227.225
227.204
227.182
227.162
227.141
227.122
227.103
227.084
227.066
227.049
227.032
227.016
227
226.984
226.969
226.955
226.943
226.936
226.929
226.929
226.923
226.926
226.897
197.79
214.471
216.75
217.381
217.984
218.662
219.394
220.036
220.524
220.896
221.204
221.477
221.713
221.915
222.119
222.347
222.587
222.827
223.064
223.3
223.535
223.765
223.987
224.202
224.409
224.61
224.804
224.988
225.162
225.327
225.485
225.635
225.771
225.896
226.016
226.132
226.244
226.352
226.453
226.548
226.637
226.72
226.8
226.878
226.954
227.03
227.104
227.177
227.248
227.317
227.383
227.446
227.504
227.559
227.61
227.657
227.701
227.741
227.777
227.808
227.836
227.859
227.879
227.895
227.907
227.915
227.92
227.922
227.921
227.917
227.911
227.903
227.892
227.88
227.866
227.85
227.833
227.815
227.796
227.775
227.754
227.733
227.711
227.688
227.666
227.643
227.62
227.597
227.574
227.551
227.528
227.506
227.483
227.462
227.44
227.419
227.398
227.378
227.358
227.339
227.32
227.302
227.284
227.266
227.249
227.232
227.216
227.201
227.186
227.172
227.157
227.143
227.129
227.117
227.106
227.101
227.095
227.097
227.092
227.094
227.067
197.654
214.409
216.717
217.361
217.973
218.656
219.39
220.032
220.52
220.891
221.199
221.471
221.706
221.907
222.111
222.339
222.579
222.819
223.056
223.292
223.527
223.757
223.979
224.194
224.402
224.603
224.797
224.982
225.156
225.322
225.48
225.63
225.767
225.892
226.012
226.129
226.241
226.348
226.45
226.545
226.633
226.717
226.797
226.875
226.952
227.027
227.102
227.175
227.246
227.316
227.382
227.444
227.504
227.559
227.611
227.659
227.704
227.745
227.783
227.816
227.845
227.87
227.892
227.91
227.924
227.935
227.943
227.948
227.95
227.95
227.947
227.942
227.936
227.927
227.917
227.905
227.892
227.878
227.863
227.847
227.83
227.812
227.794
227.775
227.757
227.737
227.718
227.699
227.679
227.66
227.64
227.621
227.602
227.583
227.564
227.546
227.528
227.511
227.493
227.477
227.46
227.444
227.428
227.413
227.398
227.383
227.369
227.356
227.342
227.329
227.317
227.304
227.292
227.281
227.272
227.269
227.264
227.266
227.262
227.264
227.239
197.521
214.347
216.684
217.342
217.962
218.65
219.386
220.028
220.515
220.886
221.193
221.464
221.699
221.899
222.103
222.331
222.571
222.81
223.048
223.284
223.519
223.749
223.972
224.186
224.394
224.596
224.79
224.975
225.15
225.316
225.475
225.625
225.762
225.888
226.008
226.125
226.238
226.345
226.446
226.541
226.63
226.713
226.793
226.872
226.949
227.025
227.1
227.173
227.245
227.314
227.38
227.443
227.503
227.559
227.612
227.662
227.708
227.75
227.789
227.824
227.855
227.882
227.905
227.926
227.942
227.956
227.967
227.975
227.981
227.984
227.985
227.984
227.981
227.976
227.969
227.962
227.953
227.942
227.931
227.919
227.906
227.893
227.878
227.864
227.849
227.833
227.818
227.802
227.786
227.77
227.754
227.738
227.722
227.707
227.691
227.676
227.66
227.646
227.631
227.617
227.603
227.589
227.575
227.562
227.549
227.537
227.525
227.513
227.501
227.49
227.479
227.467
227.457
227.448
227.441
227.44
227.437
227.439
227.435
227.437
227.414
197.391
214.285
216.652
217.324
217.952
218.644
219.382
220.024
220.511
220.881
221.188
221.458
221.692
221.892
222.096
222.324
222.563
222.802
223.04
223.276
223.511
223.741
223.964
224.179
224.387
224.589
224.783
224.969
225.144
225.311
225.47
225.62
225.758
225.884
226.005
226.122
226.235
226.342
226.443
226.538
226.626
226.709
226.79
226.869
226.947
227.023
227.097
227.171
227.243
227.312
227.379
227.442
227.503
227.56
227.613
227.664
227.711
227.755
227.795
227.832
227.864
227.893
227.919
227.942
227.961
227.978
227.992
228.003
228.012
228.018
228.023
228.026
228.026
228.026
228.023
228.02
228.015
228.009
228.002
227.994
227.985
227.975
227.965
227.954
227.943
227.932
227.92
227.908
227.895
227.883
227.87
227.858
227.845
227.832
227.82
227.807
227.795
227.783
227.771
227.759
227.748
227.736
227.725
227.714
227.703
227.693
227.682
227.673
227.663
227.653
227.643
227.633
227.624
227.618
227.613
227.614
227.612
227.614
227.61
227.611
227.591
197.264
214.223
216.62
217.305
217.941
218.638
219.378
220.02
220.506
220.877
221.183
221.452
221.685
221.884
222.088
222.316
222.555
222.795
223.032
223.268
223.503
223.733
223.956
224.171
224.38
224.582
224.777
224.962
225.138
225.305
225.465
225.616
225.753
225.88
226.001
226.119
226.232
226.339
226.439
226.534
226.622
226.706
226.787
226.866
226.944
227.02
227.095
227.169
227.241
227.31
227.377
227.441
227.502
227.56
227.615
227.667
227.715
227.76
227.802
227.84
227.874
227.906
227.934
227.959
227.981
228
228.017
228.032
228.044
228.054
228.063
228.069
228.074
228.077
228.079
228.079
228.078
228.076
228.073
228.069
228.064
228.059
228.053
228.046
228.039
228.031
228.023
228.015
228.006
227.997
227.988
227.979
227.969
227.96
227.951
227.941
227.932
227.922
227.913
227.904
227.895
227.886
227.877
227.868
227.859
227.851
227.843
227.835
227.827
227.818
227.81
227.802
227.794
227.791
227.787
227.789
227.788
227.791
227.787
227.789
227.771
197.14
214.161
216.588
217.288
217.932
218.633
219.374
220.016
220.502
220.872
221.178
221.446
221.678
221.877
222.081
222.309
222.548
222.787
223.024
223.26
223.495
223.725
223.948
224.164
224.372
224.575
224.77
224.956
225.132
225.299
225.46
225.611
225.749
225.876
225.997
226.115
226.228
226.335
226.436
226.53
226.618
226.702
226.783
226.863
226.941
227.018
227.093
227.167
227.239
227.309
227.376
227.44
227.502
227.56
227.616
227.669
227.719
227.766
227.809
227.848
227.885
227.918
227.948
227.976
228.001
228.023
228.043
228.061
228.077
228.09
228.103
228.113
228.122
228.129
228.135
228.139
228.143
228.145
228.146
228.147
228.146
228.145
228.143
228.14
228.137
228.133
228.129
228.124
228.119
228.114
228.108
228.102
228.096
228.09
228.084
228.077
228.071
228.064
228.057
228.051
228.044
228.038
228.031
228.024
228.018
228.011
228.005
227.999
227.993
227.986
227.979
227.972
227.967
227.967
227.965
227.967
227.967
227.97
227.966
227.968
227.953
197.019
214.1
216.557
217.271
217.922
218.628
219.371
220.012
220.497
220.867
221.173
221.441
221.671
221.87
222.074
222.302
222.541
222.779
223.016
223.253
223.488
223.718
223.941
224.156
224.365
224.568
224.763
224.95
225.126
225.294
225.454
225.606
225.744
225.872
225.993
226.111
226.225
226.331
226.432
226.526
226.614
226.698
226.78
226.86
226.939
227.015
227.091
227.164
227.237
227.307
227.374
227.439
227.501
227.561
227.618
227.672
227.723
227.771
227.816
227.857
227.895
227.931
227.963
227.993
228.021
228.046
228.07
228.091
228.11
228.128
228.144
228.158
228.171
228.182
228.192
228.201
228.208
228.215
228.22
228.225
228.228
228.231
228.233
228.235
228.236
228.236
228.235
228.235
228.233
228.232
228.23
228.227
228.224
228.221
228.218
228.215
228.211
228.208
228.204
228.2
228.196
228.191
228.187
228.183
228.178
228.174
228.17
228.166
228.161
228.156
228.15
228.146
228.143
228.145
228.144
228.146
228.147
228.15
228.148
228.15
228.137
196.901
214.038
216.526
217.254
217.912
218.622
219.367
220.009
220.493
220.863
221.168
221.435
221.664
221.862
222.067
222.295
222.533
222.772
223.009
223.245
223.48
223.71
223.933
224.149
224.358
224.561
224.757
224.943
225.12
225.288
225.449
225.601
225.74
225.868
225.99
226.108
226.221
226.328
226.428
226.522
226.61
226.694
226.777
226.857
226.936
227.013
227.088
227.162
227.234
227.305
227.373
227.438
227.501
227.562
227.62
227.675
227.728
227.777
227.823
227.866
227.906
227.943
227.979
228.011
228.042
228.07
228.097
228.122
228.144
228.166
228.185
228.204
228.22
228.236
228.25
228.263
228.275
228.286
228.296
228.305
228.313
228.32
228.326
228.332
228.337
228.341
228.344
228.347
228.35
228.352
228.353
228.354
228.355
228.355
228.355
228.355
228.354
228.353
228.352
228.351
228.349
228.347
228.346
228.343
228.341
228.339
228.337
228.334
228.331
228.328
228.325
228.323
228.322
228.325
228.324
228.328
228.33
228.333
228.332
228.335
228.325
196.785
213.976
216.495
217.238
217.903
218.617
219.364
220.005
220.489
220.858
221.163
221.429
221.658
221.855
222.06
222.288
222.526
222.764
223.001
223.237
223.473
223.703
223.926
224.141
224.351
224.554
224.75
224.937
225.114
225.282
225.444
225.596
225.735
225.863
225.986
226.104
226.217
226.324
226.424
226.517
226.606
226.691
226.773
226.854
226.933
227.01
227.086
227.16
227.232
227.303
227.371
227.437
227.501
227.563
227.622
227.678
227.732
227.783
227.83
227.875
227.917
227.957
227.994
228.03
228.063
228.095
228.125
228.153
228.18
228.205
228.228
228.251
228.271
228.291
228.309
228.326
228.342
228.358
228.372
228.385
228.397
228.408
228.419
228.429
228.438
228.446
228.454
228.461
228.467
228.473
228.478
228.483
228.487
228.49
228.493
228.496
228.499
228.501
228.502
228.504
228.505
228.505
228.506
228.506
228.506
228.506
228.506
228.505
228.504
228.502
228.502
228.503
228.504
228.506
228.506
228.511
228.513
228.517
228.519
228.523
228.514
196.671
213.915
216.465
217.222
217.894
218.612
219.36
220.001
220.485
220.853
221.158
221.423
221.651
221.848
222.053
222.281
222.519
222.757
222.994
223.23
223.465
223.695
223.918
224.134
224.344
224.547
224.743
224.93
225.107
225.277
225.439
225.591
225.73
225.859
225.982
226.1
226.214
226.32
226.419
226.513
226.602
226.687
226.77
226.851
226.931
227.008
227.083
227.157
227.23
227.301
227.369
227.436
227.501
227.564
227.624
227.682
227.736
227.788
227.837
227.884
227.928
227.97
228.01
228.048
228.085
228.119
228.153
228.184
228.215
228.244
228.271
228.297
228.322
228.346
228.369
228.39
228.411
228.431
228.449
228.467
228.484
228.499
228.514
228.528
228.542
228.554
228.566
228.576
228.587
228.596
228.605
228.613
228.62
228.627
228.634
228.64
228.645
228.65
228.654
228.658
228.662
228.665
228.668
228.671
228.673
228.675
228.677
228.678
228.679
228.679
228.681
228.684
228.687
228.692
228.692
228.696
228.699
228.704
228.708
228.713
228.708
196.558
213.853
216.435
217.206
217.886
218.607
219.357
219.997
220.481
220.849
221.153
221.418
221.645
221.842
222.046
222.274
222.512
222.749
222.986
223.222
223.458
223.688
223.911
224.127
224.336
224.54
224.737
224.924
225.101
225.271
225.433
225.586
225.726
225.854
225.977
226.096
226.21
226.316
226.415
226.509
226.598
226.683
226.766
226.848
226.928
227.005
227.08
227.154
227.227
227.298
227.368
227.435
227.501
227.565
227.626
227.685
227.741
227.794
227.845
227.893
227.939
227.983
228.026
228.067
228.107
228.145
228.181
228.217
228.251
228.283
228.315
228.345
228.374
228.402
228.429
228.455
228.48
228.504
228.527
228.549
228.57
228.59
228.609
228.628
228.645
228.662
228.677
228.692
228.706
228.72
228.732
228.744
228.755
228.765
228.775
228.784
228.793
228.801
228.808
228.815
228.821
228.827
228.833
228.838
228.842
228.846
228.85
228.853
228.856
228.858
228.862
228.866
228.871
228.877
228.879
228.885
228.888
228.893
228.899
228.904
228.902
196.451
213.791
216.406
217.191
217.877
218.602
219.353
219.994
220.477
220.845
221.148
221.412
221.638
221.835
222.04
222.267
222.505
222.742
222.979
223.215
223.45
223.68
223.904
224.119
224.329
224.533
224.73
224.918
225.095
225.265
225.428
225.581
225.721
225.85
225.973
226.092
226.206
226.312
226.411
226.504
226.593
226.679
226.763
226.845
226.925
227.002
227.077
227.152
227.225
227.296
227.366
227.434
227.501
227.566
227.628
227.688
227.745
227.8
227.852
227.902
227.95
227.997
228.042
228.086
228.129
228.17
228.21
228.249
228.287
228.323
228.358
228.393
228.426
228.458
228.49
228.52
228.55
228.578
228.606
228.633
228.658
228.683
228.707
228.729
228.751
228.772
228.792
228.811
228.829
228.846
228.862
228.877
228.892
228.906
228.919
228.931
228.942
228.953
228.964
228.973
228.982
228.991
228.998
229.006
229.013
229.019
229.024
229.029
229.034
229.039
229.044
229.051
229.056
229.064
229.068
229.076
229.081
229.087
229.092
229.097
229.1
196.348
213.729
216.377
217.177
217.869
218.598
219.35
219.99
220.473
220.84
221.143
221.407
221.632
221.828
222.033
222.261
222.498
222.735
222.971
223.208
223.443
223.673
223.896
224.112
224.322
224.526
224.724
224.911
225.089
225.259
225.422
225.576
225.716
225.845
225.969
226.088
226.202
226.307
226.406
226.5
226.589
226.675
226.759
226.842
226.921
226.999
227.074
227.149
227.222
227.294
227.364
227.434
227.501
227.567
227.63
227.691
227.749
227.805
227.859
227.911
227.962
228.011
228.059
228.106
228.151
228.196
228.239
228.282
228.323
228.364
228.403
228.441
228.479
228.516
228.551
228.586
228.62
228.653
228.685
228.716
228.746
228.775
228.803
228.83
228.856
228.881
228.905
228.928
228.95
228.972
228.992
229.011
229.029
229.046
229.063
229.078
229.093
229.107
229.12
229.133
229.145
229.156
229.166
229.176
229.185
229.194
229.201
229.209
229.215
229.222
229.229
229.237
229.244
229.253
229.26
229.268
229.275
229.282
229.288
229.293
229.299
196.242
213.667
216.349
217.163
217.861
218.593
219.347
219.987
220.469
220.836
221.139
221.402
221.626
221.822
222.026
222.254
222.491
222.728
222.964
223.2
223.436
223.665
223.889
224.105
224.315
224.52
224.717
224.905
225.083
225.253
225.417
225.57
225.711
225.841
225.965
226.084
226.198
226.303
226.402
226.495
226.584
226.671
226.756
226.838
226.918
226.995
227.071
227.146
227.219
227.292
227.363
227.433
227.501
227.568
227.632
227.694
227.753
227.811
227.866
227.92
227.973
228.025
228.075
228.125
228.174
228.221
228.268
228.314
228.359
228.404
228.447
228.49
228.531
228.572
228.613
228.652
228.691
228.728
228.765
228.801
228.836
228.869
228.902
228.933
228.964
228.993
229.021
229.048
229.075
229.1
229.123
229.146
229.168
229.189
229.209
229.228
229.245
229.263
229.279
229.294
229.309
229.322
229.335
229.347
229.359
229.369
229.379
229.389
229.397
229.406
229.415
229.425
229.434
229.444
229.452
229.462
229.47
229.479
229.486
229.494
229.501
196.133
213.605
216.321
217.149
217.853
218.589
219.343
219.983
220.465
220.832
221.134
221.396
221.62
221.815
222.02
222.248
222.484
222.721
222.957
223.193
223.428
223.658
223.882
224.098
224.308
224.513
224.71
224.898
225.077
225.248
225.411
225.565
225.706
225.836
225.96
226.08
226.193
226.299
226.397
226.49
226.58
226.667
226.752
226.835
226.915
226.992
227.068
227.143
227.217
227.289
227.361
227.432
227.501
227.568
227.634
227.697
227.757
227.816
227.874
227.929
227.984
228.039
228.092
228.145
228.196
228.247
228.298
228.347
228.396
228.444
228.492
228.539
228.585
228.63
228.675
228.719
228.762
228.804
228.845
228.885
228.924
228.962
228.999
229.035
229.07
229.104
229.136
229.168
229.198
229.227
229.255
229.281
229.307
229.331
229.355
229.377
229.398
229.419
229.438
229.456
229.474
229.49
229.506
229.521
229.535
229.548
229.56
229.571
229.582
229.593
229.604
229.616
229.626
229.638
229.648
229.659
229.669
229.678
229.687
229.696
229.704
196.036
213.542
216.293
217.136
217.846
218.584
219.34
219.98
220.461
220.828
221.129
221.391
221.614
221.809
222.014
222.241
222.478
222.714
222.95
223.186
223.421
223.651
223.874
224.09
224.301
224.506
224.704
224.892
225.071
225.242
225.406
225.56
225.701
225.831
225.956
226.076
226.189
226.294
226.392
226.486
226.575
226.662
226.748
226.831
226.911
226.989
227.065
227.14
227.214
227.287
227.36
227.431
227.501
227.569
227.635
227.699
227.761
227.822
227.881
227.939
227.996
228.053
228.109
228.164
228.219
228.273
228.327
228.38
228.433
228.485
228.536
228.587
228.638
228.687
228.737
228.785
228.833
228.88
228.926
228.971
229.015
229.057
229.099
229.139
229.179
229.217
229.254
229.289
229.323
229.356
229.388
229.419
229.448
229.476
229.503
229.528
229.553
229.576
229.599
229.62
229.64
229.659
229.677
229.695
229.711
229.726
229.741
229.754
229.767
229.78
229.793
229.806
229.818
229.832
229.843
229.856
229.867
229.878
229.889
229.899
229.909
195.944
213.48
216.266
217.123
217.838
218.58
219.337
219.977
220.457
220.824
221.125
221.386
221.608
221.802
222.007
222.235
222.471
222.707
222.943
223.179
223.414
223.644
223.867
224.083
224.294
224.499
224.697
224.885
225.064
225.236
225.4
225.555
225.696
225.827
225.951
226.072
226.185
226.289
226.387
226.481
226.57
226.658
226.744
226.827
226.907
226.985
227.061
227.136
227.211
227.285
227.358
227.43
227.501
227.57
227.637
227.702
227.765
227.827
227.888
227.948
228.007
228.067
228.126
228.184
228.242
228.299
228.356
228.413
228.469
228.525
228.581
228.636
228.691
228.745
228.799
228.852
228.904
228.955
229.006
229.055
229.103
229.151
229.197
229.242
229.286
229.328
229.369
229.409
229.447
229.484
229.52
229.555
229.588
229.619
229.65
229.679
229.707
229.734
229.759
229.784
229.807
229.829
229.85
229.87
229.889
229.907
229.924
229.94
229.955
229.97
229.985
230.001
230.015
230.03
230.043
230.057
230.07
230.083
230.095
230.106
230.118
195.845
213.417
216.239
217.11
217.831
218.576
219.334
219.973
220.454
220.819
221.12
221.381
221.602
221.796
222.001
222.229
222.464
222.7
222.936
223.172
223.407
223.636
223.86
224.076
224.287
224.492
224.69
224.879
225.058
225.23
225.394
225.549
225.691
225.822
225.947
226.067
226.18
226.285
226.382
226.476
226.566
226.653
226.739
226.823
226.904
226.981
227.058
227.133
227.208
227.282
227.356
227.429
227.501
227.57
227.638
227.704
227.769
227.832
227.895
227.957
228.019
228.081
228.142
228.203
228.264
228.325
228.385
228.446
228.506
228.565
228.625
228.685
228.744
228.802
228.86
228.918
228.975
229.031
229.086
229.14
229.194
229.246
229.296
229.346
229.394
229.441
229.486
229.53
229.573
229.614
229.654
229.692
229.729
229.765
229.799
229.832
229.863
229.893
229.922
229.949
229.975
230
230.024
230.046
230.068
230.088
230.107
230.125
230.143
230.16
230.177
230.194
230.21
230.226
230.241
230.257
230.271
230.285
230.299
230.312
230.325
195.746
213.354
216.213
217.098
217.824
218.571
219.331
219.97
220.45
220.815
221.116
221.376
221.596
221.79
221.995
222.222
222.458
222.693
222.929
223.165
223.399
223.629
223.852
224.069
224.28
224.485
224.683
224.872
225.052
225.224
225.389
225.544
225.685
225.817
225.942
226.063
226.175
226.28
226.377
226.47
226.561
226.649
226.735
226.819
226.9
226.978
227.054
227.13
227.205
227.28
227.355
227.428
227.5
227.571
227.639
227.706
227.772
227.837
227.902
227.966
228.03
228.094
228.159
228.223
228.286
228.35
228.414
228.478
228.542
228.606
228.67
228.733
228.797
228.86
228.922
228.984
229.045
229.106
229.165
229.224
229.282
229.338
229.394
229.448
229.5
229.552
229.602
229.65
229.697
229.742
229.786
229.828
229.869
229.909
229.946
229.983
230.017
230.051
230.083
230.114
230.143
230.171
230.198
230.223
230.247
230.27
230.292
230.313
230.332
230.352
230.371
230.391
230.409
230.427
230.444
230.462
230.478
230.494
230.509
230.523
230.54
195.657
213.291
216.187
217.086
217.817
218.567
219.328
219.967
220.446
220.811
221.111
221.371
221.59
221.784
221.989
222.216
222.451
222.686
222.922
223.158
223.392
223.622
223.845
224.062
224.273
224.478
224.677
224.866
225.045
225.218
225.383
225.538
225.68
225.812
225.938
226.058
226.171
226.275
226.372
226.465
226.555
226.644
226.731
226.815
226.896
226.974
227.051
227.127
227.202
227.278
227.353
227.427
227.5
227.571
227.64
227.708
227.775
227.842
227.908
227.975
228.041
228.108
228.175
228.241
228.308
228.375
228.443
228.51
228.578
228.645
228.713
228.781
228.848
228.916
228.983
229.049
229.115
229.181
229.245
229.309
229.371
229.432
229.492
229.551
229.608
229.664
229.718
229.771
229.822
229.872
229.92
229.966
230.011
230.054
230.095
230.135
230.173
230.21
230.245
230.279
230.312
230.343
230.372
230.4
230.427
230.452
230.476
230.5
230.522
230.544
230.565
230.586
230.606
230.626
230.645
230.663
230.682
230.699
230.715
230.731
230.749
195.561
213.228
216.161
217.074
217.81
218.563
219.325
219.964
220.443
220.807
221.107
221.366
221.585
221.778
221.983
222.21
222.445
222.679
222.915
223.151
223.385
223.615
223.838
224.055
224.266
224.471
224.67
224.859
225.039
225.211
225.377
225.532
225.675
225.807
225.933
226.053
226.166
226.269
226.366
226.46
226.55
226.639
226.726
226.811
226.892
226.97
227.047
227.123
227.199
227.275
227.351
227.426
227.499
227.571
227.641
227.71
227.779
227.847
227.915
227.984
228.052
228.121
228.191
228.26
228.33
228.4
228.471
228.542
228.613
228.685
228.757
228.829
228.9
228.972
229.043
229.114
229.185
229.254
229.323
229.391
229.458
229.523
229.588
229.651
229.713
229.773
229.832
229.889
229.944
229.998
230.05
230.101
230.149
230.196
230.241
230.285
230.327
230.367
230.406
230.443
230.479
230.513
230.546
230.577
230.607
230.635
230.661
230.687
230.712
230.736
230.76
230.783
230.805
230.828
230.849
230.87
230.89
230.909
230.927
230.946
230.966
195.466
213.164
216.136
217.063
217.804
218.559
219.322
219.96
220.439
220.803
221.103
221.361
221.579
221.772
221.977
222.204
222.438
222.673
222.908
223.144
223.378
223.607
223.831
224.047
224.259
224.464
224.663
224.852
225.032
225.205
225.371
225.527
225.669
225.801
225.928
226.048
226.161
226.264
226.361
226.454
226.545
226.634
226.722
226.806
226.887
226.966
227.043
227.12
227.196
227.273
227.349
227.424
227.498
227.57
227.641
227.712
227.781
227.851
227.921
227.992
228.063
228.134
228.206
228.278
228.351
228.424
228.498
228.573
228.648
228.723
228.799
228.874
228.95
229.026
229.102
229.178
229.253
229.327
229.401
229.473
229.545
229.616
229.685
229.752
229.819
229.883
229.946
230.008
230.068
230.125
230.182
230.236
230.289
230.34
230.389
230.436
230.482
230.525
230.567
230.608
230.647
230.684
230.719
230.753
230.786
230.817
230.846
230.874
230.901
230.928
230.954
230.98
231.004
231.028
231.051
231.073
231.095
231.116
231.135
231.155
231.177
195.384
213.101
216.112
217.052
217.797
218.555
219.319
219.957
220.435
220.799
221.098
221.356
221.573
221.766
221.971
222.198
222.432
222.666
222.901
223.137
223.371
223.6
223.824
224.04
224.252
224.458
224.656
224.846
225.026
225.199
225.365
225.521
225.663
225.796
225.923
226.043
226.155
226.258
226.355
226.448
226.54
226.629
226.717
226.802
226.883
226.962
227.039
227.116
227.193
227.27
227.346
227.422
227.496
227.57
227.641
227.713
227.784
227.856
227.928
228
228.073
228.147
228.221
228.296
228.371
228.448
228.525
228.603
228.681
228.761
228.841
228.921
229.001
229.081
229.161
229.241
229.32
229.399
229.476
229.553
229.629
229.704
229.778
229.85
229.921
229.99
230.057
230.123
230.187
230.249
230.309
230.368
230.425
230.479
230.532
230.583
230.632
230.68
230.726
230.77
230.812
230.852
230.891
230.928
230.963
230.997
231.029
231.061
231.09
231.12
231.148
231.176
231.202
231.228
231.254
231.278
231.302
231.325
231.346
231.368
231.394
195.297
213.036
216.088
217.041
217.791
218.552
219.316
219.954
220.432
220.796
221.094
221.351
221.568
221.76
221.966
222.192
222.426
222.66
222.894
223.13
223.364
223.593
223.816
224.033
224.245
224.451
224.65
224.839
225.019
225.193
225.359
225.515
225.658
225.791
225.918
226.038
226.15
226.253
226.349
226.442
226.534
226.624
226.712
226.797
226.879
226.958
227.035
227.112
227.19
227.267
227.344
227.42
227.495
227.568
227.641
227.714
227.786
227.86
227.933
228.008
228.083
228.159
228.235
228.313
228.391
228.47
228.551
228.632
228.714
228.797
228.881
228.964
229.049
229.133
229.217
229.301
229.385
229.468
229.551
229.633
229.713
229.793
229.871
229.948
230.023
230.096
230.168
230.238
230.306
230.373
230.437
230.5
230.56
230.619
230.676
230.731
230.784
230.835
230.884
230.931
230.976
231.02
231.062
231.102
231.14
231.177
231.211
231.245
231.277
231.309
231.34
231.37
231.399
231.427
231.455
231.482
231.507
231.532
231.555
231.579
231.606
195.206
212.972
216.064
217.031
217.785
218.548
219.314
219.951
220.428
220.792
221.09
221.346
221.562
221.754
221.96
222.186
222.42
222.653
222.888
223.123
223.357
223.586
223.809
224.026
224.238
224.444
224.643
224.832
225.013
225.186
225.353
225.509
225.652
225.785
225.912
226.033
226.144
226.247
226.343
226.436
226.528
226.619
226.707
226.793
226.874
226.953
227.031
227.108
227.186
227.264
227.341
227.417
227.493
227.567
227.641
227.714
227.789
227.863
227.939
228.015
228.092
228.17
228.249
228.329
228.41
228.493
228.576
228.661
228.746
228.833
228.92
229.008
229.096
229.185
229.273
229.361
229.449
229.537
229.623
229.709
229.794
229.877
229.96
230.041
230.12
230.198
230.274
230.349
230.421
230.492
230.56
230.627
230.691
230.754
230.815
230.873
230.93
230.984
231.037
231.088
231.137
231.184
231.229
231.272
231.313
231.353
231.391
231.428
231.463
231.498
231.531
231.563
231.594
231.625
231.655
231.684
231.711
231.737
231.762
231.788
231.818
195.124
212.907
216.041
217.021
217.779
218.544
219.311
219.948
220.425
220.788
221.086
221.341
221.557
221.749
221.954
222.18
222.413
222.646
222.881
223.116
223.35
223.579
223.802
224.019
224.23
224.437
224.636
224.825
225.006
225.18
225.346
225.503
225.646
225.78
225.907
226.028
226.139
226.241
226.337
226.43
226.523
226.614
226.702
226.788
226.87
226.949
227.026
227.104
227.182
227.26
227.338
227.415
227.49
227.565
227.64
227.715
227.79
227.867
227.944
228.022
228.101
228.181
228.262
228.344
228.428
228.513
228.6
228.688
228.777
228.867
228.957
229.049
229.141
229.233
229.326
229.418
229.511
229.602
229.693
229.784
229.873
229.961
230.048
230.134
230.217
230.299
230.38
230.458
230.535
230.609
230.682
230.753
230.821
230.888
230.952
231.015
231.075
231.133
231.19
231.244
231.296
231.346
231.394
231.441
231.485
231.527
231.568
231.607
231.645
231.682
231.717
231.752
231.786
231.819
231.851
231.882
231.912
231.941
231.968
231.996
232.03
195.036
212.842
216.018
217.011
217.773
218.54
219.308
219.945
220.421
220.784
221.081
221.336
221.551
221.743
221.948
222.174
222.407
222.64
222.874
223.109
223.343
223.571
223.795
224.011
224.223
224.429
224.629
224.818
224.999
225.173
225.34
225.497
225.64
225.774
225.902
226.022
226.133
226.234
226.33
226.424
226.517
226.608
226.697
226.783
226.865
226.944
227.022
227.1
227.178
227.257
227.334
227.411
227.488
227.563
227.639
227.715
227.792
227.869
227.948
228.028
228.109
228.191
228.274
228.359
228.446
228.533
228.623
228.714
228.806
228.899
228.994
229.089
229.185
229.281
229.378
229.474
229.57
229.666
229.761
229.855
229.948
230.04
230.131
230.221
230.309
230.395
230.48
230.562
230.643
230.722
230.798
230.873
230.945
231.016
231.084
231.15
231.214
231.276
231.336
231.393
231.449
231.503
231.554
231.604
231.651
231.697
231.74
231.783
231.824
231.863
231.902
231.939
231.976
232.011
232.046
232.079
232.11
232.14
232.169
232.199
232.234
194.945
212.777
215.996
217.001
217.767
218.537
219.305
219.942
220.418
220.78
221.077
221.331
221.546
221.737
221.943
222.168
222.401
222.633
222.867
223.102
223.336
223.564
223.787
224.004
224.216
224.422
224.622
224.811
224.992
225.166
225.334
225.49
225.634
225.768
225.896
226.016
226.127
226.228
226.324
226.418
226.511
226.603
226.692
226.778
226.859
226.939
227.017
227.095
227.174
227.252
227.331
227.408
227.484
227.561
227.637
227.714
227.792
227.872
227.952
228.033
228.116
228.2
228.285
228.372
228.461
228.552
228.644
228.738
228.834
228.93
229.028
229.127
229.226
229.326
229.426
229.526
229.626
229.726
229.825
229.924
230.021
230.118
230.213
230.307
230.399
230.489
230.578
230.664
230.749
230.832
230.912
230.991
231.067
231.142
231.214
231.283
231.351
231.417
231.48
231.541
231.6
231.657
231.711
231.764
231.814
231.863
231.909
231.954
231.997
232.039
232.08
232.119
232.158
232.195
232.232
232.267
232.301
232.333
232.365
232.397
232.436
194.865
212.711
215.974
216.992
217.761
218.533
219.302
219.939
220.414
220.776
221.073
221.327
221.54
221.732
221.937
222.163
222.395
222.627
222.86
223.095
223.328
223.557
223.78
223.997
224.209
224.415
224.614
224.804
224.985
225.16
225.327
225.484
225.628
225.762
225.89
226.01
226.12
226.221
226.318
226.412
226.505
226.597
226.687
226.772
226.854
226.933
227.012
227.09
227.169
227.248
227.326
227.404
227.481
227.558
227.635
227.713
227.793
227.873
227.955
228.038
228.122
228.208
228.295
228.385
228.476
228.569
228.664
228.761
228.859
228.959
229.061
229.163
229.266
229.369
229.473
229.577
229.68
229.784
229.886
229.988
230.09
230.19
230.289
230.386
230.482
230.576
230.669
230.76
230.848
230.935
231.02
231.102
231.182
231.26
231.335
231.409
231.48
231.549
231.616
231.68
231.742
231.803
231.86
231.916
231.969
232.021
232.07
232.118
232.164
232.21
232.253
232.296
232.337
232.378
232.417
232.454
232.491
232.525
232.558
232.592
232.633
194.778
212.645
215.952
216.983
217.755
218.53
219.3
219.936
220.411
220.773
221.069
221.322
221.535
221.726
221.931
222.157
222.388
222.62
222.854
223.088
223.321
223.55
223.772
223.989
224.201
224.408
224.607
224.797
224.978
225.153
225.32
225.477
225.622
225.756
225.884
226.004
226.114
226.215
226.311
226.406
226.499
226.591
226.681
226.766
226.848
226.928
227.007
227.085
227.164
227.243
227.322
227.399
227.477
227.554
227.633
227.712
227.793
227.874
227.957
228.041
228.127
228.215
228.304
228.396
228.489
228.585
228.683
228.782
228.884
228.986
229.09
229.195
229.301
229.408
229.515
229.623
229.73
229.837
229.944
230.05
230.155
230.259
230.362
230.464
230.563
230.662
230.758
230.852
230.945
231.035
231.123
231.209
231.293
231.375
231.454
231.531
231.606
231.678
231.748
231.816
231.881
231.945
232.005
232.064
232.12
232.174
232.227
232.277
232.326
232.373
232.419
232.463
232.507
232.548
232.589
232.628
232.666
232.702
232.737
232.773
232.817
194.693
212.578
215.931
216.974
217.75
218.526
219.297
219.933
220.407
220.769
221.065
221.317
221.53
221.72
221.926
222.151
222.382
222.614
222.847
223.081
223.314
223.542
223.765
223.982
224.194
224.4
224.6
224.79
224.971
225.146
225.314
225.471
225.615
225.75
225.878
225.998
226.107
226.208
226.304
226.399
226.493
226.585
226.675
226.761
226.842
226.922
227.001
227.08
227.159
227.238
227.317
227.395
227.472
227.551
227.63
227.71
227.792
227.874
227.958
228.044
228.131
228.22
228.312
228.406
228.501
228.599
228.699
228.801
228.905
229.011
229.118
229.226
229.336
229.445
229.556
229.666
229.777
229.887
229.997
230.106
230.215
230.322
230.429
230.533
230.637
230.739
230.839
230.937
231.033
231.127
231.219
231.308
231.396
231.481
231.563
231.644
231.721
231.797
231.87
231.941
232.009
232.076
232.139
232.201
232.26
232.317
232.372
232.426
232.477
232.527
232.576
232.623
232.669
232.714
232.758
232.8
232.84
232.878
232.916
232.954
233.002
194.615
212.511
215.911
216.966
217.744
218.522
219.294
219.93
220.404
220.765
221.06
221.312
221.524
221.715
221.92
222.145
222.376
222.607
222.84
223.074
223.307
223.535
223.758
223.974
224.187
224.393
224.592
224.782
224.964
225.139
225.307
225.464
225.609
225.744
225.871
225.991
226.1
226.201
226.297
226.392
226.487
226.579
226.669
226.754
226.836
226.916
226.995
227.074
227.153
227.233
227.311
227.389
227.468
227.547
227.627
227.708
227.79
227.874
227.959
228.046
228.134
228.225
228.318
228.414
228.512
228.612
228.714
228.819
228.925
229.033
229.143
229.253
229.365
229.478
229.591
229.705
229.819
229.932
230.046
230.159
230.271
230.382
230.492
230.601
230.708
230.813
230.916
231.018
231.117
231.214
231.31
231.403
231.493
231.582
231.667
231.751
231.832
231.911
231.987
232.061
232.132
232.202
232.268
232.333
232.394
232.454
232.511
232.567
232.621
232.673
232.724
232.773
232.821
232.867
232.912
232.955
232.997
233.036
233.075
233.114
233.162
194.529
212.443
215.891
216.957
217.739
218.519
219.291
219.927
220.401
220.761
221.056
221.308
221.519
221.709
221.914
222.139
222.37
222.6
222.833
223.067
223.3
223.527
223.75
223.967
224.179
224.386
224.585
224.775
224.956
225.131
225.3
225.457
225.602
225.737
225.865
225.984
226.094
226.194
226.29
226.386
226.48
226.573
226.662
226.748
226.83
226.91
226.989
227.068
227.147
227.227
227.305
227.384
227.462
227.542
227.623
227.705
227.788
227.872
227.958
228.046
228.136
228.229
228.323
228.42
228.52
228.622
228.727
228.833
228.942
229.053
229.165
229.278
229.393
229.508
229.624
229.741
229.857
229.974
230.09
230.206
230.321
230.435
230.548
230.659
230.77
230.878
230.985
231.089
231.192
231.292
231.391
231.487
231.58
231.672
231.761
231.847
231.931
232.013
232.092
232.169
232.243
232.315
232.384
232.451
232.515
232.577
232.637
232.695
232.751
232.806
232.859
232.911
232.961
233.01
233.057
233.103
233.146
233.188
233.229
233.271
233.324
194.448
212.375
215.871
216.949
217.733
218.515
219.289
219.924
220.397
220.757
221.052
221.303
221.514
221.704
221.909
222.133
222.363
222.594
222.826
223.06
223.292
223.52
223.742
223.959
224.171
224.378
224.577
224.767
224.949
225.124
225.292
225.45
225.595
225.73
225.858
225.977
226.086
226.187
226.283
226.379
226.473
226.566
226.655
226.741
226.823
226.903
226.982
227.062
227.141
227.22
227.299
227.377
227.457
227.537
227.618
227.701
227.785
227.87
227.957
228.046
228.137
228.231
228.327
228.426
228.527
228.631
228.737
228.846
228.957
229.069
229.183
229.299
229.416
229.533
229.652
229.771
229.891
230.01
230.129
230.248
230.366
230.483
230.599
230.714
230.827
230.938
231.048
231.155
231.261
231.364
231.466
231.565
231.661
231.756
231.847
231.937
232.023
232.108
232.189
232.269
232.345
232.42
232.491
232.561
232.627
232.692
232.754
232.814
232.872
232.929
232.984
233.037
233.089
233.139
233.188
233.234
233.279
233.322
233.364
233.407
233.46
194.365
212.306
215.852
216.941
217.728
218.512
219.286
219.921
220.394
220.754
221.048
221.298
221.508
221.698
221.903
222.128
222.357
222.587
222.82
223.053
223.285
223.512
223.735
223.951
224.164
224.37
224.57
224.76
224.941
225.117
225.285
225.443
225.588
225.723
225.851
225.97
226.079
226.18
226.276
226.372
226.466
226.559
226.648
226.734
226.816
226.896
226.976
227.055
227.134
227.213
227.292
227.371
227.451
227.531
227.613
227.696
227.781
227.867
227.954
228.044
228.137
228.231
228.329
228.429
228.532
228.638
228.746
228.856
228.968
229.083
229.199
229.317
229.436
229.556
229.677
229.798
229.92
230.041
230.163
230.284
230.405
230.524
230.642
230.759
230.875
230.989
231.101
231.212
231.32
231.426
231.53
231.631
231.73
231.827
231.921
232.013
232.102
232.189
232.273
232.355
232.433
232.51
232.584
232.655
232.724
232.79
232.854
232.917
232.977
233.035
233.092
233.147
233.201
233.253
233.304
233.353
233.399
233.444
233.488
233.533
233.589
194.278
212.237
215.833
216.933
217.722
218.509
219.283
219.918
220.39
220.75
221.044
221.293
221.503
221.693
221.898
222.122
222.351
222.581
222.813
223.046
223.277
223.505
223.727
223.944
224.156
224.362
224.562
224.752
224.934
225.109
225.278
225.436
225.581
225.716
225.844
225.963
226.072
226.172
226.269
226.364
226.459
226.552
226.641
226.726
226.808
226.889
226.968
227.048
227.127
227.206
227.285
227.364
227.444
227.525
227.607
227.691
227.776
227.862
227.951
228.041
228.135
228.231
228.329
228.431
228.535
228.642
228.751
228.863
228.977
229.093
229.211
229.33
229.451
229.573
229.696
229.819
229.943
230.067
230.191
230.314
230.437
230.559
230.68
230.799
230.917
231.034
231.148
231.261
231.371
231.48
231.586
231.69
231.791
231.89
231.986
232.081
232.172
232.261
232.347
232.431
232.512
232.59
232.666
232.739
232.81
232.878
232.944
233.007
233.069
233.129
233.188
233.244
233.3
233.353
233.404
233.454
233.501
233.547
233.591
233.637
233.695
194.194
212.167
215.814
216.925
217.717
218.505
219.28
219.915
220.387
220.746
221.04
221.289
221.498
221.687
221.892
222.116
222.345
222.574
222.806
223.038
223.27
223.497
223.719
223.936
224.148
224.355
224.554
224.744
224.926
225.101
225.27
225.428
225.573
225.709
225.836
225.955
226.064
226.164
226.261
226.357
226.451
226.544
226.633
226.718
226.801
226.881
226.961
227.04
227.119
227.198
227.277
227.356
227.437
227.518
227.601
227.685
227.77
227.857
227.946
228.037
228.131
228.228
228.328
228.431
228.536
228.644
228.755
228.868
228.983
229.1
229.219
229.34
229.463
229.586
229.711
229.836
229.961
230.087
230.212
230.337
230.462
230.586
230.708
230.829
230.95
231.068
231.184
231.299
231.411
231.522
231.63
231.736
231.839
231.94
232.038
232.134
232.227
232.318
232.406
232.491
232.574
232.654
232.731
232.806
232.878
232.948
233.015
233.08
233.143
233.205
233.265
233.323
233.379
233.434
233.487
233.537
233.586
233.633
233.679
233.726
233.786
194.108
212.096
215.796
216.918
217.712
218.502
219.278
219.911
220.383
220.742
221.035
221.284
221.493
221.682
221.886
222.11
222.338
222.567
222.799
223.031
223.262
223.489
223.711
223.928
224.14
224.347
224.546
224.736
224.918
225.093
225.262
225.42
225.566
225.701
225.829
225.948
226.056
226.157
226.253
226.349
226.444
226.536
226.625
226.71
226.793
226.873
226.953
227.032
227.111
227.19
227.269
227.348
227.429
227.511
227.593
227.677
227.763
227.85
227.94
228.032
228.127
228.224
228.325
228.428
228.535
228.644
228.755
228.869
228.985
229.104
229.224
229.346
229.469
229.594
229.72
229.846
229.973
230.1
230.227
230.354
230.48
230.605
230.73
230.853
230.974
231.094
231.213
231.329
231.443
231.555
231.665
231.772
231.877
231.98
232.079
232.177
232.271
232.364
232.453
232.54
232.623
232.705
232.783
232.859
232.933
233.004
233.072
233.138
233.203
233.265
233.326
233.385
233.442
233.497
233.551
233.602
233.651
233.699
233.745
233.792
233.852
194.019
212.025
215.779
216.91
217.707
218.498
219.275
219.908
220.38
220.738
221.031
221.279
221.487
221.676
221.881
222.104
222.332
222.56
222.792
223.024
223.255
223.481
223.703
223.919
224.132
224.338
224.538
224.728
224.91
225.085
225.254
225.412
225.558
225.693
225.821
225.94
226.048
226.149
226.245
226.341
226.435
226.528
226.617
226.702
226.784
226.865
226.945
227.024
227.103
227.181
227.26
227.34
227.421
227.502
227.585
227.669
227.755
227.843
227.933
228.025
228.121
228.219
228.32
228.424
228.531
228.641
228.753
228.868
228.985
229.104
229.225
229.348
229.472
229.597
229.724
229.852
229.98
230.108
230.236
230.363
230.491
230.617
230.742
230.866
230.989
231.11
231.23
231.347
231.462
231.576
231.687
231.795
231.901
232.005
232.106
232.205
232.3
232.393
232.484
232.572
232.656
232.739
232.818
232.895
232.969
233.041
233.11
233.177
233.243
233.306
233.367
233.427
233.485
233.541
233.595
233.647
233.697
233.745
233.793
233.839
233.903
193.934
211.952
215.762
216.903
217.701
218.495
219.272
219.905
220.376
220.734
221.027
221.274
221.482
221.67
221.875
222.098
222.326
222.554
222.784
223.016
223.247
223.473
223.695
223.911
224.124
224.33
224.529
224.719
224.901
225.077
225.246
225.404
225.55
225.685
225.813
225.932
226.04
226.14
226.237
226.333
226.427
226.519
226.608
226.693
226.776
226.857
226.936
227.015
227.094
227.172
227.251
227.331
227.412
227.493
227.576
227.661
227.746
227.834
227.925
228.017
228.113
228.212
228.314
228.418
228.525
228.635
228.748
228.862
228.979
229.099
229.221
229.344
229.47
229.597
229.724
229.852
229.981
230.109
230.238
230.366
230.494
230.621
230.747
230.872
230.995
231.117
231.238
231.356
231.472
231.587
231.698
231.808
231.915
232.019
232.121
232.22
232.317
232.411
232.502
232.59
232.675
232.758
232.838
232.916
232.99
233.063
233.133
233.2
233.266
233.329
233.391
233.451
233.51
233.565
233.62
233.672
233.722
233.769
233.817
233.861
233.928
193.845
211.88
215.745
216.896
217.696
218.491
219.269
219.902
220.373
220.731
221.022
221.27
221.477
221.665
221.869
222.092
222.319
222.547
222.777
223.009
223.239
223.465
223.687
223.903
224.115
224.322
224.521
224.711
224.893
225.068
225.238
225.396
225.541
225.677
225.805
225.923
226.032
226.132
226.228
226.324
226.418
226.51
226.599
226.684
226.767
226.848
226.927
227.006
227.085
227.163
227.242
227.321
227.402
227.484
227.567
227.651
227.737
227.825
227.915
228.008
228.104
228.203
228.305
228.41
228.517
228.627
228.74
228.855
228.973
229.092
229.214
229.337
229.462
229.588
229.715
229.843
229.972
230.101
230.23
230.359
230.488
230.616
230.743
230.869
230.994
231.117
231.238
231.357
231.473
231.588
231.7
231.81
231.917
232.022
232.124
232.223
232.32
232.414
232.506
232.594
232.68
232.763
232.843
232.921
232.996
233.068
233.138
233.206
233.272
233.336
233.398
233.457
233.516
233.572
233.627
233.679
233.73
233.776
233.825
233.867
233.936
193.756
211.806
215.729
216.888
217.691
218.488
219.266
219.899
220.369
220.727
221.018
221.265
221.471
221.659
221.864
222.086
222.313
222.54
222.77
223.001
223.231
223.457
223.678
223.895
224.107
224.313
224.512
224.702
224.884
225.06
225.229
225.387
225.533
225.668
225.796
225.915
226.023
226.123
226.22
226.315
226.409
226.501
226.59
226.675
226.758
226.838
226.918
226.997
227.075
227.153
227.232
227.311
227.392
227.473
227.556
227.64
227.726
227.814
227.904
227.998
228.094
228.193
228.295
228.399
228.506
228.616
228.728
228.843
228.96
229.08
229.201
229.325
229.45
229.576
229.703
229.831
229.96
230.089
230.217
230.346
230.474
230.6
230.726
230.851
230.975
231.097
231.217
231.336
231.453
231.568
231.68
231.79
231.897
232.002
232.105
232.204
232.301
232.395
232.487
232.575
232.661
232.744
232.824
232.901
232.976
233.048
233.118
233.185
233.251
233.314
233.376
233.435
233.494
233.549
233.604
233.655
233.706
233.752
233.8
233.84
233.913
193.669
211.732
215.713
216.882
217.686
218.484
219.263
219.896
220.365
220.723
221.014
221.26
221.466
221.654
221.858
222.08
222.306
222.533
222.763
222.994
223.223
223.449
223.67
223.886
224.098
224.304
224.504
224.693
224.875
225.051
225.22
225.379
225.524
225.66
225.787
225.906
226.014
226.114
226.211
226.306
226.4
226.491
226.58
226.666
226.748
226.829
226.908
226.987
227.064
227.142
227.221
227.3
227.381
227.462
227.544
227.628
227.714
227.802
227.892
227.985
228.081
228.18
228.282
228.386
228.493
228.602
228.714
228.829
228.946
229.065
229.185
229.308
229.432
229.557
229.683
229.81
229.938
230.067
230.195
230.323
230.451
230.579
230.705
230.83
230.954
231.076
231.197
231.315
231.432
231.546
231.658
231.768
231.874
231.979
232.081
232.18
232.276
232.37
232.461
232.549
232.634
232.716
232.796
232.873
232.947
233.019
233.088
233.155
233.22
233.283
233.344
233.403
233.46
233.515
233.569
233.619
233.669
233.715
233.761
233.798
233.871
193.579
211.656
215.698
216.875
217.681
218.481
219.26
219.892
220.362
220.719
221.009
221.255
221.461
221.648
221.852
222.074
222.3
222.526
222.755
222.986
223.215
223.441
223.662
223.877
224.089
224.296
224.495
224.684
224.866
225.042
225.211
225.37
225.515
225.651
225.779
225.897
226.005
226.105
226.201
226.296
226.39
226.482
226.57
226.656
226.738
226.819
226.898
226.976
227.054
227.131
227.21
227.289
227.369
227.45
227.532
227.615
227.701
227.788
227.879
227.972
228.068
228.166
228.267
228.371
228.477
228.586
228.697
228.811
228.927
229.044
229.164
229.286
229.409
229.533
229.659
229.785
229.912
230.039
230.166
230.293
230.419
230.545
230.67
230.793
230.916
231.037
231.156
231.274
231.389
231.503
231.614
231.723
231.829
231.933
232.034
232.132
232.228
232.321
232.411
232.498
232.582
232.664
232.743
232.819
232.892
232.963
233.031
233.097
233.162
233.224
233.284
233.342
233.399
233.453
233.506
233.556
233.605
233.651
233.696
233.731
233.806
193.487
211.58
215.683
216.868
217.676
218.477
219.257
219.889
220.358
220.715
221.005
221.25
221.455
221.643
221.847
222.068
222.293
222.519
222.748
222.978
223.207
223.432
223.653
223.869
224.081
224.287
224.486
224.675
224.857
225.033
225.202
225.361
225.506
225.642
225.769
225.888
225.996
226.096
226.192
226.287
226.38
226.472
226.56
226.645
226.728
226.809
226.887
226.965
227.043
227.12
227.198
227.277
227.357
227.437
227.518
227.602
227.687
227.774
227.864
227.957
228.052
228.15
228.25
228.353
228.459
228.566
228.677
228.789
228.904
229.02
229.139
229.259
229.38
229.503
229.627
229.752
229.877
230.003
230.129
230.254
230.38
230.504
230.628
230.751
230.873
230.992
231.111
231.227
231.341
231.454
231.564
231.671
231.776
231.879
231.979
232.076
232.17
232.262
232.351
232.437
232.521
232.601
232.679
232.754
232.826
232.896
232.963
233.028
233.091
233.152
233.211
233.268
233.323
233.377
233.428
233.477
233.525
233.569
233.613
233.646
233.721
193.394
211.503
215.668
216.861
217.67
218.474
219.254
219.886
220.354
220.711
221.001
221.245
221.45
221.637
221.841
222.062
222.286
222.512
222.741
222.97
223.199
223.424
223.644
223.86
224.072
224.278
224.477
224.666
224.848
225.023
225.193
225.351
225.497
225.633
225.76
225.878
225.986
226.086
226.182
226.277
226.37
226.461
226.55
226.635
226.718
226.798
226.876
226.954
227.031
227.108
227.186
227.264
227.343
227.423
227.504
227.587
227.672
227.759
227.848
227.94
228.035
228.132
228.232
228.333
228.437
228.544
228.653
228.764
228.877
228.992
229.109
229.227
229.347
229.468
229.59
229.713
229.836
229.96
230.084
230.207
230.33
230.453
230.574
230.695
230.815
230.933
231.049
231.164
231.276
231.387
231.495
231.601
231.705
231.806
231.904
232
232.093
232.183
232.271
232.356
232.438
232.517
232.593
232.667
232.738
232.806
232.872
232.936
232.998
233.058
233.116
233.172
233.226
233.278
233.328
233.376
233.423
233.466
233.51
233.54
233.616
193.298
211.425
215.654
216.855
217.665
218.47
219.251
219.882
220.351
220.707
220.996
221.24
221.444
221.631
221.835
222.055
222.28
222.505
222.733
222.962
223.191
223.415
223.635
223.851
224.063
224.268
224.467
224.656
224.838
225.014
225.183
225.342
225.488
225.623
225.75
225.869
225.976
226.076
226.172
226.267
226.36
226.451
226.539
226.624
226.707
226.787
226.865
226.942
227.019
227.095
227.173
227.251
227.329
227.409
227.489
227.571
227.655
227.742
227.831
227.922
228.016
228.112
228.21
228.311
228.414
228.519
228.626
228.735
228.846
228.959
229.074
229.19
229.308
229.426
229.546
229.666
229.787
229.909
230.03
230.151
230.273
230.393
230.512
230.631
230.748
230.864
230.979
231.091
231.202
231.31
231.417
231.521
231.622
231.722
231.818
231.912
232.004
232.092
232.178
232.261
232.342
232.419
232.494
232.566
232.636
232.703
232.767
232.829
232.89
232.948
233.004
233.059
233.112
233.162
233.211
233.257
233.302
233.344
233.386
233.414
233.49
193.199
211.346
215.641
216.848
217.66
218.467
219.248
219.879
220.347
220.702
220.992
221.235
221.439
221.626
221.829
222.049
222.273
222.498
222.725
222.954
223.182
223.406
223.626
223.842
224.053
224.259
224.458
224.647
224.829
225.004
225.173
225.332
225.478
225.613
225.741
225.859
225.966
226.066
226.162
226.256
226.349
226.44
226.528
226.613
226.695
226.775
226.853
226.93
227.006
227.082
227.159
227.237
227.315
227.393
227.473
227.555
227.638
227.724
227.812
227.903
227.996
228.09
228.187
228.286
228.387
228.491
228.596
228.703
228.812
228.923
229.035
229.149
229.264
229.38
229.497
229.614
229.732
229.851
229.969
230.088
230.206
230.323
230.44
230.555
230.669
230.783
230.894
231.004
231.112
231.218
231.322
231.424
231.523
231.62
231.715
231.807
231.896
231.983
232.067
232.149
232.228
232.304
232.377
232.447
232.515
232.581
232.644
232.705
232.764
232.821
232.876
232.929
232.98
233.03
233.077
233.122
233.166
233.206
233.248
233.274
233.35
193.097
211.266
215.628
216.842
217.655
218.463
219.245
219.876
220.343
220.698
220.987
221.23
221.434
221.62
221.823
222.043
222.266
222.49
222.718
222.946
223.174
223.397
223.617
223.832
224.044
224.25
224.448
224.637
224.819
224.994
225.164
225.322
225.468
225.603
225.73
225.848
225.956
226.056
226.151
226.246
226.338
226.429
226.517
226.602
226.684
226.763
226.841
226.917
226.993
227.069
227.145
227.222
227.299
227.377
227.456
227.537
227.62
227.705
227.792
227.882
227.973
228.066
228.162
228.259
228.358
228.46
228.563
228.667
228.774
228.882
228.991
229.102
229.214
229.327
229.44
229.555
229.67
229.785
229.9
230.015
230.13
230.244
230.357
230.469
230.581
230.69
230.799
230.906
231.011
231.114
231.216
231.315
231.412
231.506
231.598
231.688
231.776
231.86
231.942
232.022
232.099
232.173
232.244
232.313
232.38
232.443
232.505
232.565
232.622
232.677
232.731
232.783
232.833
232.881
232.927
232.971
233.012
233.052
233.093
233.118
233.196
192.991
211.184
215.615
216.835
217.65
218.46
219.242
219.872
220.339
220.694
220.983
221.225
221.428
221.614
221.817
222.037
222.259
222.483
222.71
222.938
223.165
223.389
223.608
223.823
224.034
224.24
224.438
224.627
224.809
224.984
225.153
225.312
225.458
225.593
225.72
225.838
225.945
226.045
226.141
226.235
226.327
226.417
226.505
226.59
226.672
226.751
226.828
226.904
226.979
227.055
227.13
227.206
227.283
227.36
227.438
227.518
227.601
227.685
227.771
227.859
227.949
228.041
228.134
228.23
228.327
228.426
228.527
228.629
228.732
228.837
228.944
229.051
229.16
229.269
229.379
229.49
229.601
229.712
229.824
229.935
230.045
230.155
230.264
230.373
230.48
230.586
230.691
230.794
230.896
230.996
231.094
231.19
231.284
231.376
231.465
231.553
231.638
231.72
231.8
231.878
231.953
232.025
232.095
232.163
232.227
232.29
232.35
232.408
232.465
232.519
232.572
232.622
232.671
232.718
232.763
232.805
232.844
232.881
232.924
232.951
233.031
192.881
211.102
215.603
216.829
217.645
218.456
219.239
219.869
220.336
220.69
220.978
221.22
221.423
221.608
221.811
222.03
222.253
222.476
222.702
222.93
223.157
223.38
223.599
223.814
224.025
224.23
224.428
224.617
224.798
224.974
225.143
225.302
225.447
225.583
225.709
225.827
225.935
226.034
226.13
226.224
226.316
226.406
226.493
226.577
226.659
226.738
226.814
226.89
226.965
227.04
227.115
227.19
227.266
227.342
227.419
227.499
227.58
227.663
227.748
227.835
227.923
228.013
228.105
228.198
228.293
228.389
228.487
228.586
228.686
228.788
228.891
228.995
229.1
229.205
229.311
229.418
229.525
229.632
229.738
229.845
229.951
230.057
230.162
230.266
230.369
230.471
230.572
230.671
230.769
230.865
230.96
231.052
231.143
231.232
231.319
231.403
231.485
231.565
231.643
231.718
231.791
231.862
231.93
231.995
232.059
232.12
232.178
232.235
232.29
232.344
232.395
232.445
232.493
232.539
232.583
232.622
232.659
232.691
232.738
232.772
232.856
192.766
211.019
215.592
216.823
217.64
218.453
219.236
219.865
220.332
220.686
220.973
221.215
221.417
221.603
221.805
222.024
222.246
222.468
222.694
222.922
223.148
223.37
223.589
223.804
224.015
224.22
224.418
224.607
224.788
224.963
225.133
225.291
225.437
225.572
225.699
225.816
225.924
226.023
226.119
226.212
226.304
226.394
226.481
226.565
226.646
226.724
226.801
226.876
226.95
227.024
227.099
227.173
227.248
227.323
227.4
227.478
227.559
227.641
227.724
227.81
227.896
227.984
228.073
228.164
228.256
228.35
228.445
228.541
228.638
228.736
228.835
228.935
229.036
229.137
229.239
229.341
229.443
229.545
229.647
229.748
229.849
229.95
230.05
230.149
230.247
230.344
230.44
230.535
230.628
230.72
230.81
230.899
230.986
231.071
231.154
231.236
231.315
231.393
231.468
231.541
231.612
231.68
231.746
231.811
231.872
231.932
231.99
232.046
232.1
232.152
232.203
232.253
232.3
232.345
232.387
232.424
232.459
232.487
232.538
232.583
232.673
192.647
210.935
215.581
216.817
217.635
218.449
219.232
219.862
220.328
220.682
220.969
221.21
221.412
221.597
221.799
222.017
222.239
222.461
222.686
222.913
223.139
223.361
223.58
223.794
224.005
224.21
224.408
224.596
224.777
224.953
225.122
225.28
225.426
225.561
225.687
225.805
225.912
226.012
226.108
226.201
226.292
226.381
226.468
226.552
226.633
226.71
226.786
226.861
226.935
227.008
227.082
227.155
227.229
227.304
227.38
227.457
227.536
227.617
227.699
227.782
227.867
227.952
228.039
228.128
228.217
228.308
228.399
228.492
228.585
228.679
228.774
228.87
228.966
229.063
229.16
229.257
229.353
229.45
229.547
229.643
229.738
229.833
229.928
230.022
230.115
230.207
230.297
230.387
230.476
230.563
230.648
230.733
230.815
230.896
230.976
231.054
231.129
231.203
231.276
231.346
231.414
231.48
231.544
231.606
231.666
231.725
231.781
231.836
231.889
231.941
231.991
232.04
232.088
232.131
232.172
232.206
232.238
232.264
232.321
232.378
232.476
220.964
221.205
221.406
221.591
221.793
222.011
222.232
222.454
222.679
222.905
223.13
223.352
223.571
223.785
223.995
224.2
224.398
224.586
224.767
224.942
225.111
225.27
225.415
225.55
225.676
225.793
225.901
226.001
226.096
226.189
226.28
226.369
226.455
226.538
226.619
226.696
226.772
226.846
226.919
226.992
227.065
227.137
227.21
227.284
227.359
227.435
227.513
227.593
227.673
227.754
227.837
227.92
228.005
228.09
228.177
228.264
228.352
228.441
228.531
228.621
228.712
228.803
228.895
228.986
229.078
229.169
229.261
229.352
229.442
229.532
229.621
229.71
229.798
229.886
229.972
230.058
230.143
230.227
230.309
230.391
230.471
230.55
230.628
230.704
230.779
230.852
230.924
230.995
231.063
231.131
231.196
231.259
231.321
231.381
231.439
231.496
231.551
231.605
231.657
231.709
231.759
231.808
231.854
231.897
231.936
231.969
232.001
232.029
232.09
232.153
232.258
220.96
221.2
221.401
221.586
221.788
222.005
222.225
222.446
222.671
222.897
223.122
223.343
223.561
223.775
223.985
224.19
224.387
224.576
224.757
224.932
225.101
225.259
225.405
225.539
225.665
225.782
225.89
225.99
226.085
226.178
226.268
226.356
226.442
226.525
226.605
226.682
226.757
226.831
226.903
226.976
227.048
227.119
227.191
227.264
227.338
227.413
227.49
227.568
227.646
227.726
227.806
227.887
227.969
228.052
228.135
228.219
228.304
228.389
228.475
228.56
228.647
228.733
228.82
228.906
228.992
229.078
229.163
229.248
229.332
229.416
229.499
229.581
229.663
229.744
229.824
229.904
229.982
230.059
230.136
230.211
230.285
230.358
230.43
230.5
230.57
230.638
230.705
230.77
230.834
230.897
230.958
231.017
231.075
231.132
231.187
231.241
231.294
231.346
231.397
231.447
231.497
231.545
231.59
231.632
231.67
231.702
231.735
231.766
231.832
231.897
232.008
220.955
221.195
221.395
221.58
221.782
221.999
222.218
222.439
222.663
222.889
223.113
223.334
223.552
223.766
223.976
224.18
224.377
224.565
224.746
224.921
225.09
225.248
225.394
225.528
225.654
225.771
225.879
225.979
226.074
226.166
226.256
226.344
226.429
226.512
226.591
226.668
226.743
226.816
226.888
226.959
227.03
227.101
227.172
227.244
227.317
227.391
227.467
227.543
227.62
227.697
227.775
227.854
227.933
228.013
228.094
228.174
228.256
228.337
228.419
228.5
228.582
228.664
228.746
228.827
228.907
228.987
229.066
229.145
229.223
229.3
229.376
229.452
229.526
229.6
229.673
229.745
229.816
229.886
229.956
230.024
230.091
230.157
230.222
230.286
230.349
230.411
230.472
230.532
230.59
230.648
230.704
230.758
230.812
230.864
230.915
230.965
231.014
231.063
231.111
231.158
231.205
231.251
231.294
231.333
231.368
231.4
231.435
231.468
231.536
231.6
231.718
220.951
221.19
221.39
221.575
221.776
221.992
222.212
222.432
222.656
222.88
223.105
223.325
223.543
223.756
223.966
224.17
224.367
224.555
224.736
224.911
225.08
225.238
225.383
225.517
225.643
225.76
225.868
225.968
226.063
226.155
226.244
226.331
226.416
226.498
226.577
226.653
226.727
226.8
226.872
226.942
227.013
227.083
227.153
227.223
227.295
227.368
227.442
227.517
227.592
227.667
227.743
227.819
227.896
227.973
228.05
228.127
228.205
228.282
228.36
228.437
228.514
228.591
228.667
228.743
228.818
228.892
228.965
229.038
229.109
229.18
229.25
229.319
229.387
229.455
229.521
229.586
229.651
229.714
229.777
229.838
229.899
229.958
230.017
230.075
230.131
230.187
230.242
230.295
230.347
230.399
230.449
230.497
230.545
230.591
230.637
230.681
230.725
230.768
230.811
230.853
230.896
230.937
230.975
231.01
231.041
231.071
231.105
231.141
231.207
231.262
231.379
220.946
221.185
221.385
221.569
221.77
221.986
222.205
222.425
222.648
222.872
223.096
223.316
223.534
223.747
223.956
224.16
224.357
224.545
224.725
224.9
225.069
225.227
225.372
225.506
225.631
225.748
225.857
225.957
226.051
226.143
226.231
226.318
226.402
226.484
226.563
226.638
226.712
226.784
226.855
226.925
226.994
227.063
227.132
227.202
227.273
227.345
227.417
227.49
227.563
227.636
227.71
227.783
227.857
227.931
228.005
228.079
228.153
228.226
228.3
228.373
228.446
228.517
228.588
228.658
228.728
228.796
228.863
228.929
228.994
229.058
229.121
229.183
229.243
229.303
229.362
229.42
229.477
229.534
229.589
229.643
229.697
229.75
229.802
229.854
229.905
229.955
230.004
230.052
230.1
230.147
230.192
230.237
230.281
230.323
230.364
230.405
230.444
230.483
230.521
230.559
230.596
230.631
230.663
230.691
230.715
230.739
230.771
230.803
230.861
230.901
231.016
220.942
221.18
221.379
221.563
221.764
221.98
222.198
222.417
222.64
222.864
223.087
223.307
223.524
223.737
223.946
224.15
224.346
224.534
224.714
224.889
225.058
225.215
225.36
225.494
225.619
225.736
225.845
225.945
226.039
226.13
226.218
226.304
226.388
226.469
226.547
226.623
226.696
226.767
226.838
226.907
226.975
227.043
227.111
227.18
227.25
227.32
227.391
227.462
227.532
227.603
227.674
227.745
227.816
227.887
227.957
228.028
228.097
228.167
228.236
228.304
228.372
228.438
228.503
228.567
228.63
228.692
228.753
228.812
228.87
228.927
228.983
229.038
229.092
229.144
229.196
229.246
229.296
229.344
229.392
229.439
229.485
229.531
229.576
229.62
229.664
229.707
229.75
229.792
229.833
229.874
229.913
229.952
229.99
230.026
230.061
230.096
230.129
230.161
230.193
230.223
230.252
230.278
230.3
230.317
230.33
230.342
230.371
230.401
230.44
230.45
230.524
225.348
225.482
225.607
225.724
225.833
225.933
226.027
226.117
226.205
226.29
226.374
226.454
226.532
226.607
226.679
226.75
226.82
226.888
226.956
227.023
227.09
227.157
227.226
227.294
227.363
227.432
227.501
227.57
227.638
227.706
227.774
227.842
227.909
227.975
228.041
228.106
228.171
228.235
228.297
228.358
228.417
228.476
228.532
228.587
228.641
228.693
228.744
228.793
228.841
228.887
228.932
228.976
229.018
229.059
229.1
229.139
229.177
229.214
229.251
229.287
229.322
229.357
229.391
229.425
229.459
229.493
229.526
229.558
229.591
229.623
229.654
229.684
229.714
229.743
229.771
229.799
229.825
229.851
229.875
229.894
229.91
229.922
229.935
229.944
229.974
229.999
230.026
230.025
230.058
226.014
226.104
226.191
226.276
226.358
226.438
226.515
226.59
226.662
226.732
226.801
226.869
226.935
227.001
227.067
227.134
227.201
227.268
227.335
227.402
227.468
227.534
227.6
227.665
227.73
227.794
227.857
227.92
227.982
228.043
228.102
228.161
228.217
228.273
228.326
228.378
228.428
228.476
228.522
228.567
228.61
228.652
228.692
228.73
228.766
228.801
228.835
228.867
228.898
228.927
228.955
228.983
229.009
229.035
229.06
229.084
229.109
229.132
229.156
229.18
229.203
229.226
229.249
229.272
229.295
229.318
229.341
229.363
229.386
229.408
229.431
229.452
229.472
229.488
229.5
229.512
229.527
229.539
229.567
229.585
229.605
229.602
229.623
226.09
226.177
226.261
226.343
226.422
226.499
226.573
226.644
226.714
226.782
226.849
226.914
226.979
227.044
227.109
227.175
227.24
227.306
227.37
227.435
227.498
227.561
227.624
227.685
227.746
227.806
227.865
227.923
227.979
228.034
228.088
228.139
228.189
228.236
228.282
228.325
228.366
228.405
228.442
228.478
228.511
228.542
228.571
228.598
228.624
228.648
228.67
228.69
228.709
228.727
228.743
228.758
228.772
228.785
228.797
228.808
228.819
228.83
228.84
228.852
228.863
228.876
228.889
228.904
228.921
228.94
228.961
228.985
229.012
229.041
229.072
229.103
229.134
229.163
229.189
229.211
229.222
229.259
229.291
229.346
229.374
229.405
226.076
226.162
226.246
226.327
226.406
226.482
226.555
226.626
226.695
226.763
226.828
226.893
226.956
227.02
227.084
227.148
227.212
227.275
227.338
227.4
227.461
227.522
227.581
227.64
227.697
227.754
227.809
227.862
227.915
227.965
228.013
228.059
228.103
228.144
228.183
228.22
228.255
228.287
228.317
228.345
228.371
228.394
228.415
228.434
228.451
228.466
228.478
228.489
228.498
228.505
228.511
228.515
228.518
228.519
228.52
228.519
228.519
228.518
228.517
228.516
228.515
228.515
228.516
228.519
228.525
228.533
228.546
228.562
228.583
228.609
228.639
228.673
228.71
228.744
228.769
228.783
228.791
228.848
228.951
229.052
229.14
229.18
226.062
226.148
226.231
226.311
226.39
226.465
226.538
226.609
226.677
226.743
226.808
226.871
226.934
226.997
227.06
227.122
227.184
227.246
227.306
227.366
227.425
227.483
227.539
227.595
227.649
227.702
227.754
227.804
227.852
227.898
227.941
227.983
228.021
228.058
228.091
228.123
228.152
228.178
228.202
228.224
228.244
228.261
228.276
228.288
228.298
228.306
228.313
228.317
228.319
228.319
228.318
228.315
228.31
228.305
228.298
228.289
228.28
228.27
228.259
228.248
228.235
228.221
228.208
228.196
228.186
228.18
228.179
228.184
228.196
228.216
228.244
228.281
228.332
228.407
228.5
228.633
228.821
229.065
229.363
229.696
229.983
230.16
)
;

boundaryField
{
    inlet
    {
        type            fixedValue;
        value           uniform 223;
    }
    obstacle
    {
        type            zeroGradient;
    }
    bottom
    {
        type            symmetry;
    }
    outlet
    {
        type            inletOutlet;
        inletValue      nonuniform List<scalar> 0();
        value           nonuniform List<scalar> 0();
    }
    top
    {
        type            symmetry;
    }
    defaultFaces
    {
        type            empty;
    }
    procBoundary1to0
    {
        type            processor;
        value           nonuniform List<scalar> 
90
(
192.527
210.85
215.57
216.81
217.63
218.446
219.229
219.858
220.324
220.677
220.677
220.673
220.669
220.665
220.661
220.656
220.937
221.175
221.374
221.558
221.758
221.973
222.191
222.41
222.632
222.855
223.078
223.297
223.514
223.727
223.936
224.139
224.336
224.523
224.703
224.878
225.046
225.204
225.204
225.336
225.469
225.594
225.712
225.82
225.92
225.92
226.001
226.001
225.988
225.974
225.921
226.001
226.079
226.153
226.225
226.294
226.36
226.423
226.483
226.541
226.597
226.651
226.704
226.757
226.808
226.859
226.909
226.957
227.004
227.05
227.094
227.138
227.179
227.22
227.258
227.295
227.33
227.363
227.392
227.419
227.443
227.465
227.483
227.498
227.511
227.521
227.529
227.533
227.534
227.533
)
;
    }
    procBoundary1to2
    {
        type            processor;
        value           nonuniform List<scalar> 
42
(
227.528
227.521
227.512
227.5
227.485
227.469
227.45
227.428
227.405
227.381
227.354
227.326
227.297
227.267
227.236
227.205
227.172
227.138
227.104
227.068
227.031
226.993
226.953
226.911
226.867
226.823
226.78
226.741
226.71
226.69
226.683
226.688
226.728
226.829
227.024
227.324
227.721
228.196
228.727
229.291
229.845
230.341
)
;
    }
    procBoundary1to7
    {
        type            processor;
        value           nonuniform List<scalar> 
126
(
201.931
215.994
217.577
217.577
217.942
218.33
218.847
219.499
220.138
220.645
221.031
221.353
221.648
221.915
222.14
222.342
222.562
222.802
223.045
223.282
223.513
223.74
223.964
224.181
224.39
224.589
224.78
224.962
225.134
225.295
225.447
225.593
225.732
225.86
225.975
226.084
226.191
226.299
226.403
226.503
226.597
226.686
226.772
226.854
226.934
227.011
227.085
227.158
227.23
227.3
227.368
227.429
227.429
227.488
227.539
227.539
227.587
227.628
227.628
227.666
227.698
227.725
227.745
227.76
227.768
227.77
227.764
227.753
227.736
227.713
227.683
227.648
227.607
227.561
227.509
227.454
227.393
227.33
227.262
227.191
227.118
227.043
226.965
226.885
226.805
226.723
226.641
226.558
226.476
226.393
226.311
226.229
226.148
226.069
225.99
225.913
225.836
225.762
225.689
225.618
225.548
225.48
225.414
225.35
225.287
225.227
225.168
225.112
225.057
225.003
224.952
224.902
224.853
224.807
224.763
224.721
224.681
224.643
224.607
224.573
224.541
224.513
224.484
224.569
224.569
224.514
)
;
    }
}


// ************************************************************************* //
