/*--------------------------------*- C++ -*----------------------------------*\
| =========                 |                                                 |
| \\      /  F ield         | OpenFOAM: The Open Source CFD Toolbox           |
|  \\    /   O peration     | Version:  2412                                  |
|   \\  /    A nd           | Website:  www.openfoam.com                      |
|    \\/     M anipulation  |                                                 |
\*---------------------------------------------------------------------------*/
FoamFile
{
    version     2.0;
    format      ascii;
    arch        "LSB;label=32;scalar=64";
    class       volScalarField;
    location    "0.116";
    object      T;
}
// * * * * * * * * * * * * * * * * * * * * * * * * * * * * * * * * * * * * * //

dimensions      [0 0 0 1 0 0 0];

internalField   nonuniform List<scalar> 
9771
(
162.698
217.048
221.496
221.4
221.247
221.078
220.981
220.902
220.863
220.888
162.708
217.008
221.411
221.389
221.247
221.08
220.982
220.902
220.862
220.887
162.7
216.97
221.335
221.382
221.248
221.081
220.982
220.902
220.862
220.886
162.701
216.931
221.276
221.377
221.247
221.082
220.982
220.901
220.861
220.885
162.707
216.894
221.235
221.372
221.247
221.083
220.983
220.901
220.861
220.884
162.724
216.853
221.201
221.367
221.244
221.084
220.983
220.901
220.86
220.883
162.75
216.804
221.165
221.357
221.241
221.085
220.984
220.9
220.86
220.882
220.986
221.155
221.355
221.563
221.772
221.977
222.176
222.366
222.544
222.712
222.867
223.013
223.15
223.281
223.405
223.525
223.641
223.753
223.862
223.968
224.073
224.174
162.784
216.744
221.123
221.342
221.238
221.086
220.985
220.9
220.859
220.881
220.984
221.153
221.352
221.56
221.769
221.974
222.173
222.362
222.541
222.708
222.864
223.009
223.147
223.277
223.401
223.521
223.637
223.749
223.858
223.964
224.068
224.169
224.268
224.365
224.459
224.552
224.642
224.731
162.821
216.674
221.079
221.324
221.235
221.088
220.985
220.9
220.859
220.88
220.983
221.15
221.35
221.557
221.766
221.971
222.169
222.359
222.537
222.704
222.86
223.006
223.143
223.273
223.398
223.517
223.633
223.744
223.853
223.96
224.063
224.165
224.263
224.359
224.453
224.545
224.636
224.724
224.812
162.842
216.601
221.045
221.308
221.233
221.089
220.986
220.899
220.858
220.879
220.981
221.148
221.347
221.555
221.763
221.968
222.166
222.355
222.534
222.701
222.856
223.002
223.139
223.269
223.394
223.513
223.629
223.74
223.849
223.955
224.059
224.16
224.258
224.354
224.447
224.539
224.629
224.717
224.804
162.84
216.456
221.008
221.291
221.229
221.089
220.987
220.899
220.858
220.878
220.98
221.147
221.345
221.553
221.761
221.965
222.163
222.352
222.53
222.697
222.853
222.998
223.135
223.266
223.39
223.509
223.625
223.736
223.845
223.95
224.054
224.155
224.253
224.348
224.442
224.533
224.622
224.71
224.796
168.714
215.359
220.979
220.948
221.153
221.079
220.987
220.897
220.854
220.872
220.967
221.128
221.322
221.525
221.729
221.929
222.123
222.31
222.486
222.652
222.807
222.953
223.09
223.22
223.344
223.463
223.578
223.688
223.795
223.899
224.001
224.099
224.195
224.288
224.378
224.465
224.551
224.635
224.717
224.797
224.876
224.953
225.03
225.106
225.181
225.255
225.329
225.402
225.475
225.547
225.619
225.691
225.762
225.833
225.904
225.974
226.043
226.112
226.18
226.246
226.312
226.376
226.439
226.5
226.558
226.615
226.669
226.72
226.769
226.814
226.857
226.896
226.932
226.964
226.994
227.021
227.044
227.063
227.078
183.095
216.484
219.657
220.344
221.058
221.086
220.998
220.897
220.85
220.863
220.947
221.099
221.283
221.476
221.671
221.864
222.051
222.232
222.405
222.569
222.723
222.868
223.005
223.134
223.258
223.375
223.488
223.596
223.701
223.802
223.9
223.994
224.084
224.171
224.254
224.335
224.413
224.489
224.562
224.633
224.702
224.769
224.833
224.895
224.956
225.014
225.07
225.124
225.175
225.224
225.271
225.315
225.356
225.395
225.432
225.465
225.496
225.524
225.549
225.572
225.591
225.608
225.621
225.632
225.64
225.646
225.648
225.648
225.645
225.641
225.634
225.624
225.612
225.598
225.583
225.566
225.548
225.528
225.507
191.25
214.797
218.086
219.804
220.79
220.983
220.974
220.906
220.865
220.877
220.956
221.097
221.271
221.452
221.634
221.814
221.991
222.163
222.328
222.486
222.636
222.779
222.913
223.041
223.162
223.277
223.388
223.494
223.596
223.693
223.787
223.876
223.961
224.042
224.118
224.191
224.261
224.328
224.391
224.452
224.51
224.565
224.617
224.666
224.712
224.755
224.795
224.831
224.865
224.895
224.922
224.946
224.968
224.986
225.001
225.013
225.023
225.029
225.033
225.035
225.033
225.03
225.024
225.017
225.008
224.997
224.984
224.971
224.956
224.941
224.925
224.908
224.891
224.873
224.855
224.838
224.82
224.802
224.784
198.08
214.544
217.542
219.365
220.461
220.804
220.919
220.903
220.886
220.905
220.981
221.112
221.275
221.445
221.615
221.781
221.946
222.106
222.262
222.412
222.556
222.692
222.822
222.946
223.063
223.175
223.282
223.385
223.483
223.577
223.666
223.75
223.829
223.904
223.974
224.041
224.103
224.162
224.216
224.267
224.314
224.358
224.398
224.434
224.468
224.498
224.524
224.547
224.568
224.584
224.598
224.609
224.617
224.623
224.627
224.628
224.626
224.624
224.619
224.613
224.605
224.597
224.587
224.576
224.565
224.552
224.54
224.527
224.513
224.499
224.485
224.471
224.456
224.442
224.427
224.412
224.397
224.383
224.368
203.463
214.399
216.803
218.711
220.073
220.646
220.878
220.91
220.926
220.952
221.028
221.148
221.294
221.45
221.608
221.762
221.913
222.061
222.205
222.345
222.48
222.609
222.732
222.85
222.963
223.071
223.174
223.272
223.366
223.455
223.539
223.618
223.692
223.761
223.826
223.886
223.942
223.994
224.042
224.086
224.126
224.162
224.194
224.222
224.247
224.269
224.287
224.302
224.315
224.325
224.332
224.337
224.34
224.34
224.339
224.336
224.332
224.326
224.319
224.31
224.301
224.291
224.28
224.268
224.256
224.244
224.23
224.217
224.203
224.19
224.176
224.163
224.149
224.136
224.123
224.11
224.097
224.085
224.074
207.983
214.677
216.148
218.053
219.7
220.467
220.828
220.931
220.982
221.022
221.097
221.204
221.333
221.471
221.613
221.755
221.894
222.028
222.16
222.289
222.413
222.533
222.649
222.759
222.866
222.968
223.066
223.16
223.249
223.333
223.412
223.485
223.554
223.618
223.677
223.733
223.784
223.832
223.874
223.913
223.947
223.977
224.003
224.026
224.046
224.063
224.077
224.088
224.096
224.102
224.106
224.107
224.107
224.106
224.102
224.098
224.092
224.086
224.078
224.07
224.061
224.052
224.042
224.032
224.021
224.011
224.001
223.991
223.981
223.971
223.961
223.952
223.943
223.934
223.926
223.917
223.909
223.901
223.892
211.709
215.395
215.311
217.531
219.406
220.324
220.789
220.964
221.055
221.114
221.193
221.288
221.397
221.513
221.634
221.758
221.884
222.005
222.125
222.242
222.355
222.465
222.572
222.674
222.774
222.87
222.962
223.051
223.134
223.213
223.287
223.356
223.42
223.48
223.535
223.586
223.632
223.674
223.713
223.749
223.781
223.809
223.833
223.854
223.871
223.886
223.897
223.906
223.913
223.917
223.92
223.921
223.921
223.919
223.916
223.913
223.908
223.902
223.896
223.889
223.882
223.875
223.867
223.859
223.851
223.843
223.835
223.827
223.819
223.81
223.802
223.793
223.785
223.776
223.768
223.759
223.751
223.743
223.736
214.501
216.234
215.381
217.121
219.131
220.219
220.759
220.996
221.132
221.215
221.303
221.392
221.486
221.58
221.677
221.779
221.885
221.993
222.099
222.204
222.306
222.406
222.504
222.598
222.691
222.78
222.866
222.948
223.026
223.1
223.169
223.233
223.294
223.35
223.402
223.45
223.494
223.533
223.568
223.6
223.628
223.653
223.675
223.694
223.711
223.724
223.736
223.745
223.752
223.757
223.76
223.762
223.762
223.761
223.759
223.756
223.753
223.749
223.744
223.739
223.733
223.727
223.72
223.714
223.707
223.7
223.693
223.687
223.68
223.674
223.668
223.662
223.655
223.65
223.645
223.64
223.635
223.63
223.626
216.616
217.261
215.681
217.137
218.953
220.149
220.743
221.033
221.212
221.322
221.423
221.51
221.593
221.668
221.744
221.821
221.903
221.993
222.085
222.175
222.266
222.355
222.443
222.53
222.616
222.699
222.779
222.855
222.928
222.996
223.06
223.121
223.178
223.231
223.28
223.325
223.366
223.403
223.438
223.468
223.495
223.519
223.54
223.557
223.573
223.586
223.596
223.605
223.612
223.617
223.621
223.624
223.625
223.625
223.624
223.623
223.621
223.619
223.616
223.613
223.609
223.605
223.601
223.597
223.592
223.588
223.584
223.58
223.576
223.572
223.568
223.564
223.56
223.556
223.552
223.547
223.543
223.538
223.534
218.224
218.13
216.239
217.391
218.914
220.113
220.744
221.079
221.294
221.429
221.544
221.633
221.709
221.772
221.83
221.886
221.945
222.011
222.084
222.16
222.236
222.314
222.392
222.471
222.55
222.627
222.702
222.773
222.841
222.905
222.965
223.022
223.075
223.124
223.17
223.212
223.252
223.287
223.319
223.348
223.374
223.397
223.418
223.436
223.452
223.465
223.477
223.486
223.494
223.5
223.505
223.509
223.511
223.512
223.513
223.513
223.512
223.512
223.51
223.508
223.505
223.502
223.499
223.496
223.493
223.489
223.486
223.482
223.478
223.475
223.47
223.467
223.462
223.458
223.454
223.45
223.446
223.442
223.439
219.544
218.88
216.873
217.81
219
220.157
220.782
221.138
221.377
221.535
221.664
221.757
221.83
221.884
221.928
221.967
222.008
222.051
222.101
222.158
222.22
222.284
222.351
222.421
222.492
222.564
222.634
222.701
222.765
222.825
222.882
222.936
222.986
223.033
223.075
223.115
223.151
223.184
223.215
223.242
223.267
223.288
223.307
223.325
223.34
223.353
223.364
223.374
223.383
223.39
223.395
223.4
223.403
223.405
223.407
223.408
223.408
223.408
223.407
223.406
223.404
223.402
223.4
223.398
223.396
223.393
223.39
223.388
223.385
223.383
223.381
223.378
223.376
223.374
223.372
223.37
223.368
223.366
223.364
220.569
219.521
217.564
218.361
219.198
220.264
220.857
221.214
221.463
221.637
221.778
221.875
221.948
221.997
222.033
222.061
222.087
222.113
222.143
222.177
222.22
222.27
222.324
222.384
222.447
222.511
222.576
222.64
222.7
222.758
222.812
222.863
222.911
222.955
222.996
223.033
223.066
223.097
223.124
223.15
223.173
223.194
223.212
223.228
223.243
223.255
223.266
223.275
223.283
223.29
223.296
223.3
223.304
223.306
223.309
223.311
223.312
223.313
223.313
223.313
223.313
223.312
223.312
223.311
223.31
223.309
223.308
223.307
223.305
223.304
223.302
223.3
223.298
223.296
223.294
223.292
223.29
223.288
223.286
221.336
220.073
218.264
218.939
219.495
220.444
220.971
221.31
221.555
221.74
221.889
221.99
222.064
222.11
222.14
222.16
222.175
222.189
222.203
222.219
222.241
222.272
222.313
222.361
222.414
222.471
222.53
222.589
222.646
222.701
222.753
222.802
222.847
222.889
222.928
222.963
222.995
223.023
223.049
223.072
223.093
223.112
223.128
223.143
223.157
223.169
223.179
223.188
223.196
223.202
223.208
223.212
223.216
223.218
223.221
223.223
223.225
223.226
223.227
223.227
223.227
223.227
223.227
223.226
223.226
223.225
223.224
223.222
223.221
223.22
223.219
223.218
223.216
223.215
223.213
223.212
223.211
223.21
223.209
221.898
220.558
218.907
219.44
219.85
220.652
221.098
221.417
221.654
221.844
221.997
222.101
222.176
222.22
222.247
222.262
222.27
222.274
222.277
222.279
222.285
222.297
222.321
222.355
222.398
222.446
222.497
222.55
222.603
222.655
222.704
222.751
222.794
222.834
222.87
222.903
222.933
222.96
222.985
223.007
223.026
223.043
223.059
223.072
223.084
223.095
223.104
223.112
223.119
223.125
223.13
223.134
223.138
223.141
223.143
223.145
223.147
223.148
223.149
223.149
223.15
223.15
223.15
223.149
223.149
223.149
223.148
223.148
223.147
223.147
223.146
223.145
223.144
223.143
223.142
223.141
223.14
223.139
223.139
222.302
220.988
219.552
219.827
220.212
220.825
221.22
221.532
221.76
221.95
222.104
222.21
222.286
222.33
222.355
222.366
222.368
222.365
222.359
222.351
222.345
222.345
222.351
222.368
222.398
222.436
222.479
222.524
222.571
222.618
222.664
222.708
222.749
222.786
222.821
222.852
222.881
222.906
222.929
222.95
222.968
222.984
222.999
223.011
223.022
223.032
223.04
223.047
223.053
223.058
223.062
223.065
223.068
223.071
223.073
223.074
223.076
223.076
223.077
223.078
223.078
223.078
223.078
223.077
223.077
223.076
223.076
223.075
223.075
223.074
223.073
223.073
223.072
223.071
223.07
223.069
223.068
223.068
223.067
222.59
221.389
220.238
220.062
220.517
220.943
221.332
221.65
221.869
222.056
222.209
222.316
222.394
222.438
222.463
222.471
222.47
222.461
222.447
222.431
222.416
222.406
222.403
222.407
222.419
222.442
222.474
222.512
222.551
222.592
222.633
222.673
222.711
222.746
222.779
222.809
222.835
222.859
222.881
222.9
222.918
222.933
222.946
222.957
222.967
222.976
222.983
222.989
222.994
222.998
223.002
223.004
223.006
223.008
223.009
223.01
223.011
223.011
223.011
223.011
223.011
223.011
223.01
223.01
223.009
223.008
223.008
223.007
223.006
223.006
223.005
223.004
223.003
223.002
223.002
223.001
223
222.999
222.999
222.81
221.752
220.841
220.276
220.745
221.059
221.468
221.776
221.979
222.161
222.311
222.42
222.501
222.547
222.573
222.579
222.576
222.562
222.542
222.519
222.496
222.478
222.465
222.461
222.462
222.47
222.486
222.511
222.541
222.575
222.61
222.645
222.679
222.711
222.742
222.77
222.796
222.818
222.839
222.857
222.873
222.887
222.899
222.91
222.918
222.926
222.932
222.937
222.941
222.945
222.947
222.949
222.951
222.951
222.952
222.952
222.952
222.952
222.951
222.951
222.95
222.949
222.948
222.948
222.947
222.946
222.945
222.944
222.943
222.942
222.941
222.94
222.939
222.938
222.937
222.936
222.936
222.935
222.935
222.992
222.073
221.32
220.49
220.926
221.235
221.652
221.912
222.092
222.264
222.409
222.519
222.603
222.652
222.681
222.688
222.683
222.667
222.644
222.615
222.585
222.559
222.538
222.524
222.518
222.516
222.519
222.528
222.545
222.568
222.595
222.624
222.653
222.682
222.71
222.736
222.76
222.782
222.801
222.819
222.834
222.846
222.857
222.867
222.875
222.881
222.886
222.89
222.894
222.896
222.898
222.899
222.9
222.9
222.9
222.9
222.899
222.898
222.897
222.896
222.895
222.894
222.892
222.891
222.889
222.888
222.887
222.886
222.885
222.884
222.883
222.882
222.88
222.879
222.878
222.876
222.875
222.874
222.873
223.154
222.332
221.691
220.737
221.144
221.427
221.834
222.048
222.208
222.366
222.504
222.614
222.701
222.754
222.787
222.798
222.793
222.778
222.752
222.719
222.684
222.651
222.621
222.597
222.581
222.57
222.564
222.563
222.566
222.575
222.591
222.611
222.634
222.658
222.682
222.706
222.728
222.748
222.767
222.783
222.797
222.809
222.819
222.828
222.835
222.84
222.845
222.848
222.851
222.853
222.854
222.854
222.854
222.854
222.853
222.852
222.85
222.849
222.847
222.845
222.844
222.842
222.84
222.839
222.837
222.836
222.834
222.832
222.83
222.828
222.827
222.825
222.823
222.822
222.821
222.82
222.819
222.817
222.816
223.301
222.546
221.983
221.003
221.391
221.632
222.016
222.189
222.329
222.469
222.596
222.705
222.794
222.851
222.89
222.904
222.902
222.889
222.865
222.831
222.792
222.751
222.713
222.68
222.652
222.632
222.618
222.608
222.602
222.601
222.603
222.612
222.626
222.643
222.662
222.681
222.7
222.718
222.735
222.749
222.762
222.773
222.783
222.79
222.797
222.802
222.806
222.808
222.81
222.811
222.812
222.812
222.811
222.81
222.808
222.807
222.805
222.803
222.801
222.798
222.796
222.794
222.792
222.789
222.787
222.785
222.783
222.781
222.779
222.777
222.775
222.773
222.771
222.77
222.768
222.767
222.765
222.764
222.762
223.435
222.731
222.226
221.273
221.645
221.835
222.19
222.33
222.454
222.575
222.688
222.793
222.882
222.943
222.988
223.008
223.01
223.002
222.98
222.947
222.906
222.861
222.816
222.773
222.735
222.703
222.678
222.66
222.647
222.637
222.631
222.629
222.632
222.64
222.651
222.664
222.679
222.693
222.706
222.718
222.729
222.739
222.747
222.754
222.759
222.764
222.767
222.769
222.77
222.771
222.771
222.77
222.769
222.767
222.765
222.763
222.76
222.758
222.755
222.752
222.75
222.747
222.744
222.742
222.739
222.737
222.734
222.732
222.73
222.728
222.725
222.723
222.722
222.72
222.718
222.716
222.715
222.713
222.712
223.556
222.897
222.436
221.537
221.897
222.033
222.354
222.471
222.581
222.683
222.781
222.879
222.966
223.031
223.082
223.109
223.117
223.113
223.095
223.065
223.025
222.977
222.926
222.875
222.826
222.783
222.748
222.72
222.699
222.683
222.671
222.661
222.655
222.653
222.654
222.658
222.666
222.674
222.683
222.692
222.7
222.707
222.713
222.718
222.722
222.725
222.727
222.729
222.729
222.729
222.728
222.727
222.725
222.723
222.72
222.718
222.715
222.712
222.709
222.706
222.703
222.7
222.698
222.695
222.692
222.69
222.687
222.685
222.682
222.68
222.678
222.676
222.674
222.672
222.67
222.669
222.667
222.666
222.664
223.668
223.048
222.628
221.793
222.143
222.225
222.507
222.609
222.708
222.792
222.876
222.965
223.049
223.117
223.174
223.207
223.222
223.221
223.208
223.183
223.144
223.096
223.041
222.984
222.927
222.874
222.828
222.79
222.759
222.735
222.717
222.701
222.689
222.678
222.67
222.665
222.664
222.664
222.666
222.67
222.673
222.677
222.68
222.683
222.685
222.687
222.687
222.687
222.687
222.686
222.684
222.682
222.68
222.677
222.675
222.672
222.669
222.666
222.663
222.66
222.657
222.654
222.651
222.648
222.646
222.643
222.641
222.638
222.636
222.634
222.632
222.63
222.628
222.626
222.624
222.623
222.621
222.62
222.618
223.77
223.186
222.807
222.041
222.381
222.407
222.65
222.741
222.832
222.902
222.973
223.052
223.131
223.201
223.262
223.303
223.324
223.326
223.318
223.297
223.261
223.214
223.159
223.098
223.036
222.975
222.919
222.869
222.829
222.796
222.769
222.748
222.729
222.713
222.698
222.685
222.674
222.666
222.661
222.657
222.654
222.653
222.652
222.651
222.65
222.649
222.647
222.646
222.644
222.642
222.639
222.637
222.634
222.631
222.628
222.625
222.622
222.619
222.616
222.613
222.61
222.607
222.604
222.602
222.599
222.597
222.594
222.592
222.59
222.588
222.586
222.584
222.582
222.581
222.579
222.577
222.576
222.574
222.572
223.862
223.313
222.976
222.277
222.605
222.582
222.785
222.867
222.953
223.011
223.07
223.14
223.215
223.285
223.349
223.396
223.423
223.428
223.424
223.406
223.374
223.33
223.276
223.215
223.15
223.085
223.023
222.964
222.911
222.866
222.83
222.8
222.774
222.752
222.731
222.712
222.694
222.678
222.664
222.652
222.643
222.635
222.628
222.623
222.618
222.614
222.61
222.606
222.602
222.599
222.595
222.591
222.588
222.584
222.58
222.577
222.574
222.57
222.567
222.564
222.561
222.559
222.556
222.554
222.552
222.549
222.547
222.545
222.543
222.541
222.54
222.538
222.536
222.535
222.533
222.532
222.531
222.529
222.528
223.943
223.43
223.135
222.491
222.809
222.756
222.92
222.99
223.068
223.117
223.168
223.229
223.298
223.368
223.434
223.486
223.519
223.527
223.525
223.508
223.481
223.44
223.389
223.33
223.266
223.198
223.131
223.066
223.006
222.951
222.903
222.861
222.826
222.795
222.768
222.743
222.72
222.697
222.676
222.657
222.64
222.626
222.613
222.602
222.592
222.583
222.576
222.569
222.563
222.557
222.552
222.547
222.542
222.538
222.534
222.531
222.527
222.524
222.521
222.518
222.515
222.513
222.51
222.508
222.506
222.503
222.501
222.499
222.497
222.496
222.494
222.492
222.491
222.49
222.488
222.487
222.486
222.485
222.483
224.013
223.537
223.279
222.677
222.989
222.93
223.059
223.111
223.18
223.221
223.264
223.318
223.383
223.451
223.519
223.573
223.61
223.622
223.621
223.606
223.582
223.545
223.499
223.444
223.382
223.315
223.246
223.176
223.108
223.044
222.986
222.933
222.886
222.844
222.808
222.776
222.746
222.719
222.692
222.668
222.645
222.624
222.605
222.588
222.573
222.56
222.548
222.538
222.529
222.521
222.514
222.508
222.502
222.497
222.492
222.488
222.484
222.48
222.476
222.473
222.47
222.467
222.465
222.462
222.46
222.458
222.456
222.454
222.452
222.45
222.448
222.447
222.445
222.444
222.443
222.441
222.44
222.439
222.437
224.071
223.636
223.409
222.839
223.142
223.103
223.202
223.238
223.291
223.325
223.361
223.408
223.467
223.534
223.601
223.657
223.696
223.712
223.711
223.699
223.678
223.646
223.604
223.554
223.496
223.432
223.363
223.291
223.218
223.146
223.078
223.013
222.954
222.902
222.854
222.812
222.774
222.74
222.709
222.68
222.652
222.626
222.602
222.579
222.559
222.541
222.525
222.511
222.498
222.487
222.478
222.47
222.462
222.456
222.45
222.445
222.441
222.436
222.432
222.428
222.425
222.422
222.419
222.416
222.413
222.411
222.409
222.407
222.405
222.403
222.401
222.399
222.398
222.396
222.395
222.393
222.392
222.391
222.389
224.123
223.727
223.531
223.004
223.264
223.266
223.335
223.365
223.406
223.431
223.458
223.499
223.553
223.616
223.681
223.736
223.778
223.796
223.797
223.788
223.769
223.742
223.705
223.66
223.607
223.546
223.48
223.408
223.332
223.255
223.178
223.104
223.034
222.969
222.91
222.857
222.809
222.767
222.729
222.695
222.663
222.633
222.605
222.579
222.556
222.534
222.514
222.496
222.48
222.466
222.453
222.442
222.432
222.423
222.415
222.408
222.401
222.396
222.39
222.386
222.381
222.378
222.374
222.371
222.368
222.365
222.362
222.36
222.358
222.356
222.354
222.352
222.35
222.348
222.347
222.346
222.344
222.343
222.341
224.173
223.817
223.658
223.187
223.368
223.401
223.446
223.483
223.519
223.539
223.558
223.592
223.64
223.697
223.758
223.812
223.854
223.874
223.878
223.871
223.856
223.833
223.801
223.761
223.713
223.657
223.593
223.523
223.447
223.367
223.285
223.203
223.123
223.047
222.976
222.911
222.853
222.801
222.755
222.714
222.677
222.643
222.612
222.583
222.557
222.532
222.51
222.489
222.47
222.452
222.436
222.422
222.409
222.397
222.386
222.377
222.368
222.36
222.353
222.347
222.341
222.336
222.331
222.327
222.323
222.319
222.316
222.312
222.309
222.307
222.304
222.302
222.3
222.298
222.296
222.295
222.293
222.291
222.29
224.225
223.912
223.789
223.375
223.466
223.515
223.532
223.58
223.622
223.643
223.659
223.688
223.729
223.779
223.833
223.884
223.925
223.948
223.954
223.949
223.938
223.92
223.893
223.858
223.815
223.762
223.702
223.633
223.558
223.477
223.391
223.304
223.218
223.133
223.053
222.978
222.908
222.846
222.79
222.74
222.696
222.657
222.622
222.59
222.561
222.535
222.51
222.487
222.466
222.446
222.428
222.411
222.395
222.381
222.367
222.355
222.344
222.334
222.325
222.316
222.309
222.302
222.295
222.289
222.284
222.279
222.275
222.27
222.267
222.263
222.26
222.257
222.254
222.251
222.249
222.247
222.245
222.242
222.24
224.281
224.011
223.916
223.547
223.556
223.618
223.608
223.663
223.712
223.742
223.759
223.784
223.819
223.86
223.907
223.953
223.992
224.017
224.026
224.023
224.016
224.001
223.98
223.95
223.911
223.862
223.804
223.738
223.663
223.582
223.495
223.405
223.315
223.224
223.137
223.054
222.976
222.904
222.838
222.779
222.727
222.68
222.639
222.603
222.57
222.54
222.513
222.488
222.465
222.443
222.423
222.404
222.387
222.37
222.355
222.341
222.327
222.315
222.304
222.293
222.283
222.274
222.266
222.259
222.252
222.245
222.239
222.233
222.228
222.224
222.219
222.215
222.211
222.208
222.205
222.202
222.199
222.196
222.194
224.34
224.109
224.038
223.696
223.627
223.712
223.685
223.746
223.798
223.834
223.856
223.88
223.909
223.942
223.98
224.02
224.056
224.083
224.095
224.094
224.09
224.079
224.062
224.036
224
223.955
223.9
223.835
223.761
223.68
223.593
223.502
223.41
223.316
223.225
223.136
223.052
222.972
222.899
222.832
222.771
222.716
222.668
222.625
222.587
222.552
222.521
222.493
222.467
222.443
222.421
222.4
222.381
222.363
222.346
222.329
222.314
222.3
222.287
222.275
222.263
222.253
222.243
222.233
222.225
222.217
222.209
222.202
222.196
222.19
222.184
222.179
222.174
222.17
222.166
222.162
222.158
222.155
222.152
224.404
224.207
224.15
223.826
223.691
223.8
223.768
223.835
223.883
223.924
223.95
223.974
223.997
224.023
224.053
224.086
224.119
224.146
224.161
224.162
224.161
224.152
224.139
224.115
224.083
224.041
223.987
223.924
223.851
223.77
223.684
223.593
223.5
223.406
223.312
223.221
223.133
223.049
222.97
222.896
222.828
222.766
222.71
222.659
222.614
222.573
222.537
222.504
222.474
222.447
222.422
222.399
222.377
222.357
222.338
222.32
222.304
222.288
222.273
222.26
222.247
222.235
222.223
222.213
222.203
222.194
222.185
222.177
222.169
222.162
222.156
222.149
222.144
222.138
222.133
222.129
222.124
222.12
222.116
224.473
224.306
224.254
223.942
223.758
223.886
223.852
223.924
223.967
224.012
224.041
224.066
224.085
224.104
224.126
224.153
224.181
224.207
224.225
224.229
224.229
224.222
224.21
224.189
224.159
224.118
224.066
224.004
223.932
223.852
223.767
223.677
223.584
223.491
223.397
223.305
223.215
223.129
223.047
222.968
222.895
222.827
222.764
222.706
222.653
222.605
222.562
222.523
222.488
222.456
222.426
222.4
222.375
222.353
222.332
222.312
222.294
222.277
222.261
222.246
222.233
222.219
222.207
222.196
222.185
222.175
222.165
222.156
222.148
222.14
222.132
222.126
222.119
222.113
222.107
222.102
222.097
222.092
222.088
224.549
224.409
224.353
224.047
223.831
223.971
223.935
224.01
224.049
224.096
224.129
224.154
224.171
224.184
224.2
224.22
224.244
224.268
224.287
224.295
224.295
224.289
224.278
224.258
224.229
224.188
224.137
224.075
224.004
223.926
223.841
223.753
223.662
223.57
223.478
223.387
223.297
223.21
223.126
223.045
222.968
222.896
222.827
222.763
222.704
222.649
222.599
222.553
222.511
222.473
222.439
222.407
222.379
222.353
222.329
222.307
222.287
222.268
222.251
222.235
222.219
222.205
222.192
222.18
222.169
222.158
222.148
222.138
222.129
222.121
222.113
222.105
222.098
222.091
222.085
222.079
222.074
222.069
222.064
224.632
224.514
224.447
224.144
223.906
224.053
224.016
224.093
224.129
224.178
224.214
224.24
224.254
224.264
224.274
224.289
224.307
224.328
224.348
224.358
224.36
224.353
224.342
224.321
224.292
224.251
224.2
224.138
224.068
223.991
223.909
223.823
223.735
223.645
223.555
223.465
223.376
223.289
223.204
223.122
223.043
222.968
222.896
222.827
222.763
222.703
222.646
222.594
222.546
222.502
222.462
222.425
222.392
222.361
222.333
222.308
222.284
222.263
222.244
222.226
222.209
222.194
222.179
222.166
222.153
222.142
222.131
222.121
222.112
222.103
222.094
222.086
222.079
222.072
222.066
222.059
222.053
222.048
222.043
224.721
224.62
224.535
224.235
223.984
224.13
224.095
224.172
224.206
224.256
224.295
224.323
224.336
224.342
224.349
224.359
224.371
224.389
224.407
224.419
224.422
224.415
224.403
224.379
224.349
224.307
224.255
224.194
224.125
224.05
223.97
223.887
223.801
223.714
223.626
223.538
223.451
223.365
223.28
223.197
223.117
223.04
222.965
222.894
222.826
222.762
222.701
222.645
222.592
222.543
222.497
222.455
222.416
222.381
222.349
222.319
222.292
222.267
222.244
222.224
222.205
222.187
222.171
222.156
222.143
222.13
222.118
222.107
222.097
222.087
222.078
222.069
222.061
222.054
222.047
222.041
222.035
222.029
222.023
224.816
224.725
224.619
224.321
224.061
224.204
224.171
224.249
224.28
224.331
224.372
224.402
224.414
224.419
224.424
224.43
224.438
224.451
224.466
224.478
224.481
224.474
224.46
224.433
224.401
224.356
224.304
224.242
224.175
224.102
224.025
223.945
223.863
223.778
223.693
223.607
223.521
223.436
223.352
223.269
223.188
223.109
223.033
222.96
222.89
222.824
222.761
222.701
222.644
222.591
222.542
222.496
222.453
222.414
222.377
222.343
222.312
222.283
222.257
222.233
222.21
222.19
222.172
222.155
222.139
222.125
222.111
222.099
222.087
222.077
222.067
222.058
222.049
222.041
222.034
222.027
222.02
222.014
222.008
224.913
224.829
224.698
224.402
224.138
224.274
224.247
224.323
224.352
224.402
224.444
224.477
224.49
224.495
224.499
224.502
224.506
224.514
224.524
224.534
224.537
224.529
224.512
224.483
224.447
224.399
224.346
224.285
224.219
224.148
224.074
223.997
223.918
223.836
223.753
223.67
223.585
223.501
223.418
223.335
223.255
223.176
223.099
223.026
222.955
222.887
222.822
222.76
222.702
222.647
222.595
222.546
222.5
222.457
222.417
222.38
222.346
222.314
222.284
222.256
222.231
222.207
222.186
222.166
222.147
222.13
222.115
222.1
222.087
222.075
222.064
222.053
222.043
222.034
222.026
222.018
222.011
222.004
221.998
225.011
224.929
224.774
224.48
224.212
224.341
224.322
224.396
224.421
224.469
224.512
224.548
224.563
224.569
224.571
224.573
224.575
224.579
224.584
224.59
224.59
224.58
224.56
224.527
224.487
224.437
224.382
224.321
224.257
224.189
224.117
224.043
223.966
223.887
223.807
223.725
223.642
223.56
223.478
223.396
223.316
223.238
223.162
223.089
223.018
222.95
222.884
222.822
222.763
222.706
222.653
222.602
222.555
222.51
222.467
222.428
222.391
222.356
222.324
222.294
222.266
222.239
222.215
222.192
222.171
222.152
222.134
222.117
222.101
222.087
222.073
222.061
222.049
222.039
222.029
222.02
222.011
222.003
221.996
225.108
225.026
224.848
224.553
224.283
224.406
224.397
224.469
224.489
224.534
224.577
224.615
224.633
224.64
224.642
224.643
224.644
224.645
224.644
224.646
224.642
224.627
224.604
224.566
224.523
224.47
224.414
224.353
224.29
224.223
224.154
224.082
224.007
223.931
223.852
223.772
223.691
223.611
223.53
223.45
223.372
223.295
223.221
223.148
223.078
223.011
222.946
222.884
222.824
222.768
222.714
222.662
222.614
222.568
222.524
222.483
222.444
222.408
222.374
222.341
222.311
222.283
222.257
222.232
222.209
222.187
222.167
222.148
222.13
222.114
222.098
222.084
222.071
222.058
222.046
222.035
222.025
222.016
222.006
225.204
225.119
224.92
224.622
224.352
224.469
224.469
224.539
224.557
224.597
224.638
224.678
224.7
224.708
224.711
224.712
224.711
224.71
224.704
224.701
224.693
224.671
224.643
224.601
224.554
224.499
224.442
224.381
224.319
224.253
224.185
224.114
224.041
223.966
223.889
223.811
223.732
223.653
223.575
223.498
223.421
223.347
223.274
223.203
223.135
223.069
223.005
222.944
222.885
222.828
222.775
222.723
222.674
222.628
222.583
222.541
222.502
222.464
222.429
222.395
222.364
222.334
222.307
222.28
222.256
222.233
222.211
222.19
222.171
222.153
222.136
222.12
222.105
222.091
222.078
222.066
222.054
222.043
222.033
225.298
225.208
224.989
224.689
224.422
224.531
224.537
224.606
224.623
224.659
224.696
224.739
224.764
224.774
224.779
224.78
224.778
224.774
224.765
224.756
224.74
224.713
224.678
224.632
224.581
224.525
224.467
224.406
224.344
224.278
224.211
224.14
224.068
223.994
223.919
223.842
223.766
223.689
223.613
223.538
223.464
223.392
223.322
223.254
223.187
223.123
223.061
223.001
222.943
222.888
222.834
222.784
222.735
222.688
222.644
222.602
222.562
222.524
222.488
222.454
222.422
222.391
222.363
222.335
222.31
222.285
222.262
222.241
222.22
222.201
222.183
222.166
222.15
222.135
222.121
222.107
222.094
222.082
222.07
225.391
225.295
225.059
224.756
224.492
224.593
224.599
224.666
224.686
224.718
224.752
224.796
224.826
224.839
224.844
224.845
224.842
224.836
224.823
224.808
224.785
224.751
224.711
224.66
224.607
224.549
224.49
224.429
224.365
224.299
224.231
224.161
224.089
224.016
223.942
223.867
223.792
223.718
223.645
223.572
223.502
223.432
223.364
223.299
223.234
223.172
223.112
223.054
222.998
222.944
222.892
222.842
222.794
222.748
222.704
222.663
222.623
222.585
222.549
222.515
222.482
222.451
222.422
222.394
222.368
222.343
222.319
222.297
222.275
222.255
222.237
222.219
222.202
222.186
222.171
222.156
222.143
222.129
222.116
225.484
225.379
225.128
224.822
224.563
224.652
224.655
224.72
224.745
224.776
224.806
224.85
224.884
224.9
224.907
224.908
224.905
224.896
224.88
224.858
224.827
224.786
224.74
224.687
224.631
224.572
224.512
224.449
224.384
224.316
224.247
224.177
224.105
224.032
223.959
223.886
223.814
223.742
223.671
223.602
223.533
223.467
223.402
223.338
223.277
223.217
223.159
223.102
223.048
222.996
222.945
222.897
222.85
222.806
222.763
222.722
222.682
222.645
222.609
222.575
222.543
222.512
222.482
222.454
222.427
222.402
222.378
222.355
222.333
222.313
222.293
222.275
222.257
222.241
222.225
222.209
222.195
222.181
222.167
225.575
225.461
225.197
224.887
224.633
224.709
224.705
224.768
224.8
224.831
224.859
224.902
224.94
224.959
224.967
224.968
224.964
224.953
224.933
224.904
224.866
224.819
224.768
224.711
224.654
224.593
224.531
224.465
224.398
224.329
224.259
224.188
224.116
224.044
223.972
223.901
223.831
223.761
223.693
223.626
223.561
223.497
223.435
223.374
223.315
223.257
223.201
223.147
223.095
223.045
222.996
222.949
222.904
222.86
222.818
222.778
222.74
222.703
222.668
222.634
222.602
222.571
222.542
222.513
222.487
222.461
222.437
222.414
222.392
222.372
222.352
222.334
222.316
222.299
222.283
222.267
222.251
222.237
222.222
225.664
225.54
225.265
224.951
224.7
224.761
224.75
224.81
224.851
224.886
224.911
224.954
224.994
225.015
225.025
225.026
225.021
225.008
224.983
224.947
224.902
224.849
224.794
224.735
224.675
224.611
224.546
224.478
224.409
224.338
224.266
224.194
224.122
224.051
223.981
223.912
223.844
223.777
223.712
223.648
223.585
223.524
223.464
223.406
223.349
223.294
223.241
223.189
223.138
223.09
223.043
222.997
222.954
222.912
222.871
222.832
222.795
222.759
222.724
222.691
222.659
222.629
222.6
222.572
222.546
222.521
222.497
222.475
222.453
222.433
222.413
222.395
222.377
222.36
222.343
222.327
222.311
222.296
222.281
225.75
225.615
225.332
225.013
224.764
224.808
224.79
224.848
224.897
224.938
224.965
225.006
225.046
225.069
225.08
225.081
225.075
225.058
225.029
224.987
224.935
224.878
224.818
224.757
224.694
224.627
224.559
224.487
224.415
224.342
224.269
224.197
224.125
224.055
223.987
223.919
223.854
223.79
223.727
223.666
223.606
223.547
223.49
223.435
223.38
223.328
223.276
223.227
223.178
223.132
223.087
223.043
223.001
222.96
222.921
222.883
222.847
222.812
222.778
222.746
222.716
222.686
222.658
222.632
222.606
222.582
222.558
222.536
222.515
222.495
222.476
222.457
222.439
222.422
222.405
222.388
222.372
222.357
222.343
225.831
225.686
225.399
225.075
224.824
224.85
224.826
224.881
224.939
224.989
225.018
225.058
225.096
225.121
225.132
225.134
225.125
225.105
225.071
225.023
224.966
224.905
224.842
224.777
224.71
224.64
224.568
224.493
224.418
224.343
224.269
224.196
224.125
224.056
223.99
223.924
223.861
223.799
223.739
223.681
223.623
223.568
223.513
223.46
223.408
223.358
223.309
223.261
223.215
223.17
223.127
223.085
223.044
223.005
222.968
222.932
222.897
222.863
222.831
222.8
222.771
222.743
222.715
222.69
222.665
222.641
222.618
222.597
222.576
222.557
222.538
222.519
222.501
222.484
222.467
222.45
222.434
222.419
222.406
225.907
225.754
225.466
225.135
224.881
224.888
224.86
224.91
224.975
225.035
225.07
225.11
225.147
225.171
225.182
225.183
225.171
225.147
225.108
225.055
224.994
224.93
224.864
224.795
224.724
224.65
224.574
224.496
224.418
224.342
224.267
224.194
224.124
224.056
223.991
223.927
223.866
223.807
223.749
223.693
223.638
223.585
223.533
223.482
223.433
223.385
223.338
223.292
223.248
223.205
223.164
223.124
223.086
223.048
223.012
222.978
222.945
222.913
222.882
222.852
222.824
222.797
222.771
222.746
222.722
222.699
222.677
222.656
222.636
222.617
222.598
222.58
222.562
222.545
222.528
222.511
222.496
222.482
222.47
225.979
225.819
225.532
225.197
224.936
224.923
224.891
224.936
225.005
225.075
225.118
225.16
225.197
225.219
225.23
225.229
225.214
225.185
225.141
225.084
225.02
224.953
224.884
224.811
224.736
224.657
224.577
224.496
224.417
224.339
224.264
224.192
224.122
224.055
223.991
223.929
223.87
223.812
223.757
223.703
223.65
223.599
223.55
223.501
223.454
223.408
223.364
223.32
223.278
223.238
223.198
223.16
223.123
223.088
223.054
223.021
222.989
222.959
222.929
222.901
222.874
222.848
222.823
222.799
222.776
222.754
222.733
222.713
222.693
222.675
222.657
222.639
222.621
222.604
222.587
222.571
222.556
222.544
222.534
226.045
225.88
225.598
225.258
224.991
224.954
224.921
224.961
225.032
225.109
225.162
225.208
225.244
225.266
225.276
225.272
225.253
225.219
225.169
225.109
225.044
224.974
224.901
224.824
224.743
224.661
224.578
224.496
224.415
224.337
224.261
224.189
224.12
224.054
223.991
223.931
223.873
223.817
223.763
223.711
223.661
223.612
223.564
223.518
223.473
223.429
223.387
223.346
223.306
223.267
223.23
223.193
223.158
223.125
223.092
223.061
223.031
223.001
222.973
222.946
222.92
222.896
222.872
222.849
222.827
222.806
222.786
222.767
222.748
222.73
222.713
222.695
222.678
222.661
222.644
222.629
222.615
222.605
222.599
226.106
225.938
225.661
225.318
225.045
224.987
224.954
224.986
225.057
225.139
225.199
225.251
225.289
225.31
225.319
225.313
225.288
225.248
225.194
225.132
225.064
224.991
224.913
224.832
224.747
224.661
224.576
224.493
224.412
224.333
224.258
224.187
224.118
224.053
223.991
223.932
223.875
223.821
223.769
223.718
223.67
223.623
223.577
223.533
223.49
223.448
223.408
223.368
223.33
223.294
223.258
223.224
223.19
223.158
223.127
223.098
223.069
223.041
223.014
222.989
222.964
222.94
222.918
222.896
222.875
222.856
222.837
222.818
222.8
222.783
222.766
222.749
222.732
222.716
222.7
222.685
222.674
222.667
222.663
226.163
225.994
225.723
225.376
225.098
225.02
224.989
225.014
225.082
225.166
225.232
225.289
225.329
225.352
225.359
225.349
225.319
225.275
225.217
225.151
225.081
225.004
224.922
224.835
224.747
224.659
224.572
224.488
224.406
224.328
224.254
224.183
224.116
224.052
223.991
223.932
223.877
223.824
223.773
223.725
223.678
223.632
223.588
223.546
223.505
223.465
223.426
223.389
223.353
223.318
223.284
223.251
223.22
223.189
223.16
223.132
223.104
223.078
223.053
223.028
223.005
222.983
222.961
222.941
222.921
222.902
222.884
222.867
222.85
222.833
222.817
222.8
222.783
222.767
222.752
222.74
222.731
222.727
222.726
226.216
226.046
225.785
225.434
225.151
225.054
225.026
225.044
225.108
225.191
225.261
225.322
225.366
225.389
225.395
225.382
225.347
225.298
225.237
225.169
225.094
225.013
224.925
224.835
224.744
224.653
224.565
224.481
224.399
224.322
224.248
224.178
224.112
224.048
223.989
223.931
223.877
223.825
223.776
223.728
223.683
223.64
223.598
223.557
223.517
223.479
223.443
223.407
223.373
223.339
223.307
223.276
223.246
223.217
223.189
223.162
223.136
223.111
223.087
223.064
223.042
223.021
223.001
222.982
222.963
222.946
222.929
222.912
222.896
222.88
222.863
222.847
222.831
222.816
222.802
222.793
222.787
222.785
222.786
226.267
226.097
225.845
225.491
225.203
225.09
225.064
225.076
225.136
225.217
225.288
225.352
225.398
225.423
225.428
225.41
225.372
225.319
225.255
225.184
225.105
225.018
224.925
224.831
224.737
224.645
224.556
224.471
224.39
224.313
224.24
224.171
224.105
224.043
223.984
223.928
223.875
223.824
223.776
223.73
223.686
223.644
223.603
223.564
223.527
223.491
223.456
223.422
223.389
223.357
223.327
223.297
223.269
223.241
223.215
223.189
223.165
223.141
223.119
223.097
223.076
223.056
223.037
223.019
223.002
222.985
222.969
222.953
222.937
222.921
222.905
222.889
222.873
222.86
222.849
222.843
222.841
222.841
222.844
226.315
226.146
225.905
225.548
225.256
225.126
225.104
225.109
225.165
225.243
225.314
225.38
225.427
225.454
225.457
225.436
225.395
225.339
225.272
225.197
225.112
225.019
224.922
224.824
224.728
224.634
224.544
224.459
224.378
224.301
224.229
224.161
224.096
224.035
223.977
223.922
223.87
223.821
223.774
223.729
223.686
223.645
223.606
223.569
223.533
223.498
223.465
223.432
223.401
223.371
223.342
223.314
223.287
223.261
223.236
223.212
223.189
223.167
223.145
223.125
223.105
223.087
223.069
223.052
223.035
223.019
223.004
222.988
222.972
222.956
222.941
222.925
222.911
222.901
222.894
222.892
222.892
222.895
222.903
226.362
226.195
225.964
225.604
225.309
225.164
225.145
225.142
225.195
225.269
225.339
225.406
225.454
225.481
225.483
225.458
225.415
225.356
225.287
225.207
225.117
225.018
224.917
224.816
224.717
224.622
224.531
224.445
224.364
224.288
224.216
224.148
224.084
224.024
223.967
223.913
223.862
223.814
223.768
223.725
223.684
223.644
223.606
223.57
223.535
223.502
223.47
223.439
223.41
223.381
223.354
223.327
223.302
223.277
223.253
223.231
223.209
223.188
223.168
223.149
223.13
223.113
223.096
223.08
223.065
223.05
223.035
223.019
223.004
222.988
222.972
222.959
222.948
222.941
222.939
222.939
222.942
222.95
222.968
226.409
226.244
226.023
225.66
225.361
225.203
225.186
225.176
225.226
225.297
225.366
225.431
225.478
225.506
225.507
225.478
225.433
225.372
225.3
225.215
225.118
225.015
224.91
224.806
224.705
224.608
224.517
224.43
224.349
224.273
224.201
224.133
224.07
224.01
223.954
223.901
223.851
223.804
223.759
223.717
223.677
223.639
223.603
223.568
223.535
223.503
223.472
223.442
223.414
223.387
223.361
223.336
223.312
223.289
223.267
223.246
223.225
223.206
223.187
223.169
223.152
223.135
223.119
223.104
223.089
223.073
223.058
223.042
223.027
223.012
222.999
222.988
222.982
222.98
222.98
222.984
222.993
223.013
223.05
226.455
226.292
226.08
225.714
225.413
225.241
225.227
225.21
225.258
225.326
225.393
225.456
225.501
225.529
225.527
225.495
225.449
225.386
225.31
225.219
225.118
225.01
224.902
224.795
224.692
224.594
224.502
224.414
224.333
224.256
224.185
224.117
224.054
223.995
223.939
223.887
223.838
223.791
223.748
223.707
223.668
223.631
223.596
223.563
223.531
223.5
223.471
223.443
223.416
223.39
223.365
223.342
223.319
223.298
223.277
223.257
223.237
223.219
223.201
223.184
223.167
223.152
223.137
223.123
223.109
223.095
223.08
223.064
223.049
223.036
223.025
223.019
223.017
223.018
223.022
223.033
223.055
223.096
223.16
226.5
226.34
226.137
225.768
225.464
225.279
225.268
225.244
225.291
225.356
225.421
225.481
225.523
225.551
225.546
225.511
225.463
225.397
225.316
225.22
225.114
225.003
224.892
224.783
224.679
224.58
224.486
224.398
224.316
224.24
224.168
224.101
224.038
223.979
223.923
223.872
223.823
223.778
223.735
223.695
223.657
223.621
223.587
223.555
223.524
223.495
223.468
223.441
223.416
223.392
223.368
223.346
223.324
223.304
223.284
223.264
223.246
223.229
223.212
223.197
223.182
223.168
223.153
223.139
223.125
223.11
223.094
223.08
223.067
223.057
223.051
223.049
223.051
223.056
223.069
223.094
223.138
223.207
223.312
226.544
226.388
226.192
225.821
225.514
225.318
225.309
225.278
225.323
225.385
225.45
225.507
225.545
225.571
225.563
225.525
225.475
225.406
225.32
225.218
225.109
224.995
224.882
224.771
224.666
224.566
224.471
224.383
224.3
224.223
224.151
224.084
224.021
223.962
223.908
223.856
223.808
223.764
223.722
223.683
223.646
223.611
223.578
223.547
223.517
223.489
223.463
223.438
223.414
223.391
223.369
223.348
223.327
223.308
223.289
223.271
223.254
223.238
223.222
223.207
223.193
223.179
223.165
223.151
223.136
223.121
223.106
223.093
223.084
223.079
223.078
223.079
223.085
223.1
223.127
223.174
223.249
223.362
223.524
226.586
226.434
226.246
225.872
225.565
225.358
225.344
225.312
225.355
225.415
225.478
225.533
225.568
225.59
225.579
225.537
225.485
225.411
225.32
225.214
225.101
224.985
224.871
224.759
224.653
224.552
224.457
224.368
224.285
224.208
224.135
224.068
224.006
223.947
223.893
223.843
223.795
223.751
223.71
223.672
223.636
223.602
223.57
223.54
223.511
223.485
223.459
223.435
223.412
223.39
223.369
223.349
223.33
223.312
223.294
223.277
223.261
223.246
223.231
223.217
223.203
223.19
223.176
223.161
223.146
223.131
223.118
223.108
223.103
223.102
223.104
223.11
223.125
223.154
223.202
223.28
223.4
223.572
223.809
226.627
226.479
226.297
225.921
225.616
225.401
225.377
225.345
225.387
225.445
225.507
225.559
225.59
225.609
225.594
225.549
225.494
225.414
225.318
225.209
225.093
224.975
224.86
224.748
224.641
224.539
224.444
224.355
224.271
224.194
224.121
224.054
223.992
223.934
223.881
223.831
223.785
223.742
223.701
223.664
223.628
223.595
223.564
223.535
223.508
223.482
223.457
223.434
223.412
223.391
223.371
223.351
223.333
223.316
223.299
223.283
223.268
223.253
223.239
223.226
223.213
223.199
223.184
223.169
223.154
223.141
223.131
223.125
223.124
223.126
223.132
223.146
223.173
223.221
223.3
223.42
223.597
223.842
224.164
226.666
226.521
226.346
225.969
225.666
225.445
225.409
225.377
225.419
225.475
225.536
225.585
225.612
225.628
225.608
225.561
225.5
225.415
225.315
225.202
225.084
224.965
224.849
224.736
224.629
224.528
224.432
224.343
224.259
224.181
224.109
224.042
223.981
223.924
223.871
223.822
223.777
223.735
223.695
223.658
223.624
223.591
223.561
223.533
223.506
223.481
223.457
223.435
223.413
223.393
223.374
223.355
223.338
223.321
223.305
223.29
223.275
223.262
223.249
223.235
223.222
223.208
223.193
223.177
223.163
223.152
223.146
223.144
223.145
223.15
223.163
223.188
223.233
223.308
223.425
223.6
223.844
224.169
224.577
226.704
226.562
226.392
226.015
225.716
225.49
225.442
225.409
225.45
225.506
225.565
225.611
225.635
225.646
225.622
225.571
225.504
225.414
225.309
225.194
225.075
224.955
224.838
224.726
224.619
224.517
224.421
224.332
224.248
224.171
224.099
224.033
223.972
223.916
223.864
223.816
223.771
223.73
223.691
223.655
223.621
223.59
223.561
223.533
223.507
223.483
223.459
223.438
223.417
223.397
223.379
223.361
223.344
223.328
223.313
223.299
223.285
223.272
223.259
223.246
223.232
223.217
223.202
223.187
223.175
223.168
223.165
223.166
223.17
223.181
223.204
223.245
223.315
223.425
223.591
223.826
224.143
224.547
225.033
226.739
226.601
226.435
226.058
225.765
225.538
225.476
225.444
225.483
225.537
225.595
225.637
225.657
225.663
225.635
225.579
225.506
225.41
225.302
225.185
225.065
224.945
224.828
224.715
224.608
224.507
224.411
224.322
224.238
224.161
224.09
224.025
223.964
223.909
223.858
223.81
223.767
223.726
223.688
223.653
223.621
223.59
223.561
223.534
223.509
223.485
223.463
223.442
223.422
223.403
223.385
223.368
223.352
223.337
223.322
223.309
223.296
223.283
223.27
223.256
223.242
223.227
223.212
223.199
223.191
223.187
223.188
223.191
223.2
223.221
223.259
223.324
223.426
223.582
223.806
224.109
224.501
224.977
225.524
226.773
226.639
226.476
226.1
225.813
225.589
225.513
225.481
225.518
225.569
225.624
225.663
225.678
225.679
225.645
225.586
225.505
225.404
225.293
225.175
225.054
224.934
224.817
224.705
224.598
224.496
224.401
224.312
224.229
224.153
224.082
224.017
223.957
223.903
223.852
223.806
223.763
223.723
223.686
223.652
223.62
223.59
223.562
223.536
223.511
223.488
223.467
223.446
223.427
223.409
223.391
223.375
223.36
223.345
223.332
223.319
223.306
223.294
223.28
223.266
223.251
223.236
223.223
223.214
223.21
223.209
223.212
223.221
223.24
223.276
223.336
223.432
223.578
223.789
224.078
224.453
224.914
225.45
226.037
226.807
226.676
226.516
226.142
225.862
225.641
225.554
225.522
225.554
225.602
225.654
225.687
225.697
225.692
225.652
225.588
225.501
225.395
225.281
225.162
225.042
224.922
224.805
224.693
224.586
224.485
224.391
224.302
224.22
224.145
224.074
224.01
223.951
223.897
223.847
223.801
223.759
223.72
223.684
223.65
223.619
223.59
223.563
223.537
223.513
223.491
223.47
223.45
223.432
223.414
223.398
223.382
223.368
223.354
223.341
223.328
223.316
223.303
223.288
223.273
223.258
223.245
223.236
223.231
223.23
223.233
223.241
223.26
223.295
223.352
223.444
223.583
223.784
224.06
224.421
224.866
225.387
225.961
226.563
226.842
226.713
226.556
226.185
225.911
225.695
225.597
225.567
225.592
225.634
225.681
225.709
225.713
225.702
225.655
225.586
225.493
225.383
225.267
225.148
225.028
224.909
224.792
224.68
224.574
224.474
224.38
224.293
224.211
224.136
224.067
224.003
223.944
223.891
223.841
223.796
223.755
223.716
223.681
223.648
223.617
223.588
223.562
223.537
223.514
223.493
223.473
223.453
223.436
223.419
223.403
223.388
223.375
223.362
223.349
223.337
223.323
223.309
223.294
223.279
223.266
223.257
223.252
223.251
223.254
223.263
223.283
223.318
223.375
223.465
223.601
223.797
224.065
224.414
224.846
225.352
225.913
226.502
227.084
226.877
226.751
226.596
226.23
225.962
225.75
225.642
225.612
225.63
225.665
225.705
225.726
225.726
225.707
225.653
225.579
225.482
225.369
225.251
225.131
225.011
224.893
224.777
224.666
224.561
224.461
224.369
224.282
224.201
224.127
224.058
223.995
223.937
223.884
223.835
223.791
223.749
223.712
223.677
223.644
223.614
223.586
223.56
223.537
223.514
223.493
223.474
223.456
223.438
223.422
223.408
223.394
223.381
223.368
223.356
223.342
223.328
223.313
223.299
223.285
223.276
223.272
223.272
223.275
223.286
223.307
223.343
223.402
223.495
223.632
223.828
224.094
224.438
224.863
225.358
225.906
226.48
227.046
227.577
226.913
226.79
226.638
226.278
226.013
225.803
225.686
225.656
225.665
225.692
225.725
225.74
225.734
225.707
225.646
225.567
225.466
225.351
225.233
225.113
224.993
224.876
224.761
224.651
224.547
224.449
224.357
224.272
224.192
224.118
224.05
223.988
223.93
223.877
223.829
223.785
223.744
223.706
223.672
223.64
223.61
223.583
223.558
223.535
223.513
223.493
223.475
223.457
223.441
223.426
223.412
223.399
223.386
223.373
223.36
223.345
223.33
223.316
223.304
223.295
223.292
223.292
223.298
223.31
223.334
223.374
223.438
223.536
223.679
223.881
224.152
224.499
224.922
225.41
225.947
226.503
227.049
227.555
227.993
226.951
226.831
226.681
226.326
226.063
225.855
225.728
225.699
225.697
225.715
225.74
225.749
225.737
225.702
225.636
225.551
225.447
225.332
225.213
225.093
224.974
224.858
224.744
224.636
224.533
224.436
224.345
224.261
224.182
224.11
224.042
223.98
223.923
223.871
223.823
223.779
223.739
223.702
223.667
223.636
223.607
223.581
223.556
223.534
223.513
223.493
223.475
223.459
223.443
223.429
223.416
223.403
223.389
223.375
223.361
223.346
223.332
223.321
223.314
223.312
223.314
223.322
223.338
223.366
223.413
223.486
223.594
223.75
223.964
224.247
224.603
225.029
225.514
226.039
226.574
227.093
227.563
227.967
228.291
226.989
226.871
226.724
226.375
226.11
225.903
225.769
225.737
225.724
225.735
225.752
225.755
225.736
225.693
225.621
225.532
225.425
225.31
225.192
225.073
224.955
224.839
224.727
224.619
224.518
224.422
224.333
224.25
224.173
224.101
224.034
223.973
223.917
223.865
223.818
223.774
223.734
223.697
223.664
223.633
223.605
223.579
223.555
223.533
223.512
223.494
223.476
223.461
223.446
223.432
223.419
223.405
223.39
223.375
223.36
223.347
223.338
223.333
223.333
223.338
223.349
223.371
223.407
223.465
223.551
223.677
223.852
224.086
224.388
224.758
225.192
225.676
226.186
226.696
227.175
227.598
227.953
228.225
228.432
227.025
226.91
226.764
226.42
226.152
225.947
225.807
225.77
225.747
225.752
225.761
225.758
225.732
225.681
225.603
225.51
225.401
225.287
225.17
225.052
224.934
224.819
224.709
224.603
224.503
224.409
224.321
224.239
224.163
224.092
224.027
223.967
223.911
223.86
223.814
223.77
223.731
223.695
223.661
223.631
223.603
223.578
223.554
223.533
223.513
223.495
223.479
223.463
223.449
223.434
223.419
223.404
223.389
223.374
223.363
223.355
223.353
223.355
223.363
223.38
223.41
223.457
223.53
223.637
223.787
223.99
224.253
224.581
224.972
225.417
225.896
226.385
226.857
227.283
227.648
227.937
228.157
228.312
228.425
227.057
226.945
226.801
226.462
226.189
225.989
225.845
225.798
225.768
225.767
225.769
225.759
225.724
225.666
225.583
225.485
225.376
225.261
225.145
225.028
224.912
224.799
224.69
224.585
224.487
224.395
224.309
224.228
224.153
224.084
224.02
223.961
223.907
223.856
223.81
223.768
223.728
223.693
223.66
223.63
223.603
223.578
223.555
223.534
223.515
223.498
223.481
223.466
223.45
223.434
223.418
223.403
223.389
223.378
223.373
223.372
223.377
223.389
223.413
223.454
223.517
223.611
223.745
223.927
224.166
224.466
224.828
225.242
225.695
226.163
226.62
227.039
227.4
227.691
227.911
228.066
228.178
228.258
228.3
227.085
226.975
226.832
226.499
226.222
226.027
225.882
225.823
225.786
225.779
225.775
225.758
225.715
225.649
225.56
225.46
225.349
225.235
225.12
225.004
224.889
224.778
224.67
224.568
224.471
224.381
224.296
224.217
224.144
224.077
224.014
223.956
223.903
223.853
223.808
223.766
223.727
223.692
223.66
223.63
223.603
223.579
223.556
223.536
223.517
223.5
223.483
223.467
223.45
223.433
223.416
223.403
223.393
223.389
223.391
223.398
223.415
223.447
223.501
223.583
223.704
223.871
224.094
224.376
224.719
225.116
225.552
226.006
226.45
226.861
227.214
227.496
227.707
227.85
227.956
228.031
228.074
228.088
228.085
227.107
226.999
226.858
226.531
226.251
226.061
225.916
225.848
225.807
225.792
225.78
225.756
225.704
225.63
225.536
225.432
225.321
225.207
225.092
224.978
224.865
224.755
224.65
224.549
224.455
224.366
224.283
224.206
224.135
224.069
224.008
223.951
223.899
223.85
223.806
223.764
223.726
223.692
223.66
223.631
223.604
223.58
223.558
223.538
223.519
223.501
223.483
223.465
223.447
223.43
223.416
223.407
223.404
223.407
223.416
223.439
223.48
223.548
223.652
223.803
224.009
224.276
224.607
224.995
225.425
225.876
226.317
226.725
227.071
227.344
227.544
227.674
227.768
227.831
227.87
227.882
227.875
227.85
227.799
227.123
227.017
226.878
226.559
226.276
226.09
225.948
225.874
225.828
225.804
225.785
225.752
225.691
225.61
225.511
225.404
225.292
225.179
225.064
224.951
224.84
224.732
224.629
224.53
224.438
224.351
224.27
224.195
224.126
224.061
224.002
223.946
223.895
223.847
223.803
223.763
223.725
223.691
223.659
223.631
223.604
223.581
223.559
223.539
223.52
223.501
223.481
223.461
223.443
223.428
223.42
223.417
223.42
223.431
223.458
223.508
223.59
223.717
223.899
224.145
224.46
224.839
225.269
225.726
226.177
226.596
226.947
227.222
227.415
227.533
227.614
227.663
227.697
227.704
227.691
227.658
227.595
227.511
227.411
227.134
227.031
226.894
226.582
226.297
226.117
225.978
225.902
225.851
225.818
225.789
225.747
225.677
225.588
225.484
225.375
225.263
225.149
225.035
224.923
224.814
224.709
224.608
224.512
224.421
224.337
224.258
224.185
224.117
224.054
223.995
223.941
223.891
223.844
223.801
223.761
223.724
223.69
223.658
223.63
223.604
223.58
223.559
223.538
223.518
223.497
223.476
223.456
223.44
223.43
223.427
223.43
223.442
223.472
223.528
223.623
223.769
223.981
224.266
224.625
225.049
225.514
225.984
226.43
226.805
227.099
227.301
227.419
227.493
227.53
227.557
227.561
227.542
227.499
227.425
227.327
227.211
227.085
226.957
227.14
227.04
226.905
226.602
226.316
226.139
226.007
225.93
225.872
225.83
225.793
225.741
225.661
225.565
225.457
225.346
225.233
225.119
225.006
224.895
224.788
224.685
224.586
224.493
224.404
224.322
224.245
224.173
224.107
224.045
223.988
223.935
223.885
223.839
223.796
223.757
223.72
223.687
223.656
223.628
223.603
223.579
223.558
223.536
223.514
223.492
223.47
223.451
223.44
223.435
223.437
223.449
223.479
223.538
223.641
223.802
224.038
224.354
224.751
225.211
225.699
226.181
226.602
226.938
227.176
227.312
227.391
227.426
227.448
227.451
227.429
227.381
227.299
227.189
227.059
226.916
226.772
226.633
226.505
227.144
227.046
226.913
226.618
226.333
226.16
226.032
225.955
225.893
225.843
225.796
225.733
225.644
225.541
225.429
225.317
225.203
225.089
224.977
224.867
224.762
224.661
224.565
224.474
224.388
224.308
224.232
224.162
224.097
224.037
223.981
223.928
223.879
223.834
223.792
223.753
223.717
223.684
223.653
223.626
223.601
223.578
223.555
223.532
223.508
223.484
223.463
223.448
223.442
223.443
223.452
223.48
223.538
223.641
223.809
224.057
224.396
224.82
225.306
225.812
226.293
226.695
226.998
227.184
227.288
227.338
227.359
227.364
227.345
227.303
227.22
227.106
226.964
226.806
226.646
226.491
226.349
226.223
226.115
227.145
227.05
226.918
226.632
226.351
226.177
226.054
225.976
225.91
225.853
225.797
225.724
225.625
225.516
225.401
225.287
225.173
225.06
224.948
224.84
224.736
224.638
224.544
224.456
224.372
224.293
224.22
224.151
224.087
224.028
223.972
223.921
223.873
223.828
223.787
223.748
223.712
223.68
223.65
223.623
223.598
223.575
223.551
223.526
223.5
223.477
223.459
223.449
223.447
223.454
223.476
223.527
223.623
223.787
224.035
224.381
224.817
225.32
225.838
226.323
226.714
226.993
227.155
227.239
227.274
227.287
227.279
227.246
227.178
227.074
226.93
226.766
226.589
226.416
226.257
226.115
225.994
225.892
225.806
227.145
227.051
226.922
226.645
226.369
226.194
226.071
225.993
225.924
225.862
225.797
225.713
225.606
225.492
225.373
225.257
225.143
225.03
224.919
224.812
224.711
224.615
224.523
224.437
224.356
224.279
224.207
224.14
224.077
224.019
223.964
223.914
223.867
223.823
223.782
223.744
223.709
223.677
223.648
223.621
223.596
223.572
223.546
223.52
223.493
223.471
223.456
223.451
223.454
223.47
223.51
223.592
223.738
223.973
224.306
224.739
225.246
225.772
226.266
226.661
226.941
227.099
227.174
227.202
227.208
227.194
227.154
227.068
226.948
226.785
226.604
226.416
226.238
226.077
225.937
225.82
225.722
225.639
225.568
227.144
227.052
226.925
226.656
226.386
226.209
226.086
226.007
225.935
225.867
225.795
225.701
225.586
225.466
225.345
225.228
225.113
225
224.89
224.785
224.685
224.591
224.502
224.418
224.339
224.264
224.194
224.128
224.067
224.01
223.956
223.906
223.86
223.817
223.777
223.739
223.705
223.674
223.645
223.619
223.594
223.569
223.541
223.513
223.486
223.467
223.457
223.457
223.464
223.491
223.554
223.675
223.879
224.184
224.59
225.086
225.613
226.122
226.539
226.838
227.015
227.098
227.129
227.125
227.109
227.065
226.976
226.847
226.677
226.488
226.294
226.112
225.95
225.811
225.695
225.598
225.516
225.445
225.381
227.143
227.053
226.928
226.667
226.403
226.225
226.1
226.018
225.943
225.87
225.79
225.686
225.564
225.441
225.317
225.198
225.082
224.97
224.861
224.757
224.659
224.567
224.48
224.398
224.321
224.249
224.18
224.116
224.056
224
223.948
223.899
223.854
223.812
223.772
223.736
223.702
223.672
223.645
223.619
223.593
223.566
223.537
223.508
223.484
223.467
223.461
223.463
223.478
223.52
223.611
223.773
224.029
224.392
224.853
225.373
225.89
226.346
226.681
226.898
227.004
227.048
227.044
227.029
226.986
226.902
226.774
226.61
226.417
226.223
226.037
225.872
225.73
225.612
225.512
225.427
225.353
225.286
225.223
227.142
227.054
226.931
226.678
226.42
226.24
226.113
226.027
225.948
225.87
225.782
225.668
225.541
225.413
225.288
225.167
225.051
224.939
224.832
224.729
224.633
224.543
224.458
224.378
224.303
224.232
224.166
224.103
224.045
223.99
223.939
223.892
223.848
223.806
223.768
223.732
223.7
223.67
223.643
223.618
223.591
223.563
223.533
223.505
223.483
223.47
223.466
223.472
223.496
223.555
223.673
223.872
224.175
224.58
225.071
225.586
226.074
226.46
226.735
226.881
226.948
226.959
226.946
226.913
226.845
226.728
226.573
226.389
226.194
226.006
225.836
225.689
225.564
225.459
225.368
225.289
225.216
225.148
225.084
227.141
227.055
226.934
226.69
226.438
226.257
226.126
226.036
225.952
225.867
225.771
225.648
225.515
225.385
225.257
225.136
225.019
224.908
224.801
224.7
224.606
224.517
224.434
224.356
224.283
224.215
224.15
224.09
224.033
223.98
223.93
223.884
223.841
223.801
223.764
223.729
223.698
223.669
223.643
223.617
223.59
223.561
223.531
223.503
223.484
223.475
223.475
223.485
223.518
223.595
223.737
223.971
224.308
224.74
225.238
225.735
226.181
226.51
226.727
226.832
226.868
226.861
226.841
226.788
226.698
226.558
226.388
226.197
226.009
225.832
225.677
225.542
225.429
225.33
225.243
225.165
225.091
225.021
224.954
227.139
227.055
226.937
226.701
226.455
226.274
226.14
226.044
225.955
225.862
225.757
225.625
225.487
225.354
225.224
225.102
224.986
224.875
224.77
224.671
224.578
224.491
224.411
224.335
224.264
224.197
224.135
224.076
224.021
223.969
223.921
223.876
223.834
223.795
223.759
223.725
223.695
223.667
223.641
223.615
223.588
223.558
223.528
223.502
223.485
223.479
223.482
223.498
223.541
223.636
223.802
224.065
224.424
224.873
225.361
225.837
226.233
226.515
226.682
226.752
226.769
226.758
226.728
226.66
226.55
226.397
226.22
226.031
225.85
225.684
225.54
225.415
225.307
225.212
225.126
225.047
224.972
224.9
224.83
227.137
227.055
226.941
226.712
226.473
226.292
226.155
226.052
225.957
225.856
225.74
225.6
225.457
225.32
225.189
225.066
224.95
224.841
224.737
224.64
224.549
224.465
224.387
224.313
224.244
224.18
224.119
224.062
224.008
223.958
223.911
223.867
223.826
223.788
223.753
223.721
223.692
223.665
223.639
223.613
223.585
223.555
223.526
223.503
223.489
223.485
223.49
223.512
223.568
223.678
223.866
224.152
224.528
224.985
225.456
225.905
226.254
226.498
226.617
226.664
226.663
226.65
226.61
226.529
226.404
226.244
226.062
225.879
225.705
225.549
225.412
225.294
225.19
225.097
225.011
224.931
224.854
224.781
224.709
227.135
227.054
226.944
226.723
226.489
226.31
226.17
226.061
225.959
225.848
225.721
225.572
225.424
225.283
225.151
225.028
224.912
224.804
224.703
224.609
224.52
224.439
224.363
224.292
224.225
224.163
224.103
224.048
223.996
223.947
223.901
223.858
223.818
223.781
223.747
223.715
223.687
223.661
223.636
223.61
223.581
223.552
223.523
223.502
223.491
223.49
223.498
223.527
223.595
223.722
223.931
224.235
224.625
225.078
225.532
225.944
226.249
226.449
226.539
226.57
226.563
226.542
226.487
226.395
226.258
226.092
225.91
225.731
225.564
225.416
225.285
225.172
225.07
224.979
224.893
224.813
224.736
224.661
224.59
227.132
227.053
226.947
226.732
226.504
226.328
226.184
226.069
225.96
225.839
225.701
225.543
225.389
225.245
225.11
224.986
224.872
224.766
224.667
224.575
224.49
224.412
224.339
224.27
224.206
224.145
224.088
224.033
223.982
223.935
223.89
223.848
223.809
223.773
223.739
223.709
223.682
223.656
223.631
223.605
223.576
223.547
223.521
223.502
223.494
223.496
223.507
223.543
223.624
223.768
223.998
224.318
224.72
225.164
225.599
225.969
226.232
226.386
226.452
226.471
226.461
226.431
226.363
226.257
226.108
225.937
225.755
225.581
225.421
225.279
225.154
225.045
224.946
224.856
224.772
224.692
224.615
224.541
224.471
227.128
227.052
226.949
226.74
226.517
226.344
226.197
226.076
225.959
225.827
225.678
225.512
225.353
225.205
225.067
224.942
224.829
224.724
224.629
224.54
224.459
224.384
224.314
224.248
224.187
224.128
224.072
224.019
223.969
223.923
223.879
223.838
223.799
223.764
223.732
223.702
223.676
223.651
223.626
223.6
223.571
223.542
223.517
223.501
223.496
223.5
223.517
223.561
223.654
223.815
224.064
224.397
224.807
225.237
225.648
225.974
226.203
226.316
226.361
226.365
226.352
226.313
226.232
226.111
225.952
225.776
225.596
225.427
225.273
225.138
225.02
224.914
224.819
224.731
224.649
224.57
224.495
224.422
224.354
227.125
227.05
226.951
226.747
226.529
226.358
226.208
226.081
225.957
225.814
225.654
225.482
225.317
225.164
225.023
224.897
224.783
224.681
224.587
224.502
224.424
224.353
224.286
224.224
224.165
224.109
224.055
224.004
223.955
223.91
223.867
223.827
223.789
223.755
223.723
223.695
223.669
223.645
223.621
223.594
223.566
223.538
223.515
223.502
223.499
223.505
223.527
223.581
223.687
223.865
224.131
224.477
224.888
225.302
225.683
225.967
226.155
226.241
226.271
226.265
226.244
226.19
226.097
225.959
225.793
225.612
225.435
225.27
225.123
224.994
224.881
224.78
224.688
224.603
224.523
224.446
224.374
224.304
224.238
227.121
227.048
226.952
226.753
226.539
226.37
226.217
226.085
225.951
225.798
225.629
225.45
225.281
225.124
224.979
224.851
224.736
224.635
224.544
224.462
224.387
224.319
224.256
224.197
224.141
224.088
224.036
223.987
223.94
223.896
223.854
223.815
223.779
223.746
223.716
223.689
223.664
223.64
223.615
223.589
223.56
223.533
223.513
223.503
223.501
223.51
223.537
223.601
223.72
223.915
224.195
224.551
224.954
225.352
225.696
225.945
226.095
226.157
226.174
226.163
226.134
226.064
225.955
225.803
225.63
225.447
225.273
225.114
224.974
224.851
224.743
224.647
224.559
224.477
224.4
224.326
224.256
224.19
224.128
227.119
227.047
226.953
226.758
226.548
226.38
226.225
226.087
225.945
225.781
225.603
225.419
225.245
225.084
224.936
224.804
224.689
224.587
224.498
224.418
224.346
224.281
224.222
224.166
224.113
224.063
224.014
223.967
223.923
223.88
223.841
223.803
223.769
223.737
223.708
223.682
223.659
223.635
223.611
223.584
223.556
223.53
223.512
223.504
223.505
223.515
223.547
223.62
223.75
223.958
224.247
224.608
225
225.378
225.688
225.907
226.024
226.067
226.075
226.061
226.023
225.939
225.815
225.651
225.472
225.288
225.117
224.963
224.829
224.712
224.609
224.517
224.433
224.355
224.281
224.211
224.146
224.084
224.027
227.115
227.044
226.953
226.763
226.557
226.388
226.23
226.086
225.936
225.762
225.577
225.388
225.209
225.044
224.892
224.758
224.641
224.539
224.45
224.372
224.303
224.24
224.184
224.131
224.081
224.034
223.988
223.944
223.902
223.863
223.825
223.79
223.758
223.728
223.701
223.676
223.654
223.631
223.607
223.581
223.553
223.529
223.512
223.506
223.508
223.522
223.559
223.638
223.778
223.995
224.288
224.648
225.027
225.386
225.668
225.859
225.95
225.981
225.977
225.957
225.907
225.812
225.675
225.504
225.321
225.139
224.971
224.823
224.694
224.581
224.483
224.395
224.314
224.24
224.17
224.104
224.043
223.987
223.934
227.112
227.043
226.954
226.768
226.564
226.395
226.234
226.085
225.926
225.743
225.551
225.357
225.174
225.004
224.849
224.712
224.593
224.49
224.401
224.324
224.256
224.196
224.142
224.092
224.045
224
223.958
223.917
223.878
223.841
223.807
223.774
223.744
223.717
223.692
223.669
223.648
223.626
223.603
223.577
223.55
223.527
223.512
223.507
223.511
223.527
223.568
223.654
223.799
224.021
224.314
224.667
225.029
225.368
225.624
225.792
225.867
225.892
225.882
225.855
225.793
225.688
225.541
225.367
225.182
225.002
224.838
224.694
224.57
224.462
224.367
224.283
224.206
224.135
224.07
224.009
223.952
223.9
223.853
227.109
227.041
226.954
226.772
226.57
226.401
226.237
226.082
225.915
225.723
225.524
225.326
225.139
224.965
224.806
224.666
224.545
224.441
224.351
224.274
224.207
224.149
224.097
224.049
224.005
223.964
223.924
223.887
223.851
223.817
223.786
223.756
223.729
223.703
223.681
223.66
223.64
223.619
223.596
223.571
223.545
223.523
223.51
223.506
223.51
223.528
223.573
223.662
223.811
224.034
224.323
224.666
225.015
225.332
225.564
225.712
225.776
225.797
225.785
225.755
225.685
225.574
225.421
225.244
225.058
224.88
224.719
224.579
224.458
224.354
224.263
224.183
224.11
224.044
223.982
223.926
223.874
223.827
223.784
227.107
227.04
226.954
226.775
226.575
226.406
226.239
226.08
225.903
225.703
225.498
225.295
225.103
224.926
224.764
224.621
224.498
224.392
224.301
224.224
224.157
224.099
224.049
224.003
223.962
223.923
223.887
223.852
223.82
223.789
223.76
223.733
223.708
223.685
223.664
223.645
223.627
223.607
223.585
223.561
223.535
223.515
223.503
223.5
223.506
223.526
223.572
223.662
223.812
224.034
224.32
224.655
224.986
225.281
225.492
225.625
225.682
225.7
225.686
225.655
225.582
225.468
225.313
225.135
224.949
224.774
224.615
224.478
224.361
224.26
224.173
224.097
224.028
223.966
223.909
223.857
223.81
223.767
223.727
227.104
227.038
226.953
226.778
226.579
226.41
226.24
226.076
225.889
225.681
225.47
225.263
225.068
224.887
224.722
224.577
224.451
224.344
224.252
224.173
224.107
224.049
223.999
223.955
223.916
223.88
223.846
223.814
223.784
223.756
223.73
223.705
223.682
223.661
223.642
223.624
223.607
223.589
223.568
223.544
223.521
223.502
223.492
223.49
223.497
223.519
223.568
223.66
223.81
224.03
224.311
224.632
224.947
225.222
225.416
225.536
225.587
225.603
225.589
225.558
225.485
225.371
225.215
225.039
224.855
224.682
224.526
224.392
224.278
224.181
224.098
224.026
223.961
223.904
223.851
223.803
223.76
223.721
227.101
227.036
226.952
226.78
226.584
226.413
226.241
226.072
225.876
225.659
225.443
225.232
225.033
224.849
224.681
224.534
224.406
224.297
224.204
224.124
224.057
223.999
223.949
223.906
223.868
223.833
223.8
223.77
223.741
223.715
223.69
223.667
223.645
223.626
223.608
223.593
223.577
223.561
223.541
223.52
223.498
223.482
223.474
223.475
223.484
223.508
223.56
223.654
223.805
224.022
224.295
224.603
224.902
225.16
225.341
225.451
225.496
225.51
225.497
225.467
225.395
225.282
225.128
224.955
224.773
224.603
224.451
224.321
224.211
224.118
224.04
223.972
223.912
223.858
223.81
223.767
223.728
223.692
227.095
227.033
226.95
226.782
226.589
226.416
226.241
226.068
225.862
225.637
225.415
225.2
224.998
224.811
224.641
224.491
224.362
224.252
224.157
224.077
224.008
223.95
223.9
223.856
223.817
223.781
223.748
223.718
223.689
223.663
223.639
223.617
223.597
223.579
223.564
223.551
223.538
223.524
223.508
223.489
223.471
223.459
223.455
223.458
223.47
223.497
223.552
223.648
223.799
224.012
224.277
224.575
224.86
225.104
225.272
225.372
225.412
225.424
225.413
225.384
225.312
225.201
225.049
224.878
224.7
224.535
224.387
224.262
224.157
224.069
223.995
223.932
223.877
223.828
223.784
223.745
223.71
223.678
227.09
227.029
226.948
226.784
226.594
226.419
226.242
226.063
225.848
225.614
225.388
225.169
224.963
224.773
224.602
224.451
224.32
224.208
224.113
224.031
223.961
223.901
223.848
223.802
223.76
223.722
223.687
223.655
223.626
223.599
223.576
223.556
223.538
223.524
223.513
223.504
223.495
223.486
223.474
223.459
223.446
223.438
223.438
223.444
223.459
223.49
223.547
223.644
223.794
224.003
224.261
224.548
224.822
225.053
225.209
225.299
225.333
225.342
225.331
225.303
225.231
225.12
224.968
224.8
224.627
224.466
224.324
224.205
224.105
224.023
223.954
223.895
223.845
223.8
223.761
223.725
223.694
223.666
227.083
227.024
226.945
226.786
226.6
226.422
226.243
226.059
225.834
225.593
225.361
225.138
224.929
224.736
224.563
224.41
224.279
224.166
224.069
223.985
223.913
223.85
223.793
223.743
223.698
223.656
223.619
223.587
223.558
223.534
223.514
223.498
223.486
223.477
223.472
223.468
223.465
223.459
223.451
223.441
223.432
223.428
223.43
223.437
223.455
223.49
223.55
223.648
223.797
224
224.25
224.525
224.786
225.003
225.147
225.226
225.252
225.257
225.245
225.216
225.142
225.028
224.876
224.71
224.541
224.387
224.252
224.139
224.045
223.969
223.905
223.851
223.805
223.765
223.729
223.698
223.67
223.646
227.077
227.02
226.943
226.789
226.607
226.426
226.246
226.055
225.822
225.573
225.336
225.109
224.897
224.701
224.526
224.372
224.239
224.125
224.025
223.938
223.862
223.794
223.733
223.678
223.631
223.589
223.554
223.525
223.501
223.483
223.471
223.461
223.455
223.452
223.451
223.452
223.451
223.449
223.443
223.434
223.429
223.428
223.431
223.44
223.46
223.496
223.559
223.657
223.805
224.002
224.244
224.504
224.751
224.951
225.082
225.147
225.167
225.168
225.154
225.12
225.039
224.921
224.767
224.604
224.44
224.294
224.167
224.062
223.975
223.905
223.846
223.797
223.756
223.72
223.688
223.661
223.636
227.071
227.016
226.942
226.791
226.613
226.43
226.249
226.052
225.811
225.555
225.313
225.081
224.866
224.668
224.49
224.335
224.2
224.083
223.98
223.888
223.807
223.735
223.672
223.618
223.572
223.536
223.508
223.488
223.472
223.462
223.455
223.45
223.448
223.448
223.449
223.451
223.453
223.454
223.452
223.447
223.445
223.446
223.45
223.46
223.478
223.514
223.575
223.673
223.817
224.009
224.241
224.484
224.713
224.892
225.008
225.061
225.076
225.073
225.054
225.01
224.923
224.798
224.645
224.484
224.328
224.189
224.071
223.975
223.896
223.833
223.78
223.737
223.7
223.668
223.641
223.617
223.596
227.068
227.016
226.943
226.794
226.619
226.434
226.252
226.049
225.801
225.54
225.292
225.057
224.838
224.638
224.458
224.3
224.162
224.04
223.932
223.837
223.753
223.68
223.619
223.572
223.536
223.509
223.489
223.474
223.466
223.461
223.459
223.46
223.465
223.472
223.481
223.489
223.496
223.499
223.497
223.492
223.487
223.485
223.485
223.49
223.506
223.54
223.6
223.695
223.836
224.021
224.242
224.468
224.675
224.828
224.925
224.965
224.976
224.968
224.944
224.889
224.794
224.664
224.512
224.354
224.206
224.076
223.967
223.879
223.809
223.752
223.706
223.668
223.637
223.61
223.587
223.566
223.548
227.068
227.017
226.946
226.798
226.626
226.438
226.255
226.046
225.792
225.526
225.274
225.035
224.812
224.609
224.427
224.265
224.123
223.997
223.886
223.789
223.707
223.64
223.589
223.55
223.521
223.503
223.492
223.49
223.495
223.504
223.516
223.528
223.54
223.552
223.562
223.568
223.571
223.568
223.56
223.548
223.537
223.528
223.523
223.524
223.534
223.564
223.621
223.716
223.853
224.032
224.239
224.447
224.629
224.756
224.83
224.857
224.864
224.849
224.819
224.753
224.652
224.516
224.365
224.212
224.073
223.953
223.856
223.778
223.716
223.667
223.627
223.594
223.566
223.543
223.522
223.505
223.489
227.071
227.022
226.951
226.803
226.633
226.443
226.259
226.041
225.782
225.513
225.258
225.015
224.79
224.584
224.398
224.233
224.087
223.958
223.846
223.752
223.677
223.618
223.576
223.55
223.538
223.539
223.548
223.566
223.586
223.605
223.622
223.636
223.646
223.651
223.651
223.647
223.637
223.624
223.607
223.587
223.569
223.554
223.546
223.544
223.552
223.579
223.637
223.73
223.865
224.036
224.228
224.415
224.571
224.672
224.724
224.738
224.739
224.718
224.681
224.605
224.498
224.36
224.212
224.067
223.94
223.832
223.747
223.68
223.628
223.587
223.554
223.527
223.504
223.484
223.466
223.451
223.438
227.076
227.028
226.958
226.81
226.64
226.448
226.262
226.036
225.773
225.501
225.243
224.998
224.77
224.561
224.371
224.202
224.054
223.926
223.818
223.731
223.664
223.621
223.6
223.598
223.608
223.629
223.657
223.685
223.708
223.723
223.73
223.73
223.723
223.713
223.701
223.686
223.669
223.65
223.628
223.603
223.582
223.564
223.554
223.552
223.56
223.586
223.641
223.733
223.863
224.027
224.205
224.37
224.499
224.576
224.61
224.617
224.61
224.582
224.536
224.45
224.337
224.2
224.06
223.927
223.814
223.721
223.65
223.594
223.552
223.519
223.492
223.471
223.452
223.436
223.422
223.41
223.399
227.086
227.039
226.968
226.82
226.649
226.455
226.265
226.031
225.764
225.49
225.229
224.982
224.752
224.54
224.348
224.178
224.029
223.904
223.802
223.726
223.682
223.667
223.672
223.69
223.719
223.753
223.78
223.797
223.803
223.798
223.786
223.772
223.755
223.736
223.718
223.699
223.678
223.654
223.629
223.602
223.579
223.559
223.548
223.545
223.552
223.578
223.635
223.727
223.856
224.011
224.173
224.313
224.415
224.47
224.491
224.494
224.48
224.446
224.387
224.294
224.177
224.045
223.915
223.798
223.701
223.625
223.567
223.524
223.491
223.465
223.445
223.427
223.413
223.4
223.389
223.379
223.371
227.096
227.051
226.98
226.831
226.659
226.462
226.269
226.026
225.755
225.479
225.217
224.968
224.736
224.522
224.329
224.159
224.013
223.895
223.809
223.762
223.746
223.753
223.774
223.805
223.835
223.855
223.862
223.856
223.843
223.825
223.804
223.783
223.761
223.739
223.718
223.695
223.671
223.645
223.617
223.587
223.562
223.543
223.532
223.531
223.539
223.567
223.624
223.718
223.844
223.99
224.131
224.249
224.323
224.358
224.368
224.365
224.344
224.305
224.235
224.137
224.02
223.896
223.781
223.681
223.601
223.541
223.496
223.463
223.439
223.419
223.404
223.391
223.38
223.37
223.362
223.354
223.347
227.113
227.067
226.994
226.844
226.67
226.47
226.273
226.022
225.747
225.47
225.207
224.956
224.722
224.508
224.316
224.148
224.009
223.906
223.847
223.828
223.832
223.85
223.877
223.9
223.911
223.909
223.897
223.878
223.855
223.831
223.806
223.78
223.755
223.73
223.704
223.679
223.653
223.626
223.598
223.569
223.545
223.527
223.52
223.52
223.531
223.561
223.621
223.714
223.833
223.965
224.084
224.178
224.228
224.249
224.249
224.237
224.207
224.162
224.084
223.984
223.872
223.76
223.661
223.579
223.517
223.472
223.439
223.416
223.398
223.385
223.374
223.364
223.356
223.348
223.342
223.336
223.331
227.128
227.083
227.01
226.859
226.682
226.479
226.277
226.018
225.739
225.463
225.198
224.946
224.712
224.498
224.308
224.147
224.026
223.954
223.919
223.912
223.921
223.937
223.949
223.952
223.945
223.926
223.904
223.879
223.852
223.825
223.796
223.768
223.741
223.715
223.69
223.666
223.642
223.616
223.589
223.563
223.539
223.524
223.518
223.521
223.533
223.564
223.623
223.711
223.82
223.935
224.032
224.1
224.133
224.145
224.135
224.114
224.074
224.017
223.934
223.836
223.733
223.638
223.557
223.494
223.448
223.415
223.393
223.376
223.364
223.353
223.345
223.337
223.331
223.326
223.321
223.317
223.313
227.15
227.103
227.027
226.875
226.695
226.488
226.282
226.014
225.734
225.457
225.193
224.941
224.707
224.494
224.311
224.165
224.067
224.013
223.991
223.985
223.989
223.992
223.989
223.976
223.956
223.931
223.905
223.877
223.848
223.819
223.79
223.761
223.735
223.71
223.686
223.663
223.639
223.614
223.587
223.561
223.539
223.525
223.521
223.524
223.538
223.57
223.629
223.71
223.809
223.902
223.977
224.021
224.039
224.041
224.027
223.997
223.947
223.881
223.797
223.705
223.616
223.538
223.476
223.431
223.399
223.377
223.361
223.349
223.34
223.332
223.326
223.321
223.316
223.312
223.308
223.305
223.302
227.17
227.124
227.046
226.892
226.709
226.497
226.287
226.012
225.73
225.454
225.19
224.938
224.704
224.496
224.325
224.2
224.122
224.075
224.052
224.039
224.031
224.022
224.005
223.984
223.958
223.931
223.903
223.874
223.845
223.816
223.787
223.76
223.734
223.711
223.688
223.666
223.643
223.618
223.592
223.567
223.546
223.534
223.53
223.534
223.549
223.582
223.638
223.712
223.796
223.869
223.922
223.947
223.955
223.946
223.923
223.885
223.825
223.757
223.674
223.593
223.518
223.459
223.414
223.382
223.36
223.344
223.332
223.323
223.317
223.312
223.308
223.305
223.302
223.299
223.296
223.293
223.29
227.196
227.149
227.067
226.911
226.723
226.507
226.294
226.011
225.728
225.454
225.19
224.939
224.709
224.511
224.354
224.242
224.169
224.124
224.097
224.077
224.06
224.041
224.016
223.991
223.963
223.935
223.907
223.879
223.851
223.824
223.797
223.771
223.748
223.726
223.704
223.682
223.658
223.633
223.605
223.579
223.557
223.544
223.54
223.543
223.557
223.588
223.639
223.704
223.772
223.826
223.859
223.871
223.872
223.856
223.825
223.78
223.717
223.647
223.573
223.504
223.446
223.402
223.371
223.35
223.334
223.323
223.315
223.309
223.304
223.301
223.298
223.296
223.293
223.29
223.287
223.285
223.282
227.217
227.169
227.083
226.925
226.732
226.513
226.299
226.014
225.732
225.46
225.197
224.947
224.721
224.53
224.383
224.277
224.206
224.158
224.125
224.099
224.075
224.05
224.024
223.997
223.97
223.942
223.915
223.889
223.862
223.836
223.811
223.787
223.764
223.743
223.721
223.699
223.676
223.65
223.622
223.597
223.576
223.564
223.561
223.565
223.579
223.609
223.655
223.709
223.759
223.794
223.811
223.814
223.808
223.785
223.747
223.694
223.631
223.561
223.496
223.438
223.394
223.361
223.337
223.32
223.308
223.3
223.296
223.293
223.291
223.289
223.288
223.286
223.283
223.281
223.278
223.276
223.273
227.27
227.217
227.122
226.953
226.748
226.521
226.307
226.018
225.739
225.468
225.204
224.956
224.735
224.551
224.409
224.306
224.236
224.19
224.155
224.128
224.102
224.076
224.049
224.022
223.996
223.969
223.943
223.917
223.891
223.866
223.842
223.819
223.798
223.777
223.756
223.735
223.711
223.686
223.659
223.634
223.615
223.604
223.601
223.603
223.614
223.637
223.669
223.704
223.731
223.745
223.747
223.743
223.721
223.686
223.642
223.587
223.527
223.469
223.417
223.376
223.345
223.321
223.304
223.293
223.286
223.282
223.279
223.277
223.276
223.274
223.271
223.269
223.266
223.263
223.26
223.257
223.254
)
;

boundaryField
{
    inlet
    {
        type            fixedValue;
        value           uniform 223;
    }
    obstacle
    {
        type            zeroGradient;
    }
    bottom
    {
        type            symmetry;
    }
    outlet
    {
        type            inletOutlet;
        inletValue      uniform 223;
        value           nonuniform List<scalar> 
77
(
227.27
227.217
227.122
226.953
226.748
226.521
226.307
226.019
225.739
225.468
225.205
224.956
224.735
224.551
224.409
224.307
224.236
224.19
224.155
224.128
224.102
224.076
224.049
224.022
223.996
223.969
223.943
223.917
223.892
223.866
223.842
223.819
223.798
223.777
223.756
223.735
223.711
223.686
223.659
223.634
223.615
223.604
223.601
223.603
223.614
223.637
223.669
223.704
223.731
223.744
223.747
223.743
223.721
223.686
223.642
223.587
223.527
223.469
223.417
223.376
223.345
223.321
223.304
223.293
223.286
223.282
223.279
223.277
223.276
223.274
223.271
223.269
223.266
223.263
223.26
223.257
223.254
)
;
    }
    top
    {
        type            symmetry;
    }
    defaultFaces
    {
        type            empty;
    }
    procBoundary0to1
    {
        type            processor;
        value           nonuniform List<scalar> 
90
(
162.679
217.091
221.581
221.414
221.246
221.077
220.981
220.903
220.864
220.89
220.997
220.995
220.993
220.991
220.989
220.988
220.988
221.157
221.357
221.565
221.775
221.98
222.179
222.369
222.548
222.715
222.871
223.017
223.154
223.284
223.409
223.529
223.644
223.757
223.866
223.973
224.077
224.179
224.273
224.273
224.37
224.465
224.558
224.649
224.738
224.819
224.819
224.897
224.889
224.881
224.881
224.965
225.048
225.131
225.213
225.295
225.376
225.458
225.54
225.622
225.704
225.787
225.87
225.953
226.036
226.119
226.202
226.285
226.368
226.45
226.531
226.611
226.689
226.765
226.839
226.911
226.981
227.047
227.111
227.173
227.231
227.287
227.34
227.39
227.438
227.483
227.526
227.566
227.604
227.64
)
;
    }
    procBoundary0to2
    {
        type            processor;
        value           nonuniform List<scalar> 
123
(
227.091
225.484
224.767
224.353
224.063
223.884
223.729
223.621
223.53
223.435
223.363
223.284
223.208
223.138
223.067
222.998
222.934
222.872
222.815
222.761
222.71
222.663
222.616
222.571
222.526
222.482
222.436
222.388
222.34
222.288
222.238
222.191
222.148
222.112
222.083
222.059
222.038
222.018
222.002
221.991
221.989
221.998
222.023
222.059
222.104
222.154
222.208
222.268
222.33
222.395
222.462
222.529
222.596
222.663
222.727
222.79
222.852
222.921
223.002
223.11
223.257
223.462
223.746
224.117
224.564
225.062
225.585
226.119
226.646
227.155
227.629
228.04
228.355
228.534
228.575
228.498
228.315
228.066
227.731
227.3
226.831
226.39
226.022
225.732
225.506
225.322
225.163
225.021
224.888
224.762
224.64
224.521
224.403
224.288
224.176
224.07
223.973
223.886
223.809
223.745
223.693
223.686
223.686
223.661
223.651
223.642
223.624
223.615
223.615
223.578
223.532
223.475
223.427
223.389
223.363
223.341
223.326
223.309
223.298
223.288
223.279
223.271
223.252
)
;
    }
}


// ************************************************************************* //
