/*--------------------------------*- C++ -*----------------------------------*\
| =========                 |                                                 |
| \\      /  F ield         | OpenFOAM: The Open Source CFD Toolbox           |
|  \\    /   O peration     | Version:  2412                                  |
|   \\  /    A nd           | Website:  www.openfoam.com                      |
|    \\/     M anipulation  |                                                 |
\*---------------------------------------------------------------------------*/
FoamFile
{
    version     2.0;
    format      ascii;
    arch        "LSB;label=32;scalar=64";
    class       volScalarField;
    location    "0.003";
    object      T;
}
// * * * * * * * * * * * * * * * * * * * * * * * * * * * * * * * * * * * * * //

dimensions      [0 0 0 1 0 0 0];

internalField   nonuniform List<scalar> 
9859
(
223
223
223
223
223
223
223
223
223
223
223
223
223
223
223
223
223
223
223
223
223
223
223
223
223
223
223
223
223
223
223
223
223
223
223
223
223
223
223
223
223
223
223
223
223
223
223
223
223
223
223
223
223
223
223
223
223
223
223
223
223
223
223
223
223
223
223
223
223
223
223
223
223
223
223
223
223
223
223
223
223
223
223
223
223
223
223
223
223
223
223
223
223
223
223
223
223
223
223
223
223
223
223
223
223
223
223
223
223
223
223
223
223
223
223
223
223
223
223
223
223
223
223
223
223
223
223
223
223
223
223
223
223
223
223
223
223
223
223
223
223
223
223
223
223
223
223
223
223
223
223
223
223
223
223
223
223
223
223
223
223
223
223
223
223
223
223
223
223
223
222.996
222.936
222.677
222.196
221.724
221.507
221.617
222.084
222.537
222.812
223.148
223
223
223
223
223
223
223
223
223
223
223
223
223
223
223
223
223
223
223
223
223
223
223
223
223
223
223
223
223
223
223
223
223
223
223
223
223
223
223
223
223
223
223
223
223
223
223
223
223
223
223
223
223
223
223
223
223
223
223
223
223
223
223
223
223
223
223
223
223
223
223
223
223
223
223
223
223
223
223
223
223
223
223
223
223
223
223
223
223
223
223
223
223
223
223
223
223
223
223
223
223
223
223
223
223
223
223
223
223
222.996
222.935
222.67
222.182
221.704
221.479
221.575
222.037
222.49
222.785
223.109
223
223
223
223
223
223
223
223
223
223
223
223
223
223
223
223
223
223
223
223
223
223
223
223
223
223
223
223
223
223
223
223
223
223
223
223
223
223
223
223
223
223
223
223
223
223
223
223
223
223
223
223
223
223
223
223
223
223
223
223
223
223
223
223
223
223
223
223
223
223
223
223
223
223
223
223
223
223
223
223
223
223
223
223
223
223
223
223
223
223
223
223
223
223
223
223
223
223
223
223
223
223
223
223
223
223
223
223
223
222.996
222.933
222.663
222.169
221.683
221.45
221.531
221.978
222.428
222.743
223.068
223
223
223
223
223
223
223
223
223
223
223
223
223
223
223
223
223
223
223
223
223
223
223
223
223
223
223
223
223
223
223
223
223
223
223
223
223
223
223
223
223
223
223
223
223
223
223
223
223
223
223
223
223
223
223
223
223
223
223
223
223
223
223
223
223
223
223
223
223
223
223
223
223
223
223
223
223
223
223
223
223
223
223
223
223
223
223
223
223
223
223
223
223
223
223
223
223
223
223
223
223
223
223
223
223
223
223
223
223
222.995
222.931
222.656
222.154
221.662
221.42
221.488
221.911
222.354
222.696
223.023
221.943
223
223
223
223
223
223
223
223
223
223
223
223
223
223
223
223
223
223
223
223
223
223
223
223
223
223
223
223
223
223
223
223
223
223
223
223
223
223
223
223
223
223
223
223
223
223
223
223
223
223
223
223
223
223
223
223
223
223
223
223
223
223
223
223
223
223
223
223
223
223
223
223
223
223
223
223
223
223
223
223
223
223
223
223
223
223
223
223
223
223
223
223
223
223
223
223
223
223
223
223
223
223
223
223
223
223
223
223
223
222.995
222.93
222.649
222.14
221.641
221.39
221.444
221.839
222.278
222.65
222.973
221.83
223
223
223
223
223
223
223
223
223
223
223
223
223
223
223
223
223
223
223
223
223
223
223
223
223
223
223
223
223
223
223
223
223
223
223
223
223
223
223
223
223
223
223
223
223
223
223
223
223
223
223
223
223
223
223
223
223
223
223
223
223
223
223
223
223
223
223
223
223
223
223
223
223
223
223
223
223
223
223
223
223
223
223
223
223
223
223
223
223
223
223
223
223
223
223
223
223
223
223
223
223
223
223
223
223
223
223
223
223
222.995
222.928
222.642
222.125
221.619
221.359
221.404
221.774
222.217
222.617
222.917
221.71
223
223
223
223
223
223
223
223
223
223
223
223
223
223
223
223
223
223
223
223
223
223
223
223
223
223
223
223
223
223
223
223
223
223
223
223
223
223
223
223
223
223
223
223
223
223
223
223
223
223
223
223
223
223
223
223
223
223
223
223
223
223
223
223
223
223
223
223
223
223
223
223
223
223
223
223
223
223
223
223
223
223
223
223
223
223
223
223
223
223
223
223
223
223
223
223
223
223
223
223
223
223
223
223
223
223
223
223
223
222.995
222.927
222.635
222.109
221.596
221.327
221.366
221.719
222.174
222.589
222.853
221.589
223
223
223
223
223
223
223
223
223
223
223
223
223
223
223
223
223
223
223
223
223
223
223
223
223
223
223
223
223
223
223
223
223
223
223
223
223
223
223
223
223
223
223
223
223
223
223
223
223
223
223
223
223
223
223
223
223
223
223
223
223
223
223
223
223
223
223
223
223
223
223
223
223
223
223
223
223
223
223
223
223
223
223
223
223
223
223
223
223
223
223
223
223
223
223
223
223
223
223
223
223
223
223
223
223
223
223
223
223
222.995
222.926
222.629
222.093
221.57
221.292
221.328
221.672
222.139
222.559
222.785
221.466
223
223
223
223
223
223
223
223
223
223
223
223
223
223
223
223
223
223
223
223
223
223
223
223
223
223
223
223
223
223
223
223
223
223
223
223
223
223
223
223
223
223
223
223
223
223
223
223
223
223
223
223
223
223
223
223
223
223
223
223
223
223
223
223
223
223
223
223
223
223
223
223
223
223
223
223
223
223
223
223
223
223
223
223
223
223
223
223
223
223
223
223
223
223
223
223
223
223
223
223
223
223
223
223
223
223
223
223
223
222.995
222.925
222.623
222.078
221.544
221.256
221.288
221.62
222.092
222.52
222.713
221.342
223
223
223
223
223
223
223
223
223
223
223
223
223
223
223
223
223
223
223
223
223
223
223
223
223
223
223
223
223
223
223
223
223
223
223
223
223
223
223
223
223
223
223
223
223
223
223
223
223
223
223
223
223
223
223
223
223
223
223
223
223
223
223
223
223
223
223
223
223
223
223
223
223
223
223
223
223
223
223
223
223
223
223
223
223
223
223
223
223
223
223
223
223
223
223
223
223
223
223
223
223
223
223
223
223
223
223
223
223
222.995
222.924
222.618
222.062
221.516
221.218
221.241
221.559
222.028
222.468
222.634
221.213
223
223
223
223
223
223
223
223
223
223
223
223
223
223
223
223
223
223
223
223
223
223
223
223
223
223
223
223
223
223
223
223
223
223
223
223
223
223
223
223
223
223
223
223
223
223
223
223
223
223
223
223
223
223
223
223
223
223
223
223
223
223
223
223
223
223
223
223
223
223
223
223
223
223
223
223
223
223
223
223
223
223
223
223
223
223
223
223
223
223
223
223
223
223
223
223
223
223
223
223
223
223
223
223
223
223
223
223
223
222.995
222.924
222.614
222.048
221.489
221.181
221.192
221.488
221.942
222.39
222.536
221.075
223
223
223
223
223
223
223
223
223
223
223
223
223
223
223
223
223
223
223
223
223
223
223
223
223
223
223
223
223
223
223
223
223
223
223
223
223
223
223
223
223
223
223
223
223
223
223
223
223
223
223
223
223
223
223
223
223
223
223
223
223
223
223
223
223
223
223
223
223
223
223
223
223
223
223
223
223
223
223
223
223
223
223
223
223
223
223
223
223
223
223
223
223
223
223
223
223
223
223
223
223
223
223
223
223
223
223
223
223
222.995
222.924
222.61
222.032
221.459
221.141
221.137
221.409
221.837
222.284
222.414
220.922
223
223
223
223
223
223
223
223
223
223
223
223
223
223
223
223
223
223
223
223
223
223
223
223
223
223
223
223
223
223
223
223
223
223
223
223
223
223
223
223
223
223
223
223
223
223
223
223
223
223
223
223
223
223
223
223
223
223
223
223
223
223
223
223
223
223
223
223
223
223
223
223
223
223
223
223
223
223
223
223
223
223
223
223
223
223
223
223
223
223
223
223
223
223
223
223
223
223
223
223
223
223
223
223
223
223
223
223
223
222.995
222.925
222.608
222.02
221.432
221.099
221.075
221.322
221.719
222.159
222.272
220.752
223
223
223
223
223
223
223
223
223
223
223
223
223
223
223
223
223
223
223
223
223
223
223
223
223
223
223
223
223
223
223
223
223
223
223
223
223
223
223
223
223
223
223
223
223
223
223
223
223
223
223
223
223
223
223
223
223
223
223
223
223
223
223
223
223
223
223
223
223
223
223
223
223
223
223
223
223
223
223
223
223
223
223
223
223
223
223
223
223
223
223
223
223
223
223
223
223
223
223
223
223
223
223
223
223
223
223
223
223
222.995
222.926
222.607
222.005
221.4
221.05
221.006
221.232
221.606
222.039
222.118
220.566
223
223
223
223
223
223
223
223
223
223
223
223
223
223
223
223
223
223
223
223
223
223
223
223
223
223
223
223
223
223
223
223
223
223
223
223
223
223
223
223
223
223
223
223
223
223
223
223
223
223
223
223
223
223
223
223
223
223
223
223
223
223
223
223
223
223
223
223
223
223
223
223
223
223
223
223
223
223
223
223
223
223
223
223
223
223
223
223
223
223
223
223
223
223
223
223
223
223
223
223
223
223
223
223
223
223
223
223
223
222.996
222.928
222.609
221.998
221.373
220.999
220.933
221.143
221.514
221.936
221.962
220.371
223
223
223
223
223
223
223
223
223
223
223
223
223
223
223
223
223
223
223
223
223
223
223
223
223
223
223
223
223
223
223
223
223
223
223
223
223
223
223
223
223
223
223
223
223
223
223
223
223
223
223
223
223
223
223
223
223
223
223
223
223
223
223
223
223
223
223
223
223
223
223
223
223
223
223
223
223
223
223
223
223
223
223
223
223
223
223
223
223
223
223
223
223
223
223
223
223
223
223
223
223
223
223
223
223
223
223
223
223
222.996
222.93
222.612
221.988
221.338
220.941
220.859
221.063
221.437
221.843
221.805
220.169
223
223
223
223
223
223
223
223
223
223
223
223
223
223
223
223
223
223
223
223
223
223
223
223
223
223
223
223
223
223
223
223
223
223
223
223
223
223
223
223
223
223
223
223
223
223
223
223
223
223
223
223
223
223
223
223
223
223
223
223
223
223
223
223
223
223
223
223
223
223
223
223
223
223
223
223
223
223
223
223
223
223
223
223
223
223
223
223
223
223
223
223
223
223
223
223
223
223
223
223
223
223
223
223
223
223
223
223
223
222.996
222.934
222.618
221.985
221.312
220.888
220.787
220.982
221.345
221.739
221.647
219.964
223
223
223
223
223
223
223
223
223
223
223
223
223
223
223
223
223
223
223
223
223
223
223
223
223
223
223
223
223
223
223
223
223
223
223
223
223
223
223
223
223
223
223
223
223
223
223
223
223
223
223
223
223
223
223
223
223
223
223
223
223
223
223
223
223
223
223
223
223
223
223
223
223
223
223
223
223
223
223
223
223
223
223
223
223
223
223
223
223
223
223
223
223
223
223
223
223
223
223
223
223
223
223
223
223
223
223
223
223
222.997
222.938
222.627
221.982
221.278
220.826
220.709
220.883
221.213
221.601
221.484
219.757
223
223
223
223
223
223
223
223
223
223
223
223
223
223
223
223
223
223
223
223
223
223
223
223
223
223
223
223
223
223
223
223
223
223
223
223
223
223
223
223
223
223
223
223
223
223
223
223
223
223
223
223
223
223
223
223
223
223
223
223
223
223
223
223
223
223
223
223
223
223
223
223
223
223
223
223
223
223
223
223
223
223
223
223
223
223
223
223
223
223
223
223
223
223
223
223
223
223
223
223
223
223
223
223
223
223
223
223
223
222.997
222.943
222.639
221.985
221.258
220.77
220.619
220.75
221.032
221.425
221.308
219.549
223
223
223
223
223
223
223
223
223
223
223
223
223
223
223
223
223
223
223
223
223
223
223
223
223
223
223
223
223
223
223
223
223
223
223
223
223
223
223
223
223
223
223
223
223
223
223
223
223
223
223
223
223
223
223
223
223
223
223
223
223
223
223
223
223
223
223
223
223
223
223
223
223
223
223
223
223
223
223
223
223
223
223
223
223
223
223
223
223
223
223
223
223
223
223
223
223
223
223
223
223
223
223
223
223
223
223
223
223
222.998
222.948
222.655
221.992
221.231
220.703
220.515
220.6
220.838
221.231
221.118
219.339
223
223
223
223
223
223
223
223
223
223
223
223
223
223
223
223
223
223
223
223
223
223
223
223
223
223
223
223
223
223
223
223
223
223
223
223
223
223
223
223
223
223
223
223
223
223
223
223
223
223
223
223
223
223
223
223
223
223
223
223
223
223
223
223
223
223
223
223
223
223
223
223
223
223
223
223
223
223
223
223
223
223
223
223
223
223
223
223
223
223
223
223
223
223
223
223
223
223
223
223
223
223
223
223
223
223
223
223
223
222.998
222.954
222.674
222.009
221.214
220.637
220.399
220.445
220.667
221.055
220.923
219.125
223
223
223
223
223
223
223
223
223
223
223
223
223
223
223
223
223
223
223
223
223
223
223
223
223
223
223
223
223
223
223
223
223
223
223
223
223
223
223
223
223
223
223
223
223
223
223
223
223
223
223
223
223
223
223
223
223
223
223
223
223
223
223
223
223
223
223
223
223
223
223
223
223
223
223
223
223
223
223
223
223
223
223
223
223
223
223
223
223
223
223
223
223
223
223
223
223
223
223
223
223
223
223
223
223
223
223
223
223
222.999
222.961
222.699
222.033
221.197
220.559
220.279
220.308
220.526
220.902
220.738
218.886
223
223
223
223
223
223
223
223
223
223
223
223
223
223
223
223
223
223
223
223
223
223
223
223
223
223
223
223
223
223
223
223
223
223
223
223
223
223
223
223
223
223
223
223
223
223
223
223
223
223
223
223
223
223
223
223
223
223
223
223
223
223
223
223
223
223
223
223
223
223
223
223
223
223
223
223
223
223
223
223
223
223
223
223
223
223
223
223
223
223
223
223
223
223
223
223
223
223
223
223
223
223
223
223
223
223
223
223
223
222.999
222.968
222.728
222.067
221.192
220.497
220.166
220.167
220.352
220.719
220.54
218.561
223
223
223
223
223
223
223
223
223
223
223
223
223
223
223
223
223
223
223
223
223
223
223
223
223
223
223
223
223
223
223
223
223
223
223
223
223
223
223
223
223
223
223
223
223
223
223
223
223
223
223
223
223
223
223
223
223
223
223
223
223
223
223
223
223
223
223
223
223
223
223
223
223
223
223
223
223
223
223
223
223
223
223
223
223
223
223
223
223
223
223
223
223
223
223
223
223
223
223
223
223
223
223
223
223
223
223
223
223
222.999
222.975
222.762
222.113
221.19
220.42
220.034
219.978
220.087
220.446
220.272
218.128
223
223
223
223
223
223
223
223
223
223
223
223
223
223
223
223
223
223
223
223
223
223
223
223
223
223
223
223
223
223
223
223
223
223
223
223
223
223
223
223
223
223
223
223
223
223
223
223
223
223
223
223
223
223
223
223
223
223
223
223
223
223
223
223
223
223
223
223
223
223
223
223
223
223
223
223
223
223
223
223
223
223
223
223
223
223
223
223
223
223
223
223
223
223
223
223
223
223
223
223
223
223
223
223
223
223
223
223
223
223
222.982
222.799
222.175
221.214
220.363
219.871
219.698
219.749
220.09
219.891
217.561
223
223
223
223
223
223
223
223
223
223
223
223
223
223
223
223
223
223
223
223
223
223
223
223
223
223
223
223
223
223
223
223
223
223
223
223
223
223
223
223
223
223
223
223
223
223
223
223
223
223
223
223
223
223
223
223
223
223
223
223
223
223
223
223
223
223
223
223
223
223
223
223
223
223
223
223
223
223
223
223
223
223
223
223
223
223
223
223
223
223
223
223
223
223
223
223
223
223
223
223
223
223
223
223
223
223
223
223
223
223
222.988
222.84
222.255
221.258
220.296
219.677
219.412
219.429
219.69
219.381
216.859
223
223
223
223
223
223
223
223
223
223
223
223
223
223
223
223
223
223
223
223
223
223
223
223
223
223
223
223
223
223
223
223
223
223
223
223
223
223
223
223
223
223
223
223
223
223
223
223
223
223
223
223
223
223
223
223
223
223
223
223
223
223
223
223
223
223
223
223
223
223
223
223
223
223
223
223
223
223
223
223
223
223
223
223
223
223
223
223
223
223
223
223
223
223
223
223
223
223
223
223
223
223
223
223
223
223
223
223
223
223
222.993
222.881
222.355
221.334
220.25
219.495
219.168
219.198
219.288
218.66
216.037
223
223
223
223
223
223
223
223
223
223
223
223
223
223
223
223
223
223
223
223
223
223
223
223
223
223
223
223
223
223
223
223
223
223
223
223
223
223
223
223
223
223
223
223
223
223
223
223
223
223
223
223
223
223
223
223
223
223
223
223
223
223
223
223
223
223
223
223
223
223
223
223
223
223
223
223
223
223
223
223
223
223
223
223
223
223
223
223
223
223
223
223
223
223
223
223
223
223
223
223
223
223
223
223
223
223
223
223
223
223
222.996
222.92
222.474
221.455
220.219
219.282
218.923
218.843
218.583
217.529
215.171
223
223
223
223
223
223
223
223
223
223
223
223
223
223
223
223
223
223
223
223
223
223
223
223
223
223
223
223
223
223
223
223
223
223
223
223
223
223
223
223
223
223
223
223
223
223
223
223
223
223
223
223
223
223
223
223
223
223
223
223
223
223
223
223
223
223
223
223
223
223
223
223
223
223
223
223
223
223
223
223
223
223
223
223
223
223
223
223
223
223
223
223
223
223
223
223
223
223
223
223
223
223
223
223
223
223
223
223
223
223
222.999
222.954
222.606
221.642
220.304
219.163
218.43
217.922
217.102
215.847
214.884
223
223
223
223
223
223
223
223
223
223
223
223
223
223
223
223
223
223
223
223
223
223
223
223
223
223
223
223
223
223
223
223
223
223
223
223
223
223
223
223
223
223
223
223
223
223
223
223
223
223
223
223
223
223
223
223
223
223
223
223
223
223
223
223
223
223
223
223
223
223
223
223
223
223
223
223
223
223
223
223
223
223
223
223
223
223
223
223
223
223
223
223
223
223
223
223
223
223
223
223
223
223
223
223
223
223
223
223
223
223
223
222.978
222.741
221.897
220.497
219.036
217.661
216.512
215.11
214.136
214.887
223
223
223
223
223
223
223
223
223
223
223
223
223
223
223
223
223
223
223
223
223
223
223
223
223
223
223
223
223
223
223
223
223
223
223
223
223
223
223
223
223
223
223
223
223
223
223
223
223
223
223
223
223
223
223
223
223
223
223
223
223
223
223
223
223
223
223
223
223
223
223
223
223
223
223
223
223
223
223
223
223
223
223
223
223
223
223
223
223
223
223
223
223
223
223
223
223
223
223
223
223
223
223
223
223
223
223
223
223
223
223
222.992
222.86
222.197
220.803
219.068
217.429
215.749
214.101
213.612
215.086
223
223
223
223
223
223
223
223
223
223
223
223
223
223
223
223
223
223
223
223
223
223
223
223
223
223
223
223
223
223
223
223
223
223
223
223
223
223
223
223
223
223
223
223
223
223
223
223
223
223
223
223
223
223
223
223
223
223
223
223
223
223
223
223
223
223
223
223
223
223
223
223
223
223
223
223
223
223
223
223
223
223
223
223
223
223
223
223
223
223
223
223
223
223
223
223
223
223
223
223
223
223
223
223
223
223
223
223
223
223
223
222.998
222.945
222.523
221.316
219.514
217.632
215.766
214.259
213.656
215.445
223
223
223
223
223
223
223
223
223
223
223
223
223
223
223
223
223
223
223
223
223
223
223
223
223
223
223
223
223
223
223
223
223
223
223
223
223
223
223
223
223
223
223
223
223
223
223
223
223
223
223
223
223
223
223
223
223
223
223
223
223
223
223
223
223
223
223
223
223
223
223
223
223
223
223
223
223
223
223
223
223
223
223
223
223
223
223
223
223
223
223
223
223
223
223
223
223
223
223
223
223
223
223
223
223
223
223
223
223
223
223
223
222.987
222.797
221.947
220.23
218.071
216.063
214.751
214.389
216.101
223
223
223
223
223
223
223
223
223
223
223
223
223
223
223
223
223
223
223
223
223
223
223
223
223
223
223
223
223
223
223
223
223
223
223
223
223
223
223
223
223
223
223
223
223
223
223
223
223
223
223
223
223
223
223
223
223
223
223
223
223
223
223
223
223
223
223
223
223
223
223
223
223
223
223
223
223
223
223
223
223
223
223
223
223
223
223
223
223
223
223
223
223
223
223
223
223
223
223
223
223
223
223
223
223
223
223
223
223
223
223
223
222.999
222.952
222.568
221.429
219.662
217.897
216.744
216.38
217.271
223
223
223
223
223
223
223
223
223
223
223
223
223
223
223
223
223
223
223
223
223
223
223
223
223
223
223
223
223
223
223
223
223
223
223
223
223
223
223
223
223
223
223
223
223
223
223
223
223
223
223
223
223
223
223
223
223
223
223
223
223
223
223
223
223
223
223
223
223
223
223
223
223
223
223
223
223
223
223
223
223
223
223
223
223
223
223
223
223
223
223
223
223
223
223
223
223
223
223
223
223
223
223
223
223
223
223
223
223
223
223
223
223
222.995
222.913
222.494
221.586
220.477
219.588
219.132
219.098
223
223
223
223
223
223
223
223
223
223
223
223
223
223
223
223
223
223
223
223
223
223
223
223
223
223
223
223
223
223
223
223
223
223
223
223
223
223
223
223
223
223
223
223
223
223
223
223
223
223
223
223
223
223
223
223
223
223
223
223
223
223
223
223
223
223
223
223
223
223
223
223
223
223
223
223
223
223
223
223
223
223
223
223
223
223
223
223
223
223
223
223
223
223
223
223
223
223
223
223
223
223
223
223
223
223
223
223
223
223
223
223
223
223
222.994
222.936
222.735
222.383
221.963
221.552
221.189
223
223
223
223
223
223
223
223
223
223
223
223
223
223
223
223
223
223
223
223
223
223
223
223
223
223
223
223
223
223
223
223
223
223
223
223
223
223
223
223
223
223
223
223
223
223
223
223
223
223
223
223
223
223
223
223
223
223
223
223
223
223
223
223
223
223
223
223
223
223
223
223
223
223
223
223
223
223
223
223
223
223
223
223
223
223
223
223
223
223
223
223
223
223
223
223
223
223
223
223
223
223
223
223
223
223
223
223
223
223
223
223
223
223
223
222.998
222.984
222.947
222.874
222.748
222.56
223
223
223
223
223
223
223
223
223
223
223
223
223
223
223
223
223
223
223
223
223
223
223
223
223
223
223
223
223
223
223
223
223
223
223
223
223
223
223
223
223
223
223
223
223
223
223
223
223
223
223
223
223
223
223
223
223
223
223
223
223
223
223
223
223
223
223
223
223
223
223
223
223
223
223
223
223
223
223
223
223
223
223
223
223
223
223
223
223
223
223
223
223
223
223
223
223
223
223
223
223
223
223
223
223
223
223
223
223
223
223
223
223
223
223
223
223
222.999
222.995
222.985
222.96
223
223
223
223
223
223
223
223
223
223
223
223
223
223
223
223
223
223
223
223
223
223
223
223
223
223
223
223
223
223
223
223
223
223
223
223
223
223
223
223
223
223
223
223
223
223
223
223
223
223
223
223
223
223
223
223
223
223
223
223
223
223
223
223
223
223
223
223
223
223
223
223
223
223
223
223
223
223
223
223
223
223
223
223
223
223
223
223
223
223
223
223
223
223
223
223
223
223
223
223
223
223
223
223
223
223
223
223
223
223
223
223
223
223
223
223
223
223
223
223
222.999
223
223
223
223
223
223
223
223
223
223
223
223
223
223
223
223
223
223
223
223
223
223
223
223
223
223
223
223
223
223
223
223
223
223
223
223
223
223
223
223
223
223
223
223
223
223
223
223
223
223
223
223
223
223
223
223
223
223
223
223
223
223
223
223
223
223
223
223
223
223
223
223
223
223
223
223
223
223
223
223
223
223
223
223
223
223
223
223
223
223
223
223
223
223
223
223
223
223
223
223
223
223
223
223
223
223
223
223
223
223
223
223
223
223
223
223
223
223
223
223
223
223
223
223
223
223
223
223
223
223
223
223
223
223
223
223
223
223
223
223
223
223
223
223
223
223
223
223
223
223
223
223
223
223
223
223
223
223
223
223
223
223
223
223
223
223
223
223
223
223
223
223
223
223
223
223
223
223
223
223
223
223
223
223
223
223
223
223
223
223
223
223
223
223
223
223
223
223
223
223
223
223
223
223
223
223
223
223
223
223
223
223
223
223
223
223
223
223
223
223
223
223
223
223
223
223
223
223
223
223
223
223
223
223
223
223
223
223
223
223
223
223
223
223
223
223
223
223
223
223
223
223
223
223
223
223
223
223
223
223
223
223
223
223
223
223
223
223
223
223
223
223
223
223
223
223
223
223
223
223
223
223
223
223
223
223
223
223
223
223
223
223
223
223
223
223
223
223
223
223
223
223
223
223
223
223
223
223
223
223
223
223
223
223
223
223
223
223
223
223
223
223
223
223
223
223
223
223
223
223
223
223
223
223
223
223
223
223
223
223
223
223
223
223
223
223
223
223
223
223
223
223
223
223
223
223
223
223
223
223
223
223
223
223
223
223
223
223
223
223
223
223
223
223
223
223
223
223
223
223
223
223
223
223
223
223
223
223
223
223
223
223
223
223
223
223
223
223
223
223
223
223
223
223
223
223
223
223
223
223
223
223
223
223
223
223
223
223
223
223
223
223
223
223
223
223
223
223
223
223
223
223
223
223
223
223
223
223
223
223
223
223
223
223
223
223
223
223
223
223
223
223
223
223
223
223
223
223
223
223
223
223
223
223
223
223
223
223
223
223
223
223
223
223
223
223
223
223
223
223
223
223
223
223
223
223
223
223
223
223
223
223
223
223
223
223
223
223
223
223
223
223
223
223
223
223
223
223
223
223
223
223
223
223
223
223
223
223
223
223
223
223
223
223
223
223
223
223
223
223
223
223
223
223
223
223
223
223
223
223
223
223
223
223
223
223
223
223
223
223
223
223
223
223
223
223
223
223
223
223
223
223
223
223
223
223
223
223
223
223
223
223
223
223
223
223
223
223
223
223
223
223
223
223
223
223
223
223
223
223
223
223
223
223
223
223
223
223
223
223
223
223
223
223
223
223
223
223
223
223
223
223
223
223
223
223
223
223
223
223
223
223
223
223
223
223
223
223
223
223
223
223
223
223
223
223
223
223
223
223
223
223
223
223
223
223
223
223
223
223
223
223
223
223
223
223
223
223
223
223
223
223
223
223
223
223
223
223
223
223
223
223
223
223
223
223
223
223
223
223
223
223
223
223
223
223
223
223
223
223
223
223
223
223
223
223
223
223
223
223
223
223
223
223
223
223
223
223
223
223
223
223
223
223
223
223
223
223
223
223
223
223
223
223
223
223
223
223
223
223
223
223
223
223
223
223
223
223
223
223
223
223
223
223
223
223
223
223
223
223
223
223
223
223
223
223
223
223
223
223
223
223
223
223
223
223
223
223
223
223
223
223
223
223
223
223
223
223
223
223
223
223
223
223
223
223
223
223
223
223
223
223
223
223
223
223
223
223
223
223
223
223
223
223
223
223
223
223
223
223
223
223
223
223
223
223
223
223
223
223
223
223
223
223
223
223
223
223
223
223
223
223
223
223
223
223
223
223
223
223
223
223
223
223
223
223
223
223
223
223
223
223
223
223
223
223
223
223
223
223
223
223
223
223
223
223
223
223
223
223
223
223
223
223
223
223
223
223
223
223
223
223
223
223
223
223
223
223
223
223
223
223
223
223
223
223
223
223
223
223
223
223
223
223
223
223
223
223
223
223
223
223
223
223
223
223
223
223
223
223
223
223
223
223
223
223
223
223
223
223
223
223
223
223
223
223
223
223
223
223
223
223
223
223
223
223
223
223
223
223
223
223
223
223
223
223
223
223
223
223
223
223
223
223
223
223
223
223
223
223
223
223
223
223
223
223
223
223
223
223
223
223
223
223
223
223
223
223
223
223
223
223
223
223
223
223
223
223
223
223
223
223
223
223
223
223
223
223
223
223
223
223
223
223
223
223
223
223
223
223
223
223
223
223
223
223
223
223
223
223
223
223
223
223
223
223
223
223
223
223
223
223
223
223
223
223
223
223
223
223
223
223
223
223
223
223
223
223
223
223
223
223
223
223
223
223
223
223
223
223
223
223
223
223
223
223
223
223
223
223
223
223
223
223
223
223
223
223
223
223
223
223
223
223
223
223
223
223
223
223
223
223
223
223
223
223
223
223
223
223
223
223
223
223
223
223
223
223
223
223
223
223
223
223
223
223
223
223
223
223
223
223
223
223
223
223
223
223
223
223
223
223
223
223
223
223
223
223
223
223
223
223
223
223
223
223
223
223
223
223
223
223
223
223
223
223
223
223
223
223
223
223
223
223
223
223
223
223
223
223
223
223
223
223
223
223
223
223
223
223
223
223
223
223
223
223
223
223
223
223
223
223
223
223
223
223
223
223
223
223
223
223
223
223
223
223
223
223
223
223
223
223
223
223
223
223
223
223
223
223
223
223
223
223
223
223
223
223
223
223
223
223
223
223
223
223
223
223
223
223
223
223
223
223
223
223
223
223
223
223
223
223
223
223
223
223
223
223
223
223
223
223
223
223
223
223
223
223
223
223
223
223
223
223
223
223
223
223
223
223
223
223
223
223
223
223
223
223
223
223
223
223
223
223
223
223
223
223
223
223
223
223
223
223
223
223
223
223
223
223
223
223
223
223
223
223
223
223
223
223
223
223
223
223
223
223
223
223
223
223
223
223
223
223
223
223
223
223
223
223
223
223
223
223
223
223
223
223
223
223
223
223
223
223
223
223
223
223
223
223
223
223
223
223
223
223
223
223
223
223
223
223
223
223
223
223
223
223
223
223
223
223
223
223
223
223
223
223
223
223
223
223
223
223
223
223
223
223
223
223
223
223
223
223
223
223
223
223
223
223
223
223
223
223
223
223
223
223
223
223
223
223
223
223
223
223
223
223
223
223
223
223
223
223
223
223
223
223
223
223
223
223
223
223
223
223
223
223
223
223
223
223
223
223
223
223
223
223
223
223
223
223
223
223
223
223
223
223
223
223
223
223
223
223
223
223
223
223
223
223
223
223
223
223
223
223
223
223
223
223
223
223
223
223
223
223
223
223
223
223
223
223
223
223
223
223
223
223
223
223
223
223
223
223
223
223
223
223
223
223
223
223
223
223
223
223
223
223
223
223
223
223
223
223
223
223
223
223
223
223
223
223
223
223
223
223
223
223
223
223
223
223
223
223
223
223
223
223
223
223
223
223
223
223
223
223
223
223
223
223
223
223
223
223
223
223
223
223
223
223
223
223
223
223
223
223
223
223
223
223
223
223
223
223
223
223
223
223
223
223
223
223
223
223
223
223
223
223
223
223
223
223
223
223
223
223
223
223
223
223
223
223
223
223
223
223
223
223
223
223
223
223
223
223
223
223
223
223
223
223
223
223
223
223
223
223
223
223
223
223
223
223
223
223
223
223
223
223
223
223
223
223
223
223
223
223
223
223
223
223
223
223
223
223
223
223
223
223
223
223
223
223
223
223
223
223
223
223
223
223
223
223
223
223
223
223
223
223
223
223
223
223
223
223
223
223
223
223
223
223
223
223
223
223
223
223
223
223
223
223
223
223
223
223
223
223
223
223
223
223
223
223
223
223
223
223
223
223
223
223
223
223
223
223
223
223
223
223
223
223
223
223
223
223
223
223
223
223
223
223
223
223
223
223
223
223
223
223
223
223
223
223
223
223
223
223
223
223
223
223
223
223
223
223
223
223
223
223
223
223
223
223
223
223
223
223
223
223
223
223
223
223
223
223
223
223
223
223
223
223
223
223
223
223
223
223
223
223
223
223
223
223
223
223
223
223
223
223
223
223
223
223
223
223
223
223
223
223
223
223
223
223
223
223
223
223
223
223
223
223
223
223
223
223
223
223
223
223
223
223
223
223
223
223
223
223
223
223
223
223
223
223
223
223
223
223
223
223
223
223
223
223
223
223
223
223
223
223
223
223
223
223
223
223
223
223
223
223
223
223
223
223
223
223
223
223
223
223
223
223
223
223
223
223
223
223
223
223
223
223
223
223
223
223
223
223
223
223
223
223
223
223
223
223
223
223
223
223
223
223
223
223
223
223
223
223
223
223
223
223
223
223
223
223
223
223
223
223
223
223
223
223
223
223
223
223
223
223
223
223
223
223
223
223
223
223
223
223
223
223
223
223
223
223
223
223
223
223
223
223
223
223
223
223
223
223
223
223
223
223
223
223
223
223
223
223
223
223
223
223
223
223
223
223
223
223
223
223
223
223
223
223
223
223
223
223
223
223
223
223
223
223
223
223
223
223
223
223
223
223
223
223
223
223
223
223
223
223
223
223
223
223
223
223
223
223
223
223
223
223
223
223
223
223
223
223
223
223
223
223
223
223
223
223
223
223
223
223
223
223
223
223
223
223
223
223
223
223
223
223
223
223
223
223
223
223
223
223
223
223
223
223
223
223
223
223
223
223
223
223
223
223
223
223
223
223
223
223
223
223
223
223
223
223
223
223
223
223
223
223
223
223
223
223
223
223
223
223
223
223
223
223
223
223
223
223
223
223
223
223
223
223
223
223
223
223
223
223
223
223
223
223
223
223
223
223
223
223
223
223
223
223
223
223
223
223
223
223
223
223
223
223
223
223
223
223
223
223
223
223
223
223
223
223
223
223
223
223
223
223
223
223
223
223
223
223
223
223
223
223
223
223
223
223
223
223
223
223
223
223
223
223
223
223
223
223
223
223
223
223
223
223
223
223
223
223
223
223
223
223
223
223
223
223
223
223
223
223
223
223
223
223
223
223
223
223
223
223
223
223
223
223
223
223
223
223
223
223
223
223
223
223
223
223
223
223
223
223
223
223
223
223
223
223
223
223
223
223
223
223
223
223
223
223
223
223
223
223
223
223
223
223
223
223
223
223
223
223
223
223
223
223
223
223
223
223
223
223
223
223
223
223
223
223
223
223
223
223
223
223
223
223
223
223
223
223
223
223
223
223
223
223
223
223
223
223
223
223
223
223
223
223
223
223
223
223
223
223
223
223
223
223
223
223
223
223
223
223
223
223
223
223
223
223
223
223
223
223
223
223
223
223
223
223
223
223
223
223
223
223
223
223
223
223
223
223
223
223
223
223
223
223
223
223
223
223
223
223
223
223
223
223
223
223
223
223
223
223
223
223
223
223
223
223
223
223
223
223
223
223
223
223
223
223
223
223
223
223
223
223
223
223
223
223
223
223
223
223
223
223
223
223
223
223
223
223
223
223
223
223
223
223
223
223
223
223
223
223
223
223
223
223
223
223
223
223
223
223
223
223
223
223
223
223
223
223
223
223
223
223
223
223
223
223
223
223
223
223
223
223
223
223
223
223
223
223
223
223
223
223
223
223
223
223
223
223
223
223
223
223
223
223
223
223
223
223
223
223
223
223
223
223
223
223
223
223
223
223
223
223
223
223
223
223
223
223
223
223
223
223
223
223
223
223
223
223
223
223
223
223
223
223
223
223
223
223
223
223
223
223
223
223
223
223
223
223
223
223
223
223
223
223
223
223
223
223
223
223
223
223
223
223
223
223
223
223
223
223
223
223
223
223
223
223
223
223
223
223
223
223
223
223
223
223
223
223
223
223
223
223
223
223
223
223
223
223
223
223
223
223
223
223
223
223
223
223
223
223
223
223
223
223
223
223
223
223
223
223
223
223
223
223
223
223
223
223
223
223
223
223
223
223
223
223
223
223
223
223
223
223
223
223
223
223
223
223
223
223
223
223
223
223
223
223
223
223
223
223
223
223
223
223
223
223
223
223
223
223
223
223
223
223
223
223
223
223
223
223
223
223
223
223
223
223
223
223
223
223
223
223
223
223
223
223
223
223
223
223
223
223
223
223
223
223
223
223
223
223
223
223
223
223
223
223
223
223
223
223
223
223
223
223
223
223
223
223
223
223
223
223
223
223
223
223
223
223
223
223
223
223
223
223
223
223
223
223
223
223
223
223
223
223
223
223
223
223
223
223
223
223
223
223
223
223
223
223
223
223
223
223
223
223
223
223
223
223
223
223
223
223
223
223
223
223
223
223
223
223
223
223
223
223
223
223
223
223
223
223
223
223
223
223
223
223
223
223
223
223
223
223
223
223
223
223
223
223
223
223
223
223
223
223
223
223
223
223
223
223
223
223
223
223
223
223
223
223
223
223
223
223
223
223
223
223
223
223
223
223
223
223
223
223
223
223
223
223
223
223
223
223
223
223
223
223
223
223
223
223
223
223
223
223
223
223
223
223
223
223
223
223
223
223
223
223
223
223
223
223
223
223
223
223
223
223
223
223
223
223
223
223
223
223
223
223
223
223
223
223
223
223
223
223
223
223
223
223
223
223
223
223
223
223
223
223
223
223
223
223
223
223
223
223
223
223
223
223
223
223
223
223
223
223
223
223
223
223
223
223
223
223
223
223
223
223
223
223
223
223
223
223
223
223
223
223
223
223
223
223
223
223
223
223
223
223
223
223
223
223
223
223
223
223
223
223
223
223
223
223
223
223
223
223
223
223
223
223
223
223
223
223
223
223
223
223
223
223
223
223
223
223
223
223
223
223
223
223
223
223
223
223
223
223
223
223
223
223
223
223
223
223
223
223
223
223
223
223
223
223
223
223
223
223
223
223
223
223
223
223
223
223
223
223
223
223
223
223
223
223
223
223
223
223
223
223
223
223
223
223
223
223
223
223
223
223
223
223
223
223
223
223
223
223
223
223
223
223
223
223
223
223
223
223
223
223
223
223
223
223
223
223
223
223
223
223
223
223
223
223
223
223
223
223
223
223
223
223
223
223
223
223
223
223
223
223
223
223
223
223
223
223
223
223
223
223
223
223
223
223
223
223
223
223
223
223
223
223
223
223
223
223
223
223
223
223
223
223
223
223
223
223
223
223
223
223
223
223
223
223
223
223
223
223
223
223
223
223
223
223
223
223
223
223
223
223
223
223
223
223
223
223
223
223
223
223
223
223
223
223
223
223
223
223
223
223
223
223
223
223
223
223
223
223
223
223
223
223
223
223
223
223
223
223
223
223
223
223
223
223
223
223
223
223
223
223
223
223
223
223
223
223
223
223
223
223
223
223
223
223
223
223
223
223
223
223
223
223
223
223
223
223
223
223
223
223
223
223
223
223
223
223
223
223
223
223
223
223
223
223
223
223
223
223
223
223
223
223
223
223
223
223
223
223
223
223
223
223
223
223
223
223
223
223
223
223
223
223
223
223
223
223
223
223
223
223
223
223
223
223
223
223
223
223
223
223
223
223
223
223
223
223
223
223
223
223
223
223
223
223
223
223
223
223
223
223
223
223
223
223
223
223
223
223
223
223
223
223
223
223
223
223
223
223
223
223
223
223
223
223
223
223
223
223
223
223
223
223
223
223
223
223
223
223
223
223
223
223
223
223
223
223
223
223
223
223
223
223
223
223
223
223
223
223
223
223
223
223
223
223
223
223
223
223
223
223
223
223
223
223
223
223
223
223
223
223
223
223
223
223
223
223
223
223
223
223
223
223
223
223
223
223
223
223
223
223
223
223
223
223
223
223
223
223
223
223
223
223
223
223
223
223
223
223
223
223
223
223
223
223
223
223
223
223
223
223
223
223
223
223
223
223
223
223
223
223
223
223
223
223
223
223
223
223
223
223
223
223
223
223
223
223
223
223
223
223
223
223
223
223
223
223
223
223
223
223
223
223
223
223
223
223
223
223
223
223
223
223
223
223
223
223
223
223
223
223
223
223
223
223
223
223
223
223
223
223
223
223
223
223
223
223
223
223
223
223
223
223
223
223
223
223
223
223
223
223
223
223
223
223
223
223
223
223
223
223
223
223
223
223
223
223
223
223
223
223
223
223
223
223
223
223
223
223
223
223
223
223
223
223
223
223
223
223
223
223
223
223
223
223
223
223
223
223
223
223
223
223
223
223
223
223
223
223
223
223
223
223
223
223
223
223
223
223
223
223
223
223
223
223
223
223
223
223
223
223
223
223
223
223
223
223
223
223
223
223
223
223
223
223
223
223
223
223
223
223
223
223
223
223
223
223
223
223
223
223
223
223
223
223
223
223
223
223
223
223
223
223
223
223
223
223
223
223
223
223
223
223
223
223
223
223
223
223
223
223
223
223
223
223
223
223
223
223
223
223
223
223
223
223
223
223
223
223
223
223
223
223
223
223
223
223
223
223
223
223
223
223
223
223
223
223
223
223
223
223
223
223
223
223
223
223
223
223
223
223
223
223
223
223
223
223
223
223
223
223
223
223
223
223
223
223
223
223
223
223
223
223
223
223
223
223
223
223
223
223
223
223
223
223
223
223
223
223
223
223
223
223
223
223
223
223
223
223
223
223
223
223
223
223
223
223
223
223
223
223
223
223
223
223
223
223
223
223
223
223
223
223
223
223
223
223
223
223
223
223
223
223
223
223
223
223
223
223
223
223
223
223
223
223
223
223
223
223
223
223
223
223
223
223
223
223
223
223
223
223
223
223
223
223
223
223
223
223
223
223
223
223
223
223
223
223
223
223
223
223
223
223
223
223
223
223
223
223
223
223
223
223
223
223
223
223
223
223
223
223
223
223
223
223
223
223
223
223
223
223
223
223
223
223
223
223
223
223
223
223
223
223
223
223
223
223
223
223
223
223
223
223
223
223
223
223
223
223
223
223
223
223
223
223
223
223
223
223
223
223
223
223
223
223
223
223
223
223
223
223
223
223
223
223
223
223
223
223
223
223
223
223
223
223
223
223
223
223
223
223
223
223
223
223
223
223
223
223
223
223
223
223
223
223
223
223
223
223
223
223
223
223
223
223
223
223
223
223
223
223
223
223
223
223
223
223
223
223
223
223
223
223
223
223
223
223
223
223
223
223
223
223
223
223
223
223
223
223
223
223
223
223
223
223
223
223
223
223
223
223
223
223
223
223
223
223
223
223
223
223
223
223
223
223
223
223
223
223
223
223
223
223
223
223
223
223
223
223
223
223
223
223
223
223
223
223
223
223
223
223
223
223
223
223
223
223
223
223
223
223
223
223
223
223
223
223
223
223
223
223
223
223
223
223
223
223
223
223
223
223
223
223
223
223
223
223
223
223
223
223
223
223
223
223
223
223
223
223
223
223
223
223
223
223
223
223
223
223
223
223
223
223
223
223
223
223
223
223
223
223
223
223
223
223
223
223
223
223
223
223
223
223
223
223
223
223
223
223
223
223
223
223
223
223
223
223
223
223
223
223
223
223
223
223
223
223
223
223
223
223
223
223
223
223
223
223
223
223
223
223
223
223
223
223
223
223
223
223
223
223
223
223
223
223
223
223
223
223
223
223
223
223
223
223
223
223
223
223
223
223
223
223
223
223
223
223
223
223
223
223
223
223
223
223
223
223
223
223
223
223
223
223
223
223
223
223
223
223
223
223
223
223
223
223
223
223
223
223
223
223
223
223
223
223
223
223
223
223
223
223
223
223
223
223
223
223
223
223
223
223
223
223
223
223
223
223
223
223
223
223
223
223
223
223
223
223
223
223
223
223
223
223
223
223
223
223
223
223
223
223
223
223
223
223
223
223
223
223
223
223
223
223
223
223
223
223
223
223
223
223
223
223
223
223
223
223
223
223
223
223
223
223
223
223
223
223
223
223
223
223
223
223
223
223
223
223
223
223
223
223
223
223
223
223
223
223
223
223
223
223
223
223
223
223
223
223
223
223
223
223
223
223
223
223
223
223
223
223
223
223
223
223
223
223
223
223
223
223
223
223
223
223
223
223
223
223
223
223
223
223
223
223
223
223.016
223.017
223.018
223.018
223.018
223.018
223.018
223.018
223.018
223.018
223.018
223.018
223.018
223.018
223.018
223.018
223.018
223.018
223.018
223.018
223.018
223.018
223.018
223.018
223.018
223.018
223.018
223.018
223.018
223.018
223.018
223.018
223.018
223.018
223.018
223.018
223.018
223.018
223.018
223.018
223.018
223.018
223.018
223.018
223.018
223.018
223.018
223.018
223.018
223.018
223.018
223.018
223.018
223.018
223.018
223.018
223.018
223.018
223.018
223.018
223.018
223.018
223.018
223.018
223.018
223.018
223.018
223.018
223.018
223.018
223.018
223.018
223.018
223.018
223.018
223.018
223.018
223.018
223.018
223.018
223.018
223.018
223.018
223.018
223.018
223.018
223.018
223.018
223.018
223.018
223.018
223.018
223.018
223.018
223.018
223.018
223.018
223.018
223.018
223.018
223.018
223.018
223.018
223.018
223.018
223.018
223.018
223.018
223.018
223.018
223.018
223.019
223.02
223.022
223.022
223.02
223.016
223.012
223.007
223.004
223.001
223.395
223.403
223.407
223.41
223.412
223.413
223.413
223.413
223.414
223.414
223.414
223.414
223.414
223.414
223.414
223.414
223.414
223.414
223.414
223.414
223.414
223.414
223.414
223.414
223.414
223.414
223.414
223.414
223.414
223.414
223.414
223.414
223.414
223.414
223.414
223.414
223.414
223.414
223.414
223.414
223.414
223.414
223.414
223.414
223.414
223.414
223.414
223.414
223.414
223.414
223.414
223.414
223.414
223.414
223.414
223.414
223.414
223.414
223.414
223.414
223.414
223.414
223.414
223.414
223.414
223.414
223.414
223.414
223.414
223.414
223.414
223.414
223.414
223.414
223.414
223.414
223.414
223.414
223.414
223.414
223.414
223.414
223.414
223.414
223.414
223.414
223.414
223.414
223.414
223.414
223.414
223.414
223.414
223.414
223.414
223.414
223.414
223.414
223.414
223.414
223.414
223.414
223.414
223.414
223.414
223.414
223.414
223.414
223.414
223.415
223.418
223.422
223.425
223.417
223.387
223.341
223.287
223.229
223.167
223.107
223.057
225.055
225.071
225.079
225.085
225.088
225.09
225.092
225.092
225.093
225.093
225.093
225.093
225.093
225.093
225.093
225.093
225.093
225.093
225.093
225.093
225.093
225.093
225.093
225.093
225.093
225.093
225.093
225.093
225.093
225.093
225.093
225.093
225.093
225.093
225.093
225.093
225.093
225.093
225.093
225.093
225.093
225.093
225.093
225.093
225.093
225.093
225.093
225.093
225.093
225.093
225.093
225.093
225.093
225.093
225.093
225.093
225.093
225.093
225.093
225.093
225.093
225.093
225.093
225.093
225.093
225.093
225.093
225.093
225.093
225.093
225.093
225.093
225.093
225.093
225.093
225.093
225.093
225.093
225.093
225.093
225.093
225.093
225.093
225.093
225.093
225.093
225.093
225.093
225.093
225.093
225.093
225.093
225.093
225.093
225.093
225.093
225.093
225.093
225.093
225.093
225.093
225.093
225.093
225.093
225.093
225.093
225.093
225.093
225.094
225.094
225.093
225.075
225.01
224.884
224.717
224.536
224.348
224.153
223.948
223.726
223.516
226.913
226.923
226.924
226.926
226.928
226.93
226.93
226.931
226.931
226.931
226.931
226.931
226.931
226.931
226.931
226.931
226.931
226.931
226.931
226.931
226.931
226.931
226.931
226.931
226.931
226.931
226.931
226.931
226.931
226.931
226.931
226.931
226.931
226.931
226.931
226.931
226.931
226.931
226.931
226.931
226.931
226.931
226.931
226.931
226.931
226.931
226.931
226.931
226.931
226.931
226.931
226.931
226.931
226.931
226.931
226.931
226.931
226.931
226.931
226.931
226.931
226.931
226.931
226.931
226.931
226.931
226.931
226.931
226.931
226.931
226.931
226.931
226.931
226.931
226.931
226.931
226.931
226.931
226.931
226.931
226.931
226.931
226.931
226.931
226.931
226.931
226.931
226.931
226.931
226.931
226.931
226.931
226.931
226.931
226.931
226.931
226.931
226.931
226.931
226.931
226.931
226.931
226.931
226.931
226.931
226.931
226.931
226.931
226.931
226.93
226.909
226.815
226.625
226.379
226.124
225.875
225.633
225.393
225.155
224.91
224.722
232.042
232.055
232.06
232.067
232.074
232.077
232.08
232.081
232.082
232.082
232.082
232.082
232.082
232.082
232.082
232.082
232.083
232.083
232.083
232.083
232.083
232.083
232.083
232.083
232.083
232.083
232.083
232.083
232.083
232.083
232.083
232.083
232.083
232.083
232.083
232.083
232.083
232.083
232.083
232.083
232.083
232.083
232.083
232.083
232.083
232.083
232.083
232.083
232.083
232.083
232.083
232.083
232.083
232.083
232.083
232.083
232.083
232.083
232.083
232.083
232.083
232.083
232.083
232.083
232.083
232.083
232.083
232.083
232.083
232.083
232.083
232.083
232.083
232.083
232.083
232.083
232.083
232.083
232.083
232.083
232.083
232.083
232.083
232.083
232.083
232.083
232.083
232.083
232.083
232.083
232.083
232.083
232.083
232.083
232.083
232.083
232.083
232.083
232.083
232.083
232.083
232.083
232.083
232.083
232.083
232.083
232.083
232.083
232.082
232.079
232.036
231.864
231.541
231.152
230.769
230.411
230.073
229.74
229.402
229.039
228.643
)
;

boundaryField
{
    inlet
    {
        type            fixedValue;
        value           nonuniform List<scalar> 0();
    }
    obstacle
    {
        type            zeroGradient;
    }
    bottom
    {
        type            symmetry;
    }
    outlet
    {
        type            inletOutlet;
        inletValue      uniform 223;
        value           nonuniform List<scalar> 
82
(
223
223
223
223
223
223
223
223
223
223
223
223
223
223
223
223
223
223
223
223
223
223
223
223
223
223
223
223
223
223
223
223
223
223
223
223
223
223
223
223
223
223
223
223
223
223
223
223
223
223
223
223
223
223
223
223
223
223
223
223
223
223
223
223
223
223
223
223
223
223
223
223
223
223
223
223
223
223.016
223.394
225.053
226.912
232.041
)
;
    }
    top
    {
        type            symmetry;
    }
    defaultFaces
    {
        type            empty;
    }
    procBoundary3to2
    {
        type            processor;
        value           nonuniform List<scalar> 
122
(
223
223
223
223
223
223
223
223
223
223
223
223
223
223
223
223
223
223
223
223
223
223
223
223
223
223
223
223
223
223
223
223
223
223
223
223
223
223
223
223
223
223
223
223
223
223
223
223
223
223
223
223
223
223
223
223
223
223
223
223
223
223
223
223
223
223
223
223
223
223
223
223
223
223
223
223
223
223
223
223
223
223
223
223
223
223
223
223
223
223
223
223
223
223
223
223
223
223
223
223
223
223
222.996
222.938
222.684
222.209
221.745
221.534
221.658
222.129
222.57
222.826
223
223
223
223
223
223
223
223
223
223
)
;
    }
    procBoundary3to5
    {
        type            processor;
        value           nonuniform List<scalar> 
83
(
223.184
222.238
222.145
222.048
222.048
221.208
221.073
220.937
220.802
220.663
220.515
220.357
220.19
220.012
219.826
219.633
219.435
219.233
219.025
218.812
218.594
218.379
218.142
217.786
217.262
216.54
215.671
214.814
214.225
214.104
214.456
215.14
215.981
216.703
217.405
218.299
219.571
221.154
222.436
222.934
222.998
223
223
223
223
223
223
223
223
223
223
223
223
223
223
223
223
223
223
223
223
223
223
223
223
223
223
223
223
223
223
223
223
223
223
223
223
223
223
223.027
223.386
224.548
228.334
)
;
    }
}


// ************************************************************************* //
