/*--------------------------------*- C++ -*----------------------------------*\
| =========                 |                                                 |
| \\      /  F ield         | OpenFOAM: The Open Source CFD Toolbox           |
|  \\    /   O peration     | Version:  2412                                  |
|   \\  /    A nd           | Website:  www.openfoam.com                      |
|    \\/     M anipulation  |                                                 |
\*---------------------------------------------------------------------------*/
FoamFile
{
    version     2.0;
    format      ascii;
    arch        "LSB;label=32;scalar=64";
    class       volScalarField;
    location    "0.111";
    object      T;
}
// * * * * * * * * * * * * * * * * * * * * * * * * * * * * * * * * * * * * * //

dimensions      [0 0 0 1 0 0 0];

internalField   nonuniform List<scalar> 
9831
(
244.332
225.646
224.622
224.583
224.414
224.247
224.079
223.934
223.815
223.722
223.647
223.578
223.502
223.405
223.291
223.17
223.055
222.952
222.86
222.778
222.704
222.638
222.581
222.531
222.487
222.449
222.416
222.383
222.35
222.314
222.274
222.231
222.184
222.134
222.081
222.026
221.97
221.914
221.86
221.807
221.756
221.708
221.662
221.619
221.579
221.542
221.507
221.476
221.448
221.422
221.4
221.381
221.364
221.35
221.338
221.328
221.319
221.312
221.305
221.299
221.292
221.284
221.276
221.264
221.251
221.233
221.211
221.184
221.15
221.108
221.057
220.996
220.923
220.835
220.732
220.612
220.472
220.31
220.123
219.908
219.662
219.381
219.062
218.701
218.292
217.834
217.319
216.745
216.105
215.396
214.611
213.751
212.802
211.774
210.638
209.42
208.094
206.671
205.156
203.507
201.739
199.949
198.1
196.074
194.108
192.263
190.451
188.619
186.633
184.636
182.728
180.973
179.434
178.045
176.803
175.649
174.679
173.87
173.311
172.966
171.467
243.563
225.553
224.682
224.615
224.444
224.284
224.116
223.963
223.834
223.734
223.657
223.59
223.52
223.432
223.323
223.203
223.087
222.981
222.887
222.804
222.73
222.665
222.607
222.557
222.514
222.478
222.446
222.416
222.385
222.352
222.317
222.278
222.236
222.19
222.142
222.092
222.04
221.988
221.937
221.888
221.841
221.797
221.754
221.715
221.679
221.645
221.615
221.588
221.564
221.544
221.526
221.512
221.5
221.492
221.485
221.481
221.479
221.478
221.478
221.479
221.481
221.482
221.482
221.481
221.478
221.472
221.462
221.448
221.428
221.402
221.368
221.325
221.271
221.206
221.126
221.031
220.919
220.788
220.635
220.456
220.25
220.012
219.741
219.431
219.078
218.679
218.228
217.722
217.157
216.528
215.828
215.056
214.198
213.257
212.213
211.091
209.862
208.551
207.138
205.612
203.996
202.23
200.478
198.559
196.547
194.583
192.615
190.783
188.915
186.977
185.058
183.175
181.362
179.677
178.172
176.858
175.826
174.995
174.372
173.938
172.305
242.823
225.374
224.744
224.654
224.48
224.32
224.151
223.991
223.855
223.747
223.665
223.6
223.535
223.456
223.354
223.237
223.12
223.011
222.916
222.832
222.757
222.692
222.635
222.586
222.544
222.507
222.477
222.449
222.421
222.392
222.36
222.326
222.288
222.248
222.204
222.158
222.111
222.063
222.016
221.971
221.927
221.886
221.848
221.812
221.78
221.751
221.725
221.702
221.683
221.666
221.654
221.644
221.638
221.635
221.634
221.636
221.64
221.646
221.654
221.662
221.672
221.681
221.691
221.699
221.706
221.711
221.714
221.712
221.706
221.695
221.678
221.652
221.618
221.573
221.516
221.445
221.36
221.257
221.134
220.99
220.82
220.622
220.393
220.13
219.828
219.483
219.092
218.651
218.154
217.597
216.973
216.279
215.505
214.652
213.704
212.676
211.541
210.323
208.99
207.55
206.006
204.335
202.572
200.766
198.84
196.912
194.888
192.827
190.952
189.056
187.184
185.309
183.31
181.363
179.527
177.866
176.548
175.538
174.899
174.611
173.07
242.163
225.256
224.771
224.689
224.519
224.354
224.184
224.022
223.877
223.76
223.672
223.606
223.546
223.476
223.384
223.272
223.155
223.044
222.947
222.861
222.787
222.721
222.665
222.616
222.575
222.539
222.509
222.483
222.458
222.432
222.405
222.374
222.341
222.306
222.267
222.226
222.183
222.139
222.096
222.055
222.015
221.978
221.944
221.912
221.883
221.858
221.836
221.818
221.803
221.791
221.783
221.778
221.777
221.78
221.785
221.792
221.802
221.815
221.829
221.845
221.862
221.88
221.898
221.916
221.933
221.948
221.962
221.973
221.98
221.983
221.981
221.972
221.957
221.931
221.895
221.848
221.787
221.712
221.619
221.507
221.373
221.214
221.028
220.811
220.559
220.269
219.937
219.558
219.127
218.642
218.094
217.482
216.797
216.038
215.193
214.268
213.242
212.131
210.9
209.575
208.142
206.609
204.933
203.166
201.269
199.297
197.343
195.212
193.114
191.101
189.109
187.306
185.451
183.602
181.754
179.941
178.262
176.81
175.78
175.154
173.09
241.438
225.139
224.777
224.7
224.544
224.384
224.216
224.051
223.899
223.773
223.678
223.611
223.554
223.492
223.41
223.306
223.191
223.08
222.98
222.893
222.818
222.753
222.697
222.649
222.608
222.573
222.544
222.52
222.497
222.475
222.45
222.424
222.396
222.365
222.331
222.295
222.257
222.218
222.179
222.141
222.106
222.072
222.042
222.014
221.989
221.968
221.95
221.936
221.925
221.918
221.915
221.915
221.92
221.927
221.937
221.951
221.967
221.986
222.007
222.03
222.054
222.08
222.106
222.133
222.16
222.186
222.211
222.234
222.254
222.271
222.283
222.29
222.292
222.285
222.27
222.245
222.207
222.158
222.093
222.011
221.91
221.787
221.639
221.464
221.258
221.018
220.739
220.418
220.051
219.634
219.162
218.63
218.031
217.361
216.611
215.779
214.848
213.828
212.699
211.486
210.155
208.717
207.176
205.479
203.716
201.8
199.902
197.868
195.721
193.576
191.316
189.091
187.084
185.172
183.394
181.76
180.209
178.829
177.7
176.864
174.505
240.66
225.101
224.772
224.703
224.557
224.405
224.243
224.079
223.922
223.788
223.685
223.613
223.559
223.504
223.433
223.339
223.229
223.117
223.015
222.927
222.85
222.785
222.73
222.683
222.643
222.609
222.582
222.559
222.538
222.518
222.498
222.475
222.452
222.425
222.397
222.366
222.333
222.298
222.264
222.23
222.199
222.169
222.143
222.119
222.098
222.081
222.067
222.057
222.051
222.048
222.05
222.055
222.064
222.076
222.092
222.111
222.134
222.159
222.186
222.216
222.248
222.281
222.316
222.352
222.388
222.423
222.459
222.493
222.525
222.555
222.582
222.604
222.621
222.633
222.637
222.633
222.618
222.593
222.555
222.502
222.433
222.344
222.234
222.1
221.939
221.748
221.522
221.259
220.954
220.604
220.201
219.743
219.221
218.632
217.968
217.227
216.395
215.48
214.463
213.36
212.137
210.806
209.348
207.78
206.105
204.308
202.371
200.446
198.391
196.341
194.236
191.924
189.644
187.294
185.03
182.978
181.195
179.74
178.681
178.015
175.805
239.797
225.079
224.755
224.694
224.56
224.422
224.269
224.108
223.948
223.805
223.692
223.614
223.559
223.511
223.451
223.369
223.266
223.156
223.053
222.962
222.884
222.819
222.765
222.719
222.68
222.648
222.621
222.6
222.581
222.564
222.547
222.528
222.509
222.487
222.464
222.438
222.41
222.38
222.351
222.322
222.294
222.269
222.246
222.226
222.21
222.197
222.187
222.181
222.179
222.181
222.187
222.197
222.211
222.229
222.25
222.275
222.303
222.334
222.368
222.404
222.443
222.484
222.527
222.571
222.616
222.662
222.708
222.753
222.797
222.839
222.879
222.916
222.949
222.978
223
223.014
223.021
223.02
223.007
222.982
222.941
222.884
222.809
222.712
222.592
222.445
222.268
222.057
221.808
221.519
221.183
220.797
220.355
219.855
219.287
218.648
217.925
217.121
216.222
215.23
214.117
212.899
211.551
210.094
208.511
206.811
204.954
202.992
200.931
198.782
196.765
194.629
192.495
190.322
188.006
185.788
183.629
181.724
180.166
179.052
176.093
238.88
225.121
224.731
224.669
224.553
224.425
224.288
224.135
223.974
223.823
223.7
223.616
223.558
223.513
223.464
223.394
223.302
223.196
223.092
222.999
222.92
222.855
222.801
222.757
222.719
222.688
222.663
222.643
222.626
222.612
222.597
222.583
222.567
222.55
222.532
222.511
222.488
222.464
222.44
222.415
222.392
222.371
222.352
222.336
222.324
222.315
222.31
222.308
222.311
222.317
222.327
222.342
222.361
222.383
222.41
222.44
222.474
222.511
222.551
222.594
222.64
222.688
222.739
222.791
222.845
222.899
222.955
223.011
223.066
223.12
223.173
223.224
223.272
223.316
223.356
223.39
223.416
223.435
223.446
223.447
223.435
223.41
223.367
223.307
223.226
223.122
222.992
222.832
222.639
222.41
222.139
221.823
221.457
221.035
220.549
219.996
219.365
218.659
217.86
216.969
215.966
214.865
213.649
212.33
210.873
209.285
207.581
205.681
203.733
201.584
199.358
197.08
194.707
192.497
190.253
188.152
186.115
184.298
182.753
181.533
178.383
237.885
225.1
224.691
224.631
224.53
224.418
224.293
224.155
224.001
223.846
223.713
223.619
223.557
223.513
223.47
223.413
223.334
223.235
223.132
223.037
222.956
222.89
222.837
222.794
222.759
222.73
222.706
222.688
222.673
222.661
222.65
222.639
222.627
222.615
222.601
222.585
222.568
222.549
222.529
222.51
222.491
222.474
222.46
222.448
222.44
222.435
222.434
222.437
222.444
222.454
222.469
222.489
222.512
222.54
222.572
222.607
222.647
222.69
222.736
222.786
222.838
222.894
222.951
223.012
223.074
223.137
223.202
223.268
223.334
223.4
223.465
223.529
223.591
223.651
223.707
223.758
223.804
223.844
223.876
223.9
223.914
223.917
223.906
223.879
223.834
223.769
223.681
223.568
223.425
223.251
223.04
222.79
222.493
222.147
221.744
221.281
220.749
220.146
219.456
218.68
217.803
216.832
215.744
214.542
213.199
211.729
210.123
208.402
206.56
204.603
202.46
200.254
197.816
195.321
192.809
190.226
187.876
185.741
184.04
182.79
179.321
236.837
225.144
224.653
224.572
224.483
224.391
224.285
224.165
224.028
223.875
223.733
223.625
223.555
223.509
223.471
223.425
223.36
223.272
223.173
223.077
222.993
222.925
222.873
222.832
222.799
222.773
222.751
222.735
222.722
222.712
222.704
222.696
222.688
222.68
222.671
222.66
222.648
222.635
222.62
222.605
222.592
222.579
222.569
222.562
222.558
222.557
222.561
222.568
222.579
222.594
222.613
222.637
222.665
222.698
222.735
222.776
222.82
222.869
222.921
222.977
223.036
223.098
223.163
223.231
223.301
223.373
223.447
223.522
223.599
223.675
223.752
223.829
223.904
223.978
224.049
224.117
224.182
224.241
224.294
224.341
224.379
224.408
224.425
224.431
224.421
224.394
224.348
224.279
224.185
224.063
223.909
223.72
223.491
223.217
222.892
222.514
222.073
221.565
220.978
220.312
219.553
218.704
217.742
216.663
215.45
214.119
212.645
211.036
209.286
207.4
205.376
203.245
201.039
198.659
196.317
193.74
191.286
188.958
186.861
185.218
181.179
235.737
225.087
224.65
224.539
224.442
224.355
224.265
224.166
224.051
223.909
223.761
223.638
223.556
223.503
223.467
223.429
223.378
223.304
223.212
223.116
223.03
222.96
222.908
222.868
222.838
222.815
222.796
222.782
222.772
222.765
222.759
222.754
222.749
222.745
222.741
222.735
222.729
222.72
222.711
222.701
222.692
222.685
222.679
222.677
222.677
222.681
222.688
222.699
222.715
222.734
222.758
222.786
222.819
222.856
222.898
222.944
222.994
223.049
223.107
223.168
223.234
223.303
223.375
223.45
223.527
223.608
223.69
223.775
223.861
223.948
224.036
224.124
224.212
224.299
224.385
224.469
224.55
224.628
224.7
224.768
224.829
224.883
224.927
224.96
224.981
224.988
224.98
224.952
224.903
224.828
224.727
224.595
224.428
224.223
223.974
223.676
223.322
222.907
222.42
221.863
221.222
220.492
219.649
218.696
217.622
216.436
215.108
213.642
212.007
210.213
208.278
206.154
203.967
201.494
199.013
196.397
193.877
191.587
189.508
187.897
183.999
234.595
225.065
224.608
224.47
224.368
224.291
224.223
224.15
224.054
223.932
223.791
223.658
223.56
223.499
223.46
223.428
223.389
223.33
223.248
223.155
223.067
222.995
222.942
222.904
222.876
222.856
222.841
222.83
222.823
222.819
222.816
222.813
222.812
222.811
222.811
222.81
222.809
222.806
222.802
222.797
222.793
222.79
222.789
222.791
222.796
222.804
222.816
222.831
222.851
222.875
222.903
222.936
222.973
223.015
223.062
223.113
223.168
223.227
223.291
223.359
223.43
223.505
223.584
223.666
223.751
223.839
223.929
224.023
224.118
224.215
224.313
224.412
224.512
224.612
224.712
224.81
224.907
225.002
225.093
225.18
225.262
225.339
225.409
225.47
225.52
225.558
225.584
225.594
225.588
225.56
225.509
225.43
225.322
225.18
224.999
224.775
224.501
224.174
223.784
223.329
222.796
222.18
221.463
220.651
219.73
218.695
217.518
216.198
214.707
213.069
211.286
209.368
207.27
204.96
202.445
199.935
197.091
194.552
192.087
190.094
185.416
233.44
225.028
224.614
224.423
224.296
224.218
224.167
224.116
224.042
223.937
223.811
223.68
223.571
223.499
223.454
223.423
223.393
223.347
223.278
223.191
223.103
223.029
222.975
222.937
222.912
222.895
222.884
222.877
222.874
222.873
222.872
222.873
222.875
222.878
222.881
222.885
222.888
222.89
222.891
222.892
222.893
222.895
222.899
222.906
222.915
222.927
222.943
222.963
222.986
223.015
223.047
223.084
223.126
223.173
223.224
223.28
223.34
223.405
223.474
223.547
223.624
223.705
223.79
223.879
223.971
224.067
224.165
224.266
224.37
224.477
224.585
224.695
224.806
224.918
225.03
225.142
225.254
225.364
225.472
225.577
225.679
225.777
225.87
225.956
226.033
226.101
226.158
226.202
226.232
226.245
226.241
226.212
226.158
226.074
225.958
225.805
225.609
225.367
225.069
224.713
224.285
223.782
223.19
222.511
221.724
220.822
219.781
218.598
217.262
215.797
214.162
212.357
210.367
208.194
205.843
203.418
200.635
198.017
195.574
193.637
189.188
232.283
224.975
224.608
224.386
224.231
224.144
224.096
224.058
224.009
223.927
223.814
223.693
223.585
223.502
223.45
223.418
223.393
223.36
223.304
223.226
223.139
223.063
223.007
222.97
222.947
222.933
222.925
222.923
222.924
222.927
222.93
222.934
222.938
222.944
222.951
222.959
222.967
222.973
222.979
222.985
222.992
222.999
223.007
223.018
223.032
223.049
223.069
223.093
223.121
223.153
223.19
223.232
223.278
223.329
223.385
223.445
223.51
223.58
223.654
223.733
223.815
223.902
223.993
224.088
224.187
224.289
224.395
224.504
224.616
224.731
224.849
224.968
225.09
225.213
225.337
225.462
225.587
225.712
225.836
225.958
226.078
226.196
226.309
226.418
226.521
226.616
226.703
226.78
226.845
226.896
226.93
226.947
226.947
226.916
226.861
226.771
226.645
226.479
226.264
225.997
225.667
225.273
224.801
224.248
223.593
222.828
221.937
220.926
219.777
218.484
216.996
215.337
213.489
211.468
209.255
206.747
204.14
201.289
198.53
196.133
190.973
231.123
224.924
224.587
224.354
224.171
224.063
224.003
223.97
223.937
223.882
223.795
223.69
223.589
223.508
223.451
223.417
223.394
223.368
223.326
223.257
223.174
223.096
223.038
223.001
222.98
222.969
222.964
222.966
222.973
222.979
222.986
222.993
223.001
223.01
223.02
223.032
223.044
223.055
223.066
223.077
223.088
223.1
223.114
223.129
223.148
223.169
223.193
223.222
223.254
223.29
223.331
223.377
223.427
223.483
223.543
223.608
223.678
223.752
223.831
223.915
224.003
224.095
224.192
224.293
224.398
224.507
224.62
224.736
224.856
224.979
225.105
225.234
225.365
225.498
225.634
225.77
225.908
226.046
226.185
226.323
226.459
226.595
226.728
226.858
226.984
227.103
227.217
227.323
227.419
227.505
227.578
227.635
227.675
227.695
227.697
227.667
227.608
227.513
227.377
227.196
226.962
226.671
226.311
225.876
225.346
224.72
223.988
223.145
222.163
221.026
219.708
218.237
216.574
214.713
212.64
210.355
207.888
205.387
202.699
200.422
195.409
229.981
224.81
224.545
224.318
224.113
223.98
223.905
223.869
223.845
223.812
223.756
223.675
223.587
223.511
223.455
223.421
223.398
223.378
223.345
223.286
223.207
223.128
223.068
223.03
223.011
223.003
223.002
223.009
223.02
223.031
223.041
223.053
223.063
223.075
223.088
223.103
223.119
223.135
223.151
223.166
223.182
223.199
223.217
223.238
223.261
223.286
223.315
223.348
223.384
223.425
223.47
223.519
223.574
223.634
223.698
223.767
223.842
223.921
224.005
224.093
224.186
224.284
224.386
224.493
224.604
224.719
224.838
224.961
225.088
225.219
225.353
225.49
225.63
225.773
225.918
226.065
226.215
226.366
226.517
226.669
226.821
226.973
227.124
227.273
227.419
227.562
227.7
227.832
227.958
228.075
228.182
228.278
228.36
228.424
228.471
228.496
228.499
228.468
228.405
228.302
228.154
227.956
227.698
227.373
226.967
226.478
225.892
225.195
224.361
223.382
222.244
220.949
219.455
217.763
215.837
213.689
211.31
208.788
205.97
203.545
198.628
228.88
224.605
224.482
224.286
224.083
223.935
223.841
223.786
223.753
223.726
223.69
223.637
223.57
223.505
223.454
223.42
223.4
223.386
223.363
223.315
223.241
223.161
223.097
223.058
223.041
223.035
223.037
223.049
223.065
223.08
223.095
223.11
223.124
223.139
223.155
223.174
223.193
223.213
223.233
223.253
223.274
223.295
223.318
223.343
223.37
223.401
223.434
223.471
223.511
223.556
223.605
223.659
223.717
223.781
223.849
223.923
224.002
224.085
224.174
224.267
224.364
224.467
224.574
224.686
224.803
224.924
225.049
225.178
225.312
225.45
225.591
225.736
225.885
226.036
226.191
226.348
226.508
226.67
226.834
226.999
227.165
227.332
227.499
227.665
227.83
227.993
228.153
228.309
228.461
228.606
228.744
228.873
228.991
229.097
229.188
229.261
229.313
229.343
229.348
229.317
229.25
229.138
228.974
228.754
228.465
228.105
227.653
227.099
226.425
225.628
224.689
223.593
222.305
220.835
219.143
217.229
215.044
212.628
210.07
207.495
202.605
227.921
224.333
224.373
224.259
224.08
223.916
223.803
223.727
223.678
223.644
223.615
223.58
223.533
223.483
223.442
223.414
223.398
223.388
223.375
223.342
223.277
223.197
223.129
223.087
223.07
223.066
223.07
223.088
223.109
223.128
223.148
223.167
223.184
223.202
223.221
223.242
223.265
223.289
223.313
223.337
223.362
223.388
223.416
223.445
223.477
223.512
223.549
223.59
223.635
223.684
223.737
223.794
223.857
223.924
223.997
224.075
224.157
224.245
224.338
224.435
224.537
224.645
224.757
224.874
224.995
225.122
225.253
225.388
225.528
225.672
225.82
225.972
226.128
226.288
226.451
226.617
226.787
226.959
227.134
227.311
227.49
227.67
227.851
228.033
228.215
228.396
228.576
228.753
228.928
229.099
229.264
229.424
229.575
229.717
229.847
229.965
230.066
230.147
230.206
230.24
230.247
230.213
230.139
230.016
229.835
229.591
229.266
228.851
228.335
227.706
226.94
226.02
224.921
223.639
222.133
220.408
218.413
216.231
213.786
211.359
206.971
227.176
224.047
224.182
224.168
224.056
223.905
223.782
223.687
223.616
223.566
223.532
223.504
223.476
223.444
223.417
223.397
223.389
223.385
223.377
223.359
223.31
223.235
223.163
223.117
223.099
223.096
223.103
223.125
223.15
223.174
223.198
223.222
223.243
223.263
223.285
223.309
223.335
223.363
223.391
223.419
223.448
223.478
223.51
223.544
223.58
223.619
223.661
223.706
223.755
223.807
223.864
223.926
223.992
224.063
224.14
224.221
224.308
224.4
224.496
224.598
224.705
224.816
224.933
225.054
225.181
225.312
225.448
225.589
225.735
225.885
226.039
226.198
226.361
226.528
226.699
226.874
227.052
227.234
227.418
227.606
227.796
227.988
228.182
228.378
228.575
228.773
228.97
229.166
229.361
229.554
229.745
229.93
230.111
230.285
230.45
230.606
230.749
230.878
230.99
231.08
231.146
231.184
231.193
231.158
231.075
230.935
230.725
230.442
230.07
229.595
228.994
228.254
227.353
226.275
224.984
223.465
221.68
219.672
217.327
214.901
210.844
226.621
223.725
223.917
224.016
223.997
223.887
223.765
223.657
223.568
223.499
223.451
223.42
223.399
223.383
223.37
223.364
223.367
223.371
223.371
223.361
223.332
223.271
223.201
223.15
223.13
223.127
223.137
223.163
223.192
223.219
223.247
223.275
223.3
223.323
223.347
223.374
223.403
223.434
223.466
223.498
223.531
223.565
223.601
223.639
223.679
223.722
223.768
223.818
223.87
223.927
223.987
224.053
224.122
224.197
224.278
224.363
224.453
224.549
224.65
224.755
224.866
224.982
225.102
225.228
225.359
225.495
225.636
225.782
225.933
226.088
226.249
226.413
226.583
226.756
226.934
227.116
227.302
227.492
227.686
227.883
228.083
228.286
228.492
228.7
228.91
229.122
229.335
229.548
229.761
229.974
230.186
230.395
230.601
230.803
230.999
231.189
231.37
231.54
231.697
231.839
231.963
232.062
232.135
232.177
232.185
232.142
232.046
231.888
231.652
231.327
230.894
230.338
229.635
228.767
227.703
226.424
224.91
223.139
221.094
218.781
215.206
226.23
223.394
223.609
223.809
223.882
223.853
223.745
223.633
223.531
223.444
223.377
223.333
223.311
223.304
223.305
223.312
223.329
223.348
223.358
223.357
223.34
223.297
223.236
223.185
223.162
223.159
223.17
223.2
223.232
223.263
223.295
223.326
223.355
223.381
223.408
223.437
223.469
223.503
223.538
223.574
223.61
223.649
223.688
223.73
223.775
223.822
223.872
223.925
223.982
224.042
224.106
224.175
224.248
224.327
224.411
224.5
224.594
224.693
224.797
224.907
225.021
225.141
225.265
225.395
225.53
225.671
225.816
225.967
226.122
226.283
226.448
226.618
226.793
226.973
227.157
227.346
227.539
227.736
227.938
228.143
228.352
228.565
228.781
229
229.222
229.447
229.673
229.901
230.13
230.36
230.59
230.82
231.049
231.275
231.498
231.717
231.93
232.136
232.333
232.519
232.691
232.846
232.982
233.091
233.171
233.216
233.225
233.174
233.061
232.867
232.584
232.19
231.666
230.99
230.129
229.063
227.753
226.163
224.321
222.099
218.942
225.981
223.097
223.266
223.544
223.727
223.773
223.718
223.613
223.502
223.405
223.324
223.265
223.23
223.221
223.225
223.244
223.273
223.308
223.334
223.342
223.337
223.31
223.265
223.219
223.196
223.193
223.205
223.238
223.273
223.307
223.342
223.376
223.408
223.437
223.467
223.499
223.533
223.57
223.608
223.647
223.687
223.729
223.772
223.818
223.866
223.917
223.971
224.028
224.089
224.153
224.221
224.293
224.37
224.452
224.539
224.631
224.729
224.832
224.939
225.052
225.17
225.293
225.422
225.556
225.695
225.839
225.988
226.143
226.303
226.468
226.638
226.813
226.993
227.178
227.368
227.563
227.762
227.966
228.175
228.388
228.605
228.826
229.051
229.279
229.511
229.747
229.985
230.226
230.469
230.714
230.96
231.207
231.455
231.702
231.948
232.192
232.433
232.67
232.901
233.125
233.339
233.542
233.73
233.9
234.049
234.168
234.254
234.3
234.303
234.234
234.099
233.865
233.525
233.048
232.405
231.573
230.5
229.166
227.581
225.59
222.777
225.841
222.848
222.946
223.229
223.521
223.654
223.655
223.584
223.476
223.378
223.294
223.226
223.173
223.148
223.148
223.166
223.202
223.251
223.296
223.32
223.325
223.312
223.284
223.25
223.228
223.226
223.241
223.275
223.313
223.35
223.388
223.425
223.46
223.492
223.524
223.558
223.595
223.634
223.675
223.717
223.761
223.806
223.853
223.902
223.954
224.009
224.067
224.127
224.191
224.259
224.33
224.406
224.486
224.572
224.662
224.758
224.859
224.965
225.076
225.192
225.313
225.44
225.572
225.709
225.851
225.999
226.152
226.311
226.475
226.644
226.818
226.998
227.183
227.373
227.567
227.767
227.972
228.182
228.397
228.616
228.84
229.069
229.301
229.538
229.779
230.024
230.273
230.525
230.78
231.037
231.297
231.56
231.824
232.089
232.354
232.62
232.885
233.147
233.407
233.663
233.913
234.156
234.389
234.61
234.815
235.001
235.164
235.291
235.385
235.433
235.435
235.343
235.175
234.881
234.454
233.856
233.024
231.931
230.538
228.747
226.206
225.784
222.702
222.686
222.894
223.242
223.481
223.561
223.534
223.444
223.353
223.274
223.207
223.149
223.103
223.084
223.092
223.124
223.181
223.241
223.286
223.306
223.304
223.291
223.273
223.259
223.259
223.278
223.314
223.353
223.392
223.433
223.473
223.51
223.544
223.578
223.615
223.654
223.696
223.74
223.785
223.832
223.88
223.931
223.983
224.039
224.097
224.158
224.222
224.29
224.361
224.436
224.515
224.598
224.687
224.781
224.879
224.983
225.093
225.207
225.326
225.451
225.58
225.715
225.856
226.002
226.153
226.309
226.472
226.639
226.812
226.99
227.174
227.363
227.557
227.756
227.961
228.171
228.386
228.606
228.831
229.061
229.296
229.535
229.779
230.028
230.281
230.539
230.8
231.065
231.333
231.605
231.88
232.158
232.438
232.72
233.004
233.288
233.573
233.857
234.14
234.42
234.696
234.967
235.23
235.484
235.725
235.949
236.152
236.33
236.468
236.567
236.611
236.593
236.459
236.226
235.837
235.252
234.44
233.293
231.762
229.479
225.755
222.603
222.473
222.586
222.923
223.263
223.43
223.46
223.41
223.331
223.258
223.197
223.138
223.084
223.045
223.033
223.051
223.102
223.173
223.24
223.277
223.289
223.292
223.289
223.286
223.292
223.315
223.352
223.393
223.435
223.477
223.519
223.558
223.595
223.631
223.67
223.712
223.756
223.802
223.85
223.9
223.951
224.005
224.061
224.12
224.181
224.246
224.313
224.384
224.459
224.537
224.619
224.705
224.797
224.894
224.996
225.103
225.215
225.332
225.455
225.582
225.715
225.853
225.996
226.145
226.299
226.459
226.624
226.795
226.971
227.153
227.34
227.533
227.731
227.934
228.143
228.357
228.577
228.802
229.032
229.267
229.507
229.753
230.003
230.258
230.518
230.783
231.053
231.326
231.604
231.886
232.172
232.461
232.754
233.05
233.348
233.649
233.952
234.256
234.561
234.866
235.17
235.472
235.77
236.063
236.35
236.625
236.889
237.134
237.356
237.549
237.698
237.804
237.844
237.806
237.638
237.319
236.79
235.892
234.665
232.595
225.698
222.501
222.323
222.361
222.62
223.009
223.273
223.365
223.359
223.309
223.248
223.192
223.134
223.075
223.025
222.997
222.996
223.027
223.1
223.185
223.241
223.273
223.287
223.299
223.309
223.324
223.352
223.39
223.433
223.476
223.521
223.564
223.605
223.643
223.682
223.723
223.767
223.814
223.862
223.913
223.965
224.019
224.076
224.135
224.197
224.262
224.33
224.401
224.475
224.552
224.633
224.719
224.808
224.903
225.003
225.108
225.218
225.333
225.453
225.578
225.708
225.843
225.984
226.13
226.282
226.439
226.602
226.77
226.944
227.123
227.308
227.498
227.694
227.896
228.103
228.315
228.533
228.757
228.986
229.221
229.461
229.706
229.956
230.212
230.473
230.739
231.011
231.287
231.568
231.854
232.144
232.439
232.738
233.041
233.349
233.66
233.974
234.292
234.613
234.936
235.261
235.588
235.915
236.242
236.567
236.89
237.208
237.52
237.821
238.11
238.38
238.628
238.84
239
239.098
239.116
239.03
238.773
238.183
237.369
235.608
225.619
222.409
222.22
222.198
222.361
222.742
223.088
223.252
223.294
223.275
223.235
223.19
223.137
223.076
223.015
222.972
222.959
222.972
223.031
223.124
223.202
223.252
223.28
223.305
223.328
223.353
223.387
223.428
223.472
223.517
223.563
223.607
223.65
223.69
223.73
223.773
223.82
223.869
223.92
223.973
224.028
224.085
224.145
224.207
224.272
224.34
224.411
224.485
224.562
224.642
224.726
224.814
224.907
225.005
225.107
225.215
225.328
225.445
225.568
225.696
225.829
225.967
226.11
226.259
226.413
226.573
226.738
226.909
227.086
227.268
227.456
227.649
227.848
228.053
228.263
228.479
228.701
228.928
229.161
229.399
229.643
229.893
230.148
230.408
230.674
230.946
231.223
231.505
231.793
232.085
232.383
232.685
232.993
233.305
233.622
233.944
234.27
234.601
234.935
235.273
235.615
235.96
236.307
236.657
237.008
237.36
237.712
238.062
238.408
238.749
239.079
239.397
239.694
239.965
240.187
240.352
240.465
240.492
240.236
239.838
238.615
225.508
222.337
222.132
222.068
222.155
222.484
222.879
223.121
223.211
223.23
223.216
223.185
223.14
223.078
223.011
222.954
222.928
222.932
222.976
223.067
223.161
223.23
223.274
223.31
223.345
223.38
223.42
223.464
223.51
223.557
223.604
223.649
223.692
223.734
223.777
223.822
223.87
223.922
223.975
224.03
224.088
224.148
224.211
224.276
224.344
224.414
224.488
224.565
224.645
224.728
224.815
224.906
225.002
225.102
225.208
225.318
225.433
225.554
225.679
225.809
225.944
226.085
226.231
226.382
226.539
226.701
226.869
227.043
227.222
227.406
227.597
227.793
227.995
228.202
228.416
228.635
228.859
229.09
229.326
229.568
229.816
230.07
230.329
230.594
230.864
231.141
231.423
231.71
232.003
232.301
232.605
232.915
233.229
233.55
233.875
234.206
234.541
234.882
235.228
235.579
235.934
236.294
236.658
237.026
237.398
237.774
238.152
238.532
238.913
239.293
239.671
240.045
240.41
240.764
241.09
241.385
241.627
241.835
241.939
241.823
241.328
225.357
222.276
222.045
221.954
221.991
222.248
222.661
222.971
223.116
223.172
223.188
223.177
223.141
223.081
223.008
222.941
222.904
222.901
222.934
223.022
223.125
223.208
223.267
223.315
223.361
223.406
223.452
223.499
223.546
223.595
223.642
223.689
223.733
223.776
223.82
223.868
223.919
223.972
224.028
224.085
224.146
224.208
224.274
224.341
224.412
224.486
224.562
224.642
224.725
224.811
224.9
224.994
225.092
225.196
225.304
225.417
225.534
225.657
225.785
225.917
226.055
226.198
226.346
226.499
226.659
226.823
226.994
227.17
227.351
227.539
227.732
227.93
228.135
228.345
228.561
228.783
229.011
229.245
229.484
229.73
229.981
230.238
230.501
230.77
231.045
231.325
231.612
231.904
232.202
232.506
232.816
233.131
233.452
233.779
234.112
234.45
234.795
235.144
235.5
235.861
236.227
236.6
236.978
237.361
237.749
238.143
238.541
238.944
239.351
239.761
240.174
240.586
240.999
241.408
241.806
242.191
242.549
242.886
243.196
243.36
243.434
225.162
222.216
221.962
221.853
221.855
222.042
222.449
222.811
223.012
223.108
223.151
223.166
223.139
223.082
223.004
222.93
222.884
222.876
222.904
222.989
223.097
223.19
223.263
223.321
223.376
223.429
223.481
223.531
223.58
223.63
223.679
223.726
223.771
223.816
223.862
223.912
223.965
224.02
224.078
224.138
224.201
224.266
224.334
224.405
224.478
224.554
224.634
224.716
224.801
224.889
224.981
225.078
225.179
225.285
225.395
225.511
225.631
225.756
225.886
226.02
226.16
226.305
226.456
226.612
226.773
226.94
227.113
227.291
227.475
227.665
227.86
228.061
228.268
228.481
228.7
228.924
229.155
229.391
229.634
229.883
230.137
230.398
230.664
230.937
231.215
231.5
231.791
232.088
232.39
232.699
233.014
233.334
233.661
233.994
234.333
234.678
235.03
235.387
235.751
236.121
236.497
236.879
237.268
237.662
238.063
238.471
238.884
239.304
239.729
240.16
240.595
241.034
241.477
241.92
242.362
242.796
243.214
243.63
244.016
244.317
244.619
224.919
222.141
221.885
221.759
221.739
221.871
222.254
222.654
222.904
223.038
223.111
223.145
223.13
223.081
223.001
222.92
222.868
222.858
222.884
222.967
223.077
223.179
223.26
223.328
223.391
223.451
223.507
223.56
223.612
223.663
223.712
223.76
223.807
223.853
223.901
223.953
224.008
224.066
224.126
224.188
224.254
224.321
224.392
224.465
224.541
224.62
224.701
224.786
224.873
224.964
225.059
225.158
225.262
225.37
225.483
225.601
225.723
225.85
225.982
226.119
226.261
226.408
226.56
226.719
226.882
227.051
227.226
227.407
227.593
227.785
227.982
228.186
228.395
228.61
228.832
229.059
229.292
229.532
229.777
230.029
230.286
230.55
230.82
231.096
231.378
231.666
231.961
232.262
232.569
232.882
233.201
233.527
233.859
234.197
234.542
234.893
235.25
235.614
235.984
236.361
236.745
237.135
237.532
237.935
238.346
238.763
239.186
239.617
240.053
240.495
240.943
241.394
241.85
242.307
242.765
243.211
243.645
244.079
244.473
244.807
245.07
224.631
222.058
221.812
221.673
221.637
221.728
222.081
222.506
222.798
222.967
223.068
223.115
223.117
223.072
222.995
222.911
222.857
222.847
222.873
222.955
223.066
223.172
223.26
223.336
223.406
223.471
223.531
223.587
223.64
223.693
223.743
223.792
223.84
223.888
223.938
223.993
224.05
224.11
224.172
224.236
224.304
224.374
224.447
224.522
224.601
224.682
224.766
224.853
224.942
225.036
225.133
225.234
225.34
225.451
225.566
225.686
225.81
225.939
226.073
226.212
226.356
226.505
226.66
226.82
226.985
227.157
227.333
227.516
227.704
227.898
228.098
228.303
228.515
228.733
228.956
229.186
229.422
229.663
229.912
230.166
230.426
230.693
230.966
231.245
231.531
231.822
232.121
232.425
232.736
233.053
233.377
233.706
234.043
234.386
234.735
235.091
235.454
235.823
236.199
236.581
236.97
237.366
237.768
238.178
238.593
239.016
239.444
239.879
240.318
240.763
241.212
241.664
242.116
242.563
243.007
243.434
243.846
244.223
244.552
244.784
244.956
224.301
221.973
221.738
221.589
221.541
221.607
221.932
222.374
222.7
222.898
223.021
223.079
223.097
223.057
222.985
222.903
222.85
222.843
222.871
222.953
223.064
223.17
223.263
223.344
223.419
223.488
223.552
223.611
223.666
223.72
223.771
223.821
223.87
223.92
223.973
224.03
224.089
224.151
224.215
224.282
224.352
224.424
224.499
224.577
224.657
224.741
224.827
224.916
225.008
225.103
225.202
225.306
225.414
225.527
225.645
225.766
225.893
226.024
226.16
226.3
226.446
226.597
226.753
226.915
227.083
227.256
227.435
227.619
227.809
228.005
228.207
228.415
228.629
228.848
229.074
229.306
229.544
229.788
230.039
230.296
230.559
230.828
231.104
231.386
231.675
231.97
232.271
232.579
232.893
233.214
233.541
233.874
234.214
234.561
234.914
235.274
235.641
236.014
236.393
236.78
237.172
237.572
237.977
238.389
238.806
239.229
239.657
240.089
240.525
240.965
241.403
241.841
242.275
242.708
243.111
243.484
243.815
244.115
244.35
244.468
244.442
223.936
221.885
221.663
221.505
221.45
221.503
221.807
222.262
222.613
222.834
222.969
223.039
223.069
223.036
222.973
222.899
222.851
222.847
222.876
222.96
223.069
223.175
223.268
223.352
223.43
223.504
223.571
223.631
223.689
223.744
223.796
223.847
223.898
223.95
224.006
224.065
224.126
224.19
224.256
224.325
224.397
224.471
224.548
224.628
224.711
224.797
224.885
224.976
225.07
225.167
225.268
225.374
225.485
225.6
225.719
225.842
225.97
226.103
226.241
226.383
226.531
226.683
226.842
227.005
227.175
227.349
227.53
227.716
227.908
228.106
228.309
228.519
228.735
228.956
229.184
229.418
229.658
229.905
230.158
230.417
230.683
230.955
231.233
231.518
231.809
232.107
232.411
232.722
233.039
233.362
233.692
234.029
234.372
234.722
235.078
235.441
235.81
236.185
236.566
236.954
237.348
237.748
238.153
238.563
238.978
239.397
239.818
240.244
240.667
241.092
241.514
241.935
242.332
242.708
243.044
243.346
243.603
243.807
243.946
243.979
243.834
223.545
221.795
221.583
221.421
221.363
221.411
221.706
222.169
222.538
222.773
222.916
222.998
223.035
223.012
222.96
222.898
222.858
222.858
222.888
222.971
223.078
223.181
223.274
223.359
223.44
223.517
223.586
223.649
223.708
223.765
223.819
223.871
223.924
223.978
224.036
224.097
224.161
224.226
224.295
224.366
224.44
224.516
224.595
224.677
224.762
224.85
224.94
225.032
225.128
225.227
225.33
225.438
225.551
225.667
225.788
225.914
226.044
226.178
226.317
226.461
226.61
226.764
226.924
227.09
227.261
227.437
227.619
227.807
228.001
228.2
228.405
228.617
228.834
229.058
229.288
229.523
229.766
230.014
230.269
230.531
230.799
231.073
231.353
231.64
231.934
232.234
232.541
232.854
233.173
233.499
233.831
234.17
234.515
234.867
235.225
235.59
235.96
236.336
236.718
237.105
237.498
237.895
238.296
238.701
239.109
239.519
239.928
240.339
240.75
241.154
241.542
241.907
242.254
242.568
242.845
243.073
243.25
243.381
243.416
243.365
243.158
223.149
221.695
221.497
221.34
221.285
221.332
221.625
222.094
222.474
222.716
222.862
222.956
222.997
222.988
222.948
222.901
222.872
222.875
222.906
222.988
223.091
223.189
223.279
223.365
223.449
223.527
223.599
223.664
223.725
223.783
223.839
223.893
223.947
224.004
224.065
224.128
224.193
224.261
224.331
224.404
224.48
224.558
224.639
224.723
224.81
224.899
224.991
225.085
225.182
225.283
225.389
225.499
225.613
225.731
225.854
225.98
226.112
226.247
226.388
226.533
226.684
226.84
227.001
227.168
227.341
227.519
227.702
227.892
228.087
228.288
228.495
228.708
228.927
229.152
229.383
229.621
229.865
230.116
230.373
230.636
230.905
231.182
231.464
231.753
232.049
232.351
232.66
232.975
233.296
233.624
233.958
234.298
234.644
234.997
235.355
235.719
236.089
236.464
236.844
237.228
237.617
238.008
238.403
238.799
239.195
239.591
239.991
240.381
240.759
241.117
241.461
241.783
242.077
242.329
242.535
242.695
242.803
242.853
242.791
242.705
242.467
222.765
221.573
221.409
221.268
221.218
221.265
221.561
222.034
222.418
222.66
222.811
222.912
222.957
222.966
222.939
222.909
222.89
222.894
222.926
223.006
223.104
223.197
223.284
223.371
223.456
223.536
223.61
223.677
223.741
223.8
223.857
223.913
223.969
224.029
224.091
224.156
224.223
224.293
224.365
224.44
224.518
224.598
224.681
224.766
224.855
224.945
225.038
225.134
225.233
225.336
225.443
225.555
225.671
225.791
225.915
226.043
226.175
226.313
226.454
226.601
226.753
226.911
227.074
227.242
227.416
227.595
227.78
227.971
228.167
228.37
228.578
228.792
229.013
229.24
229.473
229.712
229.958
230.21
230.469
230.733
231.005
231.283
231.567
231.858
232.155
232.458
232.768
233.084
233.407
233.736
234.07
234.411
234.758
235.11
235.468
235.831
236.198
236.57
236.945
237.324
237.705
238.088
238.472
238.856
239.244
239.621
239.989
240.339
240.678
241.001
241.301
241.571
241.804
241.993
242.135
242.232
242.273
242.252
242.148
242.026
241.776
222.311
221.479
221.342
221.206
221.157
221.206
221.509
221.986
222.369
222.608
222.762
222.869
222.921
222.945
222.935
222.92
222.911
222.916
222.948
223.023
223.116
223.204
223.289
223.375
223.461
223.543
223.619
223.689
223.754
223.815
223.873
223.931
223.99
224.051
224.116
224.183
224.251
224.323
224.397
224.474
224.553
224.635
224.719
224.806
224.896
224.989
225.083
225.18
225.281
225.385
225.494
225.608
225.725
225.846
225.971
226.101
226.235
226.373
226.516
226.664
226.818
226.976
227.14
227.31
227.485
227.665
227.852
228.044
228.241
228.445
228.655
228.871
229.093
229.321
229.555
229.796
230.043
230.297
230.557
230.823
231.096
231.375
231.661
231.953
232.251
232.556
232.867
233.183
233.506
233.835
234.17
234.51
234.855
235.206
235.561
235.92
236.284
236.65
237.019
237.389
237.761
238.134
238.509
238.875
239.23
239.576
239.911
240.234
240.537
240.814
241.063
241.278
241.452
241.582
241.665
241.706
241.687
241.621
241.497
241.349
241.099
221.723
221.43
221.303
221.158
221.101
221.149
221.463
221.946
222.326
222.56
222.717
222.827
222.89
222.928
222.936
222.934
222.932
222.939
222.971
223.04
223.126
223.209
223.292
223.379
223.466
223.55
223.628
223.7
223.766
223.829
223.888
223.948
224.009
224.072
224.139
224.207
224.278
224.351
224.427
224.506
224.586
224.669
224.755
224.844
224.935
225.029
225.124
225.223
225.325
225.431
225.542
225.657
225.775
225.898
226.024
226.155
226.29
226.429
226.573
226.723
226.877
227.037
227.202
227.373
227.549
227.731
227.919
228.112
228.311
228.516
228.726
228.943
229.167
229.396
229.632
229.874
230.122
230.377
230.638
230.905
231.179
231.46
231.746
232.039
232.338
232.643
232.954
233.271
233.594
233.922
234.256
234.594
234.937
235.284
235.635
235.989
236.347
236.705
237.065
237.428
237.79
238.147
238.493
238.832
239.161
239.48
239.783
240.065
240.323
240.553
240.751
240.912
241.032
241.109
241.144
241.138
241.073
240.983
240.847
240.687
240.438
221.137
221.391
221.26
221.108
221.043
221.094
221.426
221.915
222.288
222.516
222.675
222.789
222.866
222.917
222.938
222.948
222.953
222.962
222.992
223.053
223.134
223.213
223.294
223.382
223.471
223.556
223.636
223.709
223.777
223.841
223.902
223.963
224.026
224.092
224.16
224.23
224.302
224.377
224.455
224.535
224.617
224.701
224.789
224.879
224.972
225.066
225.163
225.263
225.366
225.474
225.586
225.702
225.822
225.945
226.073
226.204
226.34
226.481
226.626
226.777
226.933
227.094
227.26
227.432
227.609
227.792
227.98
228.174
228.374
228.58
228.792
229.01
229.235
229.465
229.702
229.945
230.194
230.45
230.712
230.98
231.255
231.536
231.823
232.116
232.416
232.721
233.031
233.347
233.669
233.995
234.326
234.661
235.001
235.343
235.689
236.036
236.385
236.736
237.088
237.435
237.772
238.104
238.43
238.746
239.048
239.332
239.596
239.837
240.05
240.233
240.38
240.491
240.56
240.595
240.588
240.54
240.453
240.342
240.202
240.037
239.794
220.68
221.334
221.175
221.032
220.977
221.043
221.397
221.89
222.255
222.478
222.638
222.757
222.848
222.91
222.944
222.964
222.974
222.984
223.009
223.063
223.14
223.216
223.296
223.384
223.475
223.562
223.643
223.718
223.787
223.852
223.915
223.978
224.043
224.11
224.18
224.251
224.325
224.401
224.481
224.562
224.645
224.731
224.82
224.911
225.005
225.101
225.199
225.3
225.405
225.514
225.627
225.744
225.865
225.99
226.118
226.251
226.388
226.529
226.676
226.827
226.984
227.146
227.313
227.486
227.664
227.848
228.037
228.233
228.434
228.64
228.853
229.072
229.298
229.529
229.767
230.011
230.261
230.517
230.78
231.049
231.324
231.605
231.892
232.185
232.484
232.788
233.098
233.413
233.732
234.056
234.383
234.714
235.048
235.384
235.722
236.063
236.405
236.742
237.071
237.396
237.716
238.027
238.326
238.611
238.879
239.126
239.351
239.549
239.718
239.855
239.957
240.023
240.055
240.053
240.005
239.935
239.83
239.707
239.566
239.403
239.166
220.242
221.273
221.094
220.963
220.918
221.001
221.377
221.871
222.226
222.445
222.605
222.732
222.836
222.908
222.953
222.981
222.995
223.003
223.024
223.071
223.143
223.217
223.297
223.386
223.478
223.567
223.65
223.726
223.797
223.862
223.926
223.991
224.057
224.127
224.198
224.271
224.346
224.424
224.505
224.587
224.672
224.759
224.849
224.942
225.036
225.133
225.232
225.334
225.441
225.551
225.666
225.784
225.905
226.031
226.16
226.294
226.431
226.574
226.721
226.874
227.032
227.195
227.363
227.536
227.715
227.9
228.09
228.286
228.488
228.696
228.91
229.129
229.355
229.588
229.826
230.07
230.321
230.578
230.841
231.11
231.386
231.667
231.954
232.246
232.544
232.846
233.154
233.466
233.782
234.101
234.424
234.749
235.077
235.407
235.739
236.067
236.388
236.706
237.02
237.328
237.625
237.91
238.18
238.433
238.666
238.876
239.061
239.217
239.342
239.436
239.495
239.525
239.521
239.482
239.413
239.324
239.208
239.078
238.937
238.777
238.546
219.813
221.195
221.012
220.903
220.871
220.969
221.363
221.855
222.2
222.417
222.577
222.712
222.826
222.908
222.963
222.998
223.013
223.02
223.036
223.077
223.145
223.218
223.299
223.388
223.482
223.572
223.656
223.733
223.805
223.872
223.937
224.003
224.071
224.142
224.214
224.289
224.365
224.445
224.527
224.61
224.696
224.785
224.876
224.97
225.065
225.162
225.263
225.366
225.474
225.586
225.701
225.82
225.943
226.069
226.199
226.333
226.472
226.616
226.764
226.917
227.076
227.24
227.409
227.583
227.763
227.948
228.139
228.336
228.539
228.747
228.962
229.182
229.409
229.642
229.88
230.125
230.377
230.634
230.897
231.166
231.44
231.721
232.007
232.298
232.594
232.895
233.199
233.508
233.82
234.134
234.45
234.77
235.092
235.412
235.726
236.037
236.345
236.647
236.94
237.223
237.493
237.749
237.987
238.205
238.401
238.573
238.718
238.834
238.921
238.977
239.005
239.004
238.966
238.908
238.82
238.716
238.592
238.458
238.317
238.16
237.937
220.843
220.824
220.941
221.353
221.842
222.178
222.392
222.554
222.696
222.82
222.91
222.974
223.013
223.029
223.034
223.046
223.081
223.146
223.219
223.3
223.391
223.485
223.576
223.662
223.74
223.812
223.88
223.947
224.014
224.084
224.156
224.23
224.306
224.384
224.465
224.548
224.632
224.719
224.809
224.901
224.996
225.092
225.19
225.291
225.396
225.505
225.618
225.734
225.854
225.978
226.105
226.236
226.371
226.51
226.654
226.804
226.958
227.117
227.282
227.452
227.627
227.807
227.993
228.185
228.382
228.586
228.795
229.01
229.231
229.458
229.691
229.93
230.175
230.427
230.683
230.946
231.215
231.489
231.768
232.052
232.342
232.635
232.932
233.233
233.537
233.844
234.151
234.463
234.775
235.081
235.385
235.687
235.984
236.274
236.555
236.826
237.085
237.328
237.555
237.761
237.945
238.106
238.24
238.346
238.425
238.474
238.497
238.492
238.457
238.396
238.318
238.216
238.102
237.975
237.84
237.702
237.549
237.329
223.581
223.667
223.746
223.819
223.888
223.956
224.025
224.097
224.17
224.245
224.322
224.401
224.483
224.567
224.653
224.741
224.832
224.925
225.021
225.118
225.217
225.319
225.425
225.535
225.649
225.766
225.887
226.011
226.139
226.27
226.406
226.546
226.691
226.841
226.996
227.157
227.322
227.492
227.668
227.849
228.036
228.228
228.426
228.63
228.84
229.055
229.276
229.504
229.737
229.976
230.222
230.473
230.729
230.991
231.259
231.531
231.809
232.092
232.378
232.669
232.962
233.259
233.558
233.859
234.16
234.462
234.759
235.054
235.346
235.632
235.91
236.178
236.436
236.681
236.91
237.122
237.315
237.486
237.635
237.759
237.857
237.929
237.975
237.995
237.991
237.957
237.905
237.827
237.735
237.623
237.5
237.369
237.231
237.09
236.937
236.719
223.585
223.672
223.752
223.825
223.896
223.965
224.036
224.109
224.183
224.259
224.338
224.419
224.502
224.587
224.674
224.763
224.855
224.949
225.045
225.143
225.243
225.346
225.453
225.564
225.679
225.797
225.918
226.043
226.171
226.304
226.44
226.581
226.727
226.878
227.034
227.194
227.36
227.531
227.707
227.889
228.076
228.269
228.467
228.672
228.882
229.097
229.319
229.547
229.78
230.019
230.264
230.514
230.77
231.031
231.298
231.569
231.844
232.124
232.407
232.693
232.984
233.278
233.574
233.869
234.164
234.453
234.74
235.023
235.3
235.57
235.83
236.08
236.315
236.536
236.738
236.922
237.083
237.222
237.336
237.424
237.487
237.523
237.537
237.525
237.488
237.428
237.353
237.255
237.147
237.025
236.894
236.76
236.624
236.486
236.337
236.12
223.589
223.677
223.758
223.833
223.904
223.975
224.047
224.122
224.198
224.276
224.356
224.438
224.522
224.608
224.696
224.787
224.88
224.975
225.072
225.17
225.271
225.376
225.484
225.596
225.711
225.83
225.952
226.077
226.206
226.339
226.476
226.617
226.764
226.915
227.071
227.232
227.398
227.569
227.746
227.928
228.115
228.308
228.506
228.71
228.92
229.135
229.356
229.583
229.816
230.054
230.298
230.547
230.802
231.061
231.325
231.593
231.865
232.141
232.42
232.703
232.987
233.27
233.553
233.835
234.117
234.395
234.67
234.939
235.2
235.452
235.693
235.921
236.135
236.332
236.51
236.669
236.805
236.919
237.01
237.075
237.117
237.135
237.132
237.101
237.053
236.982
236.898
236.795
236.682
236.558
236.424
236.288
236.149
236.008
235.855
235.655
223.593
223.682
223.763
223.839
223.912
223.985
224.059
224.135
224.213
224.292
224.374
224.457
224.543
224.63
224.719
224.81
224.904
225
225.098
225.197
225.299
225.404
225.513
225.625
225.741
225.86
225.982
226.107
226.236
226.369
226.506
226.647
226.794
226.944
227.1
227.261
227.426
227.597
227.772
227.953
228.139
228.331
228.528
228.731
228.939
229.153
229.372
229.597
229.827
230.063
230.304
230.55
230.801
231.058
231.318
231.582
231.849
232.12
232.393
232.668
232.945
233.222
233.499
233.775
234.048
234.317
234.581
234.839
235.088
235.328
235.556
235.771
235.97
236.153
236.317
236.461
236.584
236.685
236.763
236.818
236.849
236.861
236.849
236.813
236.762
236.69
236.605
236.503
236.392
236.27
236.139
236.007
235.874
235.742
235.601
235.409
223.597
223.686
223.769
223.846
223.92
223.995
224.071
224.149
224.228
224.309
224.392
224.477
224.564
224.652
224.742
224.835
224.93
225.027
225.125
225.224
225.327
225.433
225.543
225.656
225.772
225.891
226.013
226.139
226.268
226.401
226.538
226.68
226.826
226.976
227.132
227.292
227.457
227.627
227.802
227.982
228.168
228.358
228.554
228.756
228.962
229.175
229.392
229.615
229.843
230.077
230.315
230.558
230.808
231.061
231.318
231.577
231.84
232.106
232.374
232.643
232.913
233.183
233.451
233.717
233.98
234.239
234.492
234.737
234.974
235.2
235.414
235.614
235.799
235.966
236.115
236.245
236.354
236.441
236.505
236.548
236.57
236.572
236.549
236.508
236.451
236.375
236.288
236.184
236.071
235.95
235.821
235.691
235.56
235.428
235.284
235.079
223.6
223.69
223.774
223.852
223.928
224.005
224.083
224.162
224.243
224.325
224.41
224.496
224.584
224.673
224.764
224.858
224.954
225.051
225.15
225.25
225.353
225.46
225.571
225.685
225.801
225.92
226.042
226.168
226.297
226.43
226.567
226.708
226.854
227.005
227.16
227.319
227.484
227.653
227.827
228.006
228.191
228.38
228.575
228.775
228.98
229.191
229.406
229.627
229.853
230.084
230.32
230.562
230.806
231.054
231.305
231.561
231.819
232.08
232.342
232.605
232.868
233.13
233.39
233.648
233.901
234.149
234.391
234.625
234.849
235.062
235.262
235.448
235.619
235.772
235.907
236.022
236.118
236.192
236.245
236.277
236.29
236.283
236.254
236.208
236.147
236.069
235.98
235.877
235.765
235.645
235.519
235.391
235.264
235.136
234.999
234.812
223.694
223.778
223.858
223.935
224.014
224.094
224.175
224.257
224.341
224.427
224.515
224.603
224.693
224.786
224.881
224.977
225.075
225.174
225.275
225.379
225.487
225.598
225.712
225.829
225.948
226.07
226.196
226.325
226.458
226.595
226.736
226.881
227.031
227.186
227.345
227.509
227.677
227.85
228.029
228.212
228.4
228.593
228.792
228.995
229.204
229.418
229.636
229.86
230.089
230.323
230.559
230.799
231.044
231.292
231.543
231.796
232.05
232.306
232.562
232.818
233.072
233.323
233.571
233.815
234.053
234.283
234.505
234.716
234.916
235.103
235.276
235.432
235.572
235.693
235.795
235.877
235.94
235.982
236.004
236.009
235.992
235.958
235.906
235.842
235.761
235.67
235.567
235.454
235.335
235.21
235.085
234.96
234.834
234.699
234.507
223.697
223.782
223.863
223.942
224.023
224.104
224.187
224.271
224.357
224.444
224.532
224.622
224.713
224.807
224.902
224.999
225.097
225.197
225.299
225.404
225.513
225.624
225.738
225.855
225.974
226.096
226.221
226.35
226.483
226.62
226.761
226.906
227.056
227.21
227.368
227.531
227.698
227.871
228.048
228.229
228.416
228.608
228.805
229.007
229.213
229.425
229.641
229.863
230.089
230.318
230.551
230.788
231.028
231.271
231.517
231.764
232.013
232.263
232.512
232.76
233.006
233.248
233.487
233.721
233.947
234.166
234.376
234.575
234.762
234.936
235.095
235.238
235.364
235.472
235.562
235.632
235.683
235.715
235.729
235.725
235.7
235.661
235.604
235.537
235.453
235.361
235.258
235.146
235.028
234.905
234.782
234.66
234.537
234.406
234.221
223.785
223.868
223.949
224.031
224.114
224.199
224.284
224.371
224.46
224.549
224.64
224.732
224.827
224.923
225.021
225.119
225.219
225.322
225.428
225.537
225.649
225.763
225.879
225.998
226.12
226.246
226.375
226.507
226.644
226.784
226.929
227.078
227.231
227.389
227.551
227.717
227.888
228.064
228.244
228.43
228.62
228.815
229.014
229.219
229.429
229.643
229.861
230.082
230.309
230.539
230.772
231.008
231.246
231.487
231.728
231.971
232.213
232.455
232.695
232.933
233.167
233.396
233.619
233.835
234.042
234.24
234.427
234.601
234.762
234.908
235.038
235.151
235.247
235.324
235.383
235.423
235.446
235.451
235.438
235.408
235.364
235.303
235.232
235.147
235.053
234.95
234.838
234.721
234.6
234.479
234.359
234.239
234.11
233.927
223.788
223.872
223.955
224.039
224.124
224.21
224.297
224.386
224.475
224.565
224.657
224.75
224.846
224.943
225.041
225.14
225.24
225.344
225.45
225.56
225.672
225.786
225.902
226.021
226.143
226.268
226.397
226.529
226.665
226.806
226.95
227.098
227.25
227.407
227.568
227.733
227.903
228.077
228.256
228.44
228.628
228.821
229.019
229.222
229.429
229.639
229.854
230.073
230.296
230.521
230.75
230.982
231.215
231.45
231.686
231.922
232.158
232.392
232.624
232.853
233.077
233.297
233.509
233.714
233.911
234.097
234.271
234.433
234.581
234.714
234.832
234.932
235.016
235.082
235.13
235.16
235.175
235.172
235.151
235.115
235.066
235.001
234.928
234.841
234.746
234.643
234.531
234.416
234.297
234.178
234.06
233.943
233.817
233.638
223.876
223.961
224.047
224.133
224.221
224.31
224.399
224.49
224.581
224.673
224.768
224.864
224.961
225.06
225.159
225.261
225.365
225.472
225.582
225.694
225.808
225.924
226.043
226.164
226.289
226.418
226.55
226.685
226.825
226.968
227.116
227.267
227.423
227.583
227.747
227.915
228.088
228.265
228.447
228.633
228.825
229.021
229.221
229.424
229.632
229.844
230.059
230.278
230.5
230.724
230.951
231.179
231.408
231.638
231.867
232.096
232.322
232.546
232.766
232.981
233.191
233.393
233.587
233.772
233.947
234.109
234.259
234.394
234.515
234.62
234.709
234.781
234.836
234.875
234.896
234.902
234.891
234.864
234.822
234.769
234.701
234.625
234.537
234.441
234.337
234.226
234.112
233.995
233.878
233.763
233.648
233.524
233.349
223.88
223.967
224.054
224.142
224.232
224.322
224.412
224.504
224.596
224.689
224.785
224.881
224.979
225.078
225.178
225.28
225.385
225.492
225.602
225.714
225.828
225.944
226.062
226.184
226.309
226.437
226.568
226.703
226.842
226.985
227.132
227.282
227.436
227.595
227.758
227.925
228.096
228.271
228.452
228.636
228.826
229.018
229.215
229.416
229.621
229.83
230.041
230.256
230.474
230.693
230.915
231.137
231.361
231.584
231.807
232.028
232.247
232.462
232.673
232.879
233.078
233.27
233.453
233.627
233.79
233.94
234.078
234.202
234.31
234.404
234.482
234.543
234.588
234.616
234.629
234.628
234.608
234.576
234.529
234.472
234.401
234.323
234.234
234.137
234.034
233.924
233.811
233.695
233.581
233.468
233.356
233.235
233.064
227.448
227.605
227.766
227.932
228.101
228.275
228.454
228.637
228.822
229.013
229.207
229.405
229.607
229.811
230.019
230.23
230.443
230.658
230.874
231.091
231.308
231.525
231.741
231.954
232.165
232.372
232.574
232.77
232.96
233.141
233.314
233.476
233.627
233.766
233.892
234.004
234.102
234.184
234.251
234.302
234.337
234.357
234.362
234.352
234.327
234.289
234.238
234.177
234.103
234.023
233.933
233.836
233.733
233.623
233.511
233.398
233.285
233.175
233.066
232.948
232.78
227.457
227.613
227.773
227.936
228.104
228.277
228.453
228.632
228.816
229.004
229.195
229.39
229.588
229.789
229.993
230.2
230.408
230.618
230.828
231.04
231.25
231.461
231.669
231.875
232.077
232.276
232.469
232.655
232.835
233.006
233.167
233.319
233.459
233.586
233.701
233.802
233.888
233.96
234.016
234.057
234.083
234.096
234.094
234.076
234.045
234.002
233.947
233.883
233.807
233.725
233.634
233.537
233.434
233.326
233.216
233.104
232.994
232.887
232.78
232.665
232.501
227.464
227.619
227.777
227.939
228.105
228.275
228.448
228.626
228.807
228.992
229.18
229.372
229.566
229.764
229.964
230.165
230.369
230.573
230.778
230.984
231.188
231.391
231.592
231.79
231.985
232.174
232.358
232.535
232.704
232.865
233.016
233.157
233.286
233.402
233.506
233.596
233.672
233.733
233.779
233.812
233.829
233.834
233.824
233.8
233.764
233.717
233.658
233.591
233.513
233.43
233.339
233.241
233.139
233.032
232.923
232.813
232.705
232.601
232.497
232.385
232.225
227.469
227.622
227.779
227.939
228.103
228.27
228.442
228.617
228.795
228.977
229.162
229.35
229.541
229.734
229.93
230.127
230.325
230.524
230.724
230.923
231.121
231.317
231.51
231.701
231.886
232.067
232.242
232.409
232.569
232.719
232.86
232.989
233.108
233.213
233.306
233.386
233.451
233.503
233.54
233.564
233.574
233.572
233.554
233.525
233.484
233.433
233.37
233.301
233.222
233.137
233.046
232.948
232.847
232.741
232.634
232.527
232.422
232.32
232.218
232.109
231.953
227.473
227.624
227.779
227.937
228.099
228.264
228.433
228.605
228.781
228.959
229.141
229.326
229.513
229.702
229.893
230.085
230.278
230.472
230.665
230.858
231.049
231.238
231.424
231.606
231.783
231.955
232.121
232.278
232.428
232.568
232.699
232.818
232.926
233.021
233.104
233.173
233.229
233.271
233.3
233.316
233.319
233.309
233.285
233.251
233.205
233.151
233.085
233.014
232.933
232.848
232.756
232.659
232.558
232.454
232.349
232.244
232.141
232.041
231.943
231.837
231.687
227.474
227.624
227.776
227.932
228.092
228.255
228.421
228.591
228.763
228.939
229.117
229.298
229.481
229.665
229.852
230.039
230.227
230.415
230.602
230.788
230.973
231.154
231.333
231.507
231.676
231.838
231.995
232.143
232.283
232.413
232.533
232.642
232.74
232.825
232.898
232.958
233.004
233.038
233.058
233.067
233.063
233.046
233.017
232.978
232.928
232.871
232.802
232.729
232.648
232.562
232.471
232.373
232.274
232.171
232.068
231.965
231.865
231.769
231.674
231.571
231.425
227.474
227.621
227.772
227.926
228.083
228.244
228.407
228.574
228.743
228.915
229.09
229.267
229.446
229.626
229.808
229.99
230.172
230.354
230.535
230.715
230.892
231.067
231.237
231.403
231.563
231.718
231.864
232.003
232.134
232.254
232.364
232.463
232.551
232.627
232.69
232.741
232.778
232.804
232.817
232.819
232.807
232.784
232.75
232.707
232.654
232.593
232.522
232.448
232.366
232.279
232.188
232.092
231.994
231.893
231.791
231.691
231.594
231.5
231.407
231.308
231.165
227.472
227.617
227.766
227.918
228.072
228.23
228.391
228.555
228.721
228.889
229.06
229.233
229.408
229.583
229.76
229.937
230.114
230.29
230.465
230.638
230.808
230.975
231.137
231.295
231.447
231.592
231.73
231.859
231.98
232.091
232.191
232.281
232.359
232.425
232.479
232.521
232.551
232.568
232.575
232.569
232.551
232.523
232.485
232.438
232.381
232.318
232.246
232.17
232.087
232
231.91
231.815
231.718
231.618
231.519
231.422
231.327
231.236
231.147
231.051
230.913
227.468
227.611
227.758
227.907
228.06
228.215
228.373
228.533
228.696
228.861
229.028
229.197
229.367
229.538
229.709
229.881
230.052
230.222
230.391
230.557
230.72
230.879
231.034
231.183
231.327
231.463
231.592
231.712
231.824
231.925
232.016
232.096
232.165
232.222
232.268
232.301
232.323
232.333
232.333
232.32
232.297
232.264
232.222
232.171
232.111
232.046
231.972
231.895
231.813
231.725
231.635
231.541
231.445
231.348
231.251
231.156
231.064
230.976
230.89
230.797
230.664
227.462
227.604
227.748
227.895
228.045
228.197
228.352
228.509
228.669
228.83
228.993
229.158
229.323
229.489
229.656
229.822
229.987
230.151
230.313
230.472
230.628
230.78
230.926
231.068
231.203
231.33
231.45
231.561
231.663
231.756
231.838
231.909
231.969
232.017
232.054
232.08
232.094
232.098
232.091
232.072
232.044
232.007
231.96
231.906
231.844
231.777
231.702
231.624
231.541
231.454
231.365
231.272
231.178
231.083
230.988
230.895
230.806
230.721
230.637
230.548
230.419
227.455
227.595
227.737
227.881
228.028
228.178
228.33
228.484
228.639
228.797
228.956
229.116
229.277
229.438
229.599
229.76
229.919
230.077
230.232
230.384
230.533
230.677
230.816
230.949
231.076
231.195
231.306
231.408
231.501
231.584
231.657
231.719
231.771
231.811
231.84
231.858
231.866
231.864
231.849
231.825
231.792
231.751
231.701
231.645
231.579
231.511
231.435
231.357
231.274
231.187
231.099
231.007
230.914
230.821
230.728
230.638
230.552
230.469
230.388
230.301
230.176
227.447
227.584
227.724
227.866
228.01
228.157
228.305
228.456
228.608
228.761
228.916
229.072
229.228
229.384
229.54
229.695
229.848
229.999
230.148
230.293
230.434
230.571
230.702
230.827
230.945
231.055
231.158
231.251
231.336
231.41
231.474
231.528
231.571
231.603
231.625
231.636
231.638
231.628
231.608
231.58
231.542
231.497
231.444
231.385
231.318
231.248
231.171
231.093
231.01
230.924
230.836
230.746
230.655
230.563
230.473
230.385
230.302
230.222
230.144
230.06
229.939
227.437
227.572
227.709
227.849
227.99
228.134
228.279
228.426
228.574
228.724
228.874
229.025
229.177
229.328
229.478
229.627
229.774
229.919
230.061
230.199
230.333
230.462
230.585
230.702
230.812
230.914
231.008
231.093
231.168
231.234
231.29
231.336
231.371
231.396
231.41
231.415
231.41
231.394
231.369
231.336
231.295
231.246
231.19
231.129
231.06
230.988
230.911
230.832
230.75
230.664
230.578
230.489
230.399
230.309
230.221
230.136
230.055
229.978
229.902
229.821
229.704
227.426
227.559
227.694
227.83
227.969
228.109
228.251
228.394
228.539
228.684
228.83
228.977
229.123
229.269
229.414
229.557
229.698
229.836
229.971
230.102
230.229
230.35
230.466
230.575
230.676
230.77
230.855
230.932
230.999
231.057
231.104
231.142
231.17
231.187
231.195
231.194
231.182
231.161
231.131
231.094
231.049
230.997
230.938
230.875
230.804
230.732
230.655
230.576
230.494
230.409
230.323
230.235
230.147
230.06
229.974
229.891
229.812
229.737
229.664
229.585
229.471
227.414
227.544
227.676
227.81
227.946
228.083
228.221
228.361
228.501
228.643
228.784
228.926
229.067
229.208
229.347
229.484
229.619
229.751
229.879
230.003
230.123
230.236
230.344
230.445
230.538
230.624
230.701
230.769
230.828
230.878
230.918
230.948
230.968
230.979
230.981
230.973
230.955
230.93
230.896
230.854
230.805
230.751
230.689
230.624
230.552
230.48
230.402
230.322
230.241
230.157
230.072
229.985
229.899
229.813
229.729
229.648
229.572
229.499
229.428
229.352
229.243
227.401
227.529
227.658
227.789
227.921
228.055
228.19
228.326
228.462
228.599
228.736
228.873
229.009
229.145
229.278
229.409
229.538
229.663
229.785
229.902
230.014
230.12
230.22
230.313
230.398
230.476
230.545
230.605
230.656
230.698
230.73
230.753
230.767
230.771
230.767
230.752
230.73
230.699
230.661
230.616
230.564
230.507
230.443
230.377
230.304
230.23
230.153
230.073
229.992
229.908
229.824
229.739
229.654
229.57
229.488
229.409
229.335
229.264
229.196
229.122
229.016
227.386
227.512
227.638
227.766
227.895
228.026
228.157
228.289
228.422
228.554
228.687
228.819
228.95
229.079
229.207
229.332
229.455
229.573
229.688
229.798
229.903
230.001
230.094
230.179
230.256
230.326
230.387
230.44
230.483
230.518
230.543
230.558
230.566
230.565
230.553
230.533
230.506
230.471
230.429
230.38
230.325
230.266
230.2
230.132
230.058
229.984
229.906
229.826
229.746
229.663
229.58
229.496
229.412
229.33
229.249
229.173
229.1
229.032
228.964
228.892
228.789
230.147
230.089
230.027
229.959
229.89
229.816
229.741
229.663
229.583
229.503
229.421
229.339
229.256
229.174
229.093
229.014
228.939
228.868
228.801
228.736
228.666
228.565
229.182
229.1
229.019
228.937
228.858
228.781
228.707
228.638
228.573
228.509
228.44
228.342
255.136
223.488
221.929
222.271
222.48
222.71
222.833
222.884
222.866
222.823
222.764
222.7
222.634
222.569
222.508
222.453
222.404
222.355
222.301
222.238
222.161
222.071
221.969
221.856
221.734
221.604
221.469
221.331
221.191
221.048
220.904
220.758
220.611
220.462
220.312
220.162
220.01
219.857
219.703
219.548
219.392
219.235
219.078
218.92
218.762
218.603
218.444
218.284
218.124
217.962
217.799
217.635
217.468
217.298
217.125
216.948
216.765
216.576
216.379
216.174
215.959
215.732
215.494
215.241
214.972
214.686
214.381
214.055
213.705
213.328
212.924
212.492
212.027
211.524
210.984
210.407
209.791
209.131
208.422
207.66
206.845
205.978
205.053
204.083
203.058
201.962
200.813
199.618
198.374
197.076
195.738
194.365
192.971
191.554
190.125
188.699
187.279
185.884
184.547
183.272
182.05
180.849
179.686
178.653
177.712
176.822
175.961
175.134
174.38
173.689
173.018
172.39
171.837
171.334
170.866
170.473
170.228
170.189
170.209
170.308
169.94
254.835
223.369
222.058
222.327
222.536
222.771
222.89
222.941
222.92
222.873
222.808
222.739
222.67
222.602
222.537
222.478
222.426
222.375
222.322
222.26
222.188
222.103
222.006
221.899
221.782
221.657
221.527
221.393
221.256
221.117
220.977
220.835
220.691
220.547
220.402
220.256
220.109
219.962
219.814
219.665
219.516
219.366
219.216
219.066
218.915
218.765
218.614
218.462
218.31
218.158
218.004
217.849
217.692
217.533
217.37
217.203
217.031
216.854
216.669
216.476
216.274
216.062
215.838
215.6
215.347
215.077
214.789
214.481
214.15
213.794
213.411
212.999
212.555
212.078
211.567
211.019
210.428
209.789
209.1
208.358
207.563
206.715
205.81
204.865
203.858
202.785
201.648
200.46
199.223
197.934
196.605
195.238
193.842
192.444
191.038
189.629
188.218
186.812
185.41
184.034
182.711
181.451
180.295
179.103
178.021
177.074
176.208
175.382
174.616
173.894
173.204
172.52
171.882
171.328
170.868
170.529
170.318
170.301
170.357
170.469
170.099
254.454
223.272
222.177
222.41
222.603
222.839
222.954
223.004
222.98
222.927
222.855
222.781
222.709
222.638
222.569
222.507
222.45
222.397
222.343
222.283
222.214
222.134
222.043
221.941
221.83
221.71
221.585
221.455
221.323
221.188
221.051
220.913
220.774
220.634
220.493
220.352
220.21
220.069
219.926
219.784
219.641
219.498
219.355
219.213
219.07
218.927
218.784
218.641
218.497
218.353
218.209
218.063
217.916
217.766
217.613
217.457
217.296
217.13
216.957
216.776
216.587
216.389
216.178
215.955
215.718
215.464
215.194
214.903
214.591
214.255
213.892
213.502
213.082
212.63
212.143
211.615
211.044
210.429
209.769
209.06
208.3
207.487
206.619
205.704
204.727
203.697
202.598
201.431
200.214
198.951
197.646
196.296
194.906
193.498
192.07
190.602
189.11
187.629
186.164
184.759
183.432
182.164
181.009
179.874
178.708
177.625
176.626
175.683
174.79
173.961
173.208
172.49
171.823
171.226
170.684
170.302
170.113
170.137
170.292
170.498
170.182
254.083
223.271
222.312
222.525
222.687
222.916
223.026
223.072
223.045
222.985
222.907
222.827
222.751
222.677
222.604
222.537
222.477
222.42
222.365
222.305
222.239
222.164
222.078
221.983
221.877
221.763
221.643
221.518
221.39
221.259
221.127
220.993
220.858
220.722
220.586
220.45
220.313
220.177
220.04
219.904
219.767
219.631
219.495
219.359
219.224
219.088
218.953
218.818
218.683
218.548
218.412
218.276
218.138
217.997
217.855
217.709
217.559
217.404
217.242
217.074
216.898
216.712
216.516
216.307
216.085
215.848
215.594
215.321
215.028
214.711
214.369
214
213.603
213.174
212.708
212.204
211.663
211.083
210.457
209.781
209.05
208.264
207.421
206.528
205.572
204.566
203.498
202.348
201.139
199.884
198.581
197.223
195.828
194.386
192.93
191.444
189.95
188.479
187.053
185.671
184.33
182.951
181.604
180.468
179.377
178.301
177.251
176.239
175.286
174.359
173.511
172.721
171.981
171.32
170.691
170.195
169.909
169.849
169.947
170.191
169.903
253.792
223.364
222.442
222.655
222.787
223.003
223.105
223.145
223.114
223.048
222.962
222.876
222.796
222.718
222.642
222.571
222.506
222.445
222.387
222.328
222.264
222.193
222.112
222.023
221.924
221.816
221.701
221.581
221.457
221.331
221.203
221.074
220.943
220.812
220.681
220.549
220.418
220.286
220.156
220.025
219.895
219.765
219.636
219.507
219.379
219.251
219.123
218.996
218.869
218.742
218.615
218.487
218.358
218.228
218.095
217.959
217.819
217.675
217.525
217.369
217.205
217.033
216.85
216.656
216.449
216.227
215.99
215.735
215.46
215.162
214.841
214.494
214.118
213.711
213.271
212.796
212.283
211.728
211.124
210.469
209.761
209
208.184
207.317
206.387
205.412
204.368
203.249
202.062
200.826
199.543
198.199
196.826
195.4
193.943
192.484
191.021
189.531
188.044
186.535
185.105
183.756
182.378
181.037
179.853
178.791
177.797
176.866
175.97
175.046
174.155
173.296
172.454
171.667
170.921
170.317
169.925
169.744
169.787
169.912
169.513
253.564
223.552
222.565
222.785
222.898
223.095
223.188
223.219
223.186
223.114
223.021
222.929
222.843
222.761
222.681
222.606
222.537
222.472
222.412
222.351
222.289
222.221
222.146
222.062
221.969
221.867
221.758
221.643
221.524
221.403
221.28
221.155
221.03
220.903
220.776
220.65
220.523
220.397
220.272
220.147
220.023
219.899
219.777
219.655
219.533
219.413
219.293
219.173
219.054
218.936
218.817
218.698
218.578
218.456
218.333
218.207
218.078
217.944
217.806
217.661
217.509
217.35
217.18
217
216.808
216.602
216.381
216.143
215.887
215.608
215.307
214.98
214.627
214.244
213.829
213.378
212.888
212.356
211.78
211.159
210.488
209.765
208.987
208.155
207.262
206.318
205.303
204.227
203.083
201.867
200.596
199.263
197.886
196.461
194.973
193.47
191.967
190.421
188.894
187.351
185.885
184.506
183.215
181.914
180.544
179.265
178.158
177.195
176.346
175.49
174.648
173.825
173.01
172.193
171.386
170.64
170.095
169.823
169.795
169.874
169.449
253.332
223.784
222.69
222.911
223.012
223.19
223.272
223.294
223.259
223.182
223.083
222.983
222.892
222.806
222.723
222.644
222.57
222.501
222.437
222.376
222.314
222.248
222.178
222.099
222.013
221.917
221.814
221.705
221.592
221.476
221.357
221.237
221.117
220.995
220.873
220.751
220.63
220.509
220.389
220.27
220.152
220.034
219.918
219.803
219.688
219.575
219.462
219.35
219.239
219.128
219.017
218.907
218.795
218.683
218.569
218.453
218.334
218.211
218.083
217.95
217.81
217.663
217.507
217.341
217.163
216.973
216.768
216.547
216.308
216.049
215.767
215.462
215.13
214.77
214.378
213.952
213.488
212.986
212.444
211.855
211.213
210.517
209.763
208.955
208.084
207.16
206.163
205.115
203.998
202.797
201.529
200.203
198.821
197.389
195.93
194.421
192.929
191.401
189.884
188.365
186.837
185.293
183.837
182.587
181.37
180.083
178.829
177.658
176.608
175.688
174.875
174.124
173.393
172.609
171.824
171.073
170.466
170.101
170.003
170.086
169.623
253.031
223.986
222.822
223.039
223.129
223.285
223.353
223.368
223.331
223.251
223.146
223.04
222.942
222.851
222.765
222.682
222.604
222.532
222.464
222.401
222.339
222.276
222.209
222.136
222.055
221.967
221.87
221.767
221.659
221.548
221.435
221.32
221.204
221.087
220.97
220.854
220.737
220.622
220.507
220.393
220.281
220.169
220.059
219.95
219.843
219.736
219.63
219.526
219.422
219.319
219.216
219.114
219.011
218.908
218.803
218.696
218.587
218.474
218.357
218.236
218.108
217.973
217.83
217.677
217.514
217.338
217.149
216.945
216.724
216.483
216.222
215.937
215.627
215.289
214.921
214.52
214.085
213.611
213.093
212.529
211.913
211.246
210.524
209.75
208.915
208.026
207.069
206.061
204.978
203.816
202.577
201.279
199.924
198.505
197.083
195.588
194.055
192.484
190.899
189.317
187.722
186.237
184.681
183.173
181.865
180.683
179.532
178.39
177.238
176.138
175.175
174.327
173.601
172.854
172.124
171.425
170.832
170.453
170.298
170.378
169.836
252.639
224.151
222.963
223.168
223.244
223.378
223.431
223.438
223.399
223.317
223.21
223.098
222.994
222.898
222.808
222.722
222.64
222.564
222.493
222.427
222.365
222.303
222.239
222.171
222.096
222.014
221.924
221.827
221.725
221.62
221.512
221.402
221.292
221.18
221.068
220.956
220.845
220.735
220.625
220.517
220.41
220.305
220.201
220.098
219.997
219.897
219.798
219.701
219.604
219.509
219.414
219.32
219.225
219.13
219.034
218.937
218.837
218.735
218.628
218.517
218.401
218.278
218.148
218.009
217.859
217.699
217.525
217.338
217.134
216.912
216.669
216.405
216.116
215.801
215.457
215.082
214.671
214.222
213.731
213.198
212.618
211.989
211.305
210.565
209.764
208.905
207.978
206.997
205.935
204.805
203.601
202.316
200.971
199.552
198.099
196.606
195.032
193.442
191.826
190.252
188.695
187.195
185.716
184.198
182.65
181.187
179.88
178.702
177.643
176.647
175.724
174.777
173.915
173.115
172.377
171.705
171.118
170.722
170.533
170.604
170.029
252.166
224.301
223.119
223.314
223.361
223.468
223.503
223.5
223.459
223.379
223.272
223.157
223.047
222.946
222.851
222.762
222.677
222.597
222.524
222.455
222.391
222.33
222.268
222.204
222.136
222.06
221.977
221.887
221.791
221.691
221.588
221.484
221.379
221.273
221.166
221.059
220.953
220.848
220.744
220.641
220.54
220.44
220.342
220.245
220.15
220.057
219.965
219.874
219.785
219.697
219.61
219.523
219.437
219.35
219.263
219.175
219.085
218.992
218.896
218.796
218.691
218.58
218.462
218.336
218.2
218.054
217.896
217.724
217.538
217.334
217.111
216.866
216.598
216.306
215.985
215.634
215.249
214.827
214.368
213.866
213.317
212.715
212.057
211.343
210.569
209.739
208.843
207.887
206.851
205.755
204.587
203.326
201.995
200.603
199.156
197.69
196.159
194.603
193.005
191.412
189.762
188.072
186.514
185.082
183.671
182.181
180.686
179.241
177.955
176.85
175.899
174.979
174.108
173.304
172.565
171.898
171.33
170.945
170.752
170.798
170.192
251.63
224.445
223.282
223.467
223.479
223.556
223.569
223.557
223.513
223.435
223.331
223.215
223.1
222.994
222.896
222.803
222.715
222.633
222.556
222.485
222.419
222.358
222.298
222.237
222.174
222.104
222.028
221.945
221.855
221.762
221.665
221.566
221.466
221.365
221.263
221.162
221.061
220.961
220.862
220.765
220.669
220.575
220.482
220.392
220.303
220.216
220.13
220.046
219.964
219.883
219.804
219.725
219.646
219.568
219.489
219.41
219.329
219.246
219.16
219.07
218.976
218.877
218.771
218.658
218.536
218.404
218.261
218.105
217.935
217.749
217.545
217.32
217.073
216.802
216.505
216.178
215.819
215.426
214.993
214.518
213.997
213.426
212.803
212.127
211.395
210.605
209.749
208.83
207.833
206.78
205.646
204.429
203.124
201.761
200.332
198.838
197.32
195.724
194.075
192.424
190.739
189.079
187.4
185.778
184.338
182.95
181.547
180.166
178.819
177.547
176.356
175.274
174.265
173.381
172.619
171.951
171.409
171.07
170.916
170.939
170.26
251.036
224.579
223.444
223.614
223.601
223.644
223.634
223.607
223.558
223.484
223.385
223.271
223.153
223.043
222.94
222.844
222.754
222.669
222.589
222.516
222.449
222.386
222.327
222.269
222.21
222.147
222.078
222.001
221.919
221.831
221.741
221.647
221.553
221.457
221.36
221.264
221.168
221.073
220.98
220.888
220.798
220.709
220.622
220.537
220.454
220.373
220.294
220.217
220.141
220.068
219.995
219.924
219.853
219.783
219.712
219.642
219.57
219.496
219.42
219.341
219.257
219.169
219.075
218.975
218.866
218.748
218.62
218.479
218.326
218.157
217.971
217.766
217.54
217.291
217.016
216.714
216.38
216.013
215.607
215.162
214.673
214.138
213.551
212.91
212.208
211.447
210.618
209.725
208.757
207.729
206.615
205.424
204.15
202.793
201.386
199.89
198.371
196.792
195.142
193.486
191.856
190.217
188.578
186.877
185.205
183.652
182.154
180.772
179.462
178.195
176.964
175.826
174.792
173.801
172.944
172.21
171.628
171.246
171.074
171.06
170.286
250.38
224.692
223.608
223.755
223.725
223.733
223.698
223.654
223.599
223.527
223.434
223.323
223.206
223.091
222.984
222.885
222.792
222.705
222.623
222.548
222.479
222.416
222.357
222.301
222.246
222.188
222.125
222.056
221.981
221.9
221.815
221.728
221.639
221.548
221.457
221.366
221.275
221.185
221.097
221.011
220.926
220.842
220.761
220.682
220.605
220.53
220.457
220.386
220.317
220.25
220.185
220.12
220.057
219.995
219.933
219.87
219.807
219.742
219.676
219.607
219.534
219.457
219.374
219.286
219.19
219.086
218.972
218.847
218.71
218.558
218.39
218.204
217.998
217.77
217.519
217.24
216.932
216.59
216.213
215.799
215.341
214.836
214.278
213.666
212.997
212.271
211.48
210.628
209.702
208.712
207.634
206.488
205.268
203.946
202.565
201.107
199.591
198.027
196.4
194.694
192.991
191.238
189.578
187.946
186.313
184.749
183.201
181.692
180.199
178.74
177.335
176.089
175.058
174.061
173.184
172.453
171.869
171.474
171.308
171.303
170.509
249.655
224.787
223.778
223.895
223.849
223.822
223.759
223.698
223.635
223.565
223.478
223.373
223.256
223.139
223.028
222.925
222.83
222.741
222.658
222.581
222.51
222.446
222.388
222.333
222.281
222.228
222.171
222.109
222.04
221.967
221.889
221.807
221.724
221.639
221.553
221.467
221.381
221.296
221.213
221.132
221.052
220.975
220.899
220.825
220.754
220.685
220.618
220.553
220.491
220.43
220.371
220.314
220.258
220.204
220.149
220.095
220.04
219.985
219.928
219.868
219.806
219.739
219.669
219.592
219.509
219.418
219.318
219.208
219.086
218.952
218.802
218.635
218.448
218.241
218.012
217.757
217.473
217.158
216.809
216.422
215.994
215.519
214.996
214.423
213.794
213.107
212.355
211.539
210.648
209.688
208.643
207.532
206.334
205.045
203.668
202.225
200.702
199.097
197.485
195.748
194.028
192.284
190.567
188.861
187.149
185.578
184.115
182.686
181.257
179.825
178.361
176.892
175.569
174.367
173.322
172.488
171.857
171.473
171.323
171.435
170.768
248.866
224.905
223.949
224.041
223.972
223.911
223.819
223.739
223.67
223.6
223.518
223.418
223.305
223.186
223.072
222.965
222.868
222.777
222.692
222.614
222.542
222.477
222.419
222.365
222.315
222.266
222.215
222.159
222.098
222.032
221.96
221.886
221.808
221.728
221.648
221.567
221.486
221.407
221.329
221.252
221.178
221.106
221.035
220.967
220.902
220.838
220.777
220.718
220.662
220.608
220.556
220.506
220.457
220.409
220.363
220.316
220.27
220.223
220.175
220.125
220.073
220.017
219.957
219.892
219.822
219.744
219.658
219.562
219.456
219.337
219.205
219.056
218.89
218.703
218.495
218.263
218.004
217.715
217.393
217.035
216.637
216.196
215.708
215.168
214.57
213.914
213.194
212.411
211.554
210.629
209.62
208.545
207.378
206.125
204.786
203.358
201.876
200.284
198.684
196.981
195.265
193.492
191.684
189.938
188.107
186.324
184.729
183.26
181.876
180.54
179.216
177.851
176.502
175.175
173.992
172.988
172.174
171.576
171.332
171.337
170.614
248.027
225.058
224.11
224.185
224.087
223.993
223.875
223.781
223.703
223.632
223.554
223.461
223.352
223.234
223.116
223.005
222.905
222.812
222.727
222.647
222.574
222.509
222.45
222.398
222.35
222.305
222.258
222.209
222.154
222.094
222.03
221.962
221.89
221.817
221.741
221.666
221.59
221.516
221.443
221.371
221.302
221.235
221.17
221.107
221.047
220.989
220.934
220.881
220.831
220.783
220.737
220.694
220.652
220.612
220.572
220.534
220.496
220.457
220.418
220.377
220.335
220.289
220.24
220.187
220.128
220.063
219.99
219.909
219.817
219.715
219.599
219.469
219.321
219.155
218.969
218.76
218.525
218.261
217.966
217.637
217.269
216.859
216.402
215.895
215.333
214.716
214.039
213.299
212.486
211.604
210.641
209.606
208.473
207.26
205.964
204.562
203.1
201.539
199.907
198.212
196.432
194.632
192.801
190.977
189.211
187.413
185.668
184
182.483
181.051
179.714
178.394
177.065
175.74
174.558
173.539
172.698
172.034
171.62
171.499
170.622
247.141
225.242
224.248
224.309
224.191
224.069
223.931
223.821
223.734
223.66
223.585
223.5
223.397
223.281
223.16
223.046
222.942
222.848
222.761
222.68
222.607
222.542
222.483
222.431
222.385
222.342
222.3
222.256
222.208
222.155
222.097
222.036
221.971
221.903
221.833
221.763
221.692
221.623
221.555
221.488
221.424
221.362
221.302
221.245
221.19
221.138
221.088
221.041
220.996
220.954
220.915
220.878
220.843
220.809
220.777
220.746
220.716
220.686
220.655
220.623
220.59
220.554
220.516
220.473
220.426
220.374
220.314
220.247
220.17
220.083
219.984
219.871
219.742
219.596
219.43
219.243
219.032
218.793
218.525
218.223
217.884
217.505
217.081
216.609
216.085
215.505
214.864
214.157
213.378
212.528
211.597
210.59
209.485
208.304
207.029
205.664
204.208
202.671
201.043
199.349
197.606
195.824
194.081
192.192
190.258
188.346
186.555
184.875
183.344
181.938
180.516
179.117
177.705
176.314
175.003
173.831
172.864
172.171
171.778
171.677
170.777
246.238
225.429
224.364
224.41
224.282
224.138
223.984
223.86
223.764
223.685
223.612
223.533
223.439
223.327
223.207
223.089
222.981
222.884
222.795
222.714
222.641
222.575
222.517
222.466
222.42
222.38
222.341
222.302
222.259
222.213
222.162
222.107
222.048
221.987
221.923
221.858
221.792
221.728
221.664
221.603
221.543
221.486
221.431
221.379
221.329
221.282
221.238
221.196
221.158
221.122
221.088
221.057
221.029
221.002
220.977
220.953
220.93
220.908
220.886
220.863
220.839
220.813
220.784
220.753
220.717
220.676
220.63
220.576
220.513
220.441
220.359
220.263
220.153
220.026
219.881
219.716
219.529
219.315
219.073
218.8
218.491
218.144
217.755
217.318
216.83
216.286
215.682
215.016
214.282
213.48
212.597
211.637
210.581
209.45
208.218
206.898
205.49
203.979
202.368
200.69
198.967
197.095
195.195
193.449
191.641
189.608
187.535
185.582
183.806
182.36
181.058
179.804
178.468
177.134
175.852
174.615
173.507
172.608
172.052
171.893
171.018
245.306
225.571
224.514
224.507
224.357
224.198
224.035
223.899
223.791
223.706
223.633
223.56
223.475
223.371
223.252
223.132
223.02
222.919
222.829
222.748
222.674
222.609
222.551
222.5
222.456
222.417
222.381
222.346
222.308
222.267
222.223
222.174
222.122
222.066
222.008
221.948
221.888
221.828
221.769
221.712
221.657
221.605
221.555
221.507
221.463
221.421
221.381
221.345
221.312
221.281
221.254
221.229
221.206
221.186
221.167
221.151
221.135
221.12
221.106
221.091
221.075
221.059
221.04
221.018
220.993
220.964
220.929
220.888
220.839
220.781
220.714
220.634
220.541
220.433
220.307
220.162
219.997
219.806
219.589
219.341
219.06
218.741
218.381
217.975
217.519
217.009
216.441
215.812
215.114
214.343
213.49
212.556
211.527
210.422
209.208
207.909
206.518
205.013
203.402
201.719
199.978
198.153
196.254
194.366
192.735
190.968
189.071
187.067
184.984
183.07
181.443
180.033
178.761
177.555
176.363
175.182
174.146
173.309
172.674
172.321
171.048
)
;

boundaryField
{
    inlet
    {
        type            fixedValue;
        value           uniform 223;
    }
    obstacle
    {
        type            zeroGradient;
    }
    bottom
    {
        type            symmetry;
    }
    outlet
    {
        type            inletOutlet;
        inletValue      nonuniform List<scalar> 0();
        value           nonuniform List<scalar> 0();
    }
    top
    {
        type            symmetry;
    }
    defaultFaces
    {
        type            empty;
    }
    procBoundary6to4
    {
        type            processor;
        value           nonuniform List<scalar> 
121
(
255.328
223.502
221.803
222.255
222.425
222.652
222.78
222.832
222.816
222.779
222.725
222.664
222.601
222.54
222.482
222.43
222.383
222.336
222.281
222.215
222.134
222.039
221.931
221.812
221.685
221.551
221.412
221.271
221.127
220.981
220.833
220.683
220.532
220.379
220.225
220.069
219.912
219.753
219.593
219.432
219.269
219.106
218.941
218.775
218.609
218.442
218.274
218.106
217.936
217.766
217.594
217.419
217.243
217.063
216.88
216.691
216.497
216.296
216.087
215.869
215.641
215.4
215.147
214.879
214.594
214.292
213.969
213.625
213.255
212.859
212.433
211.978
211.493
210.971
210.408
209.801
209.151
208.456
207.713
206.92
206.073
205.18
204.229
203.233
202.167
201.05
199.889
198.681
197.427
196.121
194.787
193.431
192.06
190.673
189.289
187.909
186.52
185.15
183.804
182.533
181.344
180.239
179.224
178.245
177.306
176.433
175.602
174.821
174.13
173.492
172.868
172.3
171.762
171.22
170.692
170.246
169.972
169.898
169.896
169.977
169.662
)
;
    }
    procBoundary6to7
    {
        type            processor;
        value           nonuniform List<scalar> 
153
(
219.41
221.107
220.931
220.931
220.787
220.78
220.916
221.346
221.83
222.158
222.37
222.534
222.685
222.816
222.915
222.984
223.027
223.043
223.046
223.054
223.084
223.147
223.22
223.301
223.393
223.488
223.488
223.492
223.495
223.498
223.501
223.504
223.603
223.603
223.605
223.699
223.699
223.701
223.791
223.791
223.793
223.884
223.972
224.061
224.151
224.242
224.333
224.425
224.517
224.61
224.705
224.801
224.898
224.996
225.095
225.196
225.298
225.404
225.511
225.621
225.733
225.847
225.962
226.081
226.202
226.327
226.454
226.585
226.72
226.858
227
227.145
227.295
227.295
227.305
227.314
227.32
227.325
227.328
227.33
227.329
227.327
227.324
227.319
227.312
227.305
227.296
227.286
227.275
227.263
227.371
227.493
227.617
227.742
227.868
227.995
228.123
228.251
228.379
228.508
228.635
228.762
228.888
229.012
229.134
229.253
229.369
229.482
229.589
229.692
229.789
229.881
229.965
230.043
230.113
230.175
230.228
230.273
230.309
230.336
230.354
230.364
230.365
230.357
230.34
230.315
230.283
230.244
230.198
230.198
229.916
229.855
229.792
229.722
229.652
229.576
229.501
229.423
229.343
229.264
229.264
228.946
228.865
228.785
228.704
228.626
228.55
228.478
228.411
228.347
228.284
228.216
228.12
)
;
    }
}


// ************************************************************************* //
