/*--------------------------------*- C++ -*----------------------------------*\
| =========                 |                                                 |
| \\      /  F ield         | OpenFOAM: The Open Source CFD Toolbox           |
|  \\    /   O peration     | Version:  2412                                  |
|   \\  /    A nd           | Website:  www.openfoam.com                      |
|    \\/     M anipulation  |                                                 |
\*---------------------------------------------------------------------------*/
FoamFile
{
    version     2.0;
    format      ascii;
    arch        "LSB;label=32;scalar=64";
    class       volScalarField;
    location    "0.018";
    object      T;
}
// * * * * * * * * * * * * * * * * * * * * * * * * * * * * * * * * * * * * * //

dimensions      [0 0 0 1 0 0 0];

internalField   nonuniform List<scalar> 
9857
(
223
223
223
223
223
223
223
223
223
223
223
223
223
223
223
223
223
223
223
223
223
223
223
223
223
223
223
223.002
223
223
223
223
223
223
223
223
223
223
223
223
223
223
223
223
223
223
223
223
223
223
223
223
223.004
223
223
223
223
223
223
223
223
223
223
223
223
223
223
223
223
223
223
223
223
223
223
223
223
223.007
223
223
223
223
223
223
223
223
223
223
223
223
223
223
223
223
223
223
223
223
223
223
223
223
223.014
223
223
223
223
223
223
223
223
223
223
223
223
223
223
223
223
223
223
223
223
223
223
223
223.001
223.028
223
223
223
223
223
223
223
223
223
223
223
223
223
223
223
223
223
223
223
223
223
223
223
223.002
223.051
223
223
223
223
223
223
223
223
223
223
223
223
223
223
223
223
223
223
223
223
223
223
223
223.005
223.088
223.583
223
223
223
223
223
223
223
223
223
223
223
223
223
223
223
223
223
223
223
223
223
223
223
223.01
223.144
223.772
223
223
223
223
223
223
223
223
223
223
223
223
223
223
223
223
223
223
223
223
223
223
223.001
223.019
223.224
223.982
225.043
223
223
223
223
223
223
223
223
223
223
223
223
223
223
223
223
223
223
223
223
223
223
223.001
223.035
223.33
224.204
225.218
223
223
223
223
223
223
223
223
223
223
223
223
223
223
223
223
223
223
223
223
223
223
223.003
223.062
223.464
224.429
225.363
225.759
223
223
223
223
223
223
223
223
223
223
223
223
223
223
223
223
223
223
223
223
223
223
223.006
223.103
223.625
224.646
225.48
225.775
223
223
223
223
223
223
223
223
223
223
223
223
223
223
223
223
223
223
223
223
223
223
223.012
223.162
223.808
224.848
225.564
225.781
225.742
225.481
225.117
224.823
224.65
224.588
224.69
225.174
225.844
226.241
226.343
226.308
226.25
226.248
226.328
226.488
226.636
226.731
226.793
226.846
226.906
226.978
227.06
227.147
227.239
227.342
227.461
227.597
227.744
227.895
228.046
228.195
223
223
223
223
223
223
223
223
223
223
223
223
223
223
223
223
223
223
223
223
223
223.001
223.022
223.242
224.006
225.028
225.623
225.775
225.701
225.384
225.016
224.75
224.621
224.593
224.783
225.375
226
226.289
226.341
226.297
226.249
226.268
226.371
226.529
226.66
226.742
226.8
226.854
226.917
226.991
227.074
227.161
227.253
227.358
227.48
227.618
227.765
227.916
228.066
228.214
223
223
223
223
223
223
223
223
223
223
223
223
223
223
223
223
223
223
223
223
223
223.002
223.039
223.345
224.211
225.181
225.662
225.756
225.644
225.289
224.923
224.686
224.592
224.613
224.92
225.576
226.118
226.32
226.331
226.283
226.251
226.29
226.415
226.566
226.679
226.752
226.807
226.862
226.927
227.003
227.086
227.173
227.266
227.373
227.498
227.637
227.786
227.936
228.084
228.229
223
223
223
223
223
223
223
223
223
223
223
223
223
223
223
223
223
223
223
223
223
223.003
223.065
223.472
224.415
225.311
225.685
225.728
225.568
225.192
224.843
224.64
224.572
224.654
225.092
225.766
226.203
226.335
226.318
226.269
226.257
226.314
226.453
226.596
226.695
226.76
226.814
226.87
226.936
227.014
227.097
227.185
227.279
227.388
227.515
227.656
227.804
227.953
228.099
228.243
223
223
223
223
223
223
223
223
223
223
223
223
223
223
223
223
223
223
223
223
223
223.006
223.104
223.62
224.611
225.413
225.696
225.693
225.477
225.092
224.772
224.609
224.567
224.727
225.28
225.926
226.258
226.339
226.309
226.264
226.268
226.342
226.485
226.618
226.706
226.767
226.82
226.876
226.945
227.023
227.108
227.196
227.292
227.403
227.532
227.674
227.821
227.968
228.112
228.254
223
223
223
223
223
223
223
223
223
223
223
223
223
223
223
223
223
223
223
223
223
223.012
223.158
223.785
224.793
225.488
225.699
225.655
225.377
224.99
224.708
224.587
224.581
224.839
225.471
226.053
226.293
226.334
226.3
226.264
226.283
226.375
226.515
226.634
226.715
226.772
226.825
226.882
226.952
227.032
227.117
227.206
227.304
227.418
227.549
227.69
227.836
227.981
228.123
228.262
223
223
223
223
223
223
223
223
223
223
223
223
223
223
223
223
223
223
223
223
223.001
223.021
223.23
223.962
224.953
225.541
225.69
225.612
225.274
224.893
224.654
224.567
224.614
224.989
225.653
226.145
226.312
226.324
226.29
226.267
226.3
226.406
226.541
226.648
226.721
226.776
226.829
226.888
226.959
227.04
227.126
227.217
227.317
227.433
227.564
227.705
227.849
227.992
228.132
228.269
223
223
223
223
223
223
223
223
223
223
223
223
223
223
223
223
223
223
223
223
223.001
223.035
223.32
224.145
225.094
225.577
225.67
225.554
225.175
224.807
224.613
224.557
224.671
225.165
225.819
226.21
226.32
226.312
226.281
226.271
226.319
226.434
226.562
226.659
226.727
226.78
226.832
226.892
226.965
227.048
227.135
227.227
227.33
227.447
227.578
227.718
227.86
228.001
228.138
228.273
223
223
223
223
223
223
223
223
223
223
223
223
223
223
223
223
223
223
223
223
223.003
223.057
223.429
224.327
225.211
225.598
225.644
225.478
225.078
224.735
224.584
224.559
224.759
225.346
225.954
226.253
226.322
226.304
226.275
226.279
226.338
226.459
226.579
226.667
226.731
226.783
226.835
226.896
226.97
227.055
227.144
227.238
227.342
227.461
227.591
227.729
227.869
228.007
228.142
228.275
223
223
223
223
223
223
223
223
223
223
223
223
223
223
223
223
223
223
223
223
223.005
223.088
223.555
224.502
225.307
225.605
225.609
225.389
224.982
224.676
224.563
224.578
224.881
225.522
226.059
226.277
226.319
226.297
226.273
226.287
226.359
226.48
226.592
226.673
226.734
226.785
226.837
226.899
226.975
227.062
227.153
227.249
227.355
227.473
227.603
227.739
227.876
228.012
228.144
228.275
223
223
223
223
223
223
223
223
223
223
223
223
223
223
223
223
223
223
223
223
223.009
223.131
223.696
224.666
225.38
225.607
225.571
225.289
224.89
224.631
224.548
224.617
225.032
225.683
226.135
226.291
226.312
226.291
226.273
226.297
226.38
226.498
226.602
226.678
226.736
226.786
226.839
226.901
226.98
227.069
227.162
227.26
227.367
227.485
227.613
227.747
227.881
228.014
228.145
228.273
223
223
223
223
223
223
223
223
223
223
223
223
223
223
223
223
223
223
223
223
223.015
223.187
223.847
224.815
225.432
225.6
225.528
225.187
224.805
224.598
224.543
224.681
225.197
225.826
226.189
226.295
226.302
226.285
226.275
226.308
226.399
226.514
226.61
226.682
226.738
226.787
226.84
226.904
226.985
227.077
227.172
227.272
227.379
227.496
227.622
227.753
227.885
228.015
228.143
228.269
223
223
223
223
223
223
223
223
223
223
223
223
223
223
223
223
223
223
223
223.001
223.025
223.257
224.004
224.946
225.469
225.583
225.474
225.089
224.729
224.573
224.552
224.773
225.362
225.941
226.225
226.296
226.293
226.28
226.278
226.318
226.415
226.526
226.616
226.685
226.739
226.787
226.84
226.906
226.99
227.085
227.183
227.283
227.389
227.505
227.629
227.757
227.886
228.014
228.139
228.263
223
223
223
223
223
223
223
223
223
223
223
223
223
223
223
223
223
223
223
223.002
223.04
223.341
224.162
225.06
225.491
225.559
225.405
224.996
224.667
224.553
224.575
224.893
225.52
226.029
226.246
226.294
226.287
226.276
226.281
226.329
226.429
226.536
226.621
226.687
226.739
226.786
226.84
226.909
226.997
227.094
227.193
227.293
227.399
227.513
227.634
227.76
227.887
228.011
228.134
228.255
223
223
223
223
223
223
223
223
223
223
223
223
223
223
223
223
223
223
223
223.003
223.061
223.439
224.317
225.154
225.503
225.529
225.323
224.91
224.622
224.54
224.616
225.034
225.662
226.093
226.258
226.29
226.282
226.273
226.284
226.341
226.441
226.544
226.625
226.688
226.739
226.785
226.839
226.912
227.004
227.103
227.203
227.303
227.408
227.52
227.639
227.761
227.885
228.007
228.127
228.246
223
223
223
223
223
223
223
223
223
223
223
223
223
223
223
223
223
223
223
223.005
223.089
223.549
224.466
225.231
225.505
225.491
225.233
224.83
224.591
224.536
224.679
225.186
225.788
226.14
226.262
226.284
226.277
226.27
226.287
226.351
226.452
226.55
226.628
226.689
226.738
226.783
226.839
226.916
227.011
227.113
227.213
227.312
227.415
227.525
227.641
227.761
227.882
228.001
228.119
228.236
223
223
223
223
223
223
223
223
223
223
223
223
223
223
223
223
223
223
223
223.009
223.126
223.669
224.604
225.289
225.503
225.451
225.137
224.757
224.57
224.545
224.764
225.333
225.889
226.173
226.264
226.278
226.272
226.268
226.289
226.36
226.461
226.556
226.631
226.689
226.736
226.782
226.84
226.92
227.019
227.122
227.223
227.321
227.422
227.529
227.642
227.76
227.878
227.994
228.11
228.224
223
223
223
223
223
223
223
223
223
223
223
223
223
223
223
223
223
223
223
223.014
223.172
223.797
224.731
225.332
225.491
225.406
225.042
224.693
224.555
224.569
224.872
225.473
225.968
226.194
226.263
226.272
226.267
226.265
226.291
226.368
226.47
226.561
226.633
226.689
226.734
226.78
226.841
226.925
227.028
227.132
227.231
227.328
227.427
227.532
227.643
227.757
227.872
227.986
228.099
228.211
228.324
228.436
228.547
228.658
228.771
228.887
229.006
229.128
229.251
229.374
229.496
229.619
229.74
229.861
229.98
230.097
230.211
230.323
230.43
230.533
230.63
230.722
230.808
230.886
230.957
231.02
231.075
231.122
231.159
231.188
231.207
231.218
231.221
231.215
231.199
231.177
231.146
231.109
231.065
223
223
223
223
223
223
223
223
223
223
223
223
223
223
223
223
223
223
223.001
223.021
223.229
223.929
224.843
225.363
225.472
225.35
224.956
224.642
224.544
224.608
224.998
225.599
226.028
226.207
226.26
226.266
226.262
226.262
226.294
226.375
226.477
226.566
226.635
226.688
226.732
226.778
226.842
226.932
227.037
227.141
227.239
227.334
227.43
227.533
227.642
227.753
227.866
227.977
228.087
228.197
228.307
228.417
228.526
228.634
228.744
228.857
228.973
229.091
229.21
229.329
229.447
229.564
229.68
229.795
229.909
230.02
230.128
230.233
230.334
230.43
230.52
230.605
230.683
230.754
230.817
230.873
230.92
230.959
230.99
231.011
231.024
231.029
231.026
231.013
230.993
230.965
230.93
230.889
230.841
230.788
230.729
230.667
230.599
230.53
230.457
230.383
230.306
230.228
230.149
223
223
223
223
223
223
223
223
223
223
223
223
223
223
223
223
223
223
223.001
223.032
223.296
224.061
224.942
225.381
225.448
225.282
224.878
224.606
224.541
224.663
225.134
225.711
226.071
226.214
226.256
226.26
226.257
226.26
226.296
226.383
226.484
226.57
226.636
226.686
226.729
226.777
226.845
226.938
227.045
227.149
227.246
227.338
227.433
227.534
227.639
227.748
227.858
227.966
228.075
228.182
228.29
228.397
228.503
228.609
228.716
228.826
228.939
229.053
229.168
229.282
229.396
229.508
229.619
229.728
229.836
229.941
230.043
230.142
230.236
230.324
230.408
230.485
230.556
230.62
230.676
230.724
230.764
230.796
230.819
230.834
230.841
230.84
230.83
230.812
230.787
230.755
230.715
230.67
230.619
230.564
230.502
230.438
230.369
230.299
230.224
230.15
230.073
229.995
229.917
229.837
229.757
229.678
229.599
229.522
229.447
229.376
229.309
229.246
229.184
229.117
229.022
223
223
223
223
223
223
223
223
223
223
223
223
223
223
223
223
223
223
223.002
223.047
223.373
224.192
225.025
225.39
225.419
225.207
224.809
224.581
224.546
224.735
225.266
225.805
226.104
226.216
226.251
226.254
226.251
226.257
226.3
226.392
226.492
226.574
226.636
226.685
226.727
226.777
226.849
226.946
227.054
227.157
227.251
227.342
227.435
227.533
227.636
227.742
227.849
227.955
228.061
228.167
228.272
228.377
228.48
228.583
228.687
228.794
228.903
229.014
229.124
229.234
229.343
229.45
229.556
229.66
229.762
229.861
229.957
230.049
230.136
230.218
230.295
230.365
230.428
230.485
230.534
230.575
230.608
230.633
230.649
230.658
230.659
230.651
230.636
230.613
230.583
230.546
230.503
230.454
230.4
230.342
230.278
230.213
230.141
230.07
229.995
229.92
229.843
229.765
229.687
229.607
229.528
229.45
229.371
229.295
229.222
229.152
229.086
229.024
228.963
228.898
228.805
223
223
223
223
223
223
223
223
223
223
223
223
223
223
223
223
223
223
223.003
223.067
223.459
224.319
225.095
225.391
225.382
225.127
224.749
224.568
224.563
224.825
225.39
225.879
226.126
226.216
226.245
226.248
226.245
226.255
226.305
226.4
226.498
226.577
226.636
226.683
226.725
226.777
226.853
226.954
227.062
227.164
227.256
227.344
227.435
227.531
227.632
227.735
227.839
227.943
228.047
228.15
228.253
228.355
228.455
228.555
228.657
228.761
228.867
228.973
229.08
229.185
229.289
229.391
229.492
229.59
229.686
229.779
229.869
229.954
230.035
230.11
230.18
230.243
230.299
230.349
230.39
230.425
230.451
230.469
230.479
230.482
230.477
230.463
230.442
230.414
230.38
230.339
230.292
230.24
230.183
230.122
230.056
229.989
229.916
229.844
229.769
229.693
229.616
229.538
229.46
229.381
229.302
229.224
229.147
229.072
228.999
228.931
228.866
228.805
228.745
228.681
228.59
223
223
223
223
223
223
223
223
223
223
223
223
223
223
223
223
223
223
223.005
223.092
223.553
224.439
225.15
225.389
225.343
225.044
224.697
224.559
224.594
224.931
225.502
225.936
226.14
226.215
226.239
226.242
226.24
226.254
226.311
226.409
226.504
226.578
226.635
226.68
226.723
226.779
226.858
226.961
227.07
227.169
227.26
227.346
227.435
227.529
227.627
227.728
227.829
227.93
228.032
228.133
228.233
228.332
228.43
228.527
228.626
228.727
228.829
228.932
229.034
229.135
229.234
229.331
229.426
229.519
229.609
229.697
229.78
229.859
229.933
230.001
230.064
230.12
230.17
230.212
230.247
230.274
230.294
230.305
230.31
230.307
230.295
230.276
230.25
230.217
230.178
230.134
230.083
230.028
229.969
229.906
229.837
229.768
229.695
229.621
229.545
229.469
229.392
229.313
229.235
229.157
229.078
229.001
228.924
228.85
228.778
228.71
228.647
228.586
228.527
228.464
228.374
223
223
223
223
223
223
223
223
223
223
223
223
223
223
223
223
223
223
223.008
223.123
223.653
224.551
225.192
225.38
225.302
224.964
224.656
224.556
224.638
225.048
225.604
225.978
226.148
226.213
226.234
226.236
226.236
226.254
226.317
226.417
226.508
226.579
226.633
226.678
226.722
226.78
226.864
226.969
227.077
227.174
227.262
227.347
227.434
227.525
227.621
227.719
227.818
227.917
228.016
228.115
228.213
228.309
228.404
228.498
228.594
228.691
228.79
228.889
228.987
229.083
229.177
229.269
229.359
229.447
229.531
229.612
229.689
229.762
229.83
229.891
229.947
229.997
230.039
230.075
230.103
230.124
230.136
230.142
230.141
230.131
230.114
230.09
230.059
230.022
229.979
229.93
229.877
229.819
229.756
229.691
229.621
229.55
229.475
229.401
229.324
229.247
229.17
229.091
229.013
228.935
228.857
228.78
228.704
228.631
228.56
228.493
228.43
228.37
228.311
228.248
228.159
223
223
223
223
223
223
223
223
223
223
223
223
223
223
223
223
223
223
223.013
223.161
223.757
224.652
225.224
225.363
225.257
224.892
224.624
224.558
224.694
225.164
225.691
226.01
226.152
226.21
226.229
226.231
226.232
226.254
226.323
226.423
226.512
226.579
226.631
226.675
226.721
226.783
226.871
226.977
227.083
227.178
227.264
227.347
227.432
227.521
227.615
227.71
227.807
227.903
227.999
228.096
228.191
228.285
228.377
228.468
228.561
228.655
228.751
228.846
228.939
229.031
229.12
229.207
229.291
229.373
229.452
229.527
229.598
229.665
229.726
229.781
229.83
229.873
229.909
229.938
229.959
229.973
229.98
229.98
229.972
229.956
229.934
229.905
229.87
229.828
229.781
229.729
229.672
229.612
229.547
229.479
229.407
229.335
229.259
229.184
229.107
229.029
228.951
228.872
228.794
228.716
228.638
228.562
228.486
228.413
228.343
228.276
228.214
228.155
228.096
228.034
227.946
223
223
223
223
223
223
223
223
223
223
223
223
223
223
223
223
223
223.001
223.018
223.206
223.864
224.744
225.245
225.342
225.202
224.83
224.602
224.567
224.764
225.275
225.762
226.033
226.154
226.207
226.224
226.225
226.228
226.254
226.328
226.429
226.514
226.578
226.628
226.672
226.721
226.787
226.877
226.984
227.088
227.181
227.264
227.346
227.429
227.517
227.608
227.701
227.795
227.888
227.983
228.077
228.169
228.26
228.349
228.438
228.528
228.619
228.71
228.801
228.89
228.977
229.061
229.143
229.223
229.299
229.372
229.441
229.506
229.566
229.621
229.67
229.712
229.748
229.778
229.8
229.815
229.823
229.824
229.818
229.803
229.783
229.755
229.721
229.682
229.636
229.586
229.53
229.47
229.407
229.339
229.27
229.196
229.122
229.045
228.969
228.891
228.813
228.735
228.656
228.578
228.5
228.422
228.346
228.271
228.198
228.128
228.062
228
227.942
227.884
227.822
227.735
223
223
223
223
223
223
223
223
223
223
223
223
223
223
223
223
223
223.001
223.026
223.258
223.971
224.823
225.258
225.319
225.142
224.776
224.59
224.588
224.846
225.375
225.819
226.05
226.156
226.204
226.219
226.22
226.224
226.255
226.334
226.434
226.516
226.576
226.625
226.67
226.721
226.791
226.884
226.99
227.092
227.182
227.265
227.344
227.426
227.512
227.6
227.691
227.782
227.874
227.965
228.057
228.147
228.235
228.321
228.407
228.494
228.581
228.669
228.756
228.841
228.923
229.002
229.079
229.153
229.224
229.291
229.355
229.413
229.467
229.516
229.558
229.594
229.624
229.647
229.662
229.671
229.674
229.669
229.656
229.636
229.611
229.578
229.54
229.496
229.446
229.392
229.333
229.27
229.205
229.135
229.063
228.988
228.913
228.835
228.757
228.679
228.6
228.522
228.442
228.364
228.286
228.208
228.132
228.057
227.985
227.916
227.85
227.789
227.73
227.673
227.611
227.524
223
223
223
223
223
223
223
223
223
223
223
223
223
223
223
223
223
223.001
223.037
223.316
224.077
224.894
225.263
225.29
225.079
224.732
224.583
224.618
224.938
225.467
225.863
226.061
226.156
226.201
226.214
226.214
226.219
226.256
226.339
226.438
226.516
226.574
226.622
226.669
226.723
226.795
226.89
226.996
227.095
227.183
227.264
227.342
227.422
227.506
227.592
227.681
227.769
227.858
227.948
228.037
228.124
228.209
228.293
228.375
228.459
228.543
228.627
228.71
228.79
228.868
228.943
229.014
229.083
229.148
229.21
229.267
229.32
229.368
229.41
229.446
229.475
229.499
229.515
229.525
229.528
229.524
229.513
229.495
229.47
229.439
229.402
229.359
229.311
229.258
229.2
229.139
229.073
229.005
228.932
228.859
228.782
228.706
228.627
228.549
228.47
228.39
228.311
228.232
228.153
228.075
227.998
227.922
227.847
227.775
227.706
227.641
227.58
227.522
227.464
227.403
227.317
223
223
223
223
223
223
223
223
223
223
223
223
223
223
223
223
223
223.002
223.05
223.381
224.181
224.953
225.263
225.256
225.017
224.697
224.582
224.656
225.035
225.548
225.896
226.069
226.156
226.198
226.209
226.208
226.215
226.257
226.344
226.442
226.516
226.572
226.62
226.668
226.725
226.8
226.897
227.001
227.098
227.184
227.262
227.339
227.418
227.5
227.584
227.67
227.756
227.843
227.93
228.016
228.101
228.183
228.263
228.343
228.424
228.504
228.585
228.663
228.739
228.812
228.882
228.949
229.012
229.072
229.128
229.18
229.226
229.268
229.304
229.334
229.357
229.374
229.384
229.388
229.386
229.376
229.359
229.335
229.306
229.27
229.228
229.181
229.129
229.072
229.011
228.947
228.878
228.808
228.733
228.658
228.58
228.502
228.422
228.343
228.263
228.183
228.103
228.024
227.945
227.867
227.789
227.713
227.639
227.567
227.498
227.434
227.372
227.315
227.258
227.196
227.111
223
223
223
223
223
223
223
223
223
223
223
223
223
223
223
223
223
223.003
223.066
223.451
224.28
225.002
225.26
225.222
224.955
224.671
224.585
224.703
225.132
225.619
225.922
226.074
226.155
226.194
226.203
226.202
226.212
226.259
226.35
226.444
226.516
226.57
226.618
226.667
226.727
226.806
226.902
227.005
227.1
227.183
227.26
227.336
227.413
227.493
227.575
227.659
227.743
227.827
227.911
227.995
228.077
228.157
228.234
228.311
228.388
228.465
228.542
228.616
228.688
228.756
228.821
228.883
228.941
228.995
229.046
229.091
229.132
229.168
229.197
229.221
229.238
229.249
229.254
229.252
229.243
229.227
229.205
229.177
229.142
229.102
229.056
229.005
228.949
228.889
228.824
228.757
228.686
228.613
228.537
228.46
228.38
228.301
228.22
228.14
228.06
227.978
227.899
227.819
227.74
227.662
227.584
227.508
227.434
227.362
227.294
227.229
227.169
227.111
227.054
226.992
226.907
223
223
223
223
223
223
223
223
223
223
223
223
223
223
223
223
223
223.005
223.086
223.526
224.373
225.04
225.253
225.187
224.896
224.65
224.594
224.76
225.223
225.678
225.942
226.077
226.153
226.19
226.197
226.196
226.209
226.262
226.355
226.447
226.515
226.567
226.616
226.668
226.73
226.811
226.908
227.008
227.1
227.182
227.258
227.332
227.408
227.486
227.567
227.648
227.729
227.811
227.893
227.974
228.053
228.13
228.204
228.278
228.352
228.425
228.498
228.569
228.636
228.7
228.76
228.817
228.87
228.919
228.963
229.003
229.038
229.068
229.091
229.109
229.12
229.126
229.125
229.117
229.102
229.081
229.053
229.02
228.98
228.935
228.885
228.83
228.771
228.707
228.64
228.57
228.496
228.421
228.343
228.265
228.183
228.103
228.022
227.94
227.859
227.778
227.697
227.617
227.538
227.46
227.382
227.306
227.232
227.16
227.092
227.028
226.967
226.909
226.852
226.791
226.707
223
223
223
223
223
223
223
223
223
223
223
223
223
223
223
223
223
223.007
223.11
223.605
224.46
225.07
225.24
225.151
224.843
224.637
224.611
224.825
225.307
225.726
225.957
226.079
226.151
226.185
226.191
226.191
226.207
226.265
226.36
226.448
226.513
226.565
226.615
226.668
226.734
226.816
226.912
227.011
227.101
227.181
227.255
227.327
227.402
227.479
227.557
227.636
227.715
227.794
227.874
227.953
228.029
228.103
228.174
228.245
228.315
228.385
228.454
228.521
228.584
228.643
228.698
228.75
228.798
228.841
228.88
228.915
228.944
228.967
228.985
228.997
229.003
229.003
228.995
228.981
228.961
228.935
228.902
228.864
228.82
228.771
228.717
228.658
228.595
228.528
228.458
228.386
228.31
228.233
228.152
228.072
227.99
227.908
227.826
227.744
227.662
227.58
227.499
227.419
227.339
227.261
227.183
227.107
227.033
226.962
226.894
226.83
226.769
226.712
226.655
226.594
226.509
223
223
223
223
223
223
223
223
223
223
223
223
223
223
223
223
223
223.01
223.139
223.686
224.539
225.092
225.223
225.113
224.798
224.628
224.635
224.896
225.382
225.764
225.969
226.081
226.149
226.181
226.186
226.186
226.205
226.269
226.364
226.449
226.511
226.563
226.614
226.67
226.737
226.82
226.916
227.013
227.101
227.179
227.251
227.323
227.396
227.472
227.548
227.625
227.701
227.778
227.855
227.931
228.005
228.075
228.144
228.211
228.278
228.345
228.41
228.472
228.531
228.586
228.636
228.683
228.726
228.764
228.797
228.826
228.85
228.868
228.88
228.886
228.886
228.88
228.866
228.847
228.822
228.79
228.753
228.71
228.662
228.608
228.55
228.488
228.422
228.352
228.279
228.204
228.126
228.047
227.964
227.883
227.8
227.717
227.634
227.55
227.468
227.385
227.304
227.224
227.144
227.065
226.987
226.911
226.837
226.766
226.698
226.634
226.574
226.517
226.46
226.399
226.315
223
223
223
223
223
223
223
223
223
223
223
223
223
223
223
223
223
223.014
223.171
223.768
224.611
225.108
225.204
225.071
224.762
224.624
224.664
224.974
225.45
225.794
225.977
226.082
226.147
226.176
226.18
226.181
226.204
226.272
226.368
226.449
226.509
226.561
226.613
226.672
226.741
226.825
226.919
227.014
227.1
227.176
227.247
227.318
227.39
227.464
227.539
227.613
227.687
227.762
227.836
227.91
227.98
228.048
228.113
228.178
228.242
228.305
228.366
228.424
228.478
228.528
228.574
228.616
228.653
228.686
228.714
228.738
228.756
228.768
228.774
228.775
228.769
228.757
228.738
228.714
228.683
228.647
228.605
228.557
228.505
228.447
228.386
228.32
228.25
228.178
228.102
228.025
227.945
227.864
227.78
227.697
227.612
227.528
227.444
227.36
227.277
227.194
227.112
227.032
226.951
226.873
226.795
226.719
226.646
226.575
226.507
226.443
226.383
226.326
226.27
226.209
226.126
223
223
223
223
223
222.999
222.999
222.999
223
223
223
223
223
223
223
223
223.001
223.019
223.208
223.85
224.675
225.118
225.183
225.027
224.735
224.624
224.697
225.052
225.51
225.818
225.982
226.082
226.145
226.172
226.174
226.176
226.203
226.276
226.371
226.449
226.507
226.559
226.613
226.674
226.744
226.828
226.922
227.015
227.099
227.173
227.243
227.313
227.384
227.456
227.529
227.601
227.673
227.745
227.818
227.888
227.956
228.02
228.083
228.144
228.205
228.264
228.321
228.375
228.425
228.471
228.512
228.549
228.581
228.609
228.632
228.65
228.662
228.669
228.67
228.665
228.653
228.636
228.612
228.582
228.547
228.505
228.459
228.407
228.35
228.289
228.224
228.155
228.082
228.007
227.929
227.849
227.766
227.684
227.598
227.514
227.428
227.343
227.259
227.174
227.09
227.007
226.924
226.844
226.763
226.684
226.607
226.531
226.457
226.386
226.319
226.255
226.195
226.138
226.082
226.022
225.937
223
223
223
222.998
222.995
222.993
222.993
222.996
222.999
223
223
223
223
223
223
223
223.001
223.025
223.249
223.932
224.733
225.122
225.16
224.985
224.714
224.628
224.736
225.129
225.563
225.836
225.986
226.082
226.143
226.167
226.168
226.172
226.202
226.279
226.373
226.448
226.505
226.557
226.614
226.676
226.748
226.832
226.924
227.015
227.097
227.17
227.239
227.307
227.377
227.448
227.519
227.589
227.659
227.729
227.799
227.867
227.931
227.993
228.052
228.11
228.168
228.224
228.277
228.327
228.372
228.413
228.45
228.482
228.509
228.532
228.549
228.561
228.568
228.57
228.566
228.555
228.538
228.515
228.486
228.451
228.411
228.365
228.314
228.258
228.198
228.133
228.064
227.992
227.916
227.838
227.758
227.676
227.591
227.507
227.42
227.335
227.248
227.162
227.076
226.99
226.906
226.822
226.74
226.659
226.578
226.499
226.422
226.346
226.273
226.202
226.135
226.072
226.012
225.955
225.899
225.839
225.756
223
222.999
222.995
222.983
222.973
222.971
222.98
222.991
222.998
223
223
223
223
223
223
223
223.001
223.033
223.293
224.012
224.783
225.122
225.135
224.944
224.699
224.636
224.781
225.2
225.608
225.85
225.988
226.082
226.14
226.162
226.162
226.167
226.202
226.283
226.375
226.447
226.503
226.556
226.615
226.679
226.751
226.835
226.926
227.015
227.095
227.166
227.234
227.301
227.37
227.44
227.51
227.578
227.645
227.713
227.78
227.845
227.907
227.965
228.022
228.077
228.131
228.183
228.232
228.278
228.319
228.356
228.388
228.415
228.437
228.455
228.467
228.474
228.476
228.472
228.462
228.446
228.424
228.396
228.362
228.323
228.277
228.227
228.172
228.112
228.047
227.979
227.907
227.832
227.753
227.673
227.59
227.506
227.419
227.333
227.245
227.158
227.071
226.984
226.898
226.811
226.727
226.642
226.559
226.478
226.397
226.318
226.241
226.165
226.092
226.021
225.954
225.891
225.832
225.776
225.72
225.661
225.578
222.999
222.988
222.959
222.928
222.917
222.932
222.961
222.984
222.995
222.999
223
223
223
223
223
223
223.002
223.042
223.341
224.09
224.826
225.12
225.108
224.905
224.689
224.649
224.832
225.265
225.645
225.862
225.99
226.082
226.138
226.156
226.156
226.163
226.202
226.286
226.376
226.445
226.501
226.555
226.616
226.682
226.755
226.837
226.927
227.014
227.092
227.162
227.229
227.295
227.364
227.432
227.5
227.566
227.631
227.696
227.761
227.823
227.882
227.938
227.991
228.043
228.094
228.142
228.188
228.23
228.267
228.299
228.326
228.348
228.366
228.378
228.385
228.387
228.384
228.374
228.359
228.338
228.311
228.278
228.239
228.195
228.145
228.09
228.031
227.967
227.899
227.827
227.752
227.674
227.593
227.51
227.425
227.339
227.251
227.163
227.074
226.986
226.897
226.809
226.722
226.635
226.55
226.465
226.382
226.301
226.22
226.141
226.064
225.988
225.915
225.845
225.779
225.716
225.657
225.601
225.545
225.485
225.402
222.986
222.927
222.86
222.825
222.836
222.883
222.936
222.973
222.991
222.998
223
223
223
223
223
223
223.002
223.053
223.393
224.165
224.862
225.116
225.082
224.868
224.684
224.667
224.885
225.324
225.675
225.87
225.992
226.081
226.134
226.151
226.15
226.159
226.203
226.289
226.377
226.444
226.499
226.555
226.618
226.685
226.758
226.839
226.927
227.012
227.089
227.158
227.224
227.289
227.357
227.424
227.49
227.554
227.617
227.68
227.742
227.802
227.858
227.911
227.961
228.009
228.057
228.102
228.144
228.181
228.214
228.242
228.264
228.282
228.294
228.302
228.304
228.301
228.292
228.278
228.257
228.231
228.199
228.161
228.118
228.069
228.015
227.956
227.893
227.825
227.753
227.678
227.6
227.519
227.436
227.351
227.263
227.175
227.085
226.996
226.906
226.816
226.727
226.638
226.551
226.463
226.377
226.293
226.209
226.128
226.047
225.968
225.89
225.815
225.742
225.672
225.606
225.544
225.485
225.429
225.374
225.315
225.234
222.921
222.788
222.707
222.696
222.745
222.831
222.907
222.958
222.985
222.996
223
223
223
223
223
223
223.003
223.067
223.447
224.236
224.892
225.109
225.056
224.834
224.681
224.69
224.942
225.377
225.699
225.877
225.993
226.08
226.131
226.146
226.145
226.156
226.204
226.292
226.378
226.443
226.498
226.555
226.62
226.687
226.76
226.841
226.927
227.011
227.086
227.154
227.219
227.283
227.349
227.415
227.48
227.542
227.604
227.664
227.724
227.781
227.834
227.883
227.93
227.976
228.02
228.061
228.099
228.133
228.162
228.185
228.203
228.216
228.224
228.226
228.224
228.215
228.201
228.182
228.156
228.125
228.088
228.046
227.998
227.944
227.886
227.823
227.756
227.685
227.61
227.532
227.45
227.367
227.281
227.194
227.104
227.015
226.923
226.833
226.741
226.651
226.561
226.471
226.383
226.294
226.208
226.123
226.04
225.958
225.877
225.799
225.721
225.646
225.574
225.504
225.439
225.377
225.318
225.263
225.208
225.149
225.069
222.761
222.601
222.538
222.565
222.658
222.775
222.872
222.938
222.976
222.994
222.999
223
223
223
223
223
223.005
223.082
223.503
224.302
224.915
225.1
225.032
224.806
224.681
224.716
225.002
225.423
225.718
225.882
225.994
226.08
226.128
226.14
226.139
226.153
226.205
226.295
226.378
226.441
226.496
226.555
226.621
226.69
226.762
226.842
226.927
227.009
227.083
227.15
227.213
227.277
227.342
227.407
227.47
227.531
227.59
227.648
227.705
227.759
227.81
227.856
227.9
227.943
227.983
228.021
228.056
228.085
228.11
228.129
228.142
228.15
228.154
228.152
228.144
228.131
228.112
228.087
228.057
228.021
227.979
227.932
227.879
227.822
227.76
227.693
227.622
227.547
227.469
227.388
227.304
227.218
227.13
227.04
226.949
226.858
226.764
226.673
226.58
226.489
226.398
226.307
226.219
226.13
226.044
225.959
225.875
225.793
225.712
225.633
225.556
225.481
225.409
225.34
225.274
225.213
225.155
225.099
225.045
224.986
224.906
222.519
222.415
222.38
222.443
222.575
222.715
222.831
222.914
222.965
222.99
222.998
223
223
223
223
223
223.006
223.1
223.56
224.364
224.934
225.089
225.008
224.783
224.681
224.744
225.061
225.465
225.733
225.885
225.995
226.079
226.124
226.134
226.134
226.15
226.207
226.297
226.377
226.439
226.495
226.556
226.623
226.692
226.764
226.843
226.926
227.007
227.08
227.145
227.208
227.271
227.335
227.399
227.46
227.519
227.577
227.633
227.687
227.738
227.786
227.829
227.871
227.91
227.947
227.982
228.012
228.037
228.058
228.072
228.082
228.086
228.085
228.077
228.065
228.046
228.023
227.993
227.958
227.917
227.871
227.82
227.763
227.701
227.635
227.565
227.49
227.412
227.331
227.247
227.16
227.072
226.981
226.89
226.796
226.704
226.609
226.517
226.423
226.331
226.239
226.147
226.058
225.969
225.882
225.797
225.713
225.631
225.551
225.472
225.395
225.321
225.249
225.18
225.115
225.054
224.996
224.941
224.887
224.83
224.75
222.244
222.237
222.236
222.332
222.492
222.651
222.785
222.887
222.952
222.985
222.997
223
223
223
223
223
223.008
223.12
223.619
224.421
224.949
225.075
224.985
224.766
224.684
224.774
225.118
225.502
225.744
225.887
225.996
226.078
226.12
226.129
226.129
226.148
226.208
226.298
226.377
226.438
226.494
226.557
226.625
226.694
226.766
226.843
226.925
227.004
227.076
227.141
227.202
227.264
227.328
227.391
227.451
227.508
227.563
227.617
227.669
227.718
227.762
227.803
227.841
227.877
227.911
227.942
227.969
227.99
228.006
228.017
228.022
228.022
228.016
228.004
227.986
227.963
227.935
227.901
227.861
227.816
227.765
227.709
227.648
227.583
227.513
227.439
227.361
227.28
227.195
227.109
227.019
226.929
226.836
226.743
226.648
226.553
226.457
226.363
226.269
226.175
226.083
225.991
225.902
225.813
225.725
225.64
225.556
225.474
225.393
225.315
225.238
225.164
225.092
225.023
224.959
224.898
224.841
224.786
224.732
224.675
224.596
221.981
222.054
222.1
222.229
222.408
222.583
222.736
222.856
222.936
222.978
222.995
222.999
223
223
223
223
223.01
223.142
223.678
224.474
224.96
225.06
224.962
224.753
224.69
224.807
225.172
225.534
225.753
225.889
225.997
226.077
226.116
226.123
226.124
226.145
226.21
226.3
226.376
226.436
226.494
226.558
226.627
226.696
226.767
226.844
226.924
227.002
227.072
227.136
227.197
227.258
227.321
227.382
227.441
227.497
227.55
227.602
227.651
227.697
227.739
227.777
227.812
227.845
227.876
227.903
227.926
227.943
227.955
227.962
227.963
227.958
227.947
227.931
227.909
227.881
227.848
227.809
227.765
227.716
227.661
227.601
227.536
227.466
227.393
227.315
227.234
227.15
227.063
226.973
226.882
226.789
226.694
226.599
226.502
226.406
226.31
226.214
226.119
226.025
225.932
225.839
225.749
225.659
225.572
225.486
225.402
225.32
225.24
225.161
225.085
225.011
224.94
224.872
224.807
224.747
224.69
224.636
224.582
224.526
224.447
221.73
221.877
221.968
222.126
222.322
222.514
222.685
222.823
222.917
222.97
222.993
222.999
223
223
223
223
223.013
223.166
223.737
224.522
224.968
225.046
224.939
224.744
224.698
224.843
225.22
225.56
225.761
225.89
225.997
226.075
226.112
226.118
226.119
226.144
226.211
226.3
226.375
226.435
226.493
226.559
226.629
226.698
226.768
226.843
226.922
226.999
227.068
227.131
227.191
227.252
227.314
227.374
227.432
227.486
227.537
227.587
227.634
227.677
227.716
227.751
227.784
227.814
227.841
227.864
227.883
227.897
227.905
227.908
227.905
227.895
227.88
227.859
227.832
227.801
227.763
227.72
227.671
227.617
227.558
227.494
227.425
227.352
227.275
227.194
227.11
227.023
226.933
226.841
226.747
226.652
226.555
226.458
226.36
226.263
226.165
226.068
225.972
225.877
225.784
225.691
225.6
225.511
225.423
225.337
225.253
225.171
225.091
225.012
224.936
224.862
224.791
224.723
224.659
224.599
224.542
224.489
224.435
224.38
224.302
221.482
221.712
221.84
222.021
222.233
222.442
222.632
222.787
222.897
222.961
222.99
222.998
223
223
223
223
223.017
223.193
223.796
224.566
224.972
225.031
224.916
224.739
224.71
224.881
225.264
225.583
225.766
225.892
225.998
226.074
226.108
226.112
226.115
226.142
226.213
226.301
226.373
226.433
226.493
226.56
226.63
226.699
226.768
226.843
226.921
226.996
227.064
227.126
227.186
227.246
227.307
227.366
227.423
227.475
227.525
227.572
227.617
227.657
227.693
227.726
227.755
227.782
227.806
227.826
227.841
227.851
227.855
227.854
227.846
227.832
227.813
227.788
227.757
227.721
227.679
227.631
227.579
227.52
227.457
227.389
227.317
227.24
227.159
227.075
226.988
226.898
226.806
226.711
226.615
226.518
226.419
226.321
226.221
226.123
226.024
225.927
225.83
225.734
225.64
225.546
225.455
225.365
225.277
225.191
225.107
225.025
224.945
224.867
224.791
224.717
224.646
224.579
224.516
224.456
224.4
224.346
224.293
224.237
224.159
221.23
221.556
221.716
221.917
222.145
222.37
222.577
222.749
222.874
222.95
222.986
222.998
223
223
223
223.001
223.021
223.221
223.853
224.605
224.975
225.016
224.895
224.737
224.724
224.92
225.304
225.601
225.771
225.893
225.999
226.072
226.103
226.107
226.111
226.141
226.214
226.301
226.372
226.432
226.493
226.561
226.631
226.7
226.768
226.842
226.919
226.993
227.06
227.121
227.18
227.239
227.3
227.358
227.413
227.464
227.512
227.557
227.6
227.638
227.671
227.701
227.727
227.751
227.771
227.788
227.799
227.806
227.807
227.801
227.789
227.771
227.747
227.718
227.683
227.642
227.596
227.545
227.488
227.426
227.359
227.287
227.211
227.131
227.047
226.96
226.869
226.777
226.682
226.585
226.487
226.388
226.287
226.188
226.086
225.987
225.886
225.788
225.69
225.594
225.499
225.405
225.314
225.224
225.136
225.05
224.966
224.884
224.803
224.725
224.649
224.576
224.505
224.438
224.375
224.315
224.259
224.206
224.153
224.098
224.022
220.977
221.406
221.595
221.814
222.056
222.297
222.521
222.709
222.849
222.937
222.981
222.997
223
223
223
223.001
223.026
223.252
223.909
224.64
224.975
225.001
224.875
224.737
224.742
224.96
225.339
225.616
225.775
225.894
225.999
226.071
226.099
226.102
226.107
226.14
226.215
226.301
226.371
226.431
226.493
226.562
226.632
226.7
226.768
226.841
226.917
226.99
227.056
227.117
227.175
227.233
227.293
227.35
227.404
227.454
227.5
227.543
227.583
227.618
227.649
227.676
227.7
227.72
227.737
227.75
227.758
227.761
227.758
227.748
227.732
227.71
227.683
227.649
227.61
227.565
227.515
227.459
227.398
227.333
227.262
227.186
227.107
227.023
226.936
226.846
226.753
226.658
226.561
226.462
226.361
226.261
226.158
226.057
225.954
225.854
225.753
225.654
225.556
225.458
225.363
225.269
225.176
225.086
224.997
224.911
224.827
224.745
224.665
224.587
224.512
224.439
224.369
224.302
224.239
224.18
224.124
224.071
224.018
223.963
223.886
220.722
221.262
221.478
221.712
221.968
222.224
222.463
222.668
222.823
222.923
222.975
222.995
223
223
223
223.001
223.032
223.284
223.964
224.671
224.974
224.986
224.859
224.738
224.76
225.001
225.37
225.628
225.778
225.896
226
226.069
226.095
226.097
226.104
226.14
226.216
226.301
226.369
226.43
226.493
226.563
226.633
226.7
226.767
226.839
226.914
226.987
227.052
227.112
227.169
227.227
227.286
227.343
227.395
227.444
227.488
227.529
227.567
227.6
227.628
227.652
227.673
227.69
227.704
227.713
227.718
227.717
227.71
227.697
227.677
227.651
227.619
227.582
227.538
227.49
227.436
227.376
227.311
227.242
227.167
227.088
227.006
226.919
226.829
226.736
226.64
226.542
226.443
226.342
226.239
226.137
226.033
225.931
225.827
225.725
225.623
225.523
225.424
225.325
225.23
225.135
225.043
224.953
224.864
224.778
224.694
224.612
224.532
224.454
224.378
224.305
224.235
224.168
224.105
224.047
223.991
223.938
223.886
223.832
223.755
220.466
221.124
221.363
221.612
221.88
222.15
222.406
222.626
222.795
222.908
222.969
222.993
222.999
223
223
223.002
223.039
223.318
224.017
224.699
224.971
224.97
224.844
224.74
224.779
225.042
225.398
225.637
225.78
225.897
226.001
226.067
226.09
226.092
226.1
226.14
226.217
226.3
226.368
226.429
226.493
226.564
226.634
226.7
226.766
226.838
226.912
226.984
227.049
227.108
227.164
227.221
227.279
227.335
227.387
227.433
227.476
227.515
227.551
227.581
227.607
227.628
227.646
227.66
227.67
227.677
227.678
227.674
227.663
227.646
227.622
227.592
227.556
227.515
227.468
227.415
227.357
227.294
227.226
227.153
227.075
226.993
226.906
226.817
226.724
226.628
226.53
226.43
226.328
226.225
226.121
226.017
225.911
225.807
225.702
225.6
225.497
225.396
225.297
225.198
225.102
225.007
224.913
224.823
224.734
224.648
224.563
224.481
224.401
224.323
224.248
224.175
224.106
224.04
223.977
223.918
223.863
223.81
223.758
223.704
223.628
220.21
220.992
221.251
221.512
221.794
222.078
222.348
222.583
222.766
222.892
222.962
222.991
222.999
223
223
223.002
223.046
223.353
224.067
224.723
224.968
224.956
224.832
224.743
224.8
225.081
225.423
225.645
225.782
225.899
226.002
226.065
226.086
226.087
226.097
226.139
226.218
226.3
226.367
226.428
226.494
226.565
226.634
226.7
226.765
226.836
226.91
226.981
227.045
227.103
227.159
227.216
227.273
227.328
227.378
227.423
227.465
227.502
227.535
227.563
227.586
227.605
227.619
227.63
227.638
227.641
227.639
227.631
227.616
227.596
227.568
227.535
227.495
227.45
227.399
227.343
227.281
227.214
227.142
227.066
226.985
226.899
226.81
226.717
226.622
226.523
226.423
226.32
226.216
226.112
226.005
225.9
225.793
225.688
225.582
225.478
225.375
225.273
225.172
225.073
224.976
224.881
224.788
224.697
224.609
224.522
224.438
224.356
224.276
224.198
224.122
224.049
223.979
223.913
223.851
223.792
223.737
223.684
223.632
223.577
223.501
219.955
220.865
221.142
221.414
221.708
222.006
222.29
222.539
222.736
222.874
222.953
222.988
222.998
223
223
223.003
223.055
223.389
224.116
224.743
224.964
224.942
224.821
224.747
224.822
225.118
225.446
225.652
225.784
225.901
226.002
226.062
226.082
226.083
226.094
226.139
226.218
226.299
226.366
226.428
226.495
226.566
226.634
226.699
226.764
226.834
226.907
226.978
227.041
227.099
227.154
227.21
227.266
227.32
227.37
227.414
227.453
227.489
227.52
227.545
227.566
227.581
227.593
227.601
227.606
227.606
227.6
227.589
227.571
227.547
227.516
227.478
227.435
227.386
227.332
227.272
227.207
227.136
227.061
226.981
226.896
226.808
226.716
226.621
226.522
226.422
226.319
226.214
226.108
226.002
225.894
225.787
225.678
225.572
225.465
225.361
225.257
225.154
225.053
224.954
224.856
224.76
224.667
224.575
224.486
224.4
224.315
224.233
224.153
224.075
224
223.927
223.858
223.792
223.73
223.672
223.616
223.564
223.512
223.458
223.383
219.699
220.742
221.035
221.318
221.624
221.935
222.232
222.494
222.705
222.855
222.944
222.985
222.998
223
223
223.003
223.064
223.426
224.161
224.761
224.96
224.93
224.812
224.752
224.844
225.153
225.465
225.657
225.786
225.903
226.003
226.06
226.077
226.078
226.091
226.138
226.218
226.299
226.365
226.428
226.495
226.567
226.635
226.698
226.762
226.832
226.905
226.975
227.037
227.094
227.149
227.205
227.26
227.313
227.361
227.404
227.442
227.476
227.504
227.528
227.545
227.559
227.568
227.573
227.574
227.571
227.563
227.548
227.526
227.499
227.464
227.424
227.377
227.324
227.266
227.203
227.134
227.06
226.982
226.898
226.811
226.72
226.625
226.527
226.426
226.323
226.218
226.111
226.003
225.895
225.786
225.678
225.568
225.461
225.353
225.247
225.142
225.038
224.937
224.837
224.739
224.643
224.549
224.458
224.369
224.283
224.198
224.116
224.036
223.958
223.882
223.809
223.74
223.674
223.611
223.553
223.498
223.446
223.394
223.34
223.264
219.445
220.623
220.931
221.224
221.541
221.865
222.175
222.45
222.674
222.836
222.935
222.982
222.997
223
223
223.004
223.075
223.464
224.205
224.776
224.955
224.919
224.805
224.758
224.868
225.186
225.482
225.661
225.787
225.905
226.003
226.057
226.073
226.073
226.088
226.138
226.218
226.298
226.364
226.428
226.496
226.567
226.634
226.697
226.761
226.83
226.903
226.972
227.034
227.09
227.145
227.199
227.254
227.306
227.353
227.395
227.431
227.463
227.489
227.51
227.526
227.536
227.543
227.545
227.544
227.537
227.525
227.507
227.483
227.452
227.414
227.37
227.319
227.263
227.202
227.135
227.063
226.986
226.904
226.818
226.728
226.634
226.536
226.436
226.333
226.227
226.12
226.012
225.902
225.793
225.682
225.572
225.461
225.353
225.244
225.137
225.032
224.928
224.826
224.726
224.627
224.531
224.436
224.345
224.255
224.168
224.083
224.001
223.921
223.843
223.768
223.696
223.626
223.561
223.499
223.44
223.385
223.333
223.281
223.226
223.151
219.19
220.507
220.829
221.132
221.461
221.796
222.118
222.405
222.642
222.815
222.924
222.978
222.996
223
223
223.005
223.086
223.502
224.246
224.788
224.949
224.909
224.8
224.765
224.893
225.215
225.497
225.665
225.789
225.906
226.003
226.054
226.068
226.069
226.085
226.137
226.218
226.297
226.364
226.428
226.497
226.568
226.634
226.696
226.759
226.828
226.9
226.969
227.03
227.086
227.14
227.194
227.248
227.299
227.345
227.386
227.421
227.45
227.475
227.493
227.506
227.514
227.518
227.518
227.514
227.504
227.489
227.468
227.44
227.406
227.365
227.317
227.264
227.204
227.139
227.069
226.994
226.914
226.829
226.74
226.647
226.55
226.45
226.348
226.242
226.135
226.026
225.916
225.805
225.694
225.581
225.471
225.359
225.25
225.14
225.032
224.926
224.821
224.718
224.617
224.518
224.422
224.328
224.236
224.147
224.06
223.975
223.892
223.812
223.734
223.658
223.586
223.516
223.45
223.388
223.33
223.275
223.222
223.171
223.117
223.042
218.936
220.395
220.73
221.043
221.383
221.729
222.062
222.361
222.609
222.794
222.913
222.973
222.995
223
223
223.006
223.099
223.54
224.284
224.799
224.943
224.9
224.796
224.773
224.918
225.243
225.509
225.668
225.79
225.908
226.002
226.051
226.063
226.064
226.082
226.136
226.218
226.296
226.363
226.428
226.497
226.568
226.633
226.695
226.757
226.826
226.898
226.966
227.027
227.082
227.136
227.189
227.242
227.292
227.337
227.376
227.41
227.438
227.46
227.476
227.487
227.493
227.494
227.491
227.484
227.472
227.454
227.43
227.399
227.361
227.317
227.266
227.209
227.147
227.079
227.005
226.927
226.844
226.756
226.665
226.569
226.47
226.368
226.262
226.155
226.046
225.935
225.824
225.711
225.599
225.485
225.373
225.26
225.15
225.039
224.931
224.825
224.719
224.616
224.515
224.416
224.319
224.224
224.131
224.042
223.954
223.869
223.786
223.706
223.628
223.553
223.481
223.411
223.346
223.284
223.226
223.17
223.118
223.065
223.011
222.934
218.683
220.287
220.635
220.957
221.307
221.663
222.006
222.316
222.576
222.773
222.901
222.968
222.994
222.999
223
223.008
223.112
223.578
224.32
224.808
224.937
224.891
224.793
224.783
224.943
225.267
225.52
225.671
225.792
225.91
226.002
226.048
226.059
226.06
226.079
226.135
226.217
226.295
226.363
226.428
226.498
226.568
226.633
226.693
226.756
226.824
226.896
226.964
227.024
227.079
227.131
227.184
227.237
227.286
227.33
227.367
227.399
227.426
227.446
227.46
227.469
227.472
227.471
227.465
227.456
227.441
227.42
227.393
227.359
227.318
227.27
227.216
227.157
227.091
227.02
226.944
226.862
226.777
226.686
226.592
226.494
226.392
226.288
226.181
226.072
225.961
225.848
225.735
225.62
225.507
225.392
225.28
225.166
225.055
224.944
224.835
224.727
224.621
224.517
224.415
224.316
224.219
224.124
224.032
223.942
223.855
223.77
223.687
223.606
223.528
223.452
223.38
223.31
223.244
223.182
223.124
223.069
223.016
222.965
222.911
222.836
218.431
220.181
220.543
220.873
221.233
221.599
221.952
222.272
222.543
222.751
222.889
222.963
222.992
222.999
223
223.009
223.126
223.616
224.353
224.815
224.931
224.883
224.792
224.794
224.968
225.289
225.529
225.673
225.793
225.911
226.001
226.045
226.054
226.055
226.076
226.135
226.217
226.295
226.362
226.428
226.498
226.567
226.632
226.692
226.754
226.822
226.893
226.961
227.021
227.075
227.127
227.18
227.231
227.279
227.322
227.358
227.389
227.413
227.432
227.444
227.451
227.452
227.449
227.44
227.428
227.41
227.387
227.356
227.319
227.276
227.225
227.168
227.105
227.037
226.963
226.884
226.8
226.711
226.618
226.522
226.421
226.317
226.211
226.102
225.991
225.878
225.764
225.65
225.535
225.42
225.304
225.19
225.076
224.963
224.852
224.742
224.634
224.528
224.424
224.322
224.222
224.125
224.029
223.937
223.846
223.758
223.673
223.59
223.51
223.432
223.356
223.284
223.215
223.149
223.087
223.029
222.974
222.921
222.868
222.813
222.737
218.18
220.08
220.454
220.792
221.16
221.536
221.898
222.229
222.51
222.728
222.876
222.957
222.991
222.999
223
223.011
223.142
223.654
224.384
224.822
224.924
224.876
224.792
224.805
224.994
225.309
225.536
225.675
225.795
225.913
226
226.041
226.05
226.051
226.073
226.134
226.217
226.294
226.362
226.428
226.498
226.567
226.631
226.69
226.752
226.82
226.891
226.959
227.018
227.072
227.123
227.175
227.225
227.273
227.314
227.349
227.378
227.402
227.418
227.428
227.433
227.433
227.426
227.416
227.401
227.381
227.355
227.321
227.281
227.234
227.181
227.121
227.056
226.984
226.908
226.826
226.74
226.649
226.553
226.454
226.351
226.246
226.137
226.027
225.914
225.8
225.685
225.569
225.452
225.336
225.22
225.105
224.99
224.877
224.765
224.655
224.546
224.439
224.334
224.232
224.132
224.034
223.939
223.847
223.757
223.669
223.584
223.501
223.42
223.341
223.266
223.193
223.123
223.057
222.995
222.937
222.881
222.829
222.777
222.723
222.648
217.933
219.983
220.368
220.713
221.09
221.474
221.846
222.186
222.477
222.705
222.862
222.951
222.989
222.999
223
223.013
223.158
223.692
224.413
224.827
224.917
224.87
224.792
224.816
225.02
225.327
225.543
225.677
225.797
225.915
226
226.038
226.045
226.047
226.07
226.133
226.216
226.293
226.361
226.428
226.498
226.566
226.63
226.689
226.75
226.819
226.889
226.956
227.015
227.069
227.12
227.17
227.22
227.266
227.306
227.34
227.368
227.39
227.405
227.413
227.416
227.413
227.405
227.393
227.375
227.352
227.323
227.287
227.244
227.195
227.139
227.076
227.008
226.934
226.855
226.771
226.682
226.588
226.491
226.39
226.285
226.177
226.067
225.955
225.84
225.725
225.608
225.492
225.374
225.258
225.14
225.024
224.908
224.795
224.682
224.571
224.463
224.356
224.251
224.148
224.048
223.95
223.854
223.761
223.67
223.582
223.497
223.414
223.333
223.255
223.179
223.107
223.038
222.972
222.91
222.852
222.797
222.744
222.691
222.636
222.56
217.689
219.89
220.285
220.636
221.021
221.414
221.795
222.144
222.444
222.682
222.848
222.944
222.986
222.998
223
223.015
223.175
223.728
224.44
224.831
224.91
224.864
224.793
224.828
225.044
225.344
225.548
225.679
225.799
225.917
225.999
226.035
226.04
226.043
226.068
226.132
226.216
226.293
226.361
226.428
226.498
226.566
226.628
226.687
226.749
226.817
226.887
226.954
227.013
227.066
227.116
227.166
227.215
227.259
227.299
227.331
227.358
227.378
227.392
227.399
227.4
227.395
227.384
227.37
227.35
227.325
227.293
227.254
227.209
227.156
227.098
227.033
226.962
226.886
226.804
226.718
226.626
226.531
226.431
226.328
226.221
226.112
226
225.887
225.771
225.655
225.536
225.419
225.3
225.182
225.064
224.948
224.832
224.718
224.605
224.494
224.384
224.276
224.171
224.068
223.967
223.869
223.774
223.681
223.591
223.503
223.418
223.334
223.254
223.175
223.099
223.026
222.957
222.891
222.829
222.77
222.715
222.662
222.61
222.556
222.48
217.449
219.801
220.204
220.561
220.954
221.356
221.744
222.102
222.412
222.659
222.834
222.937
222.984
222.998
223
223.018
223.193
223.765
224.465
224.834
224.904
224.859
224.795
224.84
225.069
225.358
225.552
225.681
225.802
225.919
225.998
226.031
226.036
226.039
226.065
226.132
226.215
226.293
226.361
226.428
226.498
226.565
226.627
226.686
226.747
226.815
226.885
226.952
227.01
227.063
227.112
227.161
227.209
227.253
227.291
227.323
227.348
227.367
227.379
227.385
227.384
227.377
227.364
227.347
227.325
227.297
227.263
227.222
227.174
227.12
227.059
226.991
226.918
226.84
226.756
226.667
226.574
226.476
226.374
226.269
226.161
226.05
225.937
225.822
225.705
225.587
225.468
225.35
225.23
225.113
224.993
224.876
224.759
224.645
224.531
224.42
224.31
224.203
224.098
223.995
223.894
223.795
223.7
223.606
223.516
223.427
223.342
223.258
223.178
223.1
223.024
222.952
222.883
222.817
222.756
222.697
222.642
222.589
222.537
222.482
222.406
217.213
219.715
220.125
220.487
220.888
221.298
221.695
222.061
222.379
222.636
222.819
222.93
222.981
222.997
223
223.021
223.211
223.8
224.488
224.836
224.898
224.855
224.797
224.853
225.091
225.372
225.557
225.683
225.805
225.92
225.997
226.028
226.031
226.035
226.063
226.131
226.215
226.292
226.361
226.428
226.497
226.564
226.626
226.684
226.745
226.813
226.884
226.95
227.008
227.06
227.109
227.157
227.204
227.246
227.283
227.314
227.338
227.356
227.367
227.372
227.369
227.359
227.345
227.326
227.302
227.272
227.235
227.191
227.141
227.084
227.021
226.952
226.877
226.796
226.71
226.619
226.524
226.424
226.321
226.214
226.104
225.992
225.877
225.761
225.643
225.525
225.404
225.285
225.164
225.046
224.926
224.809
224.693
224.577
224.464
224.352
224.242
224.134
224.028
223.925
223.824
223.726
223.63
223.537
223.447
223.359
223.274
223.191
223.11
223.031
222.956
222.883
222.814
222.748
222.686
222.628
222.572
222.52
222.468
222.413
222.337
216.981
219.631
220.048
220.416
220.825
221.243
221.647
222.02
222.347
222.612
222.804
222.922
222.979
222.997
223.001
223.024
223.231
223.834
224.51
224.838
224.893
224.851
224.8
224.866
225.113
225.384
225.56
225.685
225.808
225.922
225.996
226.024
226.027
226.031
226.061
226.13
226.215
226.292
226.361
226.428
226.497
226.562
226.624
226.682
226.744
226.812
226.882
226.948
227.006
227.057
227.105
227.153
227.198
227.24
227.276
227.305
227.329
227.346
227.355
227.359
227.354
227.343
227.326
227.305
227.279
227.246
227.207
227.162
227.11
227.051
226.986
226.914
226.837
226.754
226.666
226.573
226.476
226.375
226.27
226.162
226.051
225.937
225.821
225.704
225.585
225.465
225.344
225.225
225.104
224.985
224.865
224.747
224.629
224.514
224.4
224.288
224.178
224.071
223.965
223.862
223.761
223.663
223.567
223.474
223.383
223.295
223.209
223.126
223.046
222.968
222.893
222.821
222.752
222.687
222.625
222.567
222.512
222.459
222.407
222.352
222.277
216.75
219.548
219.973
220.346
220.763
221.188
221.6
221.981
222.316
222.589
222.789
222.915
222.976
222.996
223.001
223.028
223.25
223.868
224.529
224.839
224.888
224.848
224.803
224.88
225.133
225.395
225.564
225.688
225.811
225.924
225.995
226.02
226.022
226.027
226.059
226.13
226.215
226.292
226.36
226.428
226.496
226.561
226.623
226.681
226.743
226.811
226.88
226.946
227.004
227.055
227.102
227.148
227.193
227.233
227.268
227.297
227.32
227.335
227.344
227.346
227.34
227.327
227.308
227.285
227.257
227.223
227.182
227.134
227.08
227.019
226.952
226.878
226.799
226.715
226.625
226.53
226.432
226.329
226.223
226.113
226
225.886
225.769
225.651
225.531
225.411
225.289
225.169
225.047
224.927
224.807
224.689
224.572
224.457
224.343
224.23
224.12
224.012
223.906
223.803
223.702
223.604
223.509
223.417
223.326
223.239
223.153
223.071
222.99
222.912
222.837
222.764
222.695
222.63
222.568
222.51
222.455
222.403
222.35
222.296
222.22
216.521
219.466
219.9
220.279
220.703
221.136
221.554
221.942
222.284
222.566
222.774
222.906
222.972
222.995
223.001
223.031
223.271
223.9
224.547
224.84
224.883
224.845
224.807
224.893
225.153
225.405
225.567
225.69
225.814
225.925
225.993
226.016
226.017
226.023
226.056
226.13
226.215
226.292
226.36
226.427
226.495
226.56
226.621
226.679
226.741
226.809
226.879
226.945
227.002
227.052
227.098
227.144
227.187
227.227
227.261
227.289
227.311
227.326
227.333
227.333
227.326
227.311
227.291
227.267
227.236
227.2
227.157
227.107
227.052
226.989
226.92
226.845
226.764
226.677
226.586
226.49
226.39
226.286
226.178
226.067
225.954
225.838
225.72
225.601
225.48
225.36
225.238
225.117
224.995
224.875
224.755
224.636
224.519
224.403
224.289
224.177
224.067
223.96
223.855
223.752
223.651
223.553
223.458
223.365
223.274
223.187
223.102
223.019
222.939
222.861
222.787
222.715
222.646
222.582
222.52
222.463
222.408
222.356
222.303
222.249
222.174
216.292
219.385
219.828
220.213
220.644
221.084
221.509
221.904
222.253
222.542
222.759
222.898
222.969
222.994
223.001
223.036
223.291
223.932
224.564
224.84
224.878
224.843
224.811
224.907
225.17
225.414
225.57
225.693
225.817
225.926
225.991
226.012
226.012
226.018
226.054
226.129
226.215
226.292
226.36
226.427
226.494
226.559
226.619
226.678
226.74
226.808
226.878
226.943
227
227.049
227.095
227.139
227.182
227.221
227.254
227.281
227.302
227.316
227.322
227.322
227.313
227.296
227.275
227.248
227.216
227.178
227.134
227.083
227.025
226.961
226.89
226.813
226.731
226.643
226.55
226.452
226.351
226.245
226.137
226.025
225.91
225.794
225.675
225.556
225.434
225.314
225.191
225.07
224.947
224.827
224.707
224.589
224.472
224.356
224.242
224.13
224.02
223.912
223.807
223.704
223.604
223.507
223.412
223.32
223.23
223.143
223.058
222.976
222.896
222.819
222.744
222.672
222.604
222.539
222.478
222.42
222.365
222.314
222.262
222.208
222.132
216.066
219.305
219.758
220.149
220.588
221.035
221.466
221.867
222.223
222.519
222.743
222.889
222.965
222.993
223.001
223.04
223.313
223.962
224.579
224.84
224.874
224.841
224.815
224.921
225.187
225.423
225.574
225.695
225.82
225.927
225.988
226.008
226.007
226.014
226.052
226.129
226.215
226.292
226.36
226.426
226.493
226.557
226.618
226.677
226.739
226.807
226.876
226.941
226.997
227.047
227.091
227.135
227.176
227.214
227.247
227.273
227.294
227.307
227.312
227.31
227.3
227.282
227.259
227.231
227.197
227.158
227.112
227.059
227
226.934
226.862
226.783
226.699
226.61
226.516
226.417
226.314
226.208
226.098
225.986
225.87
225.753
225.634
225.514
225.392
225.271
225.148
225.027
224.905
224.785
224.665
224.546
224.429
224.313
224.2
224.088
223.979
223.872
223.768
223.665
223.565
223.468
223.373
223.281
223.192
223.105
223.02
222.938
222.859
222.782
222.708
222.637
222.569
222.505
222.444
222.387
222.333
222.281
222.229
222.177
222.101
215.842
219.226
219.69
220.087
220.533
220.986
221.423
221.83
222.193
222.496
222.728
222.88
222.961
222.992
223.001
223.045
223.334
223.991
224.593
224.84
224.87
224.839
224.82
224.936
225.203
225.431
225.577
225.698
225.823
225.928
225.986
226.003
226.002
226.01
226.051
226.129
226.215
226.291
226.359
226.425
226.492
226.556
226.616
226.676
226.738
226.806
226.875
226.94
226.995
227.044
227.088
227.13
227.171
227.208
227.24
227.266
227.285
227.298
227.303
227.299
227.287
227.268
227.244
227.215
227.18
227.139
227.092
227.038
226.977
226.91
226.836
226.756
226.671
226.58
226.484
226.385
226.281
226.174
226.063
225.95
225.834
225.716
225.596
225.477
225.355
225.234
225.11
224.989
224.867
224.747
224.627
224.509
224.392
224.277
224.164
224.053
223.944
223.837
223.732
223.63
223.531
223.435
223.341
223.25
223.161
223.074
222.99
222.909
222.83
222.753
222.679
222.609
222.541
222.477
222.417
222.36
222.306
222.255
222.204
222.153
222.077
215.62
219.148
219.624
220.027
220.48
220.939
221.381
221.794
222.163
222.474
222.712
222.871
222.957
222.991
223.001
223.05
223.356
224.02
224.606
224.839
224.866
224.838
224.825
224.95
225.217
225.438
225.58
225.701
225.826
225.928
225.983
225.999
225.997
226.006
226.049
226.129
226.215
226.291
226.359
226.425
226.49
226.554
226.615
226.674
226.738
226.805
226.874
226.938
226.993
227.041
227.084
227.126
227.166
227.202
227.233
227.258
227.277
227.289
227.294
227.289
227.275
227.255
227.23
227.2
227.164
227.121
227.073
227.017
226.956
226.887
226.812
226.731
226.644
226.552
226.456
226.355
226.25
226.142
226.031
225.917
225.801
225.684
225.563
225.443
225.321
225.2
225.077
224.956
224.835
224.715
224.595
224.477
224.361
224.246
224.133
224.023
223.915
223.809
223.705
223.604
223.505
223.409
223.315
223.224
223.136
223.05
222.967
222.886
222.807
222.731
222.658
222.588
222.521
222.458
222.398
222.342
222.288
222.238
222.186
222.136
222.058
215.4
219.072
219.559
219.969
220.428
220.893
221.341
221.759
222.134
222.451
222.696
222.862
222.953
222.99
223.002
223.056
223.378
224.047
224.618
224.838
224.863
224.838
224.83
224.964
225.231
225.445
225.584
225.704
225.828
225.928
225.981
225.994
225.993
226.003
226.047
226.129
226.215
226.291
226.358
226.424
226.489
226.553
226.614
226.673
226.737
226.804
226.873
226.936
226.991
227.038
227.081
227.122
227.161
227.196
227.227
227.251
227.27
227.281
227.285
227.279
227.264
227.243
227.217
227.186
227.149
227.105
227.056
226.999
226.936
226.866
226.79
226.708
226.62
226.527
226.429
226.328
226.223
226.114
226.003
225.889
225.772
225.654
225.534
225.415
225.293
225.172
225.049
224.928
224.807
224.687
224.568
224.451
224.336
224.222
224.11
224
223.892
223.786
223.683
223.583
223.485
223.389
223.297
223.207
223.119
223.034
222.951
222.871
222.793
222.718
222.645
222.575
222.509
222.446
222.387
222.331
222.278
222.228
222.177
222.128
222.051
215.183
218.996
219.496
219.912
220.378
220.849
221.302
221.725
222.106
222.429
222.681
222.853
222.949
222.988
223.002
223.062
223.4
224.073
224.629
224.837
224.859
224.837
224.836
224.978
225.244
225.451
225.587
225.707
225.83
225.928
225.977
225.99
225.988
225.999
226.046
226.129
226.215
226.291
226.358
226.423
226.488
226.551
226.612
226.672
226.736
226.803
226.872
226.935
226.989
227.035
227.077
227.117
227.156
227.19
227.22
227.245
227.262
227.273
227.276
227.269
227.253
227.231
227.205
227.173
227.135
227.091
227.04
226.982
226.918
226.847
226.77
226.686
226.598
226.504
226.406
226.304
226.198
226.089
225.978
225.864
225.747
225.63
225.51
225.39
225.268
225.148
225.026
224.906
224.785
224.666
224.548
224.431
224.316
224.203
224.091
223.982
223.876
223.771
223.669
223.569
223.472
223.377
223.285
223.196
223.109
223.024
222.942
222.863
222.786
222.711
222.639
222.57
222.504
222.442
222.383
222.327
222.274
222.224
222.174
222.126
222.048
214.967
218.921
219.434
219.857
220.329
220.805
221.263
221.692
222.078
222.407
222.665
222.843
222.944
222.987
223.002
223.068
223.422
224.099
224.639
224.836
224.855
224.837
224.842
224.992
225.256
225.458
225.59
225.71
225.832
225.927
225.974
225.985
225.984
225.996
226.045
226.129
226.216
226.291
226.357
226.421
226.486
226.55
226.611
226.672
226.735
226.803
226.87
226.933
226.986
227.033
227.074
227.113
227.151
227.185
227.214
227.238
227.255
227.265
227.267
227.26
227.243
227.221
227.194
227.161
227.123
227.078
227.026
226.967
226.902
226.83
226.752
226.668
226.578
226.484
226.386
226.283
226.177
226.069
225.957
225.843
225.726
225.609
225.489
225.37
225.249
225.129
225.008
224.888
224.768
224.65
224.532
224.417
224.303
224.19
224.08
223.972
223.866
223.762
223.66
223.562
223.465
223.372
223.28
223.192
223.105
223.021
222.94
222.861
222.784
222.71
222.638
222.571
222.506
222.445
222.387
222.333
222.281
222.233
222.184
222.138
222.061
214.755
218.847
219.374
219.803
220.282
220.763
221.226
221.659
222.051
222.385
222.65
222.834
222.94
222.986
223.002
223.075
223.444
224.123
224.648
224.835
224.852
224.837
224.848
225.007
225.268
225.464
225.594
225.713
225.834
225.926
225.97
225.98
225.979
225.992
226.044
226.13
226.216
226.29
226.356
226.42
226.485
226.548
226.61
226.671
226.735
226.802
226.869
226.931
226.984
227.03
227.07
227.109
227.146
227.179
227.208
227.231
227.248
227.258
227.26
227.252
227.235
227.212
227.185
227.151
227.112
227.066
227.013
226.954
226.888
226.815
226.736
226.651
226.561
226.467
226.368
226.266
226.16
226.051
225.939
225.826
225.709
225.593
225.473
225.355
225.234
225.114
224.994
224.875
224.756
224.639
224.523
224.408
224.295
224.183
224.074
223.967
223.862
223.758
223.658
223.56
223.464
223.371
223.281
223.194
223.109
223.027
222.947
222.87
222.795
222.722
222.652
222.584
222.52
222.459
222.402
222.347
222.295
222.246
222.198
222.152
222.074
214.545
218.774
219.315
219.751
220.236
220.723
221.19
221.628
222.024
222.364
222.634
222.824
222.935
222.984
223.003
223.082
223.466
224.146
224.657
224.833
224.849
224.837
224.854
225.021
225.28
225.47
225.597
225.715
225.835
225.925
225.967
225.975
225.974
225.989
226.043
226.13
226.216
226.29
226.355
226.419
226.483
226.547
226.609
226.67
226.734
226.801
226.868
226.929
226.982
227.027
227.067
227.105
227.141
227.174
227.203
227.225
227.242
227.251
227.252
227.244
227.227
227.204
227.176
227.142
227.102
227.056
227.002
226.942
226.875
226.802
226.722
226.637
226.547
226.452
226.354
226.251
226.145
226.037
225.925
225.812
225.696
225.58
225.461
225.344
225.224
225.105
224.986
224.868
224.75
224.633
224.518
224.404
224.292
224.181
224.072
223.966
223.863
223.762
223.663
223.567
223.474
223.382
223.293
223.206
223.122
223.04
222.96
222.883
222.808
222.736
222.667
222.601
222.538
222.478
222.422
222.369
222.318
222.271
222.223
222.179
222.103
214.337
218.702
219.257
219.701
220.192
220.683
221.154
221.596
221.997
222.343
222.619
222.815
222.93
222.982
223.003
223.089
223.488
224.168
224.664
224.831
224.846
224.837
224.86
225.036
225.291
225.475
225.6
225.718
225.836
225.923
225.963
225.97
225.969
225.986
226.043
226.13
226.217
226.29
226.354
226.417
226.482
226.546
226.608
226.669
226.734
226.8
226.867
226.927
226.979
227.024
227.064
227.101
227.137
227.169
227.197
227.219
227.236
227.245
227.246
227.237
227.22
227.197
227.169
227.135
227.094
227.047
226.992
226.932
226.864
226.791
226.711
226.626
226.536
226.441
226.342
226.24
226.134
226.026
225.915
225.803
225.687
225.572
225.454
225.337
225.218
225.1
224.982
224.864
224.747
224.632
224.517
224.405
224.295
224.187
224.081
223.976
223.873
223.773
223.675
223.579
223.486
223.395
223.307
223.222
223.139
223.059
222.981
222.905
222.832
222.761
222.693
222.627
222.565
222.506
222.451
222.398
222.348
222.3
222.254
222.211
222.135
214.132
218.631
219.201
219.652
220.149
220.645
221.12
221.566
221.972
222.322
222.604
222.805
222.925
222.981
223.003
223.097
223.51
224.19
224.671
224.829
224.844
224.836
224.867
225.051
225.302
225.481
225.603
225.72
225.837
225.921
225.959
225.965
225.965
225.982
226.042
226.131
226.217
226.289
226.353
226.416
226.48
226.544
226.607
226.669
226.733
226.799
226.865
226.925
226.977
227.021
227.06
227.098
227.132
227.164
227.192
227.214
227.23
227.239
227.24
227.231
227.214
227.191
227.162
227.128
227.087
227.039
226.984
226.923
226.855
226.781
226.702
226.617
226.527
226.432
226.334
226.232
226.127
226.019
225.909
225.797
225.682
225.567
225.45
225.334
225.216
225.099
224.981
224.866
224.751
224.638
224.526
224.414
224.305
224.197
224.091
223.987
223.886
223.788
223.691
223.598
223.506
223.417
223.331
223.247
223.165
223.086
223.008
222.934
222.861
222.791
222.724
222.66
222.599
222.541
222.487
222.435
222.386
222.34
222.294
222.254
222.178
213.929
218.56
219.147
219.605
220.108
220.607
221.086
221.537
221.946
222.302
222.589
222.795
222.92
222.979
223.004
223.104
223.532
224.21
224.677
224.827
224.842
224.836
224.873
225.065
225.313
225.486
225.605
225.722
225.838
225.92
225.955
225.961
225.96
225.979
226.041
226.131
226.217
226.289
226.352
226.415
226.479
226.543
226.606
226.668
226.732
226.798
226.863
226.923
226.974
227.018
227.057
227.094
227.128
227.16
227.187
227.208
227.225
227.234
227.235
227.226
227.209
227.186
227.157
227.122
227.081
227.032
226.977
226.916
226.848
226.774
226.695
226.61
226.52
226.426
226.328
226.227
226.122
226.015
225.905
225.794
225.68
225.566
225.45
225.335
225.219
225.104
224.988
224.874
224.759
224.647
224.535
224.426
224.318
224.213
224.109
224.007
223.907
223.81
223.715
223.622
223.532
223.444
223.359
223.277
223.196
223.118
223.043
222.969
222.898
222.829
222.764
222.7
222.641
222.584
222.53
222.48
222.432
222.386
222.341
222.302
222.227
213.729
218.489
219.093
219.559
220.068
220.571
221.054
221.508
221.922
222.282
222.574
222.785
222.915
222.977
223.004
223.113
223.554
224.229
224.682
224.825
224.84
224.835
224.88
225.08
225.324
225.49
225.608
225.724
225.839
225.918
225.951
225.956
225.955
225.976
226.041
226.132
226.217
226.288
226.351
226.413
226.478
226.542
226.605
226.667
226.731
226.797
226.862
226.921
226.972
227.016
227.054
227.09
227.124
227.155
227.182
227.204
227.22
227.23
227.23
227.222
227.205
227.182
227.153
227.117
227.075
227.027
226.972
226.911
226.843
226.769
226.69
226.606
226.516
226.423
226.325
226.225
226.12
226.014
225.904
225.794
225.682
225.57
225.455
225.341
225.226
225.111
224.997
224.884
224.772
224.661
224.552
224.444
224.338
224.233
224.131
224.031
223.933
223.837
223.744
223.653
223.564
223.478
223.395
223.314
223.235
223.158
223.084
223.012
222.942
222.875
222.81
222.748
222.69
222.634
222.582
222.533
222.486
222.441
222.397
222.361
222.287
213.531
218.42
219.041
219.515
220.029
220.536
221.022
221.48
221.898
222.262
222.559
222.776
222.909
222.975
223.004
223.121
223.575
224.248
224.687
224.823
224.838
224.835
224.887
225.095
225.334
225.494
225.61
225.726
225.839
225.916
225.947
225.951
225.951
225.974
226.041
226.132
226.217
226.287
226.35
226.412
226.476
226.541
226.604
226.667
226.731
226.796
226.86
226.918
226.969
227.013
227.051
227.087
227.12
227.151
227.177
227.199
227.216
227.226
227.227
227.218
227.202
227.178
227.149
227.114
227.072
227.023
226.968
226.907
226.839
226.766
226.687
226.603
226.515
226.422
226.325
226.225
226.122
226.017
225.909
225.799
225.687
225.576
225.462
225.35
225.237
225.124
225.012
224.9
224.79
224.681
224.573
224.467
224.362
224.26
224.159
224.061
223.965
223.871
223.779
223.69
223.603
223.519
223.437
223.357
223.28
223.205
223.132
223.062
222.993
222.927
222.864
222.804
222.747
222.693
222.641
222.593
222.547
222.504
222.462
222.427
222.353
213.335
218.35
218.99
219.472
219.991
220.502
220.991
221.452
221.874
222.243
222.544
222.766
222.904
222.973
223.005
223.13
223.596
224.266
224.692
224.821
224.836
224.836
224.896
225.11
225.343
225.498
225.611
225.727
225.839
225.914
225.943
225.946
225.946
225.971
226.041
226.133
226.216
226.286
226.349
226.41
226.475
226.54
226.603
226.666
226.73
226.795
226.858
226.916
226.967
227.01
227.048
227.084
227.117
227.147
227.174
227.196
227.213
227.223
227.224
227.216
227.199
227.176
227.146
227.111
227.069
227.02
226.966
226.905
226.838
226.765
226.686
226.603
226.515
226.423
226.328
226.229
226.126
226.021
225.914
225.806
225.696
225.586
225.474
225.363
225.251
225.14
225.03
224.92
224.812
224.705
224.599
224.495
224.392
224.291
224.193
224.096
224.002
223.91
223.82
223.733
223.648
223.565
223.485
223.407
223.332
223.259
223.187
223.118
223.052
222.987
222.926
222.867
222.811
222.758
222.709
222.662
222.617
222.576
222.534
222.5
222.427
213.142
218.282
218.941
219.431
219.954
220.469
220.961
221.425
221.851
222.224
222.53
222.756
222.898
222.971
223.005
223.139
223.617
224.283
224.695
224.818
224.834
224.837
224.905
225.125
225.352
225.501
225.612
225.729
225.839
225.911
225.938
225.941
225.942
225.969
226.04
226.133
226.216
226.285
226.347
226.409
226.474
226.539
226.602
226.665
226.729
226.793
226.856
226.914
226.964
227.007
227.046
227.081
227.114
227.144
227.17
227.192
227.21
227.22
227.222
227.214
227.197
227.174
227.144
227.109
227.067
227.019
226.965
226.904
226.837
226.765
226.688
226.606
226.519
226.427
226.332
226.234
226.132
226.029
225.924
225.817
225.708
225.599
225.489
225.38
225.27
225.161
225.053
224.945
224.839
224.733
224.63
224.527
224.427
224.329
224.232
224.138
224.045
223.955
223.868
223.782
223.699
223.619
223.54
223.464
223.391
223.319
223.25
223.183
223.118
223.055
222.995
222.938
222.883
222.832
222.784
222.738
222.695
222.655
222.614
222.583
222.511
212.951
218.214
218.893
219.39
219.919
220.436
220.932
221.399
221.828
222.205
222.515
222.746
222.893
222.969
223.006
223.148
223.638
224.299
224.699
224.815
224.831
224.838
224.916
225.139
225.36
225.503
225.614
225.73
225.839
225.908
225.934
225.936
225.938
225.967
226.04
226.133
226.216
226.284
226.346
226.407
226.472
226.538
226.602
226.665
226.728
226.792
226.854
226.911
226.962
227.005
227.043
227.078
227.111
227.141
227.167
227.19
227.207
227.218
227.22
227.212
227.195
227.172
227.143
227.108
227.066
227.019
226.965
226.905
226.84
226.768
226.691
226.61
226.523
226.433
226.339
226.242
226.142
226.04
225.935
225.83
225.723
225.617
225.509
225.401
225.293
225.186
225.08
224.974
224.87
224.767
224.665
224.566
224.467
224.371
224.277
224.185
224.094
224.007
223.921
223.838
223.757
223.678
223.602
223.528
223.456
223.387
223.319
223.254
223.19
223.129
223.071
223.016
222.963
222.913
222.866
222.822
222.78
222.743
222.703
222.673
222.603
212.763
218.147
218.846
219.351
219.885
220.405
220.903
221.374
221.806
222.187
222.501
222.737
222.887
222.967
223.007
223.157
223.659
224.314
224.701
224.812
224.83
224.841
224.927
225.152
225.367
225.505
225.615
225.731
225.838
225.905
225.929
225.931
225.934
225.965
226.041
226.134
226.215
226.283
226.344
226.406
226.471
226.537
226.601
226.664
226.727
226.791
226.852
226.909
226.959
227.002
227.041
227.076
227.108
227.138
227.165
227.188
227.206
227.217
227.219
227.211
227.195
227.172
227.143
227.108
227.067
227.02
226.968
226.908
226.843
226.772
226.696
226.616
226.53
226.441
226.348
226.253
226.154
226.054
225.951
225.847
225.742
225.637
225.531
225.426
225.32
225.216
225.112
225.008
224.906
224.806
224.706
224.609
224.513
224.419
224.327
224.237
224.149
224.064
223.98
223.899
223.82
223.744
223.67
223.598
223.528
223.46
223.395
223.331
223.27
223.211
223.154
223.1
223.049
223.001
222.956
222.913
222.873
222.836
222.799
222.771
222.702
212.578
218.081
218.8
219.313
219.851
220.375
220.876
221.349
221.784
222.169
222.487
222.727
222.882
222.965
223.007
223.167
223.679
224.328
224.704
224.81
224.829
224.844
224.938
225.165
225.373
225.507
225.616
225.732
225.838
225.902
225.925
225.926
225.93
225.963
226.041
226.134
226.215
226.282
226.343
226.405
226.47
226.536
226.6
226.663
226.725
226.789
226.85
226.907
226.957
227
227.038
227.073
227.106
227.136
227.163
227.186
227.204
227.216
227.218
227.211
227.194
227.172
227.143
227.109
227.07
227.024
226.971
226.913
226.848
226.778
226.703
226.623
226.539
226.451
226.36
226.266
226.168
226.07
225.969
225.868
225.765
225.662
225.558
225.455
225.352
225.249
225.148
225.047
224.947
224.849
224.752
224.657
224.563
224.472
224.382
224.295
224.209
224.126
224.045
223.966
223.89
223.815
223.743
223.674
223.606
223.54
223.477
223.415
223.355
223.298
223.244
223.191
223.142
223.096
223.052
223.011
222.972
222.937
222.901
222.875
222.807
218.755
219.277
219.819
220.345
220.849
221.325
221.763
222.151
222.474
222.717
222.876
222.963
223.008
223.177
223.698
224.342
224.706
224.808
224.828
224.848
224.949
225.177
225.379
225.509
225.617
225.733
225.837
225.899
225.92
225.921
225.926
225.961
226.041
226.134
226.214
226.28
226.341
226.403
226.469
226.535
226.599
226.662
226.724
226.787
226.848
226.904
226.954
226.998
227.036
227.071
227.104
227.134
227.161
227.185
227.203
227.215
227.218
227.211
227.194
227.173
227.145
227.112
227.073
227.028
226.976
226.919
226.855
226.786
226.712
226.633
226.55
226.464
226.374
226.281
226.186
226.089
225.991
225.891
225.791
225.69
225.589
225.488
225.387
225.288
225.188
225.09
224.993
224.897
224.803
224.71
224.619
224.53
224.443
224.358
224.275
224.194
224.115
224.039
223.964
223.892
223.823
223.755
223.689
223.626
223.564
223.504
223.447
223.392
223.339
223.288
223.241
223.196
223.154
223.114
223.076
223.043
223.009
222.984
222.919
227.034
227.07
227.102
227.132
227.16
227.184
227.203
227.215
227.218
227.211
227.196
227.175
227.148
227.116
227.078
227.033
226.983
226.926
226.863
226.795
226.722
226.645
226.563
226.478
226.39
226.3
226.206
226.112
226.016
225.919
225.82
225.722
225.624
225.525
225.427
225.33
225.233
225.137
225.043
224.95
224.858
224.768
224.679
224.593
224.508
224.426
224.345
224.267
224.19
224.116
224.044
223.975
223.907
223.842
223.778
223.717
223.657
223.599
223.544
223.49
223.439
223.391
223.345
223.302
223.261
223.223
223.187
223.155
223.122
223.1
223.037
227.101
227.131
227.159
227.183
227.203
227.215
227.219
227.212
227.197
227.177
227.152
227.12
227.083
227.04
226.99
226.934
226.872
226.806
226.734
226.658
226.578
226.496
226.409
226.321
226.23
226.138
226.044
225.95
225.854
225.758
225.662
225.567
225.471
225.377
225.282
225.189
225.097
225.007
224.918
224.83
224.745
224.661
224.579
224.499
224.421
224.345
224.271
224.199
224.13
224.062
223.997
223.934
223.872
223.813
223.755
223.7
223.646
223.594
223.545
223.499
223.455
223.413
223.374
223.337
223.302
223.272
223.241
223.221
223.159
227.158
227.183
227.203
227.216
227.22
227.214
227.2
227.181
227.156
227.126
227.09
227.048
226.999
226.944
226.883
226.818
226.748
226.674
226.596
226.515
226.431
226.345
226.257
226.167
226.076
225.984
225.891
225.798
225.705
225.612
225.519
225.427
225.336
225.246
225.156
225.069
224.982
224.897
224.814
224.733
224.654
224.576
224.501
224.427
224.356
224.287
224.219
224.154
224.091
224.03
223.971
223.914
223.858
223.805
223.753
223.703
223.656
223.611
223.569
223.529
223.492
223.456
223.423
223.394
223.365
223.348
223.288
223.478
223.42
)
;

boundaryField
{
    inlet
    {
        type            fixedValue;
        value           uniform 223;
    }
    obstacle
    {
        type            zeroGradient;
    }
    bottom
    {
        type            symmetry;
    }
    outlet
    {
        type            inletOutlet;
        inletValue      nonuniform List<scalar> 0();
        value           nonuniform List<scalar> 0();
    }
    top
    {
        type            symmetry;
    }
    defaultFaces
    {
        type            empty;
    }
    procBoundary7to1
    {
        type            processor;
        value           nonuniform List<scalar> 
126
(
212.396
218.016
218.016
218.711
219.241
219.788
220.317
220.823
221.301
221.743
222.133
222.46
222.708
222.87
222.961
223.009
223.187
223.718
224.355
224.708
224.806
224.828
224.852
224.96
225.188
225.383
225.51
225.618
225.734
225.837
225.896
225.915
225.916
225.922
225.96
226.041
226.134
226.213
226.279
226.339
226.402
226.468
226.534
226.599
226.661
226.723
226.785
226.846
226.902
226.952
226.996
226.996
227.033
227.068
227.068
227.1
227.13
227.13
227.158
227.183
227.204
227.216
227.221
227.217
227.203
227.186
227.162
227.133
227.098
227.056
227.009
226.955
226.896
226.832
226.764
226.692
226.616
226.538
226.456
226.373
226.287
226.2
226.111
226.022
225.932
225.842
225.751
225.661
225.571
225.482
225.394
225.306
225.22
225.135
225.051
224.969
224.889
224.81
224.733
224.658
224.585
224.515
224.446
224.379
224.314
224.251
224.191
224.132
224.075
224.02
223.966
223.915
223.865
223.817
223.772
223.729
223.688
223.65
223.614
223.58
223.548
223.521
223.493
223.493
223.614
223.559
)
;
    }
    procBoundary7to6
    {
        type            processor;
        value           nonuniform List<scalar> 
153
(
223
223
223
223
223
223
223
223
223
223
223
223
223
223
223
223
223
223
223
223
223
223
223
223
223
223.001
223.05
223.077
223.122
223.192
223.292
223.422
223.422
224.622
224.843
224.843
225.68
225.728
225.728
225.81
225.776
225.776
225.577
225.22
224.9
224.686
224.6
224.639
224.99
225.66
226.168
226.332
226.316
226.258
226.235
226.294
226.444
226.606
226.715
226.783
226.836
226.894
226.964
227.046
227.133
227.225
227.326
227.443
227.575
227.721
227.872
228.024
228.175
228.344
228.36
228.374
228.385
228.394
228.401
228.405
228.407
228.407
228.404
228.4
228.394
228.386
228.376
228.365
228.353
228.339
228.339
228.453
228.567
228.681
228.797
228.915
229.038
229.163
229.29
229.417
229.545
229.672
229.798
229.924
230.049
230.172
230.293
230.41
230.525
230.634
230.739
230.838
230.931
231.017
231.096
231.167
231.23
231.284
231.328
231.364
231.391
231.408
231.417
231.418
231.408
231.39
231.364
231.331
231.29
231.015
231.015
230.959
230.899
230.832
230.765
230.692
230.618
230.542
230.464
230.385
230.069
230.069
229.989
229.908
229.828
229.75
229.674
229.601
229.533
229.468
229.405
229.337
229.241
)
;
    }
}


// ************************************************************************* //
