/*--------------------------------*- C++ -*----------------------------------*\
| =========                 |                                                 |
| \\      /  F ield         | OpenFOAM: The Open Source CFD Toolbox           |
|  \\    /   O peration     | Version:  2412                                  |
|   \\  /    A nd           | Website:  www.openfoam.com                      |
|    \\/     M anipulation  |                                                 |
\*---------------------------------------------------------------------------*/
FoamFile
{
    version     2.0;
    format      ascii;
    arch        "LSB;label=32;scalar=64";
    class       volScalarField;
    location    "0.048";
    object      p;
}
// * * * * * * * * * * * * * * * * * * * * * * * * * * * * * * * * * * * * * //

dimensions      [1 -1 -2 0 0 0 0];

internalField   nonuniform List<scalar> 
9831
(
2790
2790
2790.06
2791.03
2796.31
2806.71
2814.78
2817.82
2815.79
2805.88
2791.06
2778.76
2769.74
2762.19
2754.48
2747.02
2742.21
2741.06
2742.02
2744.99
2747.75
2748.69
2748.56
2747.56
2745.93
2744.27
2742.75
2741.27
2739.77
2738.3
2736.88
2735.5
2734.16
2732.83
2731.47
2730.05
2728.51
2726.84
2725.05
2723.13
2721.11
2719.03
2716.94
2714.87
2712.85
2710.89
2709.02
2707.24
2705.57
2704.02
2702.58
2701.24
2699.98
2698.8
2697.68
2696.62
2695.59
2694.58
2693.56
2692.52
2691.42
2690.23
2688.91
2687.43
2685.76
2683.85
2681.68
2679.19
2676.33
2673.03
2669.24
2664.9
2659.97
2654.36
2647.95
2640.64
2632.33
2622.94
2612.38
2600.56
2587.33
2572.56
2556.08
2537.78
2517.48
2495
2470.16
2442.86
2413.15
2380.79
2345.61
2306.94
2265.44
2220.74
2173.88
2124.14
2070.28
2012.91
1951.7
1890.08
1827.59
1762.64
1696.41
1633.88
1570.56
1507.41
1445.12
1381.22
1323.39
1271.09
1223.81
1181.71
1141.96
1104.97
1071.15
1038.72
1009.81
983.979
963.668
947.784
914.148
2790
2790
2790.03
2790.63
2794.73
2804.68
2814.14
2818.2
2817.01
2809.27
2795
2782.3
2773.1
2765.77
2758.44
2750.77
2744.82
2742.68
2742.96
2745.25
2748.41
2749.99
2750.2
2749.65
2748.31
2746.75
2745.34
2744.01
2742.65
2741.31
2740
2738.75
2737.54
2736.36
2735.16
2733.89
2732.52
2731.01
2729.36
2727.6
2725.74
2723.82
2721.89
2719.98
2718.13
2716.35
2714.66
2713.06
2711.58
2710.22
2708.99
2707.87
2706.84
2705.9
2705.04
2704.25
2703.51
2702.81
2702.12
2701.43
2700.7
2699.91
2699.02
2698.01
2696.83
2695.45
2693.85
2691.97
2689.78
2687.21
2684.19
2680.69
2676.66
2672.02
2666.68
2660.54
2653.49
2645.46
2636.36
2626.1
2614.55
2601.58
2587.07
2570.89
2552.89
2532.85
2510.56
2485.83
2458.59
2428.55
2395.76
2359.99
2321.78
2280.51
2236.55
2188.83
2137.93
2083.61
2026.98
1968.17
1905.78
1842.15
1776.11
1711.21
1646.39
1581.22
1521
1457.75
1395.38
1338.23
1282.17
1231.92
1185.7
1143.14
1105.33
1069.95
1039.06
1009.43
982.894
960.252
918.87
2790
2790
2790.01
2790.36
2793.37
2802.42
2813.03
2818.32
2817.94
2812.45
2799.12
2786.01
2776.53
2769.33
2762.41
2754.79
2747.99
2744.58
2744.15
2745.63
2748.9
2751.23
2751.88
2751.67
2750.73
2749.34
2748.02
2746.83
2745.62
2744.4
2743.21
2742.07
2740.99
2739.95
2738.91
2737.82
2736.61
2735.25
2733.75
2732.14
2730.43
2728.68
2726.91
2725.18
2723.5
2721.9
2720.38
2718.97
2717.68
2716.53
2715.5
2714.6
2713.81
2713.12
2712.51
2711.99
2711.54
2711.15
2710.79
2710.44
2710.08
2709.69
2709.23
2708.67
2707.98
2707.13
2706.08
2704.81
2703.27
2701.4
2699.13
2696.44
2693.28
2689.58
2685.26
2680.22
2674.36
2667.61
2659.87
2651.08
2641.1
2629.83
2617.13
2602.89
2586.91
2569.03
2549.07
2526.85
2502.29
2475.16
2445.45
2412.91
2377.77
2339.47
2298.31
2253.56
2205.76
2154.63
2099.55
2042
1980.24
1918.48
1854.26
1787.37
1722.76
1654.6
1588.73
1526.2
1460.51
1400.04
1339.54
1282.25
1229.99
1181.61
1139
1100.31
1066.1
1034.87
1007.35
982.732
933.446
2790
2790
2790.01
2790.19
2792.25
2800.04
2811.34
2818.23
2818.74
2815.31
2803.31
2789.96
2780.14
2772.93
2766.37
2758.98
2751.61
2746.88
2745.62
2746.37
2749.32
2752.32
2753.58
2753.69
2753.19
2752.06
2750.82
2749.75
2748.7
2747.61
2746.53
2745.5
2744.54
2743.65
2742.77
2741.84
2740.8
2739.6
2738.25
2736.79
2735.24
2733.65
2732.05
2730.48
2728.98
2727.55
2726.22
2724.99
2723.9
2722.93
2722.11
2721.43
2720.86
2720.41
2720.06
2719.79
2719.63
2719.53
2719.48
2719.47
2719.47
2719.46
2719.41
2719.29
2719.07
2718.73
2718.22
2717.52
2716.6
2715.4
2713.87
2711.95
2709.62
2706.82
2703.49
2699.51
2694.82
2689.32
2682.93
2675.58
2667.16
2657.58
2646.69
2634.37
2620.48
2604.88
2587.4
2567.81
2545.89
2521.43
2494.47
2464.9
2432.82
2397.58
2359.19
2316.98
2271.64
2222.93
2171.32
2116.82
2059.84
1997.92
1935.37
1867.68
1800.96
1733.47
1662.78
1597.81
1531.03
1466.19
1405.27
1343.97
1286.73
1231.69
1180.4
1134.7
1094.89
1058.94
1029.69
1005.61
957.204
2790
2790
2790
2790.09
2791.39
2797.7
2809.12
2817.76
2819.45
2817.63
2807.48
2794.21
2783.98
2776.57
2770.23
2763.21
2755.62
2749.76
2747.53
2747.63
2749.81
2753.22
2755.29
2755.84
2755.69
2754.91
2753.8
2752.82
2751.9
2750.94
2749.98
2749.06
2748.22
2747.47
2746.75
2745.99
2745.11
2744.07
2742.88
2741.57
2740.18
2738.75
2737.32
2735.92
2734.59
2733.35
2732.2
2731.17
2730.26
2729.49
2728.88
2728.41
2728.08
2727.86
2727.76
2727.76
2727.87
2728.07
2728.33
2728.65
2729.01
2729.37
2729.72
2730.03
2730.27
2730.41
2730.44
2730.3
2729.99
2729.45
2728.61
2727.45
2725.93
2723.99
2721.59
2718.64
2715.05
2710.73
2705.61
2699.62
2692.66
2684.65
2675.44
2664.94
2653
2639.5
2624.25
2607.01
2587.63
2565.98
2542.07
2515.62
2486.47
2454.03
2418.54
2379.76
2338.21
2293.41
2245.24
2193.45
2138.04
2078.88
2017.66
1952.57
1883.53
1817.05
1746.15
1674.6
1606.03
1535.56
1471.99
1408.57
1348.09
1291.31
1236.09
1184.32
1136.04
1090.31
1050.95
1018.62
956.656
2790
2790
2790
2790.04
2790.78
2795.52
2806.44
2816.76
2819.98
2819.38
2811.63
2798.86
2788.04
2780.2
2773.95
2767.41
2759.98
2753.36
2749.94
2749.35
2750.66
2754.04
2756.93
2758.1
2758.25
2757.86
2756.93
2756.02
2755.22
2754.4
2753.56
2752.75
2752.03
2751.41
2750.86
2750.28
2749.57
2748.69
2747.65
2746.49
2745.26
2744
2742.74
2741.52
2740.37
2739.31
2738.35
2737.5
2736.78
2736.21
2735.8
2735.54
2735.44
2735.45
2735.6
2735.86
2736.23
2736.71
2737.28
2737.93
2738.62
2739.35
2740.09
2740.82
2741.51
2742.12
2742.64
2743.06
2743.31
2743.4
2743.24
2742.82
2742.09
2740.96
2739.46
2737.49
2734.96
2731.8
2727.93
2723.28
2717.76
2711.3
2703.78
2695.08
2685.08
2673.65
2660.63
2645.83
2629.09
2610.18
2589.01
2565.29
2538.98
2509.74
2477.8
2442.76
2404.7
2362.94
2317.51
2268.65
2216.44
2161.04
2101
2038.91
1972.14
1903.61
1833.76
1761.07
1690.84
1616.28
1543.84
1475.05
1406.84
1345.9
1287.25
1234.08
1186.4
1142.67
1101.7
1064.59
991.489
2790
2790
2790
2790.02
2790.4
2793.65
2803.43
2815.08
2820.12
2820.76
2815.61
2803.69
2792.14
2783.78
2777.6
2771.58
2764.61
2757.64
2753.04
2751.63
2752.17
2754.95
2758.42
2760.41
2760.95
2760.85
2760.2
2759.37
2758.67
2757.97
2757.26
2756.56
2755.96
2755.49
2755.1
2754.69
2754.15
2753.43
2752.55
2751.55
2750.48
2749.39
2748.3
2747.26
2746.29
2745.42
2744.64
2743.99
2743.47
2743.09
2742.88
2742.84
2742.96
2743.22
2743.6
2744.12
2744.76
2745.53
2746.4
2747.36
2748.39
2749.48
2750.61
2751.74
2752.86
2753.94
2754.97
2755.91
2756.73
2757.41
2757.9
2758.16
2758.2
2757.88
2757.25
2756.22
2754.7
2752.63
2749.92
2746.52
2742.36
2737.34
2731.38
2724.35
2716.15
2706.65
2695.74
2683.21
2668.89
2652.59
2634.22
2613.52
2590.41
2564.52
2535.98
2504.42
2469.86
2431.68
2389.9
2344.23
2294.46
2241.43
2184.99
2124.68
2061.4
1992.83
1924.61
1852.51
1781.16
1707.98
1632.42
1560.27
1485.85
1415.14
1347.31
1282.07
1224.53
1174.28
1132.69
1098.09
1025.4
2790
2790
2790
2790.01
2790.18
2792.2
2800.29
2812.67
2819.88
2822.02
2819.01
2808.4
2796.3
2787.5
2781.32
2775.79
2769.42
2762.48
2756.95
2754.52
2754.37
2756.15
2759.73
2762.6
2763.72
2763.88
2763.53
2762.83
2762.2
2761.63
2761.05
2760.48
2760
2759.67
2759.45
2759.21
2758.85
2758.3
2757.58
2756.73
2755.83
2754.91
2754.01
2753.15
2752.36
2751.67
2751.09
2750.63
2750.3
2750.12
2750.1
2750.28
2750.62
2751.1
2751.73
2752.5
2753.4
2754.44
2755.6
2756.87
2758.23
2759.67
2761.16
2762.69
2764.23
2765.77
2767.26
2768.71
2770.08
2771.35
2772.47
2773.4
2774.12
2774.59
2774.78
2774.65
2774.11
2773.12
2771.53
2769.37
2766.52
2762.92
2758.5
2753.14
2746.73
2739.15
2730.29
2719.99
2708.09
2694.37
2678.68
2660.76
2640.58
2617.9
2592.76
2564.62
2533.33
2498.33
2459.81
2417.7
2371.98
2322.8
2269.43
2212.4
2151.5
2086.27
2018.19
1944.88
1869.12
1796.02
1719.14
1644.74
1571.23
1498.11
1427.43
1359
1292.56
1229.9
1173.4
1126.45
1032.83
2790
2790
2790
2790
2790.07
2791.18
2797.29
2809.58
2819.21
2823
2821.33
2812.84
2800.75
2791.53
2785.18
2780
2774.27
2767.68
2761.64
2758.06
2757.15
2757.97
2761.01
2764.51
2766.43
2766.92
2766.84
2766.33
2765.79
2765.33
2764.9
2764.47
2764.13
2763.95
2763.9
2763.84
2763.66
2763.28
2762.72
2762.03
2761.29
2760.55
2759.82
2759.15
2758.55
2758.05
2757.66
2757.38
2757.25
2757.27
2757.47
2757.84
2758.39
2759.1
2759.97
2760.99
2762.16
2763.48
2764.93
2766.5
2768.19
2769.97
2771.82
2773.73
2775.69
2777.66
2779.62
2781.56
2783.45
2785.28
2787.01
2788.6
2790.02
2791.23
2792.2
2792.89
2793.25
2793.29
2792.79
2791.8
2790.18
2787.91
2784.89
2781.07
2776.31
2770.51
2763.57
2755.35
2745.69
2734.41
2721.35
2706.32
2689.27
2669.85
2647.93
2623.03
2595.21
2564.14
2529.88
2492.05
2450.54
2405.28
2355.52
2301.99
2244.24
2182.85
2116.7
2047.04
1972.27
1896.17
1816.58
1735.62
1656.83
1577.65
1501.36
1430.45
1364.39
1303.47
1245.94
1194.86
1091.58
2790
2790
2790
2790
2790.02
2790.56
2794.7
2805.93
2817.8
2823.32
2822.86
2817.09
2805.58
2795.83
2789.18
2784.21
2779.11
2773.09
2766.95
2762.37
2760.49
2760.49
2762.4
2766.04
2768.87
2769.94
2770.07
2769.81
2769.38
2769.04
2768.77
2768.52
2768.33
2768.31
2768.43
2768.55
2768.54
2768.35
2767.95
2767.42
2766.84
2766.27
2765.73
2765.24
2764.83
2764.52
2764.32
2764.24
2764.31
2764.53
2764.91
2765.48
2766.25
2767.19
2768.29
2769.56
2770.98
2772.56
2774.29
2776.15
2778.15
2780.26
2782.46
2784.75
2787.09
2789.48
2791.89
2794.3
2796.7
2799.07
2801.38
2803.59
2805.67
2807.59
2809.33
2810.85
2812.08
2812.99
2813.55
2813.69
2813.29
2812.33
2810.71
2808.39
2805.25
2801.2
2796.14
2789.94
2782.48
2773.56
2763.05
2750.71
2736.44
2719.96
2701.21
2679.79
2655.73
2628.58
2598.36
2564.64
2527.23
2485.82
2440
2390.22
2335.44
2276.83
2214.21
2147.45
2076.67
2000.18
1922.9
1840.35
1759.7
1673.18
1589.74
1505.5
1425.43
1352.6
1290.32
1240.62
1138.13
2790
2790
2790
2790
2790.01
2790.23
2792.72
2802.05
2815.28
2823.13
2823.95
2820.86
2810.49
2800.22
2793.28
2788.47
2783.92
2778.5
2772.53
2767.29
2764.25
2763.44
2764.26
2767.33
2770.86
2772.76
2773.25
2773.21
2772.96
2772.76
2772.67
2772.62
2772.61
2772.74
2773.04
2773.35
2773.5
2773.46
2773.24
2772.88
2772.47
2772.07
2771.72
2771.41
2771.19
2771.07
2771.06
2771.19
2771.44
2771.84
2772.42
2773.19
2774.17
2775.33
2776.66
2778.17
2779.84
2781.68
2783.69
2785.84
2788.14
2790.57
2793.12
2795.77
2798.5
2801.29
2804.14
2807.01
2809.9
2812.78
2815.64
2818.45
2821.17
2823.77
2826.23
2828.52
2830.6
2832.43
2833.93
2835.06
2835.78
2836.03
2835.73
2834.81
2833.19
2830.75
2827.42
2823.09
2817.67
2810.98
2802.87
2793.15
2781.72
2768.32
2752.82
2734.85
2714.39
2691.04
2664.75
2634.95
2601.46
2564
2522.32
2476.58
2426.04
2371.46
2311.85
2247.88
2179.48
2105.67
2030.5
1949.02
1867.25
1783.29
1697.84
1614.39
1528.53
1447.16
1367.8
1299.89
1167.63
2790
2790
2790
2790
2790
2790.08
2791.4
2798.38
2811.76
2822.24
2824.95
2823.65
2815.17
2804.79
2797.6
2792.79
2788.61
2783.67
2777.98
2772.49
2768.48
2766.78
2766.77
2768.68
2772.42
2775.29
2776.44
2776.64
2776.58
2776.51
2776.58
2776.76
2776.98
2777.29
2777.73
2778.21
2778.54
2778.65
2778.58
2778.38
2778.14
2777.92
2777.74
2777.63
2777.59
2777.66
2777.84
2778.14
2778.58
2779.18
2779.95
2780.92
2782.1
2783.47
2785.03
2786.77
2788.68
2790.77
2793.04
2795.48
2798.07
2800.81
2803.68
2806.67
2809.77
2812.95
2816.21
2819.52
2822.87
2826.25
2829.64
2833.01
2836.34
2839.58
2842.73
2845.76
2848.63
2851.3
2853.74
2855.88
2857.67
2859.04
2859.96
2860.38
2860.26
2859.41
2857.81
2855.27
2851.81
2847.23
2841.41
2834.17
2825.38
2814.77
2802.28
2787.58
2770.64
2751
2728.53
2702.73
2673.52
2640.57
2603.66
2562.66
2517.03
2467.08
2411.53
2351.32
2286.03
2216.15
2140.18
2060.05
1972.03
1887.57
1795.43
1706.65
1618.97
1538.09
1462.94
1396.29
1261.98
2790
2790
2790
2790
2790
2790.03
2790.63
2795.29
2807.63
2820.49
2825.4
2825.41
2819.61
2809.64
2802
2796.94
2792.94
2788.42
2783.14
2777.73
2773.21
2770.55
2769.82
2770.63
2773.83
2777.47
2779.52
2780.16
2780.28
2780.35
2780.58
2780.98
2781.43
2781.93
2782.52
2783.13
2783.63
2783.89
2783.96
2783.92
2783.84
2783.79
2783.79
2783.86
2784.01
2784.25
2784.61
2785.1
2785.73
2786.52
2787.47
2788.63
2790.01
2791.59
2793.36
2795.33
2797.48
2799.82
2802.35
2805.05
2807.93
2810.97
2814.16
2817.49
2820.94
2824.5
2828.16
2831.89
2835.69
2839.54
2843.43
2847.34
2851.24
2855.11
2858.91
2862.64
2866.26
2869.73
2873.03
2876.09
2878.88
2881.35
2883.44
2885.06
2886.19
2886.77
2886.81
2885.97
2884.36
2881.74
2878.07
2873.17
2866.91
2859.09
2849.6
2838.13
2824.58
2808.5
2789.82
2768.08
2743.25
2714.94
2682.95
2646.93
2606.27
2561.08
2510.55
2455.45
2394.29
2328.01
2256.3
2179.67
2097.4
2009.41
1917.27
1816.9
1719.67
1623.61
1533.55
1456.94
1302.8
2790
2790
2790
2790
2790
2790.01
2790.25
2793
2803.32
2817.7
2825.12
2826.8
2823.54
2814.45
2806.17
2800.78
2796.96
2792.92
2788.11
2782.98
2778.3
2774.89
2773.42
2773.44
2775.48
2779.37
2782.41
2783.75
2784.16
2784.37
2784.71
2785.29
2785.98
2786.69
2787.42
2788.15
2788.76
2789.17
2789.38
2789.48
2789.55
2789.66
2789.83
2790.07
2790.39
2790.81
2791.35
2792.02
2792.83
2793.8
2794.94
2796.28
2797.84
2799.62
2801.61
2803.8
2806.18
2808.75
2811.53
2814.49
2817.64
2820.97
2824.46
2828.11
2831.89
2835.81
2839.84
2843.98
2848.2
2852.5
2856.86
2861.28
2865.72
2870.16
2874.58
2878.97
2883.29
2887.52
2891.63
2895.57
2899.31
2902.79
2905.97
2908.8
2911.24
2913.17
2914.58
2915.39
2915.57
2914.84
2913.22
2910.51
2906.61
2901.34
2894.6
2886.09
2875.74
2863.14
2848.26
2830.64
2810.21
2786.5
2759.23
2727.89
2692.03
2651.65
2606.07
2555.64
2499.11
2437.34
2369.52
2296.27
2218
2132.63
2044.78
1949.73
1854.2
1760.73
1661.43
1571.16
1394.16
2790
2790
2790
2790
2790
2790
2790.08
2791.52
2799.29
2814
2824.26
2828.1
2826.41
2818.7
2810.1
2804.49
2800.88
2797.29
2792.93
2788.11
2783.51
2779.73
2777.53
2776.93
2777.86
2781.28
2785.12
2787.35
2788.2
2788.57
2789.02
2789.74
2790.64
2791.54
2792.41
2793.24
2793.94
2794.47
2794.81
2795.05
2795.25
2795.5
2795.83
2796.24
2796.73
2797.32
2798.02
2798.86
2799.85
2800.99
2802.31
2803.83
2805.58
2807.55
2809.74
2812.14
2814.74
2817.54
2820.56
2823.78
2827.19
2830.79
2834.57
2838.53
2842.64
2846.89
2851.29
2855.8
2860.43
2865.16
2869.97
2874.87
2879.83
2884.82
2889.82
2894.83
2899.81
2904.75
2909.61
2914.37
2918.98
2923.4
2927.6
2931.51
2935.1
2938.32
2941.12
2943.37
2945.03
2946.04
2946.34
2945.71
2944.08
2941.26
2937.14
2931.51
2924.24
2915
2903.73
2889.96
2873.61
2854.13
2831.31
2804.65
2773.87
2738.75
2698.59
2653.51
2602.52
2546.06
2482.66
2413.25
2337.27
2255.02
2164.37
2069.08
1965.1
1864.04
1764.5
1681.67
1517.21
2790
2790
2790
2790
2790
2790
2790.03
2790.68
2795.95
2809.71
2822.91
2828.66
2828.14
2822.58
2814.05
2808.22
2804.72
2801.52
2797.55
2793.05
2788.69
2784.87
2782.16
2781.04
2781.23
2783.57
2787.68
2790.85
2792.33
2792.97
2793.52
2794.32
2795.38
2796.47
2797.47
2798.37
2799.16
2799.78
2800.24
2800.6
2800.93
2801.31
2801.78
2802.34
2802.98
2803.73
2804.59
2805.59
2806.75
2808.06
2809.55
2811.24
2813.16
2815.32
2817.71
2820.31
2823.12
2826.14
2829.39
2832.84
2836.51
2840.37
2844.43
2848.67
2853.08
2857.66
2862.39
2867.27
2872.28
2877.4
2882.64
2887.98
2893.41
2898.91
2904.46
2910.05
2915.65
2921.24
2926.81
2932.32
2937.75
2943.05
2948.2
2953.13
2957.83
2962.23
2966.3
2969.96
2973.15
2975.77
2977.73
2978.97
2979.43
2978.91
2977.24
2974.28
2969.86
2963.76
2955.88
2945.78
2933.37
2918.12
2899.92
2878.27
2852.92
2823.45
2789.3
2750.38
2705.67
2655.34
2598.19
2535.12
2464.59
2387.42
2303.04
2210.51
2114.22
2002.6
1888.78
1784.15
1589.5
2790
2790
2790
2790
2790
2790
2790.01
2790.28
2793.51
2805.32
2820.59
2828.66
2829.29
2825.99
2817.93
2811.83
2808.33
2805.48
2801.96
2797.81
2793.76
2790.14
2787.21
2785.59
2785.26
2786.45
2790.18
2794.12
2796.38
2797.38
2798.05
2798.93
2800.11
2801.36
2802.48
2803.47
2804.33
2805.04
2805.61
2806.08
2806.53
2807.03
2807.62
2808.31
2809.1
2810
2811.01
2812.16
2813.48
2814.96
2816.61
2818.47
2820.56
2822.89
2825.47
2828.27
2831.29
2834.52
2837.98
2841.67
2845.58
2849.69
2854.01
2858.53
2863.23
2868.12
2873.17
2878.39
2883.75
2889.26
2894.9
2900.66
2906.54
2912.52
2918.58
2924.71
2930.88
2937.09
2943.31
2949.52
2955.7
2961.81
2967.82
2973.7
2979.39
2984.88
2990.1
2995.02
2999.56
3003.67
3007.27
3010.24
3012.51
3014
3014.63
3014.23
3012.53
3009.41
3004.67
2998.02
2989.34
2978.18
2964.47
2947.66
2927.48
2903.36
2874.78
2841.44
2802.45
2757.79
2706.31
2648.53
2583.05
2510.9
2430.73
2343.05
2247.68
2149.93
2041.17
1942.21
1754.91
2790
2790
2790
2790
2790
2790
2790
2790.11
2791.92
2801.3
2817.41
2828.11
2830.3
2828.72
2821.48
2815.15
2811.66
2809.22
2806.21
2802.46
2798.67
2795.29
2792.38
2790.33
2789.56
2789.96
2792.74
2797.03
2800.11
2801.63
2802.52
2803.48
2804.75
2806.13
2807.37
2808.45
2809.39
2810.2
2810.88
2811.47
2812.03
2812.63
2813.33
2814.14
2815.07
2816.1
2817.25
2818.55
2820.02
2821.65
2823.47
2825.49
2827.74
2830.25
2833
2835.99
2839.21
2842.65
2846.32
2850.22
2854.36
2858.71
2863.28
2868.05
2873.03
2878.2
2883.55
2889.08
2894.79
2900.64
2906.65
2912.81
2919.1
2925.52
2932.05
2938.67
2945.37
2952.15
2958.97
2965.83
2972.69
2979.54
2986.35
2993.09
2999.71
3006.19
3012.49
3018.58
3024.38
3029.86
3034.92
3039.52
3043.56
3046.95
3049.56
3051.31
3052.1
3051.82
3050.02
3046.68
3041.51
3034.24
3024.72
3012.4
2997.01
2977.94
2954.8
2927.14
2894.27
2856.02
2811.24
2759.99
2700.88
2634.61
2559.45
2475.6
2382.4
2279.74
2169.5
2060.18
1871.56
2790
2790
2790
2790
2790
2790
2790
2790.04
2791
2797.98
2813.81
2827
2831.23
2830.55
2824.5
2818.24
2814.84
2812.81
2810.31
2806.9
2803.29
2800.08
2797.29
2795.03
2793.88
2793.8
2795.47
2799.62
2803.47
2805.64
2806.82
2807.89
2809.2
2810.67
2812.04
2813.22
2814.26
2815.18
2815.98
2816.68
2817.34
2818.04
2818.84
2819.77
2820.82
2821.98
2823.27
2824.71
2826.33
2828.11
2830.08
2832.26
2834.67
2837.34
2840.27
2843.45
2846.85
2850.49
2854.36
2858.47
2862.82
2867.4
2872.21
2877.23
2882.47
2887.91
2893.54
2899.37
2905.38
2911.57
2917.93
2924.45
2931.13
2937.96
2944.92
2952.01
2959.2
2966.5
2973.88
2981.33
2988.82
2996.35
3003.89
3011.41
3018.87
3026.25
3033.53
3040.65
3047.59
3054.29
3060.69
3066.73
3072.34
3077.44
3081.97
3085.81
3088.76
3090.78
3091.74
3091.55
3089.62
3086
3080.27
3072.17
3061.41
3047.47
3030.02
3008.53
2982.38
2951.15
2913.7
2869.96
2818.62
2759.86
2691.98
2615.31
2528.37
2431.59
2326.16
2215.4
2029.82
2790
2790
2790
2790
2790
2790
2790
2790.01
2790.5
2795.47
2810.22
2825.58
2831.72
2831.71
2827.14
2821.2
2817.9
2816.18
2814.1
2811
2807.51
2804.44
2801.84
2799.6
2798.17
2797.75
2798.62
2802.16
2806.54
2809.38
2810.92
2812.11
2813.45
2814.98
2816.44
2817.73
2818.88
2819.92
2820.84
2821.65
2822.41
2823.21
2824.11
2825.14
2826.32
2827.61
2829.03
2830.61
2832.37
2834.31
2836.43
2838.76
2841.33
2844.16
2847.26
2850.61
2854.2
2858.02
2862.09
2866.41
2870.96
2875.76
2880.79
2886.04
2891.52
2897.21
2903.11
2909.21
2915.52
2922.01
2928.69
2935.54
2942.58
2949.78
2957.14
2964.65
2972.29
2980.06
2987.94
2995.93
3004
3012.14
3020.33
3028.55
3036.78
3044.98
3053.13
3061.21
3069.17
3076.99
3084.6
3091.95
3098.99
3105.64
3111.86
3117.53
3122.58
3126.88
3130.2
3132.5
3133.62
3133.49
3131.34
3127.34
3120.99
3111.98
3099.87
3084.08
3064.04
3039.12
3008.31
2971.28
2926.65
2874.37
2813.09
2742.85
2661.56
2571.47
2467.64
2361.95
2192.06
2790
2790
2790
2790
2790
2790
2790
2790.01
2790.26
2793.72
2806.99
2823.91
2831.77
2832.64
2829.46
2824.01
2820.72
2819.19
2817.48
2814.71
2811.39
2808.45
2806.08
2804.01
2802.44
2801.81
2802.17
2804.86
2809.43
2812.89
2814.83
2816.17
2817.53
2819.06
2820.59
2821.97
2823.23
2824.38
2825.4
2826.31
2827.17
2828.06
2829.06
2830.21
2831.51
2832.94
2834.5
2836.22
2838.12
2840.21
2842.48
2844.97
2847.69
2850.68
2853.94
2857.47
2861.24
2865.25
2869.5
2874
2878.76
2883.76
2889
2894.47
2900.18
2906.11
2912.25
2918.61
2925.19
2931.96
2938.94
2946.1
2953.46
2961.01
2968.74
2976.63
2984.68
2992.88
3001.23
3009.7
3018.29
3026.99
3035.78
3044.64
3053.55
3062.48
3071.43
3080.35
3089.23
3098.03
3106.72
3115.24
3123.54
3131.58
3139.29
3146.62
3153.48
3159.75
3165.34
3170.12
3173.8
3176.39
3177.64
3177.53
3175.16
3170.68
3163.34
3152.86
3138.64
3120.06
3096.23
3066.69
3030.07
2986.17
2933.34
2870.55
2795.97
2709.39
2608.41
2498.9
2338.62
2790
2790
2790
2790
2790
2790
2790
2790
2790.14
2792.57
2804.31
2822.17
2831.55
2833.55
2831.49
2826.44
2823.17
2821.86
2820.52
2818.16
2815.04
2812.25
2810.11
2808.25
2806.68
2805.92
2805.95
2807.84
2812.26
2816.24
2818.6
2820.09
2821.46
2822.98
2824.53
2825.97
2827.3
2828.53
2829.64
2830.64
2831.58
2832.57
2833.67
2834.94
2836.37
2837.94
2839.65
2841.52
2843.56
2845.8
2848.23
2850.87
2853.75
2856.89
2860.32
2864.02
2867.96
2872.14
2876.58
2881.27
2886.21
2891.41
2896.85
2902.53
2908.44
2914.59
2920.97
2927.57
2934.39
2941.43
2948.68
2956.13
2963.78
2971.65
2979.7
2987.95
2996.37
3004.96
3013.72
3022.63
3031.69
3040.88
3050.2
3059.63
3069.15
3078.74
3088.38
3098.06
3107.75
3117.43
3127.07
3136.63
3146.06
3155.32
3164.37
3173.16
3181.63
3189.67
3197.21
3204.12
3210.29
3215.58
3219.67
3222.56
3223.97
3223.81
3220.98
3215.77
3207.3
3195.25
3178.72
3157.11
3128.94
3093.8
3049.74
2996.09
2931.09
2852.62
2761.3
2653.28
2504.19
2790
2790
2790
2790
2790
2790
2790
2790
2790.08
2791.87
2802.27
2820.59
2831.34
2834.47
2833.12
2828.42
2825.33
2824.27
2823.33
2821.39
2818.52
2815.87
2813.95
2812.29
2810.82
2809.97
2809.79
2811.12
2815.18
2819.52
2822.26
2823.92
2825.3
2826.77
2828.31
2829.77
2831.14
2832.41
2833.57
2834.62
2835.64
2836.71
2837.92
2839.32
2840.89
2842.6
2844.46
2846.48
2848.68
2851.08
2853.66
2856.46
2859.49
2862.79
2866.38
2870.25
2874.36
2878.71
2883.32
2888.19
2893.32
2898.7
2904.32
2910.2
2916.31
2922.67
2929.26
2936.08
2943.13
2950.41
2957.91
2965.62
2973.55
2981.7
2990.05
2998.62
3007.37
3016.32
3025.45
3034.76
3044.24
3053.88
3063.67
3073.6
3083.66
3093.84
3104.1
3114.45
3124.86
3135.32
3145.8
3156.26
3166.68
3177.02
3187.24
3197.3
3207.16
3216.76
3226
3234.8
3243.07
3250.66
3257.45
3263.29
3267.81
3271.02
3272.55
3272.27
3269.01
3262.92
3252.78
3238.2
3217.8
3191.03
3155.74
3111.28
3054.15
2982.09
2895.76
2789.83
2648.72
2790
2790
2790
2790
2790
2790
2790
2790
2790.06
2791.47
2800.88
2819.34
2831.33
2835.29
2834.33
2830.06
2827.3
2826.53
2825.95
2824.42
2821.8
2819.3
2817.57
2816.09
2814.76
2813.9
2813.6
2814.61
2818.26
2822.78
2825.85
2827.68
2829.07
2830.48
2831.97
2833.41
2834.76
2836.03
2837.2
2838.28
2839.35
2840.51
2841.83
2843.35
2845.06
2846.93
2848.94
2851.12
2853.48
2856.03
2858.77
2861.73
2864.92
2868.38
2872.13
2876.16
2880.44
2884.96
2889.74
2894.78
2900.08
2905.63
2911.44
2917.5
2923.8
2930.35
2937.14
2944.16
2951.43
2958.93
2966.66
2974.61
2982.79
2991.2
2999.83
3008.68
3017.74
3027
3036.47
3046.14
3055.99
3066.03
3076.24
3086.62
3097.16
3107.85
3118.66
3129.6
3140.64
3151.77
3162.98
3174.25
3185.53
3196.8
3208.04
3219.21
3230.29
3241.22
3251.95
3262.39
3272.48
3282.09
3291.16
3299.51
3307.02
3313.5
3318.52
3322.04
3323.65
3323.07
3318.92
3311.34
3298.83
3280.87
3255.4
3221.87
3175.82
3115.11
3037.13
2936.59
2801.63
2790
2790
2790
2790
2790
2790
2790
2790
2790.05
2791.3
2800.12
2818.61
2831.52
2835.94
2835.23
2831.48
2829.13
2828.66
2828.42
2827.26
2824.87
2822.53
2820.95
2819.63
2818.47
2817.68
2817.35
2818.23
2821.53
2826.09
2829.39
2831.36
2832.74
2834.09
2835.49
2836.86
2838.16
2839.39
2840.55
2841.64
2842.75
2843.98
2845.4
2847.05
2848.91
2850.93
2853.1
2855.44
2857.95
2860.67
2863.57
2866.69
2870.04
2873.66
2877.57
2881.76
2886.21
2890.89
2895.83
2901.03
2906.5
2912.23
2918.21
2924.44
2930.92
2937.65
2944.62
2951.83
2959.29
2967
2974.94
2983.11
2991.52
3000.16
3009.04
3018.15
3027.48
3037.03
3046.8
3056.78
3066.97
3077.36
3087.95
3098.73
3109.69
3120.83
3132.13
3143.58
3155.18
3166.9
3178.75
3190.71
3202.74
3214.83
3226.95
3239.08
3251.21
3263.29
3275.29
3287.14
3298.79
3310.15
3321.16
3331.68
3341.65
3350.86
3359.17
3366.33
3371.89
3375.78
3377.49
3376.55
3371.59
3362.43
3347.18
3325.33
3291.94
3244.23
3174.45
3080.55
2949.13
2790
2790
2790
2790
2790
2790
2790
2790
2790.05
2791.27
2799.98
2818.49
2831.89
2836.51
2835.96
2832.76
2830.91
2830.67
2830.72
2829.88
2827.68
2825.52
2824.1
2822.95
2822
2821.32
2821.05
2821.92
2824.98
2829.45
2832.87
2834.9
2836.24
2837.49
2838.8
2840.08
2841.31
2842.49
2843.62
2844.72
2845.87
2847.17
2848.69
2850.47
2852.46
2854.63
2856.96
2859.45
2862.13
2865.01
2868.08
2871.35
2874.86
2878.64
2882.72
2887.07
2891.67
2896.52
2901.62
2906.98
2912.61
2918.5
2924.64
2931.04
2937.68
2944.58
2951.73
2959.13
2966.77
2974.67
2982.8
2991.18
2999.8
3008.66
3017.77
3027.11
3036.69
3046.51
3056.55
3066.82
3077.31
3088.02
3098.94
3110.07
3121.42
3132.96
3144.68
3156.59
3168.67
3180.92
3193.33
3205.89
3218.58
3231.37
3244.26
3257.22
3270.25
3283.32
3296.41
3309.46
3322.44
3335.29
3347.95
3360.33
3372.38
3383.95
3394.96
3405.18
3414.46
3422.47
3428.75
3433.08
3434.87
3433.22
3426.32
3414.14
3393.16
3360.75
3304.98
3227.14
3101.1
2790
2790
2790
2790
2790
2790
2790
2790
2790.05
2791.32
2800.27
2818.98
2832.54
2837.07
2836.57
2833.93
2832.65
2832.62
2832.88
2832.24
2830.23
2828.29
2827.05
2826.08
2825.35
2824.82
2824.67
2825.59
2828.48
2832.76
2836.16
2838.17
2839.43
2840.58
2841.78
2842.99
2844.16
2845.31
2846.42
2847.54
2848.73
2850.11
2851.73
2853.63
2855.76
2858.07
2860.55
2863.2
2866.04
2869.07
2872.3
2875.73
2879.4
2883.35
2887.58
2892.09
2896.85
2901.85
2907.1
2912.62
2918.41
2924.45
2930.75
2937.3
2944.11
2951.17
2958.48
2966.04
2973.86
2981.93
2990.25
2998.82
3007.63
3016.69
3026.01
3035.57
3045.38
3055.43
3065.72
3076.26
3087.02
3098.02
3109.25
3120.7
3132.38
3144.28
3156.39
3168.71
3181.22
3193.93
3206.84
3219.93
3233.18
3246.6
3260.15
3273.84
3287.64
3301.57
3315.59
3329.68
3343.79
3357.9
3371.96
3385.91
3399.72
3413.29
3426.55
3439.35
3451.58
3462.99
3473.4
3482.35
3489.35
3494.07
3495.83
3493.47
3485.38
3468.42
3431.1
3377.91
3271.1
2790
2790
2790
2790
2790
2790
2790
2790
2790.06
2791.52
2801.16
2820.1
2833.37
2837.64
2837.11
2835.03
2834.3
2834.56
2834.93
2834.39
2832.58
2830.9
2829.84
2829.08
2828.53
2828.18
2828.17
2829.16
2831.88
2835.89
2839.14
2841.04
2842.18
2843.22
2844.34
2845.51
2846.66
2847.81
2848.95
2850.1
2851.35
2852.81
2854.55
2856.56
2858.82
2861.28
2863.9
2866.7
2869.69
2872.88
2876.27
2879.85
2883.68
2887.78
2892.18
2896.84
2901.76
2906.91
2912.31
2917.98
2923.92
2930.12
2936.57
2943.28
2950.23
2957.45
2964.91
2972.64
2980.62
2988.86
2997.35
3006.09
3015.09
3024.34
3033.85
3043.62
3053.64
3063.91
3074.43
3085.21
3096.23
3107.49
3118.99
3130.74
3142.73
3154.96
3167.42
3180.1
3193
3206.13
3219.48
3233.04
3246.81
3260.77
3274.91
3289.23
3303.72
3318.39
3333.22
3348.19
3363.28
3378.47
3393.72
3409
3424.28
3439.53
3454.67
3469.63
3484.3
3498.53
3512.24
3525.17
3537.12
3547.49
3555.8
3561.23
3563.3
3558.72
3541.11
3511.38
3445.19
2790
2790
2790
2790
2790
2790
2790
2790
2790.09
2791.92
2802.59
2821.72
2834.31
2838.24
2837.68
2836.1
2835.86
2836.46
2836.88
2836.37
2834.76
2833.36
2832.5
2831.94
2831.56
2831.35
2831.49
2832.47
2835.02
2838.71
2841.7
2843.42
2844.44
2845.38
2846.45
2847.62
2848.81
2850.01
2851.21
2852.42
2853.76
2855.31
2857.16
2859.3
2861.69
2864.27
2867.03
2869.98
2873.12
2876.46
2879.99
2883.72
2887.7
2891.97
2896.52
2901.33
2906.39
2911.69
2917.24
2923.06
2929.15
2935.49
2942.09
2948.94
2956.04
2963.4
2971.02
2978.9
2987.04
2995.44
3004.09
3013
3022.17
3031.61
3041.31
3051.27
3061.49
3071.97
3082.71
3093.71
3104.97
3116.48
3128.24
3140.27
3152.54
3165.07
3177.85
3190.88
3204.14
3217.65
3231.4
3245.4
3259.62
3274.08
3288.75
3303.64
3318.74
3334.07
3349.61
3365.36
3381.29
3397.41
3413.67
3430.09
3446.61
3463.25
3479.94
3496.66
3513.34
3529.9
3546.28
3562.3
3577.82
3592.53
3606.19
3618.1
3628.06
3634.45
3636.05
3624.21
3602.22
2790
2790
2790
2790
2790
2790
2790
2790
2790.14
2792.56
2804.57
2823.73
2835.32
2838.82
2838.35
2837.18
2837.32
2838.29
2838.72
2838.2
2836.81
2835.71
2835.07
2834.68
2834.42
2834.32
2834.52
2835.46
2837.81
2841.13
2843.81
2845.31
2846.19
2847.06
2848.13
2849.34
2850.61
2851.91
2853.2
2854.51
2855.94
2857.61
2859.58
2861.85
2864.37
2867.08
2869.97
2873.05
2876.33
2879.81
2883.48
2887.37
2891.5
2895.92
2900.62
2905.59
2910.79
2916.23
2921.93
2927.89
2934.12
2940.6
2947.34
2954.33
2961.57
2969.07
2976.83
2984.86
2993.14
3001.69
3010.51
3019.58
3028.91
3038.52
3048.39
3058.53
3068.94
3079.62
3090.57
3101.78
3113.26
3125
3137.01
3149.29
3161.83
3174.65
3187.72
3201.06
3214.65
3228.51
3242.63
3257.02
3271.66
3286.56
3301.71
3317.1
3332.75
3348.66
3364.83
3381.25
3397.92
3414.83
3431.97
3449.33
3466.9
3484.69
3502.66
3520.82
3539.1
3557.48
3575.9
3594.3
3612.58
3630.61
3648.2
3665.08
3680.91
3694.63
3705.98
3710.11
3714.73
2790
2790
2790
2790
2790
2790
2790
2790
2790.23
2793.51
2807.08
2826.01
2836.36
2839.37
2839.1
2838.28
2838.76
2840.03
2840.42
2839.9
2838.74
2837.94
2837.52
2837.26
2837.08
2837.03
2837.19
2838.03
2840.18
2843.14
2845.48
2846.75
2847.51
2848.33
2849.43
2850.73
2852.12
2853.53
2854.93
2856.35
2857.9
2859.71
2861.82
2864.22
2866.87
2869.7
2872.72
2875.92
2879.34
2882.95
2886.76
2890.78
2895.06
2899.63
2904.48
2909.59
2914.93
2920.51
2926.34
2932.45
2938.81
2945.43
2952.3
2959.42
2966.8
2974.44
2982.34
2990.5
2998.93
3007.63
3016.6
3025.82
3035.32
3045.08
3055.13
3065.45
3076.04
3086.9
3098.04
3109.46
3121.15
3133.12
3145.36
3157.88
3170.68
3183.76
3197.11
3210.74
3224.65
3238.84
3253.31
3268.06
3283.09
3298.39
3313.97
3329.83
3345.96
3362.39
3379.11
3396.13
3413.43
3431.02
3448.9
3467.06
3485.48
3504.21
3523.2
3542.47
3561.97
3581.71
3601.62
3621.72
3641.89
3662.09
3682.1
3701.76
3720.63
3738.57
3753.99
3765.65
3778.45
2790
2790
2790
2790
2790
2790
2790
2790.01
2790.4
2794.86
2810.05
2828.4
2837.35
2839.9
2839.83
2839.42
2840.33
2841.73
2842.01
2841.5
2840.56
2840.03
2839.8
2839.61
2839.45
2839.34
2839.39
2840.13
2842.09
2844.72
2846.72
2847.76
2848.43
2849.26
2850.43
2851.84
2853.35
2854.89
2856.41
2857.96
2859.66
2861.62
2863.89
2866.43
2869.2
2872.15
2875.29
2878.62
2882.15
2885.89
2889.83
2893.99
2898.41
2903.13
2908.12
2913.36
2918.83
2924.55
2930.52
2936.75
2943.25
2950
2956.99
2964.24
2971.74
2979.51
2987.54
2995.84
3004.41
3013.24
3022.35
3031.72
3041.36
3051.29
3061.49
3071.97
3082.74
3093.78
3105.1
3116.71
3128.6
3140.77
3153.23
3165.98
3179.02
3192.34
3205.96
3219.86
3234.05
3248.53
3263.31
3278.39
3293.77
3309.45
3325.41
3341.68
3358.25
3375.14
3392.34
3409.87
3427.71
3445.87
3464.35
3483.15
3502.25
3521.69
3541.43
3561.5
3581.83
3602.46
3623.28
3644.35
3665.48
3686.67
3707.66
3728.29
3747.97
3766.45
3782.19
3794.69
3805.85
2790
2790
2790
2790
2790
2790
2790
2790.02
2790.69
2796.69
2813.35
2830.77
2838.26
2840.39
2840.54
2840.64
2842.04
2843.41
2843.52
2843.01
2842.26
2841.93
2841.8
2841.62
2841.38
2841.13
2841.04
2841.72
2843.53
2845.85
2847.53
2848.41
2849.04
2849.92
2851.19
2852.72
2854.35
2856
2857.65
2859.35
2861.22
2863.36
2865.79
2868.47
2871.36
2874.43
2877.67
2881.12
2884.78
2888.64
2892.69
2896.98
2901.55
2906.41
2911.53
2916.9
2922.5
2928.34
2934.44
2940.8
2947.42
2954.29
2961.4
2968.77
2976.4
2984.29
2992.45
3000.88
3009.57
3018.54
3027.78
3037.29
3047.08
3057.15
3067.51
3078.15
3089.08
3100.29
3111.79
3123.58
3135.66
3148.03
3160.69
3173.65
3186.91
3200.47
3214.33
3228.49
3242.95
3257.71
3272.78
3288.16
3303.85
3319.85
3336.16
3352.78
3369.72
3386.99
3404.6
3422.55
3440.82
3459.44
3478.38
3497.66
3517.25
3537.17
3557.4
3577.94
3598.71
3619.75
3640.89
3662.17
3683.39
3704.51
3724.99
3744.77
3763.2
3780.14
3793.36
3802
3809.86
2790
2790
2790
2790
2790
2790
2790
2790.05
2791.18
2799.01
2816.83
2832.97
2839.08
2840.84
2841.24
2841.97
2843.87
2845.08
2845
2844.49
2843.85
2843.58
2843.4
2843.11
2842.73
2842.31
2842.12
2842.76
2844.46
2846.52
2847.96
2848.75
2849.42
2850.39
2851.76
2853.38
2855.12
2856.9
2858.69
2860.56
2862.62
2864.94
2867.53
2870.36
2873.36
2876.54
2879.89
2883.46
2887.23
2891.2
2895.37
2899.79
2904.49
2909.48
2914.73
2920.21
2925.93
2931.89
2938.12
2944.6
2951.34
2958.32
2965.54
2973.03
2980.77
2988.78
2997.05
3005.6
3014.42
3023.51
3032.88
3042.52
3052.45
3062.66
3073.16
3083.95
3095.02
3106.39
3118.06
3130.01
3142.27
3154.82
3167.68
3180.84
3194.3
3208.07
3222.15
3236.54
3251.24
3266.25
3281.58
3297.23
3313.2
3329.49
3346.1
3363.03
3380.29
3397.88
3415.81
3434.08
3452.68
3471.61
3490.86
3510.42
3530.28
3550.43
3570.83
3591.49
3612.27
3633.18
3654.08
3674.89
3695.22
3715.17
3734.22
3752.22
3767.68
3780.76
3790.37
3795.22
3796.88
2790
2790
2790
2790
2790
2790
2790
2790.11
2791.93
2801.82
2820.32
2834.9
2839.89
2841.31
2842
2843.42
2845.63
2846.65
2846.43
2845.87
2845.25
2844.91
2844.56
2844.07
2843.49
2842.95
2842.71
2843.31
2844.93
2846.8
2848.12
2848.89
2849.61
2850.66
2852.13
2853.85
2855.7
2857.6
2859.55
2861.6
2863.85
2866.37
2869.12
2872.08
2875.21
2878.49
2881.95
2885.62
2889.49
2893.57
2897.86
2902.4
2907.23
2912.34
2917.71
2923.31
2929.14
2935.22
2941.56
2948.15
2955
2962.08
2969.42
2977.01
2984.86
2992.98
3001.37
3010.03
3018.97
3028.18
3037.67
3047.44
3057.49
3067.83
3078.47
3089.4
3100.62
3112.14
3123.96
3136.08
3148.5
3161.23
3174.26
3187.6
3201.26
3215.23
3229.51
3244.11
3259.02
3274.25
3289.8
3305.68
3321.89
3338.41
3355.26
3372.42
3389.93
3407.76
3425.93
3444.42
3463.23
3482.34
3501.75
3521.41
3541.32
3561.43
3581.7
3602.07
3622.49
3642.78
3662.76
3682.41
3701.68
3719.76
3736.24
3750.57
3762.75
3771.66
3777.42
3778.86
3775.48
2790
2790
2790
2790
2790
2790
2790.01
2790.21
2793.01
2805.02
2823.65
2836.54
2840.69
2841.89
2842.93
2844.96
2847.27
2848.05
2847.72
2847.04
2846.34
2845.82
2845.24
2844.53
2843.78
2843.17
2842.91
2843.52
2845.12
2846.88
2848.1
2848.87
2849.65
2850.79
2852.34
2854.16
2856.12
2858.16
2860.27
2862.51
2864.96
2867.66
2870.58
2873.67
2876.9
2880.28
2883.85
2887.62
2891.6
2895.77
2900.17
2904.83
2909.78
2915.01
2920.49
2926.19
2932.13
2938.32
2944.77
2951.47
2958.41
2965.6
2973.03
2980.72
2988.68
2996.9
3005.39
3014.16
3023.21
3032.53
3042.14
3052.02
3062.19
3072.66
3083.42
3094.48
3105.84
3117.5
3129.46
3141.72
3154.3
3167.18
3180.37
3193.88
3207.71
3221.85
3236.32
3251.1
3266.2
3281.63
3297.38
3313.46
3329.86
3346.58
3363.61
3380.96
3398.62
3416.6
3434.89
3453.47
3472.33
3491.45
3510.81
3530.35
3550.04
3569.83
3589.69
3609.42
3628.97
3648.25
3667.35
3685.3
3702.11
3717.15
3730.55
3741.71
3750.46
3755.81
3758.14
3757.09
3750.56
2790
2790
2790
2790
2790
2790
2790.01
2790.4
2794.48
2808.47
2826.71
2837.9
2841.42
2842.59
2844.02
2846.53
2848.74
2849.21
2848.72
2847.87
2847.04
2846.31
2845.49
2844.63
2843.73
2843.03
2842.73
2843.36
2844.97
2846.67
2847.83
2848.61
2849.46
2850.73
2852.4
2854.34
2856.43
2858.61
2860.88
2863.31
2865.95
2868.83
2871.9
2875.11
2878.45
2881.93
2885.59
2889.46
2893.54
2897.81
2902.31
2907.09
2912.16
2917.5
2923.07
2928.87
2934.91
2941.2
2947.75
2954.55
2961.59
2968.87
2976.4
2984.18
2992.24
3000.56
3009.16
3018.03
3027.18
3036.61
3046.32
3056.31
3066.6
3077.18
3088.06
3099.25
3110.73
3122.52
3134.61
3147.02
3159.73
3172.76
3186.1
3199.76
3213.74
3228.04
3242.66
3257.6
3272.86
3288.43
3304.33
3320.55
3337.09
3353.94
3371.1
3388.55
3406.31
3424.35
3442.67
3461.22
3480.02
3498.97
3518.08
3537.27
3556.54
3575.67
3594.72
3613.57
3632.34
3650.11
3666.87
3682.33
3696.43
3708.95
3719.41
3727.47
3732.91
3735.57
3734.56
3731.49
3723.29
2790
2790
2790
2790
2790
2790
2790.03
2790.72
2796.35
2812.02
2829.42
2839.03
2842.12
2843.46
2845.36
2848.1
2849.97
2850.04
2849.29
2848.27
2847.32
2846.43
2845.42
2844.32
2843.17
2842.33
2842.07
2842.8
2844.53
2846.21
2847.33
2848.14
2849.11
2850.54
2852.38
2854.44
2856.64
2858.96
2861.39
2864.01
2866.84
2869.89
2873.11
2876.43
2879.87
2883.45
2887.21
2891.17
2895.32
2899.69
2904.3
2909.19
2914.36
2919.8
2925.47
2931.36
2937.5
2943.89
2950.53
2957.42
2964.54
2971.91
2979.52
2987.4
2995.54
3003.96
3012.65
3021.62
3030.86
3040.39
3050.2
3060.3
3070.69
3081.38
3092.37
3103.67
3115.27
3127.17
3139.39
3151.91
3164.75
3177.91
3191.38
3205.17
3219.29
3233.72
3248.48
3263.55
3278.94
3294.64
3310.66
3326.98
3343.61
3360.52
3377.72
3395.18
3412.91
3430.88
3449.09
3467.46
3485.99
3504.62
3523.33
3541.93
3560.49
3578.92
3597.2
3614.73
3631.3
3646.99
3661.56
3674.91
3686.53
3696.19
3703.77
3708.82
3711.81
3712.03
3708.45
3704.15
3695.17
2790
2790
2790
2790
2790
2790
2790.06
2791.2
2798.59
2815.52
2831.77
2839.98
2842.82
2844.44
2846.82
2849.48
2850.83
2850.52
2849.48
2848.36
2847.3
2846.15
2844.76
2843.32
2842.08
2841.33
2841.25
2842.18
2844.02
2845.65
2846.75
2847.63
2848.75
2850.33
2852.3
2854.48
2856.79
2859.23
2861.83
2864.62
2867.65
2870.86
2874.2
2877.63
2881.16
2884.83
2888.68
2892.73
2896.97
2901.43
2906.14
2911.13
2916.41
2921.93
2927.69
2933.67
2939.89
2946.37
2953.1
2960.08
2967.28
2974.73
2982.43
2990.39
2998.62
3007.13
3015.9
3024.96
3034.3
3043.92
3053.82
3064.02
3074.51
3085.3
3096.4
3107.8
3119.5
3131.52
3143.85
3156.49
3169.44
3182.71
3196.3
3210.2
3224.43
3238.97
3253.82
3268.98
3284.45
3300.23
3316.31
3332.68
3349.34
3366.26
3383.44
3400.85
3418.48
3436.27
3454.23
3472.27
3490.42
3508.48
3526.54
3544.59
3562.42
3579.65
3596.02
3611.69
3626.49
3640.26
3652.61
3663.41
3672.41
3679.44
3684.44
3687.24
3687.98
3686.1
3681.5
3675.96
3666.72
2790
2790
2790
2790
2790
2790
2790.12
2791.89
2801.11
2818.82
2833.79
2840.87
2843.61
2845.56
2848.23
2850.5
2851.21
2850.66
2849.45
2848.17
2846.78
2845.17
2843.5
2841.99
2840.89
2840.28
2840.38
2841.53
2843.42
2845.01
2846.11
2847.09
2848.37
2850.11
2852.18
2854.46
2856.87
2859.44
2862.2
2865.18
2868.38
2871.74
2875.2
2878.73
2882.35
2886.1
2890.04
2894.16
2898.49
2903.03
2907.83
2912.93
2918.3
2923.91
2929.74
2935.81
2942.12
2948.68
2955.49
2962.54
2969.82
2977.34
2985.12
2993.16
3001.48
3010.06
3018.92
3028.06
3037.48
3047.19
3057.18
3067.47
3078.05
3088.94
3100.12
3111.62
3123.42
3135.53
3147.96
3160.69
3173.74
3187.11
3200.79
3214.79
3229.11
3243.73
3258.67
3273.9
3289.43
3305.24
3321.33
3337.68
3354.29
3371.12
3388.17
3405.39
3422.77
3440.27
3457.88
3475.44
3493.02
3510.61
3528.01
3544.92
3561.07
3576.68
3591.64
3605.74
3618.64
3630.22
3640.27
3648.65
3655.22
3659.83
3662.63
3663.48
3662.17
3659.11
3653.8
3647.53
3638.24
2790
2790
2790
2790
2790
2790.01
2790.21
2792.79
2803.82
2821.86
2835.51
2841.71
2844.45
2846.7
2849.41
2851.12
2851.29
2850.53
2849.04
2847.38
2845.6
2843.77
2842.06
2840.63
2839.67
2839.17
2839.41
2840.79
2842.72
2844.28
2845.42
2846.52
2847.96
2849.85
2852.03
2854.4
2856.92
2859.62
2862.53
2865.68
2869.04
2872.53
2876.11
2879.73
2883.43
2887.27
2891.28
2895.48
2899.88
2904.51
2909.41
2914.59
2920.04
2925.73
2931.64
2937.79
2944.18
2950.82
2957.71
2964.82
2972.18
2979.77
2987.62
2995.74
3004.13
3012.79
3021.73
3030.95
3040.45
3050.24
3060.31
3070.68
3081.35
3092.32
3103.6
3115.18
3127.07
3139.27
3151.78
3164.6
3177.74
3191.18
3204.94
3219.01
3233.38
3248.05
3263.02
3278.27
3293.8
3309.6
3325.66
3341.94
3358.45
3375.14
3391.97
3408.91
3425.97
3443.02
3460.11
3477.27
3494.25
3510.85
3526.76
3542.22
3557.17
3571.33
3584.5
3596.56
3607.37
3616.77
3624.6
3630.76
3635.21
3637.81
3638.9
3638.14
3635.5
3631.65
3625.98
3619.37
3610.07
2790
2790
2790
2790
2790
2790.01
2790.36
2793.92
2806.61
2824.61
2837.04
2842.59
2845.31
2847.68
2850.14
2851.38
2851.17
2849.97
2848.06
2846.07
2844.11
2842.23
2840.58
2839.23
2838.39
2838.03
2838.43
2840.01
2841.97
2843.53
2844.73
2845.96
2847.56
2849.59
2851.87
2854.32
2856.94
2859.77
2862.83
2866.13
2869.64
2873.26
2876.93
2880.64
2884.42
2888.33
2892.42
2896.69
2901.16
2905.88
2910.86
2916.13
2921.66
2927.42
2933.4
2939.62
2946.09
2952.81
2959.76
2966.94
2974.36
2982.02
2989.94
2998.13
3006.6
3015.33
3024.34
3033.63
3043.21
3053.07
3063.22
3073.66
3084.41
3095.46
3106.81
3118.47
3130.44
3142.71
3155.29
3168.18
3181.38
3194.89
3208.7
3222.81
3237.22
3251.93
3266.9
3282.14
3297.63
3313.35
3329.28
3345.41
3361.71
3378.14
3394.66
3411.2
3427.83
3444.53
3461.11
3477.35
3492.99
3508.3
3523.23
3537.52
3550.97
3563.45
3574.84
3584.99
3593.76
3601.07
3606.8
3610.92
3613.46
3614.42
3613.9
3611.83
3608.29
3603.74
3597.87
3591.08
3581.87
2790
2790
2790
2790
2790
2790.02
2790.57
2795.26
2809.39
2827.08
2838.4
2843.44
2846.07
2848.42
2850.47
2851.37
2850.77
2848.99
2846.67
2844.48
2842.45
2840.59
2839.03
2837.79
2837.08
2836.88
2837.47
2839.23
2841.21
2842.77
2844.04
2845.4
2847.17
2849.32
2851.7
2854.23
2856.95
2859.89
2863.09
2866.55
2870.19
2873.92
2877.68
2881.47
2885.32
2889.31
2893.46
2897.8
2902.35
2907.14
2912.21
2917.56
2923.16
2928.99
2935.04
2941.33
2947.87
2954.65
2961.67
2968.91
2976.39
2984.12
2992.11
3000.36
3008.89
3017.7
3026.78
3036.14
3045.78
3055.71
3065.93
3076.45
3087.27
3098.39
3109.81
3121.53
3133.56
3145.9
3158.54
3171.49
3184.73
3198.27
3212.11
3226.24
3240.64
3255.32
3270.26
3285.44
3300.84
3316.44
3332.22
3348.13
3364.17
3380.24
3396.33
3412.57
3428.75
3444.68
3460.08
3475.19
3489.98
3504.2
3517.68
3530.34
3542.08
3552.76
3562.26
3570.47
3577.3
3582.69
3586.62
3589
3590.12
3589.74
3587.93
3585.11
3580.92
3575.95
3570.02
3563.23
3554.14
2790
2790
2790.04
2790.87
2796.8
2812.17
2829.35
2839.65
2844.17
2846.64
2848.86
2850.57
2851.03
2849.97
2847.64
2845
2842.7
2840.68
2838.9
2837.45
2836.35
2835.76
2835.73
2836.54
2838.45
2840.43
2842.01
2843.36
2844.87
2846.79
2849.07
2851.53
2854.13
2856.94
2860
2863.33
2866.93
2870.7
2874.54
2878.38
2882.23
2886.15
2890.21
2894.43
2898.84
2903.46
2908.33
2913.47
2918.9
2924.56
2930.45
2936.57
2942.93
2949.54
2956.38
2963.45
2970.75
2978.29
2986.08
2994.13
3002.45
3011.05
3019.91
3029.06
3038.48
3048.19
3058.18
3068.46
3079.04
3089.92
3101.1
3112.58
3124.36
3136.45
3148.83
3161.51
3174.49
3187.76
3201.32
3215.16
3229.28
3243.67
3258.3
3273.16
3288.22
3303.46
3318.85
3334.37
3349.98
3365.65
3381.28
3397.08
3412.67
3427.78
3442.67
3457.32
3471.53
3485.13
3498.05
3510.17
3521.36
3531.48
3540.45
3548.15
3554.53
3559.51
3563.09
3565.3
3566.19
3565.87
3564.16
3561.43
3557.87
3553.2
3547.87
3541.87
3535.06
3526.01
2834.56
2835.63
2837.65
2839.63
2841.24
2842.69
2844.34
2846.41
2848.81
2851.35
2854.02
2856.91
2860.09
2863.56
2867.3
2871.18
2875.11
2879.02
2882.95
2886.94
2891.06
2895.35
2899.82
2904.51
2909.45
2914.67
2920.17
2925.9
2931.85
2938.03
2944.45
2951.12
2958.02
2965.15
2972.5
2980.1
2987.94
2996.06
3004.44
3013.09
3022.02
3031.22
3040.71
3050.47
3060.53
3070.87
3081.5
3092.44
3103.67
3115.2
3127.03
3139.16
3151.58
3164.29
3177.29
3190.57
3204.12
3217.93
3232.01
3246.32
3260.86
3275.61
3290.52
3305.57
3320.74
3336
3351.28
3366.52
3381.75
3396.74
3411.42
3425.87
3439.93
3453.43
3466.31
3478.51
3489.89
3500.36
3509.82
3518.17
3525.34
3531.28
3535.94
3539.32
3541.4
3542.37
3542.08
3540.59
3538.18
3534.74
3530.67
3525.69
3520.1
3514.03
3507.27
3498.26
2833.36
2834.69
2836.81
2838.8
2840.46
2842.01
2843.82
2846.04
2848.54
2851.15
2853.9
2856.88
2860.18
2863.79
2867.65
2871.64
2875.66
2879.64
2883.63
2887.69
2891.88
2896.23
2900.77
2905.53
2910.54
2915.84
2921.4
2927.19
2933.2
2939.44
2945.93
2952.65
2959.6
2966.78
2974.18
2981.83
2989.74
2997.91
3006.35
3015.05
3024.03
3033.29
3042.83
3052.64
3062.75
3073.14
3083.83
3094.81
3106.08
3117.65
3129.52
3141.67
3154.11
3166.84
3179.84
3193.11
3206.63
3220.4
3234.42
3248.64
3263.05
3277.6
3292.29
3307.09
3322.03
3337.13
3352.16
3367.08
3381.81
3396.06
3410.04
3423.62
3436.71
3449.22
3461.01
3471.96
3481.97
3490.96
3498.84
3505.54
3511
3515.19
3518.16
3519.88
3520.46
3519.95
3518.25
3515.69
3512.35
3508.15
3503.51
3498.16
3492.36
3486.22
3479.47
3470.34
2831.97
2833.58
2835.78
2837.8
2839.52
2841.21
2843.21
2845.6
2848.21
2850.91
2853.74
2856.83
2860.27
2864.03
2868.03
2872.14
2876.24
2880.3
2884.37
2888.5
2892.76
2897.17
2901.78
2906.61
2911.7
2917.07
2922.69
2928.54
2934.61
2940.91
2947.45
2954.22
2961.22
2968.44
2975.89
2983.58
2991.53
2999.74
3008.22
3016.97
3025.98
3035.28
3044.85
3054.7
3064.83
3075.24
3085.95
3096.95
3108.23
3119.81
3131.67
3143.81
3156.23
3168.93
3181.88
3195.09
3208.52
3222.18
3236.07
3250.13
3264.34
3278.66
3293.1
3307.66
3322.17
3336.49
3350.74
3364.82
3378.68
3392.27
3405.46
3418.15
3430.25
3441.67
3452.3
3462.06
3470.86
3478.62
3485.3
3490.82
3495.18
3498.35
3500.36
3501.31
3501.17
3499.92
3497.81
3494.82
3491.22
3486.81
3481.96
3476.51
3470.56
3464.34
3457.56
3449.32
2830.39
2832.25
2834.53
2836.58
2838.4
2840.26
2842.47
2845.05
2847.78
2850.56
2853.49
2856.7
2860.29
2864.2
2868.34
2872.56
2876.75
2880.88
2885.02
2889.22
2893.55
2898.02
2902.69
2907.58
2912.74
2918.16
2923.82
2929.7
2935.81
2942.14
2948.7
2955.49
2962.5
2969.73
2977.19
2984.88
2992.83
3001.04
3009.52
3018.25
3027.25
3036.52
3046.06
3055.87
3065.96
3076.34
3086.99
3097.92
3109.14
3120.63
3132.4
3144.44
3156.75
3169.31
3182.13
3195.18
3208.46
3221.98
3235.63
3249.46
3263.4
3277.44
3291.55
3305.66
3319.75
3333.8
3347.72
3361.41
3374.8
3387.84
3400.44
3412.5
3423.95
3434.7
3444.66
3453.74
3461.85
3468.95
3474.99
3479.92
3483.74
3486.44
3488.03
3488.69
3488.23
3486.84
3484.63
3481.58
3477.98
3473.65
3468.88
3463.63
3457.98
3452.17
3445.88
3437.8
2828.8
2830.88
2833.23
2835.34
2837.27
2839.32
2841.76
2844.51
2847.36
2850.23
2853.26
2856.61
2860.33
2864.4
2868.67
2872.99
2877.27
2881.48
2885.69
2889.97
2894.36
2898.9
2903.63
2908.6
2913.82
2919.3
2925.01
2930.94
2937.08
2943.46
2950.06
2956.87
2963.9
2971.15
2978.62
2986.33
2994.29
3002.52
3010.99
3019.73
3028.72
3037.99
3047.51
3057.31
3067.37
3077.71
3088.32
3099.21
3110.37
3121.79
3133.48
3145.43
3157.63
3170.07
3182.75
3195.66
3208.85
3222.19
3235.67
3249.23
3262.9
3276.66
3290.45
3304.24
3317.94
3331.5
3344.88
3358.01
3370.83
3383.26
3395.22
3406.61
3417.36
3427.39
3436.61
3444.96
3452.36
3458.75
3464.12
3468.42
3471.65
3473.84
3474.97
3475.25
3474.39
3472.78
3470.36
3467.15
3463.47
3459.12
3454.35
3449.18
3443.59
3437.73
3431.3
3422.78
2827.2
2829.47
2831.89
2834.07
2836.13
2838.39
2841.04
2843.96
2846.92
2849.88
2853.01
2856.49
2860.37
2864.58
2868.96
2873.38
2877.72
2882.01
2886.29
2890.64
2895.1
2899.7
2904.49
2909.52
2914.81
2920.34
2926.09
2932.05
2938.23
2944.63
2951.25
2958.09
2965.13
2972.38
2979.86
2987.58
2995.55
3003.77
3012.24
3020.96
3029.94
3039.19
3048.69
3058.45
3068.48
3078.77
3089.33
3100.16
3111.25
3122.6
3134.2
3146.05
3158.14
3170.46
3183.03
3195.83
3208.74
3221.77
3234.96
3248.28
3261.71
3275.17
3288.63
3302.03
3315.34
3328.48
3341.41
3354.04
3366.31
3378.16
3389.49
3400.24
3410.32
3419.66
3428.19
3435.85
3442.57
3448.32
3453.06
3456.79
3459.5
3461.22
3461.99
3461.93
3460.76
3458.97
3456.43
3453.15
3449.45
3445.16
3440.44
3435.37
3429.92
3424.25
3418.13
3410.37
2828.03
2830.53
2832.79
2835
2837.47
2840.34
2843.42
2846.47
2849.52
2852.77
2856.38
2860.4
2864.74
2869.23
2873.73
2878.15
2882.5
2886.86
2891.27
2895.79
2900.46
2905.32
2910.41
2915.75
2921.33
2927.12
2933.12
2939.33
2945.76
2952.4
2959.25
2966.3
2973.56
2981.04
2988.77
2996.74
3004.95
3013.42
3022.13
3031.09
3040.3
3049.77
3059.5
3069.48
3079.73
3090.23
3100.99
3111.99
3123.25
3134.76
3146.49
3158.47
3170.71
3183.13
3195.65
3208.37
3221.26
3234.25
3247.31
3260.41
3273.53
3286.62
3299.63
3312.5
3325.18
3337.6
3349.69
3361.4
3372.64
3383.36
3393.46
3402.88
3411.54
3419.4
3426.39
3432.47
3437.6
3441.76
3444.94
3447.17
3448.46
3448.88
3448.45
3447.08
3445.07
3442.41
3439.05
3435.3
3431.02
3426.33
3421.33
3415.98
3410.42
3404.39
3396.42
2826.58
2829.16
2831.52
2833.88
2836.58
2839.65
2842.87
2846.01
2849.16
2852.53
2856.28
2860.43
2864.89
2869.47
2874.04
2878.52
2882.95
2887.37
2891.84
2896.43
2901.15
2906.08
2911.23
2916.62
2922.24
2928.07
2934.1
2940.34
2946.79
2953.44
2960.29
2967.35
2974.61
2982.1
2989.83
2997.79
3006
3014.45
3023.13
3032.07
3041.26
3050.69
3060.37
3070.3
3080.49
3090.92
3101.6
3112.53
3123.69
3135.09
3146.75
3158.63
3170.66
3182.83
3195.19
3207.71
3220.34
3233.06
3245.84
3258.65
3271.44
3284.17
3296.77
3309.21
3321.43
3333.35
3344.92
3356.06
3366.72
3376.82
3386.29
3395.06
3403.08
3410.29
3416.64
3422.11
3426.65
3430.26
3432.93
3434.7
3435.63
3435.71
3434.92
3433.38
3431.18
3428.41
3424.98
3421.2
3416.95
3412.29
3407.37
3402.13
3396.7
3390.81
3383.16
2827.78
2830.25
2832.8
2835.71
2838.97
2842.32
2845.56
2848.81
2852.3
2856.18
2860.46
2865.02
2869.68
2874.31
2878.86
2883.34
2887.83
2892.37
2897.01
2901.8
2906.79
2912
2917.44
2923.09
2928.95
2935.01
2941.27
2947.74
2954.4
2961.26
2968.32
2975.58
2983.07
2990.79
2998.75
3006.94
3015.36
3024.03
3032.93
3042.08
3051.47
3061.1
3070.98
3081.09
3091.45
3102.05
3112.88
3123.95
3135.28
3146.8
3158.44
3170.29
3182.33
3194.51
3206.81
3219.2
3231.66
3244.14
3256.62
3269.05
3281.39
3293.58
3305.57
3317.3
3328.72
3339.75
3350.33
3360.4
3369.88
3378.73
3386.88
3394.26
3400.85
3406.59
3411.47
3415.46
3418.55
3420.76
3422.1
3422.69
3422.41
3421.37
3419.65
3417.27
3414.4
3410.92
3407.11
3402.89
3398.27
3393.42
3388.29
3382.97
3377.21
3369.65
2826.42
2829.01
2831.74
2834.87
2838.31
2841.76
2845.1
2848.46
2852.07
2856.08
2860.47
2865.13
2869.86
2874.54
2879.15
2883.69
2888.24
2892.85
2897.55
2902.4
2907.44
2912.7
2918.18
2923.87
2929.76
2935.85
2942.13
2948.6
2955.27
2962.13
2969.18
2976.45
2983.93
2991.64
2999.58
3007.75
3016.15
3024.79
3033.65
3042.76
3052.1
3061.67
3071.48
3081.52
3091.8
3102.31
3113.08
3124.06
3135.2
3146.52
3158.05
3169.75
3181.58
3193.54
3205.6
3217.73
3229.91
3242.09
3254.23
3266.3
3278.25
3290.01
3301.55
3312.8
3323.71
3334.2
3344.22
3353.71
3362.6
3370.84
3378.37
3385.15
3391.14
3396.31
3400.63
3404.09
3406.7
3408.48
3409.43
3409.68
3409.07
3407.82
3405.92
3403.38
3400.42
3396.9
3393.06
3388.86
3384.29
3379.5
3374.47
3369.27
3363.64
3356.25
2827.79
2830.72
2834.05
2837.65
2841.21
2844.64
2848.11
2851.85
2855.98
2860.49
2865.21
2870
2874.73
2879.39
2884
2888.61
2893.27
2898.03
2902.94
2908.04
2913.35
2918.87
2924.59
2930.51
2936.61
2942.91
2949.39
2956.06
2962.91
2969.96
2977.22
2984.69
2992.39
3000.31
3008.46
3016.83
3025.42
3034.25
3043.3
3052.58
3062.09
3071.83
3081.79
3092
3102.45
3113.09
3123.88
3134.88
3146.08
3157.44
3168.94
3180.58
3192.32
3204.14
3216
3227.88
3239.74
3251.54
3263.24
3274.77
3286.11
3297.19
3307.95
3318.34
3328.3
3337.76
3346.67
3354.97
3362.62
3369.56
3375.75
3381.16
3385.77
3389.57
3392.54
3394.7
3396.07
3396.68
3396.62
3395.69
3394.25
3392.18
3389.52
3386.48
3382.93
3379.07
3374.9
3370.38
3365.67
3360.74
3355.65
3350.15
3342.89
2826.61
2829.73
2833.25
2836.99
2840.66
2844.19
2847.78
2851.64
2855.89
2860.48
2865.27
2870.11
2874.89
2879.6
2884.27
2888.94
2893.66
2898.47
2903.44
2908.59
2913.94
2919.5
2925.25
2931.18
2937.3
2943.61
2950.09
2956.76
2963.61
2970.65
2977.9
2985.36
2993.04
3000.93
3009.05
3017.38
3025.93
3034.71
3043.71
3052.92
3062.36
3072.03
3081.94
3092.06
3102.34
3112.81
3123.51
3134.39
3145.42
3156.6
3167.91
3179.33
3190.83
3202.39
3213.98
3225.56
3237.09
3248.53
3259.84
3270.97
3281.87
3292.48
3302.75
3312.63
3322.05
3330.96
3339.31
3347.04
3354.11
3360.48
3366.11
3370.97
3375.06
3378.36
3380.87
3382.61
3383.6
3383.89
3383.5
3382.35
3380.7
3378.49
3375.71
3372.6
3369.02
3365.15
3361.01
3356.54
3351.9
3347.07
3342.09
3336.73
3329.64
2993.58
3001.45
3009.53
3017.82
3026.32
3035.04
3043.98
3053.13
3062.52
3072.13
3081.92
3091.88
3102.06
3112.43
3122.98
3133.69
3144.55
3155.55
3166.65
3177.85
3189.11
3200.4
3211.7
3222.96
3234.15
3245.22
3256.14
3266.85
3277.3
3287.45
3297.23
3306.59
3315.49
3323.85
3331.64
3338.81
3345.32
3351.14
3356.23
3360.57
3364.16
3366.99
3369.07
3370.41
3371.08
3371.07
3370.34
3369.02
3367.18
3364.85
3361.96
3358.79
3355.21
3351.33
3347.23
3342.82
3338.26
3333.54
3328.68
3323.45
3316.52
2994.02
3001.86
3009.89
3018.14
3026.59
3035.25
3044.13
3053.25
3062.54
3072
3081.66
3091.55
3101.61
3111.84
3122.24
3132.79
3143.48
3154.27
3165.16
3176.12
3187.13
3198.14
3209.14
3220.08
3230.92
3241.62
3252.14
3262.43
3272.44
3282.11
3291.4
3300.26
3308.63
3316.46
3323.71
3330.34
3336.31
3341.6
3346.17
3350.02
3353.14
3355.52
3357.2
3358.17
3358.54
3358.2
3357.25
3355.73
3353.72
3351.27
3348.3
3345.08
3341.49
3337.62
3333.55
3329.21
3324.72
3320.1
3315.35
3310.26
3303.52
2994.37
3002.17
3010.16
3018.36
3026.75
3035.38
3044.2
3053.19
3062.36
3071.75
3081.33
3091.08
3101
3111.09
3121.34
3131.71
3142.2
3152.79
3163.46
3174.18
3184.92
3195.65
3206.33
3216.94
3227.42
3237.75
3247.86
3257.72
3267.28
3276.48
3285.28
3293.64
3301.49
3308.8
3315.52
3321.62
3327.07
3331.84
3335.93
3339.3
3341.97
3343.95
3345.25
3345.9
3345.97
3345.32
3344.18
3342.49
3340.33
3337.78
3334.74
3331.49
3327.9
3324.04
3320.01
3315.74
3311.34
3306.83
3302.22
3297.27
3290.68
2994.63
3002.38
3010.32
3018.47
3026.84
3035.38
3044.07
3052.97
3062.07
3071.35
3080.81
3090.44
3100.23
3110.17
3120.24
3130.44
3140.73
3151.11
3161.54
3172
3182.47
3192.9
3203.27
3213.54
3223.66
3233.6
3243.31
3252.74
3261.85
3270.59
3278.9
3286.76
3294.11
3300.9
3307.11
3312.71
3317.66
3321.94
3325.56
3328.49
3330.74
3332.34
3333.28
3333.64
3333.4
3332.5
3331.18
3329.33
3327.03
3324.39
3321.3
3318.01
3314.43
3310.59
3306.62
3302.42
3298.11
3293.71
3289.21
3284.37
3277.92
2994.8
3002.5
3010.42
3018.52
3026.77
3035.2
3043.85
3052.67
3061.66
3070.83
3080.16
3089.66
3099.3
3109.08
3118.98
3128.98
3139.07
3149.22
3159.41
3169.62
3179.8
3189.93
3199.98
3209.9
3219.66
3229.2
3238.5
3247.5
3256.16
3264.43
3272.27
3279.63
3286.48
3292.78
3298.49
3303.59
3308.06
3311.88
3315.05
3317.56
3319.42
3320.65
3321.29
3321.36
3320.82
3319.73
3318.23
3316.24
3313.82
3311.12
3307.99
3304.68
3301.12
3297.32
3293.39
3289.28
3285.06
3280.76
3276.38
3271.7
3265.5
2994.89
3002.56
3010.4
3018.39
3026.59
3034.96
3043.51
3052.22
3061.11
3070.16
3079.36
3088.72
3098.21
3107.82
3117.54
3127.35
3137.22
3147.14
3157.08
3167.02
3176.91
3186.74
3196.45
3206.02
3215.41
3224.56
3233.45
3242.02
3250.23
3258.04
3265.41
3272.29
3278.66
3284.47
3289.7
3294.33
3298.34
3301.72
3304.46
3306.58
3308.08
3308.97
3309.33
3309.1
3308.32
3307.04
3305.37
3303.26
3300.74
3297.97
3294.82
3291.49
3287.96
3284.19
3280.32
3276.29
3272.17
3268
3263.75
3259.22
3253.18
2994.91
3002.49
3010.25
3018.2
3026.32
3034.6
3043.06
3051.67
3060.44
3069.37
3078.44
3087.64
3096.97
3106.41
3115.94
3125.54
3135.2
3144.88
3154.56
3164.22
3173.82
3183.33
3192.71
3201.92
3210.93
3219.69
3228.16
3236.3
3244.07
3251.42
3258.32
3264.74
3270.63
3275.97
3280.74
3284.91
3288.48
3291.44
3293.78
3295.53
3296.68
3297.28
3297.36
3296.84
3295.88
3294.42
3292.6
3290.39
3287.78
3284.96
3281.81
3278.47
3274.97
3271.25
3267.45
3263.51
3259.48
3255.43
3251.3
3246.9
3241.01
2994.8
3002.34
3010.04
3017.91
3025.94
3034.14
3042.49
3050.99
3059.65
3068.44
3077.37
3086.43
3095.59
3104.84
3114.18
3123.57
3133
3142.43
3151.85
3161.23
3170.53
3179.71
3188.75
3197.61
3206.24
3214.6
3222.66
3230.38
3237.71
3244.61
3251.06
3257.01
3262.45
3267.34
3271.66
3275.39
3278.54
3281.1
3283.07
3284.46
3285.29
3285.62
3285.43
3284.66
3283.52
3281.9
3279.95
3277.65
3274.95
3272.1
3268.94
3265.61
3262.14
3258.47
3254.73
3250.88
3246.96
3243.02
3239.02
3234.77
3229.1
2994.64
3002.11
3009.74
3017.53
3025.48
3033.58
3041.82
3050.21
3058.74
3067.4
3076.18
3085.08
3094.06
3103.13
3112.27
3121.44
3130.63
3139.81
3148.96
3158.05
3167.04
3175.9
3184.6
3193.09
3201.34
3209.31
3216.96
3224.25
3231.14
3237.61
3243.6
3249.11
3254.1
3258.55
3262.43
3265.76
3268.51
3270.68
3272.3
3273.36
3273.92
3273.98
3273.5
3272.55
3271.23
3269.49
3267.41
3265.03
3262.28
3259.4
3256.25
3252.93
3249.5
3245.89
3242.22
3238.46
3234.65
3230.82
3226.95
3222.85
3217.37
2994.39
3001.8
3009.35
3017.06
3024.92
3032.91
3041.05
3049.32
3057.72
3066.24
3074.87
3083.59
3092.4
3101.28
3110.2
3119.15
3128.1
3137.02
3145.9
3154.69
3163.37
3171.91
3180.26
3188.38
3196.25
3203.83
3211.07
3217.94
3224.41
3230.44
3236
3241.07
3245.63
3249.66
3253.13
3256.06
3258.43
3260.25
3261.53
3262.29
3262.58
3262.37
3261.67
3260.54
3259.06
3257.18
3255
3252.55
3249.76
3246.85
3243.71
3240.41
3237.02
3233.47
3229.87
3226.21
3222.49
3218.78
3215.04
3211.07
3205.75
2994.08
3001.41
3008.89
3016.51
3024.27
3032.16
3040.18
3048.33
3056.59
3064.96
3073.43
3081.99
3090.61
3099.29
3107.99
3116.71
3125.42
3134.08
3142.67
3151.17
3159.53
3167.73
3175.73
3183.5
3190.99
3198.17
3205
3211.46
3217.51
3223.11
3228.25
3232.89
3237.03
3240.65
3243.73
3246.28
3248.29
3249.77
3250.73
3251.23
3251.27
3250.78
3249.9
3248.6
3246.98
3245
3242.72
3240.22
3237.39
3234.47
3231.35
3228.07
3224.73
3221.25
3217.72
3214.15
3210.54
3206.94
3203.31
3199.46
3194.32
2993.69
3000.95
3008.35
3015.87
3023.53
3031.31
3039.22
3047.23
3055.35
3063.57
3071.88
3080.26
3088.69
3097.16
3105.65
3114.13
3122.58
3130.97
3139.28
3147.48
3155.53
3163.39
3171.04
3178.44
3185.55
3192.34
3198.78
3204.83
3210.47
3215.66
3220.38
3224.62
3228.36
3231.58
3234.28
3236.47
3238.14
3239.3
3239.98
3240.21
3239.99
3239.28
3238.23
3236.77
3235.02
3232.95
3230.58
3228.03
3225.18
3222.25
3219.15
3215.89
3212.59
3209.18
3205.73
3202.24
3198.73
3195.24
3191.73
3188.01
3183.06
2993.24
3000.42
3007.73
3015.16
3022.72
3030.38
3038.16
3046.04
3054.02
3062.08
3070.22
3078.41
3086.65
3094.91
3103.17
3111.41
3119.61
3127.73
3135.75
3143.64
3151.36
3158.89
3166.19
3173.22
3179.96
3186.36
3192.4
3198.05
3203.28
3208.07
3212.39
3216.23
3219.58
3222.43
3224.77
3226.61
3227.95
3228.81
3229.24
3229.24
3228.74
3227.86
3226.64
3225.04
3223.17
3221.02
3218.58
3215.99
3213.13
3210.19
3207.12
3203.89
3200.65
3197.3
3193.92
3190.52
3187.11
3183.73
3180.33
3176.72
3171.92
2992.72
2999.82
3007.04
3014.37
3021.82
3029.37
3037.02
3044.76
3052.59
3060.49
3068.45
3076.45
3084.49
3092.53
3100.56
3108.56
3116.49
3124.34
3132.07
3139.65
3147.05
3154.25
3161.19
3167.87
3174.23
3180.25
3185.9
3191.16
3195.99
3200.39
3204.32
3207.77
3210.75
3213.24
3215.24
3216.75
3217.79
3218.38
3218.56
3218.29
3217.59
3216.53
3215.15
3213.42
3211.45
3209.22
3206.71
3204.09
3201.22
3198.28
3195.24
3192.05
3188.84
3185.57
3182.26
3178.94
3175.62
3172.33
3169.03
3165.53
3160.86
2992.15
2999.16
3006.28
3013.51
3020.85
3028.27
3035.79
3043.39
3051.06
3058.8
3066.58
3074.39
3082.22
3090.05
3097.84
3105.59
3113.26
3120.82
3128.26
3135.53
3142.61
3149.46
3156.06
3162.37
3168.36
3174
3179.27
3184.14
3188.59
3192.6
3196.15
3199.24
3201.85
3203.99
3205.67
3206.87
3207.62
3207.97
3207.9
3207.38
3206.51
3205.28
3203.76
3201.92
3199.86
3197.56
3194.99
3192.34
3189.48
3186.54
3183.53
3180.37
3177.21
3174
3170.76
3167.53
3164.29
3161.1
3157.9
3154.52
3150.04
2991.51
2998.43
3005.46
3012.58
3019.8
3027.1
3034.48
3041.93
3049.45
3057.01
3064.61
3072.23
3079.84
3087.44
3095
3102.49
3109.9
3117.18
3124.31
3131.28
3138.03
3144.55
3150.8
3156.75
3162.38
3167.65
3172.54
3177.04
3181.11
3184.75
3187.93
3190.66
3192.93
3194.75
3196.1
3197.02
3197.51
3197.61
3197.29
3196.57
3195.52
3194.13
3192.48
3190.54
3188.38
3186.03
3183.41
3180.74
3177.88
3174.94
3171.95
3168.83
3165.72
3162.57
3159.39
3156.23
3153.09
3149.98
3146.88
3143.6
3139.24
2990.82
2997.65
3004.57
3011.59
3018.68
3025.86
3033.1
3040.4
3047.75
3055.14
3062.55
3069.97
3077.37
3084.74
3092.06
3099.29
3106.42
3113.42
3120.26
3126.9
3133.33
3139.51
3145.42
3151.01
3156.28
3161.18
3165.71
3169.83
3173.54
3176.81
3179.64
3182.03
3183.97
3185.47
3186.53
3187.16
3187.42
3187.28
3186.72
3185.82
3184.61
3183.08
3181.31
3179.28
3177.04
3174.63
3171.97
3169.28
3166.43
3163.49
3160.53
3157.45
3154.38
3151.29
3148.18
3145.09
3142.02
3138.99
3135.96
3132.77
3128.53
3175.17
3173.81
3172.14
3170.26
3168.14
3165.82
3163.37
3160.67
3157.96
3155.11
3152.18
3149.23
3146.19
3143.16
3140.12
3137.07
3134.04
3131.04
3128.08
3125.13
3122.02
3117.9
3141.01
3138.09
3135.09
3132.09
3129.1
3126.09
3123.12
3120.19
3117.3
3114.42
3111.37
3107.35
3098.28
2974.64
2961.81
2946.95
2923.11
2893.91
2867.24
2848.7
2839.88
2838.5
2840.9
2843.15
2842.58
2838.29
2830.86
2821.91
2812.54
2802.83
2792.44
2781.32
2769.67
2757.73
2745.76
2733.95
2722.5
2711.58
2701.33
2691.81
2683.09
2674.85
2667
2659.4
2651.94
2644.56
2637.23
2629.97
2622.76
2615.6
2608.47
2601.37
2594.3
2587.25
2580.22
2573.23
2566.26
2559.33
2552.41
2545.49
2538.55
2531.56
2524.5
2517.35
2510.08
2502.66
2495.05
2487.21
2479.1
2470.68
2461.87
2452.65
2442.95
2432.75
2422
2410.61
2398.52
2385.64
2371.92
2357.37
2341.94
2325.46
2307.75
2288.71
2268.39
2246.84
2224.05
2199.91
2174.29
2147.13
2118.34
2087.91
2055.73
2021.89
1985.82
1947.93
1908.69
1868.2
1826.78
1784.32
1739.85
1693.73
1649.3
1604.55
1557.71
1509.81
1463.75
1419.74
1376.32
1334.87
1296.55
1259.43
1224.14
1190.44
1158.97
1130.45
1103.53
1077.63
1054.16
1032.27
1013.19
996.062
980.731
966.118
952.516
940.04
927.904
917.369
907.5
897.782
889.76
882.46
870.228
3044.72
2964.77
2958.91
2948.85
2928.68
2900.95
2873.12
2851.51
2838.37
2833.72
2834.63
2836.27
2836.24
2832.87
2825.71
2816.21
2806.07
2795.83
2785.28
2774.26
2762.92
2751.5
2740.25
2729.33
2718.87
2708.99
2699.75
2691.29
2683.41
2676
2668.93
2662.07
2655.28
2648.5
2641.7
2634.89
2628.1
2621.32
2614.56
2607.8
2601.06
2594.34
2587.64
2580.96
2574.31
2567.69
2561.09
2554.49
2547.88
2541.22
2534.51
2527.71
2520.79
2513.74
2506.51
2499.07
2491.38
2483.39
2475.04
2466.28
2457.08
2447.39
2437.17
2426.35
2414.84
2402.57
2389.51
2375.63
2360.83
2344.96
2327.95
2309.79
2290.49
2269.94
2248.03
2224.61
2199.6
2172.96
2144.62
2114.59
2082.77
2049.19
2014.33
1976.57
1937.36
1897.21
1855.95
1812.94
1769.13
1726.1
1681.53
1634.04
1586.08
1540.09
1493.68
1447.18
1402.14
1359.63
1318.98
1279.78
1243.19
1207.65
1173.94
1144.27
1117.94
1092.42
1068.19
1044.8
1024.21
1005.56
989.405
974.295
959.729
946.523
933.45
920.76
909.238
898.722
889.744
881.701
869.168
2991.14
2950.64
2951.99
2946.73
2930.3
2904.54
2875.94
2852.24
2835.94
2827.62
2826.06
2826.75
2826.82
2824.25
2817.8
2808.32
2797.75
2787.21
2776.78
2766.24
2755.61
2745.06
2734.81
2724.99
2715.68
2706.92
2698.84
2691.34
2684.2
2677.51
2671.13
2664.94
2658.77
2652.56
2646.27
2639.92
2633.55
2627.15
2620.74
2614.32
2607.9
2601.5
2595.1
2588.73
2582.39
2576.07
2569.78
2563.5
2557.2
2550.87
2544.49
2538.03
2531.48
2524.79
2517.94
2510.9
2503.62
2496.05
2488.16
2479.87
2471.16
2461.98
2452.29
2442.03
2431.11
2419.46
2407.03
2393.78
2379.63
2364.51
2348.37
2331.07
2312.47
2292.48
2271.08
2248.29
2224.04
2198.3
2170.98
2142.06
2111.41
2078.99
2044.72
2008.62
1970.19
1930.66
1889.83
1847.37
1804.09
1759.15
1711.84
1665.28
1618.72
1570.72
1522.3
1475.69
1430.88
1386.53
1343.71
1302.15
1263.62
1226.77
1190.4
1156.03
1126.31
1100.61
1077.54
1055.29
1035.37
1015.88
997.685
980.913
965.109
950.976
938.134
926.014
914.427
903.641
894.441
885.966
872.949
2921.26
2922.01
2934.39
2936.67
2927.03
2904.67
2875.79
2850.56
2831.73
2819.96
2814.91
2814.07
2813.68
2811.72
2806.57
2797.99
2787.69
2777.29
2767.36
2757.72
2748.21
2738.85
2729.8
2721.21
2713.13
2705.61
2698.63
2691.89
2685.49
2679.43
2673.65
2668.01
2662.39
2656.69
2650.89
2644.99
2639.03
2633.01
2626.95
2620.87
2614.77
2608.68
2602.59
2596.52
2590.47
2584.46
2578.48
2572.5
2566.52
2560.52
2554.46
2548.35
2542.14
2535.81
2529.34
2522.68
2515.81
2508.67
2501.22
2493.41
2485.18
2476.51
2467.35
2457.64
2447.31
2436.27
2424.47
2411.87
2398.43
2384.07
2368.65
2351.98
2334.04
2314.86
2294.48
2272.81
2249.68
2224.97
2198.54
2170.36
2140.35
2108.43
2074.69
2039.1
2001.15
1961.24
1920.06
1877.99
1834.54
1789.56
1744.76
1698.2
1649.54
1600.6
1553.62
1506.48
1458.77
1411.19
1366.51
1323.46
1281.61
1244.36
1209.73
1175.78
1141.47
1109.69
1083.21
1060.09
1040.23
1020.82
1002.47
985.253
968.931
953.704
940.583
929.514
919.72
910.846
901.807
892.291
877.14
2843.42
2875.79
2901.16
2912.95
2912.79
2897.95
2871.32
2845.75
2824.83
2809.77
2801.17
2798.13
2796.91
2795.44
2792.1
2785.48
2776.48
2766.87
2757.81
2749.36
2741.26
2733.29
2725.56
2718.28
2711.53
2705.24
2699.08
2693.06
2687.28
2681.78
2676.49
2671.33
2666.17
2660.92
2655.56
2650.1
2644.54
2638.91
2633.21
2627.46
2621.68
2615.89
2610.1
2604.33
2598.58
2592.86
2587.17
2581.49
2575.82
2570.13
2564.4
2558.62
2552.75
2546.79
2540.68
2534.41
2527.94
2521.23
2514.22
2506.87
2499.13
2490.96
2482.33
2473.18
2463.43
2453
2441.83
2429.9
2417.15
2403.47
2388.74
2372.87
2355.86
2337.67
2318.17
2297.21
2274.65
2250.48
2224.64
2197.17
2167.95
2136.89
2103.95
2069.12
2032.86
1993.69
1952.98
1911.1
1868.26
1824.83
1778.83
1729.88
1681.89
1634.68
1585.78
1535.47
1486.36
1439.32
1393.71
1348.91
1303.41
1260.7
1221.88
1187.53
1155.5
1123.2
1093.02
1066.45
1044.28
1024.29
1006.3
989.874
974.808
959.612
945.268
932.75
922.112
913.5
905.116
895.797
879.625
2802
2826.63
2852.97
2872.58
2880.58
2875.47
2855.82
2833.1
2812.37
2795.59
2784.35
2779.16
2777.41
2776.7
2775.6
2771.91
2765.36
2757.34
2749.41
2742.19
2735.48
2728.92
2722.57
2716.66
2711.1
2705.63
2700.11
2694.73
2689.52
2684.51
2679.66
2674.89
2670.11
2665.24
2660.27
2655.2
2650.04
2644.79
2639.44
2634.03
2628.57
2623.09
2617.6
2612.12
2606.66
2601.23
2595.83
2590.46
2585.09
2579.71
2574.31
2568.85
2563.33
2557.71
2551.98
2546.09
2540.02
2533.72
2527.16
2520.27
2513.01
2505.34
2497.23
2488.62
2479.45
2469.64
2459.11
2447.83
2435.74
2422.77
2408.83
2393.82
2377.62
2360.12
2341.24
2321.01
2299.4
2276.36
2251.74
2225.47
2197.38
2167.4
2135.5
2101.55
2065.69
2027.75
1987.33
1945.73
1903.19
1858.34
1811.01
1764.6
1717.08
1667.43
1616.38
1566.7
1517.76
1468.73
1420.12
1374.5
1332.39
1291.06
1248.82
1207.39
1171.93
1140.82
1110.41
1080.27
1053.12
1029.9
1010.08
992.327
977.153
963.464
950.674
938.093
925.148
913.582
904.815
896.826
881.211
2792.94
2802.48
2816.82
2831.7
2840.94
2841.83
2829.45
2811.38
2793.53
2777.73
2765.72
2759.51
2757.89
2758.4
2759.4
2758.6
2755.28
2749.62
2743.13
2736.98
2731.41
2726.15
2721.17
2716.31
2711.47
2706.55
2701.68
2696.87
2692.16
2687.57
2683.1
2678.68
2674.23
2669.69
2665.06
2660.35
2655.55
2650.66
2645.67
2640.59
2635.46
2630.28
2625.09
2619.9
2614.73
2609.58
2604.47
2599.39
2594.32
2589.25
2584.16
2579.03
2573.84
2568.58
2563.2
2557.69
2552.02
2546.14
2540
2533.57
2526.79
2519.63
2512.03
2503.97
2495.38
2486.17
2476.27
2465.65
2454.24
2442
2428.82
2414.55
2399.09
2382.38
2364.48
2345.34
2324.8
2302.67
2278.82
2253.19
2225.69
2196.32
2165.03
2131.65
2096.33
2058.9
2019.23
1977.98
1935.28
1891.23
1846.56
1799.73
1749.98
1700.42
1651.37
1601.05
1549.37
1498.82
1450.05
1403.58
1357.33
1315.19
1275.58
1234.28
1194.04
1159.32
1128.08
1098.22
1068.68
1040.73
1016.56
995.448
977.59
962.81
949.676
938.298
927.208
914.705
904.83
896.257
881.478
2791.47
2796.86
2805.2
2812.23
2816.04
2815.03
2804.41
2789.54
2774.92
2761.39
2750.3
2743.9
2742.42
2743.61
2746.23
2747.64
2746.85
2743.86
2739.08
2733.89
2729.24
2725.12
2721
2716.72
2712.36
2708.04
2703.72
2699.4
2695.11
2690.9
2686.78
2682.67
2678.52
2674.27
2669.93
2665.53
2661.06
2656.51
2651.85
2647.11
2642.29
2637.42
2632.53
2627.63
2622.74
2617.88
2613.06
2608.27
2603.5
2598.73
2593.95
2589.15
2584.29
2579.37
2574.36
2569.22
2563.94
2558.47
2552.76
2546.79
2540.48
2533.81
2526.73
2519.21
2511.19
2502.58
2493.32
2483.34
2472.62
2461.09
2448.64
2435.14
2420.54
2404.77
2387.77
2369.41
2349.54
2328.13
2305.1
2280.46
2254.09
2225.94
2195.88
2163.69
2129.47
2093.13
2055.08
2014.91
1972.33
1928.43
1882.17
1833.65
1785.77
1737.21
1686.21
1633.73
1582.17
1532.72
1481.97
1433.23
1385.5
1338.73
1297.78
1258.84
1218.68
1180.15
1144.99
1114.63
1087.43
1060.51
1034.86
1009.71
987.888
969.771
952.864
938.107
925.629
913.326
903.102
893.757
876.904
2790.91
2794.99
2802.56
2808.48
2809.94
2808.53
2798.26
2782.72
2767.52
2754.35
2743.58
2736.3
2733.73
2734.37
2737.04
2739.85
2740.63
2739.53
2736.47
2732.4
2728.61
2725.11
2721.46
2717.65
2713.82
2710.01
2706.15
2702.24
2698.32
2694.44
2690.63
2686.82
2682.95
2678.98
2674.92
2670.8
2666.62
2662.37
2658.04
2653.61
2649.1
2644.53
2639.93
2635.32
2630.72
2626.14
2621.6
2617.09
2612.61
2608.15
2603.68
2599.19
2594.66
2590.08
2585.43
2580.66
2575.76
2570.7
2565.42
2559.89
2554.06
2547.88
2541.31
2534.33
2526.87
2518.86
2510.23
2500.91
2490.86
2480.03
2468.33
2455.65
2441.88
2426.92
2410.68
2393.13
2374.24
2353.97
2332.15
2308.66
2283.32
2256.08
2226.79
2195.29
2161.65
2125.74
2088.14
2048.52
2006.48
1962.07
1916.24
1870.61
1822.73
1771.82
1720.12
1669.5
1617.43
1564.95
1512.44
1461.29
1414.03
1364.79
1318.38
1277.99
1240.01
1202.81
1165.95
1130.34
1099.88
1072.81
1048.68
1024.49
1002.04
982.44
964.098
946.608
931.714
917.14
905.109
894.727
876.894
2790.53
2793.74
2800.95
2807.63
2809.72
2808.75
2799.1
2783.04
2767.01
2753.45
2742.52
2734.51
2730.35
2729.78
2731.48
2734.81
2736.6
2736.49
2734.94
2732.05
2728.79
2725.6
2722.45
2719.14
2715.76
2712.35
2708.87
2705.31
2701.71
2698.13
2694.6
2691.08
2687.49
2683.79
2679.99
2676.13
2672.23
2668.26
2664.22
2660.08
2655.86
2651.58
2647.27
2642.94
2638.62
2634.32
2630.06
2625.84
2621.66
2617.49
2613.33
2609.15
2604.95
2600.71
2596.41
2592.01
2587.49
2582.83
2577.97
2572.88
2567.52
2561.82
2555.77
2549.31
2542.41
2535
2526.99
2518.32
2508.95
2498.82
2487.87
2475.97
2463.01
2448.87
2433.53
2416.99
2399.12
2379.78
2358.76
2335.99
2311.43
2285.04
2256.7
2226.26
2193.77
2159.1
2122.6
2083.66
2042.65
1999.14
1954.67
1908.13
1858.56
1808.78
1758.15
1705.88
1651.48
1597.15
1545.99
1493.13
1442.34
1391.32
1341.45
1294.37
1252.57
1216.21
1182.85
1147.91
1113.62
1081.97
1055.83
1032.7
1010.7
989.985
971.243
953.909
938.959
924.166
910.328
898.574
878.69
2790.28
2792.58
2799.22
2806.93
2810.11
2809.9
2802.38
2786.36
2769.11
2754.82
2743.45
2734.84
2729.67
2728.22
2728.93
2731.69
2734.29
2735.03
2734.51
2732.5
2729.57
2726.7
2723.96
2721.09
2718.08
2714.98
2711.82
2708.56
2705.24
2701.94
2698.68
2695.43
2692.12
2688.69
2685.16
2681.56
2677.92
2674.21
2670.43
2666.56
2662.61
2658.61
2654.57
2650.52
2646.48
2642.45
2638.46
2634.52
2630.62
2626.75
2622.89
2619.02
2615.15
2611.24
2607.28
2603.25
2599.11
2594.84
2590.4
2585.75
2580.84
2575.63
2570.08
2564.15
2557.81
2550.98
2543.59
2535.57
2526.87
2517.45
2507.23
2496.11
2483.96
2470.71
2456.29
2440.62
2423.57
2405.06
2385.01
2363.39
2340.09
2314.98
2287.89
2258.65
2227.25
2193.5
2157.64
2119.27
2079.07
2036.74
1991.72
1944.71
1896.96
1847.2
1794.36
1740.49
1687.95
1634.46
1580.25
1525.07
1471.83
1421.69
1372.2
1322.98
1273.79
1229.48
1192.94
1160.75
1129.53
1098.22
1069.1
1043.35
1020.2
997.144
976.165
957.513
941.601
927.457
913.182
900.776
879.457
2790.13
2791.61
2797.29
2805.7
2810.45
2811.31
2806.58
2792.1
2774.1
2758.86
2746.78
2737.11
2730.6
2728.04
2728.16
2730.06
2733.15
2734.76
2734.81
2733.57
2731.13
2728.45
2725.98
2723.43
2720.7
2717.86
2714.94
2711.95
2708.89
2705.84
2702.84
2699.84
2696.8
2693.65
2690.39
2687.05
2683.66
2680.2
2676.67
2673.05
2669.35
2665.6
2661.83
2658.04
2654.26
2650.5
2646.79
2643.12
2639.5
2635.92
2632.36
2628.8
2625.25
2621.67
2618.05
2614.38
2610.61
2606.73
2602.7
2598.48
2594.03
2589.3
2584.25
2578.84
2573.04
2566.79
2560.01
2552.63
2544.6
2535.88
2526.4
2516.05
2504.74
2492.35
2478.77
2463.97
2447.87
2430.45
2411.54
2391.01
2368.68
2344.42
2318.11
2289.7
2259.14
2226.21
2191.06
2153.47
2114.27
2072.97
2029.36
1983.92
1934.89
1883.36
1831.71
1779.92
1726.49
1670.99
1615.95
1562.03
1507.14
1453.36
1400.24
1352.46
1305.02
1254.89
1208.93
1169.65
1135.4
1105.12
1077.91
1052.79
1030.62
1008.41
987.649
968.081
950.29
934.754
920.931
908.054
885.16
2790.05
2790.9
2795.33
2803.89
2810.36
2812.6
2809.97
2798.2
2780.66
2764.94
2752.44
2741.98
2733.74
2729.16
2728.25
2729.51
2732.59
2734.99
2735.58
2735.09
2733.31
2730.83
2728.44
2726.09
2723.58
2720.94
2718.23
2715.45
2712.64
2709.83
2707.06
2704.32
2701.53
2698.65
2695.66
2692.59
2689.45
2686.25
2682.96
2679.57
2676.11
2672.6
2669.06
2665.52
2662
2658.5
2655.04
2651.64
2648.3
2645
2641.73
2638.48
2635.23
2631.98
2628.7
2625.38
2621.98
2618.49
2614.86
2611.07
2607.06
2602.8
2598.25
2593.36
2588.09
2582.41
2576.24
2569.5
2562.14
2554.11
2545.36
2535.79
2525.29
2513.74
2501.06
2487.2
2472.09
2455.63
2437.63
2417.99
2396.62
2373.47
2348.44
2321.42
2292.24
2260.65
2226.74
2190.41
2152.33
2111.76
2068.68
2022.25
1972.58
1922.97
1872.38
1818.64
1763.14
1708.22
1653.51
1598.66
1543.07
1488.45
1433.49
1380.33
1334.27
1286.74
1239.4
1194.07
1151.93
1115.77
1083.64
1055.62
1031.96
1010.35
991.237
973.066
956.139
940.94
926.625
912.7
888.639
2790.02
2790.46
2793.6
2801.63
2809.73
2813.3
2811.99
2803.73
2787.5
2771.58
2758.93
2748.26
2738.91
2732.07
2729.39
2729.75
2732.28
2735.37
2736.8
2736.9
2735.87
2733.66
2731.28
2729.01
2726.67
2724.21
2721.66
2719.08
2716.49
2713.9
2711.36
2708.85
2706.3
2703.68
2700.96
2698.15
2695.27
2692.31
2689.25
2686.1
2682.86
2679.57
2676.26
2672.96
2669.67
2666.42
2663.22
2660.08
2657
2653.98
2651
2648.05
2645.11
2642.18
2639.24
2636.26
2633.22
2630.11
2626.88
2623.5
2619.94
2616.14
2612.07
2607.69
2602.96
2597.85
2592.27
2586.16
2579.46
2572.12
2564.09
2555.28
2545.59
2534.9
2523.13
2510.19
2495.99
2480.46
2463.48
2444.99
2424.86
2402.94
2379.06
2353.05
2324.74
2293.95
2260.84
2225.41
2188.05
2147.89
2105.39
2060.5
2013.11
1963.24
1911.19
1857.66
1803.79
1748.04
1689.85
1632.2
1576.8
1523.85
1470.09
1414.2
1360.8
1312.4
1266.46
1222.78
1179.54
1140.21
1103.54
1069.15
1040.2
1016.06
994.42
974.508
956.957
941.504
927.848
914.082
888.455
2790.01
2790.21
2792.24
2799.17
2808.36
2813.42
2813.27
2808.29
2794
2778.02
2765.15
2754.52
2744.83
2736.53
2731.72
2730.74
2732.33
2735.76
2738.14
2738.84
2738.42
2736.7
2734.39
2732.14
2729.91
2727.6
2725.22
2722.81
2720.42
2718.05
2715.72
2713.42
2711.12
2708.74
2706.28
2703.73
2701.1
2698.38
2695.56
2692.63
2689.61
2686.54
2683.45
2680.37
2677.31
2674.29
2671.33
2668.44
2665.62
2662.87
2660.17
2657.51
2654.87
2652.25
2649.63
2647
2644.32
2641.57
2638.74
2635.77
2632.64
2629.3
2625.71
2621.83
2617.63
2613.07
2608.08
2602.6
2596.55
2589.9
2582.58
2574.53
2565.65
2555.81
2544.92
2532.88
2519.63
2505.13
2489.23
2471.82
2452.68
2431.73
2408.85
2383.95
2356.87
2327.46
2295.81
2261.76
2225.38
2186.08
2144.66
2100.63
2053.79
2003.94
1952.8
1900.38
1844.24
1786.38
1727.87
1670.12
1610.15
1553.42
1500.57
1447.79
1393.64
1340.05
1288.34
1243.4
1200.55
1161.19
1125.22
1089.63
1057.33
1029.71
1006.33
984.788
965.581
948.059
933.69
919.785
894.553
2790
2790.09
2791.28
2796.76
2806.29
2813.16
2814.17
2811.74
2799.97
2784.25
2770.94
2760.2
2750.61
2741.73
2735.14
2732.67
2733.17
2736.09
2739.25
2740.7
2740.81
2739.75
2737.64
2735.39
2733.23
2731.08
2728.87
2726.63
2724.42
2722.25
2720.13
2718.04
2715.95
2713.81
2711.6
2709.3
2706.91
2704.43
2701.83
2699.12
2696.32
2693.46
2690.58
2687.71
2684.88
2682.09
2679.36
2676.71
2674.14
2671.65
2669.22
2666.85
2664.51
2662.19
2659.89
2657.59
2655.26
2652.88
2650.42
2647.86
2645.15
2642.26
2639.15
2635.77
2632.08
2628.07
2623.66
2618.79
2613.39
2607.42
2600.81
2593.5
2585.42
2576.43
2566.42
2555.32
2543.05
2529.53
2514.62
2498.22
2480.18
2460.47
2438.93
2415.39
2389.63
2361.48
2330.94
2297.81
2262.17
2223.61
2182.98
2139.77
2094.4
2046.88
1994.97
1940.53
1883.85
1827.79
1770.52
1711.21
1648.82
1585.94
1527.38
1473.15
1423.34
1374.11
1320.75
1270.37
1222.38
1177.48
1138.32
1102.51
1068.83
1037.73
1012.57
990.933
971.662
953.558
937.981
923.651
899.872
2790
2790.03
2790.66
2794.65
2803.78
2812.34
2814.84
2814.13
2805.42
2790.39
2776.38
2765.32
2755.96
2747.13
2739.48
2735.35
2734.79
2736.62
2740.05
2742.38
2743.02
2742.53
2740.83
2738.67
2736.58
2734.57
2732.53
2730.47
2728.45
2726.47
2724.55
2722.66
2720.78
2718.86
2716.88
2714.82
2712.67
2710.41
2708.04
2705.55
2702.95
2700.3
2697.63
2694.97
2692.35
2689.78
2687.27
2684.85
2682.52
2680.28
2678.12
2676.02
2673.96
2671.94
2669.95
2667.97
2665.98
2663.96
2661.88
2659.71
2657.42
2654.97
2652.32
2649.42
2646.25
2642.77
2638.93
2634.66
2629.9
2624.59
2618.68
2612.12
2604.81
2596.65
2587.53
2577.35
2566.02
2553.46
2539.58
2524.29
2507.43
2488.88
2468.41
2445.89
2421.18
2394.16
2364.77
2332.74
2298.21
2261.04
2221.95
2180.14
2135.54
2087.68
2035.6
1981.77
1927.32
1870.12
1810.68
1751.25
1692.68
1630.05
1565.77
1500.98
1443.3
1395.73
1347.68
1301.22
1254.09
1206.85
1160.82
1119.7
1083.22
1048.78
1019.3
994.57
973.244
954.27
937.676
923.15
896.723
2790
2790.01
2790.32
2792.96
2801.05
2810.84
2815.13
2815.74
2810.1
2796.27
2781.59
2770.11
2761
2752.58
2744.51
2738.8
2736.98
2737.75
2740.66
2743.67
2744.94
2744.93
2743.85
2741.93
2739.9
2738.01
2736.17
2734.31
2732.47
2730.68
2728.94
2727.24
2725.56
2723.85
2722.1
2720.26
2718.33
2716.29
2714.12
2711.84
2709.45
2707
2704.53
2702.08
2699.67
2697.31
2695.03
2692.83
2690.73
2688.73
2686.82
2684.99
2683.21
2681.48
2679.8
2678.13
2676.47
2674.8
2673.09
2671.3
2669.42
2667.39
2665.19
2662.78
2660.11
2657.16
2653.88
2650.21
2646.09
2641.44
2636.23
2630.4
2623.88
2616.56
2608.32
2599.07
2588.71
2577.19
2564.39
2550.21
2534.46
2517.03
2497.8
2476.67
2453.49
2428.02
2400.1
2369.48
2336.33
2300.54
2262.39
2220.99
2176.93
2129.93
2079.84
2026.29
1970.07
1912.05
1853.47
1792.97
1732.16
1670.82
1610.55
1546.27
1479.34
1418.12
1365.02
1318.33
1274.9
1231.14
1186.91
1145.13
1107.35
1071.3
1038.86
1009.77
985.154
963.916
945.371
929.699
901.46
2790
2790
2790.14
2791.76
2798.41
2808.81
2815.08
2816.96
2813.69
2801.63
2786.61
2774.72
2765.73
2757.81
2749.8
2742.94
2739.59
2739.38
2741.24
2744.51
2746.6
2747.05
2746.52
2745
2743.14
2741.37
2739.72
2738.05
2736.39
2734.77
2733.2
2731.68
2730.18
2728.68
2727.14
2725.52
2723.8
2721.95
2719.98
2717.89
2715.69
2713.44
2711.16
2708.91
2706.7
2704.55
2702.47
2700.48
2698.61
2696.84
2695.17
2693.58
2692.07
2690.62
2689.22
2687.85
2686.51
2685.17
2683.8
2682.38
2680.88
2679.26
2677.5
2675.54
2673.35
2670.89
2668.14
2665.04
2661.51
2657.5
2652.95
2647.81
2642.02
2635.48
2628.07
2619.69
2610.24
2599.66
2587.82
2574.62
2559.92
2543.63
2525.57
2505.59
2483.47
2458.98
2431.97
2402.28
2370.09
2335.26
2297.96
2257.41
2214.2
2167.68
2118.3
2065.42
2010.01
1954.21
1895.4
1833.92
1770.96
1708.98
1648.94
1588.91
1524.46
1459.23
1396.45
1337.57
1288.72
1244.49
1202.49
1162.45
1124.37
1087.95
1055.07
1024.34
997.546
974.915
955.742
938.995
904.644
)
;

boundaryField
{
    inlet
    {
        type            fixedValue;
        value           uniform 2790;
    }
    obstacle
    {
        type            zeroGradient;
    }
    bottom
    {
        type            symmetry;
    }
    outlet
    {
        type            zeroGradient;
    }
    top
    {
        type            symmetry;
    }
    defaultFaces
    {
        type            empty;
    }
    procBoundary6to4
    {
        type            processor;
        value           nonuniform List<scalar> 
121
(
3157.95
2985.96
2964.3
2942.72
2915.62
2885.53
2860.63
2846.12
2840.98
2842.2
2845.73
2847.84
2846.53
2841.46
2834.08
2825.89
2817.36
2808.24
2798.2
2787.27
2775.63
2763.48
2751.07
2738.63
2726.39
2714.59
2703.41
2692.93
2683.2
2674.02
2665.32
2656.92
2648.75
2640.75
2632.89
2625.16
2617.53
2609.97
2602.47
2595.01
2587.59
2580.21
2572.85
2565.53
2558.25
2550.99
2543.75
2536.51
2529.23
2521.91
2514.51
2507
2499.37
2491.57
2483.57
2475.33
2466.8
2457.94
2448.67
2438.97
2428.78
2418.07
2406.78
2394.83
2382.14
2368.66
2354.34
2339.09
2322.89
2305.71
2287.42
2267.85
2246.9
2224.56
2200.81
2175.62
2148.91
2120.68
2090.83
2059.42
2026.36
1991.65
1954.9
1916.9
1877.67
1837.2
1795.59
1752.95
1709.85
1665.14
1618.43
1572.93
1529.02
1483.49
1437.59
1393.01
1351.04
1311.56
1271.06
1232.7
1198.02
1166.36
1137.27
1109.84
1083.2
1058.8
1038.04
1019.33
1003.22
987.691
973.279
959.783
947.354
936.124
925.994
917.36
908.766
900.71
893.742
886.687
875.116
)
;
    }
    procBoundary6to7
    {
        type            processor;
        value           nonuniform List<scalar> 
153
(
2790
2790
2790
2790
2790
2790
2790.07
2791.27
2798.55
2814.92
2831.44
2840.77
2844.73
2847.01
2849.05
2850.49
2850.27
2848.63
2845.86
2843.08
2840.78
2838.83
2837.15
2835.82
2834.9
2834.43
2834.43
2833.06
2831.42
2829.49
2827.53
2825.61
2825.59
2825.59
2823.98
2825.13
2825.13
2823.69
2825.07
2825.07
2823.75
2825.47
2828.78
2832.48
2836.34
2840.11
2843.74
2847.45
2851.44
2855.8
2860.47
2865.31
2870.19
2875.02
2879.77
2884.5
2889.22
2894
2898.87
2903.89
2909.08
2914.48
2920.07
2925.84
2931.79
2937.93
2944.24
2950.72
2957.38
2964.22
2971.25
2978.48
2985.93
2985.93
2986.4
2986.78
2987.07
2987.28
2987.41
2987.47
2987.44
2987.32
2987.14
2986.89
2986.57
2986.19
2985.75
2985.25
2984.69
2984.09
2990.07
2996.81
3003.63
3010.53
3017.5
3024.54
3031.64
3038.78
3045.97
3053.18
3060.4
3067.61
3074.79
3081.93
3089
3095.98
3102.84
3109.55
3116.09
3122.42
3128.53
3134.37
3139.93
3145.18
3150.09
3154.64
3158.8
3162.56
3165.91
3168.84
3171.33
3173.39
3175.01
3176.2
3176.98
3177.37
3177.4
3176.99
3176.24
3176.24
3164.59
3163.09
3161.29
3159.32
3157.12
3154.73
3152.23
3149.51
3146.78
3143.94
3143.94
3129.97
3127.06
3124.09
3121.12
3118.17
3115.22
3112.3
3109.42
3106.59
3103.76
3100.78
3096.84
)
;
    }
}


// ************************************************************************* //
