/*--------------------------------*- C++ -*----------------------------------*\
| =========                 |                                                 |
| \\      /  F ield         | OpenFOAM: The Open Source CFD Toolbox           |
|  \\    /   O peration     | Version:  2412                                  |
|   \\  /    A nd           | Website:  www.openfoam.com                      |
|    \\/     M anipulation  |                                                 |
\*---------------------------------------------------------------------------*/
FoamFile
{
    version     2.0;
    format      ascii;
    arch        "LSB;label=32;scalar=64";
    class       volScalarField;
    location    "0.105";
    object      T;
}
// * * * * * * * * * * * * * * * * * * * * * * * * * * * * * * * * * * * * * //

dimensions      [0 0 0 1 0 0 0];

internalField   nonuniform List<scalar> 
9831
(
140.782
206.173
140.536
206.138
218.942
220.106
220.577
220.672
220.829
220.997
221.18
221.369
221.57
221.777
221.979
222.165
222.324
222.453
222.559
222.65
222.736
222.826
222.924
223.029
223.14
223.256
223.375
223.498
223.624
223.75
223.877
224.003
224.126
224.248
224.368
224.485
224.601
224.714
224.826
224.935
225.042
225.146
225.248
225.346
225.441
225.533
225.62
225.704
225.782
225.856
225.925
225.989
140.29
206.11
218.928
220.08
220.552
220.654
220.815
220.987
221.172
221.364
221.567
221.774
221.977
222.162
222.32
222.449
222.555
222.646
222.732
222.823
222.921
223.026
223.138
223.254
223.374
223.497
223.622
223.749
223.876
224.002
224.126
224.247
224.367
224.485
224.6
224.714
224.825
224.935
225.041
225.146
225.247
225.345
225.441
225.532
225.62
225.703
225.782
225.856
225.925
225.988
226.047
226.1
140.038
206.088
218.913
220.055
220.527
220.635
220.801
220.976
221.165
221.36
221.564
221.772
221.975
222.159
222.317
222.445
222.551
222.642
222.729
222.819
222.918
223.023
223.135
223.252
223.372
223.496
223.621
223.748
223.875
224.001
224.125
224.247
224.366
224.484
224.6
224.713
224.825
224.934
225.041
225.145
225.247
225.345
225.44
225.532
225.619
225.702
225.781
225.855
225.924
225.988
226.046
226.099
226.146
226.187
139.793
206.067
218.889
220.031
220.503
220.617
220.788
220.966
221.158
221.355
221.56
221.769
221.972
222.156
222.313
222.442
222.547
222.638
222.725
222.816
222.915
223.021
223.133
223.25
223.371
223.494
223.62
223.747
223.874
224
224.124
224.246
224.365
224.483
224.599
224.713
224.824
224.934
225.04
225.145
225.246
225.344
225.44
225.531
225.619
225.702
225.78
225.854
225.923
225.987
226.046
226.099
226.146
226.187
226.222
226.251
226.273
226.288
226.297
226.298
226.292
226.279
226.26
226.234
226.202
226.163
226.119
226.07
226.015
225.955
225.89
225.822
225.749
225.673
225.595
225.513
225.429
225.344
225.257
225.169
225.08
224.991
224.901
224.812
224.723
224.634
224.546
224.459
224.374
224.289
224.207
224.125
224.046
223.968
223.891
223.817
223.745
223.675
223.606
223.54
223.476
223.414
223.354
223.295
223.239
223.184
223.131
223.08
223.031
222.984
222.939
222.896
222.856
222.818
222.782
222.748
222.715
222.689
222.661
139.544
206.045
218.867
220.009
220.48
220.599
220.774
220.956
221.151
221.35
221.557
221.767
221.97
222.153
222.31
222.438
222.543
222.634
222.721
222.813
222.912
223.019
223.131
223.248
223.369
223.493
223.619
223.746
223.874
223.999
224.123
224.245
224.365
224.482
224.598
224.712
224.824
224.933
225.04
225.144
225.246
225.344
225.439
225.531
225.618
225.701
225.78
225.854
225.923
225.987
226.045
226.099
226.146
226.188
226.223
226.252
226.274
226.29
226.299
226.301
226.295
226.284
226.265
226.241
226.21
226.173
226.131
226.083
226.029
225.971
225.909
225.842
225.772
225.699
225.622
225.543
225.462
225.38
225.295
225.21
225.124
225.038
224.951
224.865
224.779
224.693
224.608
224.525
224.442
224.361
224.281
224.202
224.126
224.051
223.977
223.906
223.836
223.769
223.703
223.639
223.578
223.518
223.46
223.404
223.35
223.297
223.246
223.197
223.15
223.105
223.062
223.021
222.983
222.946
222.912
222.879
222.847
222.822
222.796
222.789
222.734
139.294
206.024
218.849
219.987
220.457
220.582
220.761
220.946
221.143
221.345
221.554
221.764
221.967
222.15
222.306
222.434
222.539
222.63
222.718
222.81
222.909
223.016
223.129
223.246
223.368
223.492
223.618
223.746
223.873
223.999
224.122
224.244
224.364
224.482
224.598
224.712
224.823
224.932
225.039
225.144
225.245
225.344
225.439
225.53
225.618
225.701
225.779
225.853
225.922
225.986
226.045
226.099
226.146
226.188
226.224
226.253
226.276
226.293
226.302
226.305
226.3
226.29
226.273
226.249
226.22
226.184
226.143
226.097
226.046
225.99
225.93
225.865
225.798
225.727
225.653
225.577
225.498
225.419
225.337
225.255
225.172
225.089
225.005
224.922
224.839
224.756
224.675
224.594
224.515
224.436
224.359
224.284
224.21
224.138
224.067
223.999
223.932
223.867
223.804
223.743
223.684
223.626
223.571
223.517
223.465
223.415
223.366
223.319
223.274
223.23
223.189
223.15
223.114
223.079
223.046
223.014
222.982
222.957
222.934
222.935
222.885
139.037
206.005
218.831
219.966
220.434
220.565
220.748
220.936
221.136
221.34
221.551
221.762
221.965
222.148
222.303
222.43
222.535
222.626
222.714
222.807
222.907
223.014
223.127
223.245
223.366
223.49
223.617
223.745
223.872
223.998
224.122
224.243
224.363
224.481
224.597
224.711
224.823
224.932
225.039
225.143
225.245
225.343
225.438
225.53
225.617
225.7
225.779
225.852
225.922
225.986
226.045
226.099
226.147
226.189
226.225
226.255
226.278
226.295
226.306
226.309
226.306
226.296
226.28
226.258
226.23
226.197
226.158
226.113
226.064
226.01
225.952
225.89
225.825
225.757
225.686
225.612
225.537
225.46
225.382
225.303
225.223
225.143
225.062
224.982
224.902
224.823
224.745
224.667
224.591
224.516
224.442
224.37
224.299
224.229
224.162
224.096
224.032
223.97
223.91
223.851
223.794
223.739
223.686
223.635
223.585
223.537
223.49
223.445
223.402
223.361
223.321
223.284
223.249
223.216
223.184
223.153
223.121
223.098
223.079
223.084
223.038
138.794
205.983
218.815
219.945
220.412
220.548
220.736
220.926
221.129
221.336
221.548
221.76
221.962
222.145
222.3
222.427
222.531
222.622
222.711
222.804
222.904
223.011
223.125
223.243
223.365
223.489
223.616
223.744
223.871
223.997
224.121
224.243
224.363
224.481
224.597
224.711
224.822
224.931
225.038
225.143
225.244
225.343
225.438
225.529
225.617
225.7
225.778
225.852
225.921
225.986
226.045
226.099
226.148
226.19
226.227
226.257
226.281
226.299
226.31
226.315
226.312
226.304
226.289
226.269
226.243
226.211
226.173
226.131
226.084
226.032
225.977
225.918
225.855
225.789
225.721
225.651
225.579
225.505
225.43
225.354
225.277
225.2
225.123
225.046
224.97
224.894
224.819
224.745
224.671
224.599
224.529
224.459
224.392
224.325
224.261
224.198
224.136
224.077
224.019
223.963
223.909
223.857
223.806
223.757
223.709
223.663
223.618
223.575
223.534
223.494
223.457
223.422
223.389
223.357
223.325
223.295
223.265
223.244
223.228
223.234
223.189
138.587
205.961
218.799
219.924
220.39
220.532
220.723
220.917
221.123
221.331
221.544
221.757
221.96
222.142
222.297
222.423
222.527
222.618
222.707
222.801
222.901
223.009
223.123
223.241
223.363
223.488
223.615
223.743
223.87
223.996
224.12
224.242
224.362
224.48
224.596
224.71
224.822
224.931
225.038
225.142
225.244
225.342
225.438
225.529
225.616
225.699
225.777
225.852
225.921
225.986
226.045
226.1
226.148
226.192
226.229
226.26
226.284
226.303
226.315
226.321
226.32
226.312
226.299
226.28
226.256
226.226
226.19
226.15
226.105
226.056
226.003
225.947
225.887
225.824
225.759
225.692
225.623
225.552
225.48
225.408
225.334
225.261
225.187
225.114
225.041
224.968
224.896
224.825
224.755
224.687
224.619
224.553
224.488
224.425
224.363
224.303
224.245
224.188
224.133
224.08
224.028
223.978
223.929
223.883
223.837
223.793
223.751
223.71
223.67
223.633
223.597
223.564
223.532
223.501
223.47
223.442
223.414
223.395
223.381
223.389
223.344
138.405
205.956
218.785
219.903
220.369
220.516
220.711
220.907
221.116
221.326
221.541
221.755
221.958
222.139
222.293
222.419
222.523
222.615
222.704
222.798
222.899
223.007
223.121
223.239
223.362
223.487
223.614
223.742
223.869
223.995
224.119
224.241
224.361
224.479
224.596
224.709
224.821
224.93
225.037
225.142
225.243
225.342
225.437
225.529
225.616
225.698
225.777
225.851
225.921
225.986
226.046
226.1
226.15
226.193
226.231
226.262
226.288
226.307
226.32
226.327
226.328
226.322
226.31
226.293
226.27
226.242
226.209
226.171
226.129
226.082
226.032
225.978
225.921
225.862
225.8
225.736
225.67
225.602
225.534
225.465
225.395
225.325
225.255
225.185
225.115
225.046
224.977
224.91
224.843
224.778
224.713
224.65
224.589
224.529
224.47
224.413
224.357
224.303
224.251
224.2
224.151
224.103
224.057
224.012
223.969
223.927
223.887
223.847
223.81
223.774
223.741
223.709
223.678
223.648
223.619
223.592
223.566
223.55
223.538
223.546
223.502
138.255
205.968
218.778
219.88
220.347
220.5
220.699
220.898
221.109
221.322
221.538
221.752
221.955
222.137
222.29
222.416
222.52
222.611
222.701
222.795
222.896
223.005
223.119
223.238
223.36
223.486
223.613
223.741
223.869
223.995
224.119
224.241
224.361
224.479
224.595
224.709
224.821
224.93
225.037
225.141
225.243
225.342
225.437
225.528
225.615
225.698
225.777
225.851
225.921
225.986
226.046
226.101
226.151
226.195
226.233
226.266
226.292
226.312
226.326
226.335
226.337
226.332
226.322
226.307
226.286
226.26
226.229
226.193
226.154
226.11
226.062
226.011
225.958
225.901
225.842
225.782
225.719
225.655
225.59
225.525
225.458
225.392
225.325
225.259
225.192
225.127
225.062
224.998
224.934
224.872
224.811
224.751
224.693
224.636
224.58
224.526
224.473
224.422
224.372
224.324
224.277
224.232
224.188
224.146
224.105
224.065
224.026
223.989
223.954
223.92
223.888
223.858
223.829
223.8
223.771
223.747
223.723
223.71
223.698
223.706
223.663
138.155
205.973
218.769
219.857
220.326
220.484
220.687
220.889
221.102
221.317
221.535
221.75
221.953
222.134
222.287
222.412
222.516
222.608
222.697
222.792
222.894
223.003
223.117
223.236
223.359
223.485
223.612
223.74
223.868
223.994
224.118
224.24
224.36
224.478
224.595
224.709
224.82
224.929
225.036
225.141
225.243
225.341
225.436
225.527
225.615
225.697
225.776
225.851
225.921
225.986
226.047
226.102
226.153
226.197
226.236
226.269
226.297
226.318
226.333
226.343
226.346
226.343
226.335
226.321
226.303
226.279
226.25
226.217
226.18
226.139
226.095
226.047
225.996
225.943
225.888
225.83
225.771
225.711
225.65
225.587
225.525
225.462
225.399
225.336
225.273
225.211
225.15
225.089
225.029
224.97
224.913
224.856
224.801
224.747
224.694
224.643
224.593
224.544
224.497
224.451
224.407
224.364
224.323
224.283
224.244
224.206
224.17
224.134
224.101
224.069
224.039
224.01
223.982
223.954
223.927
223.905
223.884
223.872
223.862
223.869
223.826
138.083
205.992
218.762
219.833
220.304
220.469
220.675
220.879
221.096
221.313
221.532
221.748
221.951
222.131
222.284
222.409
222.513
222.604
222.694
222.789
222.891
223
223.115
223.235
223.358
223.483
223.611
223.739
223.867
223.993
224.117
224.239
224.359
224.478
224.594
224.708
224.82
224.929
225.036
225.14
225.242
225.341
225.436
225.527
225.614
225.697
225.776
225.85
225.921
225.987
226.048
226.104
226.154
226.2
226.239
226.273
226.301
226.324
226.34
226.351
226.356
226.355
226.348
226.337
226.32
226.299
226.273
226.243
226.208
226.17
226.129
226.084
226.037
225.987
225.935
225.881
225.826
225.769
225.711
225.653
225.594
225.535
225.475
225.416
225.357
225.299
225.241
225.184
225.127
225.072
225.017
224.964
224.912
224.861
224.811
224.763
224.716
224.67
224.626
224.582
224.541
224.5
224.461
224.423
224.387
224.351
224.316
224.283
224.252
224.222
224.193
224.166
224.139
224.112
224.087
224.067
224.048
224.037
224.028
224.035
223.993
138.033
206.028
218.769
219.808
220.283
220.454
220.664
220.87
221.089
221.308
221.529
221.745
221.948
222.129
222.281
222.406
222.509
222.601
222.691
222.786
222.889
222.998
223.113
223.233
223.356
223.482
223.61
223.739
223.866
223.992
224.116
224.239
224.359
224.477
224.594
224.708
224.819
224.928
225.035
225.14
225.242
225.34
225.435
225.526
225.613
225.696
225.775
225.85
225.921
225.987
226.049
226.105
226.156
226.202
226.243
226.278
226.307
226.33
226.348
226.361
226.367
226.368
226.363
226.354
226.339
226.32
226.297
226.27
226.238
226.203
226.165
226.123
226.079
226.033
225.985
225.934
225.883
225.83
225.776
225.721
225.666
225.611
225.555
225.5
225.444
225.389
225.335
225.282
225.229
225.177
225.126
225.076
225.027
224.979
224.932
224.886
224.842
224.799
224.757
224.717
224.678
224.64
224.603
224.567
224.533
224.499
224.467
224.435
224.406
224.377
224.35
224.324
224.299
224.274
224.25
224.232
224.215
224.206
224.198
224.204
224.163
138
206.072
218.771
219.784
220.262
220.439
220.652
220.861
221.083
221.304
221.526
221.743
221.946
222.126
222.278
222.402
222.506
222.598
222.688
222.784
222.887
222.996
223.112
223.231
223.355
223.481
223.609
223.738
223.866
223.992
224.116
224.238
224.358
224.477
224.593
224.707
224.819
224.928
225.035
225.139
225.241
225.34
225.435
225.526
225.613
225.696
225.775
225.85
225.921
225.988
226.05
226.107
226.158
226.205
226.246
226.282
226.313
226.337
226.356
226.37
226.379
226.381
226.378
226.371
226.359
226.343
226.322
226.298
226.269
226.237
226.202
226.164
226.124
226.081
226.036
225.99
225.942
225.893
225.842
225.792
225.74
225.689
225.637
225.585
225.534
225.483
225.432
225.382
225.333
225.284
225.237
225.19
225.144
225.1
225.056
225.013
224.972
224.932
224.893
224.855
224.818
224.783
224.748
224.715
224.682
224.651
224.62
224.591
224.563
224.537
224.511
224.486
224.462
224.439
224.417
224.401
224.386
224.379
224.37
224.377
224.335
137.927
206.128
218.772
219.759
220.241
220.425
220.641
220.853
221.076
221.299
221.523
221.741
221.944
222.124
222.275
222.399
222.502
222.594
222.685
222.781
222.884
222.994
223.11
223.23
223.354
223.48
223.608
223.737
223.865
223.991
224.115
224.237
224.358
224.476
224.593
224.706
224.818
224.927
225.034
225.139
225.241
225.339
225.434
225.525
225.612
225.695
225.775
225.85
225.921
225.988
226.051
226.108
226.161
226.208
226.25
226.287
226.319
226.345
226.365
226.381
226.391
226.396
226.395
226.39
226.381
226.367
226.349
226.327
226.302
226.273
226.241
226.207
226.17
226.131
226.09
226.047
226.003
225.958
225.912
225.865
225.818
225.77
225.722
225.675
225.627
225.58
225.533
225.486
225.44
225.395
225.351
225.308
225.265
225.224
225.183
225.143
225.105
225.067
225.031
224.996
224.962
224.929
224.896
224.865
224.835
224.805
224.777
224.75
224.724
224.699
224.675
224.651
224.629
224.607
224.587
224.574
224.56
224.554
224.546
224.551
224.512
137.912
206.199
218.772
219.735
220.22
220.411
220.63
220.844
221.07
221.295
221.52
221.738
221.942
222.121
222.272
222.396
222.499
222.591
222.682
222.778
222.882
222.992
223.108
223.228
223.353
223.479
223.608
223.736
223.864
223.99
224.114
224.237
224.357
224.476
224.592
224.706
224.817
224.927
225.034
225.138
225.24
225.339
225.433
225.524
225.611
225.695
225.774
225.85
225.922
225.989
226.052
226.11
226.163
226.212
226.255
226.293
226.325
226.352
226.374
226.392
226.404
226.411
226.412
226.409
226.403
226.392
226.377
226.358
226.336
226.31
226.282
226.251
226.218
226.183
226.146
226.107
226.067
226.026
225.983
225.941
225.897
225.854
225.81
225.766
225.722
225.679
225.635
225.593
225.551
225.509
225.468
225.428
225.389
225.351
225.313
225.277
225.241
225.206
225.173
225.14
225.108
225.078
225.048
225.019
224.99
224.963
224.937
224.911
224.887
224.864
224.842
224.82
224.799
224.778
224.76
224.749
224.736
224.732
224.724
224.729
224.691
137.918
206.288
218.77
219.712
220.2
220.397
220.619
220.835
221.064
221.291
221.517
221.736
221.939
222.119
222.269
222.393
222.495
222.588
222.679
222.776
222.88
222.99
223.106
223.227
223.351
223.478
223.607
223.736
223.863
223.99
224.114
224.236
224.357
224.475
224.591
224.705
224.817
224.926
225.033
225.138
225.239
225.338
225.433
225.524
225.611
225.694
225.774
225.85
225.922
225.99
226.053
226.112
226.166
226.215
226.259
226.298
226.332
226.361
226.384
226.403
226.417
226.426
226.431
226.43
226.426
226.418
226.406
226.39
226.371
226.35
226.325
226.298
226.268
226.237
226.204
226.169
226.133
226.096
226.058
226.019
225.98
225.94
225.9
225.86
225.82
225.781
225.741
225.702
225.664
225.626
225.589
225.552
225.516
225.481
225.446
225.413
225.38
225.348
225.317
225.287
225.258
225.23
225.202
225.175
225.149
225.124
225.099
225.076
225.054
225.032
225.011
224.991
224.971
224.953
224.937
224.927
224.916
224.913
224.906
224.91
224.874
137.865
206.393
218.768
219.689
220.18
220.384
220.608
220.827
221.057
221.286
221.514
221.734
221.937
222.116
222.266
222.389
222.492
222.585
222.676
222.773
222.878
222.988
223.105
223.226
223.35
223.477
223.606
223.735
223.863
223.989
224.113
224.235
224.356
224.475
224.591
224.705
224.816
224.925
225.032
225.137
225.239
225.337
225.432
225.523
225.61
225.694
225.774
225.85
225.922
225.991
226.055
226.114
226.169
226.219
226.264
226.304
226.339
226.369
226.395
226.415
226.431
226.442
226.449
226.452
226.45
226.444
226.436
226.423
226.408
226.39
226.369
226.345
226.32
226.292
226.263
226.232
226.2
226.167
226.133
226.099
226.064
226.028
225.992
225.957
225.921
225.885
225.85
225.814
225.779
225.745
225.711
225.678
225.645
225.613
225.582
225.552
225.522
225.493
225.465
225.437
225.411
225.385
225.359
225.335
225.311
225.288
225.265
225.244
225.224
225.204
225.184
225.165
225.147
225.131
225.116
225.107
225.098
225.098
225.091
225.095
225.061
137.902
206.52
218.766
219.666
220.16
220.37
220.598
220.818
221.051
221.282
221.511
221.732
221.935
222.114
222.263
222.386
222.489
222.582
222.674
222.771
222.875
222.986
223.103
223.224
223.349
223.476
223.605
223.734
223.862
223.988
224.112
224.235
224.355
224.474
224.59
224.704
224.815
224.925
225.032
225.136
225.238
225.336
225.431
225.522
225.609
225.693
225.773
225.85
225.923
225.992
226.056
226.117
226.172
226.223
226.269
226.31
226.347
226.379
226.406
226.428
226.446
226.46
226.469
226.474
226.475
226.473
226.467
226.458
226.446
226.432
226.414
226.395
226.373
226.35
226.325
226.298
226.27
226.242
226.212
226.182
226.151
226.119
226.088
226.056
226.024
225.992
225.961
225.929
225.898
225.867
225.837
225.807
225.778
225.749
225.721
225.693
225.666
225.64
225.615
225.59
225.566
225.542
225.519
225.497
225.475
225.454
225.434
225.415
225.396
225.378
225.36
225.343
225.326
225.312
225.298
225.291
225.284
225.285
225.279
225.282
225.25
137.965
206.668
218.76
219.644
220.141
220.357
220.588
220.81
221.045
221.278
221.509
221.729
221.933
222.111
222.261
222.383
222.486
222.579
222.671
222.768
222.873
222.985
223.102
223.223
223.348
223.475
223.604
223.733
223.861
223.987
224.112
224.234
224.355
224.473
224.59
224.703
224.815
224.924
225.031
225.136
225.237
225.336
225.43
225.521
225.608
225.693
225.773
225.85
225.924
225.993
226.058
226.119
226.175
226.227
226.274
226.317
226.355
226.388
226.417
226.441
226.461
226.477
226.489
226.497
226.501
226.502
226.499
226.494
226.485
226.474
226.461
226.445
226.428
226.408
226.388
226.365
226.342
226.317
226.292
226.266
226.239
226.212
226.185
226.157
226.129
226.101
226.074
226.046
226.019
225.992
225.965
225.938
225.912
225.887
225.862
225.837
225.814
225.79
225.768
225.745
225.724
225.703
225.682
225.662
225.643
225.624
225.606
225.588
225.571
225.555
225.539
225.523
225.508
225.495
225.483
225.478
225.472
225.474
225.469
225.472
225.442
137.99
206.835
218.755
219.622
220.123
220.345
220.577
220.802
221.039
221.274
221.506
221.727
221.931
222.109
222.258
222.38
222.483
222.576
222.668
222.766
222.871
222.983
223.1
223.222
223.347
223.474
223.603
223.733
223.861
223.987
224.111
224.234
224.354
224.473
224.589
224.703
224.814
224.923
225.03
225.135
225.236
225.335
225.429
225.52
225.608
225.692
225.773
225.85
225.924
225.994
226.06
226.122
226.179
226.232
226.28
226.324
226.363
226.398
226.429
226.455
226.478
226.496
226.51
226.521
226.528
226.532
226.533
226.531
226.526
226.519
226.509
226.498
226.484
226.469
226.453
226.435
226.416
226.395
226.374
226.353
226.33
226.308
226.284
226.261
226.237
226.213
226.19
226.166
226.142
226.119
226.096
226.073
226.05
226.028
226.006
225.984
225.963
225.943
225.923
225.903
225.884
225.866
225.848
225.83
225.813
225.796
225.78
225.764
225.749
225.734
225.719
225.705
225.691
225.681
225.671
225.668
225.664
225.666
225.661
225.664
225.636
138.074
207.023
218.752
219.601
220.104
220.333
220.567
220.794
221.034
221.27
221.503
221.725
221.928
222.106
222.255
222.377
222.48
222.573
222.665
222.764
222.869
222.981
223.098
223.22
223.346
223.474
223.603
223.732
223.86
223.986
224.11
224.233
224.353
224.472
224.588
224.702
224.813
224.922
225.029
225.134
225.235
225.334
225.428
225.519
225.607
225.691
225.773
225.851
225.925
225.995
226.062
226.124
226.182
226.236
226.286
226.331
226.372
226.408
226.441
226.469
226.494
226.515
226.532
226.545
226.556
226.563
226.567
226.568
226.567
226.564
226.559
226.551
226.542
226.531
226.519
226.505
226.49
226.475
226.458
226.441
226.423
226.404
226.385
226.366
226.346
226.327
226.307
226.287
226.267
226.248
226.228
226.209
226.189
226.171
226.152
226.134
226.116
226.098
226.081
226.064
226.048
226.032
226.016
226
225.985
225.971
225.957
225.943
225.93
225.917
225.904
225.891
225.879
225.87
225.862
225.861
225.859
225.861
225.857
225.859
225.834
138.201
207.232
218.748
219.579
220.086
220.321
220.558
220.786
221.028
221.266
221.5
221.722
221.926
222.104
222.252
222.374
222.477
222.57
222.663
222.761
222.867
222.979
223.097
223.219
223.345
223.473
223.602
223.731
223.859
223.985
224.11
224.232
224.353
224.471
224.587
224.701
224.812
224.921
225.028
225.133
225.234
225.333
225.427
225.518
225.606
225.691
225.773
225.851
225.926
225.997
226.064
226.127
226.186
226.241
226.292
226.338
226.381
226.419
226.453
226.484
226.511
226.534
226.554
226.571
226.584
226.595
226.602
226.608
226.61
226.611
226.61
226.606
226.601
226.595
226.587
226.578
226.568
226.556
226.544
226.531
226.518
226.504
226.489
226.474
226.459
226.443
226.427
226.411
226.395
226.379
226.363
226.347
226.332
226.316
226.301
226.285
226.27
226.256
226.241
226.227
226.213
226.199
226.186
226.173
226.16
226.147
226.135
226.124
226.112
226.101
226.089
226.078
226.067
226.061
226.056
226.056
226.055
226.058
226.053
226.055
226.032
138.306
207.459
218.744
219.557
220.068
220.309
220.548
220.779
221.022
221.262
221.497
221.72
221.924
222.102
222.25
222.371
222.474
222.567
222.66
222.759
222.865
222.978
223.095
223.218
223.344
223.472
223.601
223.73
223.858
223.985
224.109
224.231
224.352
224.47
224.586
224.7
224.811
224.92
225.027
225.132
225.233
225.332
225.426
225.517
225.605
225.69
225.772
225.851
225.927
225.998
226.066
226.13
226.19
226.246
226.298
226.346
226.39
226.43
226.466
226.499
226.529
226.554
226.577
226.597
226.613
226.627
226.638
226.647
226.654
226.659
226.661
226.662
226.661
226.659
226.656
226.651
226.645
226.639
226.631
226.623
226.614
226.604
226.594
226.583
226.572
226.56
226.549
226.537
226.525
226.512
226.5
226.488
226.475
226.463
226.451
226.439
226.427
226.415
226.404
226.392
226.381
226.37
226.359
226.348
226.338
226.327
226.317
226.308
226.298
226.288
226.278
226.268
226.26
226.257
226.253
226.255
226.255
226.258
226.253
226.255
226.235
138.476
207.702
218.74
219.535
220.05
220.297
220.539
220.771
221.017
221.258
221.494
221.718
221.922
222.099
222.247
222.368
222.471
222.564
222.658
222.757
222.863
222.976
223.094
223.216
223.342
223.471
223.6
223.729
223.858
223.984
224.108
224.231
224.351
224.47
224.585
224.699
224.81
224.919
225.026
225.131
225.232
225.33
225.425
225.516
225.605
225.69
225.772
225.852
225.927
226
226.068
226.133
226.194
226.251
226.304
226.354
226.399
226.441
226.48
226.515
226.547
226.575
226.601
226.623
226.643
226.661
226.675
226.688
226.699
226.708
226.714
226.72
226.724
226.726
226.727
226.727
226.726
226.723
226.72
226.716
226.712
226.707
226.701
226.694
226.688
226.68
226.673
226.665
226.656
226.648
226.639
226.631
226.622
226.613
226.604
226.595
226.586
226.577
226.568
226.56
226.551
226.542
226.534
226.525
226.517
226.508
226.501
226.493
226.485
226.476
226.468
226.46
226.454
226.454
226.451
226.454
226.454
226.458
226.454
226.456
226.438
138.703
207.961
218.735
219.512
220.033
220.286
220.529
220.764
221.011
221.254
221.492
221.716
221.92
222.097
222.244
222.365
222.468
222.561
222.655
222.755
222.861
222.974
223.092
223.215
223.341
223.47
223.599
223.729
223.857
223.983
224.107
224.23
224.35
224.469
224.585
224.698
224.809
224.918
225.025
225.13
225.231
225.329
225.424
225.515
225.604
225.69
225.772
225.852
225.928
226.001
226.071
226.136
226.198
226.256
226.311
226.362
226.409
226.453
226.493
226.531
226.565
226.596
226.625
226.65
226.674
226.694
226.713
226.729
226.744
226.757
226.768
226.778
226.786
226.793
226.798
226.803
226.806
226.809
226.81
226.811
226.811
226.81
226.809
226.807
226.804
226.801
226.798
226.794
226.789
226.785
226.78
226.775
226.769
226.764
226.758
226.753
226.747
226.741
226.735
226.729
226.723
226.717
226.711
226.705
226.699
226.693
226.687
226.681
226.675
226.668
226.661
226.656
226.653
226.654
226.653
226.656
226.658
226.661
226.658
226.661
226.645
138.948
208.23
218.729
219.489
220.016
220.275
220.52
220.756
221.006
221.25
221.489
221.714
221.918
222.095
222.242
222.363
222.465
222.558
222.652
222.752
222.859
222.972
223.091
223.214
223.34
223.469
223.599
223.728
223.856
223.982
224.107
224.229
224.35
224.468
224.584
224.697
224.808
224.917
225.024
225.129
225.23
225.328
225.423
225.514
225.603
225.689
225.772
225.852
225.929
226.003
226.073
226.139
226.202
226.262
226.317
226.37
226.419
226.465
226.507
226.547
226.584
226.618
226.649
226.678
226.705
226.729
226.752
226.772
226.791
226.808
226.823
226.837
226.85
226.861
226.872
226.881
226.889
226.896
226.902
226.908
226.912
226.916
226.919
226.921
226.923
226.924
226.925
226.925
226.925
226.924
226.923
226.921
226.92
226.917
226.915
226.912
226.91
226.907
226.904
226.9
226.897
226.893
226.89
226.886
226.882
226.878
226.874
226.87
226.865
226.86
226.856
226.853
226.852
226.854
226.853
226.858
226.86
226.864
226.863
226.866
226.852
139.176
208.505
218.724
219.466
220
220.264
220.511
220.749
221.001
221.247
221.486
221.711
221.916
222.092
222.239
222.36
222.462
222.556
222.65
222.75
222.857
222.971
223.09
223.213
223.339
223.468
223.598
223.727
223.855
223.981
224.106
224.228
224.349
224.467
224.582
224.696
224.807
224.916
225.023
225.128
225.229
225.327
225.422
225.513
225.602
225.689
225.772
225.853
225.93
226.004
226.075
226.143
226.207
226.267
226.324
226.378
226.429
226.477
226.522
226.564
226.603
226.64
226.674
226.706
226.736
226.764
226.79
226.815
226.838
226.859
226.879
226.897
226.914
226.93
226.945
226.959
226.972
226.984
226.994
227.004
227.014
227.022
227.029
227.036
227.042
227.048
227.053
227.057
227.061
227.064
227.067
227.069
227.07
227.072
227.073
227.073
227.074
227.074
227.074
227.073
227.073
227.072
227.071
227.069
227.068
227.066
227.064
227.062
227.059
227.056
227.055
227.055
227.055
227.058
227.058
227.063
227.067
227.071
227.072
227.076
227.065
139.485
208.786
218.718
219.443
219.984
220.254
220.502
220.742
220.996
221.243
221.484
221.709
221.913
222.09
222.237
222.357
222.459
222.553
222.648
222.748
222.856
222.969
223.088
223.212
223.338
223.467
223.597
223.726
223.854
223.981
224.105
224.227
224.348
224.466
224.581
224.695
224.806
224.915
225.022
225.126
225.228
225.326
225.42
225.512
225.602
225.688
225.772
225.853
225.931
226.006
226.078
226.146
226.211
226.273
226.331
226.387
226.44
226.489
226.536
226.581
226.623
226.662
226.7
226.735
226.769
226.8
226.83
226.859
226.886
226.911
226.935
226.958
226.98
227.001
227.02
227.039
227.057
227.073
227.089
227.103
227.117
227.13
227.142
227.154
227.164
227.174
227.183
227.191
227.199
227.206
227.213
227.218
227.224
227.228
227.233
227.237
227.24
227.243
227.246
227.248
227.25
227.252
227.253
227.254
227.255
227.255
227.255
227.255
227.254
227.253
227.254
227.256
227.258
227.261
227.262
227.268
227.272
227.277
227.28
227.285
227.277
139.876
209.07
218.712
219.419
219.968
220.243
220.493
220.735
220.99
221.239
221.481
221.707
221.911
222.088
222.234
222.354
222.456
222.55
222.645
222.746
222.854
222.968
223.087
223.21
223.337
223.466
223.596
223.725
223.853
223.98
224.104
224.226
224.347
224.465
224.58
224.693
224.805
224.914
225.021
225.125
225.226
225.324
225.419
225.511
225.601
225.688
225.772
225.854
225.932
226.008
226.08
226.149
226.215
226.278
226.338
226.396
226.45
226.502
226.551
226.598
226.643
226.685
226.726
226.764
226.801
226.837
226.87
226.903
226.934
226.964
226.992
227.02
227.046
227.071
227.096
227.119
227.141
227.162
227.183
227.202
227.221
227.238
227.255
227.271
227.286
227.3
227.313
227.326
227.338
227.349
227.359
227.369
227.377
227.386
227.394
227.401
227.407
227.414
227.419
227.424
227.429
227.433
227.437
227.441
227.444
227.446
227.449
227.45
227.452
227.454
227.456
227.461
227.464
227.47
227.472
227.478
227.482
227.488
227.494
227.5
227.495
140.236
209.351
218.706
219.395
219.952
220.233
220.485
220.728
220.985
221.236
221.478
221.705
221.909
222.085
222.231
222.352
222.454
222.548
222.643
222.744
222.852
222.966
223.085
223.209
223.336
223.465
223.595
223.725
223.853
223.979
224.103
224.225
224.346
224.464
224.579
224.692
224.803
224.913
225.02
225.124
225.225
225.323
225.418
225.51
225.6
225.687
225.772
225.854
225.933
226.01
226.083
226.153
226.22
226.284
226.346
226.405
226.461
226.515
226.566
226.616
226.663
226.708
226.752
226.794
226.835
226.874
226.911
226.948
226.983
227.017
227.05
227.082
227.113
227.143
227.172
227.2
227.228
227.254
227.279
227.303
227.326
227.348
227.37
227.39
227.41
227.428
227.446
227.462
227.478
227.493
227.507
227.521
227.533
227.545
227.556
227.567
227.577
227.586
227.594
227.602
227.61
227.617
227.623
227.629
227.634
227.639
227.643
227.647
227.65
227.654
227.658
227.664
227.669
227.676
227.68
227.687
227.692
227.698
227.705
227.712
227.71
140.632
209.627
218.702
219.371
219.937
220.223
220.476
220.722
220.98
221.232
221.476
221.703
221.907
222.083
222.229
222.349
222.451
222.545
222.641
222.742
222.85
222.964
223.084
223.208
223.335
223.464
223.594
223.724
223.852
223.978
224.102
224.224
224.345
224.462
224.578
224.691
224.802
224.911
225.018
225.122
225.224
225.321
225.416
225.509
225.599
225.687
225.772
225.855
225.935
226.011
226.085
226.156
226.225
226.29
226.353
226.414
226.472
226.528
226.581
226.633
226.683
226.732
226.778
226.824
226.868
226.91
226.952
226.993
227.032
227.071
227.108
227.145
227.18
227.215
227.249
227.282
227.313
227.344
227.374
227.403
227.431
227.458
227.484
227.509
227.533
227.556
227.578
227.599
227.619
227.638
227.656
227.673
227.689
227.705
227.719
227.733
227.746
227.759
227.77
227.781
227.791
227.801
227.81
227.818
227.826
227.833
227.839
227.845
227.851
227.856
227.862
227.871
227.877
227.886
227.893
227.901
227.908
227.915
227.922
227.928
227.932
141.095
209.897
218.698
219.346
219.922
220.213
220.468
220.715
220.976
221.228
221.473
221.7
221.905
222.081
222.226
222.346
222.448
222.543
222.638
222.74
222.848
222.963
223.083
223.207
223.334
223.463
223.593
223.723
223.851
223.977
224.101
224.223
224.344
224.461
224.577
224.69
224.801
224.91
225.017
225.121
225.222
225.32
225.415
225.508
225.598
225.687
225.772
225.855
225.936
226.013
226.088
226.16
226.229
226.296
226.361
226.423
226.483
226.541
226.597
226.651
226.704
226.755
226.805
226.854
226.902
226.948
226.994
227.038
227.082
227.125
227.167
227.208
227.248
227.288
227.326
227.364
227.401
227.437
227.471
227.505
227.538
227.57
227.6
227.63
227.658
227.686
227.712
227.737
227.761
227.784
227.806
227.827
227.847
227.866
227.884
227.901
227.918
227.933
227.948
227.961
227.974
227.987
227.998
228.009
228.019
228.028
228.037
228.045
228.052
228.06
228.068
228.078
228.086
228.096
228.104
228.114
228.122
228.13
228.138
228.144
228.151
141.583
210.156
218.696
219.322
219.908
220.204
220.459
220.708
220.971
221.225
221.47
221.698
221.903
222.078
222.224
222.343
222.445
222.54
222.636
222.738
222.847
222.961
223.081
223.205
223.333
223.462
223.593
223.722
223.85
223.976
224.1
224.222
224.342
224.46
224.575
224.688
224.799
224.909
225.015
225.12
225.221
225.319
225.414
225.507
225.598
225.686
225.772
225.856
225.937
226.015
226.09
226.163
226.234
226.302
226.368
226.432
226.494
226.554
226.612
226.669
226.725
226.779
226.832
226.884
226.935
226.986
227.035
227.084
227.132
227.179
227.225
227.271
227.316
227.36
227.403
227.446
227.487
227.528
227.568
227.606
227.644
227.68
227.715
227.749
227.782
227.814
227.845
227.874
227.903
227.93
227.956
227.981
228.005
228.027
228.049
228.07
228.089
228.108
228.126
228.142
228.158
228.173
228.188
228.201
228.213
228.225
228.236
228.246
228.256
228.265
228.275
228.287
228.297
228.309
228.319
228.33
228.34
228.35
228.359
228.367
228.375
142.045
210.403
218.694
219.297
219.895
220.194
220.451
220.702
220.966
221.221
221.468
221.696
221.901
222.076
222.221
222.341
222.443
222.537
222.634
222.736
222.845
222.96
223.08
223.204
223.332
223.462
223.592
223.721
223.849
223.975
224.099
224.221
224.341
224.459
224.574
224.687
224.798
224.907
225.014
225.118
225.219
225.317
225.413
225.506
225.597
225.686
225.772
225.856
225.938
226.017
226.093
226.167
226.239
226.308
226.376
226.441
226.505
226.567
226.628
226.688
226.746
226.803
226.859
226.915
226.97
227.024
227.077
227.13
227.182
227.234
227.285
227.335
227.385
227.433
227.482
227.529
227.575
227.621
227.665
227.709
227.751
227.792
227.832
227.871
227.908
227.945
227.98
228.014
228.046
228.077
228.107
228.136
228.164
228.19
228.215
228.239
228.262
228.284
228.305
228.325
228.343
228.361
228.378
228.394
228.409
228.423
228.436
228.448
228.46
228.472
228.483
228.497
228.508
228.522
228.533
228.546
228.557
228.568
228.578
228.588
228.597
142.528
210.634
218.694
219.273
219.881
220.185
220.443
220.696
220.961
221.218
221.465
221.694
221.899
222.074
222.219
222.338
222.44
222.535
222.631
222.734
222.843
222.958
223.078
223.203
223.331
223.461
223.591
223.72
223.848
223.974
224.098
224.22
224.34
224.458
224.573
224.686
224.797
224.906
225.013
225.117
225.217
225.316
225.411
225.505
225.596
225.685
225.772
225.857
225.939
226.018
226.096
226.171
226.243
226.314
226.383
226.451
226.516
226.58
226.644
226.706
226.767
226.827
226.886
226.945
227.003
227.061
227.119
227.175
227.232
227.288
227.343
227.398
227.452
227.506
227.559
227.611
227.662
227.712
227.761
227.81
227.857
227.903
227.947
227.991
228.033
228.074
228.113
228.151
228.188
228.224
228.258
228.29
228.322
228.352
228.381
228.408
228.435
228.46
228.484
228.507
228.529
228.55
228.569
228.588
228.605
228.621
228.637
228.651
228.665
228.679
228.693
228.709
228.722
228.737
228.75
228.764
228.777
228.79
228.801
228.813
228.824
143.062
210.847
218.693
219.249
219.869
220.175
220.436
220.69
220.956
221.214
221.462
221.692
221.897
222.072
222.217
222.336
222.438
222.532
222.629
222.732
222.841
222.957
223.077
223.202
223.33
223.46
223.59
223.719
223.847
223.973
224.097
224.219
224.339
224.456
224.571
224.684
224.795
224.904
225.011
225.115
225.216
225.314
225.41
225.503
225.595
225.685
225.772
225.857
225.94
226.02
226.098
226.174
226.248
226.32
226.391
226.46
226.527
226.594
226.659
226.724
226.788
226.851
226.914
226.976
227.038
227.099
227.161
227.222
227.282
227.342
227.402
227.462
227.521
227.579
227.637
227.693
227.75
227.805
227.859
227.912
227.964
228.014
228.064
228.112
228.159
228.204
228.248
228.291
228.332
228.371
228.41
228.446
228.482
228.515
228.548
228.579
228.609
228.637
228.664
228.69
228.715
228.738
228.761
228.782
228.802
228.821
228.838
228.855
228.871
228.888
228.904
228.921
228.936
228.953
228.968
228.983
228.998
229.012
229.025
229.038
229.05
143.647
211.035
218.693
219.225
219.856
220.166
220.428
220.684
220.952
221.211
221.46
221.69
221.895
222.069
222.214
222.333
222.435
222.53
222.627
222.73
222.84
222.955
223.076
223.201
223.329
223.459
223.589
223.718
223.846
223.972
224.096
224.218
224.338
224.455
224.57
224.683
224.794
224.903
225.01
225.113
225.214
225.312
225.408
225.502
225.594
225.684
225.772
225.858
225.941
226.022
226.101
226.178
226.253
226.326
226.398
226.469
226.539
226.607
226.675
226.742
226.809
226.875
226.941
227.006
227.072
227.137
227.202
227.267
227.332
227.396
227.46
227.524
227.588
227.651
227.713
227.775
227.835
227.895
227.954
228.012
228.069
228.124
228.179
228.231
228.283
228.333
228.381
228.428
228.473
228.517
228.559
228.6
228.639
228.677
228.713
228.748
228.781
228.813
228.844
228.873
228.901
228.928
228.953
228.977
228.999
229.021
229.041
229.06
229.079
229.097
229.115
229.134
229.151
229.17
229.186
229.203
229.22
229.235
229.25
229.264
229.279
144.13
211.198
218.688
219.204
219.844
220.157
220.42
220.678
220.947
221.208
221.457
221.688
221.893
222.067
222.212
222.33
222.432
222.528
222.625
222.728
222.838
222.954
223.074
223.2
223.328
223.458
223.588
223.717
223.845
223.971
224.095
224.217
224.336
224.454
224.569
224.681
224.792
224.901
225.008
225.112
225.213
225.311
225.407
225.501
225.593
225.684
225.772
225.858
225.942
226.024
226.103
226.181
226.258
226.332
226.406
226.478
226.55
226.62
226.691
226.76
226.83
226.899
226.968
227.037
227.106
227.175
227.244
227.313
227.381
227.45
227.519
227.587
227.655
227.723
227.79
227.857
227.922
227.987
228.051
228.113
228.175
228.235
228.294
228.352
228.408
228.462
228.515
228.566
228.616
228.664
228.711
228.755
228.799
228.84
228.88
228.918
228.955
228.991
229.024
229.057
229.087
229.117
229.145
229.171
229.197
229.22
229.243
229.265
229.286
229.307
229.327
229.348
229.367
229.387
229.406
229.425
229.443
229.46
229.476
229.492
229.509
144.593
211.337
218.677
219.187
219.833
220.148
220.413
220.672
220.943
221.204
221.455
221.685
221.89
222.065
222.209
222.328
222.43
222.525
222.623
222.726
222.836
222.952
223.073
223.198
223.327
223.457
223.587
223.716
223.844
223.97
224.094
224.216
224.335
224.452
224.567
224.68
224.791
224.9
225.006
225.11
225.211
225.309
225.405
225.5
225.592
225.683
225.772
225.858
225.943
226.025
226.106
226.185
226.262
226.338
226.413
226.488
226.561
226.634
226.706
226.778
226.85
226.922
226.994
227.067
227.139
227.212
227.284
227.357
227.43
227.503
227.576
227.649
227.721
227.794
227.865
227.936
228.007
228.076
228.145
228.212
228.279
228.344
228.407
228.469
228.53
228.589
228.646
228.702
228.756
228.808
228.859
228.908
228.955
229
229.044
229.086
229.127
229.166
229.203
229.239
229.273
229.306
229.337
229.366
229.394
229.421
229.446
229.471
229.494
229.517
229.54
229.563
229.584
229.606
229.627
229.647
229.667
229.686
229.703
229.72
229.739
145.075
211.457
218.661
219.171
219.822
220.139
220.405
220.666
220.938
221.201
221.452
221.683
221.888
222.063
222.207
222.325
222.427
222.523
222.62
222.724
222.834
222.95
223.072
223.197
223.326
223.456
223.586
223.715
223.843
223.969
224.093
224.214
224.334
224.451
224.566
224.679
224.789
224.898
225.005
225.108
225.209
225.307
225.404
225.499
225.592
225.683
225.771
225.858
225.943
226.027
226.108
226.188
226.267
226.344
226.421
226.497
226.572
226.647
226.721
226.796
226.871
226.946
227.021
227.097
227.172
227.249
227.325
227.402
227.479
227.556
227.633
227.711
227.788
227.865
227.941
228.017
228.092
228.166
228.239
228.312
228.383
228.452
228.521
228.588
228.653
228.716
228.778
228.839
228.897
228.954
229.008
229.061
229.113
229.162
229.21
229.255
229.299
229.342
229.382
229.421
229.459
229.494
229.528
229.56
229.591
229.62
229.648
229.675
229.701
229.726
229.751
229.776
229.8
229.824
229.847
229.869
229.891
229.911
229.931
229.95
229.972
145.601
211.561
218.639
219.158
219.812
220.13
220.398
220.66
220.934
221.198
221.45
221.681
221.886
222.061
222.204
222.323
222.425
222.52
222.618
222.722
222.833
222.949
223.07
223.196
223.325
223.455
223.585
223.714
223.842
223.968
224.091
224.213
224.332
224.45
224.564
224.677
224.788
224.897
225.003
225.106
225.207
225.306
225.402
225.497
225.59
225.682
225.771
225.859
225.944
226.028
226.11
226.191
226.271
226.35
226.428
226.506
226.583
226.66
226.737
226.814
226.891
226.969
227.047
227.126
227.205
227.285
227.365
227.445
227.526
227.608
227.689
227.771
227.852
227.933
228.014
228.095
228.174
228.253
228.331
228.408
228.484
228.558
228.631
228.702
228.772
228.84
228.907
228.971
229.034
229.095
229.154
229.211
229.266
229.32
229.371
229.421
229.469
229.514
229.559
229.601
229.642
229.681
229.718
229.754
229.787
229.82
229.85
229.88
229.909
229.937
229.964
229.992
230.017
230.043
230.068
230.093
230.116
230.138
230.159
230.18
230.203
146.112
211.649
218.614
219.146
219.802
220.121
220.391
220.654
220.929
221.194
221.447
221.679
221.884
222.058
222.202
222.32
222.422
222.518
222.616
222.72
222.831
222.947
223.069
223.195
223.324
223.454
223.584
223.713
223.841
223.967
224.09
224.212
224.331
224.448
224.563
224.675
224.786
224.895
225.001
225.105
225.205
225.304
225.401
225.496
225.589
225.681
225.771
225.859
225.945
226.029
226.112
226.194
226.275
226.356
226.435
226.514
226.593
226.672
226.751
226.831
226.911
226.992
227.073
227.155
227.237
227.32
227.404
227.489
227.574
227.659
227.745
227.83
227.916
228.002
228.087
228.172
228.257
228.34
228.423
228.504
228.585
228.664
228.742
228.818
228.892
228.965
229.036
229.105
229.172
229.237
229.3
229.361
229.421
229.478
229.533
229.587
229.638
229.688
229.736
229.781
229.825
229.867
229.907
229.946
229.982
230.017
230.05
230.082
230.113
230.144
230.173
230.203
230.23
230.258
230.286
230.312
230.337
230.361
230.384
230.407
230.434
146.547
211.717
218.586
219.135
219.791
220.112
220.384
220.649
220.925
221.191
221.444
221.677
221.882
222.056
222.199
222.318
222.42
222.516
222.614
222.718
222.829
222.946
223.068
223.194
223.323
223.453
223.583
223.712
223.84
223.965
224.089
224.21
224.33
224.447
224.561
224.674
224.785
224.893
224.999
225.103
225.203
225.302
225.399
225.494
225.588
225.68
225.77
225.858
225.945
226.03
226.114
226.197
226.279
226.361
226.442
226.523
226.604
226.685
226.766
226.848
226.931
227.014
227.098
227.183
227.268
227.355
227.442
227.53
227.619
227.708
227.798
227.888
227.978
228.068
228.158
228.247
228.336
228.424
228.511
228.597
228.682
228.766
228.848
228.928
229.007
229.084
229.16
229.233
229.305
229.374
229.441
229.507
229.57
229.631
229.691
229.748
229.803
229.856
229.908
229.957
230.004
230.05
230.093
230.135
230.175
230.213
230.249
230.285
230.318
230.352
230.384
230.416
230.447
230.477
230.507
230.535
230.563
230.589
230.613
230.638
230.667
147.039
211.772
218.556
219.124
219.781
220.104
220.377
220.643
220.921
221.188
221.442
221.674
221.88
222.054
222.197
222.315
222.417
222.513
222.612
222.717
222.828
222.944
223.066
223.193
223.321
223.452
223.582
223.711
223.839
223.964
224.088
224.209
224.328
224.445
224.56
224.672
224.783
224.891
224.997
225.101
225.201
225.3
225.397
225.493
225.587
225.679
225.769
225.858
225.945
226.031
226.116
226.2
226.283
226.366
226.449
226.531
226.614
226.697
226.78
226.865
226.95
227.036
227.123
227.21
227.299
227.389
227.48
227.572
227.664
227.757
227.851
227.945
228.039
228.134
228.228
228.322
228.415
228.507
228.599
228.69
228.779
228.867
228.954
229.039
229.122
229.204
229.284
229.361
229.437
229.511
229.583
229.652
229.719
229.785
229.848
229.909
229.968
230.025
230.08
230.132
230.183
230.232
230.278
230.323
230.365
230.406
230.445
230.483
230.519
230.555
230.589
230.623
230.656
230.688
230.72
230.75
230.779
230.807
230.833
230.86
230.892
147.5
211.805
218.523
219.113
219.771
220.096
220.371
220.638
220.917
221.184
221.439
221.672
221.878
222.052
222.195
222.312
222.415
222.511
222.61
222.715
222.826
222.943
223.065
223.191
223.32
223.451
223.581
223.71
223.838
223.963
224.086
224.208
224.327
224.443
224.558
224.671
224.781
224.89
224.995
225.098
225.199
225.298
225.395
225.491
225.585
225.678
225.768
225.858
225.945
226.032
226.118
226.203
226.287
226.371
226.455
226.539
226.623
226.708
226.794
226.881
226.968
227.057
227.146
227.237
227.329
227.422
227.516
227.611
227.707
227.804
227.902
228
228.098
228.196
228.294
228.392
228.49
228.587
228.683
228.778
228.872
228.964
229.055
229.144
229.232
229.318
229.402
229.484
229.564
229.642
229.718
229.791
229.863
229.932
229.999
230.064
230.126
230.187
230.245
230.301
230.356
230.408
230.457
230.506
230.551
230.596
230.638
230.679
230.718
230.757
230.794
230.831
230.867
230.902
230.936
230.969
231
231.03
231.059
231.089
231.123
147.969
211.839
218.486
219.102
219.761
220.087
220.364
220.633
220.912
221.181
221.437
221.67
221.876
222.049
222.192
222.31
222.412
222.509
222.608
222.713
222.824
222.941
223.064
223.19
223.319
223.45
223.58
223.709
223.836
223.962
224.085
224.206
224.325
224.442
224.556
224.669
224.779
224.888
224.993
225.096
225.197
225.296
225.393
225.489
225.584
225.676
225.767
225.857
225.945
226.033
226.119
226.205
226.29
226.376
226.461
226.547
226.633
226.72
226.807
226.896
226.986
227.077
227.169
227.263
227.358
227.454
227.551
227.65
227.75
227.85
227.951
228.053
228.155
228.258
228.36
228.462
228.564
228.665
228.765
228.865
228.963
229.06
229.155
229.249
229.341
229.431
229.519
229.606
229.69
229.772
229.852
229.929
230.005
230.078
230.149
230.217
230.284
230.348
230.41
230.47
230.527
230.582
230.635
230.686
230.735
230.782
230.826
230.87
230.912
230.953
230.992
231.031
231.069
231.106
231.142
231.177
231.21
231.241
231.271
231.302
231.339
148.389
211.837
218.446
219.093
219.752
220.079
220.357
220.627
220.908
221.178
221.434
221.668
221.873
222.047
222.19
222.307
222.41
222.506
222.605
222.711
222.823
222.94
223.062
223.189
223.318
223.449
223.579
223.708
223.835
223.96
224.084
224.205
224.324
224.44
224.555
224.667
224.777
224.885
224.991
225.094
225.195
225.294
225.391
225.487
225.582
225.675
225.766
225.856
225.945
226.033
226.12
226.207
226.294
226.38
226.467
226.554
226.642
226.73
226.82
226.911
227.003
227.096
227.191
227.288
227.385
227.484
227.585
227.687
227.79
227.894
227.998
228.104
228.21
228.316
228.422
228.528
228.634
228.739
228.843
228.947
229.049
229.15
229.25
229.347
229.444
229.538
229.63
229.72
229.809
229.895
229.978
230.06
230.139
230.216
230.291
230.363
230.433
230.501
230.566
230.629
230.69
230.749
230.805
230.859
230.911
230.961
231.009
231.056
231.101
231.145
231.187
231.229
231.27
231.309
231.348
231.385
231.421
231.455
231.487
231.521
231.562
148.847
211.819
218.404
219.085
219.744
220.071
220.351
220.622
220.904
221.175
221.432
221.666
221.871
222.045
222.187
222.305
222.407
222.504
222.603
222.709
222.821
222.938
223.061
223.188
223.317
223.447
223.578
223.707
223.834
223.959
224.082
224.203
224.322
224.438
224.553
224.665
224.775
224.883
224.988
225.091
225.192
225.291
225.389
225.485
225.58
225.673
225.765
225.855
225.945
226.033
226.121
226.209
226.296
226.384
226.472
226.561
226.65
226.741
226.832
226.925
227.02
227.115
227.212
227.311
227.412
227.514
227.617
227.722
227.829
227.936
228.044
228.153
228.263
228.373
228.483
228.593
228.702
228.811
228.92
229.027
229.133
229.238
229.342
229.444
229.544
229.642
229.739
229.833
229.925
230.015
230.103
230.188
230.271
230.352
230.43
230.506
230.58
230.651
230.72
230.787
230.851
230.913
230.972
231.029
231.084
231.137
231.187
231.236
231.284
231.33
231.374
231.418
231.461
231.503
231.543
231.582
231.62
231.655
231.69
231.725
231.767
149.272
211.796
218.361
219.08
219.736
220.063
220.344
220.617
220.9
221.171
221.429
221.663
221.869
222.042
222.185
222.302
222.405
222.502
222.601
222.707
222.819
222.937
223.06
223.187
223.316
223.446
223.577
223.705
223.833
223.958
224.081
224.202
224.32
224.437
224.551
224.663
224.773
224.881
224.986
225.089
225.189
225.289
225.386
225.483
225.578
225.671
225.763
225.854
225.944
226.033
226.122
226.21
226.299
226.388
226.477
226.567
226.658
226.75
226.844
226.939
227.035
227.133
227.232
227.334
227.437
227.541
227.648
227.755
227.865
227.975
228.087
228.199
228.312
228.425
228.539
228.652
228.766
228.878
228.99
229.102
229.212
229.32
229.428
229.534
229.638
229.74
229.84
229.938
230.034
230.128
230.219
230.308
230.395
230.479
230.561
230.64
230.717
230.792
230.864
230.934
231.001
231.066
231.128
231.189
231.246
231.302
231.356
231.408
231.458
231.507
231.555
231.602
231.648
231.692
231.735
231.776
231.815
231.853
231.89
231.927
231.972
149.705
211.76
218.319
219.075
219.728
220.055
220.338
220.611
220.895
221.168
221.427
221.661
221.867
222.04
222.182
222.3
222.402
222.499
222.599
222.705
222.817
222.935
223.058
223.185
223.315
223.445
223.575
223.704
223.831
223.956
224.079
224.2
224.319
224.435
224.549
224.661
224.771
224.878
224.983
225.086
225.187
225.286
225.384
225.48
225.575
225.669
225.761
225.852
225.943
226.033
226.122
226.212
226.301
226.391
226.482
226.573
226.665
226.759
226.854
226.951
227.049
227.149
227.251
227.355
227.46
227.568
227.677
227.787
227.899
228.013
228.128
228.243
228.359
228.476
228.593
228.71
228.827
228.943
229.059
229.174
229.287
229.4
229.511
229.62
229.728
229.834
229.938
230.04
230.139
230.236
230.331
230.424
230.514
230.602
230.687
230.77
230.85
230.928
231.004
231.077
231.147
231.215
231.28
231.344
231.404
231.462
231.519
231.573
231.626
231.677
231.726
231.775
231.822
231.868
231.913
231.956
231.997
232.037
232.076
232.115
232.164
150.134
211.709
218.28
219.071
219.72
220.047
220.332
220.606
220.891
221.165
221.424
221.659
221.865
222.038
222.18
222.297
222.399
222.497
222.597
222.703
222.816
222.934
223.057
223.184
223.313
223.444
223.574
223.703
223.83
223.955
224.077
224.198
224.317
224.433
224.547
224.658
224.768
224.876
224.98
225.083
225.184
225.283
225.381
225.478
225.573
225.667
225.759
225.851
225.942
226.032
226.122
226.212
226.303
226.394
226.485
226.578
226.672
226.767
226.864
226.963
227.063
227.164
227.268
227.374
227.482
227.592
227.703
227.816
227.931
228.047
228.165
228.283
228.402
228.522
228.642
228.762
228.882
229.002
229.121
229.239
229.356
229.472
229.587
229.699
229.811
229.92
230.027
230.132
230.235
230.336
230.434
230.53
230.623
230.714
230.803
230.889
230.972
231.053
231.131
231.207
231.28
231.351
231.419
231.485
231.548
231.609
231.668
231.725
231.78
231.834
231.887
231.938
231.989
232.037
232.085
232.13
232.173
232.215
232.255
232.296
232.346
150.507
211.643
218.241
219.067
219.712
220.04
220.325
220.601
220.887
221.161
221.421
221.657
221.862
222.035
222.177
222.295
222.397
222.494
222.595
222.701
222.814
222.932
223.056
223.183
223.312
223.443
223.573
223.701
223.828
223.953
224.076
224.196
224.315
224.431
224.544
224.656
224.766
224.873
224.977
225.08
225.181
225.28
225.378
225.475
225.57
225.664
225.757
225.849
225.94
226.031
226.122
226.213
226.304
226.396
226.489
226.583
226.678
226.775
226.873
226.973
227.075
227.179
227.285
227.392
227.502
227.614
227.728
227.844
227.961
228.08
228.2
228.321
228.443
228.566
228.689
228.812
228.935
229.058
229.18
229.301
229.422
229.541
229.658
229.774
229.889
230.001
230.112
230.22
230.326
230.43
230.532
230.63
230.727
230.821
230.913
231.002
231.088
231.172
231.253
231.332
231.408
231.481
231.552
231.62
231.686
231.749
231.811
231.87
231.927
231.983
232.038
232.09
232.142
232.192
232.24
232.286
232.331
232.374
232.415
232.458
232.511
150.823
211.56
218.203
219.061
219.703
220.032
220.319
220.596
220.883
221.158
221.419
221.654
221.86
222.033
222.175
222.292
222.394
222.492
222.593
222.699
222.812
222.931
223.054
223.181
223.311
223.441
223.571
223.7
223.827
223.951
224.074
224.194
224.313
224.428
224.542
224.653
224.763
224.87
224.974
225.077
225.177
225.277
225.375
225.472
225.567
225.661
225.754
225.846
225.938
226.029
226.121
226.213
226.305
226.398
226.492
226.587
226.683
226.781
226.881
226.982
227.086
227.191
227.299
227.409
227.52
227.634
227.75
227.868
227.988
228.109
228.231
228.355
228.479
228.604
228.73
228.856
228.982
229.107
229.232
229.356
229.479
229.601
229.722
229.84
229.958
230.073
230.187
230.298
230.407
230.513
230.618
230.72
230.819
230.916
231.01
231.102
231.19
231.277
231.36
231.442
231.52
231.596
231.669
231.74
231.808
231.873
231.937
231.998
232.058
232.116
232.173
232.228
232.282
232.334
232.385
232.434
232.481
232.526
232.57
232.614
232.67
151.161
211.461
218.163
219.054
219.694
220.025
220.314
220.591
220.879
221.155
221.416
221.652
221.858
222.031
222.172
222.289
222.392
222.49
222.591
222.698
222.81
222.929
223.053
223.18
223.309
223.44
223.57
223.698
223.825
223.95
224.072
224.192
224.31
224.426
224.539
224.651
224.76
224.867
224.971
225.073
225.174
225.273
225.371
225.468
225.564
225.658
225.751
225.844
225.936
226.028
226.12
226.212
226.305
226.399
226.494
226.59
226.688
226.787
226.888
226.991
227.096
227.203
227.312
227.423
227.537
227.653
227.77
227.89
228.012
228.135
228.26
228.386
228.512
228.64
228.768
228.896
229.025
229.152
229.28
229.407
229.533
229.657
229.78
229.902
230.022
230.14
230.256
230.37
230.481
230.591
230.698
230.802
230.904
231.003
231.1
231.194
231.285
231.375
231.46
231.544
231.625
231.703
231.778
231.851
231.921
231.988
232.054
232.117
232.179
232.238
232.297
232.353
232.408
232.461
232.513
232.562
232.61
232.655
232.699
232.744
232.8
151.409
211.348
218.121
219.046
219.685
220.017
220.308
220.586
220.875
221.152
221.413
221.65
221.856
222.028
222.17
222.287
222.389
222.487
222.588
222.696
222.809
222.927
223.051
223.178
223.308
223.438
223.568
223.697
223.823
223.948
224.07
224.19
224.308
224.423
224.537
224.648
224.757
224.863
224.967
225.069
225.17
225.27
225.368
225.465
225.56
225.654
225.748
225.841
225.933
226.026
226.118
226.211
226.305
226.4
226.495
226.593
226.691
226.791
226.894
226.998
227.104
227.212
227.323
227.436
227.551
227.668
227.788
227.909
228.032
228.157
228.284
228.412
228.54
228.67
228.8
228.93
229.061
229.191
229.32
229.449
229.577
229.704
229.83
229.953
230.076
230.196
230.314
230.43
230.544
230.656
230.765
230.872
230.975
231.077
231.176
231.272
231.365
231.457
231.544
231.63
231.712
231.792
231.869
231.944
232.015
232.085
232.152
232.217
232.28
232.341
232.401
232.459
232.516
232.571
232.625
232.676
232.726
232.774
232.82
232.868
232.928
151.625
211.224
218.078
219.039
219.677
220.01
220.302
220.581
220.87
221.148
221.41
221.647
221.853
222.026
222.167
222.284
222.387
222.485
222.586
222.694
222.807
222.926
223.049
223.177
223.306
223.437
223.567
223.695
223.821
223.946
224.068
224.188
224.305
224.421
224.534
224.645
224.753
224.86
224.964
225.066
225.166
225.266
225.364
225.461
225.556
225.651
225.744
225.837
225.93
226.023
226.116
226.21
226.304
226.4
226.496
226.594
226.694
226.795
226.898
227.003
227.111
227.22
227.332
227.446
227.563
227.682
227.803
227.926
228.05
228.177
228.305
228.435
228.565
228.696
228.828
228.96
229.093
229.224
229.356
229.487
229.617
229.745
229.873
229.999
230.123
230.245
230.366
230.484
230.6
230.713
230.824
230.933
231.039
231.142
231.243
231.341
231.436
231.529
231.618
231.706
231.79
231.871
231.95
232.026
232.099
232.17
232.238
232.305
232.369
232.432
232.493
232.552
232.61
232.666
232.72
232.771
232.821
232.869
232.914
232.961
233.02
151.765
211.093
218.038
219.032
219.669
220.003
220.296
220.576
220.866
221.145
221.408
221.645
221.851
222.023
222.165
222.282
222.384
222.483
222.584
222.692
222.805
222.924
223.048
223.175
223.305
223.435
223.565
223.693
223.82
223.944
224.066
224.186
224.303
224.418
224.531
224.641
224.75
224.856
224.96
225.062
225.162
225.262
225.36
225.456
225.552
225.646
225.74
225.833
225.927
226.02
226.114
226.208
226.303
226.399
226.496
226.595
226.695
226.798
226.902
227.008
227.116
227.227
227.339
227.455
227.572
227.692
227.814
227.938
228.064
228.192
228.322
228.452
228.584
228.717
228.85
228.983
229.117
229.25
229.384
229.516
229.647
229.777
229.907
230.034
230.16
230.283
230.405
230.525
230.642
230.757
230.87
230.98
231.087
231.192
231.294
231.394
231.49
231.585
231.675
231.764
231.849
231.932
232.011
232.089
232.163
232.235
232.304
232.372
232.437
232.501
232.563
232.623
232.682
232.739
232.794
232.847
232.898
232.947
232.995
233.044
233.106
151.857
210.957
218
219.027
219.661
219.996
220.29
220.571
220.862
221.141
221.405
221.642
221.848
222.021
222.162
222.279
222.382
222.48
222.582
222.69
222.803
222.922
223.046
223.174
223.303
223.434
223.563
223.691
223.818
223.942
224.063
224.183
224.3
224.415
224.527
224.638
224.746
224.852
224.956
225.057
225.158
225.257
225.355
225.452
225.548
225.642
225.736
225.829
225.923
226.016
226.111
226.205
226.301
226.398
226.496
226.595
226.696
226.799
226.904
227.011
227.12
227.231
227.345
227.461
227.58
227.7
227.823
227.949
228.076
228.204
228.335
228.466
228.599
228.733
228.867
229.002
229.137
229.271
229.405
229.539
229.672
229.803
229.933
230.062
230.189
230.314
230.437
230.558
230.676
230.793
230.906
231.018
231.126
231.232
231.335
231.436
231.533
231.629
231.72
231.81
231.896
231.98
232.06
232.138
232.213
232.286
232.357
232.425
232.491
232.555
232.618
232.679
232.738
232.795
232.85
232.903
232.954
233.003
233.05
233.099
233.161
151.932
210.818
217.966
219.022
219.653
219.989
220.284
220.566
220.858
221.138
221.402
221.64
221.846
222.018
222.159
222.276
222.379
222.478
222.58
222.687
222.801
222.92
223.044
223.172
223.302
223.432
223.561
223.689
223.815
223.939
224.061
224.18
224.297
224.412
224.524
224.634
224.742
224.848
224.951
225.053
225.153
225.253
225.351
225.447
225.543
225.637
225.731
225.825
225.919
226.013
226.107
226.202
226.298
226.395
226.494
226.594
226.696
226.799
226.905
227.012
227.122
227.234
227.348
227.465
227.584
227.706
227.829
227.955
228.083
228.212
228.343
228.475
228.609
228.743
228.878
229.013
229.149
229.284
229.419
229.553
229.686
229.818
229.95
230.079
230.207
230.332
230.456
230.578
230.697
230.814
230.929
231.041
231.15
231.257
231.36
231.462
231.56
231.656
231.748
231.838
231.925
232.009
232.09
232.168
232.244
232.317
232.388
232.456
232.523
232.587
232.65
232.711
232.771
232.828
232.884
232.937
232.99
233.038
233.087
233.133
233.199
151.991
210.677
217.935
219.018
219.645
219.982
220.278
220.561
220.854
221.134
221.399
221.637
221.843
222.016
222.157
222.273
222.376
222.475
222.577
222.685
222.799
222.919
223.043
223.17
223.3
223.43
223.559
223.687
223.813
223.937
224.058
224.177
224.294
224.408
224.521
224.631
224.738
224.844
224.947
225.048
225.149
225.248
225.346
225.442
225.538
225.632
225.726
225.82
225.914
226.008
226.103
226.198
226.295
226.393
226.492
226.592
226.694
226.798
226.904
227.012
227.123
227.235
227.35
227.467
227.586
227.708
227.832
227.958
228.086
228.216
228.347
228.48
228.614
228.748
228.884
229.019
229.155
229.291
229.426
229.561
229.694
229.827
229.959
230.088
230.216
230.343
230.467
230.589
230.709
230.826
230.941
231.054
231.163
231.27
231.374
231.476
231.574
231.67
231.763
231.853
231.94
232.024
232.105
232.184
232.26
232.333
232.404
232.472
232.539
232.604
232.667
232.728
232.788
232.845
232.901
232.953
233.005
233.052
233.102
233.146
233.215
152.031
210.533
217.906
219.014
219.637
219.975
220.273
220.556
220.849
221.131
221.396
221.634
221.841
222.013
222.154
222.271
222.374
222.473
222.575
222.683
222.797
222.917
223.041
223.168
223.298
223.428
223.557
223.685
223.811
223.934
224.056
224.175
224.291
224.405
224.517
224.627
224.734
224.839
224.942
225.044
225.144
225.243
225.34
225.437
225.532
225.627
225.721
225.815
225.909
226.003
226.098
226.194
226.291
226.389
226.488
226.589
226.692
226.796
226.902
227.01
227.121
227.234
227.349
227.467
227.587
227.708
227.833
227.959
228.087
228.217
228.348
228.481
228.614
228.749
228.884
229.02
229.156
229.291
229.427
229.561
229.695
229.828
229.959
230.089
230.217
230.344
230.468
230.59
230.71
230.827
230.942
231.055
231.164
231.271
231.375
231.477
231.575
231.671
231.764
231.854
231.941
232.025
232.106
232.185
232.26
232.333
232.404
232.473
232.539
232.604
232.667
232.728
232.787
232.844
232.9
232.952
233.004
233.051
233.1
233.141
233.212
152.049
210.385
217.879
219.009
219.63
219.968
220.267
220.551
220.845
221.128
221.393
221.632
221.838
222.01
222.151
222.268
222.371
222.47
222.573
222.681
222.795
222.915
223.039
223.167
223.296
223.426
223.555
223.683
223.808
223.932
224.053
224.171
224.288
224.401
224.513
224.623
224.73
224.834
224.937
225.039
225.139
225.237
225.335
225.431
225.526
225.621
225.715
225.809
225.903
225.998
226.093
226.189
226.286
226.384
226.484
226.585
226.688
226.793
226.899
227.008
227.118
227.231
227.346
227.463
227.582
227.704
227.828
227.954
228.081
228.211
228.341
228.473
228.607
228.741
228.875
229.01
229.145
229.28
229.415
229.548
229.682
229.814
229.944
230.074
230.201
230.327
230.45
230.572
230.691
230.808
230.922
231.034
231.143
231.249
231.352
231.453
231.551
231.646
231.738
231.827
231.913
231.996
232.076
232.154
232.229
232.301
232.371
232.438
232.504
232.568
232.63
232.69
232.749
232.805
232.86
232.912
232.963
233.01
233.057
233.097
233.171
152.065
210.232
217.854
219.004
219.622
219.962
220.262
220.546
220.841
221.124
221.39
221.629
221.836
222.008
222.148
222.265
222.368
222.468
222.57
222.679
222.793
222.913
223.037
223.165
223.294
223.424
223.553
223.681
223.806
223.929
224.05
224.168
224.284
224.398
224.509
224.618
224.725
224.83
224.932
225.033
225.133
225.232
225.329
225.425
225.52
225.615
225.709
225.803
225.897
225.992
226.087
226.183
226.281
226.379
226.479
226.58
226.683
226.788
226.894
227.002
227.113
227.226
227.341
227.458
227.577
227.698
227.822
227.947
228.074
228.203
228.333
228.464
228.597
228.73
228.864
228.998
229.132
229.266
229.4
229.533
229.666
229.797
229.927
230.055
230.182
230.307
230.43
230.551
230.669
230.786
230.899
231.01
231.118
231.224
231.327
231.427
231.524
231.618
231.71
231.798
231.884
231.966
232.046
232.123
232.197
232.268
232.337
232.404
232.469
232.532
232.593
232.652
232.71
232.765
232.819
232.87
232.919
232.965
233.011
233.048
233.12
152.074
210.072
217.831
218.998
219.614
219.955
220.256
220.541
220.837
221.12
221.387
221.626
221.833
222.005
222.146
222.262
222.366
222.465
222.568
222.677
222.791
222.911
223.035
223.163
223.292
223.422
223.551
223.678
223.803
223.926
224.047
224.165
224.281
224.394
224.505
224.614
224.72
224.825
224.927
225.028
225.128
225.226
225.323
225.419
225.514
225.608
225.702
225.796
225.89
225.985
226.081
226.177
226.274
226.373
226.473
226.574
226.677
226.782
226.888
226.996
227.106
227.219
227.333
227.449
227.568
227.689
227.811
227.935
228.062
228.189
228.318
228.448
228.579
228.711
228.844
228.976
229.109
229.241
229.374
229.505
229.636
229.766
229.894
230.021
230.147
230.27
230.391
230.511
230.628
230.743
230.855
230.964
231.071
231.175
231.277
231.375
231.471
231.564
231.654
231.741
231.825
231.906
231.984
232.059
232.132
232.202
232.27
232.336
232.4
232.461
232.522
232.58
232.636
232.691
232.744
232.794
232.843
232.888
232.933
232.968
233.043
152.061
209.903
217.811
218.993
219.606
219.948
220.25
220.536
220.832
221.117
221.384
221.623
221.83
222.002
222.143
222.26
222.363
222.463
222.566
222.674
222.789
222.909
223.033
223.161
223.29
223.42
223.549
223.676
223.801
223.923
224.043
224.161
224.277
224.39
224.501
224.609
224.715
224.819
224.921
225.022
225.122
225.22
225.317
225.413
225.507
225.601
225.695
225.789
225.883
225.978
226.074
226.17
226.267
226.366
226.466
226.567
226.67
226.774
226.88
226.988
227.098
227.21
227.323
227.439
227.557
227.677
227.798
227.921
228.046
228.172
228.3
228.428
228.558
228.688
228.819
228.95
229.081
229.212
229.342
229.472
229.601
229.729
229.856
229.981
230.105
230.226
230.346
230.464
230.579
230.693
230.803
230.912
231.017
231.12
231.22
231.317
231.411
231.503
231.592
231.677
231.76
231.84
231.917
231.991
232.062
232.131
232.198
232.262
232.324
232.384
232.443
232.5
232.555
232.607
232.659
232.707
232.754
232.798
232.842
232.873
232.948
152.034
209.727
217.794
218.987
219.599
219.942
220.245
220.531
220.828
221.113
221.381
221.621
221.827
221.999
222.14
222.257
222.36
222.46
222.563
222.672
222.787
222.907
223.031
223.158
223.288
223.417
223.546
223.673
223.798
223.92
224.04
224.158
224.273
224.386
224.496
224.604
224.71
224.814
224.916
225.016
225.116
225.214
225.31
225.406
225.5
225.594
225.688
225.782
225.876
225.97
226.066
226.162
226.26
226.358
226.458
226.559
226.661
226.765
226.871
226.978
227.088
227.198
227.311
227.426
227.543
227.661
227.781
227.903
228.026
228.15
228.276
228.403
228.53
228.658
228.787
228.916
229.044
229.173
229.301
229.428
229.555
229.681
229.805
229.928
230.049
230.169
230.286
230.402
230.515
230.626
230.735
230.841
230.944
231.045
231.143
231.239
231.331
231.421
231.508
231.592
231.672
231.751
231.826
231.898
231.968
232.035
232.1
232.163
232.224
232.283
232.34
232.395
232.449
232.5
232.55
232.598
232.643
232.686
232.729
232.758
232.833
152.011
209.542
217.78
218.98
219.591
219.935
220.239
220.526
220.824
221.11
221.378
221.618
221.825
221.997
222.137
222.254
222.357
222.457
222.561
222.67
222.785
222.904
223.029
223.156
223.286
223.415
223.544
223.67
223.795
223.917
224.037
224.154
224.269
224.381
224.492
224.6
224.705
224.808
224.91
225.01
225.109
225.207
225.304
225.399
225.493
225.587
225.68
225.774
225.868
225.962
226.058
226.154
226.251
226.35
226.449
226.55
226.652
226.755
226.86
226.967
227.075
227.186
227.297
227.411
227.526
227.643
227.762
227.881
228.003
228.125
228.249
228.373
228.498
228.624
228.75
228.876
229.002
229.128
229.253
229.378
229.502
229.625
229.746
229.867
229.985
230.102
230.217
230.33
230.441
230.55
230.656
230.76
230.861
230.96
231.056
231.149
231.24
231.328
231.413
231.495
231.574
231.65
231.724
231.795
231.863
231.929
231.992
232.053
232.112
232.17
232.225
232.279
232.331
232.381
232.429
232.475
232.519
232.56
232.602
232.629
232.704
152.004
209.355
217.768
218.973
219.583
219.929
220.234
220.521
220.819
221.106
221.375
221.615
221.822
221.994
222.134
222.251
222.354
222.455
222.558
222.667
222.782
222.902
223.027
223.154
223.283
223.413
223.541
223.668
223.792
223.914
224.033
224.15
224.265
224.377
224.487
224.594
224.7
224.803
224.904
225.004
225.103
225.2
225.296
225.391
225.485
225.579
225.672
225.765
225.859
225.954
226.049
226.145
226.242
226.34
226.439
226.539
226.641
226.744
226.848
226.954
227.062
227.171
227.281
227.393
227.507
227.622
227.738
227.856
227.975
228.095
228.216
228.338
228.46
228.583
228.706
228.829
228.952
229.074
229.197
229.318
229.439
229.558
229.677
229.794
229.909
230.023
230.135
230.245
230.353
230.459
230.562
230.664
230.762
230.859
230.952
231.043
231.132
231.217
231.3
231.38
231.458
231.532
231.604
231.673
231.739
231.804
231.865
231.925
231.983
232.039
232.093
232.145
232.196
232.245
232.292
232.336
232.378
232.418
232.46
232.486
232.561
152.002
209.163
217.755
218.966
219.576
219.923
220.229
220.516
220.815
221.102
221.372
221.612
221.819
221.991
222.131
222.248
222.352
222.452
222.556
222.665
222.78
222.9
223.024
223.152
223.281
223.41
223.538
223.665
223.789
223.91
224.029
224.146
224.261
224.373
224.482
224.589
224.694
224.797
224.898
224.998
225.096
225.193
225.289
225.383
225.477
225.57
225.663
225.756
225.85
225.944
226.039
226.135
226.232
226.33
226.428
226.528
226.629
226.731
226.835
226.94
227.046
227.154
227.263
227.373
227.485
227.598
227.712
227.828
227.944
228.062
228.18
228.298
228.418
228.537
228.657
228.776
228.896
229.015
229.134
229.251
229.368
229.484
229.599
229.712
229.824
229.934
230.043
230.149
230.254
230.356
230.457
230.555
230.651
230.744
230.835
230.924
231.009
231.093
231.174
231.252
231.327
231.4
231.47
231.537
231.602
231.665
231.725
231.783
231.84
231.894
231.947
231.998
232.048
232.095
232.141
232.184
232.225
232.263
232.305
232.331
232.407
151.996
208.965
217.742
218.958
219.568
219.916
220.223
220.511
220.811
221.098
221.368
221.609
221.816
221.988
222.128
222.245
222.349
222.449
222.553
222.663
222.778
222.898
223.022
223.149
223.278
223.407
223.536
223.662
223.785
223.907
224.026
224.142
224.256
224.368
224.477
224.584
224.688
224.791
224.892
224.991
225.089
225.186
225.281
225.375
225.469
225.561
225.654
225.747
225.841
225.935
226.029
226.125
226.221
226.318
226.417
226.516
226.616
226.717
226.82
226.924
227.029
227.135
227.242
227.351
227.461
227.571
227.683
227.796
227.909
228.024
228.139
228.254
228.369
228.485
228.601
228.717
228.832
228.947
229.062
229.175
229.288
229.4
229.51
229.62
229.728
229.834
229.938
230.041
230.142
230.241
230.338
230.433
230.526
230.616
230.704
230.79
230.873
230.954
231.032
231.108
231.181
231.252
231.32
231.385
231.449
231.51
231.569
231.625
231.681
231.734
231.786
231.836
231.885
231.931
231.975
232.016
232.055
232.091
232.135
232.164
232.243
151.971
208.763
217.726
218.95
219.56
219.91
220.218
220.506
220.806
221.095
221.365
221.606
221.813
221.985
222.125
222.242
222.346
222.446
222.551
222.66
222.775
222.895
223.02
223.147
223.276
223.405
223.533
223.659
223.782
223.903
224.022
224.138
224.252
224.363
224.472
224.578
224.682
224.785
224.885
224.984
225.082
225.178
225.273
225.367
225.46
225.552
225.645
225.737
225.83
225.924
226.019
226.114
226.21
226.306
226.404
226.502
226.602
226.702
226.804
226.906
227.01
227.114
227.22
227.326
227.434
227.542
227.651
227.761
227.871
227.982
228.094
228.205
228.317
228.429
228.541
228.653
228.764
228.874
228.984
229.093
229.201
229.308
229.414
229.519
229.622
229.724
229.824
229.922
230.018
230.113
230.206
230.297
230.385
230.472
230.557
230.639
230.72
230.798
230.874
230.947
231.018
231.087
231.153
231.217
231.279
231.338
231.396
231.452
231.506
231.559
231.61
231.659
231.707
231.753
231.796
231.834
231.872
231.903
231.951
231.987
232.071
151.91
208.561
217.71
218.941
219.552
219.904
220.212
220.501
220.802
221.091
221.362
221.603
221.81
221.982
222.122
222.239
222.343
222.444
222.548
222.658
222.773
222.893
223.017
223.145
223.273
223.402
223.53
223.655
223.779
223.9
224.018
224.134
224.247
224.358
224.467
224.573
224.676
224.778
224.878
224.977
225.075
225.17
225.265
225.358
225.451
225.543
225.635
225.727
225.82
225.913
226.007
226.102
226.197
226.293
226.39
226.488
226.586
226.686
226.786
226.887
226.989
227.092
227.195
227.3
227.405
227.51
227.616
227.723
227.83
227.937
228.045
228.152
228.26
228.367
228.474
228.581
228.688
228.793
228.898
229.002
229.105
229.207
229.308
229.408
229.506
229.603
229.698
229.791
229.883
229.974
230.062
230.149
230.233
230.316
230.397
230.476
230.553
230.627
230.7
230.771
230.839
230.905
230.969
231.031
231.091
231.149
231.205
231.26
231.313
231.365
231.415
231.464
231.512
231.556
231.598
231.635
231.67
231.699
231.751
231.797
231.887
221.358
221.6
221.807
221.979
222.119
222.236
222.34
222.441
222.545
222.655
222.77
222.891
223.015
223.142
223.271
223.399
223.527
223.652
223.775
223.896
224.014
224.129
224.243
224.353
224.461
224.567
224.67
224.772
224.872
224.97
225.067
225.163
225.257
225.349
225.442
225.533
225.625
225.717
225.809
225.902
225.995
226.09
226.184
226.28
226.376
226.473
226.57
226.668
226.767
226.867
226.967
227.068
227.17
227.271
227.374
227.476
227.579
227.683
227.786
227.89
227.993
228.096
228.2
228.302
228.405
228.507
228.608
228.708
228.808
228.907
229.004
229.101
229.196
229.289
229.382
229.473
229.562
229.65
229.736
229.821
229.904
229.985
230.065
230.143
230.219
230.294
230.367
230.438
230.507
230.575
230.64
230.704
230.765
230.825
230.883
230.94
230.994
231.048
231.1
231.151
231.201
231.25
231.297
231.341
231.382
231.416
231.449
231.476
231.534
231.593
231.692
221.355
221.597
221.804
221.976
222.116
222.233
222.337
222.438
222.543
222.653
222.768
222.888
223.013
223.14
223.268
223.397
223.524
223.649
223.772
223.892
224.01
224.125
224.238
224.348
224.456
224.561
224.664
224.765
224.865
224.963
225.06
225.155
225.248
225.341
225.432
225.524
225.615
225.706
225.798
225.89
225.983
226.077
226.171
226.266
226.361
226.457
226.553
226.65
226.748
226.846
226.945
227.044
227.143
227.242
227.342
227.441
227.541
227.641
227.74
227.84
227.939
228.038
228.136
228.234
228.331
228.428
228.524
228.619
228.712
228.805
228.897
228.987
229.076
229.164
229.25
229.335
229.419
229.501
229.582
229.661
229.738
229.814
229.888
229.961
230.032
230.101
230.169
230.235
230.3
230.363
230.424
230.483
230.541
230.598
230.653
230.707
230.759
230.81
230.861
230.911
230.96
231.008
231.054
231.097
231.136
231.169
231.202
231.231
231.295
231.359
231.467
221.352
221.594
221.801
221.973
222.113
222.23
222.334
222.436
222.54
222.65
222.766
222.886
223.01
223.137
223.266
223.394
223.521
223.646
223.769
223.888
224.006
224.121
224.234
224.343
224.451
224.556
224.658
224.759
224.858
224.956
225.052
225.147
225.24
225.332
225.423
225.514
225.604
225.695
225.787
225.879
225.971
226.064
226.158
226.251
226.346
226.441
226.536
226.632
226.728
226.825
226.921
227.018
227.115
227.212
227.309
227.405
227.502
227.598
227.694
227.789
227.884
227.979
228.073
228.166
228.258
228.35
228.44
228.529
228.618
228.704
228.79
228.874
228.957
229.038
229.118
229.196
229.273
229.348
229.422
229.494
229.565
229.634
229.702
229.768
229.833
229.897
229.959
230.019
230.078
230.136
230.192
230.247
230.3
230.352
230.403
230.453
230.501
230.549
230.597
230.644
230.691
230.736
230.78
230.82
230.857
230.889
230.922
230.954
231.021
231.085
231.2
221.349
221.591
221.798
221.97
222.11
222.227
222.331
222.433
222.538
222.648
222.763
222.883
223.008
223.135
223.263
223.391
223.518
223.643
223.765
223.885
224.002
224.117
224.229
224.338
224.445
224.55
224.652
224.752
224.851
224.948
225.044
225.138
225.231
225.322
225.413
225.504
225.594
225.684
225.775
225.867
225.958
226.051
226.143
226.236
226.33
226.424
226.518
226.612
226.707
226.802
226.897
226.991
227.086
227.18
227.274
227.368
227.461
227.553
227.645
227.736
227.827
227.917
228.006
228.094
228.181
228.267
228.352
228.435
228.518
228.599
228.678
228.757
228.833
228.909
228.982
229.055
229.126
229.195
229.263
229.329
229.394
229.457
229.519
229.579
229.638
229.696
229.752
229.806
229.86
229.911
229.962
230.01
230.058
230.104
230.149
230.193
230.236
230.279
230.321
230.363
230.405
230.446
230.485
230.521
230.553
230.582
230.616
230.65
230.715
230.769
230.884
221.345
221.587
221.795
221.967
222.107
222.224
222.329
222.43
222.535
222.645
222.761
222.881
223.005
223.132
223.26
223.388
223.515
223.64
223.762
223.881
223.998
224.112
224.224
224.333
224.44
224.544
224.646
224.746
224.844
224.941
225.036
225.13
225.222
225.313
225.403
225.493
225.583
225.673
225.763
225.854
225.945
226.036
226.128
226.221
226.313
226.406
226.499
226.592
226.685
226.778
226.871
226.963
227.055
227.147
227.238
227.328
227.418
227.507
227.594
227.682
227.768
227.853
227.937
228.02
228.102
228.182
228.262
228.34
228.416
228.491
228.565
228.637
228.707
228.776
228.844
228.91
228.974
229.036
229.098
229.157
229.216
229.273
229.328
229.383
229.436
229.488
229.539
229.588
229.637
229.684
229.73
229.774
229.817
229.859
229.9
229.939
229.978
230.016
230.054
230.091
230.128
230.163
230.196
230.224
230.249
230.273
230.303
230.335
230.391
230.431
230.543
221.342
221.584
221.792
221.964
222.104
222.221
222.326
222.427
222.532
222.643
222.758
222.879
223.003
223.13
223.258
223.385
223.512
223.636
223.758
223.877
223.994
224.108
224.219
224.328
224.434
224.538
224.639
224.739
224.837
224.933
225.028
225.121
225.213
225.303
225.393
225.482
225.571
225.661
225.75
225.84
225.931
226.021
226.112
226.204
226.295
226.387
226.478
226.57
226.661
226.753
226.843
226.934
227.023
227.112
227.199
227.286
227.372
227.457
227.54
227.623
227.704
227.784
227.863
227.94
228.016
228.091
228.164
228.236
228.306
228.375
228.442
228.508
228.572
228.634
228.695
228.754
228.812
228.868
228.923
228.976
229.028
229.078
229.128
229.176
229.223
229.269
229.313
229.357
229.399
229.441
229.48
229.519
229.556
229.592
229.627
229.66
229.692
229.723
229.754
229.784
229.812
229.838
229.86
229.877
229.89
229.902
229.929
229.959
229.996
230.007
230.078
224.214
224.322
224.428
224.531
224.632
224.731
224.829
224.925
225.019
225.112
225.203
225.293
225.382
225.47
225.559
225.648
225.737
225.826
225.916
226.006
226.096
226.186
226.276
226.366
226.457
226.547
226.637
226.726
226.814
226.902
226.989
227.075
227.159
227.243
227.325
227.405
227.485
227.563
227.639
227.714
227.787
227.859
227.93
227.998
228.066
228.131
228.195
228.257
228.317
228.376
228.432
228.487
228.54
228.591
228.641
228.689
228.735
228.779
228.823
228.865
228.905
228.945
228.983
229.021
229.057
229.093
229.127
229.161
229.193
229.225
229.255
229.285
229.313
229.341
229.367
229.393
229.418
229.442
229.465
229.485
229.5
229.512
229.524
229.533
229.563
229.589
229.616
229.62
229.654
224.821
224.917
225.01
225.102
225.193
225.282
225.371
225.459
225.547
225.635
225.723
225.811
225.9
225.989
226.078
226.167
226.256
226.345
226.434
226.523
226.611
226.698
226.784
226.869
226.954
227.036
227.118
227.197
227.275
227.352
227.426
227.499
227.57
227.639
227.707
227.773
227.837
227.899
227.96
228.018
228.075
228.13
228.183
228.234
228.283
228.331
228.376
228.419
228.461
228.501
228.539
228.575
228.61
228.644
228.676
228.708
228.737
228.766
228.794
228.821
228.847
228.872
228.897
228.92
228.943
228.965
228.987
229.008
229.028
229.049
229.069
229.088
229.105
229.119
229.13
229.139
229.153
229.165
229.192
229.212
229.232
229.233
229.255
224.908
225.001
225.093
225.182
225.271
225.359
225.446
225.534
225.621
225.708
225.796
225.884
225.972
226.06
226.148
226.236
226.323
226.41
226.497
226.583
226.669
226.753
226.835
226.917
226.997
227.074
227.151
227.225
227.297
227.367
227.435
227.501
227.565
227.627
227.687
227.745
227.802
227.856
227.908
227.958
228.006
228.052
228.095
228.137
228.176
228.213
228.248
228.281
228.311
228.34
228.368
228.393
228.417
228.439
228.46
228.479
228.498
228.515
228.531
228.547
228.561
228.576
228.59
228.605
228.62
228.637
228.654
228.674
228.696
228.72
228.746
228.772
228.796
228.817
228.835
228.851
228.859
228.884
228.907
228.936
228.947
228.982
224.899
224.992
225.083
225.172
225.26
225.347
225.434
225.52
225.607
225.694
225.78
225.867
225.954
226.041
226.128
226.214
226.3
226.386
226.471
226.555
226.638
226.72
226.801
226.879
226.956
227.031
227.103
227.174
227.242
227.308
227.371
227.432
227.491
227.547
227.602
227.654
227.703
227.751
227.796
227.839
227.88
227.919
227.955
227.989
228.021
228.05
228.078
228.103
228.126
228.146
228.165
228.182
228.197
228.21
228.222
228.233
228.242
228.251
228.258
228.265
228.27
228.274
228.279
228.283
228.289
228.297
228.308
228.321
228.338
228.359
228.384
228.411
228.438
228.463
228.48
228.488
228.491
228.503
228.551
228.612
228.657
228.681
224.891
224.983
225.073
225.161
225.249
225.335
225.421
225.507
225.593
225.679
225.765
225.851
225.937
226.023
226.108
226.193
226.278
226.363
226.446
226.529
226.61
226.69
226.768
226.845
226.919
226.99
227.06
227.127
227.191
227.252
227.311
227.368
227.422
227.473
227.522
227.569
227.613
227.655
227.694
227.732
227.767
227.8
227.831
227.859
227.885
227.909
227.93
227.95
227.967
227.982
227.994
228.005
228.014
228.021
228.027
228.032
228.035
228.037
228.036
228.035
228.031
228.026
228.019
228.011
228.003
227.997
227.995
227.996
227.998
228.004
228.016
228.038
228.074
228.132
228.206
228.301
228.419
228.568
228.734
228.915
229.078
229.194
)
;

boundaryField
{
    inlet
    {
        type            fixedValue;
        value           uniform 223;
    }
    obstacle
    {
        type            zeroGradient;
    }
    bottom
    {
        type            symmetry;
    }
    outlet
    {
        type            inletOutlet;
        inletValue      nonuniform List<scalar> 0();
        value           nonuniform List<scalar> 0();
    }
    top
    {
        type            symmetry;
    }
    defaultFaces
    {
        type            empty;
    }
    procBoundary1to0
    {
        type            processor;
        value           nonuniform List<scalar> 
90
(
151.796
208.353
217.692
218.933
219.544
219.898
220.207
220.496
220.798
221.087
221.087
221.083
221.08
221.076
221.072
221.069
221.338
221.581
221.789
221.96
222.101
222.218
222.323
222.424
222.53
222.64
222.756
222.876
223
223.127
223.255
223.382
223.509
223.633
223.754
223.873
223.989
224.103
224.103
224.209
224.317
224.422
224.525
224.625
224.724
224.724
224.813
224.813
224.805
224.797
224.801
224.887
224.971
225.053
225.134
225.213
225.292
225.369
225.447
225.523
225.599
225.674
225.749
225.823
225.896
225.968
226.04
226.111
226.181
226.249
226.317
226.383
226.447
226.509
226.57
226.628
226.684
226.738
226.788
226.836
226.88
226.922
226.96
226.995
227.026
227.053
227.078
227.1
227.119
227.134
)
;
    }
    procBoundary1to2
    {
        type            processor;
        value           nonuniform List<scalar> 
42
(
227.145
227.154
227.159
227.163
227.164
227.163
227.16
227.155
227.148
227.138
227.127
227.114
227.1
227.085
227.069
227.052
227.033
227.011
226.991
226.967
226.942
226.913
226.882
226.848
226.813
226.778
226.748
226.725
226.712
226.709
226.719
226.759
226.844
226.988
227.186
227.441
227.728
228.049
228.377
228.728
229.063
229.378
)
;
    }
    procBoundary1to7
    {
        type            processor;
        value           nonuniform List<scalar> 
126
(
141.036
206.216
218.952
218.952
220.134
220.603
220.692
220.843
221.007
221.187
221.374
221.573
221.779
221.982
222.168
222.327
222.458
222.564
222.654
222.74
222.83
222.927
223.031
223.142
223.258
223.377
223.5
223.625
223.751
223.878
224.004
224.127
224.249
224.368
224.486
224.602
224.715
224.827
224.936
225.043
225.147
225.248
225.347
225.442
225.533
225.621
225.704
225.783
225.857
225.926
225.99
226.048
226.048
226.101
226.147
226.147
226.188
226.222
226.222
226.25
226.272
226.287
226.295
226.295
226.288
226.275
226.255
226.228
226.195
226.155
226.11
226.058
226.002
225.94
225.874
225.803
225.729
225.65
225.569
225.485
225.399
225.311
225.222
225.131
225.039
224.947
224.854
224.762
224.67
224.579
224.488
224.398
224.31
224.222
224.137
224.052
223.97
223.889
223.81
223.733
223.658
223.586
223.515
223.446
223.379
223.315
223.252
223.192
223.133
223.076
223.021
222.968
222.917
222.867
222.821
222.776
222.734
222.695
222.657
222.622
222.588
222.56
222.531
222.649
222.649
222.591
)
;
    }
}


// ************************************************************************* //
