/*--------------------------------*- C++ -*----------------------------------*\
| =========                 |                                                 |
| \\      /  F ield         | OpenFOAM: The Open Source CFD Toolbox           |
|  \\    /   O peration     | Version:  2412                                  |
|   \\  /    A nd           | Website:  www.openfoam.com                      |
|    \\/     M anipulation  |                                                 |
\*---------------------------------------------------------------------------*/
FoamFile
{
    version     2.0;
    format      ascii;
    arch        "LSB;label=32;scalar=64";
    class       volScalarField;
    location    "0.074";
    object      T;
}
// * * * * * * * * * * * * * * * * * * * * * * * * * * * * * * * * * * * * * //

dimensions      [0 0 0 1 0 0 0];

internalField   nonuniform List<scalar> 
9763
(
229.591
230.96
229.553
231.055
229.503
231.028
229.437
230.967
229.361
230.855
229.278
230.722
229.196
230.584
229.118
230.452
229.051
230.329
228.99
230.214
228.935
230.108
228.884
230.005
228.837
229.907
228.791
229.81
228.746
229.715
228.7
229.619
228.653
229.523
228.604
229.425
228.552
229.324
228.497
229.22
228.439
229.11
228.376
228.995
228.31
228.875
228.24
228.75
228.167
228.621
228.09
228.488
228.013
228.351
227.933
228.212
227.852
228.071
227.77
227.929
227.686
227.785
227.602
227.641
227.515
227.497
227.426
227.352
227.33
227.205
227.23
227.054
227.125
226.896
227.015
226.733
226.899
226.564
226.776
226.392
226.217
226.041
225.863
247.555
223.898
226.116
227.018
226.847
226.507
226.095
225.748
225.427
225.13
224.863
224.623
224.404
224.206
224.021
223.848
223.684
223.525
223.367
223.204
223.036
222.862
222.686
222.512
222.343
222.183
222.031
221.889
221.756
221.631
221.512
221.4
221.294
221.194
221.101
221.015
220.935
220.863
220.797
220.738
220.688
220.648
220.617
220.593
220.578
220.571
220.572
220.582
220.601
220.628
220.662
220.704
220.753
220.81
220.873
220.946
221.03
221.124
221.248
221.385
221.564
221.771
222
222.239
222.481
222.716
222.945
223.168
223.387
223.602
223.815
224.024
224.234
224.442
224.65
224.854
225.055
225.25
225.439
225.622
225.803
225.984
226.164
226.345
226.523
226.697
226.863
227.023
227.174
227.322
227.465
227.603
227.737
227.87
228.001
228.131
228.258
228.38
228.496
228.605
228.707
228.801
228.887
228.969
229.047
229.126
229.205
229.289
229.374
229.462
229.56
229.664
229.772
229.873
229.959
230.022
230.053
230.056
230.016
229.992
229.796
247.36
223.908
226.104
227.007
226.839
226.502
226.092
225.746
225.425
225.128
224.861
224.621
224.402
224.203
224.019
223.846
223.681
223.522
223.364
223.202
223.034
222.86
222.684
222.51
222.341
222.18
222.028
221.885
221.75
221.624
221.504
221.39
221.283
221.181
221.085
220.996
220.914
220.839
220.77
220.708
220.655
220.612
220.577
220.551
220.532
220.522
220.52
220.527
220.543
220.567
220.598
220.636
220.683
220.737
220.797
220.867
220.947
221.038
221.156
221.292
221.469
221.672
221.897
222.132
222.372
222.605
222.832
223.052
223.269
223.481
223.691
223.897
224.102
224.305
224.508
224.71
224.91
225.105
225.295
225.479
225.659
225.838
226.016
226.196
226.374
226.551
226.722
226.886
227.039
227.183
227.316
227.443
227.567
227.688
227.807
227.925
228.04
228.152
228.258
228.357
228.448
228.533
228.61
228.683
228.753
228.823
228.897
228.975
229.062
229.155
229.259
229.375
229.499
229.621
229.733
229.829
229.91
229.978
230.029
230.055
230.059
247.3
223.902
226.095
227.001
226.834
226.498
226.089
225.743
225.424
225.126
224.86
224.619
224.4
224.201
224.016
223.843
223.679
223.519
223.361
223.199
223.031
222.858
222.682
222.508
222.338
222.177
222.024
221.88
221.745
221.617
221.496
221.38
221.271
221.167
221.069
220.977
220.892
220.814
220.742
220.677
220.62
220.574
220.536
220.506
220.484
220.471
220.466
220.469
220.481
220.502
220.53
220.565
220.608
220.659
220.716
220.782
220.858
220.945
221.056
221.19
221.362
221.561
221.781
222.012
222.248
222.477
222.702
222.918
223.132
223.34
223.546
223.747
223.947
224.145
224.342
224.539
224.733
224.923
225.108
225.286
225.461
225.634
225.804
225.977
226.147
226.317
226.481
226.64
226.79
226.931
227.062
227.186
227.305
227.42
227.532
227.642
227.75
227.854
227.953
228.045
228.131
228.21
228.282
228.348
228.412
228.476
228.541
228.613
228.692
228.778
228.877
228.99
229.115
229.242
229.362
229.467
229.552
229.618
229.667
229.701
229.725
247.305
223.891
226.085
226.994
226.828
226.494
226.086
225.741
225.422
225.125
224.858
224.618
224.398
224.199
224.014
223.841
223.676
223.517
223.358
223.197
223.029
222.856
222.68
222.506
222.336
222.174
222.021
221.876
221.74
221.61
221.488
221.371
221.259
221.153
221.053
220.959
220.871
220.79
220.715
220.647
220.587
220.537
220.495
220.462
220.437
220.421
220.413
220.413
220.422
220.439
220.464
220.496
220.536
220.583
220.638
220.7
220.773
220.857
220.963
221.093
221.261
221.455
221.669
221.893
222.125
222.351
222.573
222.788
222.998
223.203
223.405
223.602
223.796
223.986
224.176
224.365
224.552
224.736
224.916
225.09
225.259
225.427
225.591
225.757
225.92
226.082
226.239
226.389
226.53
226.662
226.785
226.901
227.011
227.116
227.219
227.319
227.417
227.512
227.604
227.69
227.77
227.844
227.913
227.978
228.04
228.102
228.166
228.236
228.314
228.401
228.5
228.616
228.744
228.878
229.005
229.117
229.206
229.271
229.317
229.35
229.373
247.279
223.883
226.077
226.988
226.822
226.49
226.083
225.739
225.42
225.123
224.857
224.616
224.396
224.197
224.012
223.838
223.674
223.514
223.356
223.194
223.027
222.854
222.678
222.504
222.334
222.172
222.017
221.872
221.735
221.604
221.48
221.362
221.249
221.141
221.038
220.941
220.851
220.766
220.688
220.617
220.554
220.501
220.456
220.42
220.392
220.372
220.362
220.358
220.363
220.378
220.4
220.429
220.465
220.509
220.56
220.619
220.688
220.769
220.871
220.997
221.159
221.347
221.554
221.773
221.999
222.222
222.443
222.656
222.865
223.068
223.265
223.456
223.644
223.829
224.013
224.197
224.378
224.557
224.731
224.899
225.063
225.224
225.382
225.54
225.696
225.852
226.002
226.147
226.284
226.411
226.529
226.639
226.742
226.84
226.935
227.027
227.116
227.203
227.286
227.364
227.437
227.505
227.568
227.627
227.684
227.741
227.801
227.867
227.939
228.02
228.119
228.233
228.362
228.496
228.626
228.741
228.834
228.901
228.947
228.978
229
247.28
223.875
226.068
226.982
226.816
226.486
226.081
225.737
225.419
225.122
224.855
224.614
224.394
224.195
224.01
223.836
223.671
223.512
223.354
223.192
223.025
222.852
222.676
222.502
222.332
222.169
222.014
221.868
221.73
221.599
221.473
221.353
221.238
221.128
221.023
220.924
220.831
220.744
220.663
220.588
220.522
220.465
220.418
220.378
220.347
220.324
220.31
220.304
220.306
220.317
220.336
220.362
220.395
220.435
220.483
220.54
220.605
220.684
220.781
220.904
221.06
221.241
221.441
221.654
221.876
222.096
222.315
222.527
222.735
222.934
223.128
223.314
223.496
223.675
223.854
224.032
224.208
224.382
224.551
224.715
224.874
225.029
225.182
225.335
225.485
225.634
225.779
225.918
226.049
226.171
226.284
226.389
226.486
226.579
226.667
226.753
226.836
226.916
226.993
227.066
227.134
227.197
227.256
227.311
227.365
227.419
227.476
227.538
227.605
227.686
227.783
227.896
228.023
228.156
228.287
228.403
228.496
228.564
228.609
228.633
228.636
247.261
223.865
226.059
226.975
226.81
226.483
226.078
225.735
225.417
225.12
224.854
224.613
224.392
224.193
224.008
223.833
223.669
223.509
223.351
223.19
223.023
222.85
222.675
222.5
222.33
222.167
222.012
221.864
221.725
221.593
221.466
221.344
221.227
221.115
221.008
220.906
220.81
220.721
220.637
220.559
220.49
220.43
220.379
220.336
220.301
220.275
220.258
220.249
220.248
220.255
220.271
220.294
220.324
220.361
220.406
220.458
220.521
220.596
220.689
220.808
220.958
221.134
221.329
221.538
221.755
221.971
222.185
222.393
222.597
222.793
222.983
223.167
223.346
223.521
223.695
223.869
224.039
224.208
224.371
224.529
224.682
224.832
224.979
225.126
225.272
225.418
225.559
225.697
225.826
225.947
226.058
226.161
226.257
226.346
226.432
226.514
226.594
226.671
226.744
226.814
226.879
226.939
226.995
227.048
227.1
227.152
227.207
227.266
227.333
227.414
227.511
227.624
227.751
227.885
228.018
228.137
228.231
228.297
228.342
228.375
228.396
247.251
223.856
226.049
226.968
226.804
226.479
226.075
225.733
225.415
225.119
224.852
224.611
224.391
224.191
224.005
223.831
223.666
223.507
223.349
223.187
223.02
222.848
222.673
222.499
222.328
222.165
222.009
221.861
221.721
221.587
221.459
221.336
221.217
221.103
220.993
220.889
220.79
220.697
220.61
220.53
220.457
220.393
220.339
220.293
220.255
220.225
220.204
220.193
220.189
220.193
220.206
220.226
220.252
220.286
220.327
220.376
220.435
220.507
220.595
220.709
220.855
221.026
221.217
221.423
221.636
221.846
222.055
222.257
222.455
222.647
222.834
223.015
223.191
223.363
223.532
223.699
223.864
224.027
224.184
224.337
224.484
224.629
224.771
224.913
225.053
225.194
225.332
225.466
225.592
225.71
225.819
225.921
226.014
226.103
226.186
226.267
226.344
226.419
226.49
226.558
226.621
226.68
226.734
226.786
226.837
226.888
226.941
226.999
227.067
227.147
227.244
227.356
227.483
227.617
227.751
227.871
227.966
228.03
228.069
228.097
228.128
247.238
223.847
226.039
226.962
226.798
226.475
226.072
225.731
225.413
225.117
224.851
224.61
224.389
224.189
224.003
223.829
223.664
223.504
223.346
223.185
223.018
222.846
222.671
222.497
222.326
222.162
222.006
221.857
221.716
221.581
221.452
221.327
221.206
221.09
220.978
220.871
220.769
220.674
220.584
220.5
220.423
220.356
220.298
220.249
220.207
220.174
220.15
220.135
220.128
220.129
220.138
220.155
220.178
220.208
220.246
220.291
220.347
220.415
220.497
220.606
220.746
220.912
221.1
221.304
221.514
221.72
221.922
222.118
222.309
222.496
222.678
222.855
223.028
223.197
223.361
223.524
223.683
223.839
223.99
224.137
224.278
224.417
224.552
224.687
224.823
224.96
225.094
225.225
225.35
225.467
225.575
225.674
225.766
225.852
225.933
226.01
226.084
226.155
226.222
226.286
226.344
226.398
226.448
226.496
226.542
226.588
226.635
226.689
226.753
226.83
226.923
227.031
227.154
227.285
227.416
227.534
227.63
227.696
227.732
227.748
227.742
247.228
223.837
226.029
226.955
226.792
226.47
226.069
225.728
225.412
225.116
224.849
224.608
224.387
224.187
224.001
223.826
223.661
223.501
223.343
223.182
223.016
222.844
222.669
222.495
222.324
222.16
222.003
221.853
221.711
221.575
221.444
221.318
221.196
221.077
220.963
220.853
220.749
220.65
220.556
220.469
220.389
220.318
220.257
220.204
220.158
220.122
220.094
220.075
220.066
220.063
220.068
220.082
220.103
220.129
220.163
220.205
220.257
220.322
220.398
220.502
220.635
220.796
220.98
221.18
221.387
221.59
221.787
221.977
222.161
222.341
222.517
222.69
222.859
223.024
223.184
223.341
223.494
223.646
223.792
223.933
224.068
224.2
224.328
224.456
224.585
224.715
224.845
224.972
225.093
225.208
225.313
225.411
225.5
225.584
225.663
225.738
225.81
225.878
225.943
226.003
226.058
226.109
226.155
226.198
226.24
226.282
226.325
226.376
226.436
226.51
226.599
226.705
226.826
226.956
227.085
227.203
227.298
227.364
227.401
227.416
227.412
247.216
223.828
226.019
226.947
226.785
226.466
226.066
225.726
225.41
225.114
224.847
224.606
224.385
224.185
223.999
223.824
223.658
223.499
223.341
223.18
223.014
222.842
222.667
222.493
222.322
222.158
222
221.85
221.707
221.57
221.437
221.309
221.185
221.064
220.948
220.835
220.728
220.626
220.529
220.438
220.355
220.28
220.214
220.158
220.109
220.068
220.037
220.015
220.002
219.996
219.998
220.008
220.025
220.048
220.079
220.117
220.166
220.225
220.295
220.395
220.521
220.675
220.853
221.049
221.251
221.449
221.641
221.826
222.005
222.18
222.351
222.521
222.686
222.847
223.003
223.155
223.303
223.449
223.589
223.724
223.853
223.978
224.099
224.22
224.343
224.467
224.592
224.716
224.835
224.948
225.053
225.149
225.237
225.32
225.396
225.47
225.539
225.606
225.668
225.725
225.778
225.826
225.869
225.909
225.947
225.984
226.025
226.072
226.129
226.199
226.286
226.39
226.509
226.637
226.766
226.883
226.979
227.046
227.083
227.097
227.097
247.207
223.818
226.009
226.94
226.779
226.462
226.063
225.724
225.408
225.112
224.846
224.604
224.383
224.183
223.996
223.821
223.656
223.496
223.338
223.177
223.011
222.84
222.666
222.491
222.321
222.155
221.997
221.846
221.702
221.564
221.43
221.3
221.174
221.051
220.932
220.817
220.706
220.601
220.501
220.407
220.32
220.241
220.172
220.111
220.059
220.015
219.979
219.953
219.937
219.928
219.927
219.933
219.946
219.967
219.994
220.029
220.073
220.129
220.193
220.289
220.409
220.554
220.724
220.912
221.106
221.297
221.485
221.669
221.846
222.019
222.187
222.351
222.511
222.667
222.817
222.965
223.108
223.249
223.384
223.514
223.638
223.756
223.87
223.984
224.099
224.216
224.335
224.455
224.571
224.682
224.786
224.882
224.97
225.052
225.128
225.201
225.269
225.335
225.396
225.453
225.504
225.55
225.591
225.63
225.666
225.701
225.74
225.784
225.838
225.906
225.99
226.092
226.21
226.337
226.466
226.583
226.68
226.749
226.789
226.806
226.809
247.197
223.809
225.998
226.933
226.772
226.458
226.06
225.722
225.406
225.111
224.844
224.603
224.381
224.181
223.994
223.819
223.653
223.493
223.335
223.175
223.009
222.838
222.664
222.49
222.319
222.153
221.994
221.842
221.697
221.558
221.423
221.292
221.163
221.039
220.917
220.799
220.685
220.577
220.473
220.376
220.285
220.202
220.129
220.064
220.008
219.96
219.921
219.891
219.871
219.859
219.854
219.856
219.866
219.883
219.907
219.938
219.979
220.03
220.089
220.181
220.294
220.432
220.594
220.773
220.957
221.142
221.325
221.506
221.683
221.855
222.019
222.179
222.333
222.483
222.629
222.772
222.911
223.048
223.179
223.304
223.422
223.534
223.642
223.749
223.857
223.967
224.08
224.196
224.31
224.42
224.523
224.62
224.707
224.789
224.865
224.937
225.004
225.069
225.128
225.184
225.233
225.278
225.318
225.355
225.389
225.423
225.46
225.501
225.553
225.618
225.7
225.8
225.916
226.043
226.171
226.289
226.387
226.458
226.501
226.521
226.527
247.188
223.799
225.988
226.925
226.766
226.453
226.057
225.719
225.404
225.109
224.842
224.601
224.38
224.179
223.992
223.816
223.651
223.491
223.333
223.172
223.007
222.836
222.662
222.488
222.317
222.151
221.991
221.839
221.693
221.552
221.416
221.283
221.153
221.026
220.901
220.781
220.664
220.552
220.446
220.344
220.249
220.163
220.085
220.017
219.957
219.905
219.862
219.828
219.804
219.789
219.781
219.78
219.785
219.799
219.82
219.848
219.885
219.932
219.986
220.075
220.18
220.312
220.469
220.642
220.817
220.993
221.168
221.345
221.518
221.688
221.85
222.006
222.154
222.299
222.439
222.577
222.712
222.844
222.972
223.093
223.206
223.313
223.415
223.514
223.615
223.718
223.825
223.935
224.045
224.154
224.257
224.354
224.443
224.525
224.6
224.672
224.739
224.803
224.861
224.916
224.964
225.008
225.047
225.084
225.117
225.151
225.186
225.226
225.276
225.339
225.42
225.518
225.634
225.761
225.89
226.009
226.11
226.183
226.229
226.253
226.262
247.181
223.789
225.977
226.918
226.759
226.449
226.054
225.717
225.403
225.107
224.841
224.599
224.378
224.177
223.989
223.814
223.648
223.488
223.33
223.17
223.004
222.834
222.66
222.486
222.315
222.149
221.989
221.835
221.688
221.547
221.409
221.274
221.142
221.013
220.886
220.762
220.643
220.528
220.418
220.313
220.214
220.123
220.042
219.97
219.906
219.85
219.803
219.765
219.737
219.718
219.707
219.702
219.704
219.714
219.731
219.756
219.789
219.832
219.882
219.966
220.065
220.191
220.347
220.518
220.687
220.856
221.022
221.19
221.357
221.522
221.679
221.831
221.974
222.113
222.248
222.381
222.511
222.639
222.763
222.88
222.99
223.092
223.189
223.282
223.376
223.472
223.573
223.677
223.784
223.891
223.993
224.091
224.179
224.262
224.337
224.407
224.473
224.536
224.593
224.646
224.693
224.736
224.774
224.809
224.842
224.875
224.91
224.949
224.998
225.06
225.139
225.237
225.353
225.48
225.61
225.732
225.833
225.909
225.958
225.985
225.997
247.173
223.778
225.966
226.91
226.753
226.444
226.051
225.715
225.401
225.106
224.839
224.598
224.376
224.175
223.987
223.811
223.645
223.485
223.327
223.167
223.002
222.832
222.658
222.485
222.313
222.147
221.986
221.832
221.684
221.541
221.402
221.266
221.132
221
220.871
220.744
220.622
220.503
220.39
220.281
220.179
220.084
219.998
219.922
219.854
219.794
219.743
219.702
219.67
219.647
219.632
219.624
219.623
219.628
219.642
219.663
219.693
219.732
219.778
219.857
219.948
220.07
220.224
220.395
220.564
220.731
220.89
221.05
221.206
221.362
221.51
221.654
221.791
221.924
222.054
222.182
222.308
222.433
222.553
222.667
222.773
222.871
222.963
223.05
223.137
223.226
223.32
223.418
223.521
223.625
223.726
223.823
223.912
223.994
224.069
224.139
224.204
224.265
224.321
224.373
224.419
224.461
224.498
224.533
224.566
224.599
224.634
224.673
224.722
224.783
224.862
224.959
225.075
225.204
225.336
225.459
225.563
225.641
225.692
225.721
225.736
247.173
223.767
225.956
226.903
226.746
226.44
226.048
225.712
225.399
225.104
224.837
224.596
224.374
224.173
223.985
223.809
223.643
223.482
223.324
223.164
223
222.83
222.657
222.483
222.312
222.145
221.984
221.829
221.68
221.536
221.395
221.257
221.121
220.988
220.856
220.726
220.601
220.479
220.362
220.25
220.143
220.044
219.954
219.874
219.802
219.739
219.683
219.638
219.602
219.575
219.557
219.546
219.541
219.542
219.552
219.569
219.596
219.632
219.674
219.745
219.83
219.947
220.096
220.266
220.436
220.605
220.763
220.916
221.062
221.205
221.341
221.476
221.604
221.732
221.857
221.981
222.104
222.224
222.341
222.452
222.556
222.65
222.738
222.819
222.901
222.982
223.07
223.163
223.261
223.361
223.46
223.556
223.644
223.725
223.799
223.868
223.931
223.991
224.046
224.097
224.142
224.183
224.22
224.254
224.286
224.318
224.353
224.392
224.44
224.501
224.579
224.676
224.792
224.921
225.055
225.181
225.286
225.366
225.418
225.449
225.464
247.161
223.756
225.945
226.895
226.739
226.435
226.044
225.71
225.397
225.102
224.836
224.594
224.372
224.17
223.983
223.806
223.64
223.48
223.322
223.162
222.997
222.828
222.655
222.481
222.31
222.143
221.981
221.826
221.676
221.531
221.389
221.249
221.111
220.975
220.841
220.709
220.58
220.455
220.334
220.218
220.108
220.005
219.911
219.826
219.75
219.683
219.623
219.574
219.534
219.503
219.481
219.467
219.458
219.457
219.462
219.476
219.499
219.531
219.569
219.634
219.711
219.822
219.965
220.13
220.298
220.468
220.626
220.778
220.917
221.05
221.176
221.3
221.421
221.542
221.661
221.78
221.897
222.013
222.126
222.234
222.336
222.427
222.511
222.588
222.664
222.74
222.821
222.907
223
223.096
223.192
223.284
223.371
223.451
223.524
223.591
223.654
223.712
223.766
223.817
223.861
223.902
223.938
223.971
224.002
224.034
224.069
224.108
224.156
224.216
224.293
224.39
224.505
224.635
224.771
224.898
225.006
225.086
225.14
225.171
225.188
247.162
223.745
225.934
226.887
226.732
226.431
226.041
225.707
225.395
225.101
224.834
224.592
224.37
224.168
223.98
223.804
223.637
223.477
223.319
223.159
222.995
222.826
222.653
222.48
222.308
222.141
221.979
221.822
221.672
221.525
221.382
221.241
221.101
220.963
220.826
220.691
220.559
220.43
220.306
220.187
220.072
219.965
219.867
219.778
219.698
219.626
219.563
219.509
219.465
219.431
219.405
219.387
219.375
219.371
219.373
219.382
219.401
219.429
219.463
219.522
219.594
219.698
219.832
219.988
220.148
220.314
220.472
220.624
220.762
220.891
221.01
221.127
221.24
221.354
221.466
221.579
221.691
221.802
221.911
222.016
222.114
222.204
222.285
222.358
222.429
222.499
222.574
222.655
222.741
222.831
222.923
223.012
223.097
223.175
223.246
223.313
223.374
223.431
223.484
223.533
223.577
223.617
223.652
223.684
223.714
223.746
223.779
223.817
223.864
223.923
223.999
224.094
224.208
224.339
224.474
224.604
224.713
224.794
224.848
224.879
224.896
247.153
223.734
225.923
226.879
226.725
226.426
226.038
225.705
225.393
225.099
224.832
224.591
224.368
224.166
223.978
223.802
223.635
223.474
223.316
223.157
222.993
222.824
222.651
222.478
222.307
222.139
221.976
221.819
221.668
221.52
221.376
221.233
221.091
220.951
220.811
220.673
220.538
220.406
220.279
220.155
220.037
219.926
219.823
219.73
219.646
219.57
219.502
219.444
219.396
219.358
219.328
219.307
219.292
219.284
219.283
219.289
219.304
219.328
219.358
219.412
219.48
219.579
219.703
219.847
219.995
220.152
220.305
220.457
220.596
220.726
220.843
220.955
221.062
221.169
221.274
221.38
221.485
221.59
221.694
221.796
221.892
221.979
222.058
222.127
222.194
222.259
222.328
222.401
222.48
222.564
222.651
222.737
222.818
222.894
222.964
223.029
223.089
223.146
223.198
223.246
223.289
223.328
223.362
223.394
223.423
223.453
223.486
223.523
223.569
223.627
223.7
223.793
223.906
224.036
224.173
224.303
224.414
224.496
224.55
224.581
224.597
247.155
223.723
225.912
226.871
226.718
226.421
226.035
225.702
225.391
225.097
224.831
224.589
224.366
224.164
223.976
223.799
223.632
223.472
223.314
223.154
222.99
222.822
222.65
222.477
222.305
222.137
221.974
221.817
221.664
221.515
221.369
221.225
221.081
220.939
220.797
220.656
220.517
220.382
220.251
220.124
220.002
219.886
219.779
219.681
219.593
219.513
219.442
219.379
219.327
219.285
219.251
219.226
219.208
219.196
219.193
219.196
219.207
219.226
219.251
219.302
219.366
219.461
219.58
219.715
219.851
219.994
220.136
220.281
220.42
220.553
220.673
220.786
220.889
220.99
221.088
221.185
221.281
221.379
221.478
221.575
221.668
221.753
221.83
221.898
221.96
222.02
222.082
222.148
222.22
222.298
222.379
222.461
222.539
222.612
222.68
222.743
222.802
222.857
222.907
222.955
222.997
223.034
223.067
223.097
223.125
223.154
223.186
223.221
223.265
223.321
223.392
223.483
223.594
223.723
223.86
223.991
224.104
224.187
224.241
224.271
224.286
247.149
223.712
225.9
226.863
226.711
226.416
226.031
225.7
225.389
225.096
224.829
224.587
224.364
224.162
223.974
223.797
223.63
223.469
223.311
223.151
222.988
222.82
222.648
222.475
222.304
222.136
221.972
221.814
221.66
221.51
221.363
221.217
221.072
220.927
220.782
220.639
220.497
220.358
220.224
220.093
219.967
219.847
219.735
219.633
219.541
219.456
219.381
219.314
219.258
219.211
219.174
219.145
219.123
219.109
219.102
219.102
219.109
219.125
219.146
219.193
219.254
219.345
219.461
219.593
219.721
219.852
219.981
220.114
220.248
220.38
220.503
220.617
220.72
220.816
220.905
220.994
221.081
221.171
221.263
221.355
221.444
221.527
221.601
221.667
221.725
221.78
221.835
221.894
221.958
222.029
222.105
222.181
222.256
222.327
222.392
222.453
222.51
222.563
222.613
222.659
222.699
222.736
222.767
222.796
222.822
222.849
222.879
222.913
222.956
223.009
223.078
223.166
223.275
223.402
223.539
223.673
223.787
223.871
223.925
223.954
223.968
247.151
223.701
225.889
226.855
226.704
226.412
226.028
225.697
225.387
225.094
224.827
224.585
224.363
224.16
223.971
223.794
223.627
223.466
223.308
223.149
222.986
222.818
222.646
222.474
222.302
222.134
221.97
221.811
221.657
221.506
221.357
221.209
221.062
220.915
220.768
220.621
220.477
220.335
220.196
220.062
219.932
219.807
219.691
219.584
219.487
219.399
219.319
219.248
219.188
219.137
219.096
219.063
219.038
219.021
219.01
219.008
219.012
219.023
219.04
219.084
219.139
219.226
219.341
219.473
219.601
219.728
219.846
219.967
220.09
220.215
220.336
220.449
220.55
220.642
220.726
220.806
220.884
220.966
221.05
221.136
221.221
221.301
221.373
221.436
221.491
221.54
221.589
221.641
221.697
221.761
221.83
221.902
221.972
222.039
222.102
222.16
222.215
222.266
222.314
222.358
222.398
222.432
222.462
222.489
222.513
222.538
222.566
222.598
222.638
222.689
222.755
222.84
222.946
223.071
223.209
223.344
223.46
223.545
223.598
223.626
223.639
247.152
223.69
225.877
226.847
226.697
226.407
226.025
225.695
225.385
225.092
224.826
224.584
224.361
224.158
223.969
223.792
223.624
223.464
223.305
223.146
222.983
222.816
222.645
222.472
222.301
222.132
221.968
221.808
221.653
221.501
221.351
221.202
221.053
220.903
220.754
220.604
220.456
220.311
220.169
220.031
219.896
219.768
219.647
219.536
219.434
219.342
219.258
219.182
219.118
219.063
219.018
218.981
218.953
218.932
218.918
218.912
218.914
218.922
218.936
218.974
219.022
219.102
219.213
219.345
219.478
219.608
219.725
219.839
219.951
220.065
220.178
220.285
220.382
220.469
220.546
220.619
220.69
220.763
220.839
220.919
220.998
221.075
221.144
221.204
221.255
221.3
221.342
221.387
221.435
221.492
221.554
221.62
221.685
221.749
221.808
221.864
221.916
221.965
222.01
222.053
222.09
222.123
222.151
222.176
222.198
222.22
222.246
222.276
222.313
222.362
222.425
222.507
222.61
222.734
222.87
223.007
223.126
223.214
223.266
223.291
223.303
247.153
223.678
225.866
226.838
226.69
226.402
226.021
225.692
225.383
225.09
224.824
224.582
224.359
224.156
223.967
223.789
223.622
223.461
223.303
223.144
222.981
222.814
222.643
222.471
222.3
222.131
221.966
221.806
221.649
221.496
221.345
221.194
221.043
220.892
220.74
220.587
220.436
220.287
220.141
219.999
219.861
219.728
219.603
219.487
219.381
219.284
219.195
219.116
219.047
218.988
218.939
218.899
218.867
218.842
218.825
218.816
218.814
218.821
218.831
218.865
218.904
218.977
219.081
219.209
219.344
219.48
219.602
219.717
219.822
219.925
220.026
220.123
220.213
220.295
220.367
220.434
220.498
220.563
220.631
220.703
220.777
220.85
220.916
220.973
221.02
221.06
221.096
221.134
221.175
221.224
221.279
221.338
221.399
221.458
221.513
221.565
221.614
221.66
221.703
221.743
221.778
221.809
221.834
221.856
221.876
221.896
221.919
221.946
221.98
222.026
222.087
222.166
222.266
222.386
222.522
222.66
222.783
222.874
222.927
222.951
222.956
247.154
223.666
225.854
226.83
226.682
226.397
226.018
225.69
225.381
225.089
224.822
224.58
224.357
224.154
223.964
223.787
223.619
223.458
223.3
223.141
222.979
222.812
222.641
222.469
222.298
222.129
221.964
221.803
221.646
221.492
221.339
221.187
221.034
220.88
220.726
220.571
220.416
220.264
220.114
219.968
219.826
219.689
219.559
219.438
219.328
219.226
219.133
219.049
218.976
218.913
218.86
218.816
218.78
218.753
218.732
218.72
218.715
218.719
218.726
218.757
218.79
218.856
218.951
219.07
219.199
219.336
219.466
219.585
219.689
219.785
219.875
219.962
220.044
220.12
220.189
220.251
220.308
220.366
220.426
220.49
220.557
220.625
220.687
220.741
220.784
220.819
220.849
220.881
220.914
220.955
221.002
221.055
221.11
221.164
221.215
221.263
221.308
221.35
221.39
221.427
221.46
221.488
221.511
221.531
221.548
221.566
221.585
221.609
221.641
221.684
221.742
221.818
221.914
222.032
222.166
222.305
222.43
222.526
222.582
222.607
222.605
247.156
223.654
225.842
226.821
226.675
226.392
226.014
225.687
225.379
225.087
224.821
224.578
224.355
224.152
223.962
223.784
223.617
223.455
223.297
223.138
222.976
222.81
222.64
222.468
222.297
222.128
221.962
221.801
221.643
221.487
221.333
221.18
221.025
220.869
220.712
220.554
220.396
220.24
220.087
219.937
219.791
219.649
219.515
219.389
219.274
219.168
219.07
218.982
218.904
218.837
218.781
218.733
218.693
218.662
218.638
218.622
218.614
218.615
218.621
218.649
218.679
218.74
218.828
218.936
219.053
219.182
219.311
219.433
219.539
219.633
219.718
219.798
219.874
219.947
220.012
220.07
220.122
220.172
220.224
220.28
220.34
220.402
220.46
220.51
220.55
220.581
220.605
220.63
220.656
220.689
220.729
220.774
220.823
220.871
220.917
220.96
221
221.038
221.074
221.107
221.137
221.162
221.182
221.198
221.213
221.228
221.243
221.264
221.292
221.332
221.387
221.459
221.552
221.666
221.798
221.936
222.063
222.161
222.221
222.248
222.241
247.16
223.642
225.83
226.812
226.667
226.386
226.01
225.684
225.377
225.085
224.819
224.577
224.353
224.149
223.96
223.782
223.614
223.453
223.295
223.136
222.974
222.808
222.638
222.467
222.296
222.126
221.961
221.798
221.639
221.483
221.328
221.172
221.016
220.858
220.698
220.538
220.377
220.217
220.06
219.906
219.756
219.61
219.47
219.34
219.22
219.109
219.007
218.914
218.832
218.761
218.7
218.649
218.606
218.571
218.545
218.525
218.513
218.511
218.514
218.54
218.569
218.629
218.715
218.816
218.921
219.034
219.151
219.267
219.372
219.465
219.551
219.629
219.704
219.774
219.837
219.892
219.939
219.983
220.027
220.075
220.127
220.181
220.234
220.28
220.316
220.343
220.361
220.38
220.399
220.424
220.455
220.493
220.535
220.578
220.618
220.656
220.691
220.724
220.756
220.784
220.81
220.831
220.847
220.86
220.871
220.883
220.893
220.911
220.936
220.974
221.024
221.093
221.181
221.292
221.42
221.557
221.685
221.786
221.849
221.879
221.866
247.164
223.63
225.817
226.803
226.66
226.381
226.007
225.682
225.375
225.083
224.817
224.575
224.351
224.147
223.957
223.779
223.611
223.45
223.292
223.133
222.971
222.806
222.636
222.465
222.294
222.125
221.959
221.796
221.636
221.479
221.322
221.165
221.007
220.847
220.685
220.521
220.357
220.194
220.033
219.875
219.72
219.57
219.426
219.291
219.166
219.05
218.944
218.846
218.759
218.684
218.619
218.564
218.518
218.48
218.45
218.428
218.412
218.407
218.406
218.431
218.457
218.517
218.605
218.706
218.804
218.905
219.004
219.104
219.2
219.29
219.375
219.455
219.532
219.603
219.666
219.718
219.761
219.799
219.836
219.875
219.919
219.966
220.013
220.054
220.087
220.109
220.122
220.134
220.145
220.162
220.185
220.215
220.25
220.286
220.321
220.354
220.384
220.411
220.437
220.46
220.481
220.497
220.509
220.517
220.523
220.531
220.537
220.55
220.573
220.606
220.653
220.717
220.8
220.907
221.031
221.166
221.294
221.397
221.463
221.496
221.477
247.169
223.617
225.805
226.794
226.652
226.376
226.003
225.679
225.373
225.082
224.816
224.573
224.349
224.145
223.955
223.777
223.609
223.447
223.289
223.13
222.969
222.804
222.635
222.464
222.293
222.124
221.957
221.794
221.633
221.474
221.317
221.158
220.998
220.836
220.671
220.505
220.338
220.171
220.006
219.844
219.685
219.53
219.382
219.241
219.111
218.991
218.88
218.778
218.686
218.606
218.537
218.479
218.429
218.388
218.355
218.33
218.311
218.302
218.299
218.321
218.343
218.401
218.49
218.595
218.696
218.791
218.878
218.962
219.043
219.124
219.205
219.285
219.364
219.436
219.498
219.548
219.588
219.62
219.65
219.681
219.717
219.756
219.796
219.832
219.86
219.878
219.886
219.891
219.894
219.903
219.918
219.94
219.968
219.997
220.026
220.053
220.078
220.099
220.119
220.136
220.151
220.163
220.169
220.172
220.173
220.175
220.175
220.185
220.204
220.232
220.273
220.332
220.41
220.512
220.631
220.762
220.888
220.992
221.059
221.096
221.068
247.176
223.604
225.793
226.785
226.644
226.37
225.999
225.676
225.37
225.08
224.814
224.571
224.347
224.143
223.953
223.774
223.606
223.444
223.286
223.128
222.967
222.801
222.633
222.462
222.292
222.122
221.956
221.792
221.63
221.47
221.311
221.151
220.989
220.825
220.658
220.489
220.318
220.148
219.979
219.813
219.65
219.491
219.337
219.191
219.056
218.932
218.816
218.709
218.613
218.528
218.455
218.392
218.339
218.295
218.26
218.231
218.209
218.197
218.192
218.21
218.227
218.279
218.366
218.476
218.584
218.684
218.768
218.843
218.911
218.979
219.05
219.125
219.201
219.272
219.334
219.383
219.419
219.447
219.471
219.495
219.523
219.554
219.587
219.618
219.64
219.653
219.657
219.654
219.649
219.65
219.657
219.671
219.691
219.714
219.737
219.758
219.776
219.792
219.805
219.817
219.825
219.831
219.832
219.829
219.823
219.819
219.814
219.82
219.833
219.855
219.891
219.944
220.018
220.114
220.228
220.355
220.479
220.582
220.651
220.692
220.657
247.183
223.591
225.78
226.776
226.636
226.365
225.995
225.673
225.368
225.078
224.812
224.569
224.345
224.141
223.95
223.772
223.603
223.442
223.283
223.125
222.964
222.799
222.631
222.461
222.29
222.121
221.954
221.789
221.627
221.466
221.306
221.144
220.981
220.814
220.645
220.473
220.299
220.125
219.952
219.782
219.615
219.451
219.292
219.142
219.001
218.872
218.752
218.64
218.539
218.449
218.372
218.305
218.249
218.202
218.163
218.132
218.107
218.092
218.086
218.101
218.111
218.157
218.237
218.344
218.459
218.569
218.663
218.74
218.803
218.86
218.918
218.98
219.048
219.114
219.173
219.22
219.254
219.279
219.298
219.316
219.336
219.36
219.386
219.409
219.427
219.435
219.433
219.424
219.41
219.403
219.403
219.409
219.422
219.437
219.454
219.468
219.481
219.49
219.498
219.503
219.505
219.505
219.5
219.491
219.477
219.464
219.455
219.455
219.463
219.479
219.509
219.556
219.624
219.714
219.823
219.945
220.065
220.167
220.238
220.282
220.24
247.19
223.578
225.767
226.767
226.628
226.359
225.992
225.67
225.366
225.076
224.81
224.567
224.343
224.138
223.948
223.769
223.601
223.439
223.281
223.122
222.962
222.797
222.629
222.459
222.289
222.12
221.952
221.787
221.624
221.462
221.301
221.138
220.972
220.803
220.631
220.457
220.28
220.102
219.926
219.751
219.579
219.411
219.247
219.091
218.946
218.811
218.686
218.57
218.464
218.37
218.288
218.217
218.157
218.107
218.066
218.033
218.005
217.987
217.978
217.991
217.997
218.038
218.11
218.208
218.32
218.437
218.545
218.635
218.705
218.758
218.806
218.854
218.907
218.963
219.016
219.061
219.094
219.116
219.131
219.144
219.158
219.175
219.193
219.21
219.222
219.225
219.219
219.204
219.183
219.166
219.158
219.157
219.161
219.17
219.18
219.189
219.195
219.199
219.2
219.199
219.196
219.189
219.178
219.162
219.141
219.121
219.102
219.097
219.099
219.11
219.133
219.173
219.234
219.318
219.421
219.537
219.652
219.751
219.821
219.866
219.819
247.197
223.565
225.754
226.757
226.62
226.354
225.988
225.668
225.364
225.074
224.808
224.566
224.341
224.136
223.945
223.767
223.598
223.436
223.278
223.12
222.959
222.795
222.628
222.458
222.288
222.119
221.951
221.785
221.621
221.458
221.295
221.131
220.964
220.793
220.618
220.441
220.261
220.08
219.899
219.72
219.544
219.371
219.202
219.041
218.89
218.75
218.621
218.5
218.39
218.29
218.204
218.129
218.065
218.012
217.968
217.932
217.901
217.881
217.87
217.881
217.884
217.924
217.99
218.078
218.179
218.292
218.408
218.512
218.597
218.658
218.703
218.738
218.777
218.819
218.864
218.906
218.937
218.958
218.97
218.978
218.986
218.996
219.007
219.018
219.025
219.024
219.013
218.991
218.965
218.94
218.923
218.914
218.911
218.913
218.916
218.919
218.92
218.919
218.915
218.908
218.898
218.886
218.869
218.846
218.82
218.792
218.764
218.751
218.748
218.754
218.771
218.804
218.859
218.936
219.035
219.146
219.257
219.353
219.423
219.469
219.419
247.206
223.551
225.741
226.747
226.612
226.348
225.984
225.665
225.362
225.072
224.807
224.564
224.339
224.134
223.943
223.764
223.595
223.433
223.275
223.117
222.957
222.793
222.626
222.457
222.287
222.117
221.949
221.783
221.619
221.455
221.29
221.124
220.955
220.782
220.605
220.425
220.242
220.057
219.872
219.689
219.508
219.331
219.157
218.99
218.834
218.689
218.554
218.429
218.314
218.21
218.119
218.04
217.973
217.916
217.869
217.83
217.797
217.775
217.762
217.771
217.773
217.814
217.879
217.962
218.051
218.151
218.261
218.369
218.466
218.54
218.591
218.622
218.651
218.681
218.719
218.755
218.786
218.805
218.815
218.819
218.821
218.824
218.83
218.835
218.838
218.833
218.818
218.791
218.758
218.727
218.701
218.684
218.674
218.669
218.667
218.664
218.66
218.653
218.644
218.632
218.617
218.599
218.576
218.548
218.515
218.48
218.444
218.421
218.412
218.413
218.423
218.449
218.497
218.568
218.66
218.766
218.872
218.964
219.03
219.076
219.021
247.216
223.537
225.728
226.737
226.604
226.342
225.979
225.662
225.359
225.07
224.805
224.562
224.337
224.132
223.94
223.761
223.592
223.43
223.272
223.114
222.954
222.791
222.624
222.455
222.285
222.116
221.948
221.781
221.616
221.451
221.285
221.118
220.947
220.772
220.593
220.409
220.223
220.035
219.846
219.658
219.473
219.29
219.112
218.939
218.777
218.627
218.487
218.358
218.238
218.129
218.033
217.95
217.879
217.819
217.769
217.729
217.693
217.669
217.654
217.661
217.66
217.704
217.772
217.856
217.937
218.024
218.117
218.215
218.315
218.399
218.46
218.497
218.525
218.549
218.58
218.612
218.64
218.658
218.665
218.666
218.663
218.66
218.66
218.66
218.66
218.652
218.633
218.601
218.564
218.525
218.493
218.468
218.452
218.44
218.432
218.424
218.415
218.404
218.39
218.374
218.354
218.331
218.303
218.27
218.231
218.19
218.146
218.115
218.099
218.094
218.101
218.121
218.161
218.226
218.313
218.415
218.517
218.605
218.67
218.713
218.657
247.228
223.523
225.714
226.727
226.595
226.336
225.975
225.659
225.357
225.068
224.803
224.56
224.335
224.129
223.938
223.759
223.59
223.427
223.269
223.111
222.951
222.789
222.622
222.454
222.284
222.115
221.947
221.779
221.613
221.447
221.28
221.111
220.939
220.761
220.58
220.394
220.204
220.012
219.819
219.627
219.437
219.25
219.066
218.888
218.72
218.564
218.42
218.285
218.161
218.047
217.947
217.86
217.785
217.722
217.669
217.626
217.589
217.563
217.546
217.549
217.546
217.589
217.66
217.75
217.835
217.914
217.988
218.067
218.153
218.237
218.308
218.357
218.392
218.418
218.447
218.476
218.502
218.517
218.523
218.52
218.513
218.505
218.5
218.497
218.492
218.481
218.459
218.424
218.382
218.339
218.3
218.269
218.245
218.228
218.214
218.201
218.188
218.173
218.155
218.134
218.111
218.083
218.051
218.013
217.969
217.923
217.873
217.834
217.81
217.801
217.803
217.817
217.851
217.911
217.993
218.09
218.188
218.273
218.335
218.377
218.318
247.242
223.509
225.701
226.717
226.586
226.33
225.971
225.656
225.355
225.066
224.801
224.558
224.333
224.127
223.935
223.756
223.587
223.424
223.266
223.108
222.949
222.786
222.621
222.452
222.283
222.114
221.945
221.778
221.611
221.443
221.275
221.105
220.93
220.751
220.567
220.378
220.186
219.99
219.793
219.597
219.402
219.21
219.02
218.837
218.663
218.501
218.351
218.212
218.083
217.965
217.86
217.768
217.69
217.623
217.568
217.523
217.485
217.457
217.438
217.437
217.429
217.469
217.541
217.639
217.734
217.816
217.88
217.939
218.004
218.074
218.146
218.206
218.253
218.287
218.32
218.347
218.371
218.384
218.388
218.383
218.371
218.359
218.35
218.343
218.336
218.323
218.298
218.261
218.215
218.166
218.122
218.085
218.055
218.032
218.014
217.997
217.98
217.961
217.94
217.916
217.889
217.858
217.822
217.78
217.732
217.681
217.627
217.582
217.551
217.537
217.535
217.546
217.575
217.63
217.708
217.802
217.897
217.979
218.038
218.078
218.019
247.256
223.495
225.687
226.707
226.578
226.324
225.967
225.653
225.352
225.064
224.799
224.556
224.331
224.125
223.933
223.753
223.584
223.421
223.263
223.105
222.946
222.784
222.619
222.451
222.282
222.112
221.944
221.776
221.608
221.44
221.27
221.098
220.922
220.741
220.554
220.363
220.167
219.968
219.767
219.566
219.366
219.169
218.975
218.786
218.606
218.438
218.282
218.138
218.004
217.881
217.771
217.676
217.593
217.523
217.465
217.418
217.38
217.352
217.331
217.327
217.315
217.348
217.412
217.511
217.618
217.715
217.784
217.834
217.881
217.933
217.995
218.057
218.113
218.157
218.196
218.225
218.247
218.258
218.261
218.253
218.239
218.223
218.211
218.202
218.193
218.177
218.151
218.111
218.063
218.01
217.961
217.918
217.883
217.855
217.832
217.811
217.791
217.77
217.746
217.72
217.69
217.656
217.617
217.572
217.521
217.466
217.408
217.359
217.321
217.302
217.298
217.306
217.332
217.382
217.457
217.549
217.643
217.723
217.781
217.819
217.76
247.271
223.48
225.673
226.696
226.569
226.318
225.963
225.649
225.35
225.062
224.797
224.554
224.329
224.122
223.93
223.751
223.581
223.418
223.26
223.102
222.944
222.782
222.617
222.449
222.28
222.111
221.942
221.774
221.605
221.436
221.265
221.092
220.914
220.731
220.542
220.347
220.148
219.946
219.74
219.535
219.331
219.129
218.929
218.734
218.548
218.374
218.212
218.063
217.924
217.797
217.682
217.582
217.495
217.422
217.361
217.312
217.273
217.244
217.224
217.218
217.204
217.233
217.288
217.378
217.489
217.599
217.684
217.743
217.786
217.825
217.873
217.926
217.983
218.032
218.075
218.107
218.13
218.139
218.141
218.132
218.116
218.097
218.083
218.072
218.062
218.045
218.017
217.976
217.926
217.87
217.816
217.768
217.728
217.696
217.669
217.646
217.623
217.6
217.574
217.546
217.514
217.479
217.438
217.391
217.337
217.28
217.218
217.165
217.123
217.101
217.094
217.1
217.123
217.17
217.243
217.334
217.428
217.507
217.563
217.599
217.541
247.287
223.466
225.659
226.686
226.56
226.311
225.958
225.646
225.347
225.06
224.795
224.552
224.326
224.12
223.928
223.748
223.578
223.415
223.257
223.099
222.941
222.78
222.615
222.448
222.279
222.11
221.941
221.772
221.603
221.433
221.261
221.086
220.906
220.721
220.529
220.332
220.13
219.923
219.714
219.504
219.295
219.088
218.883
218.683
218.49
218.309
218.142
217.987
217.843
217.711
217.592
217.487
217.396
217.319
217.255
217.205
217.165
217.136
217.115
217.111
217.097
217.125
217.173
217.254
217.357
217.469
217.571
217.649
217.704
217.743
217.782
217.822
217.871
217.916
217.961
217.994
218.018
218.027
218.029
218.019
218.002
217.983
217.967
217.955
217.943
217.926
217.898
217.857
217.805
217.746
217.689
217.637
217.593
217.557
217.527
217.501
217.476
217.452
217.425
217.396
217.363
217.326
217.284
217.236
217.181
217.121
217.057
217.001
216.956
216.931
216.922
216.926
216.947
216.992
217.064
217.155
217.249
217.329
217.385
217.419
217.362
247.305
223.451
225.644
226.675
226.551
226.305
225.954
225.643
225.345
225.058
224.793
224.55
224.324
224.118
223.925
223.745
223.575
223.412
223.254
223.096
222.938
222.777
222.613
222.446
222.278
222.109
221.94
221.771
221.601
221.429
221.256
221.079
220.898
220.71
220.517
220.317
220.111
219.901
219.688
219.474
219.26
219.047
218.837
218.631
218.432
218.245
218.071
217.91
217.761
217.624
217.5
217.39
217.295
217.214
217.148
217.095
217.054
217.025
217.004
217
216.989
217.02
217.068
217.141
217.229
217.335
217.447
217.545
217.621
217.673
217.712
217.743
217.78
217.816
217.855
217.888
217.912
217.922
217.925
217.915
217.898
217.877
217.861
217.848
217.837
217.82
217.792
217.751
217.699
217.639
217.579
217.523
217.476
217.437
217.405
217.377
217.351
217.325
217.297
217.268
217.235
217.198
217.155
217.106
217.05
216.989
216.924
216.866
216.819
216.792
216.782
216.785
216.804
216.848
216.921
217.013
217.109
217.189
217.244
217.277
217.222
247.323
223.436
225.63
226.664
226.541
226.298
225.949
225.64
225.342
225.056
224.791
224.548
224.322
224.115
223.923
223.742
223.572
223.409
223.25
223.093
222.935
222.775
222.611
222.445
222.277
222.108
221.939
221.769
221.598
221.426
221.251
221.073
220.89
220.7
220.504
220.302
220.093
219.88
219.662
219.443
219.224
219.007
218.791
218.579
218.374
218.18
217.999
217.833
217.678
217.536
217.407
217.293
217.193
217.108
217.039
216.984
216.942
216.912
216.891
216.887
216.878
216.916
216.97
217.041
217.117
217.21
217.316
217.425
217.525
217.6
217.648
217.678
217.706
217.731
217.761
217.789
217.813
217.825
217.828
217.819
217.803
217.783
217.766
217.753
217.742
217.725
217.699
217.659
217.607
217.547
217.486
217.429
217.379
217.338
217.303
217.274
217.247
217.22
217.193
217.163
217.131
217.094
217.051
217.002
216.946
216.884
216.819
216.759
216.711
216.683
216.672
216.674
216.692
216.736
216.81
216.904
217.002
217.083
217.139
217.171
217.118
247.342
223.421
225.615
226.653
226.532
226.291
225.945
225.636
225.34
225.054
224.789
224.546
224.32
224.113
223.92
223.74
223.569
223.406
223.247
223.09
222.932
222.772
222.609
222.443
222.275
222.107
221.937
221.767
221.596
221.423
221.247
221.067
220.882
220.691
220.492
220.287
220.075
219.858
219.636
219.413
219.189
218.966
218.745
218.527
218.316
218.115
217.928
217.754
217.595
217.447
217.313
217.194
217.09
217.001
216.928
216.871
216.827
216.796
216.776
216.771
216.764
216.808
216.871
216.95
217.023
217.103
217.191
217.294
217.407
217.507
217.576
217.616
217.642
217.658
217.679
217.699
217.722
217.735
217.741
217.733
217.718
217.699
217.682
217.668
217.658
217.643
217.619
217.581
217.53
217.471
217.409
217.351
217.3
217.256
217.22
217.188
217.16
217.133
217.105
217.076
217.044
217.008
216.967
216.919
216.863
216.801
216.737
216.677
216.628
216.599
216.587
216.589
216.607
216.652
216.727
216.824
216.924
217.007
217.062
217.093
217.042
247.362
223.406
225.601
226.642
226.522
226.285
225.94
225.633
225.337
225.052
224.787
224.544
224.318
224.111
223.918
223.737
223.566
223.403
223.244
223.087
222.93
222.77
222.607
222.442
222.274
222.105
221.936
221.766
221.594
221.42
221.242
221.061
220.874
220.681
220.48
220.272
220.057
219.836
219.611
219.382
219.153
218.925
218.699
218.475
218.257
218.05
217.855
217.675
217.51
217.357
217.218
217.094
216.985
216.892
216.815
216.756
216.71
216.679
216.658
216.653
216.646
216.692
216.762
216.855
216.938
217.015
217.087
217.169
217.273
217.384
217.48
217.543
217.577
217.594
217.607
217.621
217.64
217.656
217.663
217.658
217.645
217.625
217.608
217.595
217.586
217.574
217.552
217.517
217.468
217.41
217.349
217.29
217.238
217.194
217.156
217.124
217.096
217.07
217.044
217.016
216.986
216.952
216.912
216.865
216.811
216.75
216.685
216.625
216.575
216.544
216.532
216.533
216.551
216.596
216.674
216.773
216.875
216.961
217.018
217.048
217
247.384
223.391
225.586
226.63
226.512
226.278
225.935
225.63
225.335
225.049
224.785
224.542
224.315
224.108
223.915
223.734
223.563
223.4
223.241
223.084
222.927
222.768
222.605
222.44
222.273
222.104
221.935
221.764
221.591
221.416
221.238
221.055
220.867
220.671
220.468
220.257
220.039
219.815
219.585
219.352
219.118
218.884
218.652
218.423
218.199
217.984
217.782
217.596
217.424
217.266
217.122
216.992
216.879
216.781
216.701
216.638
216.591
216.56
216.539
216.534
216.527
216.573
216.644
216.747
216.847
216.936
217.004
217.064
217.144
217.246
217.356
217.447
217.504
217.53
217.542
217.553
217.568
217.586
217.596
217.595
217.583
217.564
217.547
217.534
217.526
217.517
217.499
217.468
217.423
217.368
217.309
217.25
217.196
217.149
217.109
217.075
217.045
217.018
216.992
216.964
216.935
216.902
216.864
216.819
216.766
216.706
216.644
216.584
216.535
216.505
216.493
216.494
216.512
216.559
216.639
216.741
216.846
216.933
216.99
217.019
216.972
247.406
223.376
225.57
226.618
226.503
226.27
225.93
225.626
225.332
225.047
224.783
224.54
224.313
224.106
223.912
223.731
223.56
223.397
223.238
223.081
222.924
222.765
222.603
222.439
222.272
222.103
221.934
221.763
221.589
221.413
221.234
221.049
220.859
220.661
220.456
220.242
220.021
219.793
219.559
219.322
219.082
218.843
218.606
218.371
218.14
217.918
217.709
217.515
217.337
217.173
217.023
216.889
216.771
216.669
216.585
216.519
216.47
216.438
216.417
216.414
216.41
216.454
216.523
216.628
216.743
216.85
216.928
216.981
217.039
217.118
217.225
217.334
217.416
217.461
217.48
217.492
217.507
217.526
217.54
217.543
217.533
217.516
217.499
217.488
217.482
217.476
217.462
217.435
217.392
217.337
217.278
217.219
217.165
217.12
217.081
217.048
217.021
216.996
216.972
216.948
216.921
216.892
216.857
216.814
216.763
216.704
216.642
216.581
216.532
216.501
216.489
216.49
216.508
216.555
216.637
216.742
216.851
216.942
217.001
217.029
216.986
247.429
223.361
225.555
226.607
226.493
226.263
225.925
225.622
225.329
225.045
224.781
224.538
224.311
224.103
223.91
223.728
223.557
223.393
223.234
223.078
222.921
222.763
222.601
222.437
222.27
222.102
221.932
221.761
221.587
221.41
221.23
221.044
220.851
220.652
220.444
220.227
220.003
219.772
219.534
219.291
219.047
218.802
218.559
218.318
218.081
217.852
217.635
217.434
217.249
217.079
216.924
216.784
216.661
216.555
216.467
216.398
216.347
216.314
216.293
216.291
216.292
216.338
216.402
216.504
216.623
216.745
216.846
216.91
216.962
217.02
217.111
217.22
217.319
217.385
217.418
217.437
217.454
217.477
217.496
217.503
217.496
217.481
217.464
217.455
217.451
217.447
217.438
217.418
217.38
217.33
217.274
217.218
217.165
217.118
217.079
217.045
217.017
216.992
216.968
216.944
216.919
216.89
216.857
216.819
216.773
216.718
216.657
216.598
216.548
216.517
216.504
216.505
216.524
216.573
216.658
216.767
216.879
216.971
217.03
217.058
217.015
247.454
223.345
225.539
226.595
226.482
226.256
225.92
225.619
225.326
225.043
224.779
224.535
224.308
224.101
223.907
223.725
223.554
223.39
223.231
223.074
222.918
222.76
222.599
222.435
222.269
222.101
221.931
221.76
221.585
221.407
221.225
221.038
220.844
220.642
220.432
220.213
219.985
219.75
219.509
219.261
219.012
218.761
218.512
218.265
218.022
217.785
217.561
217.352
217.16
216.983
216.822
216.678
216.55
216.439
216.348
216.276
216.222
216.188
216.167
216.166
216.174
216.225
216.285
216.379
216.49
216.624
216.749
216.838
216.902
216.954
217.028
217.123
217.225
217.305
217.356
217.386
217.41
217.437
217.461
217.472
217.469
217.457
217.443
217.438
217.439
217.442
217.436
217.417
217.384
217.339
217.286
217.232
217.18
217.135
217.096
217.063
217.035
217.011
216.989
216.968
216.945
216.92
216.889
216.852
216.806
216.751
216.692
216.633
216.584
216.552
216.54
216.541
216.561
216.611
216.699
216.811
216.926
217.022
217.082
217.109
217.07
247.48
223.33
225.524
226.582
226.472
226.248
225.915
225.615
225.323
225.04
224.777
224.533
224.306
224.098
223.904
223.723
223.551
223.387
223.228
223.071
222.915
222.758
222.597
222.434
222.268
222.1
221.93
221.758
221.583
221.404
221.221
221.032
220.837
220.633
220.42
220.198
219.968
219.729
219.483
219.231
218.976
218.72
218.465
218.212
217.962
217.718
217.486
217.269
217.069
216.886
216.719
216.569
216.436
216.321
216.226
216.151
216.096
216.06
216.04
216.038
216.053
216.112
216.175
216.264
216.361
216.491
216.633
216.757
216.848
216.909
216.975
217.053
217.145
217.229
217.295
217.34
217.373
217.406
217.435
217.452
217.453
217.446
217.437
217.433
217.436
217.442
217.444
217.432
217.404
217.362
217.31
217.259
217.21
217.167
217.13
217.098
217.07
217.047
217.026
217.007
216.987
216.964
216.937
216.903
216.859
216.807
216.749
216.691
216.643
216.611
216.599
216.601
216.621
216.673
216.763
216.878
216.997
217.094
217.155
217.181
217.143
247.507
223.314
225.508
226.57
226.462
226.241
225.91
225.611
225.32
225.038
224.774
224.531
224.304
224.095
223.901
223.72
223.548
223.384
223.224
223.068
222.912
222.755
222.595
222.432
222.266
222.099
221.929
221.757
221.581
221.402
221.217
221.027
220.829
220.623
220.408
220.184
219.95
219.708
219.458
219.201
218.941
218.679
218.418
218.158
217.902
217.651
217.411
217.186
216.978
216.787
216.614
216.458
216.32
216.201
216.102
216.024
215.968
215.931
215.91
215.909
215.929
215.994
216.067
216.16
216.247
216.365
216.508
216.66
216.79
216.873
216.941
217.007
217.086
217.165
217.24
217.298
217.343
217.383
217.417
217.44
217.448
217.444
217.436
217.438
217.449
217.464
217.47
217.46
217.436
217.4
217.352
217.304
217.257
217.216
217.181
217.151
217.123
217.1
217.081
217.064
217.047
217.028
217.004
216.973
216.933
216.883
216.827
216.77
216.722
216.691
216.678
216.68
216.702
216.755
216.848
216.965
217.089
217.187
217.251
217.277
217.241
247.535
223.298
225.492
226.557
226.451
226.233
225.905
225.607
225.318
225.035
224.772
224.529
224.301
224.093
223.899
223.717
223.545
223.38
223.221
223.065
222.909
222.752
222.593
222.431
222.265
222.098
221.928
221.755
221.579
221.399
221.213
221.021
220.822
220.614
220.396
220.169
219.932
219.687
219.433
219.172
218.906
218.638
218.371
218.105
217.841
217.583
217.335
217.101
216.885
216.687
216.507
216.345
216.202
216.078
215.975
215.895
215.837
215.8
215.779
215.777
215.799
215.87
215.954
216.06
216.153
216.26
216.39
216.551
216.711
216.831
216.913
216.977
217.045
217.118
217.195
217.262
217.318
217.367
217.409
217.439
217.453
217.454
217.45
217.457
217.473
217.496
217.507
217.503
217.484
217.451
217.408
217.363
217.319
217.281
217.247
217.219
217.193
217.172
217.155
217.141
217.127
217.112
217.091
217.063
217.026
216.979
216.924
216.869
216.821
216.791
216.778
216.78
216.802
216.857
216.952
217.073
217.2
217.3
217.366
217.391
217.358
247.565
223.282
225.475
226.545
226.44
226.225
225.899
225.604
225.315
225.033
224.77
224.526
224.299
224.09
223.896
223.714
223.542
223.377
223.218
223.061
222.906
222.75
222.591
222.429
222.264
222.096
221.927
221.754
221.577
221.396
221.209
221.016
220.815
220.605
220.385
220.155
219.915
219.666
219.408
219.142
218.871
218.597
218.323
218.05
217.78
217.514
217.258
217.015
216.79
216.584
216.398
216.229
216.08
215.952
215.845
215.762
215.703
215.666
215.645
215.643
215.668
215.742
215.834
215.958
216.069
216.179
216.292
216.439
216.61
216.765
216.877
216.952
217.018
217.086
217.161
217.232
217.297
217.358
217.41
217.446
217.466
217.473
217.472
217.484
217.507
217.538
217.558
217.559
217.545
217.516
217.479
217.437
217.396
217.361
217.329
217.304
217.281
217.261
217.247
217.235
217.224
217.212
217.195
217.171
217.137
217.092
217.04
216.987
216.939
216.908
216.895
216.898
216.92
216.977
217.074
217.199
217.329
217.432
217.5
217.524
217.492
247.595
223.265
225.459
226.532
226.429
226.217
225.894
225.6
225.312
225.03
224.767
224.524
224.296
224.087
223.893
223.711
223.539
223.374
223.214
223.058
222.903
222.747
222.589
222.427
222.263
222.095
221.926
221.753
221.576
221.394
221.206
221.011
220.808
220.595
220.373
220.14
219.897
219.645
219.382
219.112
218.836
218.556
218.276
217.996
217.718
217.445
217.18
216.928
216.694
216.48
216.286
216.111
215.956
215.822
215.711
215.625
215.566
215.529
215.508
215.507
215.534
215.611
215.709
215.85
215.983
216.107
216.213
216.339
216.496
216.668
216.816
216.921
216.997
217.064
217.137
217.209
217.282
217.353
217.414
217.459
217.486
217.5
217.505
217.523
217.552
217.59
217.619
217.627
217.618
217.594
217.562
217.525
217.489
217.457
217.43
217.407
217.387
217.369
217.356
217.346
217.338
217.329
217.316
217.295
217.265
217.224
217.174
217.121
217.074
217.044
217.031
217.034
217.057
217.115
217.215
217.344
217.478
217.585
217.655
217.68
217.65
247.627
223.249
225.442
226.519
226.418
226.209
225.888
225.596
225.308
225.028
224.765
224.522
224.294
224.085
223.89
223.708
223.535
223.37
223.211
223.055
222.9
222.745
222.587
222.426
222.261
222.094
221.925
221.752
221.574
221.391
221.202
221.006
220.801
220.586
220.361
220.126
219.88
219.623
219.357
219.082
218.8
218.515
218.228
217.941
217.656
217.375
217.102
216.841
216.597
216.374
216.172
215.99
215.829
215.689
215.574
215.485
215.424
215.387
215.367
215.367
215.399
215.48
215.579
215.729
215.885
216.029
216.145
216.258
216.39
216.554
216.728
216.871
216.972
217.049
217.121
217.194
217.271
217.351
217.421
217.477
217.513
217.534
217.547
217.569
217.605
217.65
217.69
217.707
217.704
217.686
217.661
217.628
217.597
217.57
217.546
217.526
217.508
217.493
217.482
217.473
217.467
217.461
217.453
217.436
217.411
217.373
217.326
217.276
217.231
217.2
217.188
217.19
217.214
217.274
217.377
217.51
217.647
217.758
217.829
217.854
217.825
247.661
223.232
225.425
226.505
226.407
226.2
225.882
225.591
225.305
225.025
224.763
224.519
224.291
224.082
223.887
223.704
223.532
223.367
223.207
223.051
222.897
222.742
222.585
222.424
222.26
222.093
221.924
221.75
221.572
221.388
221.198
221
220.794
220.577
220.35
220.112
219.862
219.602
219.332
219.053
218.765
218.474
218.18
217.886
217.594
217.305
217.023
216.752
216.499
216.266
216.055
215.866
215.698
215.553
215.432
215.339
215.277
215.24
215.22
215.223
215.262
215.35
215.446
215.593
215.762
215.933
216.074
216.192
216.304
216.445
216.625
216.798
216.935
217.033
217.111
217.186
217.266
217.351
217.433
217.502
217.547
217.576
217.596
217.624
217.668
217.72
217.769
217.797
217.801
217.789
217.771
217.745
217.721
217.698
217.68
217.664
217.648
217.637
217.626
217.619
217.615
217.612
217.607
217.597
217.574
217.541
217.498
217.448
217.404
217.374
217.362
217.365
217.39
217.452
217.557
217.694
217.834
217.95
218.022
218.049
218.021
247.695
223.215
225.407
226.492
226.396
226.192
225.876
225.587
225.302
225.023
224.76
224.517
224.289
224.079
223.884
223.701
223.529
223.363
223.204
223.048
222.894
222.739
222.582
222.422
222.259
222.092
221.923
221.749
221.571
221.386
221.195
220.995
220.787
220.568
220.339
220.098
219.845
219.581
219.307
219.023
218.73
218.432
218.132
217.831
217.531
217.234
216.943
216.663
216.399
216.156
215.937
215.74
215.565
215.413
215.286
215.19
215.125
215.089
215.069
215.076
215.123
215.217
215.315
215.453
215.615
215.808
215.986
216.129
216.24
216.362
216.529
216.717
216.885
217.013
217.105
217.184
217.266
217.359
217.452
217.533
217.588
217.625
217.653
217.686
217.738
217.798
217.858
217.898
217.913
217.907
217.896
217.877
217.858
217.839
217.825
217.814
217.803
217.793
217.784
217.779
217.778
217.778
217.777
217.771
217.755
217.725
217.686
217.639
217.596
217.566
217.553
217.557
217.582
217.646
217.753
217.893
218.036
218.156
218.229
218.257
218.229
247.731
223.199
225.39
226.479
226.384
226.183
225.87
225.583
225.299
225.02
224.758
224.514
224.286
224.076
223.881
223.698
223.525
223.36
223.2
223.044
222.891
222.737
222.58
222.421
222.258
222.091
221.922
221.748
221.569
221.384
221.191
220.99
220.78
220.559
220.327
220.083
219.828
219.56
219.282
218.993
218.695
218.391
218.084
217.775
217.468
217.162
216.862
216.572
216.298
216.045
215.816
215.611
215.428
215.269
215.137
215.035
214.967
214.931
214.912
214.925
214.98
215.082
215.184
215.317
215.46
215.656
215.87
216.059
216.194
216.31
216.459
216.64
216.824
216.979
217.098
217.193
217.28
217.377
217.476
217.569
217.635
217.682
217.718
217.756
217.818
217.887
217.957
218.008
218.034
218.036
218.033
218.021
218.008
217.995
217.986
217.98
217.974
217.968
217.961
217.959
217.959
217.962
217.963
217.961
217.951
217.923
217.888
217.844
217.802
217.772
217.76
217.764
217.79
217.855
217.965
218.109
218.255
218.379
218.456
218.484
218.458
247.767
223.182
225.372
226.465
226.372
226.174
225.864
225.579
225.296
225.017
224.755
224.512
224.283
224.073
223.878
223.695
223.522
223.356
223.197
223.041
222.887
222.734
222.578
222.419
222.256
222.09
221.921
221.747
221.567
221.381
221.188
220.986
220.774
220.551
220.316
220.069
219.81
219.539
219.257
218.963
218.66
218.35
218.035
217.72
217.404
217.09
216.781
216.481
216.196
215.932
215.693
215.478
215.288
215.122
214.983
214.876
214.804
214.766
214.75
214.767
214.829
214.94
215.053
215.189
215.322
215.507
215.734
215.972
216.154
216.284
216.419
216.577
216.763
216.941
217.087
217.203
217.3
217.4
217.507
217.612
217.691
217.747
217.79
217.835
217.905
217.985
218.065
218.127
218.165
218.178
218.181
218.175
218.169
218.161
218.156
218.155
218.156
218.153
218.152
218.151
218.154
218.16
218.165
218.165
218.159
218.14
218.107
218.066
218.025
217.997
217.984
217.989
218.016
218.083
218.195
218.343
218.492
218.62
218.698
218.727
218.702
247.805
223.165
225.355
226.45
226.36
226.165
225.858
225.574
225.292
225.015
224.753
224.509
224.281
224.071
223.875
223.691
223.518
223.353
223.193
223.037
222.884
222.731
222.576
222.417
222.255
222.089
221.92
221.746
221.566
221.379
221.184
220.981
220.767
220.542
220.305
220.055
219.793
219.518
219.231
218.933
218.625
218.308
217.987
217.664
217.34
217.018
216.7
216.39
216.093
215.818
215.567
215.343
215.145
214.972
214.825
214.712
214.635
214.595
214.58
214.601
214.666
214.787
214.917
215.07
215.212
215.387
215.602
215.869
216.104
216.268
216.403
216.539
216.712
216.902
217.075
217.211
217.32
217.429
217.546
217.662
217.753
217.818
217.87
217.923
218
218.092
218.183
218.254
218.303
218.326
218.339
218.341
218.344
218.341
218.342
218.346
218.354
218.357
218.361
218.363
218.367
218.376
218.385
218.387
218.385
218.371
218.341
218.304
218.265
218.238
218.226
218.231
218.26
218.33
218.445
218.596
218.749
218.881
218.962
218.992
218.969
247.844
223.149
225.337
226.436
226.348
226.156
225.852
225.57
225.289
225.012
224.75
224.507
224.278
224.068
223.871
223.688
223.515
223.349
223.189
223.034
222.881
222.728
222.574
222.416
222.254
222.088
221.919
221.745
221.564
221.377
221.181
220.976
220.761
220.534
220.294
220.042
219.776
219.497
219.206
218.903
218.589
218.267
217.938
217.607
217.275
216.945
216.617
216.297
215.989
215.702
215.44
215.205
214.998
214.817
214.663
214.543
214.462
214.42
214.405
214.427
214.497
214.622
214.769
214.953
215.126
215.299
215.487
215.755
216.033
216.249
216.398
216.522
216.681
216.873
217.064
217.22
217.341
217.459
217.587
217.718
217.823
217.897
217.957
218.019
218.104
218.208
218.31
218.392
218.451
218.484
218.506
218.517
218.527
218.53
218.537
218.547
218.562
218.574
218.584
218.59
218.597
218.608
218.62
218.627
218.627
218.618
218.595
218.562
218.526
218.499
218.487
218.494
218.524
218.595
218.713
218.868
219.024
219.16
219.243
219.274
219.252
247.884
223.133
225.319
226.421
226.335
226.146
225.845
225.565
225.285
225.009
224.748
224.504
224.275
224.065
223.868
223.685
223.511
223.345
223.185
223.03
222.877
222.725
222.571
222.414
222.252
222.087
221.918
221.744
221.563
221.375
221.178
220.972
220.754
220.525
220.283
220.028
219.759
219.477
219.181
218.873
218.554
218.225
217.889
217.55
217.21
216.871
216.534
216.203
215.884
215.584
215.31
215.064
214.847
214.657
214.496
214.369
214.282
214.237
214.222
214.246
214.32
214.448
214.608
214.827
215.046
215.234
215.4
215.643
215.941
216.205
216.391
216.516
216.67
216.86
217.059
217.23
217.364
217.492
217.634
217.78
217.9
217.982
218.05
218.122
218.215
218.33
218.445
218.537
218.606
218.65
218.684
218.705
218.725
218.735
218.749
218.765
218.788
218.809
218.824
218.838
218.848
218.86
218.874
218.885
218.887
218.882
218.866
218.838
218.805
218.779
218.768
218.774
218.806
218.88
219.001
219.159
219.319
219.459
219.544
219.576
219.555
247.925
223.117
225.301
226.406
226.322
226.137
225.839
225.56
225.282
225.006
224.745
224.502
224.273
224.062
223.865
223.681
223.508
223.342
223.182
223.026
222.874
222.722
222.569
222.412
222.251
222.087
221.917
221.743
221.562
221.373
221.175
220.967
220.748
220.517
220.273
220.014
219.742
219.456
219.156
218.843
218.519
218.183
217.841
217.493
217.145
216.796
216.45
216.109
215.778
215.465
215.177
214.919
214.691
214.493
214.324
214.189
214.096
214.047
214.032
214.058
214.138
214.269
214.437
214.682
214.95
215.172
215.334
215.542
215.826
216.123
216.356
216.513
216.67
216.858
217.06
217.243
217.387
217.526
217.684
217.849
217.983
218.074
218.147
218.228
218.332
218.459
218.587
218.689
218.769
218.823
218.868
218.901
218.931
218.95
218.97
218.994
219.022
219.052
219.076
219.099
219.114
219.131
219.148
219.163
219.168
219.166
219.155
219.133
219.105
219.081
219.07
219.077
219.109
219.185
219.308
219.47
219.634
219.779
219.868
219.902
219.882
247.967
223.102
225.283
226.39
226.309
226.127
225.832
225.556
225.278
225.003
224.743
224.499
224.27
224.059
223.862
223.678
223.504
223.338
223.178
223.023
222.871
222.72
222.567
222.41
222.25
222.086
221.917
221.742
221.56
221.371
221.172
220.963
220.742
220.509
220.262
220.001
219.725
219.435
219.131
218.814
218.483
218.142
217.792
217.436
217.079
216.721
216.365
216.013
215.67
215.344
215.042
214.77
214.531
214.322
214.144
214.002
213.902
213.849
213.833
213.861
213.949
214.085
214.259
214.513
214.813
215.085
215.274
215.457
215.703
216.01
216.287
216.502
216.674
216.86
217.064
217.255
217.409
217.559
217.734
217.918
218.071
218.172
218.25
218.338
218.451
218.592
218.734
218.848
218.94
219.005
219.061
219.107
219.148
219.176
219.206
219.235
219.27
219.309
219.346
219.377
219.401
219.421
219.444
219.463
219.473
219.47
219.46
219.442
219.419
219.4
219.391
219.398
219.432
219.51
219.635
219.798
219.966
220.118
220.213
220.249
220.229
248.01
223.087
225.265
226.375
226.295
226.117
225.825
225.551
225.274
225
224.74
224.497
224.267
224.056
223.859
223.674
223.5
223.334
223.174
223.019
222.867
222.717
222.564
222.409
222.249
222.085
221.916
221.741
221.559
221.369
221.169
220.959
220.736
220.501
220.251
219.987
219.709
219.415
219.106
218.784
218.448
218.1
217.743
217.379
217.012
216.645
216.279
215.916
215.561
215.22
214.903
214.617
214.364
214.144
213.957
213.806
213.7
213.643
213.626
213.657
213.752
213.896
214.077
214.324
214.629
214.949
215.197
215.385
215.593
215.887
216.2
216.468
216.673
216.861
217.071
217.273
217.436
217.597
217.786
217.988
218.159
218.271
218.356
218.45
218.57
218.725
218.882
219.009
219.113
219.188
219.254
219.314
219.368
219.408
219.447
219.483
219.525
219.575
219.626
219.667
219.704
219.732
219.761
219.789
219.804
219.805
219.792
219.771
219.749
219.738
219.735
219.749
219.79
219.873
220
220.165
220.337
220.5
220.61
220.655
220.644
248.054
223.072
225.246
226.358
226.281
226.106
225.818
225.546
225.271
224.997
224.737
224.494
224.264
224.053
223.855
223.671
223.497
223.33
223.17
223.015
222.864
222.714
222.562
222.407
222.247
222.084
221.915
221.74
221.558
221.367
221.166
220.955
220.73
220.493
220.241
219.974
219.692
219.394
219.081
218.754
218.413
218.059
217.694
217.322
216.946
216.568
216.192
215.817
215.45
215.095
214.762
214.46
214.192
213.959
213.761
213.601
213.487
213.425
213.406
213.441
213.544
213.699
213.889
214.123
214.411
214.76
215.085
215.318
215.513
215.775
216.097
216.415
216.665
216.862
217.081
217.294
217.466
217.636
217.839
218.058
218.25
218.372
218.464
218.567
218.7
218.867
219.04
219.181
219.293
219.38
219.456
219.53
219.597
219.652
219.7
219.743
219.794
219.852
219.915
219.968
220.018
220.053
220.085
220.119
220.143
220.15
220.131
220.094
220.06
220.048
220.054
220.083
220.137
220.225
220.348
220.506
220.673
220.84
220.951
220.998
220.974
248.099
223.058
225.228
226.342
226.267
226.096
225.811
225.54
225.267
224.994
224.735
224.491
224.261
224.049
223.852
223.667
223.493
223.326
223.166
223.012
222.861
222.711
222.56
222.405
222.246
222.083
221.914
221.739
221.557
221.365
221.164
220.951
220.725
220.485
220.231
219.961
219.676
219.374
219.057
218.724
218.378
218.017
217.645
217.265
216.879
216.491
216.103
215.718
215.337
214.967
214.618
214.298
214.013
213.766
213.556
213.385
213.263
213.194
213.172
213.21
213.322
213.488
213.692
213.92
214.179
214.53
214.926
215.242
215.464
215.692
215.99
216.344
216.637
216.852
217.091
217.32
217.5
217.682
217.9
218.134
218.347
218.473
218.564
218.67
218.811
218.99
219.175
219.326
219.447
219.548
219.641
219.729
219.807
219.875
219.936
219.993
220.058
220.132
220.215
220.296
220.373
220.436
220.497
220.563
220.629
220.681
220.7
220.688
220.651
220.619
220.637
220.702
220.793
220.895
221.02
221.18
221.352
221.528
221.651
221.71
221.704
248.145
223.045
225.21
226.325
226.252
226.085
225.804
225.535
225.263
224.991
224.732
224.489
224.258
224.046
223.849
223.664
223.489
223.322
223.162
223.008
222.857
222.708
222.557
222.403
222.245
222.082
221.914
221.739
221.556
221.363
221.161
220.947
220.719
220.478
220.221
219.948
219.659
219.354
219.032
218.695
218.343
217.976
217.597
217.208
216.813
216.414
216.015
215.617
215.222
214.838
214.471
214.132
213.828
213.564
213.339
213.157
213.025
212.949
212.922
212.963
213.082
213.26
213.48
213.72
213.964
214.296
214.733
215.144
215.431
215.645
215.904
216.252
216.582
216.833
217.096
217.351
217.539
217.726
217.95
218.188
218.43
218.571
218.675
218.822
218.994
219.201
219.4
219.582
219.741
219.881
220.002
220.094
220.17
220.244
220.309
220.367
220.425
220.489
220.562
220.634
220.701
220.75
220.786
220.819
220.853
220.875
220.869
220.826
220.743
220.645
220.565
220.54
220.566
220.648
220.764
220.908
221.092
221.342
221.574
221.708
221.728
248.191
223.032
225.192
226.307
226.237
226.074
225.796
225.53
225.259
224.988
224.729
224.486
224.256
224.043
223.845
223.66
223.485
223.319
223.158
223.004
222.854
222.705
222.555
222.402
222.244
222.081
221.913
221.738
221.555
221.362
221.158
220.943
220.714
220.47
220.211
219.936
219.643
219.334
219.008
218.666
218.308
217.935
217.548
217.151
216.746
216.336
215.925
215.514
215.106
214.706
214.321
213.961
213.637
213.353
213.112
212.915
212.771
212.687
212.655
212.698
212.825
213.013
213.25
213.524
213.786
214.097
214.525
215.012
215.392
215.627
215.861
216.172
216.525
216.819
217.09
217.371
217.588
217.812
218.06
218.291
218.575
218.73
218.815
218.928
219.003
218.974
218.893
218.633
218.167
217.562
216.838
216.168
215.435
214.663
213.851
213.017
212.188
211.409
210.681
209.998
209.344
208.742
208.186
207.637
207.086
206.53
205.998
205.514
205.095
204.748
204.481
204.305
204.216
204.191
204.199
204.247
204.306
204.42
204.515
204.568
204.554
248.239
223.019
225.173
226.29
226.222
226.063
225.789
225.524
225.255
224.985
224.726
224.483
224.253
224.04
223.842
223.657
223.482
223.315
223.154
223
222.85
222.702
222.552
222.4
222.243
222.08
221.912
221.737
221.553
221.36
221.156
220.939
220.708
220.463
220.201
219.923
219.627
219.314
218.984
218.637
218.273
217.894
217.5
217.095
216.68
216.259
215.835
215.411
214.989
214.572
214.168
213.788
213.441
213.134
212.872
212.658
212.5
212.405
212.366
212.409
212.544
212.743
212.998
213.327
213.645
213.953
214.327
214.845
215.332
215.621
215.847
216.111
216.489
216.831
217.103
217.414
217.656
217.822
217.881
217.612
216.77
215.399
213.589
211.401
208.877
205.759
202.167
198.666
195.39
192.402
189.684
187.221
185.019
183.056
181.302
179.748
178.375
177.151
176.056
175.079
174.193
173.368
172.635
172.034
171.614
171.36
171.172
171.009
170.858
170.72
170.607
170.53
170.495
170.488
170.504
170.542
170.603
170.676
170.745
170.789
170.749
248.287
223.008
225.155
226.272
226.206
226.052
225.781
225.519
225.25
224.981
224.724
224.481
224.25
224.037
223.838
223.653
223.478
223.311
223.15
222.996
222.847
222.699
222.55
222.398
222.241
222.08
221.912
221.736
221.553
221.359
221.153
220.935
220.703
220.455
220.191
219.91
219.612
219.295
218.96
218.608
218.239
217.853
217.452
217.038
216.613
216.181
215.745
215.307
214.869
214.435
214.012
213.61
213.238
212.906
212.619
212.385
212.21
212.103
212.056
212.095
212.238
212.452
212.723
213.112
213.518
213.85
214.164
214.65
215.224
215.601
215.894
216.09
216.477
216.606
216.627
215.836
213.809
210.694
206.337
200.678
194.899
189.675
185.048
181.003
177.662
175.779
175.194
174.886
174.628
174.38
174.142
173.91
173.687
173.469
173.257
173.053
172.861
172.678
172.506
172.346
172.195
172.044
171.882
171.715
171.563
171.422
171.282
171.138
170.991
170.853
170.734
170.647
170.599
170.582
170.59
170.616
170.661
170.708
170.747
170.773
170.689
248.336
222.997
225.137
226.253
226.19
226.04
225.773
225.513
225.246
224.978
224.721
224.478
224.247
224.034
223.835
223.649
223.474
223.307
223.146
222.992
222.843
222.696
222.548
222.396
222.24
222.079
221.911
221.736
221.552
221.357
221.151
220.932
220.698
220.448
220.182
219.898
219.596
219.275
218.936
218.579
218.204
217.812
217.405
216.982
216.547
216.103
215.654
215.201
214.747
214.296
213.853
213.428
213.03
212.669
212.355
212.095
211.9
211.773
211.715
211.753
211.903
212.135
212.424
212.863
213.371
213.745
214.04
214.44
215.112
215.617
215.926
215.604
213.538
209.736
203.45
195.897
188.729
182.633
178.548
177.524
177.088
176.746
176.423
176.11
175.803
175.494
175.208
174.93
174.672
174.422
174.181
173.95
173.728
173.512
173.306
173.108
172.916
172.728
172.544
172.367
172.2
172.047
171.906
171.771
171.633
171.492
171.343
171.19
171.038
170.899
170.785
170.704
170.661
170.647
170.657
170.687
170.739
170.796
170.843
170.869
170.79
248.385
222.987
225.118
226.234
226.173
226.028
225.765
225.507
225.242
224.975
224.718
224.475
224.244
224.03
223.831
223.646
223.47
223.302
223.142
222.988
222.839
222.693
222.545
222.394
222.239
222.078
221.91
221.735
221.551
221.356
221.149
220.928
220.693
220.441
220.173
219.886
219.581
219.256
218.913
218.55
218.17
217.772
217.357
216.926
216.481
216.025
215.562
215.094
214.623
214.153
213.689
213.239
212.814
212.423
212.077
211.787
211.564
211.415
211.345
211.381
211.536
211.788
212.095
212.555
213.149
213.629
214.039
214.179
214.162
212.636
208.363
200.317
191.337
183.848
180.086
179.192
178.722
178.311
177.901
177.505
177.126
176.776
176.44
176.109
175.79
175.49
175.201
174.933
174.676
174.426
174.189
173.959
173.738
173.525
173.321
173.126
172.937
172.753
172.577
172.408
172.249
172.098
171.953
171.811
171.67
171.528
171.38
171.228
171.078
170.94
170.828
170.752
170.714
170.704
170.719
170.755
170.814
170.877
170.926
170.951
170.869
248.436
222.978
225.1
226.215
226.156
226.016
225.757
225.501
225.238
224.972
224.715
224.472
224.241
224.027
223.828
223.642
223.466
223.298
223.138
222.985
222.836
222.69
222.543
222.392
222.238
222.077
221.91
221.735
221.55
221.354
221.147
220.925
220.688
220.435
220.164
219.874
219.565
219.237
218.889
218.522
218.136
217.732
217.309
216.87
216.415
215.947
215.469
214.985
214.496
214.006
213.52
213.044
212.589
212.165
211.783
211.457
211.2
211.022
210.936
210.963
211.118
211.389
211.717
212.22
212.934
213.35
213.342
210.499
203.03
193.059
184.675
181.604
180.774
180.238
179.713
179.225
178.753
178.309
177.892
177.492
177.123
176.772
176.436
176.108
175.793
175.491
175.212
174.941
174.685
174.439
174.204
173.975
173.755
173.543
173.34
173.144
172.952
172.766
172.589
172.422
172.264
172.115
171.971
171.832
171.693
171.553
171.409
171.26
171.11
170.971
170.855
170.774
170.73
170.716
170.725
170.758
170.82
170.888
170.949
170.985
170.921
248.486
222.97
225.082
226.195
226.139
226.003
225.749
225.495
225.233
224.968
224.712
224.469
224.238
224.023
223.824
223.638
223.462
223.294
223.134
222.981
222.832
222.686
222.54
222.39
222.236
222.076
221.909
221.734
221.549
221.353
221.145
220.922
220.683
220.428
220.155
219.862
219.55
219.218
218.866
218.494
218.103
217.692
217.262
216.814
216.348
215.868
215.376
214.874
214.366
213.855
213.343
212.84
212.353
211.893
211.47
211.101
210.803
210.588
210.481
210.492
210.642
210.962
211.395
211.786
211.636
208.892
200.898
190.644
184.356
182.834
182.1
181.44
180.822
180.241
179.702
179.196
178.732
178.295
177.88
177.495
177.125
176.773
176.435
176.109
175.802
175.509
175.224
174.954
174.698
174.453
174.218
173.991
173.774
173.566
173.368
173.174
172.985
172.803
172.63
172.463
172.302
172.15
172.006
171.872
171.74
171.607
171.467
171.323
171.175
171.038
170.923
170.843
170.8
170.786
170.794
170.825
170.881
170.943
170.998
171.026
170.958
248.538
222.963
225.063
226.175
226.121
225.991
225.74
225.489
225.229
224.965
224.709
224.466
224.234
224.02
223.82
223.634
223.458
223.29
223.13
222.976
222.828
222.683
222.537
222.389
222.235
222.076
221.909
221.734
221.549
221.352
221.143
220.919
220.679
220.422
220.146
219.851
219.536
219.2
218.844
218.467
218.069
217.652
217.214
216.757
216.282
215.789
215.282
214.762
214.234
213.699
213.161
212.627
212.105
211.604
211.135
210.715
210.361
210.095
209.958
209.953
210.131
210.482
210.712
209.388
202.482
192.105
186.055
184.484
183.617
182.861
182.122
181.437
180.797
180.222
179.685
179.192
178.722
178.282
177.871
177.477
177.11
176.759
176.423
176.105
175.806
175.518
175.242
174.971
174.715
174.47
174.234
174.005
173.786
173.577
173.377
173.181
172.993
172.814
172.642
172.477
172.319
172.171
172.032
171.899
171.768
171.634
171.493
171.346
171.197
171.058
170.944
170.868
170.831
170.825
170.842
170.884
170.951
171.022
171.082
171.112
171.048
248.59
222.957
225.045
226.154
226.103
225.978
225.732
225.483
225.225
224.962
224.706
224.463
224.231
224.016
223.817
223.63
223.453
223.285
223.125
222.972
222.825
222.68
222.535
222.387
222.234
222.075
221.908
221.733
221.548
221.351
221.141
220.916
220.674
220.415
220.137
219.84
219.521
219.182
218.821
218.439
218.036
217.612
217.167
216.701
216.215
215.71
215.187
214.649
214.099
213.539
212.972
212.405
211.844
211.297
210.774
210.291
209.864
209.526
209.343
209.321
209.427
209.34
205.966
196.751
188.93
186.549
185.429
184.513
183.646
182.828
182.088
181.412
180.789
180.217
179.688
179.188
178.722
178.284
177.866
177.473
177.099
176.745
176.413
176.098
175.798
175.507
175.228
174.963
174.713
174.472
174.238
174.012
173.796
173.586
173.381
173.181
172.99
172.808
172.635
172.469
172.311
172.162
172.022
171.889
171.759
171.628
171.491
171.348
171.201
171.063
170.947
170.867
170.827
170.818
170.832
170.871
170.938
171.012
171.073
171.103
171.033
248.642
222.952
225.027
226.133
226.084
225.964
225.723
225.477
225.22
224.958
224.703
224.46
224.228
224.013
223.813
223.626
223.449
223.281
223.121
222.968
222.821
222.677
222.532
222.385
222.233
222.074
221.908
221.733
221.547
221.35
221.139
220.913
220.67
220.409
220.129
219.828
219.507
219.164
218.799
218.412
218.003
217.573
217.12
216.645
216.149
215.631
215.093
214.536
213.964
213.377
212.779
212.175
211.57
210.971
210.386
209.823
209.304
208.887
208.634
208.466
207.596
202.519
193.87
189.39
187.67
186.518
185.483
184.509
183.619
182.813
182.072
181.397
180.775
180.211
179.683
179.196
178.732
178.3
177.889
177.491
177.116
176.763
176.433
176.114
175.807
175.507
175.225
174.957
174.706
174.463
174.231
174.008
173.798
173.598
173.404
173.216
173.034
172.858
172.687
172.523
172.367
172.221
172.082
171.951
171.823
171.694
171.559
171.417
171.271
171.134
171.018
170.938
170.897
170.887
170.9
170.939
171.005
171.079
171.142
171.174
171.106
248.695
222.949
225.009
226.111
226.065
225.951
225.714
225.471
225.216
224.955
224.7
224.457
224.224
224.009
223.809
223.621
223.445
223.277
223.117
222.964
222.817
222.673
222.53
222.383
222.231
222.073
221.908
221.733
221.547
221.349
221.137
220.91
220.666
220.403
220.121
219.818
219.493
219.146
218.777
218.386
217.971
217.534
217.074
216.59
216.083
215.552
214.999
214.423
213.828
213.213
212.582
211.937
211.284
210.626
209.963
209.305
208.695
208.183
207.671
206.254
201.273
194.545
190.861
189.037
187.72
186.547
185.476
184.508
183.621
182.809
182.073
181.394
180.776
180.208
179.679
179.188
178.732
178.305
177.897
177.508
177.137
176.787
176.455
176.137
175.834
175.543
175.263
174.992
174.735
174.487
174.251
174.024
173.808
173.599
173.399
173.208
173.026
172.852
172.683
172.521
172.367
172.22
172.081
171.949
171.82
171.69
171.554
171.412
171.266
171.129
171.014
170.938
170.9
170.893
170.911
170.957
171.03
171.109
171.176
171.211
171.15
248.748
222.946
224.99
226.089
226.045
225.937
225.705
225.464
225.211
224.952
224.697
224.454
224.221
224.006
223.805
223.617
223.44
223.272
223.112
222.96
222.813
222.67
222.527
222.381
222.23
222.073
221.907
221.732
221.546
221.348
221.136
220.907
220.662
220.397
220.113
219.807
219.479
219.129
218.756
218.359
217.939
217.495
217.028
216.535
216.018
215.474
214.906
214.312
213.693
213.05
212.383
211.696
210.989
210.26
209.508
208.752
208.014
207.176
205.539
201.347
196.108
192.623
190.578
189.051
187.729
186.552
185.476
184.501
183.624
182.832
182.097
181.427
180.797
180.221
179.682
179.188
178.723
178.286
177.871
177.48
177.115
176.765
176.431
176.112
175.815
175.531
175.262
175
174.749
174.506
174.274
174.05
173.834
173.623
173.417
173.221
173.036
172.857
172.685
172.519
172.362
172.215
172.078
171.949
171.824
171.698
171.567
171.429
171.285
171.149
171.032
170.953
170.911
170.901
170.915
170.957
171.027
171.103
171.166
171.197
171.132
)
;

boundaryField
{
    inlet
    {
        type            fixedValue;
        value           uniform 223;
    }
    obstacle
    {
        type            zeroGradient;
    }
    bottom
    {
        type            symmetry;
    }
    outlet
    {
        type            inletOutlet;
        inletValue      nonuniform List<scalar> 0();
        value           nonuniform List<scalar> 0();
    }
    top
    {
        type            symmetry;
    }
    defaultFaces
    {
        type            empty;
    }
    procBoundary5to2
    {
        type            processor;
        value           nonuniform List<scalar> 
42
(
230.704
229.615
229.06
229.01
228.959
228.907
228.845
228.777
228.724
228.695
228.669
228.623
228.57
228.527
228.489
228.445
228.398
228.355
228.313
228.269
228.223
228.175
228.125
228.071
228.015
227.955
227.894
227.83
227.764
227.696
227.626
227.554
227.48
227.403
227.323
227.241
227.156
227.068
226.977
226.882
226.783
226.681
)
;
    }
    procBoundary5to3
    {
        type            processor;
        value           nonuniform List<scalar> 
83
(
226.644
226.644
226.505
226.358
225.683
225.683
225.501
225.317
225.13
224.939
224.744
224.544
224.341
224.133
223.922
223.707
223.486
223.258
223.023
222.784
222.548
222.32
222.113
221.929
221.777
221.65
221.547
221.454
221.374
221.3
221.232
221.171
221.117
221.069
221.029
220.994
220.967
220.949
220.938
220.936
220.941
220.953
220.973
221.002
221.039
221.084
221.137
221.197
221.265
221.341
221.425
221.516
221.615
221.721
221.836
221.96
222.094
222.239
222.395
222.559
222.731
222.907
223.081
223.25
223.414
223.573
223.732
223.896
224.068
224.251
224.449
224.667
224.908
225.177
225.48
225.812
226.179
226.622
227.014
227.269
226.348
224.852
248.081
)
;
    }
    procBoundary5to4
    {
        type            processor;
        value           nonuniform List<scalar> 
121
(
248.801
222.944
224.972
226.066
226.025
225.923
225.696
225.458
225.206
224.948
224.694
224.451
224.218
224.002
223.801
223.613
223.435
223.267
223.108
222.956
222.81
222.667
222.524
222.379
222.229
222.072
221.907
221.732
221.546
221.347
221.134
220.905
220.658
220.392
220.105
219.797
219.466
219.112
218.735
218.334
217.908
217.458
216.982
216.481
215.953
215.397
214.813
214.201
213.559
212.887
212.184
211.452
210.684
209.876
209.028
208.14
207.123
205.562
202.245
198.05
194.627
192.292
190.535
189.062
187.75
186.55
185.48
184.518
183.64
182.836
182.108
181.441
180.819
180.245
179.708
179.205
178.734
178.292
177.877
177.487
177.116
176.758
176.421
176.103
175.805
175.518
175.241
174.973
174.718
174.474
174.244
174.023
173.812
173.611
173.421
173.238
173.061
172.889
172.72
172.559
172.405
172.259
172.123
171.993
171.866
171.739
171.607
171.468
171.324
171.188
171.072
170.995
170.957
170.949
170.966
171.011
171.086
171.167
171.232
171.265
171.198
)
;
    }
}


// ************************************************************************* //
