/*--------------------------------*- C++ -*----------------------------------*\
| =========                 |                                                 |
| \\      /  F ield         | OpenFOAM: The Open Source CFD Toolbox           |
|  \\    /   O peration     | Version:  2412                                  |
|   \\  /    A nd           | Website:  www.openfoam.com                      |
|    \\/     M anipulation  |                                                 |
\*---------------------------------------------------------------------------*/
FoamFile
{
    version     2.0;
    format      ascii;
    arch        "LSB;label=32;scalar=64";
    class       volScalarField;
    location    "0.017";
    object      rho;
}
// * * * * * * * * * * * * * * * * * * * * * * * * * * * * * * * * * * * * * //

dimensions      [1 -3 0 0 0 0 0];

internalField   nonuniform List<scalar> 
9859
(
0.042133
0.042133
0.042133
0.042133
0.042133
0.042133
0.042133
0.042133
0.042133
0.042133
0.042133
0.042133
0.042133
0.042133
0.042133
0.042133
0.042133
0.042133
0.042133
0.042133
0.042133
0.042133
0.042133
0.042133
0.042133
0.042133
0.042133
0.042133
0.042133
0.042133
0.042133
0.042133
0.042133
0.042133
0.042133
0.042133
0.042133
0.042133
0.042133
0.042133
0.042133
0.042133
0.042133
0.042133
0.042133
0.042133
0.042133
0.042133
0.042133
0.042133
0.042133
0.042133
0.042133
0.042133
0.042133
0.042133
0.042133
0.0421331
0.0421331
0.0421331
0.0421331
0.0421328
0.0421295
0.0421154
0.042089
0.0420601
0.0420382
0.0420264
0.0420228
0.042133
0.042133
0.042133
0.042133
0.042133
0.042133
0.042133
0.042133
0.042133
0.042133
0.042133
0.042133
0.042133
0.042133
0.042133
0.042133
0.042133
0.042133
0.042133
0.042133
0.042133
0.042133
0.042133
0.042133
0.042133
0.042133
0.042133
0.042133
0.042133
0.042133
0.042133
0.042133
0.042133
0.042133
0.042133
0.042133
0.042133
0.042133
0.042133
0.042133
0.042133
0.042133
0.042133
0.042133
0.042133
0.042133
0.042133
0.042133
0.042133
0.042133
0.042133
0.042133
0.042133
0.042133
0.042133
0.042133
0.042133
0.0421331
0.0421331
0.0421331
0.0421331
0.0421328
0.0421295
0.0421153
0.0420886
0.0420596
0.0420378
0.0420259
0.0420223
0.0420252
0.042053
0.0421086
0.0421612
0.0421954
0.0422127
0.0421723
0.0421773
0.0421735
0.0421624
0.0421527
0.0421523
0.0421581
0.0421608
0.0421558
0.0421467
0.0421405
0.0421376
0.0421286
0.0421095
0.0420833
0.0420404
0.0419708
0.0418995
0.0418536
0.0417767
0.0418153
0.0418898
0.0419646
0.0420154
0.0420563
0.0420748
0.0420853
0.0421005
0.0421164
0.0421393
0.0421646
0.042189
0.0422114
0.0422443
0.0422927
0.0423416
0.0423501
0.042133
0.042133
0.042133
0.042133
0.042133
0.042133
0.042133
0.042133
0.042133
0.042133
0.042133
0.042133
0.042133
0.042133
0.042133
0.042133
0.042133
0.042133
0.042133
0.042133
0.042133
0.042133
0.042133
0.042133
0.042133
0.042133
0.042133
0.042133
0.042133
0.042133
0.042133
0.042133
0.042133
0.042133
0.042133
0.042133
0.042133
0.042133
0.042133
0.042133
0.042133
0.042133
0.042133
0.042133
0.042133
0.042133
0.042133
0.042133
0.042133
0.042133
0.042133
0.042133
0.042133
0.042133
0.042133
0.042133
0.042133
0.0421331
0.0421331
0.0421331
0.0421331
0.0421328
0.0421294
0.0421151
0.0420883
0.0420592
0.0420373
0.0420254
0.0420218
0.0420247
0.0420525
0.0421082
0.0421608
0.042195
0.0422122
0.0422183
0.0422173
0.0422038
0.0421807
0.0421631
0.0421542
0.042153
0.0421608
0.0421717
0.0421767
0.0421729
0.0421616
0.0421519
0.0421515
0.0421574
0.04216
0.0421549
0.0421455
0.0421393
0.0421365
0.0421275
0.0421085
0.0420817
0.042036
0.0419602
0.0418968
0.0418382
0.0417689
0.0418143
0.0418904
0.0419658
0.0420151
0.0420553
0.0420726
0.0420839
0.0420982
0.0421135
0.0421361
0.0421597
0.0421843
0.0422038
0.0422358
0.0422801
0.0423218
0.0423184
0.042133
0.042133
0.042133
0.042133
0.042133
0.042133
0.042133
0.042133
0.042133
0.042133
0.042133
0.042133
0.042133
0.042133
0.042133
0.042133
0.042133
0.042133
0.042133
0.042133
0.042133
0.042133
0.042133
0.042133
0.042133
0.042133
0.042133
0.042133
0.042133
0.042133
0.042133
0.042133
0.042133
0.042133
0.042133
0.042133
0.042133
0.042133
0.042133
0.042133
0.042133
0.042133
0.042133
0.042133
0.042133
0.042133
0.042133
0.042133
0.042133
0.042133
0.042133
0.042133
0.042133
0.042133
0.042133
0.042133
0.042133
0.0421331
0.0421331
0.0421331
0.0421331
0.0421328
0.0421294
0.0421149
0.042088
0.0420587
0.0420368
0.0420249
0.0420213
0.0420242
0.042052
0.0421077
0.0421603
0.0421945
0.0422117
0.0422178
0.0422168
0.0422032
0.0421801
0.0421625
0.0421536
0.0421524
0.0421602
0.0421711
0.0421761
0.0421722
0.0421607
0.0421511
0.0421508
0.0421567
0.0421593
0.042154
0.0421444
0.042138
0.0421352
0.0421264
0.0421073
0.0420796
0.042031
0.0419488
0.0418948
0.0418208
0.041762
0.0418131
0.0418911
0.041967
0.0420147
0.0420541
0.0420697
0.0420823
0.0420955
0.0421103
0.0421326
0.0421545
0.0421789
0.0421956
0.0422267
0.0422666
0.0423007
0.0422851
0.042133
0.042133
0.042133
0.042133
0.042133
0.042133
0.042133
0.042133
0.042133
0.042133
0.042133
0.042133
0.042133
0.042133
0.042133
0.042133
0.042133
0.042133
0.042133
0.042133
0.042133
0.042133
0.042133
0.042133
0.042133
0.042133
0.042133
0.042133
0.042133
0.042133
0.042133
0.042133
0.042133
0.042133
0.042133
0.042133
0.042133
0.042133
0.042133
0.042133
0.042133
0.042133
0.042133
0.042133
0.042133
0.042133
0.042133
0.042133
0.042133
0.042133
0.042133
0.042133
0.042133
0.042133
0.042133
0.042133
0.042133
0.042133
0.0421331
0.0421331
0.0421331
0.0421328
0.0421293
0.0421147
0.0420876
0.0420583
0.0420362
0.0420244
0.0420207
0.0420237
0.0420515
0.0421072
0.0421598
0.042194
0.0422112
0.0422174
0.0422163
0.0422026
0.0421794
0.0421618
0.042153
0.0421518
0.0421596
0.0421704
0.0421754
0.0421714
0.0421599
0.0421502
0.04215
0.042156
0.0421586
0.0421531
0.0421432
0.0421368
0.042134
0.0421253
0.042106
0.0420771
0.0420257
0.0419362
0.0418929
0.0418027
0.0417559
0.0418118
0.041892
0.0419684
0.0420141
0.0420524
0.0420663
0.0420805
0.0420926
0.0421068
0.0421287
0.0421488
0.0421729
0.0421869
0.0422168
0.0422522
0.0422783
0.0422502
0.0419342
0.042133
0.042133
0.042133
0.042133
0.042133
0.042133
0.042133
0.042133
0.042133
0.042133
0.042133
0.042133
0.042133
0.042133
0.042133
0.042133
0.042133
0.042133
0.042133
0.042133
0.042133
0.042133
0.042133
0.042133
0.042133
0.042133
0.042133
0.042133
0.042133
0.042133
0.042133
0.042133
0.042133
0.042133
0.042133
0.042133
0.042133
0.042133
0.042133
0.042133
0.042133
0.042133
0.042133
0.042133
0.042133
0.042133
0.042133
0.042133
0.042133
0.042133
0.042133
0.042133
0.042133
0.042133
0.042133
0.042133
0.042133
0.042133
0.0421331
0.0421331
0.0421331
0.0421328
0.0421293
0.0421145
0.0420872
0.0420578
0.0420357
0.0420238
0.0420202
0.0420231
0.042051
0.0421067
0.0421593
0.0421935
0.0422107
0.0422168
0.0422157
0.042202
0.0421787
0.0421612
0.0421523
0.0421512
0.0421589
0.0421698
0.0421747
0.0421706
0.0421589
0.0421492
0.0421491
0.0421552
0.0421578
0.0421522
0.042142
0.0421355
0.0421327
0.0421242
0.0421045
0.042074
0.0420199
0.041923
0.0418899
0.0417847
0.0417502
0.0418106
0.0418931
0.04197
0.0420133
0.0420508
0.042063
0.0420787
0.0420894
0.042103
0.0421244
0.0421428
0.0421662
0.0421778
0.0422063
0.0422369
0.0422545
0.0422139
0.0418783
0.042133
0.042133
0.042133
0.042133
0.042133
0.042133
0.042133
0.042133
0.042133
0.042133
0.042133
0.042133
0.042133
0.042133
0.042133
0.042133
0.042133
0.042133
0.042133
0.042133
0.042133
0.042133
0.042133
0.042133
0.042133
0.042133
0.042133
0.042133
0.042133
0.042133
0.042133
0.042133
0.042133
0.042133
0.042133
0.042133
0.042133
0.042133
0.042133
0.042133
0.042133
0.042133
0.042133
0.042133
0.042133
0.042133
0.042133
0.042133
0.042133
0.042133
0.042133
0.042133
0.042133
0.042133
0.042133
0.042133
0.042133
0.042133
0.0421331
0.0421331
0.0421331
0.0421328
0.0421292
0.0421143
0.0420868
0.0420573
0.0420351
0.0420232
0.0420196
0.0420225
0.0420504
0.0421061
0.0421587
0.0421929
0.0422102
0.0422163
0.0422152
0.0422013
0.042178
0.0421605
0.0421517
0.0421505
0.0421582
0.042169
0.042174
0.0421698
0.0421579
0.0421482
0.0421482
0.0421545
0.0421571
0.0421513
0.0421409
0.0421342
0.0421314
0.0421232
0.042103
0.0420705
0.0420138
0.0419102
0.0418844
0.0417673
0.0417452
0.0418097
0.0418943
0.0419723
0.0420122
0.0420476
0.0420598
0.0420768
0.042086
0.0420989
0.0421199
0.0421364
0.042159
0.0421683
0.0421952
0.0422205
0.0422292
0.0421764
0.0418217
0.042133
0.042133
0.042133
0.042133
0.042133
0.042133
0.042133
0.042133
0.042133
0.042133
0.042133
0.042133
0.042133
0.042133
0.042133
0.042133
0.042133
0.042133
0.042133
0.042133
0.042133
0.042133
0.042133
0.042133
0.042133
0.042133
0.042133
0.042133
0.042133
0.042133
0.042133
0.042133
0.042133
0.042133
0.042133
0.042133
0.042133
0.042133
0.042133
0.042133
0.042133
0.042133
0.042133
0.042133
0.042133
0.042133
0.042133
0.042133
0.042133
0.042133
0.042133
0.042133
0.042133
0.042133
0.042133
0.042133
0.042133
0.042133
0.0421331
0.0421331
0.0421331
0.0421328
0.0421291
0.0421141
0.0420864
0.0420567
0.0420345
0.0420226
0.042019
0.0420219
0.0420498
0.0421055
0.0421581
0.0421923
0.0422096
0.0422157
0.0422146
0.0422006
0.0421772
0.0421597
0.042151
0.0421498
0.0421575
0.0421683
0.0421732
0.0421689
0.0421568
0.0421471
0.0421473
0.0421537
0.0421564
0.0421505
0.0421397
0.0421329
0.0421301
0.0421221
0.0421012
0.0420662
0.0420072
0.0418988
0.0418754
0.0417509
0.0417406
0.0418095
0.041896
0.041975
0.0420112
0.0420446
0.0420569
0.0420746
0.0420822
0.0420947
0.0421151
0.0421297
0.0421511
0.0421584
0.0421833
0.0422032
0.0422024
0.0421376
0.0417651
0.042133
0.042133
0.042133
0.042133
0.042133
0.042133
0.042133
0.042133
0.042133
0.042133
0.042133
0.042133
0.042133
0.042133
0.042133
0.042133
0.042133
0.042133
0.042133
0.042133
0.042133
0.042133
0.042133
0.042133
0.042133
0.042133
0.042133
0.042133
0.042133
0.042133
0.042133
0.042133
0.042133
0.042133
0.042133
0.042133
0.042133
0.042133
0.042133
0.042133
0.042133
0.042133
0.042133
0.042133
0.042133
0.042133
0.042133
0.042133
0.042133
0.042133
0.042133
0.042133
0.042133
0.042133
0.042133
0.042133
0.042133
0.042133
0.0421331
0.0421331
0.0421331
0.0421328
0.0421291
0.0421138
0.042086
0.0420562
0.0420338
0.0420219
0.0420183
0.0420213
0.0420492
0.0421049
0.0421575
0.0421917
0.042209
0.0422151
0.042214
0.0421999
0.0421765
0.0421589
0.0421502
0.0421491
0.0421567
0.0421675
0.0421724
0.0421679
0.0421557
0.042146
0.0421463
0.0421529
0.0421557
0.0421496
0.0421387
0.0421317
0.0421289
0.0421211
0.0420989
0.0420611
0.0419999
0.0418901
0.041863
0.041736
0.0417367
0.0418107
0.0418983
0.0419768
0.0420102
0.0420413
0.0420539
0.0420721
0.0420783
0.0420902
0.04211
0.0421229
0.0421426
0.042148
0.0421707
0.0421849
0.042174
0.0420976
0.041708
0.042133
0.042133
0.042133
0.042133
0.042133
0.042133
0.042133
0.042133
0.042133
0.042133
0.042133
0.042133
0.042133
0.042133
0.042133
0.042133
0.042133
0.042133
0.042133
0.042133
0.042133
0.042133
0.042133
0.042133
0.042133
0.042133
0.042133
0.042133
0.042133
0.042133
0.042133
0.042133
0.042133
0.042133
0.042133
0.042133
0.042133
0.042133
0.042133
0.042133
0.042133
0.042133
0.042133
0.042133
0.042133
0.042133
0.042133
0.042133
0.042133
0.042133
0.042133
0.042133
0.042133
0.042133
0.042133
0.042133
0.042133
0.042133
0.0421331
0.0421331
0.0421331
0.0421328
0.042129
0.0421136
0.0420856
0.0420556
0.0420332
0.0420212
0.0420176
0.0420206
0.0420485
0.0421042
0.0421568
0.042191
0.0422083
0.0422145
0.0422133
0.0421992
0.0421757
0.0421581
0.0421494
0.0421483
0.0421559
0.0421666
0.0421715
0.0421669
0.0421545
0.0421448
0.0421452
0.0421521
0.042155
0.0421489
0.0421377
0.0421305
0.0421277
0.0421199
0.0420962
0.0420549
0.0419913
0.0418842
0.0418474
0.0417225
0.0417334
0.0418138
0.0419018
0.0419782
0.0420102
0.0420382
0.0420509
0.0420691
0.042074
0.0420855
0.0421047
0.0421159
0.0421335
0.042137
0.0421572
0.0421657
0.0421443
0.0420561
0.0416509
0.042133
0.042133
0.042133
0.042133
0.042133
0.042133
0.042133
0.042133
0.042133
0.042133
0.042133
0.042133
0.042133
0.042133
0.042133
0.042133
0.042133
0.042133
0.042133
0.042133
0.042133
0.042133
0.042133
0.042133
0.042133
0.042133
0.042133
0.042133
0.042133
0.042133
0.042133
0.042133
0.042133
0.042133
0.042133
0.042133
0.042133
0.042133
0.042133
0.042133
0.042133
0.042133
0.042133
0.042133
0.042133
0.042133
0.042133
0.042133
0.042133
0.042133
0.042133
0.042133
0.042133
0.042133
0.042133
0.042133
0.042133
0.042133
0.0421331
0.0421331
0.0421331
0.0421328
0.0421289
0.0421134
0.0420851
0.042055
0.0420325
0.0420205
0.0420169
0.0420199
0.0420478
0.0421035
0.0421561
0.0421903
0.0422076
0.0422138
0.0422127
0.0421984
0.0421748
0.0421573
0.0421486
0.0421476
0.042155
0.0421657
0.0421706
0.0421659
0.0421533
0.0421435
0.0421441
0.0421512
0.0421543
0.0421482
0.0421368
0.0421294
0.0421265
0.0421185
0.0420933
0.042048
0.041981
0.0418808
0.0418291
0.0417111
0.0417311
0.0418182
0.0419064
0.0419794
0.0420089
0.0420353
0.0420479
0.0420657
0.0420695
0.0420806
0.042099
0.0421088
0.0421238
0.0421254
0.0421426
0.0421457
0.0421135
0.0420134
0.0415934
0.042133
0.042133
0.042133
0.042133
0.042133
0.042133
0.042133
0.042133
0.042133
0.042133
0.042133
0.042133
0.042133
0.042133
0.042133
0.042133
0.042133
0.042133
0.042133
0.042133
0.042133
0.042133
0.042133
0.042133
0.042133
0.042133
0.042133
0.042133
0.042133
0.042133
0.042133
0.042133
0.042133
0.042133
0.042133
0.042133
0.042133
0.042133
0.042133
0.042133
0.042133
0.042133
0.042133
0.042133
0.042133
0.042133
0.042133
0.042133
0.042133
0.042133
0.042133
0.042133
0.042133
0.042133
0.042133
0.042133
0.042133
0.042133
0.0421331
0.0421331
0.0421331
0.0421328
0.0421289
0.0421131
0.0420847
0.0420543
0.0420317
0.0420197
0.0420161
0.0420191
0.042047
0.0421027
0.0421553
0.0421896
0.0422069
0.0422131
0.042212
0.0421976
0.0421739
0.0421564
0.0421478
0.0421467
0.0421541
0.0421648
0.0421696
0.0421647
0.0421519
0.0421421
0.0421429
0.0421503
0.0421536
0.0421475
0.0421359
0.0421282
0.0421253
0.0421172
0.0420904
0.0420409
0.0419701
0.0418771
0.0418089
0.0417016
0.0417304
0.0418233
0.0419126
0.0419811
0.0420075
0.0420324
0.0420449
0.0420618
0.0420647
0.0420753
0.0420929
0.0421013
0.0421135
0.0421134
0.0421271
0.0421246
0.0420814
0.0419693
0.0415358
0.042133
0.042133
0.042133
0.042133
0.042133
0.042133
0.042133
0.042133
0.042133
0.042133
0.042133
0.042133
0.042133
0.042133
0.042133
0.042133
0.042133
0.042133
0.042133
0.042133
0.042133
0.042133
0.042133
0.042133
0.042133
0.042133
0.042133
0.042133
0.042133
0.042133
0.042133
0.042133
0.042133
0.042133
0.042133
0.042133
0.042133
0.042133
0.042133
0.042133
0.042133
0.042133
0.042133
0.042133
0.042133
0.042133
0.042133
0.042133
0.042133
0.042133
0.042133
0.042133
0.042133
0.042133
0.042133
0.042133
0.042133
0.042133
0.0421331
0.0421331
0.0421331
0.0421327
0.0421288
0.0421129
0.0420842
0.0420537
0.042031
0.0420189
0.0420153
0.0420183
0.0420461
0.0421019
0.0421545
0.0421888
0.0422061
0.0422123
0.0422112
0.0421968
0.042173
0.0421555
0.0421469
0.0421458
0.0421532
0.0421638
0.0421686
0.0421636
0.0421506
0.0421407
0.0421417
0.0421493
0.0421529
0.0421469
0.0421352
0.0421272
0.042124
0.0421158
0.0420881
0.0420349
0.0419587
0.0418701
0.0417882
0.0416942
0.0417318
0.0418282
0.0419205
0.0419839
0.042006
0.0420295
0.0420416
0.0420576
0.0420596
0.0420698
0.0420864
0.0420933
0.0421025
0.0421009
0.0421106
0.0421025
0.0420484
0.0419241
0.0414782
0.042133
0.042133
0.042133
0.042133
0.042133
0.042133
0.042133
0.042133
0.042133
0.042133
0.042133
0.042133
0.042133
0.042133
0.042133
0.042133
0.042133
0.042133
0.042133
0.042133
0.042133
0.042133
0.042133
0.042133
0.042133
0.042133
0.042133
0.042133
0.042133
0.042133
0.042133
0.042133
0.042133
0.042133
0.042133
0.042133
0.042133
0.042133
0.042133
0.042133
0.042133
0.042133
0.042133
0.042133
0.042133
0.042133
0.042133
0.042133
0.042133
0.042133
0.042133
0.042133
0.042133
0.042133
0.042133
0.042133
0.042133
0.042133
0.0421331
0.0421331
0.0421331
0.0421327
0.0421287
0.0421126
0.0420837
0.042053
0.0420302
0.0420181
0.0420145
0.0420175
0.0420452
0.0421009
0.0421537
0.042188
0.0422053
0.0422116
0.0422105
0.0421959
0.042172
0.0421545
0.0421459
0.0421449
0.0421522
0.0421628
0.0421675
0.0421623
0.0421491
0.0421393
0.0421403
0.0421483
0.0421522
0.0421462
0.0421344
0.042126
0.042123
0.0421148
0.0420858
0.0420292
0.0419472
0.0418588
0.0417689
0.04169
0.0417355
0.0418334
0.0419305
0.0419831
0.042005
0.0420264
0.0420382
0.042053
0.0420543
0.042064
0.0420792
0.0420847
0.0420908
0.0420882
0.0420933
0.0420791
0.0420143
0.0418774
0.0414205
0.042133
0.042133
0.042133
0.042133
0.042133
0.042133
0.042133
0.042133
0.042133
0.042133
0.042133
0.042133
0.042133
0.042133
0.042133
0.042133
0.042133
0.042133
0.042133
0.042133
0.042133
0.042133
0.042133
0.042133
0.042133
0.042133
0.042133
0.042133
0.042133
0.042133
0.042133
0.042133
0.042133
0.042133
0.042133
0.042133
0.042133
0.042133
0.042133
0.042133
0.042133
0.042133
0.042133
0.042133
0.042133
0.042133
0.042133
0.042133
0.042133
0.042133
0.042133
0.042133
0.042133
0.042133
0.042133
0.042133
0.042133
0.042133
0.0421331
0.0421331
0.0421331
0.0421327
0.0421286
0.0421124
0.0420832
0.0420523
0.0420293
0.0420172
0.0420136
0.0420166
0.0420443
0.0421
0.0421527
0.0421871
0.0422045
0.0422107
0.0422096
0.042195
0.042171
0.0421535
0.042145
0.042144
0.0421512
0.0421617
0.0421664
0.042161
0.0421476
0.0421378
0.042139
0.0421472
0.0421514
0.0421456
0.0421336
0.0421249
0.0421221
0.0421141
0.0420835
0.0420233
0.041935
0.0418455
0.0417523
0.0416886
0.0417411
0.0418392
0.041941
0.0419832
0.0420039
0.0420231
0.0420345
0.0420482
0.0420488
0.0420578
0.0420715
0.0420755
0.0420785
0.0420748
0.0420751
0.0420544
0.0419794
0.0418299
0.0413631
0.042133
0.042133
0.042133
0.042133
0.042133
0.042133
0.042133
0.042133
0.042133
0.042133
0.042133
0.042133
0.042133
0.042133
0.042133
0.042133
0.042133
0.042133
0.042133
0.042133
0.042133
0.042133
0.042133
0.042133
0.042133
0.042133
0.042133
0.042133
0.042133
0.042133
0.042133
0.042133
0.042133
0.042133
0.042133
0.042133
0.042133
0.042133
0.042133
0.042133
0.042133
0.042133
0.042133
0.042133
0.042133
0.042133
0.042133
0.042133
0.042133
0.042133
0.042133
0.042133
0.042133
0.042133
0.042133
0.042133
0.042133
0.042133
0.0421331
0.0421331
0.0421331
0.0421327
0.0421286
0.0421121
0.0420827
0.0420516
0.0420285
0.0420163
0.0420127
0.0420157
0.0420433
0.0420989
0.0421517
0.0421862
0.0422036
0.0422099
0.0422088
0.042194
0.04217
0.0421525
0.042144
0.0421429
0.0421501
0.0421605
0.0421652
0.0421597
0.0421461
0.0421362
0.0421375
0.042146
0.0421506
0.0421448
0.0421327
0.0421238
0.0421215
0.0421128
0.042081
0.0420175
0.0419208
0.0418311
0.0417395
0.0416908
0.0417498
0.0418484
0.0419478
0.0419831
0.042003
0.0420196
0.0420306
0.042043
0.042043
0.0420512
0.0420631
0.0420657
0.0420658
0.042061
0.0420558
0.0420284
0.0419434
0.0417812
0.0413057
0.042133
0.042133
0.042133
0.042133
0.042133
0.042133
0.042133
0.042133
0.042133
0.042133
0.042133
0.042133
0.042133
0.042133
0.042133
0.042133
0.042133
0.042133
0.042133
0.042133
0.042133
0.042133
0.042133
0.042133
0.042133
0.042133
0.042133
0.042133
0.042133
0.042133
0.042133
0.042133
0.042133
0.042133
0.042133
0.042133
0.042133
0.042133
0.042133
0.042133
0.042133
0.042133
0.042133
0.042133
0.042133
0.042133
0.042133
0.042133
0.042133
0.042133
0.042133
0.042133
0.042133
0.042133
0.042133
0.042133
0.042133
0.042133
0.0421331
0.0421331
0.0421331
0.0421327
0.0421285
0.0421118
0.0420822
0.0420508
0.0420276
0.0420153
0.0420117
0.0420147
0.0420422
0.0420978
0.0421507
0.0421851
0.0422026
0.042209
0.0422079
0.042193
0.0421689
0.0421514
0.0421429
0.0421419
0.0421489
0.0421593
0.0421639
0.0421583
0.0421445
0.0421347
0.042136
0.0421448
0.0421496
0.042144
0.0421317
0.0421227
0.0421214
0.0421117
0.0420778
0.0420115
0.0419041
0.0418179
0.0417312
0.0416965
0.0417606
0.0418618
0.0419518
0.041983
0.0420023
0.0420162
0.0420264
0.0420375
0.042037
0.0420443
0.0420542
0.0420556
0.0420526
0.0420465
0.0420354
0.0420012
0.0419069
0.0417319
0.0412488
0.042133
0.042133
0.042133
0.042133
0.042133
0.042133
0.042133
0.042133
0.042133
0.042133
0.042133
0.042133
0.042133
0.042133
0.042133
0.042133
0.042133
0.042133
0.042133
0.042133
0.042133
0.042133
0.042133
0.042133
0.042133
0.042133
0.042133
0.042133
0.042133
0.042133
0.042133
0.042133
0.042133
0.042133
0.042133
0.042133
0.042133
0.042133
0.042133
0.042133
0.042133
0.042133
0.042133
0.042133
0.042133
0.042133
0.042133
0.042133
0.042133
0.042133
0.042133
0.042133
0.042133
0.042133
0.042133
0.042133
0.042133
0.042133
0.0421331
0.0421331
0.042133
0.0421327
0.0421284
0.0421116
0.0420816
0.04205
0.0420267
0.0420143
0.0420107
0.0420136
0.042041
0.0420966
0.0421495
0.0421841
0.0422016
0.042208
0.042207
0.042192
0.0421678
0.0421503
0.0421418
0.0421407
0.0421477
0.042158
0.0421626
0.0421568
0.0421429
0.0421331
0.0421345
0.0421434
0.0421484
0.042143
0.0421305
0.0421218
0.0421213
0.0421102
0.0420733
0.0420045
0.0418871
0.0418067
0.0417266
0.0417062
0.0417753
0.0418776
0.0419536
0.0419828
0.0420001
0.0420121
0.0420219
0.0420318
0.0420308
0.0420369
0.0420447
0.0420448
0.0420387
0.0420312
0.0420141
0.0419727
0.0418695
0.0416817
0.0411925
0.042133
0.042133
0.042133
0.042133
0.042133
0.042133
0.042133
0.042133
0.042133
0.042133
0.042133
0.042133
0.042133
0.042133
0.042133
0.042133
0.042133
0.042133
0.042133
0.042133
0.042133
0.042133
0.042133
0.042133
0.042133
0.042133
0.042133
0.042133
0.042133
0.042133
0.042133
0.042133
0.042133
0.042133
0.042133
0.042133
0.042133
0.042133
0.042133
0.042133
0.042133
0.042133
0.042133
0.042133
0.042133
0.042133
0.042133
0.042133
0.042133
0.042133
0.042133
0.042133
0.042133
0.042133
0.042133
0.042133
0.042133
0.042133
0.0421331
0.0421331
0.042133
0.0421327
0.0421283
0.0421113
0.0420811
0.0420492
0.0420257
0.0420133
0.0420096
0.0420126
0.0420398
0.0420953
0.0421483
0.0421829
0.0422006
0.042207
0.042206
0.0421909
0.0421667
0.0421491
0.0421406
0.0421395
0.0421464
0.0421566
0.0421612
0.0421553
0.0421413
0.0421315
0.0421328
0.0421418
0.0421471
0.0421417
0.0421292
0.0421211
0.0421212
0.0421084
0.0420672
0.0419923
0.0418769
0.0417987
0.0417281
0.0417214
0.0417922
0.0418924
0.0419556
0.0419825
0.0419977
0.042008
0.0420172
0.0420258
0.0420244
0.0420292
0.042035
0.0420336
0.0420242
0.0420149
0.0419918
0.041943
0.0418315
0.041631
0.0411368
0.042133
0.042133
0.042133
0.042133
0.042133
0.042133
0.042133
0.042133
0.042133
0.042133
0.042133
0.042133
0.042133
0.042133
0.042133
0.042133
0.042133
0.042133
0.042133
0.042133
0.042133
0.042133
0.042133
0.042133
0.042133
0.042133
0.042133
0.042133
0.042133
0.042133
0.042133
0.042133
0.042133
0.042133
0.042133
0.042133
0.042133
0.042133
0.042133
0.042133
0.042133
0.042133
0.042133
0.042133
0.042133
0.042133
0.042133
0.042133
0.042133
0.042133
0.042133
0.042133
0.042133
0.042133
0.042133
0.042133
0.042133
0.042133
0.0421331
0.0421331
0.042133
0.0421327
0.0421283
0.042111
0.0420805
0.0420484
0.0420247
0.0420122
0.0420085
0.0420114
0.0420384
0.0420939
0.042147
0.0421817
0.0421995
0.0422059
0.042205
0.0421898
0.0421655
0.0421479
0.0421394
0.0421383
0.042145
0.0421551
0.0421598
0.0421538
0.0421397
0.0421299
0.0421311
0.04214
0.0421453
0.04214
0.0421276
0.0421203
0.0421206
0.0421058
0.0420604
0.0419782
0.0418725
0.0417943
0.0417358
0.0417408
0.0418141
0.0419038
0.0419568
0.0419809
0.0419944
0.0420038
0.0420122
0.0420198
0.0420179
0.0420211
0.0420248
0.0420216
0.0420092
0.0419977
0.0419688
0.0419121
0.0417928
0.0415798
0.0410818
0.042133
0.042133
0.042133
0.042133
0.042133
0.042133
0.042133
0.042133
0.042133
0.042133
0.042133
0.042133
0.042133
0.042133
0.042133
0.042133
0.042133
0.042133
0.042133
0.042133
0.042133
0.042133
0.042133
0.042133
0.042133
0.042133
0.042133
0.042133
0.042133
0.042133
0.042133
0.042133
0.042133
0.042133
0.042133
0.042133
0.042133
0.042133
0.042133
0.042133
0.042133
0.042133
0.042133
0.042133
0.042133
0.042133
0.042133
0.042133
0.042133
0.042133
0.042133
0.042133
0.042133
0.042133
0.042133
0.042133
0.042133
0.042133
0.0421331
0.0421331
0.042133
0.0421327
0.0421282
0.0421107
0.04208
0.0420475
0.0420236
0.042011
0.0420073
0.0420102
0.042037
0.0420924
0.0421455
0.0421804
0.0421983
0.0422048
0.0422039
0.0421887
0.0421643
0.0421466
0.0421381
0.042137
0.0421435
0.0421536
0.0421583
0.0421523
0.0421382
0.0421283
0.0421293
0.0421379
0.0421431
0.0421378
0.0421257
0.0421193
0.0421196
0.0421025
0.0420539
0.0419668
0.0418695
0.0417943
0.0417484
0.041765
0.0418364
0.0419126
0.0419573
0.0419791
0.0419909
0.0419994
0.0420071
0.0420135
0.0420112
0.0420125
0.0420143
0.0420089
0.0419936
0.0419795
0.0419448
0.04188
0.0417533
0.0415283
0.0410277
0.042133
0.042133
0.042133
0.042133
0.042133
0.042133
0.042133
0.042133
0.042133
0.042133
0.042133
0.042133
0.042133
0.042133
0.042133
0.042133
0.042133
0.042133
0.042133
0.042133
0.042133
0.042133
0.042133
0.042133
0.042133
0.042133
0.042133
0.042133
0.042133
0.042133
0.042133
0.042133
0.042133
0.042133
0.042133
0.042133
0.042133
0.042133
0.042133
0.042133
0.042133
0.042133
0.042133
0.042133
0.042133
0.042133
0.042133
0.042133
0.042133
0.042133
0.042133
0.042133
0.042133
0.042133
0.042133
0.042133
0.042133
0.042133
0.0421331
0.0421331
0.042133
0.0421327
0.0421281
0.0421105
0.0420794
0.0420467
0.0420225
0.0420098
0.0420061
0.0420089
0.0420355
0.0420908
0.042144
0.0421791
0.042197
0.0422036
0.0422028
0.0421875
0.042163
0.0421453
0.0421368
0.0421356
0.0421419
0.0421519
0.0421567
0.0421508
0.0421366
0.0421267
0.0421273
0.0421354
0.0421404
0.0421351
0.0421234
0.0421177
0.0421177
0.0420983
0.0420459
0.0419606
0.0418717
0.0418001
0.0417683
0.0417934
0.0418575
0.0419201
0.0419572
0.0419766
0.0419872
0.0419948
0.0420018
0.0420072
0.0420041
0.0420034
0.0420034
0.0419954
0.0419776
0.0419604
0.0419201
0.0418469
0.041713
0.0414765
0.0409746
0.042133
0.042133
0.042133
0.042133
0.042133
0.042133
0.042133
0.042133
0.042133
0.042133
0.042133
0.042133
0.042133
0.042133
0.042133
0.042133
0.042133
0.042133
0.042133
0.042133
0.042133
0.042133
0.042133
0.042133
0.042133
0.042133
0.042133
0.042133
0.042133
0.042133
0.042133
0.042133
0.042133
0.042133
0.042133
0.042133
0.042133
0.042133
0.042133
0.042133
0.042133
0.042133
0.042133
0.042133
0.042133
0.042133
0.042133
0.042133
0.042133
0.042133
0.042133
0.042133
0.042133
0.042133
0.042133
0.042133
0.042133
0.042133
0.0421331
0.0421331
0.042133
0.0421327
0.0421281
0.0421102
0.0420788
0.0420458
0.0420214
0.0420085
0.0420048
0.0420075
0.0420338
0.042089
0.0421424
0.0421776
0.0421957
0.0422024
0.0422016
0.0421863
0.0421617
0.0421439
0.0421354
0.0421341
0.0421403
0.0421502
0.042155
0.0421492
0.0421351
0.042125
0.0421252
0.0421327
0.0421373
0.0421319
0.0421206
0.0421157
0.0421152
0.0420939
0.0420393
0.041959
0.0418757
0.0418134
0.0417935
0.0418186
0.0418742
0.0419257
0.0419569
0.041974
0.0419833
0.0419901
0.0419964
0.0420006
0.0419965
0.0419938
0.041992
0.0419812
0.0419611
0.0419402
0.0418944
0.0418128
0.0416719
0.0414247
0.0409228
0.042133
0.042133
0.042133
0.042133
0.042133
0.042133
0.042133
0.042133
0.042133
0.042133
0.042133
0.042133
0.042133
0.042133
0.042133
0.042133
0.042133
0.042133
0.042133
0.042133
0.042133
0.042133
0.042133
0.042133
0.042133
0.042133
0.042133
0.042133
0.042133
0.042133
0.042133
0.042133
0.042133
0.042133
0.042133
0.042133
0.042133
0.042133
0.042133
0.042133
0.042133
0.042133
0.042133
0.042133
0.042133
0.042133
0.042133
0.042133
0.042133
0.042133
0.042133
0.042133
0.042133
0.042133
0.042133
0.042133
0.042133
0.042133
0.042133
0.0421331
0.042133
0.0421327
0.042128
0.04211
0.0420783
0.0420449
0.0420202
0.0420072
0.0420034
0.0420061
0.0420321
0.0420871
0.0421406
0.042176
0.0421943
0.0422011
0.0422004
0.0421851
0.0421603
0.0421425
0.0421339
0.0421326
0.0421385
0.0421483
0.0421533
0.0421476
0.0421335
0.0421233
0.042123
0.0421296
0.0421337
0.0421283
0.0421173
0.0421129
0.0421118
0.0420892
0.0420353
0.0419622
0.0418854
0.0418323
0.0418213
0.0418512
0.0418889
0.0419298
0.041956
0.0419713
0.0419794
0.0419854
0.0419909
0.0419937
0.0419882
0.0419836
0.0419801
0.0419662
0.0419442
0.0419191
0.0418679
0.041778
0.0416302
0.0413732
0.0408726
0.042133
0.042133
0.042133
0.042133
0.042133
0.042133
0.042133
0.042133
0.042133
0.042133
0.042133
0.042133
0.042133
0.042133
0.042133
0.042133
0.042133
0.042133
0.042133
0.042133
0.042133
0.042133
0.042133
0.042133
0.042133
0.042133
0.042133
0.042133
0.042133
0.042133
0.042133
0.042133
0.042133
0.042133
0.042133
0.042133
0.042133
0.042133
0.042133
0.042133
0.042133
0.042133
0.042133
0.042133
0.042133
0.042133
0.042133
0.042133
0.042133
0.042133
0.042133
0.042133
0.042133
0.042133
0.042133
0.042133
0.042133
0.042133
0.042133
0.0421331
0.042133
0.0421327
0.042128
0.0421098
0.0420777
0.042044
0.042019
0.0420058
0.0420019
0.0420046
0.0420302
0.0420851
0.0421387
0.0421743
0.0421927
0.0421997
0.0421991
0.0421838
0.0421589
0.042141
0.0421324
0.042131
0.0421367
0.0421464
0.0421515
0.0421458
0.0421318
0.0421215
0.0421206
0.0421264
0.0421299
0.0421244
0.0421138
0.0421094
0.0421075
0.0420843
0.0420341
0.0419688
0.0419001
0.0418584
0.0418485
0.0418695
0.0419008
0.0419326
0.0419548
0.0419684
0.0419757
0.0419809
0.0419853
0.0419863
0.0419792
0.0419729
0.0419678
0.0419506
0.0419266
0.0418969
0.0418403
0.0417425
0.041588
0.0413222
0.0408241
0.042133
0.042133
0.042133
0.042133
0.042133
0.042133
0.042133
0.042133
0.042133
0.042133
0.042133
0.042133
0.042133
0.042133
0.042133
0.042133
0.042133
0.042133
0.042133
0.042133
0.042133
0.042133
0.042133
0.042133
0.042133
0.042133
0.042133
0.042133
0.042133
0.042133
0.042133
0.042133
0.042133
0.042133
0.042133
0.042133
0.042133
0.042133
0.042133
0.042133
0.042133
0.042133
0.042133
0.042133
0.042133
0.042133
0.042133
0.042133
0.042133
0.042133
0.042133
0.042133
0.042133
0.042133
0.042133
0.042133
0.042133
0.042133
0.042133
0.0421331
0.042133
0.0421327
0.0421279
0.0421096
0.0420772
0.042043
0.0420178
0.0420044
0.0420004
0.042003
0.0420282
0.0420828
0.0421367
0.0421726
0.0421911
0.0421982
0.0421977
0.0421825
0.0421575
0.0421394
0.0421308
0.0421293
0.0421348
0.0421444
0.0421495
0.042144
0.04213
0.0421195
0.0421181
0.0421231
0.0421261
0.0421205
0.0421101
0.0421055
0.0421028
0.0420806
0.0420363
0.0419815
0.0419219
0.0418813
0.0418736
0.0418865
0.0419104
0.0419344
0.0419532
0.0419654
0.0419721
0.0419764
0.0419794
0.0419785
0.0419695
0.0419617
0.0419548
0.0419344
0.0419085
0.041874
0.0418119
0.0417068
0.0415457
0.041272
0.0407773
0.042133
0.042133
0.042133
0.042133
0.042133
0.042133
0.042133
0.042133
0.042133
0.042133
0.042133
0.042133
0.042133
0.042133
0.042133
0.042133
0.042133
0.042133
0.042133
0.042133
0.042133
0.042133
0.042133
0.042133
0.042133
0.042133
0.042133
0.042133
0.042133
0.042133
0.042133
0.042133
0.042133
0.042133
0.042133
0.042133
0.042133
0.042133
0.042133
0.042133
0.042133
0.042133
0.042133
0.042133
0.042133
0.042133
0.042133
0.042133
0.042133
0.042133
0.042133
0.042133
0.042133
0.042133
0.042133
0.042133
0.042133
0.042133
0.042133
0.042133
0.042133
0.0421327
0.0421279
0.0421094
0.0420767
0.0420421
0.0420165
0.0420029
0.0419988
0.0420013
0.042026
0.0420804
0.0421345
0.0421706
0.0421895
0.0421967
0.0421963
0.0421811
0.042156
0.0421378
0.0421291
0.0421276
0.0421328
0.0421422
0.0421474
0.042142
0.0421281
0.0421173
0.0421155
0.0421199
0.0421224
0.0421168
0.0421065
0.0421016
0.0420994
0.0420803
0.0420393
0.0419884
0.0419362
0.0419073
0.0418974
0.0419015
0.0419174
0.0419354
0.0419513
0.0419623
0.0419685
0.041972
0.0419734
0.04197
0.0419592
0.04195
0.0419411
0.0419175
0.0418895
0.0418501
0.0417825
0.0416708
0.0415033
0.0412227
0.0407324
0.042133
0.042133
0.042133
0.042133
0.042133
0.042133
0.042133
0.042133
0.042133
0.042133
0.042133
0.042133
0.042133
0.042133
0.042133
0.042133
0.042133
0.042133
0.042133
0.042133
0.042133
0.042133
0.042133
0.042133
0.042133
0.042133
0.042133
0.042133
0.042133
0.042133
0.042133
0.042133
0.042133
0.042133
0.042133
0.042133
0.042133
0.042133
0.042133
0.042133
0.042133
0.042133
0.042133
0.042133
0.042133
0.042133
0.042133
0.042133
0.042133
0.042133
0.042133
0.042133
0.042133
0.042133
0.042133
0.042133
0.042133
0.042133
0.042133
0.042133
0.042133
0.0421327
0.0421279
0.0421093
0.0420762
0.0420412
0.0420151
0.0420013
0.0419971
0.0419995
0.0420236
0.0420778
0.0421321
0.0421686
0.0421876
0.0421951
0.0421949
0.0421797
0.0421545
0.0421362
0.0421274
0.0421258
0.0421308
0.0421399
0.0421451
0.0421398
0.0421259
0.042115
0.0421128
0.0421168
0.042119
0.0421135
0.0421033
0.0420979
0.0420962
0.0420813
0.0420475
0.0420038
0.0419597
0.0419274
0.0419132
0.0419132
0.0419227
0.0419361
0.0419494
0.0419591
0.0419649
0.0419673
0.0419668
0.0419611
0.0419487
0.0419378
0.0419267
0.0419002
0.0418698
0.0418256
0.0417522
0.0416346
0.041461
0.0411743
0.0406893
0.042133
0.042133
0.042133
0.042133
0.042133
0.042133
0.042133
0.042133
0.042133
0.042133
0.042133
0.042133
0.042133
0.042133
0.042133
0.042133
0.042133
0.042133
0.042133
0.042133
0.042133
0.042133
0.042133
0.042133
0.042133
0.042133
0.042133
0.042133
0.042133
0.042133
0.042133
0.042133
0.042133
0.042133
0.042133
0.042133
0.042133
0.042133
0.042133
0.042133
0.042133
0.042133
0.042133
0.042133
0.042133
0.042133
0.042133
0.042133
0.042133
0.042133
0.042133
0.042133
0.042133
0.042133
0.042133
0.042133
0.042133
0.042133
0.042133
0.042133
0.042133
0.0421327
0.0421279
0.0421091
0.0420757
0.0420402
0.0420138
0.0419996
0.0419954
0.0419976
0.0420211
0.042075
0.0421295
0.0421663
0.0421857
0.0421933
0.0421933
0.0421783
0.042153
0.0421345
0.0421256
0.0421239
0.0421287
0.0421375
0.0421427
0.0421374
0.0421235
0.0421124
0.0421101
0.0421138
0.0421161
0.0421108
0.0421009
0.0420943
0.0420898
0.042073
0.0420413
0.0420052
0.0419725
0.0419437
0.0419279
0.041923
0.0419269
0.0419365
0.0419474
0.041956
0.0419612
0.0419623
0.0419598
0.0419517
0.0419378
0.0419253
0.0419114
0.0418823
0.0418493
0.0418003
0.0417211
0.0415982
0.0414187
0.041127
0.0406481
0.042133
0.042133
0.042133
0.042133
0.042133
0.042133
0.042133
0.042133
0.042133
0.042133
0.042133
0.042133
0.042133
0.042133
0.042133
0.042133
0.042133
0.042133
0.042133
0.042133
0.042133
0.042133
0.042133
0.042133
0.042133
0.042133
0.042133
0.042133
0.042133
0.042133
0.042133
0.042133
0.042133
0.042133
0.042133
0.042133
0.042133
0.042133
0.042133
0.042133
0.042133
0.042133
0.042133
0.042133
0.042133
0.042133
0.042133
0.042133
0.042133
0.042133
0.042133
0.042133
0.042133
0.042133
0.042133
0.042133
0.042133
0.042133
0.042133
0.042133
0.042133
0.0421327
0.0421279
0.0421091
0.0420753
0.0420393
0.0420124
0.0419979
0.0419935
0.0419956
0.0420184
0.0420719
0.0421267
0.0421639
0.0421837
0.0421915
0.0421917
0.0421768
0.0421514
0.0421327
0.0421237
0.0421219
0.0421265
0.042135
0.0421401
0.0421348
0.0421208
0.0421097
0.0421073
0.0421109
0.0421134
0.0421085
0.0420987
0.042092
0.0420878
0.0420749
0.0420473
0.0420136
0.0419829
0.0419557
0.0419377
0.0419301
0.0419304
0.0419367
0.0419456
0.0419528
0.0419569
0.0419566
0.0419521
0.0419422
0.041927
0.0419124
0.0418953
0.0418642
0.0418281
0.0417744
0.0416893
0.0415617
0.0413768
0.0410812
0.0406092
0.042133
0.042133
0.042133
0.042133
0.042133
0.042133
0.042133
0.042133
0.042133
0.042133
0.042133
0.042133
0.042133
0.042133
0.042133
0.042133
0.042133
0.042133
0.042133
0.042133
0.042133
0.042133
0.042133
0.042133
0.042133
0.042133
0.042133
0.042133
0.042133
0.042133
0.042133
0.042133
0.042133
0.042133
0.042133
0.042133
0.042133
0.042133
0.042133
0.042133
0.042133
0.042133
0.042133
0.042133
0.042133
0.042133
0.042133
0.042133
0.042133
0.042133
0.042133
0.042133
0.042133
0.042133
0.042133
0.042133
0.042133
0.042133
0.042133
0.042133
0.042133
0.0421327
0.042128
0.0421091
0.042075
0.0420384
0.042011
0.0419962
0.0419916
0.0419936
0.0420156
0.0420686
0.0421236
0.0421614
0.0421815
0.0421896
0.04219
0.0421754
0.0421498
0.0421309
0.0421218
0.0421199
0.0421241
0.0421324
0.0421373
0.042132
0.0421181
0.0421069
0.0421043
0.042108
0.0421108
0.0421066
0.0420964
0.0420878
0.0420814
0.0420703
0.042047
0.0420186
0.0419904
0.0419634
0.0419441
0.0419347
0.041933
0.041937
0.0419439
0.0419496
0.0419522
0.0419503
0.0419439
0.0419323
0.0419159
0.0418989
0.0418784
0.0418455
0.0418062
0.0417479
0.041657
0.0415253
0.0413355
0.0410373
0.040573
0.042133
0.042133
0.042133
0.042133
0.042133
0.042133
0.042133
0.042133
0.042133
0.042133
0.042133
0.042133
0.042133
0.042133
0.042133
0.042133
0.042133
0.042133
0.042133
0.042133
0.042133
0.042133
0.042133
0.042133
0.042133
0.042133
0.042133
0.042133
0.042133
0.042133
0.042133
0.042133
0.042133
0.042133
0.042133
0.042133
0.042133
0.042133
0.042133
0.042133
0.042133
0.042133
0.042133
0.042133
0.042133
0.042133
0.042133
0.042133
0.042133
0.042133
0.042133
0.042133
0.042133
0.042133
0.042133
0.042133
0.042133
0.042133
0.042133
0.042133
0.042133
0.0421327
0.042128
0.0421092
0.0420747
0.0420376
0.0420095
0.0419943
0.0419895
0.0419914
0.0420125
0.0420649
0.0421203
0.0421586
0.0421791
0.0421875
0.0421882
0.0421739
0.0421482
0.0421291
0.0421198
0.0421177
0.0421217
0.0421296
0.0421344
0.0421291
0.0421152
0.042104
0.0421013
0.0421049
0.042108
0.0421045
0.0420945
0.0420849
0.0420779
0.0420671
0.0420465
0.0420211
0.0419944
0.0419682
0.0419484
0.041938
0.041935
0.0419373
0.0419423
0.0419462
0.0419469
0.0419432
0.0419352
0.0419222
0.0419045
0.041885
0.0418612
0.0418265
0.0417836
0.0417209
0.0416244
0.041489
0.0412952
0.0409957
0.04054
0.042133
0.042133
0.042133
0.042133
0.042133
0.042133
0.042133
0.042133
0.042133
0.042133
0.042133
0.042133
0.042133
0.042133
0.042133
0.042133
0.042133
0.042133
0.042133
0.042133
0.042133
0.042133
0.042133
0.042133
0.042133
0.042133
0.042133
0.042133
0.042133
0.042133
0.042133
0.042133
0.042133
0.042133
0.042133
0.042133
0.042133
0.042133
0.042133
0.042133
0.042133
0.042133
0.042133
0.042133
0.042133
0.042133
0.042133
0.042133
0.042133
0.042133
0.042133
0.042133
0.042133
0.042133
0.042133
0.042133
0.042133
0.042133
0.042133
0.042133
0.042133
0.0421327
0.0421282
0.0421093
0.0420746
0.0420368
0.0420081
0.0419924
0.0419873
0.041989
0.0420092
0.042061
0.0421167
0.0421556
0.0421766
0.0421854
0.0421863
0.0421723
0.0421466
0.0421272
0.0421177
0.0421155
0.0421192
0.0421266
0.0421312
0.0421261
0.0421124
0.0421011
0.0420981
0.0421014
0.0421045
0.0421015
0.0420912
0.0420805
0.0420731
0.0420627
0.0420444
0.0420207
0.0419954
0.0419708
0.0419515
0.0419408
0.0419368
0.0419375
0.0419404
0.0419423
0.0419409
0.0419355
0.0419259
0.0419116
0.0418924
0.0418703
0.0418435
0.041807
0.0417604
0.0416934
0.0415917
0.0414531
0.0412559
0.0409566
0.0405102
0.042133
0.042133
0.042133
0.042133
0.042133
0.042133
0.042133
0.042133
0.042133
0.042133
0.042133
0.042133
0.042133
0.042133
0.042133
0.042133
0.042133
0.042133
0.042133
0.042133
0.042133
0.042133
0.042133
0.042133
0.042133
0.042133
0.042133
0.042133
0.042133
0.042133
0.042133
0.042133
0.042133
0.042133
0.042133
0.042133
0.042133
0.042133
0.042133
0.042133
0.042133
0.042133
0.042133
0.042133
0.042133
0.042133
0.042133
0.042133
0.042133
0.042133
0.042133
0.042133
0.042133
0.042133
0.042133
0.042133
0.042133
0.042133
0.042133
0.042133
0.042133
0.0421327
0.0421283
0.0421095
0.0420745
0.0420361
0.0420066
0.0419904
0.041985
0.0419866
0.0420056
0.0420567
0.0421127
0.0421523
0.0421739
0.042183
0.0421843
0.0421708
0.0421449
0.0421252
0.0421155
0.0421131
0.0421164
0.0421234
0.0421278
0.042123
0.0421097
0.0420983
0.0420949
0.0420974
0.0421003
0.0420983
0.0420893
0.0420785
0.04207
0.0420589
0.0420417
0.0420193
0.0419954
0.0419726
0.0419548
0.0419443
0.0419388
0.0419372
0.0419379
0.0419376
0.0419343
0.0419274
0.0419165
0.0419007
0.0418798
0.0418552
0.0418257
0.0417871
0.0417366
0.0416655
0.0415592
0.0414177
0.0412181
0.0409204
0.0404839
0.042133
0.042133
0.042133
0.042133
0.042133
0.042133
0.042133
0.042133
0.042133
0.042133
0.042133
0.042133
0.042133
0.042133
0.042133
0.042133
0.042133
0.042133
0.042133
0.042133
0.042133
0.042133
0.042133
0.042133
0.042133
0.042133
0.042133
0.042133
0.042133
0.042133
0.042133
0.042133
0.042133
0.042133
0.042133
0.042133
0.042133
0.042133
0.042133
0.042133
0.042133
0.042133
0.042133
0.042133
0.042133
0.042133
0.042133
0.042133
0.042133
0.042133
0.042133
0.042133
0.042133
0.042133
0.042133
0.042133
0.042133
0.042133
0.042133
0.042133
0.042133
0.0421327
0.0421285
0.0421099
0.0420746
0.0420354
0.0420052
0.0419883
0.0419827
0.041984
0.0420019
0.042052
0.0421084
0.0421488
0.0421711
0.0421806
0.0421822
0.0421692
0.0421433
0.0421232
0.0421132
0.0421106
0.0421135
0.04212
0.0421243
0.0421199
0.0421072
0.0420958
0.0420916
0.042093
0.0420949
0.0420925
0.0420844
0.0420747
0.0420664
0.0420555
0.0420391
0.0420183
0.0419961
0.041975
0.0419583
0.0419475
0.0419399
0.0419361
0.0419344
0.0419318
0.0419268
0.0419189
0.0419066
0.0418892
0.0418665
0.0418394
0.0418074
0.0417664
0.0417122
0.0416373
0.0415271
0.041383
0.0411818
0.0408871
0.0404614
0.042133
0.042133
0.042133
0.042133
0.042133
0.042133
0.042133
0.042133
0.042133
0.042133
0.042133
0.042133
0.042133
0.042133
0.042133
0.042133
0.042133
0.042133
0.042133
0.042133
0.042133
0.042133
0.042133
0.042133
0.042133
0.042133
0.042133
0.042133
0.042133
0.042133
0.042133
0.042133
0.042133
0.042133
0.042133
0.042133
0.042133
0.042133
0.042133
0.042133
0.042133
0.042133
0.042133
0.042133
0.042133
0.042133
0.042133
0.042133
0.042133
0.042133
0.042133
0.042133
0.042133
0.042133
0.042133
0.042133
0.042133
0.042133
0.042133
0.042133
0.042133
0.0421328
0.0421287
0.0421103
0.0420748
0.0420349
0.0420038
0.0419862
0.0419801
0.0419813
0.0419979
0.0420469
0.0421037
0.0421449
0.0421679
0.0421779
0.04218
0.0421677
0.0421418
0.0421212
0.0421109
0.042108
0.0421105
0.0421164
0.0421207
0.0421168
0.0421047
0.0420932
0.0420882
0.0420882
0.0420893
0.0420872
0.0420805
0.0420717
0.0420632
0.0420527
0.0420371
0.0420178
0.0419971
0.0419772
0.0419608
0.041949
0.0419398
0.0419337
0.0419296
0.041925
0.041919
0.0419103
0.0418969
0.041878
0.0418533
0.0418235
0.0417887
0.041745
0.0416875
0.0416091
0.0414957
0.0413493
0.0411472
0.0408571
0.0404434
0.042133
0.042133
0.042133
0.042133
0.042133
0.042133
0.042133
0.042133
0.042133
0.042133
0.042133
0.042133
0.042133
0.042133
0.042133
0.042133
0.042133
0.042133
0.042133
0.042133
0.042133
0.042133
0.042133
0.042133
0.042133
0.042133
0.042133
0.042133
0.042133
0.042133
0.042133
0.042133
0.042133
0.042133
0.042133
0.042133
0.042133
0.042133
0.042133
0.042133
0.042133
0.042133
0.042133
0.042133
0.042133
0.042133
0.042133
0.042133
0.042133
0.042133
0.042133
0.042133
0.042133
0.042133
0.042133
0.042133
0.042133
0.042133
0.042133
0.042133
0.042133
0.0421328
0.0421289
0.0421109
0.0420753
0.0420345
0.0420024
0.041984
0.0419775
0.0419784
0.0419936
0.0420414
0.0420985
0.0421407
0.0421646
0.0421751
0.0421776
0.0421661
0.0421402
0.0421192
0.0421084
0.0421052
0.0421073
0.0421127
0.0421168
0.0421135
0.0421022
0.0420906
0.0420845
0.042083
0.0420827
0.0420799
0.0420738
0.0420662
0.0420585
0.042049
0.0420348
0.0420171
0.0419976
0.0419782
0.0419615
0.0419487
0.0419381
0.0419296
0.0419234
0.0419174
0.0419106
0.0419012
0.0418869
0.0418665
0.0418396
0.041807
0.0417692
0.0417228
0.0416625
0.0415807
0.0414648
0.0413166
0.0411145
0.0408301
0.0404307
0.042133
0.042133
0.042133
0.042133
0.042133
0.042133
0.042133
0.042133
0.042133
0.042133
0.042133
0.042133
0.042133
0.042133
0.042133
0.042133
0.042133
0.042133
0.042133
0.042133
0.042133
0.042133
0.042133
0.042133
0.042133
0.042133
0.042133
0.042133
0.042133
0.042133
0.042133
0.042133
0.042133
0.042133
0.042133
0.042133
0.042133
0.042133
0.042133
0.042133
0.042133
0.042133
0.042133
0.042133
0.042133
0.042133
0.042133
0.042133
0.042133
0.042133
0.042133
0.042133
0.042133
0.042133
0.042133
0.042133
0.042133
0.042133
0.042133
0.042133
0.042133
0.0421328
0.0421292
0.0421117
0.0420759
0.0420343
0.0420011
0.0419818
0.0419747
0.0419754
0.0419892
0.0420354
0.0420928
0.0421361
0.0421609
0.0421721
0.0421751
0.0421645
0.0421388
0.0421172
0.0421059
0.0421023
0.042104
0.0421089
0.0421128
0.04211
0.0420994
0.0420878
0.0420808
0.0420783
0.0420772
0.0420741
0.0420681
0.0420609
0.0420533
0.0420441
0.0420312
0.042015
0.0419966
0.0419776
0.0419605
0.0419467
0.0419345
0.0419243
0.0419168
0.0419099
0.0419024
0.0418923
0.0418769
0.041855
0.041826
0.0417904
0.0417495
0.0417005
0.0416377
0.0415526
0.0414346
0.0412849
0.0410838
0.0408062
0.0404232
0.042133
0.042133
0.042133
0.042133
0.042133
0.042133
0.042133
0.042133
0.042133
0.042133
0.042133
0.042133
0.042133
0.042133
0.042133
0.042133
0.042133
0.042133
0.042133
0.042133
0.042133
0.042133
0.042133
0.042133
0.042133
0.042133
0.042133
0.042133
0.042133
0.042133
0.042133
0.042133
0.042133
0.042133
0.042133
0.042133
0.042133
0.042133
0.042133
0.042133
0.042133
0.042133
0.042133
0.042133
0.042133
0.042133
0.042133
0.042133
0.042133
0.042133
0.042133
0.042133
0.042133
0.042133
0.042133
0.042133
0.042133
0.042133
0.042133
0.042133
0.042133
0.0421328
0.0421295
0.0421126
0.0420768
0.0420344
0.0419999
0.0419796
0.0419719
0.0419723
0.0419845
0.0420288
0.0420865
0.042131
0.0421569
0.0421689
0.0421724
0.0421629
0.0421373
0.0421151
0.0421033
0.0420993
0.0421006
0.042105
0.0421086
0.0421061
0.042096
0.0420841
0.0420763
0.0420729
0.0420713
0.042068
0.0420616
0.0420537
0.042046
0.0420374
0.0420256
0.0420104
0.0419928
0.0419741
0.0419567
0.0419422
0.0419293
0.0419185
0.0419103
0.0419027
0.0418942
0.0418829
0.0418661
0.0418426
0.0418115
0.0417733
0.0417298
0.0416783
0.041613
0.0415248
0.0414052
0.0412545
0.041055
0.040785
0.0404195
0.042133
0.042133
0.042133
0.042133
0.042133
0.042133
0.042133
0.042133
0.042133
0.042133
0.042133
0.042133
0.042133
0.042133
0.042133
0.042133
0.042133
0.042133
0.042133
0.042133
0.042133
0.042133
0.042133
0.042133
0.042133
0.042133
0.042133
0.042133
0.042133
0.042133
0.042133
0.042133
0.042133
0.042133
0.042133
0.042133
0.042133
0.042133
0.042133
0.042133
0.042133
0.042133
0.042133
0.042133
0.042133
0.042133
0.042133
0.042133
0.042133
0.042133
0.042133
0.042133
0.042133
0.042133
0.042133
0.042133
0.042133
0.042133
0.042133
0.042133
0.042133
0.0421329
0.0421298
0.0421136
0.042078
0.0420347
0.0419988
0.0419773
0.0419688
0.0419689
0.0419795
0.0420218
0.0420796
0.0421254
0.0421526
0.0421654
0.0421695
0.0421612
0.042136
0.0421131
0.0421006
0.0420963
0.0420971
0.0421009
0.0421041
0.0421017
0.0420921
0.0420804
0.0420724
0.0420688
0.0420673
0.0420642
0.0420577
0.0420489
0.0420395
0.0420297
0.042018
0.0420033
0.0419861
0.0419678
0.041951
0.0419369
0.0419244
0.0419135
0.0419047
0.041896
0.0418858
0.0418728
0.0418545
0.0418294
0.0417966
0.0417563
0.0417103
0.0416563
0.0415885
0.0414978
0.0413772
0.0412257
0.0410286
0.0407668
0.0404189
0.042133
0.042133
0.042133
0.042133
0.042133
0.042133
0.042133
0.042133
0.042133
0.042133
0.042133
0.042133
0.042133
0.042133
0.042133
0.042133
0.042133
0.042133
0.042133
0.042133
0.042133
0.042133
0.042133
0.042133
0.042133
0.042133
0.042133
0.042133
0.042133
0.042133
0.042133
0.042133
0.042133
0.042133
0.042133
0.042133
0.042133
0.042133
0.042133
0.042133
0.042133
0.042133
0.042133
0.042133
0.042133
0.042133
0.042133
0.042133
0.042133
0.042133
0.042133
0.042133
0.042133
0.042133
0.042133
0.042133
0.042133
0.042133
0.042133
0.042133
0.042133
0.0421329
0.0421302
0.0421148
0.0420796
0.0420354
0.041998
0.041975
0.0419657
0.0419653
0.0419744
0.0420141
0.0420719
0.0421192
0.0421478
0.0421616
0.0421663
0.0421595
0.0421348
0.0421112
0.0420979
0.0420931
0.0420936
0.0420968
0.0420994
0.0420969
0.0420875
0.0420757
0.0420673
0.0420635
0.042062
0.0420593
0.0420531
0.042044
0.0420336
0.0420226
0.0420105
0.0419962
0.0419796
0.0419624
0.0419466
0.0419331
0.0419207
0.0419092
0.041899
0.0418883
0.041876
0.0418612
0.0418417
0.0418157
0.0417817
0.0417397
0.0416912
0.0416345
0.0415641
0.0414717
0.0413508
0.0411988
0.0410043
0.0407515
0.0404214
0.042133
0.042133
0.042133
0.042133
0.042133
0.042133
0.042133
0.042133
0.042133
0.042133
0.042133
0.042133
0.042133
0.042133
0.042133
0.042133
0.042133
0.042133
0.042133
0.042133
0.042133
0.042133
0.042133
0.042133
0.042133
0.042133
0.042133
0.042133
0.042133
0.042133
0.042133
0.042133
0.042133
0.042133
0.042133
0.042133
0.042133
0.042133
0.042133
0.042133
0.042133
0.042133
0.042133
0.042133
0.042133
0.042133
0.042133
0.042133
0.042133
0.042133
0.042133
0.042133
0.042133
0.042133
0.042133
0.042133
0.042133
0.042133
0.042133
0.042133
0.042133
0.0421329
0.0421306
0.0421163
0.0420816
0.0420365
0.0419974
0.0419728
0.0419625
0.0419616
0.0419691
0.0420059
0.0420634
0.0421123
0.0421426
0.0421575
0.0421629
0.0421576
0.0421337
0.0421093
0.0420953
0.0420899
0.0420897
0.0420923
0.0420944
0.042092
0.0420833
0.0420721
0.0420637
0.0420596
0.0420577
0.0420551
0.0420494
0.0420403
0.0420294
0.0420177
0.0420053
0.0419913
0.0419756
0.0419594
0.0419442
0.0419305
0.0419173
0.0419044
0.0418919
0.0418788
0.0418644
0.0418483
0.0418284
0.041802
0.041767
0.0417234
0.0416725
0.0416129
0.0415402
0.0414467
0.041326
0.0411743
0.040983
0.0407398
0.0404276
0.042133
0.042133
0.042133
0.042133
0.042133
0.042133
0.042133
0.042133
0.042133
0.042133
0.042133
0.042133
0.042133
0.042133
0.042133
0.042133
0.042133
0.042133
0.042133
0.042133
0.042133
0.042133
0.042133
0.042133
0.042133
0.042133
0.042133
0.042133
0.042133
0.042133
0.042133
0.042133
0.042133
0.042133
0.042133
0.042133
0.042133
0.042133
0.042133
0.042133
0.042133
0.042133
0.042133
0.042133
0.042133
0.042133
0.042133
0.042133
0.042133
0.042133
0.042133
0.042133
0.042133
0.042133
0.042133
0.042133
0.042133
0.042133
0.042133
0.042133
0.042133
0.042133
0.042131
0.0421178
0.042084
0.0420381
0.0419971
0.0419708
0.0419591
0.0419576
0.0419637
0.041997
0.042054
0.0421046
0.0421368
0.042153
0.0421592
0.0421556
0.0421328
0.0421076
0.0420926
0.0420865
0.0420857
0.0420875
0.0420889
0.0420865
0.0420785
0.042068
0.0420594
0.0420542
0.042051
0.0420477
0.0420427
0.042035
0.042025
0.0420136
0.0420012
0.0419876
0.0419726
0.0419569
0.0419416
0.0419268
0.0419119
0.041897
0.0418825
0.0418676
0.0418518
0.0418349
0.0418149
0.0417882
0.0417525
0.0417075
0.0416541
0.041592
0.0415172
0.0414231
0.0413032
0.0411528
0.0409651
0.0407318
0.0404382
0.042133
0.042133
0.042133
0.042133
0.042133
0.042133
0.042133
0.042133
0.042133
0.042133
0.042133
0.042133
0.042133
0.042133
0.042133
0.042133
0.042133
0.042133
0.042133
0.042133
0.042133
0.042133
0.042133
0.042133
0.042133
0.042133
0.042133
0.042133
0.042133
0.042133
0.042133
0.042133
0.042133
0.042133
0.042133
0.042133
0.042133
0.042133
0.042133
0.042133
0.042133
0.042133
0.042133
0.042133
0.042133
0.042133
0.042133
0.042133
0.042133
0.042133
0.042133
0.042133
0.042133
0.042133
0.042133
0.042133
0.042133
0.042133
0.042133
0.042133
0.042133
0.042133
0.0421314
0.0421196
0.0420868
0.0420403
0.0419974
0.0419688
0.0419557
0.0419533
0.0419582
0.0419877
0.0420436
0.042096
0.0421303
0.042148
0.0421552
0.0421533
0.0421321
0.0421062
0.04209
0.0420829
0.0420814
0.0420825
0.0420836
0.0420816
0.0420746
0.0420651
0.0420565
0.0420501
0.0420454
0.042041
0.0420355
0.0420281
0.0420188
0.042008
0.0419959
0.0419825
0.0419677
0.041952
0.041936
0.0419201
0.0419039
0.0418879
0.0418723
0.0418563
0.0418393
0.0418214
0.0418007
0.0417735
0.0417372
0.0416912
0.0416361
0.0415718
0.041495
0.0414004
0.0412818
0.0411339
0.0409512
0.0407281
0.0404535
0.042133
0.042133
0.042133
0.042133
0.042133
0.042133
0.042133
0.042133
0.042133
0.042133
0.042133
0.042133
0.042133
0.042133
0.042133
0.042133
0.042133
0.042133
0.042133
0.042133
0.042133
0.042133
0.042133
0.042133
0.042133
0.042133
0.042133
0.042133
0.042133
0.042133
0.042133
0.042133
0.042133
0.042133
0.042133
0.042133
0.042133
0.042133
0.042133
0.042133
0.042133
0.042133
0.042133
0.042133
0.042133
0.042133
0.042133
0.042133
0.042133
0.042133
0.042133
0.042133
0.042133
0.042133
0.042133
0.042133
0.042133
0.042133
0.042133
0.042133
0.042133
0.042133
0.0421318
0.0421215
0.0420902
0.0420432
0.0419982
0.0419672
0.0419522
0.0419489
0.0419526
0.0419779
0.0420321
0.0420862
0.0421229
0.0421425
0.0421507
0.0421507
0.0421315
0.0421049
0.0420873
0.0420791
0.0420767
0.0420772
0.0420779
0.042076
0.0420699
0.042061
0.042052
0.0420443
0.0420381
0.0420325
0.0420265
0.0420194
0.0420108
0.0420005
0.0419886
0.0419752
0.0419604
0.0419446
0.0419284
0.0419121
0.0418956
0.0418792
0.0418629
0.0418459
0.0418273
0.0418076
0.0417856
0.0417577
0.0417213
0.0416752
0.0416191
0.0415528
0.0414743
0.0413793
0.0412622
0.0411176
0.040941
0.0407292
0.0404732
0.042133
0.042133
0.042133
0.042133
0.042133
0.042133
0.042133
0.042133
0.042133
0.042133
0.042133
0.042133
0.042133
0.042133
0.042133
0.042133
0.042133
0.042133
0.042133
0.042133
0.042133
0.042133
0.042133
0.042133
0.042133
0.042133
0.042133
0.042133
0.042133
0.042133
0.042133
0.042133
0.042133
0.042133
0.042133
0.042133
0.042133
0.042133
0.042133
0.042133
0.042133
0.042133
0.042133
0.042133
0.042133
0.042133
0.042133
0.042133
0.042133
0.042133
0.042133
0.042133
0.042133
0.042133
0.042133
0.042133
0.042133
0.042133
0.042133
0.042133
0.042133
0.042133
0.0421321
0.0421234
0.0420942
0.0420471
0.0419998
0.0419659
0.0419487
0.0419441
0.041947
0.0419677
0.0420194
0.0420752
0.0421146
0.0421363
0.0421459
0.0421476
0.0421311
0.0421042
0.042085
0.0420755
0.0420723
0.0420723
0.0420728
0.042071
0.0420653
0.0420568
0.0420477
0.0420395
0.0420326
0.0420264
0.0420199
0.0420123
0.0420032
0.0419925
0.0419805
0.041967
0.0419524
0.0419369
0.0419212
0.041905
0.0418882
0.0418711
0.0418538
0.0418353
0.0418146
0.0417925
0.0417687
0.0417404
0.0417043
0.0416586
0.0416021
0.0415343
0.0414541
0.0413589
0.0412437
0.0411034
0.0409342
0.0407345
0.0404969
0.042133
0.042133
0.042133
0.042133
0.042133
0.042133
0.042133
0.042133
0.042133
0.042133
0.042133
0.042133
0.042133
0.042133
0.042133
0.042133
0.042133
0.042133
0.042133
0.042133
0.042133
0.042133
0.042133
0.042133
0.042133
0.042133
0.042133
0.042133
0.042133
0.042133
0.042133
0.042133
0.042133
0.042133
0.042133
0.042133
0.042133
0.042133
0.042133
0.042133
0.042133
0.042133
0.042133
0.042133
0.042133
0.042133
0.042133
0.042133
0.042133
0.042133
0.042133
0.042133
0.042133
0.042133
0.042133
0.042133
0.042133
0.042133
0.042133
0.042133
0.042133
0.042133
0.0421324
0.0421254
0.0420986
0.0420519
0.0420023
0.0419653
0.0419454
0.0419392
0.0419412
0.0419573
0.0420054
0.0420626
0.0421052
0.0421294
0.0421406
0.0421439
0.0421305
0.0421035
0.0420825
0.0420716
0.0420675
0.0420669
0.042067
0.042065
0.0420592
0.0420504
0.0420409
0.0420324
0.0420255
0.0420196
0.0420134
0.0420058
0.0419963
0.0419853
0.041973
0.0419596
0.0419452
0.0419301
0.0419145
0.0418981
0.0418806
0.0418625
0.041844
0.0418239
0.0418012
0.0417769
0.0417514
0.0417227
0.0416871
0.041642
0.0415855
0.0415167
0.0414355
0.0413404
0.0412273
0.0410915
0.0409304
0.0407436
0.0405239
0.042133
0.042133
0.042133
0.042133
0.042133
0.042133
0.042133
0.042133
0.042133
0.042133
0.042133
0.042133
0.042133
0.042133
0.042133
0.042133
0.042133
0.042133
0.042133
0.042133
0.042133
0.042133
0.042133
0.042133
0.042133
0.042133
0.042133
0.042133
0.042133
0.042133
0.042133
0.042133
0.042133
0.042133
0.042133
0.042133
0.042133
0.042133
0.042133
0.042133
0.042133
0.042133
0.042133
0.042133
0.042133
0.042133
0.042133
0.042133
0.042133
0.042133
0.042133
0.042133
0.042133
0.042133
0.042133
0.042133
0.042133
0.042133
0.042133
0.042133
0.042133
0.042133
0.0421326
0.0421272
0.0421035
0.0420578
0.0420061
0.0419654
0.0419423
0.0419341
0.0419352
0.041947
0.0419903
0.0420483
0.0420942
0.0421215
0.0421346
0.0421394
0.0421301
0.0421039
0.042081
0.0420684
0.0420633
0.042062
0.0420615
0.042059
0.0420531
0.0420446
0.0420354
0.0420273
0.0420204
0.0420143
0.0420076
0.0419995
0.0419896
0.0419783
0.0419658
0.0419523
0.041938
0.0419229
0.0419071
0.0418901
0.0418717
0.0418525
0.0418329
0.0418117
0.0417874
0.0417609
0.0417334
0.0417037
0.0416683
0.0416241
0.0415685
0.0415
0.0414185
0.0413238
0.0412132
0.0410826
0.0409304
0.0407566
0.0405555
0.042133
0.042133
0.042133
0.042133
0.042133
0.042133
0.042133
0.042133
0.042133
0.042133
0.042133
0.042133
0.042133
0.042133
0.042133
0.042133
0.042133
0.042133
0.042133
0.042133
0.042133
0.042133
0.042133
0.042133
0.042133
0.042133
0.042133
0.042133
0.042133
0.042133
0.042133
0.042133
0.042133
0.042133
0.042133
0.042133
0.042133
0.042133
0.042133
0.042133
0.042133
0.042133
0.042133
0.042133
0.042133
0.042133
0.042133
0.042133
0.042133
0.042133
0.042133
0.042133
0.042133
0.042133
0.042133
0.042133
0.042133
0.042133
0.042133
0.042133
0.042133
0.042133
0.0421328
0.042129
0.0421088
0.0420649
0.0420114
0.0419667
0.0419397
0.041929
0.0419288
0.041937
0.0419741
0.042032
0.0420815
0.0421124
0.0421279
0.0421341
0.0421288
0.0421042
0.0420796
0.0420651
0.0420585
0.0420562
0.0420548
0.0420517
0.0420455
0.0420372
0.0420287
0.042021
0.0420143
0.0420077
0.0420005
0.0419919
0.0419819
0.0419706
0.0419582
0.0419447
0.0419303
0.0419152
0.0418991
0.0418815
0.0418622
0.0418421
0.0418216
0.0417996
0.0417741
0.0417456
0.0417158
0.0416842
0.0416482
0.0416049
0.0415511
0.0414844
0.0414041
0.0413107
0.0412032
0.0410787
0.0409355
0.0407752
0.0405939
0.042133
0.042133
0.042133
0.042133
0.042133
0.042133
0.042133
0.042133
0.042133
0.042133
0.042133
0.042133
0.042133
0.042133
0.042133
0.042133
0.042133
0.042133
0.042133
0.042133
0.042133
0.042133
0.042133
0.042133
0.042133
0.042133
0.042133
0.042133
0.042133
0.042133
0.042133
0.042133
0.042133
0.042133
0.042133
0.042133
0.042133
0.042133
0.042133
0.042133
0.042133
0.042133
0.042133
0.042133
0.042133
0.042133
0.042133
0.042133
0.042133
0.042133
0.042133
0.042133
0.042133
0.042133
0.042133
0.042133
0.042133
0.042133
0.042133
0.042133
0.042133
0.042133
0.0421329
0.0421304
0.0421142
0.0420733
0.0420184
0.0419696
0.0419379
0.041924
0.0419221
0.0419274
0.0419571
0.0420135
0.0420666
0.0421017
0.0421201
0.042128
0.0421269
0.0421055
0.0420794
0.0420626
0.0420543
0.0420506
0.0420485
0.0420454
0.04204
0.0420327
0.0420247
0.0420168
0.0420091
0.0420014
0.0419931
0.041984
0.0419738
0.0419624
0.0419499
0.0419363
0.0419219
0.0419069
0.0418907
0.0418727
0.0418527
0.0418315
0.04181
0.0417873
0.0417608
0.0417305
0.0416982
0.0416642
0.0416267
0.0415834
0.0415317
0.0414681
0.0413909
0.0413006
0.0411972
0.0410791
0.0409453
0.0407989
0.0406351
0.042133
0.042133
0.042133
0.042133
0.042133
0.042133
0.042133
0.042133
0.042133
0.042133
0.042133
0.042133
0.042133
0.042133
0.042133
0.042133
0.042133
0.042133
0.042133
0.042133
0.042133
0.042133
0.042133
0.042133
0.042133
0.042133
0.042133
0.042133
0.042133
0.042133
0.042133
0.042133
0.042133
0.042133
0.042133
0.042133
0.042133
0.042133
0.042133
0.042133
0.042133
0.042133
0.042133
0.042133
0.042133
0.042133
0.042133
0.042133
0.042133
0.042133
0.042133
0.042133
0.042133
0.042133
0.042133
0.042133
0.042133
0.042133
0.042133
0.042133
0.042133
0.042133
0.042133
0.0421315
0.0421194
0.0420828
0.0420276
0.0419744
0.0419373
0.0419192
0.041915
0.0419184
0.04194
0.0419926
0.042049
0.0420889
0.042111
0.042121
0.0421234
0.0421068
0.0420799
0.04206
0.0420492
0.0420439
0.0420409
0.0420378
0.0420331
0.0420267
0.0420193
0.0420112
0.0420026
0.0419939
0.041985
0.0419756
0.0419653
0.0419539
0.0419413
0.0419277
0.0419134
0.0418985
0.0418824
0.0418641
0.0418434
0.0418212
0.0417985
0.041775
0.0417478
0.0417161
0.0416817
0.0416451
0.0416053
0.0415608
0.0415098
0.0414492
0.0413764
0.0412905
0.0411919
0.0410803
0.0409557
0.0408204
0.040668
0.042133
0.042133
0.042133
0.042133
0.042133
0.042133
0.042133
0.042133
0.042133
0.042133
0.042133
0.042133
0.042133
0.042133
0.042133
0.042133
0.042133
0.042133
0.042133
0.042133
0.042133
0.042133
0.042133
0.042133
0.042133
0.042133
0.042133
0.042133
0.042133
0.042133
0.042133
0.042133
0.042133
0.042133
0.042133
0.042133
0.042133
0.042133
0.042133
0.042133
0.042133
0.042133
0.042133
0.042133
0.042133
0.042133
0.042133
0.042133
0.042133
0.042133
0.042133
0.042133
0.042133
0.042133
0.042133
0.042133
0.042133
0.042133
0.042133
0.042133
0.042133
0.042133
0.042133
0.0421323
0.042124
0.0420932
0.0420393
0.0419819
0.0419386
0.0419151
0.0419077
0.0419096
0.0419235
0.0419696
0.0420282
0.0420736
0.0421003
0.0421131
0.0421181
0.0421077
0.0420814
0.0420586
0.0420455
0.0420391
0.0420359
0.0420331
0.0420286
0.0420217
0.042013
0.0420037
0.0419946
0.0419859
0.0419772
0.0419678
0.0419573
0.0419455
0.0419324
0.0419185
0.0419041
0.0418893
0.0418734
0.0418553
0.0418341
0.0418108
0.0417869
0.0417625
0.0417348
0.0417023
0.0416663
0.0416277
0.0415854
0.0415384
0.0414863
0.0414269
0.0413575
0.0412763
0.0411827
0.041077
0.0409594
0.0408317
0.0406872
0.042133
0.042133
0.042133
0.042133
0.042133
0.042133
0.042133
0.042133
0.042133
0.042133
0.042133
0.042133
0.042133
0.042133
0.042133
0.042133
0.042133
0.042133
0.042133
0.042133
0.042133
0.042133
0.042133
0.042133
0.042133
0.042133
0.042133
0.042133
0.042133
0.042133
0.042133
0.042133
0.042133
0.042133
0.042133
0.042133
0.042133
0.042133
0.042133
0.042133
0.042133
0.042133
0.042133
0.042133
0.042133
0.042133
0.042133
0.042133
0.042133
0.042133
0.042133
0.042133
0.042133
0.042133
0.042133
0.042133
0.042133
0.042133
0.042133
0.042133
0.042133
0.042133
0.042133
0.0421327
0.0421278
0.0421038
0.0420533
0.0419928
0.0419426
0.0419124
0.0419006
0.0419005
0.0419084
0.041945
0.0420037
0.0420548
0.0420872
0.0421037
0.0421108
0.0421074
0.0420841
0.0420582
0.0420416
0.0420332
0.0420293
0.0420265
0.042022
0.0420146
0.0420048
0.0419948
0.0419859
0.0419776
0.0419692
0.0419599
0.0419493
0.0419371
0.0419234
0.041909
0.0418945
0.0418798
0.0418641
0.0418462
0.0418248
0.0418006
0.0417756
0.0417503
0.0417224
0.0416894
0.0416524
0.0416125
0.0415684
0.0415191
0.0414646
0.0414043
0.0413362
0.0412582
0.041169
0.0410687
0.0409579
0.040836
0.0407002
0.042133
0.042133
0.042133
0.042133
0.042133
0.042133
0.042133
0.042133
0.042133
0.042133
0.042133
0.042133
0.042133
0.042133
0.042133
0.042133
0.042133
0.042133
0.042133
0.042133
0.042133
0.042133
0.042133
0.042133
0.042133
0.042133
0.042133
0.042133
0.042133
0.042133
0.042133
0.042133
0.042133
0.042133
0.042133
0.042133
0.042133
0.042133
0.042133
0.042133
0.042133
0.042133
0.042133
0.042133
0.042133
0.042133
0.042133
0.042133
0.042133
0.042133
0.042133
0.042133
0.042133
0.042133
0.042133
0.042133
0.042133
0.042133
0.042133
0.042133
0.042133
0.042133
0.042133
0.0421329
0.0421305
0.0421138
0.0420696
0.0420076
0.0419504
0.0419119
0.041894
0.0418907
0.0418951
0.0419201
0.0419752
0.0420317
0.042071
0.0420924
0.042102
0.0421042
0.0420866
0.04206
0.0420405
0.0420301
0.0420247
0.0420202
0.0420143
0.0420062
0.0419965
0.041987
0.0419783
0.04197
0.0419614
0.0419521
0.0419413
0.0419286
0.0419143
0.0418993
0.0418842
0.0418692
0.0418537
0.0418362
0.0418151
0.0417905
0.0417645
0.0417383
0.0417102
0.0416773
0.0416399
0.0415993
0.0415546
0.0415042
0.041448
0.0413863
0.0413181
0.0412419
0.0411564
0.0410618
0.0409566
0.0408413
0.0407173
0.042133
0.042133
0.042133
0.042133
0.042133
0.042133
0.042133
0.042133
0.042133
0.042133
0.042133
0.042133
0.042133
0.042133
0.042133
0.042133
0.042133
0.042133
0.042133
0.042133
0.042133
0.042133
0.042133
0.042133
0.042133
0.042133
0.042133
0.042133
0.042133
0.042133
0.042133
0.042133
0.042133
0.042133
0.042133
0.042133
0.042133
0.042133
0.042133
0.042133
0.042133
0.042133
0.042133
0.042133
0.042133
0.042133
0.042133
0.042133
0.042133
0.042133
0.042133
0.042133
0.042133
0.042133
0.042133
0.042133
0.042133
0.042133
0.042133
0.042133
0.042133
0.042133
0.042133
0.042133
0.0421321
0.0421223
0.0420871
0.0420269
0.0419633
0.0419152
0.041889
0.0418809
0.0418829
0.0418967
0.0419432
0.0420032
0.0420502
0.0420781
0.0420915
0.0420973
0.0420888
0.042064
0.0420405
0.042026
0.0420175
0.0420113
0.042005
0.0419976
0.0419895
0.041981
0.0419719
0.0419625
0.0419532
0.0419435
0.0419326
0.0419199
0.0419053
0.0418897
0.0418739
0.0418584
0.0418428
0.0418256
0.041805
0.0417805
0.0417538
0.0417269
0.0416986
0.041666
0.0416285
0.0415878
0.0415434
0.0414935
0.0414375
0.0413756
0.0413077
0.041233
0.0411509
0.0410606
0.0409606
0.0408548
0.0407462
0.042133
0.042133
0.042133
0.042133
0.042133
0.042133
0.042133
0.042133
0.042133
0.042133
0.042133
0.042133
0.042133
0.042133
0.042133
0.042133
0.042133
0.042133
0.042133
0.042133
0.042133
0.042133
0.042133
0.042133
0.042133
0.042133
0.042133
0.042133
0.042133
0.042133
0.042133
0.042133
0.042133
0.042133
0.042133
0.042133
0.042133
0.042133
0.042133
0.042133
0.042133
0.042133
0.042133
0.042133
0.042133
0.042133
0.042133
0.042133
0.042133
0.042133
0.042133
0.042133
0.042133
0.042133
0.042133
0.042133
0.042133
0.042133
0.042133
0.042133
0.042133
0.042133
0.042133
0.042133
0.0421328
0.0421282
0.0421041
0.0420503
0.0419827
0.0419243
0.0418873
0.0418717
0.0418705
0.0418768
0.0419095
0.0419685
0.0420236
0.04206
0.042079
0.0420873
0.0420876
0.0420682
0.0420426
0.0420237
0.0420124
0.0420053
0.0419997
0.0419933
0.0419851
0.0419752
0.0419647
0.0419547
0.041945
0.0419352
0.0419245
0.041912
0.0418974
0.0418811
0.0418642
0.0418476
0.0418316
0.0418147
0.0417948
0.0417707
0.0417437
0.0417161
0.0416875
0.0416553
0.0416182
0.0415775
0.0415338
0.0414852
0.0414308
0.0413705
0.0413042
0.0412314
0.0411523
0.0410657
0.0409732
0.0408806
0.0407897
0.042133
0.042133
0.042133
0.042133
0.042133
0.042133
0.042133
0.042133
0.042133
0.042133
0.042133
0.042133
0.042133
0.042133
0.042133
0.042133
0.042133
0.042133
0.042133
0.042133
0.042133
0.042133
0.042133
0.042133
0.042133
0.042133
0.042133
0.042133
0.042133
0.042133
0.042133
0.042133
0.042133
0.042133
0.042133
0.042133
0.042133
0.042133
0.042133
0.042133
0.042133
0.042133
0.042133
0.042133
0.042133
0.042133
0.042133
0.042133
0.042133
0.042133
0.042133
0.042133
0.042133
0.042133
0.042133
0.042133
0.042133
0.042133
0.042133
0.042133
0.042133
0.042133
0.042133
0.042133
0.042133
0.0421315
0.0421182
0.0420762
0.0420094
0.0419415
0.0418914
0.0418649
0.0418575
0.0418603
0.0418774
0.041928
0.0419889
0.0420353
0.0420624
0.0420752
0.042081
0.0420713
0.0420464
0.0420216
0.0420058
0.0419985
0.0419948
0.04199
0.0419812
0.0419688
0.0419556
0.0419437
0.0419337
0.0419247
0.0419155
0.0419043
0.0418903
0.0418737
0.0418558
0.0418379
0.0418207
0.0418035
0.0417841
0.0417608
0.0417338
0.0417053
0.0416763
0.0416447
0.0416083
0.0415681
0.0415252
0.0414782
0.0414255
0.0413671
0.0413032
0.0412338
0.0411583
0.0410779
0.0409955
0.0409184
0.0408452
0.042133
0.042133
0.042133
0.042133
0.042133
0.042133
0.042133
0.042133
0.042133
0.042133
0.042133
0.042133
0.042133
0.042133
0.042133
0.042133
0.042133
0.042133
0.042133
0.042133
0.042133
0.042133
0.042133
0.042133
0.042133
0.042133
0.042133
0.042133
0.042133
0.042133
0.042133
0.042133
0.042133
0.042133
0.042133
0.042133
0.042133
0.042133
0.042133
0.042133
0.042133
0.042133
0.042133
0.042133
0.042133
0.042133
0.042133
0.042133
0.042133
0.042133
0.042133
0.042133
0.042133
0.042133
0.042133
0.042133
0.042133
0.042133
0.042133
0.042133
0.042133
0.042133
0.042133
0.042133
0.042133
0.0421327
0.0421275
0.0421008
0.0420425
0.0419691
0.041905
0.0418638
0.0418458
0.0418443
0.0418508
0.0418846
0.0419451
0.0420021
0.04204
0.0420599
0.0420686
0.0420692
0.0420509
0.0420261
0.0420076
0.0419975
0.0419908
0.0419838
0.0419748
0.0419633
0.0419497
0.0419357
0.0419232
0.0419128
0.0419034
0.0418931
0.0418804
0.0418647
0.0418465
0.0418273
0.0418086
0.0417907
0.0417718
0.0417495
0.0417232
0.0416945
0.041665
0.041634
0.0415989
0.0415596
0.0415172
0.0414711
0.0414199
0.0413637
0.0413034
0.0412381
0.0411682
0.0410965
0.0410281
0.040966
0.0409005
0.042133
0.042133
0.042133
0.042133
0.042133
0.042133
0.042133
0.042133
0.042133
0.042133
0.042133
0.042133
0.042133
0.042133
0.042133
0.042133
0.042133
0.042133
0.042133
0.042133
0.042133
0.042133
0.042133
0.042133
0.042133
0.042133
0.042133
0.042133
0.042133
0.042133
0.042133
0.042133
0.042133
0.042133
0.042133
0.042133
0.042133
0.042133
0.042133
0.042133
0.042133
0.042133
0.042133
0.042133
0.042133
0.042133
0.042133
0.042133
0.042133
0.042133
0.042133
0.042133
0.042133
0.042133
0.042133
0.042133
0.042133
0.042133
0.042133
0.042133
0.042133
0.042133
0.042133
0.042133
0.042133
0.042133
0.0421317
0.0421196
0.0420781
0.0420078
0.0419322
0.0418732
0.0418391
0.0418278
0.0418296
0.0418444
0.0418933
0.0419567
0.0420073
0.0420376
0.0420522
0.0420593
0.0420536
0.0420341
0.0420115
0.0419921
0.0419785
0.0419707
0.0419652
0.0419577
0.0419462
0.0419316
0.0419164
0.0419026
0.0418909
0.0418803
0.041869
0.0418551
0.0418379
0.0418181
0.0417978
0.0417786
0.0417594
0.0417382
0.0417131
0.0416846
0.0416546
0.0416238
0.0415899
0.0415514
0.0415094
0.0414639
0.0414147
0.041362
0.0413051
0.0412448
0.0411833
0.0411231
0.0410671
0.0410095
0.0409308
0.042133
0.042133
0.042133
0.042133
0.042133
0.042133
0.042133
0.042133
0.042133
0.042133
0.042133
0.042133
0.042133
0.042133
0.042133
0.042133
0.042133
0.042133
0.042133
0.042133
0.042133
0.042133
0.042133
0.042133
0.042133
0.042133
0.042133
0.042133
0.042133
0.042133
0.042133
0.042133
0.042133
0.042133
0.042133
0.042133
0.042133
0.042133
0.042133
0.042133
0.042133
0.042133
0.042133
0.042133
0.042133
0.042133
0.042133
0.042133
0.042133
0.042133
0.042133
0.042133
0.042133
0.042133
0.042133
0.042133
0.042133
0.042133
0.042133
0.042133
0.042133
0.042133
0.042133
0.042133
0.042133
0.042133
0.0421329
0.0421295
0.0421084
0.0420537
0.0419757
0.0419
0.0418452
0.0418153
0.0418084
0.0418127
0.0418393
0.0418982
0.0419604
0.0420052
0.042031
0.0420435
0.0420496
0.0420397
0.0420182
0.0419934
0.0419742
0.0419614
0.0419534
0.0419473
0.0419396
0.0419278
0.0419128
0.0418971
0.0418826
0.0418697
0.0418576
0.0418446
0.041829
0.0418101
0.0417893
0.0417686
0.0417484
0.0417275
0.0417035
0.0416756
0.0416452
0.0416138
0.0415804
0.041543
0.0415019
0.0414585
0.0414124
0.041363
0.0413106
0.0412571
0.0412051
0.0411557
0.0410996
0.0410282
0.0409299
0.042133
0.042133
0.042133
0.042133
0.042133
0.042133
0.042133
0.042133
0.042133
0.042133
0.042133
0.042133
0.042133
0.042133
0.042133
0.042133
0.042133
0.042133
0.042133
0.042133
0.042133
0.042133
0.042133
0.042133
0.042133
0.042133
0.042133
0.042133
0.042133
0.042133
0.042133
0.042133
0.042133
0.042133
0.042133
0.042133
0.042133
0.042133
0.042133
0.042133
0.042133
0.042133
0.042133
0.042133
0.042133
0.042133
0.042133
0.042133
0.042133
0.042133
0.042133
0.042133
0.042133
0.042133
0.042133
0.042133
0.042133
0.042133
0.042133
0.042133
0.042133
0.042133
0.042133
0.042133
0.042133
0.042133
0.042133
0.0421326
0.0421262
0.0420962
0.0420315
0.0419484
0.0418725
0.0418198
0.0417909
0.0417853
0.0417926
0.0418304
0.0418947
0.0419557
0.0419978
0.0420201
0.0420289
0.0420292
0.0420148
0.0419961
0.0419775
0.0419616
0.041949
0.0419385
0.0419288
0.0419179
0.0419047
0.0418897
0.0418743
0.0418595
0.0418457
0.0418322
0.0418176
0.0418002
0.0417798
0.0417582
0.0417367
0.0417151
0.0416919
0.0416652
0.0416351
0.0416036
0.0415711
0.0415361
0.0414977
0.0414571
0.0414139
0.0413684
0.0413229
0.0412783
0.0412305
0.0411764
0.0411099
0.0410144
0.0408931
0.042133
0.042133
0.042133
0.042133
0.042133
0.042133
0.042133
0.042133
0.042133
0.042133
0.042133
0.042133
0.042133
0.042133
0.042133
0.042133
0.042133
0.042133
0.042133
0.042133
0.042133
0.042133
0.042133
0.042133
0.042133
0.042133
0.042133
0.042133
0.042133
0.042133
0.042133
0.042133
0.042133
0.042133
0.042133
0.042133
0.042133
0.042133
0.042133
0.042133
0.042133
0.042133
0.042133
0.042133
0.042133
0.042133
0.042133
0.042133
0.042133
0.042133
0.042133
0.042133
0.042133
0.042133
0.042133
0.042133
0.042133
0.042133
0.042133
0.042133
0.042133
0.042133
0.042133
0.042133
0.042133
0.042133
0.042133
0.042133
0.0421321
0.0421227
0.0420859
0.0420146
0.0419276
0.0418501
0.041797
0.0417666
0.0417579
0.0417681
0.0418107
0.0418776
0.0419379
0.0419768
0.0419969
0.0420071
0.0420097
0.0420011
0.0419862
0.0419695
0.0419539
0.0419392
0.0419252
0.0419116
0.0418978
0.0418829
0.0418671
0.0418509
0.041835
0.0418197
0.0418044
0.0417878
0.0417687
0.0417473
0.0417249
0.0417024
0.0416796
0.0416546
0.0416264
0.0415963
0.0415655
0.041533
0.0414979
0.0414608
0.0414225
0.0413825
0.0413401
0.0412951
0.0412434
0.0411743
0.0410818
0.0409648
0.040842
0.0421332
0.0421332
0.0421332
0.0421332
0.0421332
0.0421332
0.0421332
0.0421332
0.0421332
0.0421332
0.0421332
0.0421332
0.0421332
0.0421332
0.0421332
0.0421332
0.0421332
0.0421332
0.0421332
0.0421332
0.0421332
0.0421332
0.0421332
0.0421332
0.0421332
0.0421332
0.0421332
0.0421332
0.0421332
0.0421332
0.0421332
0.0421332
0.0421332
0.0421332
0.0421332
0.0421332
0.0421332
0.0421332
0.0421332
0.0421332
0.0421332
0.0421332
0.0421332
0.0421332
0.0421332
0.0421332
0.0421332
0.0421332
0.0421332
0.0421332
0.0421332
0.0421332
0.0421332
0.0421332
0.0421332
0.0421332
0.0421332
0.0421332
0.0421332
0.0421332
0.0421332
0.0421332
0.0421332
0.0421332
0.0421332
0.0421332
0.0421332
0.0421332
0.0421332
0.0421323
0.0421216
0.0420819
0.0420076
0.0419179
0.0418377
0.0417809
0.0417477
0.0417328
0.0417395
0.0417808
0.0418465
0.0419084
0.0419587
0.0419875
0.0419984
0.0419996
0.0419912
0.041978
0.0419617
0.0419447
0.0419287
0.041914
0.0418997
0.0418847
0.0418686
0.0418513
0.0418334
0.0418156
0.0417983
0.0417807
0.0417616
0.0417406
0.041718
0.041695
0.0416719
0.0416481
0.0416223
0.0415945
0.0415655
0.0415352
0.0415026
0.041468
0.0414323
0.0413947
0.0413499
0.0412921
0.0412182
0.0411275
0.041019
0.0409101
0.0408199
0.0421412
0.0421423
0.0421427
0.0421429
0.042143
0.0421431
0.0421431
0.0421431
0.0421431
0.0421431
0.0421431
0.0421431
0.0421431
0.0421431
0.0421431
0.0421431
0.0421431
0.0421431
0.0421431
0.0421431
0.0421431
0.0421431
0.0421431
0.0421431
0.0421431
0.0421431
0.0421431
0.0421431
0.0421431
0.0421431
0.0421431
0.0421431
0.0421431
0.0421431
0.0421431
0.0421431
0.0421431
0.0421431
0.0421431
0.0421431
0.0421431
0.0421431
0.0421431
0.0421431
0.0421431
0.0421431
0.0421431
0.0421431
0.0421431
0.0421431
0.0421431
0.0421431
0.0421431
0.0421431
0.0421431
0.0421431
0.0421431
0.0421431
0.0421431
0.0421431
0.0421431
0.0421431
0.0421431
0.0421431
0.0421431
0.0421431
0.0421431
0.0421431
0.0421431
0.042143
0.0421417
0.0421327
0.0420984
0.0420302
0.0419415
0.0418562
0.0417926
0.0417545
0.0417347
0.0417302
0.0417538
0.0418241
0.0418971
0.0419479
0.0419794
0.0419959
0.0420022
0.0419973
0.0419817
0.0419656
0.0419508
0.0419372
0.0419234
0.0419081
0.0418909
0.0418724
0.041853
0.0418331
0.0418128
0.0417925
0.0417719
0.0417505
0.0417274
0.0417025
0.0416767
0.0416504
0.0416236
0.0415961
0.0415681
0.0415392
0.0415079
0.0414719
0.0414288
0.0413767
0.0413162
0.0412423
0.0411528
0.0410612
0.0409728
0.0408957
0.04087
0.0422248
0.0422309
0.0422337
0.0422353
0.042236
0.0422363
0.0422365
0.0422366
0.0422366
0.0422366
0.0422366
0.0422366
0.0422366
0.0422366
0.0422366
0.0422366
0.0422366
0.0422366
0.0422366
0.0422366
0.0422366
0.0422366
0.0422366
0.0422366
0.0422366
0.0422366
0.0422366
0.0422366
0.0422366
0.0422366
0.0422366
0.0422366
0.0422366
0.0422366
0.0422366
0.0422366
0.0422366
0.0422366
0.0422366
0.0422366
0.0422366
0.0422366
0.0422366
0.0422366
0.0422366
0.0422366
0.0422366
0.0422366
0.0422366
0.0422366
0.0422366
0.0422366
0.0422366
0.0422366
0.0422366
0.0422366
0.0422366
0.0422366
0.0422366
0.0422366
0.0422366
0.0422366
0.0422366
0.0422366
0.0422367
0.0422367
0.0422367
0.0422366
0.0422366
0.0422365
0.0422362
0.042234
0.0422237
0.0421942
0.0421351
0.0420552
0.0419731
0.0419044
0.0418567
0.0418325
0.0418265
0.0418309
0.0418516
0.0419111
0.0419805
0.0420297
0.0420541
0.0420627
0.0420636
0.0420589
0.0420504
0.0420381
0.0420211
0.0420005
0.0419773
0.041952
0.041925
0.041897
0.0418683
0.041839
0.0418093
0.0417792
0.0417482
0.0417167
0.041686
0.041656
0.0416252
0.0415922
0.0415575
0.0415207
0.0414803
0.0414343
0.0413803
0.0413159
0.041243
0.0411707
0.0410976
0.0410258
0.0409799
0.0409775
0.0410435
0.0425319
0.0425451
0.0425517
0.042556
0.0425578
0.0425588
0.0425592
0.0425595
0.0425595
0.0425596
0.0425596
0.0425596
0.0425596
0.0425596
0.0425596
0.0425596
0.0425596
0.0425596
0.0425596
0.0425596
0.0425596
0.0425596
0.0425596
0.0425596
0.0425596
0.0425596
0.0425596
0.0425596
0.0425596
0.0425596
0.0425596
0.0425596
0.0425596
0.0425596
0.0425596
0.0425596
0.0425596
0.0425596
0.0425596
0.0425596
0.0425596
0.0425596
0.0425596
0.0425596
0.0425596
0.0425596
0.0425596
0.0425596
0.0425596
0.0425596
0.0425596
0.0425596
0.0425596
0.0425596
0.0425596
0.0425596
0.0425596
0.0425596
0.0425596
0.0425596
0.0425596
0.0425596
0.0425596
0.0425597
0.0425597
0.0425596
0.0425596
0.0425595
0.0425593
0.042559
0.042559
0.0425593
0.0425581
0.0425499
0.042526
0.042479
0.0424089
0.0423274
0.0422519
0.0421929
0.0421525
0.0421307
0.0421277
0.0421368
0.0421571
0.0421833
0.0422132
0.0422466
0.0422683
0.0422719
0.042264
0.0422457
0.0422194
0.0421879
0.042153
0.042116
0.0420779
0.0420386
0.041998
0.041956
0.0419131
0.0418694
0.0418246
0.0417784
0.0417316
0.0416851
0.0416378
0.0415877
0.0415346
0.0414797
0.0414236
0.0413656
0.0413068
0.0412482
0.0411886
0.0411308
0.0410904
0.041077
0.0411093
0.041222
0.0413974
0.0431171
0.0431325
0.0431403
0.0431466
0.0431494
0.0431512
0.0431518
0.0431522
0.0431523
0.0431524
0.0431525
0.0431525
0.0431525
0.0431525
0.0431525
0.0431525
0.0431525
0.0431525
0.0431525
0.0431525
0.0431525
0.0431525
0.0431525
0.0431525
0.0431525
0.0431525
0.0431525
0.0431525
0.0431525
0.0431525
0.0431525
0.0431525
0.0431525
0.0431525
0.0431525
0.0431525
0.0431525
0.0431525
0.0431525
0.0431525
0.0431525
0.0431525
0.0431525
0.0431525
0.0431525
0.0431525
0.0431525
0.0431525
0.0431525
0.0431525
0.0431525
0.0431525
0.0431525
0.0431525
0.0431525
0.0431525
0.0431525
0.0431525
0.0431525
0.0431525
0.0431525
0.0431525
0.0431525
0.0431525
0.0431525
0.0431524
0.0431522
0.043152
0.0431518
0.0431519
0.0431529
0.0431551
0.0431584
0.043161
0.0431595
0.043146
0.0431129
0.043058
0.0429861
0.0429061
0.0428283
0.0427604
0.0427062
0.0426676
0.0426456
0.0426349
0.0426331
0.042634
0.0426294
0.0426196
0.0426013
0.0425744
0.0425398
0.0424987
0.0424518
0.0424002
0.0423451
0.0422865
0.042225
0.0421609
0.0420951
0.0420283
0.0419603
0.0418912
0.0418207
0.0417493
0.0416772
0.0416044
0.0415311
0.0414578
0.0413883
0.041326
0.0412722
0.0412263
0.0411942
0.0411831
0.0412066
0.0412891
0.0414356
0.0416384
0.041845
0.0438578
0.0438697
0.0438745
0.0438801
0.0438831
0.0438853
0.0438861
0.0438867
0.0438868
0.0438869
0.043887
0.043887
0.043887
0.043887
0.043887
0.043887
0.043887
0.043887
0.043887
0.043887
0.043887
0.043887
0.043887
0.043887
0.043887
0.043887
0.043887
0.043887
0.043887
0.043887
0.043887
0.043887
0.043887
0.043887
0.043887
0.043887
0.043887
0.043887
0.043887
0.043887
0.043887
0.043887
0.043887
0.043887
0.043887
0.043887
0.043887
0.043887
0.043887
0.043887
0.043887
0.043887
0.043887
0.043887
0.043887
0.043887
0.043887
0.043887
0.043887
0.043887
0.043887
0.043887
0.043887
0.043887
0.0438869
0.0438867
0.0438866
0.0438866
0.0438871
0.0438888
0.0438922
0.0438969
0.0439023
0.0439072
0.0439103
0.0439093
0.0438972
0.0438679
0.0438187
0.0437506
0.0436682
0.0435782
0.043487
0.0434001
0.0433215
0.0432528
0.0431939
0.0431434
0.0431
0.0430607
0.043022
0.0429808
0.0429352
0.0428841
0.0428269
0.0427637
0.0426951
0.0426214
0.0425427
0.0424595
0.0423726
0.0422829
0.042191
0.042097
0.0420011
0.0419051
0.0418102
0.0417179
0.0416298
0.0415466
0.0414706
0.0414073
0.0413614
0.0413404
0.0413552
0.0414177
0.0415312
0.041689
0.0418656
0.042028
0.0421411
0.0445711
0.044578
0.0445776
0.0445801
0.0445821
0.0445839
0.0445849
0.0445856
0.0445858
0.044586
0.044586
0.044586
0.044586
0.044586
0.044586
0.044586
0.044586
0.044586
0.044586
0.044586
0.044586
0.044586
0.044586
0.044586
0.044586
0.044586
0.044586
0.044586
0.044586
0.044586
0.044586
0.044586
0.044586
0.044586
0.044586
0.044586
0.044586
0.044586
0.044586
0.044586
0.044586
0.044586
0.044586
0.044586
0.044586
0.044586
0.044586
0.044586
0.044586
0.044586
0.044586
0.044586
0.044586
0.044586
0.044586
0.044586
0.044586
0.044586
0.044586
0.044586
0.044586
0.044586
0.044586
0.0445859
0.0445858
0.0445857
0.0445859
0.0445868
0.0445892
0.0445931
0.044598
0.0446028
0.0446058
0.0446062
0.0446038
0.0445968
0.0445836
0.0445615
0.0445268
0.0444766
0.0444098
0.0443279
0.0442344
0.0441336
0.0440302
0.0439283
0.0438301
0.043737
0.0436502
0.0435693
0.0434938
0.0434227
0.0433544
0.043287
0.0432182
0.0431461
0.0430697
0.0429884
0.0429021
0.0428107
0.0427148
0.0426152
0.0425125
0.0424074
0.0423011
0.0421959
0.042094
0.0419984
0.0419114
0.0418332
0.0417652
0.0417135
0.0416898
0.0417054
0.0417624
0.0418533
0.0419611
0.0420627
0.0421376
0.0421795
0.0422034
0.0451437
0.0451463
0.0451424
0.045141
0.045141
0.0451414
0.0451422
0.0451429
0.0451433
0.0451435
0.0451436
0.0451436
0.0451436
0.0451436
0.0451436
0.0451436
0.0451436
0.0451436
0.0451436
0.0451436
0.0451436
0.0451436
0.0451436
0.0451436
0.0451436
0.0451436
0.0451436
0.0451436
0.0451436
0.0451436
0.0451436
0.0451436
0.0451436
0.0451436
0.0451436
0.0451436
0.0451436
0.0451436
0.0451436
0.0451436
0.0451436
0.0451436
0.0451436
0.0451436
0.0451436
0.0451436
0.0451436
0.0451436
0.0451436
0.0451436
0.0451436
0.0451436
0.0451436
0.0451436
0.0451436
0.0451436
0.0451436
0.0451436
0.0451436
0.0451436
0.0451436
0.0451436
0.0451435
0.0451435
0.0451434
0.0451437
0.0451447
0.0451471
0.0451505
0.0451539
0.0451557
0.0451554
0.0451507
0.0451399
0.0451235
0.0451026
0.0450777
0.0450485
0.0450141
0.0449727
0.0449221
0.0448607
0.044788
0.0447049
0.0446131
0.0445151
0.0444136
0.0443108
0.0442088
0.0441088
0.0440118
0.043918
0.0438273
0.0437396
0.043654
0.0435697
0.0434859
0.0434019
0.0433169
0.0432306
0.0431426
0.0430528
0.0429616
0.0428696
0.0427771
0.0426854
0.0425954
0.0425088
0.0424286
0.0423586
0.0423028
0.0422641
0.0422403
0.0422282
0.0422242
0.042222
0.0422178
0.0422117
0.0422075
0.0422084
0.0422073
0.0455111
0.0455119
0.0455066
0.0455023
0.0454994
0.0454982
0.0454984
0.0454988
0.0454992
0.0454995
0.0454997
0.0454997
0.0454997
0.0454997
0.0454997
0.0454997
0.0454997
0.0454997
0.0454997
0.0454997
0.0454997
0.0454997
0.0454997
0.0454997
0.0454997
0.0454997
0.0454997
0.0454997
0.0454997
0.0454997
0.0454997
0.0454997
0.0454997
0.0454997
0.0454997
0.0454997
0.0454997
0.0454997
0.0454997
0.0454997
0.0454997
0.0454997
0.0454997
0.0454997
0.0454997
0.0454997
0.0454997
0.0454997
0.0454997
0.0454997
0.0454997
0.0454997
0.0454997
0.0454997
0.0454997
0.0454997
0.0454997
0.0454997
0.0454997
0.0454997
0.0454997
0.0454997
0.0454997
0.0454997
0.0454999
0.0455009
0.045503
0.0455058
0.045508
0.0455085
0.0455061
0.0454982
0.0454842
0.0454645
0.04544
0.045411
0.0453781
0.0453416
0.0453019
0.0452592
0.0452134
0.0451636
0.0451089
0.0450482
0.0449812
0.0449079
0.0448293
0.0447463
0.0446602
0.0445721
0.044483
0.044394
0.0443057
0.0442187
0.0441333
0.0440496
0.0439674
0.0438867
0.0438074
0.0437295
0.0436527
0.0435767
0.0435015
0.0434269
0.0433529
0.0432791
0.0432055
0.0431322
0.0430593
0.0429881
0.0429196
0.0428533
0.0427862
0.0427132
0.042633
0.0425467
0.0424585
0.0423756
0.0423049
0.0422495
0.0422114
0.0457474
0.0457469
0.0457421
0.045737
0.0457323
0.0457294
0.0457283
0.0457282
0.0457285
0.0457288
0.045729
0.0457291
0.0457291
0.0457291
0.0457291
0.0457291
0.0457291
0.0457291
0.0457291
0.0457291
0.0457291
0.0457291
0.0457291
0.0457291
0.0457291
0.0457291
0.0457291
0.0457291
0.0457291
0.0457291
0.0457291
0.0457291
0.0457291
0.0457291
0.0457291
0.0457291
0.0457291
0.0457291
0.0457291
0.0457291
0.0457291
0.0457291
0.0457291
0.0457291
0.0457291
0.0457291
0.0457291
0.0457291
0.0457291
0.0457291
0.0457291
0.0457291
0.0457291
0.0457291
0.0457291
0.0457291
0.0457291
0.0457291
0.0457291
0.0457291
0.0457291
0.0457291
0.0457292
0.0457294
0.0457302
0.0457315
0.0457326
0.045733
0.0457318
0.0457247
0.04571
0.0456887
0.045662
0.0456313
0.0455975
0.0455612
0.045523
0.0454832
0.0454421
0.0453997
0.0453559
0.0453108
0.0452641
0.0452155
0.0451645
0.0451104
0.0450532
0.0449929
0.0449298
0.0448647
0.0447978
0.0447297
0.0446607
0.044591
0.0445212
0.0444516
0.0443825
0.0443143
0.0442471
0.0441812
0.0441164
0.0440526
0.0439896
0.0439269
0.0438643
0.0438011
0.0437369
0.0436712
0.0436033
0.0435326
0.0434564
0.0433703
0.0432707
0.0431567
0.0430309
0.0428967
0.042759
0.0426231
0.0424955
0.0423791
0.0422876
0.0458406
0.0458402
0.0458368
0.0458323
0.0458272
0.0458228
0.0458199
0.0458187
0.0458184
0.0458185
0.0458187
0.0458189
0.045819
0.045819
0.045819
0.045819
0.045819
0.045819
0.045819
0.045819
0.045819
0.045819
0.045819
0.045819
0.045819
0.045819
0.045819
0.045819
0.045819
0.045819
0.045819
0.045819
0.045819
0.045819
0.045819
0.045819
0.045819
0.045819
0.045819
0.045819
0.045819
0.045819
0.045819
0.045819
0.045819
0.045819
0.045819
0.045819
0.045819
0.045819
0.045819
0.045819
0.045819
0.045819
0.045819
0.045819
0.045819
0.045819
0.045819
0.045819
0.045819
0.045819
0.0458192
0.0458196
0.0458205
0.0458214
0.0458218
0.045821
0.0458161
0.045805
0.0457878
0.0457652
0.045738
0.0457064
0.0456711
0.0456325
0.0455914
0.0455485
0.0455045
0.0454599
0.0454153
0.0453706
0.0453261
0.0452819
0.0452377
0.0451934
0.0451487
0.045103
0.045056
0.0450078
0.0449583
0.0449076
0.0448559
0.0448033
0.0447499
0.0446962
0.0446427
0.0445895
0.0445367
0.0444842
0.0444323
0.0443807
0.0443292
0.0442774
0.0442247
0.0441703
0.0441132
0.0440521
0.0439857
0.0439124
0.04383
0.0437364
0.0436311
0.0435144
0.0433868
0.043249
0.0431023
0.0429488
0.042793
0.0426359
0.042495
0.0458997
0.045899
0.0458965
0.0458928
0.0458881
0.0458835
0.04588
0.045878
0.0458772
0.0458772
0.0458773
0.0458774
0.0458775
0.0458776
0.0458776
0.0458776
0.0458776
0.0458776
0.0458776
0.0458776
0.0458776
0.0458776
0.0458776
0.0458776
0.0458776
0.0458776
0.0458776
0.0458776
0.0458776
0.0458776
0.0458776
0.0458776
0.0458776
0.0458776
0.0458776
0.0458776
0.0458776
0.0458776
0.0458776
0.0458776
0.0458776
0.0458776
0.0458776
0.0458776
0.0458776
0.0458776
0.0458776
0.0458776
0.0458776
0.0458776
0.0458776
0.0458776
0.0458776
0.0458776
0.0458776
0.0458776
0.0458776
0.0458776
0.0458776
0.0458776
0.0458776
0.0458777
0.045878
0.0458784
0.0458787
0.0458786
0.0458768
0.0458683
0.0458517
0.0458291
0.0458023
0.0457723
0.0457396
0.0457051
0.045669
0.0456313
0.0455921
0.0455515
0.0455099
0.0454676
0.0454249
0.0453821
0.0453395
0.0452973
0.0452556
0.0452147
0.0451744
0.0451348
0.0450958
0.0450569
0.045018
0.044979
0.0449399
0.0449004
0.0448604
0.0448195
0.0447785
0.0447376
0.0446966
0.0446553
0.0446135
0.0445712
0.0445279
0.0444833
0.0444368
0.044388
0.0443359
0.0442797
0.0442184
0.0441509
0.0440765
0.0439948
0.0439054
0.0438076
0.0437006
0.0435828
0.0434532
0.0433105
0.043156
0.0429869
0.0428157
0.0459275
0.0459268
0.0459253
0.0459227
0.045919
0.0459149
0.0459109
0.0459078
0.045906
0.0459054
0.0459054
0.0459054
0.0459055
0.0459056
0.0459056
0.0459056
0.0459057
0.0459057
0.0459057
0.0459057
0.0459057
0.0459057
0.0459057
0.0459057
0.0459057
0.0459057
0.0459057
0.0459057
0.0459057
0.0459057
0.0459057
0.0459057
0.0459057
0.0459057
0.0459057
0.0459057
0.0459057
0.0459057
0.0459057
0.0459057
0.0459057
0.0459057
0.0459057
0.0459057
0.0459057
0.0459057
0.0459057
0.0459057
0.0459057
0.0459057
0.0459057
0.0459057
0.0459057
0.0459057
0.0459057
0.0459057
0.0459057
0.0459057
0.0459057
0.0459057
0.0459057
0.0459058
0.0459061
0.0459064
0.0459066
0.0459064
0.0459033
0.0458933
0.0458746
0.0458477
0.0458145
0.0457772
0.0457375
0.0456964
0.0456545
0.0456122
0.0455696
0.0455271
0.0454847
0.0454428
0.0454014
0.0453606
0.0453205
0.0452811
0.0452426
0.0452051
0.0451687
0.0451331
0.0450982
0.0450635
0.0450287
0.044994
0.0449596
0.044926
0.0448935
0.0448612
0.0448287
0.0447966
0.0447648
0.0447326
0.0446998
0.044666
0.044631
0.0445944
0.0445557
0.0445148
0.0444711
0.0444244
0.044374
0.0443192
0.0442598
0.0441953
0.0441252
0.0440487
0.0439649
0.043872
0.0437684
0.043651
0.0435185
0.0433651
0.0431929
0.0459133
0.0459129
0.0459119
0.0459102
0.0459073
0.0459036
0.0458996
0.045896
0.0458935
0.0458923
0.045892
0.0458921
0.0458921
0.0458922
0.0458923
0.0458923
0.0458923
0.0458923
0.0458923
0.0458923
0.0458923
0.0458923
0.0458923
0.0458923
0.0458923
0.0458923
0.0458923
0.0458923
0.0458923
0.0458923
0.0458923
0.0458923
0.0458923
0.0458923
0.0458923
0.0458923
0.0458923
0.0458923
0.0458923
0.0458923
0.0458923
0.0458923
0.0458923
0.0458923
0.0458923
0.0458923
0.0458923
0.0458923
0.0458923
0.0458923
0.0458923
0.0458923
0.0458923
0.0458923
0.0458923
0.0458923
0.0458923
0.0458923
0.0458923
0.0458923
0.0458924
0.0458925
0.0458926
0.0458927
0.0458925
0.0458897
0.0458785
0.0458573
0.0458284
0.0457941
0.0457558
0.0457149
0.0456724
0.0456289
0.0455849
0.045541
0.0454974
0.0454546
0.0454128
0.0453723
0.0453334
0.0452959
0.0452599
0.0452253
0.0451919
0.0451597
0.0451284
0.0450978
0.0450674
0.0450374
0.0450076
0.0449783
0.0449497
0.044922
0.0448957
0.0448708
0.0448474
0.0448245
0.0448018
0.0447786
0.0447548
0.04473
0.0447041
0.0446766
0.0446471
0.0446153
0.0445811
0.0445443
0.0445046
0.0444616
0.0444148
0.0443638
0.0443081
0.0442472
0.0441803
0.0441063
0.0440244
0.0439319
0.0438273
0.0437052
0.0435579
0.0458516
0.0458513
0.0458509
0.04585
0.0458482
0.0458455
0.0458418
0.045838
0.0458347
0.0458325
0.0458316
0.0458315
0.0458315
0.0458315
0.0458316
0.0458316
0.0458317
0.0458317
0.0458317
0.0458317
0.0458317
0.0458317
0.0458317
0.0458317
0.0458317
0.0458317
0.0458317
0.0458317
0.0458317
0.0458317
0.0458317
0.0458317
0.0458317
0.0458317
0.0458317
0.0458317
0.0458317
0.0458317
0.0458317
0.0458317
0.0458317
0.0458317
0.0458317
0.0458317
0.0458317
0.0458317
0.0458317
0.0458317
0.0458317
0.0458317
0.0458317
0.0458317
0.0458317
0.0458317
0.0458317
0.0458317
0.0458317
0.0458317
0.0458317
0.0458317
0.0458318
0.0458318
0.0458318
0.0458318
0.0458307
0.0458237
0.0458048
0.0457736
0.0457343
0.0456907
0.0456455
0.0455998
0.0455542
0.045509
0.0454648
0.045422
0.0453806
0.0453408
0.0453027
0.0452666
0.0452323
0.0451999
0.0451692
0.04514
0.0451121
0.0450854
0.0450599
0.0450355
0.0450122
0.04499
0.0449689
0.0449489
0.0449299
0.0449121
0.0448953
0.0448806
0.0448668
0.0448528
0.0448381
0.0448231
0.0448079
0.0447921
0.0447754
0.0447573
0.0447374
0.0447154
0.044691
0.044664
0.0446339
0.0446001
0.0445621
0.0445192
0.0444712
0.0444181
0.0443602
0.0442978
0.0442307
0.044157
0.0440748
0.0439817
0.0438673
0.0457879
0.0457878
0.0457877
0.0457874
0.0457865
0.0457847
0.045782
0.0457785
0.0457749
0.0457719
0.0457702
0.0457696
0.0457696
0.0457696
0.0457696
0.0457697
0.0457697
0.0457697
0.0457697
0.0457697
0.0457697
0.0457697
0.0457697
0.0457697
0.0457697
0.0457697
0.0457697
0.0457697
0.0457697
0.0457697
0.0457697
0.0457697
0.0457697
0.0457697
0.0457697
0.0457697
0.0457697
0.0457697
0.0457697
0.0457697
0.0457697
0.0457697
0.0457697
0.0457697
0.0457697
0.0457697
0.0457697
0.0457697
0.0457697
0.0457697
0.0457697
0.0457697
0.0457697
0.0457697
0.0457697
0.0457697
0.0457697
0.0457698
0.0457698
0.0457698
0.0457698
0.0457698
0.0457698
0.0457693
0.0457649
0.0457499
0.0457201
0.0456781
0.0456301
0.0455797
0.045529
0.0454797
0.0454326
0.0453881
0.0453462
0.0453068
0.0452699
0.0452353
0.0452029
0.0451726
0.0451442
0.0451176
0.0450925
0.0450685
0.0450455
0.0450234
0.0450025
0.0449833
0.044966
0.0449509
0.0449382
0.0449273
0.0449179
0.0449093
0.0449016
0.0448951
0.0448891
0.0448832
0.044877
0.0448708
0.0448645
0.0448577
0.04485
0.044841
0.0448303
0.0448177
0.0448029
0.0447852
0.0447637
0.0447372
0.0447052
0.0446678
0.0446255
0.0445785
0.0445274
0.0444716
0.0444077
0.0443355
0.0442576
0.0441762
0.0440865
0.0457615
0.0457614
0.0457614
0.0457612
0.0457607
0.0457597
0.0457578
0.045755
0.0457516
0.0457483
0.0457458
0.0457445
0.0457442
0.0457442
0.0457442
0.0457442
0.0457443
0.0457443
0.0457443
0.0457443
0.0457443
0.0457443
0.0457443
0.0457443
0.0457443
0.0457443
0.0457443
0.0457443
0.0457443
0.0457443
0.0457443
0.0457443
0.0457443
0.0457443
0.0457443
0.0457443
0.0457443
0.0457443
0.0457443
0.0457443
0.0457443
0.0457443
0.0457443
0.0457443
0.0457443
0.0457443
0.0457443
0.0457443
0.0457443
0.0457443
0.0457443
0.0457443
0.0457443
0.0457443
0.0457443
0.0457443
0.0457443
0.0457443
0.0457443
0.0457443
0.0457444
0.0457444
0.0457443
0.0457425
0.0457316
0.0457035
0.0456599
0.0456088
0.0455555
0.0455029
0.0454519
0.0454035
0.0453585
0.045317
0.0452787
0.0452433
0.0452106
0.0451803
0.0451521
0.0451258
0.0451016
0.0450793
0.0450592
0.0450409
0.045024
0.0450076
0.0449913
0.0449747
0.0449587
0.0449447
0.0449333
0.0449246
0.044918
0.0449125
0.0449075
0.0449021
0.0448964
0.0448914
0.0448882
0.0448863
0.0448854
0.0448851
0.0448847
0.0448846
0.0448849
0.0448857
0.0448868
0.0448874
0.0448862
0.0448782
0.044862
0.0448372
0.0448025
0.044756
0.0446989
0.0446361
0.0445655
0.0444942
0.0444165
0.0443314
0.0442547
0.0457299
0.0457296
0.0457296
0.0457295
0.0457293
0.0457288
0.0457277
0.0457256
0.0457226
0.0457191
0.045716
0.045714
0.0457134
0.0457133
0.0457133
0.0457133
0.0457134
0.0457134
0.0457134
0.0457134
0.0457134
0.0457134
0.0457134
0.0457134
0.0457134
0.0457134
0.0457134
0.0457134
0.0457134
0.0457134
0.0457134
0.0457134
0.0457134
0.0457134
0.0457134
0.0457134
0.0457134
0.0457134
0.0457134
0.0457134
0.0457134
0.0457134
0.0457134
0.0457134
0.0457134
0.0457134
0.0457134
0.0457134
0.0457134
0.0457134
0.0457134
0.0457134
0.0457134
0.0457134
0.0457134
0.0457134
0.0457134
0.0457135
0.0457135
0.0457135
0.0457135
0.0457135
0.0457133
0.0457103
0.0456945
0.0456574
0.0456047
0.0455465
0.0454889
0.0454347
0.045385
0.0453399
0.0452996
0.0452636
0.0452315
0.0452028
0.0451769
0.0451533
0.0451315
0.0451112
0.0450923
0.0450748
0.0450584
0.0450433
0.0450292
0.0450158
0.0450029
0.0449901
0.0449781
0.0449676
0.0449592
0.0449528
0.044948
0.0449443
0.0449412
0.0449386
0.044937
0.0449377
0.0449406
0.0449453
0.0449511
0.0449578
0.0449654
0.0449739
0.0449831
0.0449929
0.0450025
0.0450119
0.0450206
0.0450246
0.0450219
0.0450111
0.044988
0.0449472
0.0448947
0.04484
0.0447809
0.044711
0.044597
0.0444545
0.0443519
0.0457383
0.0457382
0.0457382
0.0457383
0.0457383
0.0457381
0.0457374
0.045736
0.0457335
0.0457303
0.0457268
0.0457242
0.0457231
0.0457229
0.0457229
0.045723
0.045723
0.0457231
0.0457231
0.0457231
0.0457231
0.0457231
0.0457231
0.0457231
0.0457231
0.0457231
0.0457231
0.0457231
0.0457231
0.0457231
0.0457231
0.0457231
0.0457231
0.0457231
0.0457231
0.0457231
0.0457231
0.0457231
0.0457231
0.0457231
0.0457231
0.0457231
0.0457231
0.0457231
0.0457231
0.0457231
0.0457231
0.0457231
0.0457231
0.0457231
0.0457231
0.0457231
0.0457231
0.0457231
0.0457231
0.0457231
0.0457231
0.0457231
0.0457231
0.0457231
0.0457231
0.0457231
0.0457227
0.0457179
0.0456966
0.0456518
0.0455917
0.0455278
0.0454671
0.0454127
0.0453648
0.0453228
0.0452853
0.0452515
0.0452208
0.0451927
0.0451669
0.0451433
0.0451216
0.0451018
0.0450835
0.0450665
0.0450509
0.0450368
0.0450244
0.0450137
0.0450048
0.0449975
0.044991
0.0449846
0.0449779
0.0449707
0.0449634
0.0449567
0.044951
0.0449466
0.0449435
0.0449421
0.0449421
0.0449433
0.0449451
0.0449478
0.0449525
0.0449587
0.0449666
0.0449767
0.0449886
0.0450021
0.0450181
0.0450378
0.0450601
0.0450819
0.0450977
0.0450962
0.0450678
0.0450037
0.0449222
0.0448163
0.0447112
0.044575
0.0444039
0.0457606
0.0457608
0.045761
0.0457614
0.0457617
0.0457617
0.0457613
0.0457604
0.0457584
0.0457553
0.0457517
0.0457487
0.0457473
0.0457471
0.045747
0.0457471
0.0457471
0.0457472
0.0457472
0.0457472
0.0457472
0.0457472
0.0457472
0.0457472
0.0457472
0.0457472
0.0457472
0.0457472
0.0457472
0.0457472
0.0457472
0.0457472
0.0457472
0.0457472
0.0457472
0.0457472
0.0457472
0.0457472
0.0457472
0.0457472
0.0457472
0.0457472
0.0457472
0.0457472
0.0457472
0.0457472
0.0457472
0.0457472
0.0457472
0.0457472
0.0457472
0.0457472
0.0457472
0.0457472
0.0457472
0.0457472
0.0457472
0.0457472
0.0457472
0.0457472
0.0457472
0.0457472
0.0457467
0.0457407
0.0457156
0.0456654
0.0456007
0.0455341
0.0454729
0.0454199
0.0453757
0.0453392
0.0453084
0.0452816
0.0452574
0.0452349
0.0452136
0.0451933
0.0451738
0.0451553
0.0451375
0.0451207
0.0451046
0.0450894
0.045075
0.0450615
0.045049
0.0450378
0.0450277
0.0450183
0.0450091
0.045
0.0449907
0.0449815
0.044973
0.0449653
0.0449586
0.0449529
0.0449491
0.0449486
0.04495
0.0449531
0.0449617
0.0449762
0.0449969
0.0450248
0.0450618
0.0451091
0.0451716
0.0452572
0.0453707
0.0455196
0.04571
0.0459519
0.0462574
0.0466152
0.0470135
0.0474499
0.047942
0.0484505
0.0490389
)
;

boundaryField
{
    inlet
    {
        type            calculated;
        value           nonuniform List<scalar> 0();
    }
    obstacle
    {
        type            calculated;
        value           nonuniform List<scalar> 0();
    }
    bottom
    {
        type            symmetry;
    }
    outlet
    {
        type            calculated;
        value           nonuniform List<scalar> 
82
(
0.042133
0.042133
0.042133
0.042133
0.042133
0.042133
0.042133
0.042133
0.042133
0.042133
0.042133
0.042133
0.042133
0.042133
0.042133
0.042133
0.042133
0.042133
0.042133
0.042133
0.042133
0.042133
0.042133
0.042133
0.042133
0.042133
0.042133
0.042133
0.042133
0.042133
0.042133
0.042133
0.042133
0.042133
0.042133
0.042133
0.042133
0.042133
0.042133
0.042133
0.042133
0.042133
0.042133
0.042133
0.042133
0.042133
0.042133
0.042133
0.042133
0.042133
0.042133
0.042133
0.042133
0.042133
0.042133
0.042133
0.042133
0.042133
0.042133
0.042133
0.042133
0.042133
0.0421332
0.0421412
0.0422248
0.0425321
0.0431174
0.043858
0.0445713
0.0451438
0.0455112
0.0457475
0.0458406
0.0458997
0.0459275
0.0459133
0.0458516
0.0457879
0.0457615
0.0457299
0.0457383
0.0457606
)
;
    }
    top
    {
        type            symmetry;
    }
    defaultFaces
    {
        type            empty;
    }
    procBoundary3to2
    {
        type            processor;
        value           nonuniform List<scalar> 
122
(
0.042133
0.042133
0.042133
0.042133
0.042133
0.042133
0.042133
0.042133
0.042133
0.042133
0.042133
0.042133
0.042133
0.042133
0.042133
0.042133
0.042133
0.042133
0.042133
0.042133
0.042133
0.042133
0.042133
0.042133
0.042133
0.042133
0.042133
0.042133
0.042133
0.042133
0.042133
0.042133
0.042133
0.042133
0.042133
0.042133
0.042133
0.042133
0.042133
0.042133
0.042133
0.042133
0.042133
0.042133
0.042133
0.042133
0.042133
0.042133
0.042133
0.042133
0.042133
0.042133
0.042133
0.042133
0.042133
0.042133
0.042133
0.0421331
0.0421331
0.0421331
0.0421331
0.0421328
0.0421296
0.0421156
0.0420893
0.0420605
0.0420387
0.0420269
0.0420232
0.0420256
0.0420256
0.0420534
0.042109
0.0421616
0.0421958
0.0422131
0.0421729
0.0421779
0.0421742
0.0421631
0.0421534
0.042153
0.0421587
0.0421615
0.0421568
0.0421478
0.0421417
0.0421387
0.0421297
0.0421106
0.0420847
0.0420444
0.0419806
0.0419036
0.0418663
0.0417848
0.0418162
0.041889
0.0419634
0.0420155
0.0420568
0.0420766
0.0420863
0.0421025
0.0421189
0.0421422
0.042169
0.0421933
0.0422186
0.0422522
0.0423044
0.0423597
0.0422188
0.0422188
0.0422177
0.0422043
0.0421813
0.0421637
0.0421548
0.0421536
0.0421614
0.0421614
)
;
    }
    procBoundary3to5
    {
        type            processor;
        value           nonuniform List<scalar> 
83
(
0.0423801
0.0420996
0.0420451
0.0419902
0.0419902
0.0416858
0.041622
0.0415581
0.0414949
0.0414317
0.041369
0.0413065
0.0412447
0.0411836
0.0411237
0.0410648
0.0410067
0.0409487
0.040891
0.0408341
0.0407789
0.0407254
0.0406736
0.0406233
0.0405749
0.0405288
0.0404855
0.0404453
0.040408
0.0403734
0.0403414
0.0403123
0.0402868
0.0402649
0.040246
0.0402303
0.0402186
0.0402134
0.0402144
0.0402212
0.0402321
0.0402454
0.0402615
0.0402823
0.0403084
0.0403394
0.0403734
0.0404102
0.0404523
0.0405016
0.0405516
0.0405894
0.0406123
0.0406301
0.0406543
0.0406923
0.0407458
0.0408098
0.0408657
0.040888
0.0408739
0.0408251
0.0407828
0.0407787
0.0408698
0.041091
0.0415004
0.0419579
0.0421981
0.0422155
0.0422066
0.0421929
0.0422412
0.0424226
0.0427267
0.043102
0.0434791
0.0438054
0.0440381
0.0442139
0.0442942
0.0443114
0.0491931
)
;
    }
}


// ************************************************************************* //
