/*--------------------------------*- C++ -*----------------------------------*\
| =========                 |                                                 |
| \\      /  F ield         | OpenFOAM: The Open Source CFD Toolbox           |
|  \\    /   O peration     | Version:  2412                                  |
|   \\  /    A nd           | Website:  www.openfoam.com                      |
|    \\/     M anipulation  |                                                 |
\*---------------------------------------------------------------------------*/
FoamFile
{
    version     2.0;
    format      ascii;
    arch        "LSB;label=32;scalar=64";
    class       volScalarField;
    location    "0.057";
    object      p;
}
// * * * * * * * * * * * * * * * * * * * * * * * * * * * * * * * * * * * * * //

dimensions      [1 -1 -2 0 0 0 0];

internalField   nonuniform List<scalar> 
9859
(
2800.6
2800.59
2800.59
2800.52
2800.43
2800.28
2800.14
2799.99
2799.9
2799.86
2799.89
2799.91
2799.95
2799.98
2800.05
2800.26
2800.49
2800.79
2800.89
2800.89
2800.74
2800.51
2800.15
2799.86
2799.62
2799.48
2799.38
2799.33
2799.33
2799.3
2799.25
2799.15
2799.06
2798.96
2798.86
2798.74
2798.6
2798.41
2798.17
2797.85
2797.45
2796.9
2796.2
2795.32
2794.19
2792.76
2790.96
2788.9
2786.92
2786.44
2784.03
2783.49
2784.98
2786.67
2788.73
2790.41
2791.96
2793.34
2794.55
2795.34
2795.91
2796.3
2796.83
2797.38
2797.72
2798.08
2798.43
2798.75
2798.98
2800.62
2800.6
2800.61
2800.54
2800.44
2800.3
2800.16
2800.01
2799.92
2799.88
2799.91
2799.94
2799.97
2800
2800.08
2800.29
2800.52
2800.83
2800.94
2800.94
2800.79
2800.55
2800.19
2799.9
2799.66
2799.51
2799.42
2799.36
2799.37
2799.33
2799.28
2799.18
2799.09
2798.99
2798.9
2798.77
2798.63
2798.44
2798.2
2797.89
2797.49
2796.94
2796.23
2795.35
2794.21
2792.76
2790.93
2788.81
2786.78
2786.58
2783.66
2783.5
2784.96
2786.71
2788.78
2790.45
2792.02
2793.37
2794.62
2795.41
2795.97
2796.37
2796.92
2797.47
2797.81
2798.17
2798.53
2798.85
2799.09
2799.33
2799.58
2799.79
2799.97
2800.14
2800.31
2800.68
2800.7
2800.75
2800.81
2800.89
2800.99
2801.13
2801.36
2801.56
2801.82
2802.04
2802.24
2802.49
2802.72
2802.96
2803.22
2803.49
2803.73
2804.12
2804.63
2805.13
2805.96
2807.01
2808.35
2809.89
2811.75
2813.7
2815.79
2818.16
2821.01
2824.21
2827.81
2831.77
2836.49
2842.66
2849.45
2854.72
2800.63
2800.62
2800.62
2800.56
2800.46
2800.31
2800.18
2800.02
2799.94
2799.91
2799.93
2799.96
2800
2800.03
2800.11
2800.32
2800.55
2800.87
2800.98
2800.98
2800.84
2800.6
2800.24
2799.94
2799.7
2799.55
2799.45
2799.4
2799.4
2799.36
2799.31
2799.21
2799.13
2799.02
2798.93
2798.81
2798.67
2798.48
2798.24
2797.93
2797.52
2796.97
2796.27
2795.38
2794.24
2792.77
2790.9
2788.72
2786.63
2786.71
2783.29
2783.52
2784.94
2786.74
2788.82
2790.5
2792.09
2793.41
2794.69
2795.48
2796.04
2796.45
2797.02
2797.55
2797.91
2798.28
2798.63
2798.95
2799.2
2799.45
2799.69
2799.91
2800.11
2800.28
2800.45
2800.63
2800.76
2800.86
2800.85
2801
2800.94
2800.92
2800.9
2800.87
2800.89
2800.95
2801.01
2801.08
2801.18
2801.31
2801.54
2801.74
2801.99
2802.22
2802.41
2802.66
2802.88
2803.11
2803.37
2803.64
2803.88
2804.25
2804.76
2805.27
2806.09
2807.12
2808.45
2809.97
2811.81
2813.75
2815.82
2818.16
2820.97
2824.11
2827.67
2831.53
2836.05
2841.97
2848.41
2852.95
2800.64
2800.64
2800.64
2800.58
2800.48
2800.33
2800.19
2800.04
2799.96
2799.93
2799.95
2799.99
2800.02
2800.06
2800.13
2800.35
2800.59
2800.91
2801.02
2801.03
2800.88
2800.65
2800.29
2799.98
2799.74
2799.59
2799.49
2799.43
2799.44
2799.4
2799.35
2799.25
2799.16
2799.06
2798.96
2798.84
2798.71
2798.52
2798.28
2797.97
2797.56
2797.01
2796.31
2795.42
2794.26
2792.77
2790.87
2788.63
2786.49
2786.8
2782.93
2783.51
2784.94
2786.77
2788.86
2790.56
2792.16
2793.45
2794.76
2795.54
2796.11
2796.53
2797.11
2797.64
2798.01
2798.37
2798.73
2799.06
2799.32
2799.57
2799.82
2800.04
2800.24
2800.42
2800.6
2800.78
2800.92
2801.03
2801.01
2801.18
2801.12
2801.11
2801.09
2801.07
2801.1
2801.15
2801.21
2801.28
2801.38
2801.5
2801.73
2801.93
2802.17
2802.4
2802.58
2802.83
2803.05
2803.28
2803.53
2803.8
2804.03
2804.4
2804.91
2805.4
2806.22
2807.24
2808.55
2810.06
2811.88
2813.81
2815.85
2818.15
2820.92
2824.01
2827.52
2831.26
2835.58
2841.23
2847.32
2851.11
2800.66
2800.65
2800.66
2800.59
2800.5
2800.35
2800.21
2800.07
2799.99
2799.95
2799.98
2800.01
2800.05
2800.08
2800.16
2800.38
2800.62
2800.95
2801.07
2801.08
2800.94
2800.7
2800.34
2800.02
2799.78
2799.62
2799.53
2799.47
2799.47
2799.43
2799.38
2799.28
2799.19
2799.09
2799
2798.88
2798.74
2798.56
2798.32
2798.01
2797.61
2797.05
2796.35
2795.45
2794.29
2792.78
2790.83
2788.54
2786.35
2786.83
2782.6
2783.49
2784.93
2786.81
2788.9
2790.61
2792.25
2793.49
2794.84
2795.61
2796.18
2796.62
2797.21
2797.74
2798.12
2798.48
2798.83
2799.17
2799.44
2799.7
2799.95
2800.18
2800.38
2800.57
2800.75
2800.94
2801.08
2801.2
2801.19
2801.36
2801.32
2801.31
2801.3
2801.28
2801.31
2801.37
2801.43
2801.5
2801.59
2801.71
2801.93
2802.12
2802.36
2802.59
2802.77
2803.01
2803.23
2803.45
2803.7
2803.96
2804.19
2804.55
2805.06
2805.55
2806.36
2807.37
2808.66
2810.16
2811.95
2813.87
2815.88
2818.14
2820.86
2823.91
2827.36
2830.98
2835.09
2840.44
2846.17
2849.15
2837.07
2800.67
2800.67
2800.68
2800.61
2800.52
2800.37
2800.23
2800.09
2800.01
2799.98
2800.01
2800.04
2800.07
2800.11
2800.19
2800.41
2800.66
2801
2801.12
2801.13
2800.99
2800.75
2800.39
2800.07
2799.82
2799.66
2799.56
2799.51
2799.51
2799.47
2799.42
2799.32
2799.23
2799.13
2799.04
2798.92
2798.78
2798.6
2798.36
2798.06
2797.65
2797.1
2796.39
2795.49
2794.31
2792.78
2790.8
2788.45
2786.24
2786.78
2782.29
2783.47
2784.91
2786.84
2788.94
2790.67
2792.33
2793.54
2794.92
2795.68
2796.25
2796.72
2797.31
2797.83
2798.22
2798.58
2798.95
2799.28
2799.57
2799.83
2800.09
2800.32
2800.54
2800.73
2800.92
2801.11
2801.26
2801.38
2801.39
2801.55
2801.52
2801.52
2801.52
2801.51
2801.54
2801.59
2801.66
2801.72
2801.81
2801.92
2802.14
2802.33
2802.56
2802.78
2802.96
2803.19
2803.41
2803.64
2803.88
2804.14
2804.37
2804.72
2805.22
2805.71
2806.5
2807.5
2808.78
2810.26
2812.03
2813.93
2815.91
2818.14
2820.8
2823.79
2827.17
2830.66
2834.58
2839.6
2844.94
2847.08
2833.53
2800.69
2800.69
2800.7
2800.63
2800.54
2800.39
2800.26
2800.11
2800.03
2800
2800.03
2800.06
2800.1
2800.14
2800.22
2800.44
2800.7
2801.04
2801.17
2801.19
2801.04
2800.81
2800.44
2800.11
2799.86
2799.71
2799.6
2799.54
2799.55
2799.51
2799.46
2799.36
2799.27
2799.17
2799.07
2798.96
2798.82
2798.64
2798.41
2798.1
2797.69
2797.14
2796.44
2795.52
2794.32
2792.78
2790.77
2788.36
2786.17
2786.67
2782
2783.46
2784.9
2786.88
2788.99
2790.73
2792.42
2793.59
2795
2795.74
2796.33
2796.83
2797.41
2797.93
2798.34
2798.7
2799.07
2799.41
2799.7
2799.96
2800.23
2800.47
2800.69
2800.89
2801.09
2801.29
2801.45
2801.57
2801.6
2801.74
2801.73
2801.75
2801.76
2801.74
2801.78
2801.83
2801.9
2801.96
2802.04
2802.15
2802.36
2802.54
2802.77
2802.99
2803.16
2803.39
2803.61
2803.83
2804.07
2804.32
2804.55
2804.89
2805.39
2805.87
2806.66
2807.65
2808.91
2810.37
2812.11
2814
2815.94
2818.13
2820.74
2823.67
2826.96
2830.33
2834.04
2838.69
2843.63
2844.99
2830
2800.71
2800.71
2800.72
2800.66
2800.56
2800.41
2800.28
2800.13
2800.06
2800.03
2800.06
2800.09
2800.13
2800.17
2800.25
2800.48
2800.74
2801.09
2801.22
2801.24
2801.1
2800.86
2800.49
2800.16
2799.9
2799.75
2799.64
2799.58
2799.59
2799.54
2799.49
2799.39
2799.3
2799.2
2799.11
2799
2798.86
2798.68
2798.45
2798.14
2797.73
2797.19
2796.48
2795.56
2794.34
2792.77
2790.73
2788.27
2786.14
2786.48
2781.74
2783.43
2784.88
2786.92
2789.04
2790.79
2792.51
2793.65
2795.08
2795.8
2796.41
2796.93
2797.52
2798.04
2798.44
2798.82
2799.19
2799.53
2799.83
2800.11
2800.38
2800.63
2800.86
2801.07
2801.27
2801.47
2801.64
2801.77
2801.81
2801.95
2801.95
2801.98
2802
2801.99
2802.03
2802.09
2802.15
2802.21
2802.29
2802.39
2802.59
2802.77
2802.99
2803.21
2803.37
2803.6
2803.81
2804.03
2804.27
2804.52
2804.74
2805.07
2805.57
2806.05
2806.82
2807.8
2809.04
2810.49
2812.2
2814.06
2815.98
2818.13
2820.66
2823.53
2826.74
2829.97
2833.48
2837.73
2842.23
2842.79
2826.49
2800.72
2800.73
2800.74
2800.68
2800.58
2800.43
2800.3
2800.16
2800.09
2800.06
2800.09
2800.12
2800.16
2800.21
2800.29
2800.52
2800.78
2801.14
2801.28
2801.3
2801.16
2800.92
2800.55
2800.21
2799.95
2799.79
2799.68
2799.62
2799.63
2799.58
2799.53
2799.43
2799.34
2799.24
2799.15
2799.04
2798.91
2798.73
2798.49
2798.19
2797.78
2797.23
2796.53
2795.59
2794.35
2792.75
2790.7
2788.19
2786.16
2786.19
2781.53
2783.41
2784.86
2786.96
2789.09
2790.85
2792.6
2793.71
2795.17
2795.87
2796.5
2797.05
2797.62
2798.15
2798.56
2798.94
2799.32
2799.66
2799.98
2800.25
2800.53
2800.79
2801.03
2801.25
2801.45
2801.66
2801.84
2801.97
2802.04
2802.17
2802.19
2802.22
2802.26
2802.26
2802.3
2802.36
2802.42
2802.48
2802.55
2802.65
2802.84
2803.02
2803.23
2803.44
2803.6
2803.82
2804.03
2804.24
2804.47
2804.72
2804.95
2805.27
2805.76
2806.23
2806.99
2807.96
2809.18
2810.62
2812.3
2814.13
2816.01
2818.12
2820.59
2823.38
2826.5
2829.59
2832.89
2836.7
2840.68
2840.42
2822.98
2800.74
2800.75
2800.76
2800.7
2800.6
2800.46
2800.33
2800.18
2800.11
2800.09
2800.12
2800.15
2800.2
2800.24
2800.32
2800.55
2800.82
2801.19
2801.33
2801.36
2801.22
2800.98
2800.6
2800.26
2800
2799.83
2799.73
2799.66
2799.67
2799.62
2799.57
2799.47
2799.38
2799.28
2799.19
2799.08
2798.95
2798.77
2798.54
2798.23
2797.82
2797.28
2796.57
2795.62
2794.35
2792.72
2790.65
2788.11
2786.24
2785.8
2781.34
2783.37
2784.85
2787.01
2789.14
2790.92
2792.69
2793.77
2795.28
2795.94
2796.59
2797.16
2797.73
2798.26
2798.68
2799.08
2799.45
2799.8
2800.12
2800.41
2800.7
2800.96
2801.21
2801.43
2801.64
2801.86
2802.05
2802.19
2802.27
2802.4
2802.43
2802.47
2802.53
2802.54
2802.58
2802.64
2802.71
2802.76
2802.83
2802.92
2803.1
2803.27
2803.48
2803.69
2803.84
2804.06
2804.25
2804.47
2804.7
2804.94
2805.16
2805.48
2805.96
2806.43
2807.16
2808.12
2809.32
2810.75
2812.4
2814.2
2816.04
2818.11
2820.51
2823.21
2826.24
2829.19
2832.28
2835.63
2838.98
2837.87
2819.43
2800.76
2800.77
2800.78
2800.73
2800.63
2800.48
2800.35
2800.21
2800.14
2800.12
2800.15
2800.19
2800.23
2800.27
2800.36
2800.59
2800.87
2801.24
2801.39
2801.42
2801.28
2801.04
2800.66
2800.31
2800.04
2799.88
2799.77
2799.7
2799.71
2799.66
2799.61
2799.51
2799.42
2799.32
2799.23
2799.12
2798.99
2798.81
2798.58
2798.28
2797.87
2797.33
2796.62
2795.66
2794.35
2792.68
2790.59
2788.03
2786.35
2785.33
2781.19
2783.34
2784.85
2787.06
2789.21
2790.99
2792.77
2793.84
2795.39
2796.02
2796.69
2797.28
2797.84
2798.37
2798.81
2799.21
2799.59
2799.95
2800.28
2800.57
2800.86
2801.13
2801.39
2801.63
2801.85
2802.07
2802.27
2802.42
2802.52
2802.65
2802.69
2802.73
2802.81
2802.83
2802.88
2802.94
2803.01
2803.06
2803.12
2803.2
2803.37
2803.54
2803.74
2803.94
2804.09
2804.3
2804.49
2804.7
2804.93
2805.17
2805.39
2805.7
2806.17
2806.63
2807.35
2808.3
2809.48
2810.89
2812.5
2814.27
2816.07
2818.11
2820.43
2823.04
2825.96
2828.77
2831.63
2834.52
2837.15
2835.13
2815.83
2800.78
2800.79
2800.81
2800.75
2800.65
2800.51
2800.38
2800.24
2800.17
2800.15
2800.19
2800.22
2800.26
2800.31
2800.4
2800.63
2800.91
2801.3
2801.45
2801.49
2801.34
2801.1
2800.72
2800.37
2800.09
2799.92
2799.81
2799.75
2799.75
2799.7
2799.65
2799.55
2799.46
2799.36
2799.27
2799.16
2799.03
2798.86
2798.63
2798.32
2797.92
2797.38
2796.67
2795.69
2794.35
2792.63
2790.52
2787.96
2786.5
2784.8
2781.08
2783.29
2784.85
2787.12
2789.28
2791.07
2792.83
2793.92
2795.5
2796.1
2796.8
2797.4
2797.96
2798.49
2798.94
2799.35
2799.73
2800.1
2800.44
2800.74
2801.04
2801.32
2801.59
2801.83
2802.06
2802.29
2802.5
2802.66
2802.78
2802.9
2802.97
2803.01
2803.1
2803.14
2803.19
2803.26
2803.32
2803.37
2803.43
2803.51
2803.66
2803.83
2804.02
2804.22
2804.35
2804.56
2804.75
2804.95
2805.17
2805.41
2805.63
2805.94
2806.39
2806.85
2807.55
2808.5
2809.65
2811.04
2812.62
2814.34
2816.1
2818.11
2820.34
2822.84
2825.66
2828.32
2830.95
2833.39
2835.22
2832.21
2812.15
2800.8
2800.82
2800.83
2800.78
2800.68
2800.53
2800.4
2800.27
2800.2
2800.18
2800.22
2800.26
2800.3
2800.35
2800.43
2800.68
2800.96
2801.36
2801.51
2801.55
2801.41
2801.17
2800.78
2800.42
2800.14
2799.97
2799.86
2799.79
2799.79
2799.74
2799.69
2799.59
2799.5
2799.4
2799.31
2799.2
2799.08
2798.9
2798.67
2798.37
2797.97
2797.44
2796.72
2795.72
2794.35
2792.58
2790.45
2787.88
2786.67
2784.22
2781.01
2783.24
2784.86
2787.2
2789.36
2791.15
2792.87
2794.02
2795.63
2796.18
2796.91
2797.53
2798.08
2798.61
2799.07
2799.5
2799.89
2800.25
2800.6
2800.92
2801.22
2801.51
2801.79
2802.04
2802.28
2802.52
2802.74
2802.92
2803.05
2803.18
2803.26
2803.31
2803.4
2803.46
2803.53
2803.6
2803.66
2803.7
2803.75
2803.82
2803.97
2804.13
2804.31
2804.5
2804.63
2804.83
2805.02
2805.21
2805.43
2805.66
2805.89
2806.19
2806.62
2807.08
2807.76
2808.7
2809.83
2811.2
2812.73
2814.41
2816.13
2818.11
2820.25
2822.63
2825.34
2827.83
2830.23
2832.23
2833.24
2829.22
2808.37
2800.82
2800.84
2800.86
2800.8
2800.71
2800.56
2800.43
2800.3
2800.24
2800.22
2800.26
2800.29
2800.34
2800.38
2800.47
2800.72
2801.01
2801.41
2801.57
2801.62
2801.47
2801.23
2800.84
2800.47
2800.19
2800.02
2799.9
2799.83
2799.83
2799.78
2799.73
2799.63
2799.54
2799.44
2799.35
2799.25
2799.12
2798.95
2798.72
2798.42
2798.02
2797.49
2796.78
2795.76
2794.35
2792.53
2790.37
2787.79
2786.81
2783.63
2780.97
2783.18
2784.89
2787.28
2789.47
2791.26
2792.89
2794.12
2795.75
2796.26
2797.03
2797.65
2798.2
2798.73
2799.21
2799.65
2800.04
2800.42
2800.77
2801.1
2801.41
2801.71
2802
2802.27
2802.52
2802.76
2802.99
2803.18
2803.34
2803.47
2803.56
2803.62
2803.71
2803.8
2803.88
2803.95
2804.01
2804.05
2804.1
2804.16
2804.29
2804.45
2804.62
2804.8
2804.93
2805.12
2805.3
2805.49
2805.71
2805.94
2806.16
2806.46
2806.87
2807.32
2807.99
2808.91
2810.03
2811.37
2812.86
2814.49
2816.17
2818.11
2820.15
2822.4
2825
2827.32
2829.48
2831.05
2831.25
2826.15
2804.51
2800.84
2800.87
2800.88
2800.83
2800.74
2800.59
2800.46
2800.33
2800.27
2800.25
2800.29
2800.33
2800.38
2800.42
2800.52
2800.77
2801.06
2801.47
2801.64
2801.68
2801.54
2801.3
2800.9
2800.53
2800.24
2800.06
2799.94
2799.87
2799.87
2799.82
2799.77
2799.67
2799.58
2799.48
2799.39
2799.29
2799.17
2798.99
2798.76
2798.46
2798.07
2797.55
2796.83
2795.8
2794.35
2792.48
2790.28
2787.7
2786.87
2783.07
2780.96
2783.12
2784.92
2787.38
2789.59
2791.38
2792.88
2794.25
2795.89
2796.36
2797.16
2797.77
2798.32
2798.87
2799.34
2799.8
2800.21
2800.59
2800.95
2801.29
2801.61
2801.92
2802.22
2802.5
2802.76
2803.02
2803.25
2803.46
2803.63
2803.77
2803.88
2803.95
2804.05
2804.15
2804.25
2804.32
2804.38
2804.42
2804.46
2804.52
2804.64
2804.78
2804.94
2805.12
2805.24
2805.43
2805.6
2805.78
2806
2806.22
2806.45
2806.74
2807.13
2807.58
2808.23
2809.13
2810.23
2811.54
2813
2814.57
2816.2
2818.1
2820.04
2822.16
2824.62
2826.77
2828.67
2829.84
2829.24
2823.1
2800.6
2800.87
2800.89
2800.91
2800.86
2800.77
2800.61
2800.49
2800.36
2800.3
2800.29
2800.33
2800.37
2800.41
2800.46
2800.56
2800.81
2801.11
2801.53
2801.7
2801.75
2801.61
2801.36
2800.96
2800.59
2800.3
2800.11
2799.99
2799.91
2799.91
2799.87
2799.81
2799.71
2799.62
2799.52
2799.44
2799.33
2799.21
2799.03
2798.81
2798.51
2798.12
2797.61
2796.89
2795.84
2794.36
2792.44
2790.2
2787.6
2786.83
2782.57
2780.96
2783.06
2784.97
2787.48
2789.72
2791.52
2792.84
2794.39
2796.02
2796.46
2797.28
2797.9
2798.45
2799
2799.49
2799.96
2800.37
2800.77
2801.14
2801.49
2801.82
2802.14
2802.44
2802.74
2803.01
2803.28
2803.53
2803.75
2803.94
2804.09
2804.21
2804.3
2804.41
2804.51
2804.63
2804.71
2804.77
2804.81
2804.85
2804.9
2805.01
2805.14
2805.29
2805.45
2805.57
2805.75
2805.92
2806.09
2806.3
2806.53
2806.76
2807.04
2807.42
2807.86
2808.49
2809.38
2810.45
2811.73
2813.14
2814.66
2816.24
2818.1
2819.93
2821.9
2824.22
2826.19
2827.82
2828.6
2827.24
2820.04
2796.67
2800.89
2800.92
2800.94
2800.89
2800.8
2800.64
2800.52
2800.4
2800.34
2800.32
2800.37
2800.41
2800.46
2800.51
2800.6
2800.86
2801.17
2801.59
2801.77
2801.82
2801.68
2801.43
2801.03
2800.64
2800.35
2800.16
2800.03
2799.96
2799.95
2799.91
2799.85
2799.75
2799.66
2799.56
2799.48
2799.37
2799.25
2799.08
2798.85
2798.55
2798.17
2797.67
2796.95
2795.89
2794.38
2792.4
2790.12
2787.5
2786.68
2782.15
2780.97
2783.01
2785.03
2787.6
2789.87
2791.69
2792.8
2794.55
2796.14
2796.57
2797.41
2798.02
2798.58
2799.14
2799.64
2800.12
2800.55
2800.95
2801.34
2801.7
2802.04
2802.36
2802.68
2802.98
2803.28
2803.55
2803.82
2804.06
2804.27
2804.42
2804.56
2804.67
2804.78
2804.9
2805.02
2805.12
2805.18
2805.23
2805.26
2805.3
2805.39
2805.52
2805.65
2805.81
2805.92
2806.09
2806.25
2806.42
2806.63
2806.85
2807.08
2807.35
2807.72
2808.15
2808.75
2809.63
2810.68
2811.92
2813.29
2814.75
2816.27
2818.08
2819.81
2821.64
2823.78
2825.56
2826.9
2827.32
2825.18
2816.92
2792.84
2800.92
2800.95
2800.97
2800.92
2800.83
2800.67
2800.55
2800.43
2800.38
2800.36
2800.41
2800.45
2800.5
2800.55
2800.65
2800.91
2801.22
2801.65
2801.83
2801.88
2801.74
2801.49
2801.09
2800.7
2800.4
2800.21
2800.08
2800
2799.99
2799.95
2799.89
2799.79
2799.71
2799.6
2799.52
2799.42
2799.29
2799.12
2798.89
2798.6
2798.23
2797.73
2797.01
2795.95
2794.41
2792.39
2790.06
2787.37
2786.43
2781.8
2780.99
2782.97
2785.09
2787.71
2790.02
2791.88
2792.79
2794.73
2796.25
2796.69
2797.54
2798.15
2798.72
2799.29
2799.8
2800.29
2800.73
2801.14
2801.54
2801.91
2802.26
2802.6
2802.93
2803.24
2803.55
2803.84
2804.12
2804.38
2804.6
2804.77
2804.92
2805.05
2805.18
2805.31
2805.44
2805.55
2805.62
2805.67
2805.69
2805.72
2805.8
2805.92
2806.04
2806.18
2806.29
2806.45
2806.61
2806.77
2806.98
2807.2
2807.42
2807.69
2808.04
2808.46
2809.05
2809.9
2810.92
2812.13
2813.45
2814.85
2816.32
2818.07
2819.68
2821.38
2823.32
2824.88
2825.92
2825.98
2823.08
2813.84
2789.13
2800.94
2800.98
2801
2800.95
2800.86
2800.7
2800.58
2800.47
2800.42
2800.4
2800.45
2800.49
2800.54
2800.59
2800.69
2800.96
2801.28
2801.72
2801.9
2801.95
2801.81
2801.56
2801.16
2800.76
2800.45
2800.25
2800.12
2800.04
2800.03
2799.98
2799.93
2799.83
2799.74
2799.64
2799.56
2799.46
2799.33
2799.16
2798.93
2798.64
2798.28
2797.8
2797.08
2796.01
2794.45
2792.39
2790.02
2787.18
2786.11
2781.54
2781.01
2782.95
2785.17
2787.83
2790.17
2792.1
2792.81
2794.93
2796.33
2796.81
2797.66
2798.29
2798.85
2799.44
2799.96
2800.46
2800.92
2801.34
2801.75
2802.13
2802.5
2802.85
2803.18
2803.52
2803.84
2804.14
2804.44
2804.71
2804.95
2805.14
2805.31
2805.45
2805.59
2805.74
2805.88
2806
2806.07
2806.13
2806.15
2806.17
2806.24
2806.34
2806.44
2806.58
2806.68
2806.83
2806.99
2807.14
2807.34
2807.56
2807.78
2808.04
2808.38
2808.79
2809.36
2810.18
2811.17
2812.34
2813.62
2814.95
2816.36
2818.04
2819.54
2821.12
2822.83
2824.14
2824.85
2824.54
2820.9
2810.66
2785.49
2800.97
2801.01
2801.03
2800.98
2800.89
2800.73
2800.61
2800.5
2800.45
2800.44
2800.49
2800.53
2800.58
2800.64
2800.74
2801.01
2801.33
2801.78
2801.96
2802.02
2801.88
2801.63
2801.22
2800.81
2800.5
2800.3
2800.16
2800.08
2800.07
2800.02
2799.97
2799.87
2799.78
2799.68
2799.6
2799.49
2799.37
2799.2
2798.97
2798.69
2798.34
2797.87
2797.16
2796.08
2794.5
2792.42
2789.98
2786.92
2785.77
2781.34
2781.04
2782.94
2785.26
2787.95
2790.32
2792.36
2792.88
2795.13
2796.41
2796.95
2797.8
2798.41
2799
2799.59
2800.13
2800.64
2801.12
2801.55
2801.97
2802.37
2802.74
2803.1
2803.45
2803.8
2804.14
2804.46
2804.77
2805.06
2805.31
2805.52
2805.71
2805.87
2806.02
2806.19
2806.34
2806.47
2806.55
2806.61
2806.63
2806.65
2806.7
2806.79
2806.87
2807
2807.1
2807.23
2807.39
2807.53
2807.73
2807.94
2808.16
2808.42
2808.76
2809.16
2809.7
2810.5
2811.45
2812.56
2813.81
2815.07
2816.43
2818.01
2819.39
2820.86
2822.32
2823.35
2823.7
2822.93
2818.58
2807.36
2781.81
2801
2801.04
2801.06
2801.01
2800.92
2800.76
2800.65
2800.54
2800.49
2800.48
2800.53
2800.57
2800.63
2800.69
2800.79
2801.06
2801.39
2801.84
2802.03
2802.08
2801.94
2801.69
2801.28
2800.87
2800.55
2800.34
2800.2
2800.12
2800.1
2800.06
2800.01
2799.91
2799.82
2799.72
2799.63
2799.53
2799.41
2799.23
2799
2798.73
2798.4
2797.94
2797.24
2796.16
2794.56
2792.44
2789.97
2786.64
2785.42
2781.21
2781.1
2782.97
2785.37
2788.06
2790.45
2792.67
2792.99
2795.29
2796.49
2797.08
2797.91
2798.56
2799.15
2799.75
2800.3
2800.83
2801.31
2801.76
2802.19
2802.61
2803
2803.37
2803.73
2804.09
2804.45
2804.79
2805.11
2805.42
2805.69
2805.92
2806.13
2806.3
2806.48
2806.66
2806.82
2806.96
2807.06
2807.12
2807.14
2807.15
2807.19
2807.26
2807.33
2807.43
2807.53
2807.66
2807.81
2807.95
2808.14
2808.34
2808.57
2808.82
2809.15
2809.53
2810.04
2810.81
2811.73
2812.8
2814
2815.2
2816.48
2817.96
2819.21
2820.58
2821.8
2822.52
2822.51
2821.15
2816.08
2803.89
2777.98
2801.03
2801.07
2801.09
2801.05
2800.96
2800.79
2800.68
2800.57
2800.53
2800.52
2800.57
2800.62
2800.67
2800.73
2800.84
2801.11
2801.44
2801.9
2802.09
2802.15
2802
2801.75
2801.34
2800.93
2800.6
2800.38
2800.24
2800.15
2800.13
2800.09
2800.04
2799.94
2799.85
2799.75
2799.66
2799.56
2799.44
2799.26
2799.04
2798.77
2798.46
2798.02
2797.33
2796.24
2794.61
2792.4
2789.88
2786.46
2785.1
2781.15
2781.19
2783.01
2785.49
2788.19
2790.6
2792.96
2793.22
2795.41
2796.58
2797.25
2798.05
2798.69
2799.3
2799.91
2800.48
2801.02
2801.52
2801.98
2802.43
2802.86
2803.26
2803.65
2804.03
2804.4
2804.78
2805.13
2805.47
2805.79
2806.08
2806.34
2806.57
2806.77
2806.97
2807.15
2807.33
2807.48
2807.59
2807.65
2807.67
2807.67
2807.7
2807.76
2807.82
2807.91
2808
2808.12
2808.25
2808.39
2808.57
2808.77
2808.99
2809.26
2809.58
2809.94
2810.44
2811.17
2812.04
2813.06
2814.2
2815.34
2816.55
2817.91
2819.04
2820.25
2821.26
2821.65
2821.31
2819.2
2813.39
2800.34
2773.99
2801.06
2801.1
2801.13
2801.08
2800.99
2800.82
2800.72
2800.61
2800.57
2800.56
2800.62
2800.66
2800.72
2800.78
2800.89
2801.16
2801.5
2801.95
2802.15
2802.21
2802.07
2801.81
2801.4
2800.98
2800.65
2800.42
2800.27
2800.18
2800.16
2800.11
2800.07
2799.97
2799.88
2799.78
2799.69
2799.59
2799.47
2799.28
2799.07
2798.82
2798.53
2798.1
2797.42
2796.32
2794.64
2792.34
2789.71
2786.39
2784.78
2781.17
2781.33
2783.11
2785.63
2788.35
2790.79
2793.18
2793.53
2795.5
2796.67
2797.35
2798.16
2798.83
2799.45
2800.08
2800.67
2801.21
2801.73
2802.21
2802.67
2803.12
2803.54
2803.94
2804.33
2804.72
2805.12
2805.49
2805.85
2806.19
2806.49
2806.78
2807.02
2807.23
2807.46
2807.66
2807.86
2808.01
2808.14
2808.21
2808.23
2808.23
2808.25
2808.28
2808.32
2808.4
2808.49
2808.6
2808.73
2808.86
2809.04
2809.23
2809.46
2809.71
2810.02
2810.36
2810.83
2811.53
2812.36
2813.33
2814.42
2815.5
2816.62
2817.85
2818.86
2819.87
2820.73
2820.78
2820.11
2817.17
2810.64
2796.7
2769.93
2801.09
2801.14
2801.16
2801.11
2801.02
2800.85
2800.75
2800.65
2800.61
2800.6
2800.66
2800.71
2800.76
2800.83
2800.94
2801.21
2801.55
2802.01
2802.21
2802.27
2802.13
2801.87
2801.46
2801.03
2800.69
2800.45
2800.3
2800.2
2800.18
2800.13
2800.09
2799.99
2799.9
2799.8
2799.72
2799.62
2799.49
2799.31
2799.09
2798.86
2798.59
2798.18
2797.51
2796.39
2794.68
2792.3
2789.47
2786.34
2784.5
2781.26
2781.51
2783.25
2785.79
2788.54
2791.03
2793.43
2793.8
2795.61
2796.78
2797.49
2798.28
2798.97
2799.61
2800.25
2800.85
2801.42
2801.95
2802.45
2802.93
2803.38
2803.82
2804.24
2804.65
2805.06
2805.47
2805.86
2806.24
2806.59
2806.92
2807.23
2807.5
2807.75
2808
2808.23
2808.42
2808.58
2808.72
2808.79
2808.82
2808.82
2808.82
2808.84
2808.87
2808.94
2809.01
2809.11
2809.23
2809.35
2809.52
2809.72
2809.94
2810.19
2810.49
2810.83
2811.28
2811.94
2812.73
2813.63
2814.64
2815.67
2816.69
2817.76
2818.66
2819.45
2820.13
2819.87
2818.9
2815.08
2807.84
2793.23
2765.8
2801.12
2801.17
2801.19
2801.15
2801.06
2800.88
2800.78
2800.68
2800.65
2800.64
2800.7
2800.75
2800.81
2800.87
2800.98
2801.26
2801.6
2802.06
2802.27
2802.33
2802.18
2801.93
2801.51
2801.08
2800.73
2800.48
2800.32
2800.22
2800.19
2800.15
2800.1
2800.01
2799.92
2799.82
2799.74
2799.63
2799.5
2799.32
2799.12
2798.9
2798.66
2798.26
2797.59
2796.46
2794.74
2792.31
2789.18
2786.27
2784.29
2781.42
2781.73
2783.44
2785.99
2788.74
2791.31
2793.73
2794.03
2795.72
2796.85
2797.61
2798.42
2799.12
2799.77
2800.43
2801.05
2801.62
2802.17
2802.69
2803.19
2803.66
2804.12
2804.55
2804.98
2805.41
2805.84
2806.25
2806.65
2807.02
2807.38
2807.7
2807.98
2808.25
2808.51
2808.76
2808.99
2809.21
2809.33
2809.4
2809.43
2809.43
2809.42
2809.43
2809.44
2809.49
2809.57
2809.65
2809.76
2809.88
2810.05
2810.25
2810.47
2810.7
2810.98
2811.3
2811.74
2812.36
2813.1
2813.95
2814.88
2815.87
2816.8
2817.65
2818.46
2819.04
2819.54
2819
2817.61
2813.07
2805.21
2789.73
2761.88
2801.16
2801.21
2801.23
2801.18
2801.09
2800.91
2800.82
2800.72
2800.68
2800.68
2800.74
2800.8
2800.85
2800.92
2801.03
2801.31
2801.65
2802.11
2802.32
2802.38
2802.23
2801.98
2801.56
2801.12
2800.76
2800.5
2800.34
2800.23
2800.2
2800.15
2800.11
2800.02
2799.93
2799.83
2799.75
2799.65
2799.51
2799.33
2799.14
2798.95
2798.73
2798.34
2797.66
2796.51
2794.77
2792.3
2788.91
2786.25
2784.17
2781.63
2782
2783.69
2786.22
2789.01
2791.71
2793.9
2794.28
2795.83
2796.94
2797.73
2798.54
2799.26
2799.94
2800.61
2801.24
2801.83
2802.4
2802.94
2803.45
2803.95
2804.42
2804.88
2805.33
2805.77
2806.22
2806.65
2807.06
2807.46
2807.84
2808.19
2808.5
2808.79
2809.08
2809.34
2809.58
2809.78
2809.96
2810.05
2810.06
2810.07
2810.05
2810.04
2810.06
2810.09
2810.15
2810.22
2810.32
2810.44
2810.6
2810.8
2811.01
2811.24
2811.5
2811.83
2812.25
2812.84
2813.52
2814.29
2815.13
2816.02
2816.83
2817.57
2818.19
2818.57
2818.82
2818.04
2816.27
2811.09
2802.56
2786.52
2757.94
2801.2
2801.25
2801.26
2801.22
2801.13
2800.94
2800.85
2800.75
2800.72
2800.72
2800.78
2800.84
2800.89
2800.96
2801.08
2801.36
2801.7
2802.16
2802.37
2802.43
2802.28
2802.03
2801.6
2801.15
2800.78
2800.52
2800.35
2800.24
2800.2
2800.16
2800.12
2800.03
2799.94
2799.84
2799.75
2799.65
2799.52
2799.34
2799.16
2799
2798.79
2798.41
2797.72
2796.55
2794.76
2792.22
2788.76
2786.26
2784.13
2781.92
2782.32
2784.02
2786.51
2789.33
2792.11
2793.95
2794.56
2795.94
2797.04
2797.86
2798.67
2799.41
2800.1
2800.8
2801.44
2802.04
2802.63
2803.19
2803.73
2804.24
2804.74
2805.21
2805.68
2806.15
2806.61
2807.07
2807.51
2807.92
2808.32
2808.68
2809.02
2809.34
2809.64
2809.93
2810.21
2810.47
2810.66
2810.7
2810.74
2810.73
2810.72
2810.7
2810.7
2810.72
2810.77
2810.83
2810.92
2811.04
2811.2
2811.39
2811.59
2811.81
2812.06
2812.37
2812.77
2813.31
2813.95
2814.65
2815.42
2816.21
2816.93
2817.54
2817.98
2818.16
2818.15
2817.13
2814.74
2809.12
2799.98
2783.04
2753.86
2801.24
2801.28
2801.3
2801.25
2801.16
2800.97
2800.88
2800.78
2800.75
2800.76
2800.82
2800.88
2800.93
2801
2801.12
2801.4
2801.74
2802.2
2802.42
2802.47
2802.32
2802.07
2801.64
2801.18
2800.8
2800.53
2800.35
2800.24
2800.2
2800.16
2800.12
2800.03
2799.94
2799.84
2799.75
2799.65
2799.52
2799.35
2799.18
2799.04
2798.85
2798.47
2797.77
2796.57
2794.75
2792.12
2788.71
2786.32
2784.18
2782.26
2782.72
2784.42
2786.87
2789.66
2792.42
2794.06
2794.81
2796.06
2797.14
2797.98
2798.8
2799.55
2800.27
2800.98
2801.64
2802.26
2802.87
2803.45
2804.01
2804.55
2805.06
2805.56
2806.05
2806.54
2807.03
2807.5
2807.96
2808.39
2808.81
2809.2
2809.57
2809.91
2810.23
2810.55
2810.85
2811.09
2811.28
2811.41
2811.49
2811.48
2811.4
2811.38
2811.38
2811.39
2811.42
2811.47
2811.55
2811.66
2811.81
2811.99
2812.19
2812.41
2812.67
2812.96
2813.35
2813.84
2814.41
2815.02
2815.68
2816.37
2816.98
2817.44
2817.69
2817.67
2817.34
2815.94
2813.16
2807.04
2797.04
2779.44
2749.71
2801.28
2801.33
2801.34
2801.29
2801.19
2801
2800.91
2800.81
2800.78
2800.79
2800.86
2800.91
2800.97
2801.04
2801.16
2801.45
2801.78
2802.24
2802.46
2802.51
2802.36
2802.09
2801.66
2801.2
2800.81
2800.54
2800.36
2800.24
2800.2
2800.15
2800.11
2800.03
2799.94
2799.84
2799.75
2799.64
2799.51
2799.35
2799.2
2799.08
2798.9
2798.52
2797.81
2796.59
2794.73
2792.03
2788.76
2786.4
2784.27
2782.65
2783.18
2784.9
2787.31
2790.06
2792.7
2794.19
2795.02
2796.19
2797.24
2798.1
2798.92
2799.69
2800.44
2801.16
2801.83
2802.48
2803.11
2803.72
2804.3
2804.86
2805.4
2805.92
2806.43
2806.94
2807.45
2807.95
2808.44
2808.89
2809.32
2809.74
2810.13
2810.49
2810.84
2811.18
2811.5
2811.78
2811.99
2812.12
2812.16
2812.18
2812.15
2812.11
2812.09
2812.09
2812.11
2812.16
2812.23
2812.35
2812.48
2812.65
2812.85
2813.06
2813.3
2813.58
2813.93
2814.37
2814.88
2815.43
2816.02
2816.61
2817.13
2817.42
2817.47
2817.26
2816.6
2814.9
2811.43
2804.84
2794.07
2775.81
2745.49
2801.33
2801.37
2801.38
2801.32
2801.23
2801.03
2800.94
2800.84
2800.81
2800.82
2800.89
2800.95
2801
2801.08
2801.2
2801.48
2801.82
2802.27
2802.49
2802.53
2802.37
2802.11
2801.67
2801.21
2800.82
2800.54
2800.35
2800.23
2800.18
2800.14
2800.1
2800.02
2799.93
2799.83
2799.74
2799.63
2799.5
2799.34
2799.22
2799.12
2798.94
2798.56
2797.83
2796.6
2794.71
2791.96
2788.88
2786.58
2784.49
2783.11
2783.68
2785.45
2787.82
2790.49
2792.91
2794.31
2795.19
2796.3
2797.33
2798.2
2799.04
2799.83
2800.6
2801.33
2802.03
2802.7
2803.35
2803.98
2804.59
2805.17
2805.74
2806.29
2806.83
2807.37
2807.9
2808.42
2808.93
2809.41
2809.87
2810.3
2810.71
2811.1
2811.47
2811.83
2812.18
2812.48
2812.72
2812.88
2812.96
2813
2812.95
2812.93
2812.91
2812.87
2812.85
2812.87
2812.93
2813.02
2813.15
2813.32
2813.52
2813.74
2813.97
2814.24
2814.57
2814.97
2815.4
2815.85
2816.34
2816.82
2817.2
2817.3
2817.19
2816.79
2815.84
2813.74
2809.62
2802.65
2791.12
2772.18
2741.51
2801.38
2801.42
2801.42
2801.36
2801.26
2801.05
2800.96
2800.86
2800.84
2800.85
2800.92
2800.98
2801.03
2801.12
2801.24
2801.52
2801.85
2802.29
2802.51
2802.54
2802.38
2802.12
2801.68
2801.22
2800.82
2800.53
2800.33
2800.21
2800.15
2800.11
2800.08
2800
2799.92
2799.82
2799.72
2799.61
2799.48
2799.34
2799.23
2799.15
2798.97
2798.58
2797.83
2796.59
2794.67
2791.93
2789.04
2786.84
2784.8
2783.65
2784.26
2786.05
2788.36
2790.91
2793.1
2794.43
2795.34
2796.42
2797.43
2798.31
2799.15
2799.96
2800.75
2801.5
2802.22
2802.92
2803.59
2804.25
2804.88
2805.5
2806.09
2806.66
2807.23
2807.79
2808.35
2808.89
2809.43
2809.93
2810.41
2810.87
2811.31
2811.72
2812.11
2812.5
2812.87
2813.2
2813.46
2813.65
2813.75
2813.75
2813.73
2813.67
2813.63
2813.64
2813.64
2813.66
2813.7
2813.79
2813.91
2814.07
2814.25
2814.45
2814.67
2814.91
2815.19
2815.53
2815.92
2816.34
2816.79
2817.19
2817.4
2817.33
2817.02
2816.44
2815.11
2812.59
2808.07
2800.7
2788.54
2769.22
2737.93
2801.43
2801.47
2801.46
2801.39
2801.29
2801.07
2800.98
2800.88
2800.86
2800.87
2800.94
2801.01
2801.06
2801.15
2801.27
2801.55
2801.87
2802.31
2802.51
2802.55
2802.38
2802.11
2801.67
2801.21
2800.81
2800.5
2800.29
2800.17
2800.11
2800.07
2800.04
2799.97
2799.89
2799.79
2799.7
2799.58
2799.46
2799.32
2799.24
2799.16
2798.98
2798.58
2797.82
2796.56
2794.62
2791.95
2789.28
2787.13
2785.18
2784.31
2784.93
2786.71
2788.91
2791.32
2793.3
2794.53
2795.49
2796.53
2797.52
2798.41
2799.26
2800.08
2800.89
2801.66
2802.4
2803.12
2803.83
2804.51
2805.18
2805.82
2806.44
2807.05
2807.64
2808.23
2808.81
2809.39
2809.94
2810.48
2810.98
2811.46
2811.92
2812.35
2812.77
2813.18
2813.58
2813.94
2814.22
2814.43
2814.55
2814.58
2814.57
2814.53
2814.5
2814.51
2814.52
2814.53
2814.54
2814.59
2814.69
2814.85
2815.03
2815.22
2815.42
2815.64
2815.9
2816.18
2816.48
2816.78
2817.08
2817.3
2817.34
2817.14
2816.68
2815.83
2814.15
2811.33
2806.27
2798.54
2785.73
2765.92
2734.44
2801.49
2801.52
2801.5
2801.43
2801.32
2801.09
2800.99
2800.9
2800.88
2800.89
2800.96
2801.03
2801.08
2801.18
2801.29
2801.57
2801.88
2802.31
2802.51
2802.54
2802.37
2802.1
2801.66
2801.2
2800.78
2800.46
2800.25
2800.11
2800.05
2800.01
2799.98
2799.92
2799.84
2799.75
2799.66
2799.54
2799.42
2799.3
2799.23
2799.15
2798.97
2798.56
2797.79
2796.51
2794.56
2792.04
2789.63
2787.51
2785.71
2785.08
2785.7
2787.39
2789.47
2791.69
2793.49
2794.65
2795.63
2796.64
2797.61
2798.5
2799.36
2800.19
2801.01
2801.81
2802.57
2803.32
2804.05
2804.77
2805.47
2806.14
2806.8
2807.43
2808.06
2808.67
2809.28
2809.88
2810.47
2811.03
2811.56
2812.07
2812.54
2813
2813.45
2813.88
2814.3
2814.68
2815
2815.23
2815.37
2815.42
2815.43
2815.41
2815.38
2815.36
2815.36
2815.36
2815.39
2815.45
2815.56
2815.69
2815.86
2816.04
2816.24
2816.44
2816.65
2816.87
2817.1
2817.32
2817.53
2817.66
2817.57
2817.22
2816.53
2815.39
2813.3
2810.08
2804.54
2796.44
2783.04
2762.76
2731.03
2801.55
2801.57
2801.55
2801.46
2801.35
2801.1
2801
2800.9
2800.89
2800.91
2800.97
2801.04
2801.1
2801.19
2801.31
2801.58
2801.88
2802.31
2802.5
2802.52
2802.34
2802.07
2801.63
2801.16
2800.73
2800.41
2800.18
2800.04
2799.98
2799.93
2799.91
2799.85
2799.78
2799.68
2799.59
2799.48
2799.36
2799.26
2799.19
2799.12
2798.93
2798.51
2797.73
2796.45
2794.54
2792.2
2789.93
2787.94
2786.35
2785.92
2786.56
2788.09
2790.03
2792.05
2793.66
2794.77
2795.76
2796.75
2797.69
2798.58
2799.44
2800.29
2801.13
2801.94
2802.73
2803.5
2804.26
2805.01
2805.75
2806.46
2807.15
2807.82
2808.48
2809.12
2809.77
2810.4
2811.01
2811.6
2812.16
2812.68
2813.18
2813.66
2814.13
2814.59
2815.03
2815.44
2815.79
2816.05
2816.22
2816.3
2816.33
2816.32
2816.3
2816.29
2816.3
2816.29
2816.31
2816.36
2816.45
2816.57
2816.73
2816.91
2817.08
2817.25
2817.41
2817.59
2817.75
2817.89
2817.97
2817.93
2817.65
2817.11
2816.24
2814.87
2812.45
2808.8
2802.85
2794.37
2780.41
2759.71
2727.82
2801.62
2801.63
2801.6
2801.49
2801.37
2801.1
2801.01
2800.9
2800.89
2800.91
2800.98
2801.05
2801.11
2801.2
2801.32
2801.59
2801.88
2802.29
2802.47
2802.48
2802.29
2802.02
2801.58
2801.11
2800.68
2800.34
2800.1
2799.95
2799.88
2799.84
2799.81
2799.76
2799.69
2799.6
2799.51
2799.4
2799.29
2799.19
2799.13
2799.05
2798.87
2798.44
2797.66
2796.38
2794.55
2792.38
2790.3
2788.44
2787.02
2786.74
2787.46
2788.79
2790.57
2792.39
2793.84
2794.9
2795.88
2796.84
2797.76
2798.65
2799.52
2800.38
2801.22
2802.05
2802.86
2803.66
2804.45
2805.24
2806.01
2806.76
2807.49
2808.2
2808.89
2809.57
2810.25
2810.91
2811.55
2812.17
2812.76
2813.31
2813.83
2814.33
2814.82
2815.3
2815.78
2816.22
2816.59
2816.89
2817.08
2817.2
2817.25
2817.27
2817.27
2817.27
2817.27
2817.27
2817.28
2817.33
2817.41
2817.53
2817.68
2817.85
2817.99
2818.12
2818.23
2818.35
2818.44
2818.48
2818.43
2818.22
2817.76
2817.08
2816.04
2814.43
2811.64
2807.52
2801.14
2792.25
2777.86
2756.89
2724.95
2801.69
2801.69
2801.65
2801.52
2801.39
2801.1
2801
2800.9
2800.89
2800.91
2800.98
2801.05
2801.1
2801.2
2801.31
2801.58
2801.86
2802.25
2802.41
2802.41
2802.22
2801.94
2801.51
2801.04
2800.6
2800.25
2800
2799.84
2799.77
2799.72
2799.69
2799.64
2799.58
2799.49
2799.4
2799.3
2799.19
2799.1
2799.03
2798.96
2798.77
2798.34
2797.55
2796.3
2794.59
2792.62
2790.72
2788.99
2787.76
2787.48
2788.31
2789.47
2791.11
2792.73
2794.01
2795.03
2795.99
2796.92
2797.83
2798.72
2799.59
2800.45
2801.31
2802.15
2802.98
2803.8
2804.62
2805.44
2806.25
2807.04
2807.82
2808.57
2809.3
2810.02
2810.73
2811.42
2812.1
2812.74
2813.36
2813.94
2814.48
2815
2815.51
2816.02
2816.52
2816.99
2817.4
2817.73
2817.96
2818.12
2818.2
2818.25
2818.28
2818.29
2818.31
2818.31
2818.33
2818.36
2818.43
2818.54
2818.67
2818.81
2818.93
2819.02
2819.1
2819.16
2819.19
2819.13
2818.94
2818.55
2817.91
2817.06
2815.83
2814
2810.92
2806.35
2799.57
2790.23
2775.47
2754.35
2722.42
2801.77
2801.75
2801.7
2801.55
2801.4
2801.1
2800.99
2800.89
2800.87
2800.9
2800.97
2801.04
2801.1
2801.2
2801.3
2801.55
2801.8
2802.18
2802.33
2802.32
2802.12
2801.85
2801.41
2800.94
2800.5
2800.13
2799.88
2799.71
2799.62
2799.57
2799.54
2799.5
2799.44
2799.35
2799.26
2799.17
2799.07
2798.98
2798.91
2798.83
2798.63
2798.19
2797.42
2796.25
2794.66
2792.88
2791.14
2789.59
2788.52
2788.26
2788.98
2790.14
2791.63
2793.04
2794.19
2795.16
2796.09
2797
2797.9
2798.78
2799.64
2800.51
2801.38
2802.23
2803.08
2803.92
2804.77
2805.61
2806.46
2807.3
2808.11
2808.91
2809.69
2810.45
2811.2
2811.93
2812.64
2813.32
2813.96
2814.57
2815.14
2815.68
2816.21
2816.74
2817.26
2817.76
2818.21
2818.57
2818.85
2819.04
2819.17
2819.26
2819.32
2819.37
2819.4
2819.42
2819.44
2819.48
2819.53
2819.62
2819.73
2819.84
2819.94
2820
2820.03
2820.04
2819.99
2819.84
2819.52
2818.96
2818.14
2817.07
2815.64
2813.6
2810.23
2805.27
2798.12
2788.37
2773.3
2752.07
2720.22
2801.85
2801.81
2801.74
2801.58
2801.41
2801.08
2800.97
2800.87
2800.85
2800.88
2800.95
2801.03
2801.07
2801.17
2801.26
2801.5
2801.73
2802.08
2802.22
2802.21
2802
2801.72
2801.29
2800.82
2800.38
2799.99
2799.73
2799.54
2799.45
2799.39
2799.36
2799.32
2799.27
2799.18
2799.1
2799
2798.91
2798.82
2798.75
2798.65
2798.45
2798.02
2797.28
2796.18
2794.71
2793.13
2791.61
2790.27
2789.47
2789.49
2789.73
2790.79
2792.11
2793.32
2794.36
2795.29
2796.18
2797.07
2797.96
2798.82
2799.69
2800.56
2801.43
2802.29
2803.16
2804.02
2804.89
2805.76
2806.64
2807.51
2808.38
2809.22
2810.05
2810.86
2811.65
2812.42
2813.17
2813.88
2814.56
2815.19
2815.79
2816.35
2816.91
2817.46
2818
2818.53
2819.01
2819.42
2819.74
2819.98
2820.16
2820.3
2820.41
2820.5
2820.56
2820.6
2820.62
2820.66
2820.71
2820.78
2820.87
2820.96
2821.02
2821.03
2821.01
2820.95
2820.83
2820.59
2820.14
2819.41
2818.38
2817.07
2815.42
2813.15
2809.54
2804.28
2796.81
2786.65
2771.32
2750.03
2718.38
2801.94
2801.88
2801.79
2801.59
2801.4
2801.06
2800.94
2800.84
2800.82
2800.86
2800.92
2801
2801.04
2801.12
2801.2
2801.42
2801.64
2801.96
2802.09
2802.06
2801.85
2801.57
2801.15
2800.68
2800.23
2799.83
2799.55
2799.35
2799.24
2799.18
2799.15
2799.1
2799.06
2798.98
2798.89
2798.8
2798.72
2798.63
2798.54
2798.43
2798.23
2797.84
2797.14
2796.11
2794.79
2793.4
2792.04
2790.79
2789.94
2790.19
2790.5
2791.42
2792.54
2793.58
2794.53
2795.41
2796.27
2797.14
2798
2798.86
2799.72
2800.59
2801.46
2802.34
2803.21
2804.09
2804.98
2805.88
2806.78
2807.69
2808.6
2809.49
2810.37
2811.24
2812.08
2812.89
2813.68
2814.43
2815.14
2815.8
2816.43
2817.02
2817.59
2818.16
2818.73
2819.29
2819.8
2820.25
2820.62
2820.91
2821.15
2821.35
2821.51
2821.64
2821.75
2821.82
2821.87
2821.91
2821.96
2822.01
2822.07
2822.13
2822.15
2822.11
2822.03
2821.91
2821.72
2821.39
2820.82
2819.92
2818.67
2817.12
2815.22
2812.7
2808.85
2803.31
2795.57
2785.06
2769.52
2748.28
2717
2802.03
2801.94
2801.84
2801.6
2801.39
2801.02
2800.9
2800.8
2800.78
2800.81
2800.87
2800.95
2800.98
2801.05
2801.12
2801.32
2801.52
2801.82
2801.93
2801.89
2801.67
2801.38
2800.96
2800.49
2800.04
2799.63
2799.33
2799.12
2799.01
2798.94
2798.9
2798.85
2798.82
2798.74
2798.66
2798.56
2798.49
2798.4
2798.32
2798.18
2797.98
2797.63
2797.02
2796.04
2794.78
2793.52
2792.5
2791.62
2791.07
2790.74
2791.24
2791.99
2792.92
2793.83
2794.69
2795.52
2796.36
2797.2
2798.04
2798.88
2799.74
2800.6
2801.48
2802.36
2803.24
2804.13
2805.04
2805.96
2806.9
2807.84
2808.78
2809.71
2810.64
2811.56
2812.45
2813.32
2814.15
2814.94
2815.69
2816.39
2817.04
2817.66
2818.26
2818.86
2819.45
2820.04
2820.58
2821.07
2821.49
2821.84
2822.14
2822.4
2822.63
2822.83
2822.99
2823.1
2823.18
2823.24
2823.28
2823.32
2823.36
2823.39
2823.36
2823.28
2823.13
2822.94
2822.67
2822.25
2821.56
2820.51
2819.06
2817.24
2815.09
2812.27
2808.14
2802.35
2794.41
2783.63
2767.96
2746.89
2716.15
2802.12
2802
2801.88
2801.61
2801.37
2800.98
2800.84
2800.74
2800.72
2800.76
2800.8
2800.87
2800.89
2800.96
2801.02
2801.2
2801.38
2801.65
2801.74
2801.69
2801.46
2801.16
2800.75
2800.28
2799.82
2799.4
2799.09
2798.86
2798.73
2798.66
2798.62
2798.57
2798.54
2798.47
2798.39
2798.3
2798.23
2798.15
2798.07
2797.92
2797.68
2797.36
2796.91
2796.15
2795.15
2794.06
2793.03
2792.15
2791.59
2791.43
2791.91
2792.5
2793.25
2794.06
2794.84
2795.63
2796.43
2797.24
2798.06
2798.89
2799.74
2800.6
2801.47
2802.36
2803.25
2804.15
2805.07
2806.02
2806.97
2807.94
2808.91
2809.88
2810.85
2811.82
2812.77
2813.69
2814.58
2815.42
2816.21
2816.94
2817.63
2818.28
2818.91
2819.53
2820.15
2820.76
2821.35
2821.88
2822.35
2822.75
2823.12
2823.45
2823.75
2824.02
2824.25
2824.43
2824.56
2824.64
2824.69
2824.73
2824.74
2824.73
2824.66
2824.52
2824.31
2824.04
2823.68
2823.16
2822.36
2821.16
2819.52
2817.48
2815.06
2811.91
2807.5
2801.49
2793.39
2782.4
2766.69
2745.88
2715.83
2802.22
2802.06
2801.92
2801.6
2801.34
2800.92
2800.77
2800.67
2800.64
2800.68
2800.71
2800.78
2800.79
2800.84
2800.88
2801.04
2801.19
2801.44
2801.51
2801.44
2801.2
2800.9
2800.48
2800.03
2799.56
2799.13
2798.81
2798.56
2798.43
2798.34
2798.3
2798.25
2798.23
2798.16
2798.09
2798.01
2797.94
2797.85
2797.76
2797.64
2797.41
2796.89
2796.05
2795.26
2794.68
2794.08
2793.35
2792.67
2792.17
2792.08
2792.44
2792.96
2793.55
2794.27
2794.98
2795.73
2796.49
2797.27
2798.07
2798.88
2799.72
2800.58
2801.45
2802.33
2803.23
2804.14
2805.08
2806.03
2807.01
2808
2809
2810
2811.01
2812.01
2813.01
2813.99
2814.93
2815.83
2816.67
2817.45
2818.18
2818.86
2819.53
2820.18
2820.83
2821.47
2822.09
2822.66
2823.18
2823.65
2824.09
2824.49
2824.88
2825.23
2825.54
2825.8
2825.98
2826.11
2826.18
2826.21
2826.21
2826.17
2826.05
2825.86
2825.57
2825.22
2824.77
2824.14
2823.22
2821.89
2820.08
2817.83
2815.14
2811.67
2806.99
2800.77
2792.53
2781.42
2765.76
2745.3
2716.08
2802.33
2802.11
2801.95
2801.58
2801.29
2800.85
2800.68
2800.57
2800.55
2800.58
2800.61
2800.66
2800.66
2800.7
2800.72
2800.85
2800.97
2801.19
2801.23
2801.14
2800.9
2800.59
2800.18
2799.73
2799.27
2798.84
2798.5
2798.24
2798.09
2798
2797.95
2797.9
2797.88
2797.82
2797.76
2797.68
2797.62
2797.52
2797.41
2797.3
2797.17
2796.81
2796.26
2795.65
2794.99
2794.29
2793.59
2793.03
2792.64
2792.57
2792.86
2793.34
2793.81
2794.46
2795.12
2795.82
2796.55
2797.3
2798.07
2798.87
2799.69
2800.53
2801.39
2802.27
2803.17
2804.09
2805.03
2806.01
2807.01
2808.02
2809.04
2810.07
2811.1
2812.14
2813.17
2814.2
2815.2
2816.16
2817.06
2817.89
2818.67
2819.4
2820.1
2820.78
2821.47
2822.14
2822.8
2823.42
2824
2824.53
2825.03
2825.52
2826
2826.44
2826.85
2827.19
2827.45
2827.63
2827.73
2827.77
2827.76
2827.69
2827.54
2827.28
2826.92
2826.47
2825.92
2825.18
2824.15
2822.69
2820.74
2818.32
2815.36
2811.57
2806.6
2800.19
2791.84
2780.71
2765.21
2745.2
2716.87
2802.45
2802.17
2801.97
2801.55
2801.22
2800.76
2800.58
2800.46
2800.43
2800.47
2800.48
2800.52
2800.49
2800.51
2800.5
2800.61
2800.69
2800.88
2800.89
2800.79
2800.54
2800.24
2799.83
2799.39
2798.94
2798.5
2798.16
2797.88
2797.71
2797.61
2797.56
2797.51
2797.49
2797.44
2797.39
2797.31
2797.25
2797.18
2797.09
2796.92
2796.63
2796.31
2796.04
2795.61
2795.03
2794.43
2793.85
2793.35
2793.06
2792.99
2793.23
2793.65
2794.05
2794.64
2795.25
2795.91
2796.61
2797.33
2798.07
2798.84
2799.64
2800.46
2801.31
2802.17
2803.06
2803.98
2804.93
2805.92
2806.94
2807.97
2809.02
2810.08
2811.14
2812.2
2813.26
2814.32
2815.37
2816.38
2817.35
2818.25
2819.08
2819.86
2820.61
2821.34
2822.06
2822.78
2823.48
2824.15
2824.78
2825.38
2825.96
2826.53
2827.1
2827.64
2828.14
2828.58
2828.93
2829.19
2829.35
2829.41
2829.4
2829.31
2829.12
2828.81
2828.38
2827.83
2827.16
2826.3
2825.15
2823.57
2821.49
2818.89
2815.71
2811.68
2806.42
2799.8
2791.35
2780.22
2765.02
2745.56
2718.26
2802.58
2802.22
2801.98
2801.5
2801.13
2800.66
2800.45
2800.33
2800.3
2800.33
2800.32
2800.34
2800.29
2800.28
2800.24
2800.31
2800.35
2800.51
2800.49
2800.38
2800.12
2799.83
2799.43
2799.01
2798.56
2798.13
2797.77
2797.48
2797.3
2797.19
2797.13
2797.09
2797.07
2797.03
2796.99
2796.92
2796.86
2796.79
2796.74
2796.64
2796.42
2796.13
2795.83
2795.44
2794.96
2794.47
2794.03
2793.63
2793.39
2793.35
2793.56
2793.91
2794.29
2794.81
2795.4
2796.01
2796.68
2797.37
2798.09
2798.83
2799.6
2800.4
2801.22
2802.07
2802.94
2803.85
2804.79
2805.77
2806.8
2807.85
2808.92
2810.01
2811.1
2812.2
2813.29
2814.37
2815.45
2816.5
2817.53
2818.5
2819.4
2820.25
2821.05
2821.83
2822.6
2823.37
2824.12
2824.85
2825.54
2826.2
2826.86
2827.51
2828.17
2828.81
2829.42
2829.97
2830.42
2830.78
2831.01
2831.11
2831.1
2831.02
2830.8
2830.45
2829.94
2829.3
2828.51
2827.52
2826.24
2824.54
2822.34
2819.59
2816.22
2811.97
2806.5
2799.67
2791.13
2780.07
2765.23
2746.41
2720.32
2802.73
2802.29
2801.98
2801.43
2801.03
2800.54
2800.3
2800.18
2800.14
2800.16
2800.13
2800.11
2800.02
2799.98
2799.9
2799.94
2799.94
2800.06
2800.02
2799.9
2799.65
2799.36
2798.97
2798.57
2798.14
2797.71
2797.35
2797.04
2796.85
2796.73
2796.68
2796.64
2796.62
2796.59
2796.56
2796.51
2796.47
2796.41
2796.32
2796.19
2796.06
2795.9
2795.65
2795.32
2794.94
2794.53
2794.17
2793.87
2793.69
2793.66
2793.85
2794.16
2794.52
2794.99
2795.55
2796.13
2796.77
2797.43
2798.12
2798.84
2799.58
2800.35
2801.15
2801.97
2802.82
2803.71
2804.63
2805.6
2806.61
2807.66
2808.74
2809.84
2810.96
2812.09
2813.22
2814.34
2815.45
2816.54
2817.6
2818.63
2819.61
2820.53
2821.4
2822.24
2823.07
2823.9
2824.71
2825.5
2826.26
2827
2827.73
2828.47
2829.21
2829.96
2830.67
2831.33
2831.9
2832.36
2832.69
2832.85
2832.88
2832.8
2832.58
2832.19
2831.62
2830.89
2829.98
2828.86
2827.44
2825.6
2823.27
2820.39
2816.88
2812.46
2806.84
2799.88
2791.29
2780.34
2765.87
2747.79
2723.08
2802.9
2802.36
2801.99
2801.36
2800.91
2800.4
2800.14
2800.01
2799.96
2799.95
2799.9
2799.84
2799.7
2799.62
2799.5
2799.5
2799.48
2799.56
2799.49
2799.36
2799.11
2798.83
2798.46
2798.08
2797.67
2797.25
2796.89
2796.58
2796.38
2796.25
2796.2
2796.17
2796.16
2796.14
2796.13
2796.08
2796.05
2796.04
2796
2795.89
2795.76
2795.6
2795.41
2795.18
2794.91
2794.6
2794.31
2794.08
2793.95
2793.95
2794.13
2794.41
2794.76
2795.19
2795.72
2796.27
2796.87
2797.51
2798.18
2798.87
2799.59
2800.34
2801.1
2801.89
2802.71
2803.57
2804.46
2805.41
2806.41
2807.44
2808.52
2809.62
2810.74
2811.88
2813.04
2814.2
2815.35
2816.49
2817.59
2818.66
2819.7
2820.7
2821.65
2822.57
2823.47
2824.36
2825.24
2826.1
2826.93
2827.75
2828.57
2829.39
2830.23
2831.07
2831.89
2832.66
2833.35
2833.93
2834.36
2834.62
2834.7
2834.65
2834.44
2834.03
2833.42
2832.62
2831.6
2830.35
2828.79
2826.8
2824.33
2821.31
2817.66
2813.12
2807.4
2800.36
2791.77
2780.98
2767
2749.76
2726.52
2803.09
2802.44
2802
2801.28
2800.77
2800.24
2799.95
2799.8
2799.74
2799.69
2799.59
2799.5
2799.31
2799.19
2799.02
2798.99
2798.93
2798.98
2798.9
2798.77
2798.52
2798.24
2797.9
2797.53
2797.15
2796.75
2796.41
2796.1
2795.89
2795.76
2795.71
2795.69
2795.69
2795.69
2795.7
2795.69
2795.66
2795.62
2795.58
2795.54
2795.5
2795.4
2795.24
2795.06
2794.86
2794.64
2794.44
2794.29
2794.2
2794.23
2794.41
2794.68
2795.01
2795.42
2795.91
2796.44
2797.01
2797.62
2798.26
2798.93
2799.63
2800.35
2801.09
2801.85
2802.63
2803.45
2804.31
2805.23
2806.2
2807.21
2808.26
2809.35
2810.46
2811.6
2812.77
2813.95
2815.13
2816.31
2817.48
2818.6
2819.69
2820.75
2821.78
2822.79
2823.77
2824.74
2825.7
2826.64
2827.57
2828.47
2829.37
2830.28
2831.21
2832.14
2833.07
2833.95
2834.76
2835.45
2836.01
2836.38
2836.54
2836.55
2836.37
2835.98
2835.34
2834.48
2833.37
2832.01
2830.31
2828.19
2825.58
2822.42
2818.64
2813.98
2808.2
2801.14
2792.61
2782.05
2768.62
2752.31
2730.64
2803.29
2802.56
2802.04
2801.23
2800.64
2800.06
2799.74
2799.57
2799.47
2799.38
2799.24
2799.1
2798.86
2798.71
2798.5
2798.43
2798.34
2798.35
2798.25
2798.12
2797.88
2797.62
2797.3
2796.96
2796.62
2796.24
2795.91
2795.61
2795.41
2795.27
2795.24
2795.23
2795.24
2795.25
2795.27
2795.29
2795.32
2795.33
2795.31
2795.29
2795.25
2795.21
2795.13
2795.01
2794.86
2794.71
2794.58
2794.48
2794.45
2794.52
2794.7
2794.97
2795.29
2795.67
2796.13
2796.63
2797.17
2797.76
2798.37
2799.02
2799.7
2800.39
2801.11
2801.85
2802.6
2803.38
2804.2
2805.07
2806
2806.97
2807.99
2809.05
2810.15
2811.28
2812.44
2813.62
2814.83
2816.04
2817.24
2818.43
2819.59
2820.71
2821.8
2822.89
2823.97
2825.03
2826.08
2827.12
2828.14
2829.14
2830.14
2831.14
2832.16
2833.19
2834.21
2835.19
2836.11
2836.93
2837.61
2838.1
2838.39
2838.47
2838.36
2838.01
2837.38
2836.48
2835.31
2833.85
2832.04
2829.8
2827.05
2823.77
2819.85
2815.09
2809.27
2802.23
2793.81
2783.55
2770.73
2755.44
2735.44
2803.43
2802.63
2802.05
2801.18
2800.53
2799.91
2799.54
2799.31
2799.15
2799.01
2798.81
2798.63
2798.35
2798.16
2797.91
2797.79
2797.68
2797.65
2797.55
2797.43
2797.2
2796.96
2796.68
2796.37
2796.06
2795.72
2795.42
2795.13
2794.94
2794.81
2794.78
2794.79
2794.82
2794.87
2794.92
2794.95
2794.97
2795
2795.06
2795.11
2795.13
2795.11
2795.07
2795
2794.91
2794.82
2794.75
2794.72
2794.74
2794.83
2795.02
2795.29
2795.6
2795.97
2796.4
2796.88
2797.39
2797.95
2798.55
2799.17
2799.82
2800.49
2801.18
2801.88
2802.61
2803.36
2804.14
2804.97
2805.85
2806.77
2807.75
2808.77
2809.84
2810.94
2812.08
2813.26
2814.47
2815.69
2816.93
2818.16
2819.38
2820.57
2821.74
2822.9
2824.07
2825.23
2826.38
2827.53
2828.66
2829.77
2830.87
2831.97
2833.08
2834.2
2835.31
2836.39
2837.42
2838.34
2839.14
2839.76
2840.2
2840.4
2840.38
2840.11
2839.53
2838.63
2837.42
2835.89
2833.99
2831.64
2828.79
2825.39
2821.35
2816.51
2810.68
2803.69
2795.42
2785.52
2773.37
2759.19
2740.93
2803.58
2802.7
2802.05
2801.11
2800.4
2799.74
2799.31
2799.03
2798.81
2798.61
2798.36
2798.13
2797.79
2797.55
2797.26
2797.11
2796.97
2796.93
2796.83
2796.72
2796.52
2796.31
2796.06
2795.8
2795.53
2795.23
2794.95
2794.68
2794.51
2794.39
2794.38
2794.4
2794.46
2794.53
2794.63
2794.72
2794.8
2794.86
2794.92
2794.99
2795.04
2795.07
2795.07
2795.05
2795.02
2794.99
2794.98
2795
2795.06
2795.18
2795.38
2795.66
2795.97
2796.32
2796.74
2797.2
2797.7
2798.24
2798.81
2799.41
2800.03
2800.67
2801.32
2802
2802.69
2803.4
2804.14
2804.93
2805.76
2806.64
2807.56
2808.54
2809.56
2810.63
2811.74
2812.89
2814.09
2815.32
2816.57
2817.84
2819.1
2820.36
2821.6
2822.84
2824.08
2825.34
2826.6
2827.86
2829.11
2830.34
2831.56
2832.77
2833.97
2835.18
2836.38
2837.56
2838.67
2839.7
2840.6
2841.36
2841.94
2842.3
2842.4
2842.25
2841.77
2840.93
2839.71
2838.14
2836.18
2833.76
2830.83
2827.33
2823.21
2818.3
2812.48
2805.58
2797.5
2788.02
2776.6
2763.62
2747.18
2803.65
2802.73
2802.05
2801.05
2800.29
2799.58
2799.08
2798.74
2798.45
2798.19
2797.88
2797.58
2797.19
2796.9
2796.57
2796.39
2796.23
2796.18
2796.09
2796
2795.85
2795.67
2795.47
2795.26
2795.04
2794.78
2794.55
2794.31
2794.16
2794.06
2794.07
2794.12
2794.22
2794.33
2794.44
2794.55
2794.65
2794.76
2794.88
2794.97
2795.05
2795.11
2795.16
2795.2
2795.22
2795.25
2795.29
2795.36
2795.46
2795.61
2795.82
2796.09
2796.41
2796.77
2797.17
2797.62
2798.11
2798.63
2799.19
2799.77
2800.37
2800.98
2801.6
2802.24
2802.88
2803.54
2804.24
2804.97
2805.76
2806.59
2807.46
2808.39
2809.36
2810.38
2811.45
2812.57
2813.74
2814.96
2816.21
2817.5
2818.79
2820.09
2821.4
2822.71
2824.04
2825.39
2826.75
2828.13
2829.5
2830.86
2832.2
2833.52
2834.84
2836.14
2837.43
2838.69
2839.89
2841.01
2842.01
2842.88
2843.6
2844.13
2844.41
2844.39
2844.06
2843.33
2842.18
2840.62
2838.64
2836.18
2833.21
2829.65
2825.46
2820.54
2814.75
2807.99
2800.15
2791.15
2780.52
2768.78
2754.18
2803.53
2802.61
2801.93
2800.92
2800.12
2799.38
2798.83
2798.43
2798.06
2797.75
2797.37
2797.03
2796.58
2796.25
2795.89
2795.7
2795.53
2795.48
2795.41
2795.35
2795.24
2795.1
2794.96
2794.8
2794.64
2794.43
2794.25
2794.05
2793.93
2793.85
2793.88
2793.96
2794.09
2794.24
2794.41
2794.54
2794.66
2794.78
2794.91
2795.04
2795.17
2795.29
2795.39
2795.47
2795.54
2795.61
2795.7
2795.81
2795.95
2796.13
2796.35
2796.64
2796.97
2797.32
2797.72
2798.16
2798.64
2799.15
2799.7
2800.26
2800.85
2801.44
2802.04
2802.65
2803.25
2803.86
2804.5
2805.17
2805.88
2806.64
2807.46
2808.34
2809.26
2810.24
2811.26
2812.34
2813.48
2814.66
2815.91
2817.19
2818.5
2819.84
2821.19
2822.57
2823.97
2825.4
2826.87
2828.35
2829.85
2831.33
2832.8
2834.25
2835.68
2837.09
2838.47
2839.81
2841.09
2842.29
2843.38
2844.35
2845.19
2845.89
2846.36
2846.52
2846.36
2845.81
2844.8
2843.32
2841.37
2838.93
2835.96
2832.39
2828.18
2823.28
2817.58
2811.01
2803.46
2794.98
2785.19
2774.72
2761.93
2803.26
2802.35
2801.67
2800.66
2799.85
2799.11
2798.52
2798.09
2797.68
2797.32
2796.88
2796.48
2795.99
2795.63
2795.25
2795.05
2794.89
2794.85
2794.8
2794.77
2794.71
2794.62
2794.54
2794.45
2794.36
2794.23
2794.1
2793.95
2793.86
2793.8
2793.84
2793.94
2794.07
2794.24
2794.42
2794.6
2794.78
2794.96
2795.13
2795.3
2795.47
2795.62
2795.76
2795.89
2796
2796.12
2796.25
2796.41
2796.58
2796.78
2797.02
2797.32
2797.65
2798.02
2798.41
2798.84
2799.31
2799.81
2800.34
2800.9
2801.47
2802.05
2802.64
2803.22
2803.8
2804.38
2804.97
2805.58
2806.23
2806.92
2807.66
2808.47
2809.33
2810.25
2811.22
2812.26
2813.35
2814.51
2815.72
2816.98
2818.29
2819.64
2821.03
2822.45
2823.92
2825.43
2826.98
2828.57
2830.17
2831.78
2833.38
2834.95
2836.5
2838.01
2839.5
2840.93
2842.29
2843.57
2844.74
2845.81
2846.75
2847.58
2848.24
2848.62
2848.66
2848.33
2847.52
2846.2
2844.36
2842.02
2839.11
2835.59
2831.42
2826.59
2821.01
2814.68
2807.49
2799.58
2790.67
2781.46
2770.37
2802.75
2801.86
2801.2
2800.22
2799.44
2798.74
2798.17
2797.74
2797.28
2796.89
2796.39
2795.97
2795.45
2795.08
2794.7
2794.51
2794.37
2794.36
2794.34
2794.35
2794.34
2794.31
2794.29
2794.25
2794.22
2794.14
2794.06
2793.96
2793.9
2793.87
2793.93
2794.04
2794.21
2794.43
2794.66
2794.9
2795.12
2795.34
2795.53
2795.73
2795.91
2796.1
2796.28
2796.45
2796.61
2796.77
2796.95
2797.14
2797.34
2797.57
2797.84
2798.15
2798.49
2798.85
2799.24
2799.67
2800.12
2800.62
2801.14
2801.69
2802.25
2802.82
2803.39
2803.96
2804.52
2805.07
2805.63
2806.21
2806.81
2807.45
2808.14
2808.88
2809.67
2810.52
2811.42
2812.39
2813.42
2814.52
2815.68
2816.92
2818.22
2819.57
2820.98
2822.44
2823.94
2825.51
2827.14
2828.81
2830.52
2832.24
2833.95
2835.65
2837.31
2838.94
2840.53
2842.06
2843.51
2844.87
2846.12
2847.27
2848.32
2849.26
2850.08
2850.69
2850.95
2850.85
2850.3
2849.22
2847.59
2845.42
2842.66
2839.28
2835.22
2830.52
2825.12
2819.08
2812.31
2805.02
2797.01
2788.97
2779.41
2801.93
2801.11
2800.5
2799.58
2798.85
2798.23
2797.7
2797.31
2796.85
2796.45
2795.93
2795.5
2794.97
2794.62
2794.26
2794.1
2794
2794.03
2794.08
2794.14
2794.19
2794.21
2794.22
2794.23
2794.25
2794.23
2794.22
2794.17
2794.15
2794.17
2794.24
2794.38
2794.56
2794.81
2795.09
2795.38
2795.65
2795.89
2796.11
2796.32
2796.53
2796.76
2796.97
2797.18
2797.39
2797.59
2797.81
2798.03
2798.27
2798.52
2798.8
2799.12
2799.47
2799.83
2800.22
2800.64
2801.09
2801.57
2802.09
2802.63
2803.18
2803.75
2804.32
2804.88
2805.43
2805.96
2806.5
2807.05
2807.62
2808.22
2808.87
2809.57
2810.31
2811.11
2811.95
2812.84
2813.8
2814.82
2815.93
2817.11
2818.38
2819.71
2821.12
2822.59
2824.12
2825.73
2827.41
2829.16
2830.95
2832.76
2834.58
2836.38
2838.16
2839.9
2841.6
2843.23
2844.78
2846.23
2847.57
2848.8
2849.94
2850.99
2851.93
2852.72
2853.25
2853.4
2853.14
2852.37
2851.03
2849.14
2846.63
2843.48
2839.63
2835.14
2829.99
2824.29
2818
2811.35
2804.2
2797.2
2788.94
2800.73
2800
2799.49
2798.68
2798.05
2797.55
2797.11
2796.8
2796.37
2796
2795.49
2795.08
2794.57
2794.26
2793.95
2793.85
2793.8
2793.89
2794.01
2794.13
2794.24
2794.31
2794.37
2794.42
2794.5
2794.55
2794.6
2794.61
2794.64
2794.71
2794.84
2795.01
2795.22
2795.46
2795.74
2796.03
2796.32
2796.6
2796.85
2797.09
2797.33
2797.58
2797.83
2798.07
2798.31
2798.55
2798.79
2799.05
2799.32
2799.6
2799.91
2800.24
2800.6
2800.97
2801.36
2801.77
2802.23
2802.71
2803.22
2803.75
2804.3
2804.86
2805.43
2805.98
2806.52
2807.06
2807.58
2808.12
2808.67
2809.26
2809.88
2810.54
2811.25
2812
2812.79
2813.63
2814.53
2815.49
2816.54
2817.66
2818.87
2820.16
2821.54
2823
2824.54
2826.17
2827.88
2829.67
2831.52
2833.41
2835.32
2837.21
2839.09
2840.93
2842.73
2844.46
2846.12
2847.67
2849.11
2850.44
2851.68
2852.83
2853.89
2854.83
2855.58
2856.01
2856.05
2855.64
2854.67
2853.15
2851
2848.21
2844.69
2840.51
2835.71
2830.41
2824.63
2818.6
2812.22
2806.07
2798.89
2799.05
2798.47
2798.1
2797.45
2796.98
2796.64
2796.34
2796.16
2795.81
2795.5
2795.04
2794.7
2794.26
2794.01
2793.78
2793.75
2793.77
2793.93
2794.11
2794.31
2794.49
2794.64
2794.77
2794.88
2795
2795.1
2795.2
2795.27
2795.34
2795.43
2795.57
2795.75
2795.98
2796.26
2796.56
2796.87
2797.17
2797.47
2797.75
2798.03
2798.3
2798.57
2798.85
2799.12
2799.39
2799.66
2799.93
2800.21
2800.5
2800.81
2801.14
2801.49
2801.86
2802.25
2802.65
2803.08
2803.53
2804.01
2804.52
2805.04
2805.58
2806.14
2806.71
2807.27
2807.82
2808.37
2808.91
2809.45
2810.01
2810.59
2811.2
2811.85
2812.53
2813.25
2814.01
2814.8
2815.65
2816.55
2817.53
2818.59
2819.74
2820.99
2822.33
2823.77
2825.31
2826.93
2828.65
2830.45
2832.33
2834.27
2836.24
2838.22
2840.18
2842.11
2843.99
2845.82
2847.57
2849.23
2850.79
2852.23
2853.58
2854.84
2856.02
2857.08
2858.01
2858.73
2859.09
2859.05
2858.51
2857.43
2855.76
2853.44
2850.41
2846.69
2842.34
2837.5
2832.24
2826.78
2821.03
2815.54
2809.2
2796.83
2796.44
2796.24
2795.81
2795.54
2795.42
2795.29
2795.29
2795.06
2794.87
2794.53
2794.3
2793.98
2793.84
2793.71
2793.76
2793.87
2794.08
2794.33
2794.6
2794.86
2795.08
2795.29
2795.45
2795.63
2795.78
2795.94
2796.07
2796.21
2796.36
2796.54
2796.73
2796.95
2797.21
2797.5
2797.83
2798.16
2798.5
2798.83
2799.13
2799.42
2799.7
2799.99
2800.29
2800.58
2800.88
2801.18
2801.48
2801.8
2802.13
2802.48
2802.86
2803.25
2803.66
2804.09
2804.52
2804.98
2805.46
2805.97
2806.49
2807.03
2807.59
2808.17
2808.75
2809.33
2809.91
2810.49
2811.06
2811.64
2812.24
2812.86
2813.51
2814.18
2814.89
2815.62
2816.38
2817.18
2818.04
2818.96
2819.97
2821.07
2822.28
2823.59
2825.01
2826.51
2828.12
2829.81
2831.61
2833.49
2835.45
2837.46
2839.5
2841.53
2843.53
2845.49
2847.39
2849.23
2850.99
2852.66
2854.23
2855.71
2857.1
2858.4
2859.59
2860.66
2861.59
2862.3
2862.64
2862.54
2861.96
2860.84
2859.11
2856.71
2853.61
2849.85
2845.56
2840.83
2835.88
2830.64
2825.64
2819.88
2793.95
2793.8
2793.82
2793.66
2793.63
2793.76
2793.83
2794.02
2793.96
2793.96
2793.79
2793.73
2793.6
2793.64
2793.67
2793.84
2794.06
2794.34
2794.67
2795
2795.35
2795.66
2795.96
2796.21
2796.45
2796.65
2796.82
2796.96
2797.11
2797.27
2797.47
2797.7
2797.98
2798.26
2798.57
2798.9
2799.24
2799.59
2799.93
2800.26
2800.58
2800.89
2801.21
2801.54
2801.87
2802.19
2802.51
2802.82
2803.16
2803.53
2803.92
2804.34
2804.76
2805.2
2805.65
2806.11
2806.58
2807.07
2807.58
2808.1
2808.65
2809.22
2809.82
2810.43
2811.06
2811.69
2812.32
2812.95
2813.58
2814.22
2814.86
2815.52
2816.21
2816.91
2817.65
2818.4
2819.2
2820.03
2820.93
2821.9
2822.97
2824.14
2825.43
2826.81
2828.28
2829.85
2831.51
2833.27
2835.13
2837.08
2839.1
2841.17
2843.25
2845.31
2847.33
2849.3
2851.21
2853.05
2854.82
2856.52
2858.14
2859.66
2861.1
2862.43
2863.64
2864.74
2865.72
2866.45
2866.79
2866.7
2866.17
2865.1
2863.44
2861.11
2858.09
2854.46
2850.31
2845.84
2841.03
2836.36
2830.97
2790.22
2790.4
2790.66
2790.82
2791.07
2791.48
2791.79
2792.2
2792.35
2792.56
2792.61
2792.77
2792.88
2793.12
2793.36
2793.7
2794.05
2794.44
2794.86
2795.29
2795.73
2796.14
2796.54
2796.88
2797.19
2797.46
2797.72
2797.93
2798.12
2798.29
2798.47
2798.67
2798.94
2799.25
2799.6
2799.98
2800.35
2800.72
2801.09
2801.45
2801.79
2802.13
2802.46
2802.81
2803.16
2803.52
2803.87
2804.24
2804.62
2805.03
2805.44
2805.88
2806.34
2806.81
2807.29
2807.78
2808.28
2808.8
2809.33
2809.87
2810.44
2811.04
2811.68
2812.35
2813.04
2813.74
2814.45
2815.15
2815.84
2816.53
2817.22
2817.92
2818.63
2819.36
2820.12
2820.91
2821.72
2822.57
2823.47
2824.45
2825.5
2826.66
2827.92
2829.28
2830.73
2832.26
2833.89
2835.61
2837.42
2839.33
2841.33
2843.39
2845.49
2847.59
2849.66
2851.68
2853.65
2855.55
2857.41
2859.22
2860.96
2862.63
2864.22
2865.69
2867.06
2868.32
2869.52
2870.53
2871.32
2871.7
2871.71
2871.31
2870.41
2868.94
2866.79
2863.94
2860.45
2856.5
2852.08
2847.64
2842.44
2785.41
2785.97
2786.52
2787.07
2787.64
2788.37
2788.96
2789.61
2790.02
2790.5
2790.83
2791.29
2791.71
2792.25
2792.79
2793.38
2793.96
2794.51
2795.05
2795.55
2796.07
2796.54
2796.99
2797.39
2797.77
2798.11
2798.43
2798.68
2798.91
2799.11
2799.33
2799.58
2799.87
2800.21
2800.57
2800.96
2801.37
2801.77
2802.17
2802.57
2802.96
2803.34
2803.71
2804.09
2804.48
2804.88
2805.28
2805.69
2806.1
2806.53
2806.99
2807.48
2807.98
2808.48
2809
2809.55
2810.11
2810.67
2811.24
2811.83
2812.45
2813.1
2813.8
2814.53
2815.29
2816.07
2816.87
2817.65
2818.43
2819.2
2819.96
2820.72
2821.5
2822.29
2823.1
2823.94
2824.82
2825.73
2826.69
2827.7
2828.78
2829.95
2831.2
2832.55
2833.99
2835.51
2837.1
2838.77
2840.53
2842.38
2844.31
2846.33
2848.41
2850.52
2852.62
2854.69
2856.71
2858.68
2860.61
2862.5
2864.35
2866.14
2867.87
2869.48
2871.02
2872.45
2873.85
2875.1
2876.2
2877.03
2877.58
2877.74
2877.54
2876.9
2875.64
2873.65
2870.89
2867.52
2863.52
2859.28
2854.16
2779.4
2780.39
2781.29
2782.27
2783.2
2784.27
2785.16
2786.09
2786.78
2787.53
2788.16
2788.9
2789.64
2790.47
2791.32
2792.16
2792.99
2793.74
2794.46
2795.11
2795.76
2796.35
2796.94
2797.48
2797.99
2798.43
2798.83
2799.15
2799.44
2799.7
2799.98
2800.26
2800.59
2800.96
2801.37
2801.81
2802.27
2802.7
2803.12
2803.55
2803.98
2804.42
2804.85
2805.28
2805.73
2806.18
2806.64
2807.11
2807.58
2808.07
2808.59
2809.12
2809.67
2810.23
2810.82
2811.44
2812.08
2812.71
2813.37
2814.05
2814.74
2815.47
2816.24
2817.04
2817.88
2818.74
2819.62
2820.5
2821.37
2822.24
2823.09
2823.95
2824.81
2825.7
2826.6
2827.54
2828.52
2829.54
2830.59
2831.7
2832.86
2834.07
2835.36
2836.73
2838.17
2839.68
2841.26
2842.9
2844.61
2846.4
2848.26
2850.21
2852.24
2854.31
2856.41
2858.5
2860.56
2862.59
2864.59
2866.56
2868.49
2870.38
2872.22
2873.97
2875.65
2877.26
2878.83
2880.29
2881.62
2882.79
2883.77
2884.49
2884.85
2884.85
2884.39
2883.23
2881.25
2878.51
2874.99
2870.99
2865.92
2772.44
2773.84
2775.06
2776.45
2777.7
2779.11
2780.29
2781.5
2782.49
2783.5
2784.46
2785.51
2786.6
2787.75
2788.93
2790.08
2791.2
2792.21
2793.18
2794.04
2794.88
2795.64
2796.36
2796.99
2797.58
2798.1
2798.6
2799.06
2799.49
2799.89
2800.26
2800.62
2800.99
2801.38
2801.82
2802.3
2802.82
2803.33
2803.84
2804.35
2804.85
2805.36
2805.87
2806.39
2806.91
2807.44
2807.98
2808.53
2809.08
2809.65
2810.23
2810.84
2811.47
2812.15
2812.85
2813.53
2814.3
2815.02
2815.78
2816.56
2817.35
2818.18
2819.03
2819.92
2820.84
2821.79
2822.76
2823.74
2824.73
2825.72
2826.7
2827.69
2828.68
2829.7
2830.74
2831.81
2832.93
2834.08
2835.28
2836.53
2837.81
2839.13
2840.5
2841.91
2843.38
2844.92
2846.51
2848.15
2849.84
2851.57
2853.37
2855.23
2857.17
2859.16
2861.21
2863.28
2865.37
2867.45
2869.52
2871.57
2873.58
2875.55
2877.47
2879.33
2881.13
2882.88
2884.58
2886.2
2887.7
2889.1
2890.39
2891.51
2892.36
2892.83
2892.91
2892.46
2891.2
2889.1
2886.1
2882.38
2877.37
2765.44
2767.12
2768.56
2770.24
2771.74
2773.41
2774.82
2776.25
2777.48
2778.73
2779.97
2781.29
2782.68
2784.11
2785.57
2786.97
2788.33
2789.57
2790.76
2791.85
2792.91
2793.88
2794.84
2795.7
2796.53
2797.26
2797.94
2798.53
2799.06
2799.52
2799.95
2800.37
2800.84
2801.34
2801.89
2802.46
2803.06
2803.69
2804.31
2804.93
2805.55
2806.17
2806.79
2807.42
2808.06
2808.71
2809.36
2810.02
2810.69
2811.37
2812.07
2812.79
2813.55
2814.35
2815.18
2816.02
2816.89
2817.74
2818.62
2819.51
2820.41
2821.34
2822.28
2823.26
2824.26
2825.3
2826.36
2827.45
2828.56
2829.68
2830.81
2831.95
2833.11
2834.29
2835.5
2836.74
2838.03
2839.36
2840.75
2842.17
2843.63
2845.11
2846.61
2848.13
2849.68
2851.27
2852.89
2854.55
2856.25
2857.97
2859.74
2861.54
2863.4
2865.3
2867.27
2869.29
2871.36
2873.46
2875.59
2877.71
2879.8
2881.85
2883.84
2885.78
2887.66
2889.49
2891.25
2892.92
2894.52
2896.05
2897.5
2898.83
2899.96
2900.78
2901.18
2901.14
2900.46
2898.91
2896.39
2892.97
2888.1
2759.38
2761.18
2762.7
2764.54
2766.14
2767.92
2769.4
2770.93
2772.28
2773.67
2775.09
2776.6
2778.22
2779.87
2781.56
2783.17
2784.74
2786.19
2787.58
2788.87
2790.13
2791.31
2792.46
2793.51
2794.51
2795.41
2796.27
2797.06
2797.82
2798.5
2799.14
2799.72
2800.32
2800.95
2801.64
2802.37
2803.13
2803.89
2804.67
2805.44
2806.21
2806.97
2807.75
2808.53
2809.31
2810.11
2810.92
2811.73
2812.54
2813.38
2814.23
2815.12
2816.04
2816.99
2817.95
2818.93
2819.91
2820.9
2821.91
2822.94
2823.97
2825.02
2826.07
2827.14
2828.24
2829.37
2830.54
2831.74
2832.97
2834.24
2835.52
2836.84
2838.18
2839.56
2840.97
2842.42
2843.92
2845.46
2847.05
2848.68
2850.34
2852.01
2853.68
2855.36
2857.04
2858.74
2860.45
2862.19
2863.94
2865.71
2867.49
2869.29
2871.09
2872.93
2874.81
2876.75
2878.76
2880.84
2882.97
2885.12
2887.27
2889.39
2891.45
2893.45
2895.37
2897.22
2898.96
2900.6
2902.17
2903.7
2905.17
2906.52
2907.69
2908.58
2909.1
2909.22
2908.78
2907.54
2905.34
2902.18
2897.52
2753.71
2755.54
2757.1
2759.01
2760.66
2762.5
2764.01
2765.57
2766.99
2768.49
2770.05
2771.73
2773.52
2775.36
2777.21
2778.98
2780.69
2782.29
2783.83
2785.29
2786.71
2788.07
2789.42
2790.71
2791.97
2793.15
2794.27
2795.28
2796.26
2797.16
2798.05
2798.9
2799.76
2800.6
2801.47
2802.35
2803.24
2804.16
2805.12
2806.08
2807.05
2808.01
2808.97
2809.92
2810.88
2811.84
2812.8
2813.78
2814.79
2815.82
2816.88
2817.97
2819.07
2820.18
2821.28
2822.39
2823.51
2824.64
2825.79
2826.95
2828.12
2829.29
2830.47
2831.67
2832.88
2834.13
2835.41
2836.73
2838.1
2839.52
2840.98
2842.48
2844.02
2845.61
2847.25
2848.93
2850.66
2852.43
2854.24
2856.08
2857.94
2859.81
2861.68
2863.55
2865.42
2867.28
2869.14
2871
2872.86
2874.71
2876.56
2878.4
2880.23
2882.06
2883.92
2885.83
2887.8
2889.83
2891.93
2894.06
2896.22
2898.36
2900.45
2902.47
2904.4
2906.19
2907.85
2909.37
2910.81
2912.17
2913.46
2914.6
2915.54
2916.21
2916.54
2916.51
2915.95
2914.66
2912.53
2909.53
2905.15
2748.59
2750.42
2751.98
2753.91
2755.61
2757.5
2759.04
2760.65
2762.15
2763.76
2765.47
2767.31
2769.26
2771.26
2773.26
2775.19
2777.06
2778.83
2780.54
2782.18
2783.79
2785.35
2786.89
2788.38
2789.86
2791.28
2792.67
2793.98
2795.25
2796.42
2797.54
2798.59
2799.6
2800.59
2801.6
2802.64
2803.72
2804.85
2806
2807.15
2808.3
2809.44
2810.58
2811.72
2812.85
2813.99
2815.16
2816.36
2817.6
2818.87
2820.16
2821.44
2822.7
2823.94
2825.18
2826.43
2827.69
2828.98
2830.29
2831.6
2832.93
2834.25
2835.58
2836.92
2838.28
2839.66
2841.08
2842.54
2844.06
2845.63
2847.25
2848.94
2850.68
2852.48
2854.34
2856.25
2858.21
2860.22
2862.26
2864.31
2866.38
2868.44
2870.51
2872.58
2874.65
2876.72
2878.78
2880.83
2882.87
2884.9
2886.9
2888.89
2890.84
2892.77
2894.69
2896.62
2898.58
2900.58
2902.62
2904.7
2906.79
2908.88
2910.92
2912.89
2914.74
2916.43
2917.94
2919.29
2920.48
2921.53
2922.41
2923.09
2923.51
2923.63
2923.46
2922.9
2921.82
2920.16
2917.83
2914.84
2910.77
2746.17
2747.85
2749.28
2751.11
2752.74
2754.55
2756.04
2757.6
2759.11
2760.77
2762.57
2764.51
2766.56
2768.66
2770.76
2772.8
2774.78
2776.68
2778.54
2780.33
2782.1
2783.82
2785.54
2787.21
2788.88
2790.49
2792.07
2793.57
2795
2796.33
2797.6
2798.81
2799.99
2801.16
2802.35
2803.58
2804.87
2806.21
2807.58
2808.93
2810.27
2811.59
2812.91
2814.23
2815.59
2817.01
2818.45
2819.91
2821.36
2822.81
2824.24
2825.65
2827.03
2828.41
2829.79
2831.19
2832.61
2834.06
2835.52
2837
2838.49
2839.98
2841.48
2842.99
2844.52
2846.07
2847.66
2849.29
2850.98
2852.72
2854.54
2856.43
2858.38
2860.4
2862.49
2864.63
2866.83
2869.06
2871.3
2873.56
2875.8
2878.05
2880.3
2882.57
2884.85
2887.14
2889.43
2891.71
2893.98
2896.22
2898.44
2900.62
2902.77
2904.87
2906.94
2909
2911.04
2913.08
2915.12
2917.15
2919.16
2921.14
2923.05
2924.88
2926.57
2928.08
2929.37
2930.41
2931.22
2931.76
2931.97
2931.9
2931.53
2930.8
2929.73
2928.29
2926.44
2924.21
2921.51
2918.42
2914.6
2746.65
2748.1
2749.27
2750.9
2752.37
2754
2755.37
2756.79
2758.24
2759.86
2761.65
2763.6
2765.66
2767.77
2769.88
2771.96
2773.98
2775.94
2777.86
2779.74
2781.6
2783.42
2785.22
2787
2788.76
2790.49
2792.19
2793.84
2795.46
2797.01
2798.54
2800.01
2801.45
2802.88
2804.33
2805.8
2807.31
2808.86
2810.45
2812.05
2813.65
2815.23
2816.8
2818.35
2819.89
2821.41
2822.94
2824.49
2826.04
2827.59
2829.13
2830.65
2832.17
2833.69
2835.23
2836.79
2838.38
2839.99
2841.62
2843.27
2844.94
2846.62
2848.33
2850.06
2851.82
2853.6
2855.41
2857.26
2859.15
2861.11
2863.12
2865.2
2867.35
2869.56
2871.84
2874.18
2876.55
2878.96
2881.38
2883.82
2886.26
2888.7
2891.16
2893.64
2896.14
2898.65
2901.16
2903.67
2906.17
2908.65
2911.11
2913.54
2915.95
2918.32
2920.64
2922.91
2925.1
2927.23
2929.29
2931.28
2933.2
2935.02
2936.74
2938.32
2939.73
2940.92
2941.83
2942.42
2942.63
2942.48
2941.92
2940.93
2939.51
2937.7
2935.5
2932.99
2930.22
2927.27
2924.11
2920.82
2917.17
2749.88
2751.13
2752.14
2753.54
2754.88
2756.33
2757.59
2758.89
2760.25
2761.8
2763.54
2765.44
2767.44
2769.5
2771.57
2773.61
2775.62
2777.59
2779.53
2781.44
2783.34
2785.23
2787.11
2788.98
2790.87
2792.74
2794.63
2796.5
2798.35
2800.16
2801.93
2803.64
2805.32
2806.96
2808.59
2810.23
2811.88
2813.53
2815.18
2816.85
2818.53
2820.22
2821.92
2823.6
2825.29
2826.98
2828.66
2830.34
2832.01
2833.68
2835.34
2837.01
2838.68
2840.37
2842.07
2843.79
2845.54
2847.3
2849.09
2850.9
2852.75
2854.63
2856.55
2858.5
2860.48
2862.5
2864.56
2866.65
2868.78
2870.96
2873.19
2875.49
2877.84
2880.25
2882.71
2885.21
2887.72
2890.25
2892.8
2895.37
2897.96
2900.58
2903.24
2905.92
2908.63
2911.35
2914.07
2916.79
2919.5
2922.2
2924.88
2927.55
2930.2
2932.83
2935.4
2937.89
2940.27
2942.53
2944.67
2946.67
2948.52
2950.2
2951.69
2952.97
2954
2954.75
2955.09
2955.05
2954.58
2953.57
2952.02
2949.96
2947.39
2944.39
2941.04
2937.46
2933.77
2930.06
2926.36
2922.77
2919.12
2756.08
2757.04
2757.8
2758.91
2760.02
2761.28
2762.45
2763.69
2765.01
2766.54
2768.23
2770.08
2772.01
2774
2776.01
2778.02
2780.02
2781.99
2783.96
2785.92
2787.88
2789.82
2791.78
2793.73
2795.69
2797.64
2799.61
2801.57
2803.52
2805.43
2807.3
2809.12
2810.9
2812.63
2814.34
2816.03
2817.75
2819.48
2821.26
2823.07
2824.91
2826.75
2828.6
2830.44
2832.27
2834.1
2835.91
2837.71
2839.5
2841.3
2843.11
2844.94
2846.8
2848.67
2850.56
2852.47
2854.38
2856.32
2858.28
2860.28
2862.31
2864.39
2866.52
2868.68
2870.89
2873.15
2875.44
2877.76
2880.13
2882.53
2884.98
2887.48
2890.02
2892.6
2895.2
2897.81
2900.43
2903.05
2905.67
2908.33
2911.03
2913.8
2916.62
2919.49
2922.39
2925.3
2928.22
2931.13
2934.03
2936.91
2939.76
2942.59
2945.41
2948.2
2950.96
2953.64
2956.2
2958.6
2960.81
2962.81
2964.56
2966.04
2967.21
2968.06
2968.5
2968.57
2968.23
2967.39
2966.02
2964.11
2961.65
2958.68
2955.23
2951.35
2947.12
2942.66
2938.07
2933.51
2929.07
2924.88
2920.91
2768.05
2768.46
2768.85
2769.44
2770.16
2771.04
2771.99
2773.08
2774.24
2775.61
2777.11
2778.77
2780.5
2782.32
2784.18
2786.07
2787.98
2789.89
2791.82
2793.74
2795.69
2797.64
2799.6
2801.56
2803.54
2805.51
2807.49
2809.46
2811.44
2813.38
2815.31
2817.19
2819.04
2820.83
2822.61
2824.37
2826.16
2827.99
2829.87
2831.8
2833.76
2835.74
2837.72
2839.7
2841.66
2843.61
2845.55
2847.48
2849.42
2851.36
2853.32
2855.3
2857.31
2859.34
2861.39
2863.45
2865.52
2867.62
2869.74
2871.9
2874.1
2876.34
2878.63
2880.97
2883.36
2885.79
2888.27
2890.78
2893.34
2895.93
2898.56
2901.23
2903.93
2906.64
2909.36
2912.08
2914.79
2917.5
2920.21
2922.93
2925.7
2928.55
2931.47
2934.47
2937.51
2940.59
2943.67
2946.74
2949.78
2952.78
2955.74
2958.67
2961.56
2964.41
2967.21
2969.93
2972.52
2974.93
2977.07
2978.9
2980.37
2981.46
2982.14
2982.41
2982.29
2981.73
2980.7
2979.18
2977.15
2974.6
2971.51
2967.92
2963.85
2959.33
2954.41
2949.17
2943.75
2938.31
2932.97
2927.91
2923.24
2787.81
2787.5
2787.42
2787.36
2787.51
2787.85
2788.42
2789.18
2790.02
2791.06
2792.16
2793.45
2794.82
2796.32
2797.89
2799.53
2801.21
2802.91
2804.66
2806.43
2808.24
2810.07
2811.92
2813.78
2815.66
2817.54
2819.44
2821.35
2823.26
2825.17
2827.08
2828.96
2830.83
2832.65
2834.46
2836.26
2838.08
2839.94
2841.85
2843.82
2845.82
2847.86
2849.9
2851.94
2853.98
2856.02
2858.05
2860.09
2862.14
2864.21
2866.29
2868.39
2870.52
2872.67
2874.84
2877.04
2879.25
2881.5
2883.77
2886.07
2888.41
2890.79
2893.21
2895.68
2898.18
2900.74
2903.33
2905.98
2908.65
2911.37
2914.12
2916.89
2919.68
2922.47
2925.26
2928.06
2930.86
2933.67
2936.49
2939.29
2942.09
2944.94
2947.85
2950.84
2953.9
2957.02
2960.18
2963.36
2966.5
2969.58
2972.6
2975.53
2978.37
2981.09
2983.69
2986.12
2988.36
2990.35
2992.05
2993.42
2994.41
2995.01
2995.23
2995.08
2994.51
2993.5
2992.04
2990.13
2987.72
2984.81
2981.37
2977.43
2973.03
2968.21
2962.96
2957.31
2951.32
2945.08
2938.69
2932.35
2926.39
2815.51
2814.57
2814.04
2813.4
2812.95
2812.76
2812.87
2813.2
2813.61
2814.14
2814.71
2815.47
2816.32
2817.37
2818.5
2819.74
2821.04
2822.4
2823.82
2825.3
2826.83
2828.4
2830.01
2831.64
2833.31
2834.99
2836.7
2838.43
2840.18
2841.96
2843.75
2845.55
2847.34
2849.12
2850.89
2852.66
2854.44
2856.25
2858.12
2860.03
2862
2864
2866.02
2868.05
2870.1
2872.14
2874.2
2876.27
2878.36
2880.46
2882.58
2884.72
2886.89
2889.08
2891.3
2893.55
2895.84
2898.16
2900.51
2902.9
2905.32
2907.78
2910.27
2912.8
2915.36
2917.96
2920.6
2923.28
2925.99
2928.73
2931.49
2934.26
2937.05
2939.84
2942.64
2945.47
2948.33
2951.21
2954.11
2956.99
2959.81
2962.62
2965.51
2968.5
2971.55
2974.63
2977.73
2980.81
2983.81
2986.66
2989.3
2991.76
2994.03
2996.14
2998.09
2999.86
3001.45
3002.83
3003.99
3004.9
3005.52
3005.82
3005.84
3005.57
3004.94
3003.98
3002.69
3001.03
2998.92
2996.28
2993.05
2989.23
2984.85
2979.93
2974.43
2968.34
2961.68
2954.5
2946.91
2939.01
2931.31
2849.76
2848.4
2847.53
2846.49
2845.59
2844.98
2844.66
2844.56
2844.54
2844.58
2844.63
2844.83
2845.16
2845.69
2846.32
2847.07
2847.89
2848.78
2849.76
2850.8
2851.92
2853.11
2854.35
2855.64
2856.97
2858.35
2859.76
2861.21
2862.71
2864.24
2865.81
2867.41
2869.03
2870.65
2872.27
2873.9
2875.55
2877.22
2878.94
2880.72
2882.54
2884.42
2886.33
2888.26
2890.21
2892.17
2894.16
2896.16
2898.18
2900.23
2902.3
2904.38
2906.49
2908.63
2910.8
2913
2915.26
2917.55
2919.89
2922.27
2924.69
2927.14
2929.63
2932.14
2934.69
2937.27
2939.89
2942.56
2945.26
2947.99
2950.74
2953.5
2956.28
2959.08
2961.9
2964.73
2967.59
2970.46
2973.37
2976.3
2979.18
2981.94
2984.7
2987.55
2990.29
2992.84
2995.15
2997.22
2999.12
3000.87
3002.46
3003.98
3005.45
3006.85
3008.18
3009.41
3010.54
3011.56
3012.48
3013.26
3013.88
3014.28
3014.49
3014.51
3014.35
3013.96
3013.32
3012.34
3010.88
3008.82
3006.03
3002.48
2998.19
2993.14
2987.35
2980.75
2973.42
2965.39
2956.74
2947.42
2937.96
2889.16
2887.59
2886.54
2885.33
2884.22
2883.33
2882.64
2882.15
2881.73
2881.32
2880.95
2880.67
2880.54
2880.57
2880.7
2880.94
2881.26
2881.65
2882.14
2882.7
2883.35
2884.07
2884.87
2885.72
2886.64
2887.61
2888.64
2889.71
2890.85
2892.05
2893.29
2894.58
2895.9
2897.25
2898.61
2899.99
2901.39
2902.82
2904.3
2905.84
2907.44
2909.09
2910.79
2912.52
2914.29
2916.08
2917.89
2919.73
2921.61
2923.52
2925.47
2927.44
2929.45
2931.49
2933.56
2935.67
2937.83
2940.04
2942.29
2944.59
2946.92
2949.28
2951.68
2954.12
2956.6
2959.12
2961.68
2964.28
2966.91
2969.55
2972.21
2974.86
2977.5
2980.12
2982.7
2985.22
2987.66
2990.01
2992.27
2994.46
2996.6
2998.63
3000.45
3002
3003.37
3004.62
3005.8
3006.93
3008.04
3009.19
3010.48
3011.76
3012.97
3014.15
3015.3
3016.45
3017.58
3018.7
3019.8
3020.79
3021.69
3022.32
3022.72
3022.87
3022.88
3022.83
3022.74
3022.79
3022.76
3022.56
3021.47
3019.23
3015.63
3010.65
3004.57
2997.53
2989.68
2980.78
2970.82
2959.65
2947.93
2933.48
2931.82
2930.71
2929.49
2928.34
2927.27
2926.32
2925.51
2924.76
2924.02
2923.34
2922.69
2922.19
2921.78
2921.46
2921.22
2921.06
2920.96
2920.95
2921
2921.14
2921.35
2921.63
2921.98
2922.39
2922.87
2923.41
2924.03
2924.71
2925.45
2926.26
2927.12
2928.03
2928.98
2929.96
2930.97
2932
2933.09
2934.22
2935.43
2936.71
2938.06
2939.47
2940.93
2942.44
2943.99
2945.58
2947.22
2948.89
2950.6
2952.33
2954.1
2955.9
2957.76
2959.65
2961.57
2963.51
2965.48
2967.47
2969.48
2971.51
2973.57
2975.64
2977.72
2979.8
2981.88
2983.93
2985.94
2987.89
2989.79
2991.62
2993.39
2995.08
2996.7
2998.26
2999.77
3001.24
3002.68
3004.11
3005.54
3007.01
3008.51
3009.93
3011.18
3012.32
3013.41
3014.44
3015.39
3016.23
3016.95
3017.48
3017.94
3018.39
3018.84
3019.32
3019.86
3020.5
3021.29
3022.29
3023.53
3025.13
3026.79
3028.34
3029.92
3031.54
3033.31
3035.23
3037.32
3039.13
3040.72
3040.62
3039.04
3035.18
3029.54
3023.05
3016.36
3008.65
2998.72
2986.62
2972.65
2957.46
2981.48
2979.84
2978.82
2977.68
2976.56
2975.42
2974.31
2973.28
2972.31
2971.37
2970.5
2969.63
2968.86
2968.11
2967.44
2966.8
2966.22
2965.69
2965.22
2964.79
2964.42
2964.1
2963.84
2963.64
2963.5
2963.43
2963.44
2963.5
2963.64
2963.83
2964.1
2964.42
2964.79
2965.2
2965.66
2966.14
2966.66
2967.24
2967.88
2968.6
2969.41
2970.3
2971.27
2972.32
2973.42
2974.57
2975.78
2977.04
2978.34
2979.67
2980.98
2982.38
2983.84
2985.34
2986.82
2988.27
2989.69
2991.1
2992.49
2993.85
2995.19
2996.51
2997.81
2999.08
3000.32
3001.5
3002.62
3003.68
3004.66
3005.6
3006.48
3007.33
3008.15
3008.95
3009.73
3010.52
3011.31
3012.12
3012.93
3013.76
3014.57
3015.33
3016
3016.6
3017.19
3017.81
3018.48
3019.18
3019.95
3020.78
3021.75
3022.83
3024.01
3025.26
3026.53
3027.82
3029.11
3030.42
3031.73
3033.07
3034.51
3035.9
3037.19
3038.51
3039.88
3041.2
3042.55
3043.97
3045.65
3047.96
3050.36
3053.25
3054.02
3053.17
3050.15
3044.73
3034.98
3021.79
3008.31
2991.45
2970.92
3024.98
3023.37
3022.45
3021.37
3020.31
3019.17
3018.06
3016.97
3015.95
3014.98
3014.07
3013.16
3012.31
3011.42
3010.58
3009.74
3008.95
3008.17
3007.43
3006.7
3005.99
3005.31
3004.67
3004.07
3003.52
3003.01
3002.56
3002.17
3001.82
3001.53
3001.28
3001.07
3000.89
3000.73
3000.59
3000.47
3000.36
3000.29
3000.27
3000.31
3000.45
3000.68
3001
3001.4
3001.85
3002.33
3002.95
3003.59
3004.19
3004.8
3005.35
3005.9
3006.5
3007.08
3007.6
3008.09
3008.59
3009.1
3009.61
3010.13
3010.63
3011.13
3011.61
3012.08
3012.53
3012.95
3013.33
3013.67
3013.99
3014.28
3014.56
3014.85
3015.14
3015.43
3015.72
3016.01
3016.32
3016.62
3016.92
3017.22
3017.5
3017.78
3018.04
3018.31
3018.62
3018.95
3019.35
3019.82
3020.39
3021.04
3021.78
3022.64
3023.6
3024.66
3025.85
3027.19
3028.75
3030.53
3032.56
3034.93
3037.69
3041.19
3045.53
3050.56
3056.41
3062.84
3069.36
3075.07
3080.06
3084.65
3088.42
3091.73
3091.08
3087.1
3078.31
3064.02
3049.79
3035.97
3024.26
2993.71
2967.58
3049.22
3047.58
3046.66
3045.6
3044.6
3043.53
3042.5
3041.45
3040.49
3039.63
3038.83
3038.05
3037.28
3036.47
3035.7
3034.89
3034.14
3033.38
3032.63
3031.88
3031.14
3030.41
3029.7
3029
3028.34
3027.7
3027.09
3026.51
3025.95
3025.43
3024.94
3024.47
3024.02
3023.59
3023.17
3022.74
3022.32
3021.9
3021.51
3021.16
3020.86
3020.61
3020.41
3020.24
3020.08
3019.95
3019.9
3019.81
3019.69
3019.61
3019.56
3019.51
3019.48
3019.43
3019.38
3019.34
3019.3
3019.26
3019.22
3019.18
3019.14
3019.12
3019.1
3019.09
3019.07
3019.04
3019.01
3018.98
3018.96
3018.95
3018.95
3018.96
3018.98
3018.99
3018.99
3019.01
3019.03
3019.05
3019.09
3019.14
3019.23
3019.39
3019.6
3019.89
3020.23
3020.63
3021.1
3021.65
3022.29
3023.04
3023.89
3024.85
3025.93
3027.14
3028.51
3030.08
3031.93
3034.08
3036.54
3039.32
3042.42
3046.12
3050.31
3054.78
3059.48
3064.42
3069.59
3075.11
3080.88
3087.19
3093.89
3101.48
3109.77
3117.34
3123.84
3120.09
3107.47
3078.48
3046.02
3004.85
2980.28
3057.96
3056.36
3055.52
3054.54
3053.63
3052.66
3051.71
3050.76
3049.9
3049.16
3048.47
3047.83
3047.17
3046.47
3045.79
3045.08
3044.42
3043.75
3043.08
3042.41
3041.73
3041.05
3040.38
3039.71
3039.06
3038.41
3037.77
3037.14
3036.52
3035.91
3035.31
3034.72
3034.15
3033.57
3033
3032.42
3031.82
3031.24
3030.67
3030.15
3029.67
3029.25
3028.85
3028.45
3028.05
3027.62
3027.16
3026.69
3026.19
3025.69
3025.18
3024.68
3024.2
3023.76
3023.34
3022.96
3022.63
3022.32
3022.04
3021.77
3021.5
3021.21
3020.92
3020.62
3020.34
3020.07
3019.83
3019.61
3019.42
3019.23
3019.06
3018.9
3018.76
3018.65
3018.54
3018.43
3018.32
3018.22
3018.13
3018.07
3018.04
3018.07
3018.18
3018.33
3018.52
3018.78
3019.12
3019.55
3020.08
3020.72
3021.48
3022.37
3023.42
3024.65
3026.05
3027.62
3029.35
3031.26
3033.4
3035.79
3038.48
3041.61
3045.26
3049.54
3054.39
3060.02
3066.83
3075.94
3087.44
3101.88
3120.02
3144.45
3178.38
3223.43
3284.36
3362.55
3460.98
3578.52
3708.37
3839.22
4004.05
)
;

boundaryField
{
    inlet
    {
        type            fixedValue;
        value           nonuniform List<scalar> 0();
    }
    obstacle
    {
        type            zeroGradient;
    }
    bottom
    {
        type            symmetry;
    }
    outlet
    {
        type            zeroGradient;
    }
    top
    {
        type            symmetry;
    }
    defaultFaces
    {
        type            empty;
    }
    procBoundary3to2
    {
        type            processor;
        value           nonuniform List<scalar> 
122
(
2800.59
2800.57
2800.58
2800.51
2800.41
2800.27
2800.12
2799.97
2799.88
2799.84
2799.86
2799.89
2799.93
2799.96
2800.03
2800.23
2800.46
2800.75
2800.85
2800.85
2800.7
2800.46
2800.11
2799.82
2799.59
2799.44
2799.35
2799.3
2799.3
2799.26
2799.21
2799.12
2799.03
2798.93
2798.83
2798.71
2798.56
2798.37
2798.13
2797.82
2797.41
2796.86
2796.16
2795.28
2794.17
2792.75
2790.99
2788.99
2787.05
2786.3
2784.39
2783.47
2785
2786.64
2788.69
2790.36
2791.91
2793.31
2794.49
2795.27
2795.83
2796.24
2796.74
2797.3
2797.63
2797.99
2798.34
2798.65
2798.88
2799.22
2799.22
2799.46
2799.67
2799.84
2800.01
2800.17
2800.5
2800.52
2800.57
2800.63
2800.71
2800.81
2800.95
2801.19
2801.4
2801.66
2801.88
2802.09
2802.34
2802.57
2802.81
2803.08
2803.35
2803.59
2803.99
2804.5
2805.01
2805.85
2806.9
2808.26
2809.81
2811.69
2813.64
2815.76
2818.16
2821.05
2824.3
2827.95
2832
2836.91
2843.31
2850.42
2800.48
2800.48
2800.61
2800.7
2800.69
2800.83
2800.77
2800.74
2800.71
2800.71
)
;
    }
    procBoundary3to5
    {
        type            processor;
        value           nonuniform List<scalar> 
83
(
2856.41
2847.52
2844.08
2840.6
2840.6
2823.76
2820.15
2816.67
2813.11
2809.23
2805.08
2800.93
2796.99
2793.18
2789.39
2785.49
2781.44
2777.2
2772.9
2768.79
2764.99
2761.27
2757.29
2752.9
2748.22
2743.99
2739.98
2736.05
2732.11
2728.31
2724.34
2720.51
2716.85
2713.35
2710.13
2707.27
2704.74
2702.56
2700.84
2699.69
2699.23
2699.41
2700.09
2701.47
2703.57
2706.4
2710.01
2714.36
2719.43
2725.22
2731.75
2739.03
2747.05
2755.78
2765.1
2774.91
2785.08
2795.55
2806.26
2817.21
2828.45
2839.99
2851.72
2863.46
2874.92
2885.67
2895.17
2902.91
2908.67
2912.63
2915.28
2917.22
2918.84
2920.82
2923.28
2927.32
2933.03
2941.68
2949.08
2958.58
2958.5
2951.7
4051.66
)
;
    }
}


// ************************************************************************* //
