/*--------------------------------*- C++ -*----------------------------------*\
| =========                 |                                                 |
| \\      /  F ield         | OpenFOAM: The Open Source CFD Toolbox           |
|  \\    /   O peration     | Version:  2412                                  |
|   \\  /    A nd           | Website:  www.openfoam.com                      |
|    \\/     M anipulation  |                                                 |
\*---------------------------------------------------------------------------*/
FoamFile
{
    version     2.0;
    format      ascii;
    arch        "LSB;label=32;scalar=64";
    class       volScalarField;
    location    "0.096";
    object      p;
}
// * * * * * * * * * * * * * * * * * * * * * * * * * * * * * * * * * * * * * //

dimensions      [1 -1 -2 0 0 0 0];

internalField   nonuniform List<scalar> 
9831
(
1022.79
2370.51
1019.03
2369.64
2635.5
2633.78
2645.64
2660.1
2674.67
2687.34
2698.49
2708.5
2717.99
2727.07
2735.76
2744.05
2751.99
2759.72
2767.39
2775.05
2782.66
2790.11
2797.31
2804.22
2810.82
2817.04
2822.81
2828.12
2832.98
2837.49
2841.74
2845.83
2849.82
2853.77
2857.72
2861.67
2865.62
2869.57
2873.52
2877.46
2881.38
2885.25
2889.05
2892.75
2896.35
2899.85
2903.24
2906.51
2909.63
2912.59
2915.36
2917.94
1014.91
2368.95
2635.44
2633.45
2645.29
2659.81
2674.4
2687.08
2698.25
2708.29
2717.8
2726.9
2735.6
2743.91
2751.87
2759.63
2767.32
2775
2782.61
2790.06
2797.25
2804.16
2810.75
2816.95
2822.71
2828
2832.86
2837.36
2841.61
2845.7
2849.7
2853.67
2857.62
2861.58
2865.54
2869.5
2873.45
2877.4
2881.32
2885.19
2888.99
2892.69
2896.29
2899.8
2903.19
2906.46
2909.59
2912.55
2915.33
2917.91
2920.26
2922.39
1011.47
2368.26
2635.37
2633.1
2644.93
2659.51
2674.13
2686.82
2698.02
2708.09
2717.62
2726.73
2735.45
2743.77
2751.75
2759.53
2767.24
2774.94
2782.57
2790.01
2797.2
2804.1
2810.67
2816.87
2822.61
2827.89
2832.73
2837.23
2841.48
2845.58
2849.59
2853.56
2857.53
2861.49
2865.46
2869.42
2873.38
2877.33
2881.26
2885.13
2888.93
2892.63
2896.24
2899.75
2903.15
2906.42
2909.55
2912.52
2915.3
2917.88
2920.24
2922.38
2924.28
2925.92
1008.51
2367.6
2635.29
2632.73
2644.56
2659.21
2673.86
2686.56
2697.79
2707.89
2717.44
2726.56
2735.3
2743.64
2751.64
2759.44
2767.17
2774.89
2782.52
2789.96
2797.15
2804.04
2810.6
2816.78
2822.51
2827.78
2832.61
2837.1
2841.35
2845.45
2849.47
2853.46
2857.43
2861.41
2865.38
2869.35
2873.31
2877.26
2881.19
2885.07
2888.86
2892.57
2896.18
2899.69
2903.1
2906.38
2909.52
2912.49
2915.27
2917.86
2920.23
2922.37
2924.28
2925.94
2927.34
2928.47
2929.32
2929.91
2930.19
2930.18
2929.85
2929.23
2928.34
2927.18
2925.74
2924.03
2922.07
2919.87
2917.45
2914.81
2911.98
2908.97
2905.79
2902.48
2899.03
2895.48
2891.83
2888.11
2884.32
2880.5
2876.64
2872.77
2868.89
2865.02
2861.17
2857.35
2853.56
2849.82
2846.14
2842.51
2838.95
2835.46
2832.04
2828.71
2825.45
2822.28
2819.19
2816.19
2813.27
2810.44
2807.71
2805.05
2802.49
2800.01
2797.62
2795.31
2793.08
2790.94
2788.88
2786.89
2784.98
2783.14
2781.38
2779.68
2778.07
2776.5
2774.99
2773.74
2772.31
1005.33
2367.11
2635.2
2632.33
2644.19
2658.91
2673.59
2686.31
2697.57
2707.69
2717.26
2726.4
2735.15
2743.51
2751.53
2759.35
2767.1
2774.83
2782.47
2789.92
2797.1
2803.98
2810.53
2816.7
2822.41
2827.66
2832.49
2836.98
2841.23
2845.33
2849.36
2853.35
2857.34
2861.32
2865.3
2869.27
2873.23
2877.19
2881.12
2885
2888.8
2892.51
2896.12
2899.64
2903.06
2906.34
2909.48
2912.46
2915.25
2917.84
2920.22
2922.37
2924.29
2925.96
2927.38
2928.53
2929.4
2930.02
2930.33
2930.35
2930.05
2929.48
2928.64
2927.53
2926.14
2924.5
2922.61
2920.48
2918.14
2915.58
2912.84
2909.92
2906.84
2903.63
2900.29
2896.85
2893.32
2889.72
2886.05
2882.35
2878.62
2874.87
2871.12
2867.38
2863.65
2859.96
2856.3
2852.7
2849.14
2845.64
2842.2
2838.84
2835.54
2832.32
2829.18
2826.13
2823.15
2820.26
2817.46
2814.74
2812.1
2809.55
2807.08
2804.7
2802.4
2800.18
2798.05
2795.99
2794
2792.1
2790.27
2788.5
2786.81
2785.19
2783.64
2782.14
2780.7
2779.51
2778.13
2777.31
2774.72
1001.96
2366.75
2635.1
2631.92
2643.8
2658.61
2673.32
2686.06
2697.35
2707.5
2717.09
2726.25
2735.01
2743.38
2751.42
2759.26
2767.04
2774.78
2782.43
2789.87
2797.04
2803.92
2810.46
2816.61
2822.31
2827.55
2832.37
2836.85
2841.1
2845.21
2849.24
2853.25
2857.24
2861.23
2865.21
2869.19
2873.16
2877.12
2881.05
2884.93
2888.74
2892.45
2896.07
2899.6
2903.01
2906.31
2909.45
2912.43
2915.23
2917.83
2920.22
2922.38
2924.32
2926
2927.44
2928.61
2929.51
2930.15
2930.5
2930.55
2930.29
2929.78
2928.99
2927.93
2926.61
2925.03
2923.22
2921.17
2918.91
2916.44
2913.79
2910.98
2908.01
2904.9
2901.68
2898.35
2894.94
2891.46
2887.92
2884.35
2880.75
2877.13
2873.51
2869.91
2866.31
2862.75
2859.23
2855.75
2852.32
2848.95
2845.64
2842.4
2839.23
2836.13
2833.11
2830.17
2827.31
2824.53
2821.84
2819.22
2816.69
2814.24
2811.87
2809.59
2807.38
2805.25
2803.2
2801.22
2799.32
2797.49
2795.74
2794.05
2792.42
2790.87
2789.38
2787.98
2786.59
2785.48
2784.13
2783.38
2780.85
999.606
2366.51
2634.99
2631.49
2643.41
2658.31
2673.05
2685.81
2697.13
2707.31
2716.92
2726.09
2734.87
2743.26
2751.32
2759.18
2766.97
2774.73
2782.38
2789.82
2796.99
2803.85
2810.39
2816.52
2822.21
2827.44
2832.24
2836.72
2840.97
2845.09
2849.13
2853.14
2857.15
2861.14
2865.13
2869.11
2873.08
2877.05
2880.98
2884.87
2888.67
2892.39
2896.01
2899.55
2902.97
2906.27
2909.42
2912.41
2915.22
2917.82
2920.22
2922.4
2924.35
2926.05
2927.51
2928.7
2929.63
2930.3
2930.69
2930.78
2930.57
2930.11
2929.37
2928.38
2927.12
2925.62
2923.88
2921.92
2919.75
2917.38
2914.83
2912.12
2909.26
2906.27
2903.16
2899.96
2896.67
2893.33
2889.92
2886.48
2883.01
2879.53
2876.05
2872.58
2869.12
2865.7
2862.31
2858.97
2855.67
2852.43
2849.25
2846.14
2843.1
2840.12
2837.23
2834.4
2831.66
2828.99
2826.41
2823.9
2821.48
2819.13
2816.86
2814.67
2812.55
2810.51
2808.55
2806.66
2804.84
2803.09
2801.41
2799.79
2798.24
2796.75
2795.33
2794.02
2792.67
2791.6
2790.31
2789.63
2787.18
997.217
2366.39
2634.88
2631.05
2643.01
2658.02
2672.79
2685.57
2696.92
2707.12
2716.75
2725.94
2734.73
2743.14
2751.21
2759.1
2766.91
2774.68
2782.34
2789.78
2796.94
2803.79
2810.31
2816.44
2822.11
2827.32
2832.12
2836.6
2840.85
2844.97
2849.02
2853.04
2857.05
2861.05
2865.04
2869.02
2873
2876.97
2880.91
2884.8
2888.6
2892.33
2895.96
2899.5
2902.93
2906.24
2909.39
2912.39
2915.2
2917.82
2920.23
2922.43
2924.39
2926.12
2927.6
2928.82
2929.78
2930.48
2930.91
2931.04
2930.89
2930.48
2929.81
2928.88
2927.7
2926.27
2924.62
2922.75
2920.67
2918.4
2915.96
2913.36
2910.62
2907.75
2904.77
2901.7
2898.54
2895.33
2892.06
2888.75
2885.42
2882.08
2878.74
2875.41
2872.1
2868.81
2865.56
2862.36
2859.2
2856.09
2853.05
2850.06
2847.15
2844.3
2841.52
2838.82
2836.19
2833.64
2831.16
2828.76
2826.44
2824.19
2822.02
2819.93
2817.9
2815.95
2814.07
2812.26
2810.52
2808.85
2807.24
2805.69
2804.21
2802.79
2801.42
2800.19
2798.89
2797.84
2796.62
2796.01
2793.61
994.615
2366.49
2634.75
2630.58
2642.6
2657.73
2672.53
2685.33
2696.71
2706.94
2716.59
2725.8
2734.6
2743.02
2751.11
2759.02
2766.85
2774.63
2782.3
2789.73
2796.89
2803.73
2810.24
2816.35
2822.01
2827.21
2832
2836.47
2840.72
2844.85
2848.91
2852.93
2856.95
2860.96
2864.95
2868.94
2872.92
2876.9
2880.84
2884.73
2888.54
2892.27
2895.91
2899.45
2902.89
2906.2
2909.37
2912.37
2915.2
2917.83
2920.25
2922.46
2924.44
2926.19
2927.7
2928.95
2929.95
2930.68
2931.15
2931.34
2931.24
2930.89
2930.28
2929.42
2928.32
2926.98
2925.41
2923.63
2921.66
2919.5
2917.17
2914.69
2912.07
2909.32
2906.47
2903.53
2900.51
2897.44
2894.31
2891.15
2887.96
2884.77
2881.57
2878.38
2875.21
2872.07
2868.96
2865.9
2862.88
2859.91
2857
2854.15
2851.36
2848.64
2845.99
2843.41
2840.9
2838.46
2836.1
2833.8
2831.59
2829.44
2827.37
2825.37
2823.43
2821.57
2819.78
2818.05
2816.39
2814.79
2813.26
2811.78
2810.37
2809.01
2807.71
2806.54
2805.29
2804.28
2803.14
2802.59
2800.25
992.368
2366.76
2634.61
2630.1
2642.19
2657.44
2672.29
2685.1
2696.51
2706.76
2716.43
2725.65
2734.47
2742.9
2751.02
2758.94
2766.79
2774.59
2782.25
2789.69
2796.83
2803.67
2810.17
2816.27
2821.91
2827.1
2831.88
2836.35
2840.6
2844.73
2848.79
2852.83
2856.85
2860.86
2864.86
2868.85
2872.84
2876.82
2880.77
2884.66
2888.47
2892.21
2895.85
2899.41
2902.85
2906.17
2909.35
2912.36
2915.19
2917.83
2920.28
2922.5
2924.51
2926.28
2927.81
2929.1
2930.13
2930.9
2931.42
2931.66
2931.63
2931.34
2930.8
2930.02
2929
2927.75
2926.27
2924.6
2922.73
2920.68
2918.47
2916.11
2913.62
2911.01
2908.29
2905.49
2902.61
2899.68
2896.7
2893.69
2890.65
2887.6
2884.55
2881.51
2878.49
2875.5
2872.53
2869.61
2866.73
2863.9
2861.12
2858.41
2855.75
2853.16
2850.63
2848.17
2845.78
2843.45
2841.2
2839.02
2836.9
2834.86
2832.88
2830.97
2829.13
2827.36
2825.65
2824
2822.42
2820.9
2819.43
2818.03
2816.68
2815.38
2814.14
2813.04
2811.85
2810.88
2809.8
2809.32
2807.04
990.538
2367.2
2634.46
2629.6
2641.78
2657.15
2672.04
2684.88
2696.31
2706.59
2716.28
2725.51
2734.34
2742.79
2750.92
2758.87
2766.73
2774.54
2782.21
2789.64
2796.78
2803.61
2810.1
2816.18
2821.81
2826.99
2831.76
2836.22
2840.48
2844.61
2848.68
2852.72
2856.75
2860.77
2864.77
2868.77
2872.76
2876.74
2880.69
2884.59
2888.41
2892.15
2895.8
2899.36
2902.81
2906.14
2909.32
2912.34
2915.19
2917.85
2920.31
2922.55
2924.58
2926.38
2927.94
2929.26
2930.34
2931.15
2931.71
2932.02
2932.06
2931.82
2931.36
2930.66
2929.72
2928.56
2927.19
2925.62
2923.86
2921.93
2919.84
2917.61
2915.25
2912.78
2910.2
2907.55
2904.82
2902.03
2899.2
2896.34
2893.45
2890.56
2887.66
2884.77
2881.9
2879.05
2876.24
2873.46
2870.72
2868.04
2865.4
2862.82
2860.29
2857.83
2855.43
2853.09
2850.82
2848.61
2846.47
2844.39
2842.39
2840.44
2838.57
2836.75
2835
2833.32
2831.69
2830.13
2828.62
2827.17
2825.78
2824.44
2823.16
2821.93
2820.74
2819.71
2818.57
2817.65
2816.64
2816.22
2813.99
988.919
2367.88
2634.29
2629.07
2641.35
2656.87
2671.81
2684.66
2696.11
2706.41
2716.12
2725.37
2734.22
2742.68
2750.83
2758.8
2766.68
2774.5
2782.17
2789.6
2796.73
2803.55
2810.02
2816.09
2821.71
2826.87
2831.64
2836.1
2840.35
2844.49
2848.57
2852.62
2856.65
2860.67
2864.68
2868.68
2872.68
2876.66
2880.62
2884.52
2888.34
2892.09
2895.75
2899.32
2902.78
2906.11
2909.3
2912.33
2915.19
2917.87
2920.34
2922.61
2924.66
2926.49
2928.09
2929.45
2930.56
2931.42
2932.04
2932.42
2932.52
2932.34
2931.96
2931.35
2930.5
2929.44
2928.18
2926.72
2925.08
2923.27
2921.31
2919.21
2916.99
2914.66
2912.23
2909.72
2907.14
2904.51
2901.83
2899.12
2896.39
2893.66
2890.91
2888.18
2885.46
2882.77
2880.1
2877.47
2874.88
2872.34
2869.84
2867.39
2865
2862.67
2860.39
2858.18
2856.02
2853.93
2851.9
2849.93
2848.03
2846.19
2844.41
2842.69
2841.03
2839.43
2837.89
2836.4
2834.97
2833.6
2832.28
2831.01
2829.79
2828.62
2827.49
2826.53
2825.43
2824.56
2823.61
2823.25
2821.07
987.368
2368.9
2634.1
2628.53
2640.93
2656.6
2671.58
2684.44
2695.92
2706.25
2715.98
2725.24
2734.1
2742.58
2750.74
2758.72
2766.62
2774.45
2782.13
2789.55
2796.68
2803.49
2809.95
2816.01
2821.61
2826.76
2831.51
2835.97
2840.23
2844.37
2848.45
2852.51
2856.55
2860.57
2864.58
2868.59
2872.59
2876.59
2880.55
2884.45
2888.28
2892.03
2895.7
2899.27
2902.74
2906.08
2909.28
2912.33
2915.2
2917.89
2920.38
2922.68
2924.76
2926.62
2928.25
2929.65
2930.81
2931.71
2932.39
2932.83
2933
2932.9
2932.6
2932.07
2931.33
2930.37
2929.21
2927.87
2926.35
2924.67
2922.84
2920.88
2918.8
2916.62
2914.34
2911.98
2909.56
2907.08
2904.57
2902.02
2899.45
2896.87
2894.29
2891.71
2889.15
2886.61
2884.1
2881.62
2879.18
2876.78
2874.42
2872.11
2869.86
2867.65
2865.51
2863.42
2861.38
2859.41
2857.49
2855.63
2853.83
2852.09
2850.41
2848.79
2847.22
2845.71
2844.25
2842.84
2841.49
2840.19
2838.94
2837.74
2836.59
2835.47
2834.4
2833.51
2832.46
2831.63
2830.74
2830.44
2828.33
986.072
2370.28
2633.86
2627.96
2640.5
2656.34
2671.35
2684.24
2695.74
2706.08
2715.83
2725.1
2733.98
2742.47
2750.66
2758.66
2766.57
2774.41
2782.09
2789.51
2796.63
2803.43
2809.88
2815.92
2821.51
2826.65
2831.39
2835.85
2840.11
2844.25
2848.34
2852.4
2856.44
2860.47
2864.49
2868.5
2872.51
2876.51
2880.47
2884.38
2888.21
2891.97
2895.65
2899.23
2902.71
2906.06
2909.27
2912.32
2915.21
2917.92
2920.43
2922.75
2924.86
2926.75
2928.42
2929.86
2931.07
2932.03
2932.76
2933.27
2933.52
2933.51
2933.29
2932.85
2932.21
2931.36
2930.32
2929.09
2927.7
2926.16
2924.47
2922.65
2920.72
2918.69
2916.56
2914.37
2912.1
2909.79
2907.43
2905.05
2902.64
2900.22
2897.8
2895.39
2892.99
2890.61
2888.25
2885.92
2883.63
2881.37
2879.16
2876.99
2874.87
2872.8
2870.78
2868.81
2866.9
2865.04
2863.23
2861.49
2859.79
2858.15
2856.57
2855.04
2853.56
2852.13
2850.76
2849.43
2848.16
2846.93
2845.75
2844.62
2843.53
2842.48
2841.47
2840.64
2839.63
2838.86
2838.02
2837.78
2835.72
985.117
2372.02
2633.56
2627.36
2640.08
2656.09
2671.14
2684.03
2695.56
2705.92
2715.69
2724.97
2733.86
2742.37
2750.57
2758.59
2766.52
2774.37
2782.05
2789.46
2796.57
2803.36
2809.8
2815.84
2821.41
2826.54
2831.27
2835.72
2839.98
2844.13
2848.22
2852.29
2856.34
2860.37
2864.39
2868.41
2872.42
2876.43
2880.4
2884.31
2888.15
2891.91
2895.59
2899.19
2902.67
2906.03
2909.25
2912.32
2915.22
2917.95
2920.49
2922.83
2924.97
2926.9
2928.61
2930.1
2931.35
2932.37
2933.16
2933.73
2934.07
2934.15
2934
2933.67
2933.13
2932.39
2931.47
2930.37
2929.11
2927.7
2926.15
2924.48
2922.7
2920.83
2918.86
2916.83
2914.73
2912.58
2910.39
2908.17
2905.93
2903.68
2901.43
2899.18
2896.94
2894.72
2892.52
2890.34
2888.2
2886.1
2884.03
2882
2880.02
2878.08
2876.19
2874.35
2872.56
2870.82
2869.13
2867.49
2865.9
2864.37
2862.88
2861.44
2860.05
2858.72
2857.42
2856.18
2854.98
2853.83
2852.72
2851.65
2850.63
2849.64
2848.68
2847.92
2846.96
2846.24
2845.46
2845.27
2843.26
984.194
2374.1
2633.21
2626.75
2639.65
2655.85
2670.93
2683.83
2695.38
2705.76
2715.55
2724.85
2733.75
2742.27
2750.49
2758.52
2766.47
2774.32
2782.01
2789.42
2796.52
2803.3
2809.73
2815.75
2821.31
2826.42
2831.15
2835.6
2839.86
2844.01
2848.11
2852.18
2856.23
2860.27
2864.29
2868.32
2872.34
2876.35
2880.32
2884.24
2888.08
2891.85
2895.54
2899.14
2902.64
2906.01
2909.24
2912.32
2915.24
2917.99
2920.55
2922.92
2925.09
2927.06
2928.81
2930.34
2931.65
2932.73
2933.59
2934.23
2934.65
2934.82
2934.77
2934.54
2934.1
2933.48
2932.68
2931.72
2930.59
2929.33
2927.93
2926.41
2924.79
2923.07
2921.27
2919.4
2917.47
2915.5
2913.48
2911.43
2909.36
2907.28
2905.19
2903.11
2901.04
2898.98
2896.93
2894.92
2892.93
2890.97
2889.05
2887.16
2885.32
2883.52
2881.75
2880.04
2878.37
2876.75
2875.17
2873.64
2872.16
2870.72
2869.33
2867.99
2866.69
2865.44
2864.23
2863.07
2861.95
2860.87
2859.83
2858.83
2857.88
2856.95
2856.06
2855.35
2854.45
2853.78
2853.04
2852.88
2850.97
983.49
2376.5
2632.78
2626.11
2639.24
2655.63
2670.73
2683.64
2695.2
2705.61
2715.41
2724.72
2733.64
2742.18
2750.41
2758.46
2766.42
2774.28
2781.97
2789.38
2796.47
2803.24
2809.66
2815.66
2821.21
2826.31
2831.03
2835.47
2839.73
2843.89
2847.99
2852.07
2856.12
2860.16
2864.2
2868.23
2872.26
2876.27
2880.25
2884.17
2888.02
2891.8
2895.49
2899.1
2902.6
2905.98
2909.22
2912.32
2915.26
2918.03
2920.62
2923.02
2925.22
2927.23
2929.02
2930.61
2931.97
2933.11
2934.04
2934.75
2935.25
2935.52
2935.58
2935.43
2935.11
2934.61
2933.94
2933.11
2932.12
2931
2929.76
2928.4
2926.94
2925.38
2923.75
2922.05
2920.3
2918.49
2916.65
2914.77
2912.88
2910.97
2909.06
2907.14
2905.24
2903.34
2901.46
2899.6
2897.77
2895.96
2894.19
2892.45
2890.74
2889.08
2887.45
2885.86
2884.32
2882.82
2881.35
2879.94
2878.56
2877.23
2875.94
2874.69
2873.49
2872.32
2871.2
2870.12
2869.07
2868.06
2867.1
2866.16
2865.28
2864.42
2863.58
2862.93
2862.07
2861.46
2860.76
2860.62
2858.8
983.964
2379.35
2632.28
2625.47
2638.84
2655.41
2670.54
2683.45
2695.03
2705.46
2715.27
2724.6
2733.53
2742.08
2750.33
2758.4
2766.37
2774.24
2781.93
2789.33
2796.42
2803.18
2809.59
2815.58
2821.11
2826.2
2830.91
2835.35
2839.61
2843.77
2847.88
2851.95
2856.02
2860.06
2864.1
2868.14
2872.17
2876.19
2880.17
2884.1
2887.96
2891.74
2895.44
2899.06
2902.57
2905.96
2909.21
2912.33
2915.28
2918.07
2920.69
2923.12
2925.36
2927.41
2929.25
2930.89
2932.31
2933.51
2934.51
2935.3
2935.88
2936.26
2936.42
2936.38
2936.18
2935.8
2935.26
2934.57
2933.73
2932.76
2931.68
2930.48
2929.18
2927.8
2926.34
2924.82
2923.24
2921.61
2919.94
2918.25
2916.53
2914.8
2913.06
2911.32
2909.58
2907.85
2906.13
2904.43
2902.76
2901.1
2899.48
2897.88
2896.32
2894.79
2893.29
2891.83
2890.41
2889.02
2887.68
2886.37
2885.1
2883.87
2882.68
2881.53
2880.41
2879.34
2878.3
2877.29
2876.33
2875.39
2874.5
2873.64
2872.81
2872.03
2871.25
2870.65
2869.85
2869.29
2868.63
2868.52
2866.81
984.023
2382.62
2631.73
2624.81
2638.45
2655.21
2670.35
2683.27
2694.87
2705.31
2715.14
2724.48
2733.42
2741.99
2750.26
2758.34
2766.33
2774.21
2781.89
2789.29
2796.37
2803.12
2809.51
2815.49
2821.01
2826.08
2830.79
2835.22
2839.49
2843.65
2847.76
2851.84
2855.91
2859.96
2864
2868.05
2872.09
2876.11
2880.1
2884.03
2887.89
2891.68
2895.39
2899.02
2902.53
2905.93
2909.2
2912.33
2915.31
2918.12
2920.77
2923.23
2925.51
2927.6
2929.49
2931.18
2932.66
2933.93
2935
2935.88
2936.54
2937.01
2937.29
2937.37
2937.27
2937.03
2936.62
2936.07
2935.38
2934.57
2933.64
2932.61
2931.48
2930.27
2928.99
2927.64
2926.24
2924.8
2923.31
2921.8
2920.26
2918.71
2917.14
2915.58
2914.01
2912.45
2910.9
2909.36
2907.85
2906.35
2904.87
2903.43
2902
2900.61
2899.25
2897.92
2896.63
2895.36
2894.13
2892.94
2891.78
2890.65
2889.56
2888.51
2887.49
2886.5
2885.54
2884.62
2883.73
2882.88
2882.05
2881.26
2880.5
2879.8
2879.08
2878.52
2877.77
2877.27
2876.65
2876.56
2874.96
983.738
2386.2
2631.11
2624.15
2638.07
2655.01
2670.17
2683.09
2694.71
2705.17
2715.01
2724.37
2733.32
2741.9
2750.18
2758.28
2766.28
2774.17
2781.85
2789.25
2796.32
2803.06
2809.44
2815.4
2820.91
2825.97
2830.67
2835.1
2839.36
2843.53
2847.64
2851.73
2855.8
2859.86
2863.91
2867.96
2872.01
2876.04
2880.03
2883.96
2887.83
2891.62
2895.34
2898.97
2902.5
2905.91
2909.19
2912.34
2915.34
2918.18
2920.85
2923.35
2925.67
2927.8
2929.74
2931.49
2933.03
2934.37
2935.52
2936.48
2937.24
2937.8
2938.19
2938.4
2938.43
2938.31
2938.05
2937.64
2937.11
2936.46
2935.69
2934.83
2933.88
2932.85
2931.75
2930.58
2929.36
2928.1
2926.8
2925.47
2924.12
2922.75
2921.36
2919.97
2918.58
2917.19
2915.81
2914.44
2913.08
2911.73
2910.41
2909.11
2907.83
2906.58
2905.35
2904.15
2902.98
2901.83
2900.72
2899.64
2898.59
2897.56
2896.57
2895.61
2894.68
2893.78
2892.92
2892.08
2891.27
2890.49
2889.73
2889.01
2888.32
2887.7
2887.03
2886.52
2885.83
2885.39
2884.82
2884.75
2883.27
985.117
2390.19
2630.43
2623.48
2637.7
2654.83
2670
2682.92
2694.55
2705.03
2714.89
2724.25
2733.22
2741.81
2750.11
2758.23
2766.24
2774.13
2781.81
2789.2
2796.27
2803
2809.37
2815.31
2820.81
2825.86
2830.54
2834.97
2839.24
2843.4
2847.52
2851.61
2855.69
2859.75
2863.81
2867.87
2871.92
2875.96
2879.95
2883.89
2887.76
2891.56
2895.29
2898.93
2902.46
2905.89
2909.18
2912.35
2915.37
2918.23
2920.94
2923.47
2925.83
2928.01
2930
2931.81
2933.42
2934.83
2936.05
2937.1
2937.95
2938.62
2939.11
2939.45
2939.62
2939.62
2939.5
2939.25
2938.87
2938.38
2937.79
2937.1
2936.32
2935.47
2934.55
2933.57
2932.54
2931.47
2930.36
2929.21
2928.04
2926.86
2925.65
2924.44
2923.23
2922.01
2920.8
2919.6
2918.4
2917.22
2916.05
2914.9
2913.76
2912.65
2911.56
2910.49
2909.45
2908.43
2907.44
2906.47
2905.53
2904.61
2903.72
2902.86
2902.03
2901.22
2900.44
2899.68
2898.95
2898.25
2897.57
2896.91
2896.28
2895.75
2895.12
2894.65
2894.03
2893.63
2893.1
2893.06
2891.67
986.242
2394.63
2629.7
2622.81
2637.35
2654.65
2669.83
2682.75
2694.39
2704.89
2714.76
2724.14
2733.12
2741.73
2750.04
2758.17
2766.19
2774.09
2781.78
2789.16
2796.22
2802.94
2809.29
2815.23
2820.7
2825.74
2830.42
2834.85
2839.11
2843.28
2847.4
2851.5
2855.58
2859.65
2863.71
2867.78
2871.84
2875.88
2879.87
2883.82
2887.69
2891.5
2895.24
2898.88
2902.43
2905.86
2909.18
2912.36
2915.4
2918.3
2921.03
2923.6
2926.01
2928.23
2930.28
2932.14
2933.82
2935.3
2936.61
2937.75
2938.7
2939.47
2940.08
2940.54
2940.85
2941
2941.02
2940.92
2940.7
2940.38
2939.96
2939.45
2938.86
2938.19
2937.46
2936.67
2935.83
2934.95
2934.03
2933.07
2932.09
2931.09
2930.07
2929.05
2928.01
2926.97
2925.93
2924.89
2923.86
2922.83
2921.82
2920.81
2919.83
2918.85
2917.9
2916.96
2916.05
2915.15
2914.27
2913.42
2912.59
2911.77
2910.99
2910.22
2909.48
2908.76
2908.06
2907.39
2906.74
2906.11
2905.5
2904.92
2904.35
2903.9
2903.33
2902.9
2902.35
2902.01
2901.52
2901.5
2900.23
987.031
2399.4
2628.92
2622.14
2637.01
2654.48
2669.66
2682.59
2694.24
2704.75
2714.64
2724.03
2733.02
2741.64
2749.97
2758.12
2766.15
2774.06
2781.74
2789.12
2796.17
2802.88
2809.22
2815.14
2820.6
2825.63
2830.3
2834.72
2838.99
2843.16
2847.28
2851.38
2855.47
2859.55
2863.62
2867.69
2871.75
2875.8
2879.8
2883.74
2887.63
2891.44
2895.18
2898.84
2902.39
2905.84
2909.17
2912.37
2915.44
2918.36
2921.13
2923.74
2926.19
2928.46
2930.56
2932.49
2934.23
2935.79
2937.18
2938.41
2939.46
2940.34
2941.07
2941.65
2942.09
2942.4
2942.57
2942.62
2942.57
2942.41
2942.17
2941.84
2941.44
2940.96
2940.42
2939.82
2939.17
2938.48
2937.75
2936.99
2936.2
2935.39
2934.56
2933.71
2932.86
2931.99
2931.13
2930.26
2929.39
2928.53
2927.67
2926.82
2925.98
2925.16
2924.34
2923.54
2922.75
2921.98
2921.23
2920.49
2919.77
2919.07
2918.39
2917.72
2917.08
2916.45
2915.84
2915.26
2914.68
2914.13
2913.6
2913.09
2912.59
2912.21
2911.69
2911.31
2910.83
2910.55
2910.1
2910.1
2908.94
989.161
2404.49
2628.09
2621.47
2636.68
2654.31
2669.5
2682.43
2694.1
2704.62
2714.52
2723.93
2732.93
2741.56
2749.9
2758.06
2766.11
2774.02
2781.7
2789.07
2796.11
2802.81
2809.14
2815.05
2820.5
2825.51
2830.18
2834.6
2838.86
2843.04
2847.17
2851.27
2855.36
2859.44
2863.52
2867.6
2871.67
2875.72
2879.72
2883.67
2887.56
2891.38
2895.13
2898.79
2902.35
2905.82
2909.16
2912.39
2915.48
2918.43
2921.24
2923.89
2926.38
2928.7
2930.86
2932.85
2934.66
2936.3
2937.78
2939.1
2940.25
2941.25
2942.1
2942.81
2943.39
2943.84
2944.17
2944.39
2944.51
2944.53
2944.46
2944.32
2944.1
2943.82
2943.47
2943.06
2942.61
2942.12
2941.59
2941.02
2940.42
2939.8
2939.16
2938.5
2937.83
2937.15
2936.45
2935.76
2935.06
2934.36
2933.66
2932.96
2932.27
2931.58
2930.91
2930.24
2929.58
2928.93
2928.3
2927.67
2927.07
2926.47
2925.89
2925.32
2924.77
2924.23
2923.71
2923.21
2922.72
2922.24
2921.79
2921.34
2920.91
2920.61
2920.14
2919.81
2919.4
2919.17
2918.77
2918.78
2917.75
991.796
2409.97
2627.21
2620.8
2636.37
2654.15
2669.34
2682.27
2693.95
2704.49
2714.41
2723.82
2732.84
2741.48
2749.84
2758.01
2766.07
2773.99
2781.66
2789.03
2796.06
2802.75
2809.07
2814.96
2820.39
2825.4
2830.05
2834.47
2838.74
2842.91
2847.05
2851.16
2855.25
2859.34
2863.43
2867.51
2871.58
2875.63
2879.64
2883.59
2887.49
2891.31
2895.07
2898.74
2902.32
2905.79
2909.16
2912.4
2915.52
2918.51
2921.34
2924.03
2926.57
2928.95
2931.16
2933.21
2935.1
2936.82
2938.38
2939.8
2941.06
2942.17
2943.15
2943.99
2944.71
2945.31
2945.8
2946.18
2946.47
2946.67
2946.78
2946.82
2946.8
2946.7
2946.55
2946.34
2946.09
2945.8
2945.46
2945.09
2944.69
2944.26
2943.81
2943.34
2942.85
2942.35
2941.84
2941.31
2940.78
2940.25
2939.71
2939.17
2938.63
2938.09
2937.56
2937.03
2936.51
2935.99
2935.48
2934.97
2934.48
2934
2933.52
2933.06
2932.61
2932.16
2931.73
2931.32
2930.91
2930.51
2930.14
2929.76
2929.4
2929.18
2928.76
2928.48
2928.14
2927.97
2927.61
2927.63
2926.73
993.493
2415.64
2626.29
2620.14
2636.06
2653.99
2669.18
2682.12
2693.81
2704.36
2714.29
2723.72
2732.74
2741.4
2749.77
2757.96
2766.03
2773.95
2781.63
2788.99
2796.01
2802.69
2808.99
2814.87
2820.29
2825.28
2829.93
2834.34
2838.61
2842.79
2846.93
2851.04
2855.14
2859.24
2863.33
2867.42
2871.5
2875.55
2879.56
2883.52
2887.41
2891.25
2895.01
2898.69
2902.28
2905.77
2909.15
2912.42
2915.57
2918.58
2921.46
2924.19
2926.77
2929.2
2931.48
2933.59
2935.55
2937.35
2939.01
2940.53
2941.9
2943.12
2944.23
2945.21
2946.08
2946.83
2947.48
2948.03
2948.5
2948.88
2949.18
2949.41
2949.58
2949.68
2949.73
2949.72
2949.67
2949.57
2949.44
2949.27
2949.07
2948.84
2948.58
2948.3
2948
2947.68
2947.35
2947
2946.64
2946.27
2945.89
2945.51
2945.12
2944.72
2944.33
2943.94
2943.54
2943.15
2942.76
2942.37
2941.99
2941.62
2941.24
2940.88
2940.52
2940.17
2939.83
2939.49
2939.16
2938.85
2938.54
2938.25
2937.95
2937.78
2937.42
2937.21
2936.92
2936.79
2936.49
2936.54
2935.74
996.598
2421.57
2625.33
2619.48
2635.76
2653.84
2669.03
2681.97
2693.67
2704.24
2714.18
2723.62
2732.66
2741.33
2749.71
2757.92
2765.99
2773.92
2781.59
2788.95
2795.96
2802.63
2808.92
2814.78
2820.19
2825.17
2829.81
2834.22
2838.48
2842.67
2846.81
2850.93
2855.03
2859.14
2863.23
2867.33
2871.41
2875.46
2879.48
2883.44
2887.34
2891.18
2894.95
2898.64
2902.24
2905.74
2909.15
2912.44
2915.62
2918.66
2921.58
2924.35
2926.98
2929.46
2931.8
2933.98
2936.01
2937.9
2939.65
2941.27
2942.74
2944.09
2945.32
2946.44
2947.45
2948.36
2949.18
2949.9
2950.54
2951.1
2951.59
2952.01
2952.37
2952.67
2952.92
2953.12
2953.27
2953.38
2953.44
2953.48
2953.48
2953.44
2953.38
2953.29
2953.18
2953.05
2952.9
2952.72
2952.54
2952.34
2952.12
2951.9
2951.67
2951.43
2951.18
2950.92
2950.67
2950.41
2950.14
2949.88
2949.62
2949.35
2949.09
2948.83
2948.58
2948.32
2948.07
2947.83
2947.58
2947.35
2947.12
2946.91
2946.68
2946.57
2946.28
2946.13
2945.9
2945.8
2945.57
2945.64
2944.95
999.68
2427.66
2624.33
2618.82
2635.47
2653.69
2668.88
2681.82
2693.54
2704.11
2714.07
2723.52
2732.57
2741.25
2749.65
2757.87
2765.96
2773.88
2781.56
2788.9
2795.91
2802.57
2808.84
2814.69
2820.08
2825.05
2829.69
2834.09
2838.36
2842.54
2846.69
2850.81
2854.93
2859.03
2863.14
2867.24
2871.32
2875.38
2879.39
2883.36
2887.26
2891.11
2894.89
2898.58
2902.2
2905.72
2909.15
2912.46
2915.67
2918.75
2921.7
2924.51
2927.19
2929.73
2932.13
2934.38
2936.49
2938.46
2940.3
2942.03
2943.62
2945.09
2946.46
2947.72
2948.88
2949.95
2950.93
2951.83
2952.65
2953.39
2954.07
2954.69
2955.25
2955.75
2956.21
2956.61
2956.96
2957.28
2957.55
2957.79
2957.99
2958.16
2958.29
2958.4
2958.48
2958.53
2958.56
2958.57
2958.56
2958.53
2958.48
2958.41
2958.33
2958.24
2958.14
2958.02
2957.9
2957.76
2957.63
2957.48
2957.33
2957.18
2957.02
2956.86
2956.7
2956.54
2956.37
2956.21
2956.05
2955.89
2955.74
2955.6
2955.44
2955.39
2955.16
2955.06
2954.88
2954.82
2954.66
2954.77
2954.18
1003.24
2433.9
2623.3
2618.17
2635.19
2653.54
2668.73
2681.67
2693.4
2703.99
2713.96
2723.43
2732.48
2741.18
2749.59
2757.82
2765.92
2773.85
2781.52
2788.86
2795.86
2802.5
2808.77
2814.6
2819.98
2824.93
2829.56
2833.97
2838.23
2842.42
2846.57
2850.7
2854.82
2858.93
2863.04
2867.14
2871.23
2875.29
2879.3
2883.27
2887.18
2891.04
2894.82
2898.53
2902.16
2905.7
2909.14
2912.49
2915.72
2918.83
2921.82
2924.68
2927.41
2930
2932.46
2934.78
2936.97
2939.02
2940.97
2942.8
2944.5
2946.09
2947.6
2949
2950.31
2951.54
2952.69
2953.76
2954.76
2955.69
2956.56
2957.38
2958.14
2958.84
2959.5
2960.11
2960.67
2961.19
2961.67
2962.11
2962.52
2962.89
2963.22
2963.53
2963.8
2964.04
2964.26
2964.45
2964.61
2964.75
2964.87
2964.97
2965.05
2965.11
2965.16
2965.19
2965.2
2965.2
2965.19
2965.17
2965.15
2965.11
2965.06
2965.01
2964.95
2964.89
2964.82
2964.75
2964.68
2964.61
2964.53
2964.49
2964.4
2964.4
2964.24
2964.22
2964.09
2964.06
2963.99
2964.13
2963.66
1007.02
2440.18
2622.22
2617.52
2634.91
2653.39
2668.58
2681.53
2693.27
2703.88
2713.86
2723.33
2732.4
2741.11
2749.53
2757.78
2765.88
2773.82
2781.49
2788.82
2795.81
2802.44
2808.69
2814.51
2819.87
2824.82
2829.44
2833.84
2838.11
2842.3
2846.45
2850.58
2854.71
2858.83
2862.94
2867.05
2871.14
2875.2
2879.21
2883.19
2887.1
2890.96
2894.75
2898.47
2902.11
2905.67
2909.14
2912.51
2915.77
2918.92
2921.95
2924.86
2927.63
2930.28
2932.8
2935.19
2937.46
2939.61
2941.65
2943.59
2945.41
2947.13
2948.77
2950.32
2951.79
2953.18
2954.49
2955.74
2956.93
2958.05
2959.12
2960.13
2961.09
2962
2962.87
2963.69
2964.46
2965.19
2965.88
2966.53
2967.15
2967.72
2968.26
2968.76
2969.23
2969.66
2970.07
2970.44
2970.78
2971.09
2971.38
2971.64
2971.88
2972.09
2972.28
2972.45
2972.61
2972.74
2972.86
2972.96
2973.04
2973.12
2973.18
2973.23
2973.27
2973.3
2973.33
2973.34
2973.35
2973.35
2973.36
2973.4
2973.36
2973.41
2973.32
2973.36
2973.27
2973.28
2973.28
2973.44
2973.09
1011.14
2446.5
2621.12
2616.88
2634.64
2653.24
2668.43
2681.39
2693.14
2703.76
2713.75
2723.24
2732.32
2741.04
2749.48
2757.73
2765.85
2773.79
2781.45
2788.78
2795.75
2802.37
2808.61
2814.41
2819.77
2824.7
2829.32
2833.71
2837.98
2842.17
2846.33
2850.47
2854.6
2858.72
2862.84
2866.95
2871.04
2875.1
2879.12
2883.1
2887.02
2890.89
2894.69
2898.42
2902.07
2905.65
2909.14
2912.54
2915.83
2919.01
2922.08
2925.03
2927.86
2930.56
2933.15
2935.61
2937.96
2940.19
2942.33
2944.38
2946.32
2948.17
2949.94
2951.64
2953.26
2954.82
2956.3
2957.73
2959.1
2960.41
2961.67
2962.88
2964.05
2965.16
2966.24
2967.26
2968.25
2969.19
2970.09
2970.95
2971.77
2972.55
2973.29
2973.99
2974.66
2975.29
2975.88
2976.44
2976.96
2977.45
2977.91
2978.34
2978.74
2979.11
2979.45
2979.77
2980.07
2980.34
2980.59
2980.82
2981.03
2981.22
2981.4
2981.56
2981.71
2981.84
2981.96
2982.07
2982.17
2982.26
2982.35
2982.49
2982.52
2982.65
2982.62
2982.71
2982.69
2982.75
2982.82
2982.99
2982.79
1015.69
2452.83
2619.98
2616.24
2634.39
2653.09
2668.28
2681.26
2693.02
2703.65
2713.65
2723.15
2732.24
2740.97
2749.42
2757.69
2765.81
2773.75
2781.41
2788.73
2795.7
2802.31
2808.53
2814.32
2819.66
2824.58
2829.19
2833.59
2837.86
2842.05
2846.21
2850.35
2854.49
2858.62
2862.74
2866.85
2870.94
2875
2879.03
2883.01
2886.93
2890.81
2894.62
2898.36
2902.03
2905.63
2909.14
2912.56
2915.89
2919.11
2922.21
2925.21
2928.09
2930.85
2933.5
2936.03
2938.47
2940.79
2943.03
2945.19
2947.25
2949.23
2951.15
2953
2954.78
2956.5
2958.16
2959.76
2961.32
2962.83
2964.28
2965.7
2967.07
2968.39
2969.68
2970.92
2972.12
2973.27
2974.39
2975.46
2976.49
2977.48
2978.43
2979.33
2980.19
2981.02
2981.8
2982.54
2983.25
2983.92
2984.55
2985.14
2985.7
2986.23
2986.72
2987.19
2987.62
2988.03
2988.41
2988.76
2989.09
2989.4
2989.69
2989.96
2990.2
2990.43
2990.64
2990.84
2991.02
2991.19
2991.35
2991.58
2991.67
2991.85
2991.89
2992.04
2992.07
2992.17
2992.29
2992.47
2992.39
1020.44
2459.09
2618.82
2615.62
2634.13
2652.94
2668.14
2681.12
2692.9
2703.53
2713.55
2723.06
2732.16
2740.9
2749.37
2757.65
2765.78
2773.72
2781.38
2788.69
2795.65
2802.25
2808.46
2814.23
2819.55
2824.47
2829.07
2833.46
2837.73
2841.93
2846.09
2850.24
2854.37
2858.51
2862.63
2866.75
2870.84
2874.9
2878.93
2882.91
2886.85
2890.73
2894.54
2898.3
2901.99
2905.6
2909.14
2912.59
2915.95
2919.2
2922.35
2925.39
2928.32
2931.14
2933.85
2936.46
2938.98
2941.4
2943.74
2946.01
2948.19
2950.3
2952.35
2954.35
2956.29
2958.17
2960
2961.79
2963.53
2965.23
2966.88
2968.5
2970.07
2971.6
2973.1
2974.55
2975.96
2977.33
2978.66
2979.95
2981.19
2982.38
2983.54
2984.65
2985.71
2986.73
2987.71
2988.64
2989.53
2990.38
2991.18
2991.95
2992.67
2993.36
2994.02
2994.63
2995.21
2995.76
2996.28
2996.77
2997.22
2997.65
2998.06
2998.44
2998.79
2999.13
2999.44
2999.74
3000.01
3000.27
3000.52
3000.83
3001
3001.25
3001.38
3001.58
3001.7
3001.86
3002.01
3002.16
3002.31
1025.95
2465.25
2617.63
2615
2633.89
2652.79
2667.99
2680.99
2692.77
2703.43
2713.45
2722.97
2732.08
2740.83
2749.31
2757.61
2765.75
2773.69
2781.34
2788.65
2795.59
2802.18
2808.38
2814.14
2819.45
2824.35
2828.95
2833.33
2837.6
2841.8
2845.97
2850.12
2854.26
2858.4
2862.53
2866.64
2870.74
2874.8
2878.83
2882.82
2886.76
2890.64
2894.47
2898.24
2901.94
2905.58
2909.14
2912.62
2916.01
2919.3
2922.49
2925.57
2928.55
2931.43
2934.21
2936.9
2939.49
2942.01
2944.46
2946.84
2949.14
2951.39
2953.59
2955.73
2957.83
2959.88
2961.89
2963.85
2965.78
2967.68
2969.53
2971.35
2973.13
2974.88
2976.59
2978.25
2979.88
2981.47
2983.01
2984.51
2985.97
2987.38
2988.74
2990.05
2991.32
2992.54
2993.71
2994.83
2995.91
2996.94
2997.92
2998.86
2999.75
3000.6
3001.4
3002.17
3002.89
3003.58
3004.23
3004.85
3005.43
3005.98
3006.5
3006.99
3007.45
3007.88
3008.29
3008.68
3009.04
3009.38
3009.72
3010.11
3010.33
3010.65
3010.84
3011.09
3011.29
3011.48
3011.68
3011.87
3012.13
1030.79
2471.22
2616.42
2614.4
2633.65
2652.64
2667.85
2680.85
2692.66
2703.32
2713.36
2722.88
2732.01
2740.77
2749.26
2757.56
2765.71
2773.66
2781.31
2788.6
2795.54
2802.12
2808.3
2814.04
2819.34
2824.23
2828.82
2833.21
2837.48
2841.68
2845.85
2850
2854.15
2858.29
2862.42
2866.54
2870.63
2874.7
2878.73
2882.72
2886.66
2890.56
2894.4
2898.18
2901.9
2905.55
2909.14
2912.65
2916.07
2919.39
2922.62
2925.75
2928.78
2931.72
2934.57
2937.33
2940.01
2942.62
2945.17
2947.67
2950.09
2952.47
2954.81
2957.1
2959.36
2961.57
2963.75
2965.9
2968.02
2970.1
2972.15
2974.18
2976.16
2978.12
2980.04
2981.92
2983.76
2985.57
2987.32
2989.04
2990.71
2992.33
2993.9
2995.42
2996.89
2998.31
2999.68
3000.99
3002.26
3003.47
3004.63
3005.74
3006.81
3007.82
3008.79
3009.71
3010.59
3011.42
3012.22
3012.97
3013.68
3014.36
3015
3015.61
3016.18
3016.72
3017.23
3017.72
3018.18
3018.62
3019.04
3019.51
3019.82
3020.2
3020.47
3020.79
3021.07
3021.34
3021.61
3021.9
3022.22
1037.54
2477.06
2615.2
2613.81
2633.42
2652.49
2667.7
2680.72
2692.54
2703.21
2713.26
2722.8
2731.93
2740.71
2749.21
2757.52
2765.68
2773.63
2781.27
2788.56
2795.49
2802.05
2808.22
2813.95
2819.23
2824.11
2828.7
2833.08
2837.35
2841.55
2845.72
2849.88
2854.03
2858.17
2862.31
2866.42
2870.52
2874.59
2878.62
2882.62
2886.57
2890.47
2894.32
2898.12
2901.85
2905.53
2909.14
2912.68
2916.13
2919.49
2922.76
2925.93
2929.02
2932.02
2934.93
2937.77
2940.54
2943.24
2945.9
2948.51
2951.06
2953.57
2956.05
2958.5
2960.91
2963.29
2965.65
2967.98
2970.29
2972.57
2974.82
2977.05
2979.25
2981.41
2983.55
2985.65
2987.71
2989.73
2991.7
2993.64
2995.52
2997.35
2999.14
3000.87
3002.55
3004.17
3005.73
3007.24
3008.7
3010.1
3011.44
3012.73
3013.96
3015.14
3016.27
3017.34
3018.37
3019.34
3020.27
3021.16
3022
3022.8
3023.56
3024.28
3024.96
3025.61
3026.23
3026.81
3027.36
3027.9
3028.41
3028.95
3029.33
3029.78
3030.12
3030.49
3030.85
3031.17
3031.5
3031.85
3032.23
1042.52
2482.55
2613.97
2613.23
2633.19
2652.34
2667.56
2680.6
2692.42
2703.11
2713.17
2722.72
2731.86
2740.64
2749.16
2757.48
2765.65
2773.59
2781.23
2788.51
2795.43
2801.98
2808.14
2813.85
2819.12
2824
2828.57
2832.95
2837.22
2841.43
2845.6
2849.76
2853.91
2858.06
2862.19
2866.31
2870.41
2874.48
2878.51
2882.51
2886.47
2890.38
2894.24
2898.05
2901.81
2905.51
2909.14
2912.7
2916.19
2919.58
2922.89
2926.12
2929.25
2932.31
2935.29
2938.2
2941.06
2943.86
2946.62
2949.35
2952.02
2954.66
2957.28
2959.88
2962.45
2965
2967.53
2970.03
2972.53
2975
2977.45
2979.88
2982.28
2984.66
2987.01
2989.32
2991.59
2993.83
2996.02
2998.17
3000.27
3002.32
3004.31
3006.25
3008.14
3009.96
3011.73
3013.43
3015.08
3016.67
3018.19
3019.66
3021.07
3022.42
3023.71
3024.95
3026.14
3027.27
3028.35
3029.37
3030.35
3031.29
3032.17
3033.02
3033.82
3034.58
3035.3
3035.98
3036.63
3037.27
3037.86
3038.48
3038.95
3039.48
3039.89
3040.34
3040.77
3041.18
3041.57
3041.99
3042.46
1049.44
2487.87
2612.72
2612.66
2632.97
2652.19
2667.42
2680.47
2692.31
2703.01
2713.08
2722.63
2731.79
2740.58
2749.11
2757.45
2765.62
2773.56
2781.2
2788.47
2795.38
2801.92
2808.06
2813.76
2819.01
2823.88
2828.44
2832.82
2837.09
2841.3
2845.48
2849.64
2853.79
2857.94
2862.08
2866.19
2870.29
2874.36
2878.4
2882.41
2886.37
2890.29
2894.16
2897.99
2901.76
2905.48
2909.14
2912.73
2916.25
2919.68
2923.03
2926.3
2929.48
2932.6
2935.65
2938.64
2941.59
2944.48
2947.35
2950.19
2952.99
2955.77
2958.53
2961.27
2964
2966.72
2969.42
2972.11
2974.79
2977.46
2980.11
2982.75
2985.36
2987.95
2990.51
2993.04
2995.53
2997.98
3000.4
3002.76
3005.08
3007.35
3009.56
3011.71
3013.8
3015.83
3017.8
3019.71
3021.55
3023.32
3025.04
3026.68
3028.27
3029.79
3031.25
3032.64
3033.98
3035.26
3036.48
3037.64
3038.75
3039.81
3040.82
3041.79
3042.7
3043.57
3044.4
3045.19
3045.94
3046.68
3047.37
3048.06
3048.62
3049.23
3049.72
3050.24
3050.74
3051.22
3051.68
3052.16
3052.71
1055.34
2492.81
2611.47
2612.1
2632.76
2652.04
2667.27
2680.34
2692.2
2702.91
2712.99
2722.55
2731.71
2740.52
2749.06
2757.41
2765.58
2773.53
2781.16
2788.42
2795.32
2801.85
2807.98
2813.66
2818.9
2823.76
2828.32
2832.69
2836.96
2841.17
2845.35
2849.51
2853.67
2857.82
2861.96
2866.08
2870.17
2874.25
2878.29
2882.3
2886.27
2890.2
2894.08
2897.92
2901.71
2905.46
2909.14
2912.76
2916.3
2919.77
2923.16
2926.47
2929.71
2932.89
2936.01
2939.08
2942.11
2945.1
2948.07
2951.03
2953.95
2956.85
2959.76
2962.65
2965.53
2968.41
2971.28
2974.15
2977.02
2979.88
2982.72
2985.56
2988.37
2991.17
2993.94
2996.68
2999.39
3002.06
3004.69
3007.27
3009.81
3012.29
3014.71
3017.07
3019.37
3021.61
3023.78
3025.89
3027.92
3029.89
3031.79
3033.62
3035.39
3037.08
3038.71
3040.28
3041.78
3043.21
3044.59
3045.91
3047.17
3048.37
3049.51
3050.61
3051.65
3052.64
3053.58
3054.48
3055.33
3056.17
3056.95
3057.73
3058.37
3059.05
3059.63
3060.23
3060.8
3061.35
3061.88
3062.43
3063.07
1062.44
2497.47
2610.21
2611.56
2632.55
2651.89
2667.13
2680.22
2692.09
2702.81
2712.9
2722.48
2731.64
2740.46
2749.01
2757.37
2765.55
2773.5
2781.12
2788.38
2795.26
2801.78
2807.89
2813.57
2818.79
2823.64
2828.19
2832.56
2836.83
2841.04
2845.22
2849.39
2853.54
2857.69
2861.83
2865.95
2870.05
2874.13
2878.18
2882.19
2886.17
2890.11
2894
2897.86
2901.67
2905.43
2909.14
2912.78
2916.36
2919.86
2923.29
2926.65
2929.94
2933.18
2936.37
2939.51
2942.63
2945.72
2948.8
2951.87
2954.91
2957.95
2960.99
2964.03
2967.07
2970.11
2973.16
2976.21
2979.26
2982.31
2985.36
2988.39
2991.42
2994.42
2997.41
3000.37
3003.29
3006.18
3009.03
3011.83
3014.58
3017.28
3019.92
3022.49
3025.01
3027.45
3029.83
3032.14
3034.37
3036.53
3038.63
3040.64
3042.59
3044.46
3046.26
3047.99
3049.65
3051.24
3052.76
3054.22
3055.61
3056.94
3058.21
3059.43
3060.59
3061.7
3062.75
3063.76
3064.72
3065.66
3066.54
3067.41
3068.16
3068.92
3069.6
3070.28
3070.94
3071.57
3072.17
3072.8
3073.54
1068.92
2501.73
2608.95
2611.03
2632.35
2651.73
2666.99
2680.09
2691.98
2702.71
2712.81
2722.4
2731.58
2740.41
2748.97
2757.33
2765.52
2773.47
2781.09
2788.33
2795.21
2801.71
2807.81
2813.47
2818.68
2823.51
2828.06
2832.43
2836.7
2840.91
2845.09
2849.26
2853.42
2857.57
2861.71
2865.83
2869.93
2874.01
2878.06
2882.08
2886.07
2890.01
2893.92
2897.79
2901.62
2905.4
2909.13
2912.81
2916.41
2919.95
2923.41
2926.82
2930.16
2933.46
2936.72
2939.94
2943.15
2946.33
2949.51
2952.69
2955.86
2959.02
2962.2
2965.38
2968.58
2971.78
2975
2978.22
2981.45
2984.69
2987.92
2991.16
2994.38
2997.6
3000.79
3003.96
3007.1
3010.2
3013.26
3016.28
3019.25
3022.16
3025.01
3027.8
3030.52
3033.17
3035.76
3038.26
3040.7
3043.05
3045.34
3047.54
3049.67
3051.72
3053.69
3055.59
3057.42
3059.18
3060.86
3062.48
3064.03
3065.51
3066.93
3068.29
3069.58
3070.82
3072
3073.13
3074.2
3075.25
3076.23
3077.18
3078.02
3078.87
3079.64
3080.39
3081.12
3081.82
3082.49
3083.19
3084.03
1076.24
2505.65
2607.69
2610.51
2632.15
2651.58
2666.85
2679.97
2691.87
2702.61
2712.73
2722.32
2731.51
2740.35
2748.92
2757.3
2765.49
2773.43
2781.05
2788.28
2795.15
2801.64
2807.73
2813.37
2818.57
2823.39
2827.93
2832.3
2836.57
2840.78
2844.96
2849.13
2853.29
2857.44
2861.58
2865.7
2869.8
2873.89
2877.94
2881.97
2885.96
2889.92
2893.84
2897.72
2901.57
2905.37
2909.13
2912.83
2916.46
2920.03
2923.53
2926.98
2930.38
2933.74
2937.07
2940.37
2943.66
2946.94
2950.23
2953.52
2956.8
2960.1
2963.41
2966.74
2970.08
2973.45
2976.83
2980.23
2983.65
2987.07
2990.5
2993.93
2997.36
3000.78
3004.19
3007.57
3010.92
3014.24
3017.52
3020.76
3023.94
3027.07
3030.14
3033.14
3036.07
3038.94
3041.73
3044.44
3047.07
3049.63
3052.1
3054.5
3056.81
3059.04
3061.2
3063.27
3065.26
3067.17
3069.01
3070.78
3072.47
3074.09
3075.63
3077.12
3078.53
3079.89
3081.18
3082.43
3083.6
3084.76
3085.83
3086.89
3087.84
3088.78
3089.66
3090.51
3091.33
3092.12
3092.89
3093.69
3094.65
1083.85
2509.15
2606.43
2610
2631.95
2651.42
2666.71
2679.85
2691.76
2702.52
2712.64
2722.24
2731.44
2740.29
2748.87
2757.26
2765.46
2773.4
2781.01
2788.24
2795.09
2801.57
2807.64
2813.27
2818.46
2823.27
2827.8
2832.17
2836.43
2840.64
2844.82
2848.99
2853.15
2857.31
2861.45
2865.57
2869.68
2873.76
2877.82
2881.86
2885.85
2889.82
2893.75
2897.65
2901.51
2905.34
2909.12
2912.84
2916.5
2920.11
2923.65
2927.14
2930.59
2934.01
2937.4
2940.79
2944.16
2947.54
2950.92
2954.32
2957.72
2961.14
2964.59
2968.06
2971.55
2975.07
2978.62
2982.19
2985.78
2989.38
2993
2996.63
3000.25
3003.87
3007.48
3011.07
3014.64
3018.17
3021.66
3025.1
3028.5
3031.84
3035.12
3038.33
3041.48
3044.54
3047.54
3050.45
3053.29
3056.04
3058.71
3061.29
3063.79
3066.2
3068.53
3070.78
3072.95
3075.03
3077.04
3078.96
3080.81
3082.59
3084.29
3085.93
3087.49
3088.99
3090.42
3091.81
3093.11
3094.38
3095.58
3096.74
3097.78
3098.82
3099.8
3100.73
3101.62
3102.48
3103.31
3104.18
3105.22
1090.25
2512.16
2605.17
2609.5
2631.76
2651.27
2666.57
2679.73
2691.65
2702.42
2712.56
2722.17
2731.37
2740.23
2748.83
2757.22
2765.43
2773.37
2780.97
2788.19
2795.03
2801.5
2807.55
2813.17
2818.34
2823.14
2827.67
2832.03
2836.3
2840.51
2844.69
2848.86
2853.02
2857.17
2861.31
2865.44
2869.55
2873.64
2877.7
2881.74
2885.74
2889.72
2893.66
2897.58
2901.46
2905.3
2909.1
2912.85
2916.54
2920.18
2923.76
2927.29
2930.8
2934.27
2937.74
2941.2
2944.66
2948.13
2951.61
2955.12
2958.64
2962.18
2965.76
2969.37
2973.01
2976.69
2980.4
2984.13
2987.9
2991.69
2995.5
2999.32
3003.14
3006.96
3010.78
3014.57
3018.35
3022.09
3025.8
3029.46
3033.07
3036.62
3040.12
3043.54
3046.9
3050.17
3053.38
3056.49
3059.53
3062.48
3065.35
3068.12
3070.81
3073.41
3075.92
3078.35
3080.68
3082.93
3085.1
3087.18
3089.18
3091.1
3092.94
3094.7
3096.39
3098.01
3099.55
3101.05
3102.46
3103.83
3105.13
3106.38
3107.53
3108.66
3109.74
3110.77
3111.76
3112.71
3113.65
3114.62
3115.81
1098.4
2514.59
2603.91
2609.01
2631.58
2651.11
2666.43
2679.61
2691.55
2702.33
2712.48
2722.09
2731.31
2740.18
2748.78
2757.19
2765.39
2773.34
2780.93
2788.14
2794.97
2801.42
2807.47
2813.06
2818.23
2823.01
2827.54
2831.89
2836.16
2840.37
2844.55
2848.72
2852.88
2857.03
2861.18
2865.3
2869.41
2873.51
2877.58
2881.62
2885.63
2889.61
2893.57
2897.5
2901.4
2905.26
2909.09
2912.86
2916.57
2920.24
2923.86
2927.44
2930.99
2934.53
2938.06
2941.6
2945.14
2948.7
2952.28
2955.89
2959.52
2963.18
2966.89
2970.63
2974.42
2978.24
2982.11
2986.01
2989.95
2993.91
2997.9
3001.9
3005.92
3009.94
3013.95
3017.95
3021.93
3025.87
3029.79
3033.65
3037.47
3041.23
3044.94
3048.57
3052.13
3055.61
3059.02
3062.33
3065.57
3068.71
3071.77
3074.74
3077.62
3080.4
3083.09
3085.69
3088.2
3090.62
3092.96
3095.2
3097.36
3099.45
3101.44
3103.37
3105.21
3106.99
3108.67
3110.32
3111.87
3113.38
3114.8
3116.18
3117.45
3118.7
3119.9
3121.03
3122.12
3123.16
3124.17
3125.23
3126.52
1104.74
2516.33
2602.65
2608.53
2631.4
2650.95
2666.29
2679.5
2691.44
2702.24
2712.39
2722.02
2731.24
2740.12
2748.74
2757.15
2765.36
2773.3
2780.89
2788.09
2794.91
2801.35
2807.38
2812.96
2818.11
2822.89
2827.4
2831.76
2836.02
2840.23
2844.41
2848.57
2852.74
2856.9
2861.04
2865.17
2869.28
2873.38
2877.45
2881.5
2885.52
2889.51
2893.48
2897.42
2901.34
2905.22
2909.06
2912.86
2916.6
2920.3
2923.95
2927.58
2931.18
2934.78
2938.38
2941.99
2945.61
2949.26
2952.94
2956.65
2960.39
2964.17
2968
2971.88
2975.81
2979.78
2983.8
2987.87
2991.97
2996.12
3000.28
3004.48
3008.68
3012.89
3017.1
3021.3
3025.48
3029.64
3033.76
3037.83
3041.86
3045.83
3049.74
3053.58
3057.35
3061.03
3064.65
3068.17
3071.6
3074.95
3078.2
3081.36
3084.43
3087.4
3090.27
3093.05
3095.74
3098.33
3100.83
3103.24
3105.56
3107.79
3109.92
3111.99
3113.95
3115.86
3117.67
3119.42
3121.08
3122.69
3124.21
3125.68
3127.06
3128.39
3129.68
3130.9
3132.07
3133.2
3134.3
3135.45
3136.88
1111.26
2517.59
2601.39
2608.07
2631.22
2650.8
2666.16
2679.38
2691.34
2702.14
2712.31
2721.95
2731.18
2740.07
2748.7
2757.12
2765.33
2773.27
2780.85
2788.04
2794.85
2801.27
2807.29
2812.86
2817.99
2822.76
2827.27
2831.62
2835.88
2840.09
2844.26
2848.43
2852.6
2856.75
2860.9
2865.03
2869.14
2873.24
2877.32
2881.37
2885.4
2889.4
2893.38
2897.34
2901.27
2905.17
2909.03
2912.85
2916.61
2920.34
2924.03
2927.7
2931.36
2935.01
2938.68
2942.36
2946.06
2949.8
2953.57
2957.38
2961.22
2965.11
2969.07
2973.07
2977.13
2981.25
2985.42
2989.64
2993.91
2998.22
3002.56
3006.93
3011.32
3015.71
3020.11
3024.5
3028.88
3033.23
3037.54
3041.82
3046.05
3050.22
3054.33
3058.37
3062.34
3066.22
3070.04
3073.75
3077.39
3080.92
3084.37
3087.71
3090.96
3094.12
3097.17
3100.13
3102.99
3105.75
3108.42
3110.99
3113.47
3115.86
3118.16
3120.38
3122.5
3124.57
3126.52
3128.43
3130.24
3131.99
3133.65
3135.25
3136.77
3138.23
3139.65
3140.99
3142.29
3143.53
3144.74
3146
3147.58
1118.31
2518.25
2600.13
2607.61
2631.05
2650.64
2666.02
2679.26
2691.24
2702.05
2712.23
2721.88
2731.12
2740.02
2748.65
2757.08
2765.3
2773.23
2780.8
2787.99
2794.78
2801.2
2807.2
2812.75
2817.87
2822.63
2827.13
2831.47
2835.73
2839.94
2844.12
2848.28
2852.45
2856.61
2860.76
2864.89
2869.01
2873.11
2877.19
2881.25
2885.28
2889.29
2893.28
2897.25
2901.2
2905.11
2908.99
2912.83
2916.62
2920.38
2924.11
2927.82
2931.53
2935.24
2938.97
2942.72
2946.5
2950.32
2954.18
2958.08
2962.03
2966.04
2970.11
2974.24
2978.44
2982.69
2987.01
2991.39
2995.81
3000.29
3004.8
3009.34
3013.91
3018.49
3023.08
3027.66
3032.23
3036.77
3041.29
3045.76
3050.19
3054.56
3058.87
3063.11
3067.28
3071.37
3075.38
3079.29
3083.12
3086.85
3090.49
3094.02
3097.46
3100.8
3104.04
3107.17
3110.21
3113.14
3115.98
3118.72
3121.35
3123.9
3126.34
3128.71
3130.96
3133.16
3135.23
3137.25
3139.17
3141.03
3142.79
3144.48
3146.11
3147.66
3149.16
3150.59
3151.96
3153.27
3154.55
3155.89
3157.54
1123.61
2518.36
2598.88
2607.17
2630.88
2650.48
2665.89
2679.15
2691.14
2701.96
2712.15
2721.8
2731.05
2739.96
2748.61
2757.04
2765.26
2773.2
2780.76
2787.93
2794.72
2801.12
2807.1
2812.64
2817.75
2822.49
2826.99
2831.33
2835.59
2839.79
2843.97
2848.14
2852.3
2856.46
2860.61
2864.74
2868.86
2872.97
2877.05
2881.12
2885.15
2889.17
2893.17
2897.15
2901.12
2905.05
2908.95
2912.8
2916.62
2920.41
2924.17
2927.92
2931.68
2935.45
2939.24
2943.06
2946.92
2950.81
2954.75
2958.75
2962.8
2966.91
2971.1
2975.35
2979.67
2984.06
2988.51
2993.03
2997.61
3002.24
3006.92
3011.63
3016.36
3021.12
3025.88
3030.64
3035.39
3040.12
3044.82
3049.48
3054.1
3058.66
3063.17
3067.59
3071.96
3076.23
3080.43
3084.53
3088.55
3092.47
3096.29
3100.01
3103.63
3107.14
3110.55
3113.86
3117.06
3120.16
3123.16
3126.06
3128.85
3131.56
3134.15
3136.68
3139.09
3141.43
3143.66
3145.83
3147.9
3149.89
3151.8
3153.63
3155.4
3157.07
3158.7
3160.25
3161.73
3163.17
3164.57
3166.04
3167.89
1129.9
2518.02
2597.64
2606.73
2630.72
2650.32
2665.76
2679.04
2691.04
2701.87
2712.07
2721.73
2730.99
2739.91
2748.56
2757.01
2765.23
2773.16
2780.72
2787.88
2794.65
2801.04
2807.01
2812.53
2817.62
2822.36
2826.85
2831.18
2835.44
2839.64
2843.82
2847.98
2852.15
2856.31
2860.46
2864.6
2868.72
2872.83
2876.92
2880.98
2885.02
2889.05
2893.06
2897.05
2901.03
2904.98
2908.89
2912.77
2916.61
2920.42
2924.22
2928.01
2931.82
2935.64
2939.5
2943.38
2947.31
2951.28
2955.31
2959.4
2963.54
2967.76
2972.05
2976.42
2980.86
2985.38
2989.98
2994.64
2999.36
3004.15
3008.98
3013.85
3018.75
3023.68
3028.61
3033.55
3038.48
3043.39
3048.28
3053.13
3057.93
3062.68
3067.37
3071.99
3076.55
3081.01
3085.4
3089.68
3093.89
3097.99
3101.99
3105.89
3109.69
3113.38
3116.97
3120.45
3123.83
3127.1
3130.26
3133.32
3136.27
3139.14
3141.87
3144.54
3147.08
3149.55
3151.91
3154.19
3156.37
3158.46
3160.46
3162.39
3164.26
3166.04
3167.75
3169.39
3170.97
3172.49
3173.97
3175.51
3177.44
1135.21
2517.18
2596.4
2606.3
2630.56
2650.16
2665.62
2678.92
2690.94
2701.78
2711.99
2721.66
2730.93
2739.85
2748.52
2756.97
2765.19
2773.12
2780.67
2787.82
2794.58
2800.96
2806.91
2812.42
2817.49
2822.22
2826.7
2831.04
2835.29
2839.49
2843.66
2847.83
2852
2856.16
2860.31
2864.45
2868.57
2872.68
2876.77
2880.84
2884.89
2888.92
2892.94
2896.95
2900.94
2904.9
2908.83
2912.72
2916.58
2920.43
2924.26
2928.09
2931.94
2935.82
2939.73
2943.68
2947.67
2951.72
2955.82
2960
2964.23
2968.54
2972.94
2977.42
2981.98
2986.62
2991.34
2996.13
3001
3005.92
3010.9
3015.92
3020.98
3026.06
3031.16
3036.26
3041.36
3046.44
3051.49
3056.51
3061.5
3066.42
3071.29
3076.08
3080.81
3085.45
3090.02
3094.48
3098.86
3103.13
3107.31
3111.38
3115.35
3119.21
3122.96
3126.61
3130.14
3133.57
3136.88
3140.11
3143.19
3146.21
3149.09
3151.91
3154.59
3157.21
3159.71
3162.13
3164.45
3166.69
3168.84
3170.9
3172.91
3174.81
3176.65
3178.4
3180.08
3181.7
3183.28
3184.93
3187.01
1139.76
2515.93
2595.15
2605.89
2630.4
2650
2665.49
2678.81
2690.84
2701.69
2711.91
2721.59
2730.86
2739.8
2748.47
2756.93
2765.16
2773.08
2780.62
2787.76
2794.51
2800.87
2806.81
2812.3
2817.36
2822.08
2826.56
2830.89
2835.13
2839.33
2843.51
2847.68
2851.84
2856.01
2860.16
2864.3
2868.42
2872.53
2876.62
2880.69
2884.75
2888.79
2892.82
2896.83
2900.83
2904.81
2908.75
2912.66
2916.55
2920.42
2924.28
2928.15
2932.05
2935.98
2939.95
2943.95
2948.01
2952.13
2956.3
2960.56
2964.89
2969.29
2973.79
2978.37
2983.04
2987.8
2992.64
2997.57
3002.56
3007.62
3012.74
3017.91
3023.12
3028.35
3033.61
3038.87
3044.13
3049.38
3054.6
3059.79
3064.94
3070.03
3075.08
3080.04
3084.95
3089.76
3094.5
3099.13
3103.69
3108.13
3112.48
3116.72
3120.85
3124.88
3128.79
3132.6
3136.29
3139.88
3143.34
3146.72
3149.96
3153.13
3156.15
3159.1
3161.92
3164.65
3167.28
3169.81
3172.24
3174.57
3176.81
3178.96
3181.04
3183.03
3184.94
3186.78
3188.55
3190.26
3191.95
3193.71
3195.95
1144.87
2514.26
2593.91
2605.49
2630.23
2649.84
2665.36
2678.7
2690.74
2701.61
2711.83
2721.52
2730.8
2739.75
2748.43
2756.89
2765.12
2773.04
2780.57
2787.7
2794.44
2800.79
2806.71
2812.18
2817.23
2821.94
2826.41
2830.73
2834.98
2839.18
2843.35
2847.52
2851.69
2855.85
2860
2864.14
2868.27
2872.38
2876.47
2880.54
2884.6
2888.65
2892.68
2896.71
2900.72
2904.71
2908.66
2912.59
2916.5
2920.39
2924.29
2928.2
2932.14
2936.11
2940.14
2944.2
2948.32
2952.5
2956.75
2961.08
2965.48
2969.97
2974.56
2979.24
2984.02
2988.88
2993.84
2998.88
3003.99
3009.18
3014.43
3019.73
3025.07
3030.45
3035.84
3041.25
3046.66
3052.05
3057.43
3062.77
3068.08
3073.33
3078.53
3083.65
3088.71
3093.68
3098.58
3103.38
3108.09
3112.69
3117.19
3121.58
3125.87
3130.05
3134.11
3138.07
3141.9
3145.64
3149.24
3152.76
3156.13
3159.43
3162.59
3165.66
3168.61
3171.47
3174.22
3176.88
3179.44
3181.9
3184.28
3186.56
3188.78
3190.9
3192.95
3194.91
3196.78
3198.58
3200.33
3202.16
3204.48
1148.8
2512.23
2592.68
2605.09
2630.05
2649.68
2665.23
2678.59
2690.64
2701.52
2711.75
2721.44
2730.74
2739.69
2748.38
2756.85
2765.08
2773
2780.52
2787.64
2794.37
2800.7
2806.6
2812.06
2817.1
2821.8
2826.26
2830.58
2834.82
2839.02
2843.19
2847.36
2851.53
2855.69
2859.84
2863.98
2868.11
2872.22
2876.31
2880.39
2884.45
2888.5
2892.54
2896.58
2900.6
2904.59
2908.56
2912.51
2916.43
2920.35
2924.28
2928.23
2932.21
2936.23
2940.3
2944.42
2948.6
2952.84
2957.15
2961.55
2966.04
2970.61
2975.29
2980.06
2984.93
2989.9
2994.96
3000.11
3005.34
3010.65
3016.02
3021.45
3026.92
3032.43
3037.96
3043.51
3049.06
3054.59
3060.12
3065.6
3071.06
3076.46
3081.81
3087.08
3092.3
3097.42
3102.47
3107.42
3112.28
3117.03
3121.68
3126.23
3130.66
3134.99
3139.19
3143.3
3147.27
3151.15
3154.88
3158.54
3162.04
3165.48
3168.76
3171.96
3175.03
3178.01
3180.87
3183.63
3186.29
3188.84
3191.31
3193.66
3195.94
3198.12
3200.21
3202.21
3204.14
3206
3207.83
3209.76
3212.19
1152.69
2509.83
2591.47
2604.7
2629.87
2649.52
2665.1
2678.48
2690.54
2701.43
2711.67
2721.37
2730.67
2739.64
2748.34
2756.81
2765.04
2772.95
2780.47
2787.58
2794.29
2800.61
2806.5
2811.94
2816.96
2821.65
2826.1
2830.42
2834.66
2838.85
2843.02
2847.19
2851.36
2855.53
2859.68
2863.82
2867.94
2872.05
2876.15
2880.22
2884.29
2888.34
2892.39
2896.44
2900.46
2904.47
2908.45
2912.41
2916.35
2920.29
2924.25
2928.23
2932.26
2936.32
2940.44
2944.6
2948.83
2953.13
2957.51
2961.97
2966.53
2971.18
2975.93
2980.79
2985.75
2990.81
2995.96
3001.21
3006.54
3011.95
3017.43
3022.97
3028.56
3034.18
3039.84
3045.5
3051.18
3056.84
3062.49
3068.1
3073.69
3079.22
3084.71
3090.11
3095.47
3100.72
3105.91
3110.99
3115.98
3120.87
3125.66
3130.33
3134.9
3139.36
3143.69
3147.92
3152.01
3156.02
3159.87
3163.65
3167.27
3170.81
3174.21
3177.52
3180.7
3183.78
3186.75
3189.61
3192.38
3195.03
3197.61
3200.08
3202.48
3204.78
3207
3209.13
3211.18
3213.15
3215.08
3217.09
3219.69
1155.59
2507.12
2590.27
2604.31
2629.68
2649.35
2664.98
2678.37
2690.45
2701.34
2711.59
2721.3
2730.61
2739.58
2748.29
2756.77
2765
2772.91
2780.41
2787.51
2794.21
2800.51
2806.39
2811.82
2816.83
2821.5
2825.95
2830.26
2834.5
2838.69
2842.86
2847.03
2851.2
2855.36
2859.51
2863.65
2867.77
2871.88
2875.98
2880.05
2884.12
2888.18
2892.24
2896.29
2900.32
2904.33
2908.32
2912.29
2916.26
2920.22
2924.21
2928.23
2932.28
2936.39
2940.55
2944.76
2949.04
2953.39
2957.82
2962.35
2966.97
2971.69
2976.52
2981.45
2986.49
2991.64
2996.88
3002.22
3007.65
3013.15
3018.73
3024.37
3030.07
3035.8
3041.57
3047.34
3053.13
3058.91
3064.68
3070.42
3076.13
3081.78
3087.39
3092.92
3098.4
3103.78
3109.09
3114.3
3119.42
3124.43
3129.34
3134.14
3138.83
3143.41
3147.85
3152.21
3156.42
3160.55
3164.51
3168.4
3172.13
3175.78
3179.28
3182.69
3185.98
3189.15
3192.22
3195.17
3198.02
3200.76
3203.41
3205.95
3208.4
3210.74
3213
3215.16
3217.22
3219.21
3221.16
3223.18
3225.76
1158.32
2504.12
2589.09
2603.92
2629.48
2649.19
2664.85
2678.27
2690.35
2701.25
2711.51
2721.23
2730.54
2739.52
2748.24
2756.73
2764.96
2772.86
2780.36
2787.44
2794.13
2800.42
2806.28
2811.69
2816.68
2821.35
2825.79
2830.1
2834.33
2838.52
2842.69
2846.86
2851.03
2855.19
2859.34
2863.47
2867.6
2871.71
2875.8
2879.87
2883.94
2888
2892.07
2896.12
2900.16
2904.18
2908.18
2912.16
2916.14
2920.13
2924.14
2928.19
2932.29
2936.43
2940.62
2944.87
2949.19
2953.59
2958.08
2962.66
2967.34
2972.12
2977.01
2982.01
2987.12
2992.34
2997.66
3003.08
3008.58
3014.17
3019.84
3025.56
3031.35
3037.17
3043.03
3048.9
3054.78
3060.66
3066.53
3072.36
3078.18
3083.93
3089.65
3095.28
3100.87
3106.35
3111.77
3117.08
3122.31
3127.43
3132.44
3137.35
3142.14
3146.83
3151.37
3155.83
3160.13
3164.35
3168.41
3172.39
3176.21
3179.95
3183.54
3187.03
3190.4
3193.65
3196.8
3199.83
3202.76
3205.58
3208.31
3210.93
3213.47
3215.9
3218.25
3220.51
3222.68
3224.79
3226.85
3229.01
3231.83
1160.47
2500.87
2587.93
2603.54
2629.28
2649.03
2664.72
2678.16
2690.25
2701.17
2711.43
2721.15
2730.48
2739.47
2748.19
2756.68
2764.92
2772.81
2780.3
2787.37
2794.05
2800.32
2806.16
2811.56
2816.54
2821.19
2825.63
2829.93
2834.16
2838.35
2842.52
2846.68
2850.85
2855.01
2859.16
2863.29
2867.41
2871.52
2875.61
2879.69
2883.75
2887.82
2891.89
2895.95
2899.99
2904.02
2908.03
2912.02
2916.01
2920.02
2924.06
2928.14
2932.26
2936.44
2940.67
2944.95
2949.32
2953.76
2958.29
2962.92
2967.65
2972.49
2977.44
2982.5
2987.67
2992.96
2998.34
3003.83
3009.4
3015.07
3020.81
3026.61
3032.47
3038.37
3044.31
3050.26
3056.24
3062.2
3068.16
3074.08
3079.99
3085.83
3091.64
3097.37
3103.05
3108.63
3114.14
3119.55
3124.87
3130.08
3135.19
3140.19
3145.06
3149.85
3154.47
3159.02
3163.41
3167.72
3171.86
3175.92
3179.83
3183.64
3187.31
3190.87
3194.32
3197.64
3200.86
3203.95
3206.95
3209.83
3212.61
3215.28
3217.86
3220.33
3222.7
3224.98
3227.16
3229.25
3231.3
3233.41
3236.14
1162.14
2497.37
2586.78
2603.16
2629.07
2648.86
2664.6
2678.05
2690.16
2701.08
2711.35
2721.08
2730.41
2739.41
2748.14
2756.64
2764.87
2772.76
2780.24
2787.3
2793.96
2800.22
2806.04
2811.42
2816.39
2821.04
2825.46
2829.76
2833.99
2838.17
2842.34
2846.51
2850.67
2854.83
2858.98
2863.11
2867.22
2871.33
2875.41
2879.49
2883.56
2887.63
2891.7
2895.76
2899.81
2903.84
2907.85
2911.86
2915.87
2919.9
2923.96
2928.06
2932.21
2936.42
2940.68
2945
2949.39
2953.87
2958.45
2963.12
2967.89
2972.78
2977.77
2982.88
2988.11
2993.44
2998.88
3004.42
3010.05
3015.77
3021.56
3027.43
3033.35
3039.31
3045.31
3051.32
3057.36
3063.39
3069.42
3075.41
3081.39
3087.3
3093.18
3098.98
3104.73
3110.39
3115.97
3121.45
3126.84
3132.13
3137.3
3142.38
3147.32
3152.18
3156.87
3161.49
3165.94
3170.31
3174.52
3178.63
3182.6
3186.46
3190.2
3193.81
3197.31
3200.68
3203.95
3207.09
3210.13
3213.06
3215.89
3218.61
3221.24
3223.76
3226.2
3228.54
3230.79
3232.96
3235.1
3237.32
3240.23
1163.42
2493.64
2585.66
2602.77
2628.85
2648.7
2664.47
2677.94
2690.06
2700.99
2711.27
2721
2730.34
2739.35
2748.09
2756.59
2764.82
2772.71
2780.18
2787.22
2793.87
2800.11
2805.92
2811.29
2816.24
2820.88
2825.3
2829.59
2833.81
2838
2842.16
2846.33
2850.49
2854.65
2858.79
2862.91
2867.03
2871.13
2875.21
2879.28
2883.35
2887.43
2891.5
2895.57
2899.62
2903.65
2907.67
2911.68
2915.7
2919.75
2923.83
2927.96
2932.13
2936.36
2940.65
2945
2949.43
2953.94
2958.54
2963.25
2968.07
2972.99
2978.03
2983.18
2988.44
2993.82
2999.3
3004.89
3010.56
3016.33
3022.17
3028.08
3034.04
3040.05
3046.1
3052.17
3058.26
3064.34
3070.42
3076.47
3082.5
3088.47
3094.41
3100.27
3106.08
3111.79
3117.44
3122.98
3128.42
3133.77
3139
3144.13
3149.12
3154.03
3158.78
3163.45
3167.95
3172.37
3176.63
3180.79
3184.81
3188.71
3192.49
3196.14
3199.68
3203.09
3206.4
3209.58
3212.66
3215.62
3218.48
3221.22
3223.88
3226.41
3228.86
3231.19
3233.44
3235.59
3237.72
3239.9
3242.81
1164.36
2489.68
2584.55
2602.39
2628.63
2648.53
2664.34
2677.83
2689.97
2700.9
2711.19
2720.93
2730.28
2739.29
2748.04
2756.54
2764.77
2772.65
2780.11
2787.15
2793.78
2800.01
2805.8
2811.15
2816.09
2820.72
2825.13
2829.42
2833.64
2837.82
2841.98
2846.14
2850.3
2854.46
2858.59
2862.71
2866.82
2870.92
2875
2879.07
2883.14
2887.22
2891.29
2895.35
2899.41
2903.44
2907.46
2911.48
2915.52
2919.58
2923.68
2927.83
2932.02
2936.27
2940.58
2944.96
2949.42
2953.96
2958.59
2963.33
2968.17
2973.12
2978.18
2983.36
2988.66
2994.06
2999.57
3005.19
3010.89
3016.68
3022.55
3028.49
3034.48
3040.52
3046.6
3052.7
3058.82
3064.93
3071.04
3077.12
3083.19
3089.2
3095.17
3101.06
3106.91
3112.66
3118.33
3123.91
3129.39
3134.78
3140.04
3145.21
3150.23
3155.17
3159.96
3164.65
3169.19
3173.63
3177.92
3182.1
3186.15
3190.07
3193.87
3197.55
3201.1
3204.54
3207.86
3211.06
3214.15
3217.13
3220
3222.76
3225.44
3227.99
3230.47
3232.81
3235.11
3237.25
3239.46
3241.54
3244.62
1164.95
2485.52
2583.45
2602
2628.41
2648.37
2664.22
2677.73
2689.87
2700.81
2711.1
2720.85
2730.21
2739.23
2747.98
2756.5
2764.72
2772.59
2780.04
2787.07
2793.69
2799.9
2805.67
2811.01
2815.94
2820.55
2824.96
2829.24
2833.46
2837.63
2841.79
2845.95
2850.11
2854.26
2858.39
2862.5
2866.61
2870.7
2874.78
2878.85
2882.92
2886.99
2891.07
2895.13
2899.18
2903.22
2907.24
2911.27
2915.31
2919.39
2923.51
2927.67
2931.89
2936.15
2940.48
2944.88
2949.35
2953.92
2958.58
2963.34
2968.2
2973.17
2978.26
2983.46
2988.78
2994.2
2999.73
3005.36
3011.08
3016.89
3022.77
3028.72
3034.73
3040.78
3046.88
3052.99
3059.13
3065.26
3071.39
3077.49
3083.57
3089.6
3095.59
3101.51
3107.37
3113.14
3118.83
3124.43
3129.93
3135.34
3140.61
3145.8
3150.85
3155.8
3160.6
3165.31
3169.86
3174.31
3178.61
3182.81
3186.86
3190.8
3194.6
3198.29
3201.85
3205.29
3208.62
3211.82
3214.92
3217.9
3220.79
3223.54
3226.22
3228.75
3231.23
3233.55
3235.85
3237.95
3240.17
3242.13
3245.35
1165.28
2481.15
2582.35
2601.62
2628.18
2648.2
2664.09
2677.62
2689.77
2700.72
2711.02
2720.77
2730.14
2739.17
2747.93
2756.44
2764.67
2772.53
2779.97
2786.98
2793.59
2799.78
2805.54
2810.86
2815.78
2820.38
2824.78
2829.06
2833.27
2837.45
2841.6
2845.76
2849.91
2854.05
2858.18
2862.29
2866.39
2870.47
2874.55
2878.62
2882.68
2886.76
2890.83
2894.89
2898.94
2902.98
2907.01
2911.04
2915.09
2919.18
2923.31
2927.49
2931.72
2936
2940.34
2944.75
2949.24
2953.82
2958.48
2963.26
2968.15
2973.15
2978.26
2983.47
2988.79
2994.22
2999.75
3005.39
3011.11
3016.92
3022.8
3028.75
3034.77
3040.82
3046.91
3053.03
3059.16
3065.29
3071.43
3077.52
3083.61
3089.64
3095.63
3101.55
3107.41
3113.19
3118.88
3124.48
3129.98
3135.39
3140.67
3145.86
3150.91
3155.86
3160.66
3165.37
3169.92
3174.37
3178.68
3182.87
3186.92
3190.85
3194.65
3198.33
3201.89
3205.33
3208.65
3211.85
3214.94
3217.91
3220.79
3223.53
3226.21
3228.73
3231.21
3233.52
3235.82
3237.91
3240.08
3241.95
3245.23
1165.52
2476.61
2581.27
2601.23
2627.95
2648.04
2663.97
2677.51
2689.68
2700.63
2710.94
2720.7
2730.07
2739.1
2747.87
2756.39
2764.62
2772.47
2779.9
2786.9
2793.49
2799.67
2805.41
2810.71
2815.62
2820.21
2824.6
2828.88
2833.08
2837.25
2841.41
2845.56
2849.71
2853.84
2857.96
2862.06
2866.16
2870.24
2874.31
2878.37
2882.44
2886.51
2890.58
2894.64
2898.69
2902.72
2906.75
2910.79
2914.85
2918.95
2923.09
2927.28
2931.51
2935.81
2940.16
2944.58
2949.08
2953.67
2958.35
2963.13
2968.01
2973
2978.1
2983.31
2988.62
2994.05
2999.57
3005.19
3010.89
3016.68
3022.54
3028.46
3034.44
3040.46
3046.53
3052.6
3058.71
3064.8
3070.9
3076.97
3083.02
3089.02
3094.98
3100.86
3106.69
3112.44
3118.1
3123.67
3129.14
3134.51
3139.76
3144.92
3149.93
3154.85
3159.61
3164.28
3168.8
3173.21
3177.47
3181.62
3185.63
3189.52
3193.28
3196.91
3200.43
3203.81
3207.1
3210.25
3213.3
3216.22
3219.07
3221.77
3224.4
3226.89
3229.32
3231.61
3233.87
3235.96
3238.08
3239.85
3243.28
1165.67
2471.88
2580.2
2600.84
2627.71
2647.88
2663.84
2677.4
2689.58
2700.54
2710.85
2720.62
2729.99
2739.04
2747.81
2756.34
2764.56
2772.41
2779.82
2786.81
2793.38
2799.55
2805.28
2810.56
2815.45
2820.04
2824.42
2828.69
2832.89
2837.06
2841.21
2845.35
2849.49
2853.62
2857.74
2861.83
2865.92
2870
2874.06
2878.12
2882.19
2886.26
2890.32
2894.38
2898.42
2902.45
2906.48
2910.52
2914.59
2918.69
2922.84
2927.04
2931.28
2935.58
2939.94
2944.36
2948.87
2953.46
2958.14
2962.92
2967.81
2972.8
2977.9
2983.1
2988.41
2993.81
2999.31
3004.91
3010.59
3016.34
3022.17
3028.06
3034.01
3040
3046.03
3052.07
3058.14
3064.2
3070.26
3076.29
3082.3
3088.26
3094.18
3100.03
3105.82
3111.53
3117.16
3122.7
3128.13
3133.47
3138.69
3143.81
3148.8
3153.68
3158.43
3163.06
3167.55
3171.93
3176.16
3180.28
3184.26
3188.12
3191.85
3195.45
3198.93
3202.29
3205.53
3208.65
3211.67
3214.55
3217.35
3220.01
3222.59
3225.04
3227.42
3229.65
3231.84
3233.88
3235.9
3237.52
3240.91
1165.79
2466.99
2579.13
2600.45
2627.47
2647.71
2663.71
2677.3
2689.48
2700.45
2710.77
2720.54
2729.92
2738.97
2747.76
2756.28
2764.5
2772.34
2779.74
2786.72
2793.28
2799.43
2805.14
2810.41
2815.29
2819.86
2824.24
2828.5
2832.7
2836.86
2841
2845.14
2849.28
2853.4
2857.5
2861.59
2865.67
2869.74
2873.81
2877.86
2881.93
2885.99
2890.05
2894.11
2898.14
2902.17
2906.19
2910.23
2914.3
2918.41
2922.57
2926.77
2931.01
2935.31
2939.67
2944.1
2948.61
2953.2
2957.88
2962.65
2967.52
2972.49
2977.57
2982.74
2988.02
2993.39
2998.86
3004.41
3010.04
3015.74
3021.52
3027.35
3033.24
3039.16
3045.13
3051.1
3057.1
3063.08
3069.07
3075.03
3080.97
3086.86
3092.71
3098.49
3104.21
3109.85
3115.4
3120.87
3126.24
3131.51
3136.66
3141.71
3146.63
3151.45
3156.12
3160.68
3165.11
3169.41
3173.58
3177.62
3181.54
3185.32
3188.99
3192.52
3195.94
3199.23
3202.41
3205.47
3208.43
3211.26
3214
3216.61
3219.14
3221.55
3223.89
3226.1
3228.26
3230.27
3232.26
3233.77
3237.23
1165.81
2461.9
2578.08
2600.07
2627.22
2647.55
2663.59
2677.19
2689.38
2700.36
2710.68
2720.46
2729.85
2738.91
2747.69
2756.22
2764.44
2772.27
2779.66
2786.62
2793.17
2799.3
2805
2810.25
2815.12
2819.68
2824.05
2828.3
2832.5
2836.65
2840.79
2844.93
2849.05
2853.17
2857.26
2861.35
2865.42
2869.49
2873.54
2877.6
2881.65
2885.71
2889.77
2893.82
2897.85
2901.87
2905.89
2909.93
2914
2918.11
2922.27
2926.47
2930.71
2935.01
2939.37
2943.79
2948.29
2952.87
2957.54
2962.3
2967.16
2972.11
2977.16
2982.31
2987.55
2992.88
2998.29
3003.79
3009.37
3015.01
3020.72
3026.48
3032.3
3038.15
3044.04
3049.93
3055.85
3061.75
3067.66
3073.53
3079.39
3085.19
3090.96
3096.66
3102.3
3107.86
3113.34
3118.73
3124.02
3129.22
3134.3
3139.28
3144.13
3148.88
3153.49
3157.99
3162.35
3166.59
3170.7
3174.68
3178.53
3182.26
3185.86
3189.33
3192.68
3195.91
3199.03
3202.02
3204.9
3207.66
3210.33
3212.87
3215.32
3217.65
3219.91
3222.04
3224.12
3226.06
3227.97
3229.32
3232.77
1165.77
2456.64
2577.04
2599.68
2626.97
2647.38
2663.46
2677.08
2689.28
2700.27
2710.59
2720.38
2729.77
2738.84
2747.63
2756.16
2764.38
2772.2
2779.58
2786.52
2793.06
2799.17
2804.85
2810.09
2814.95
2819.5
2823.86
2828.11
2832.29
2836.44
2840.58
2844.7
2848.82
2852.93
2857.02
2861.09
2865.16
2869.22
2873.27
2877.32
2881.37
2885.43
2889.48
2893.51
2897.54
2901.55
2905.57
2909.61
2913.68
2917.79
2921.94
2926.14
2930.38
2934.67
2939.02
2943.44
2947.93
2952.5
2957.15
2961.89
2966.71
2971.63
2976.64
2981.74
2986.93
2992.21
2997.56
3002.99
3008.49
3014.05
3019.68
3025.35
3031.07
3036.82
3042.6
3048.4
3054.2
3060
3065.79
3071.56
3077.3
3082.99
3088.65
3094.24
3099.77
3105.22
3110.6
3115.89
3121.08
3126.17
3131.15
3136.04
3140.79
3145.44
3149.96
3154.36
3158.63
3162.79
3166.8
3170.7
3174.47
3178.11
3181.63
3185.02
3188.29
3191.45
3194.49
3197.41
3200.23
3202.92
3205.52
3207.99
3210.38
3212.65
3214.85
3216.93
3218.95
3220.83
3222.68
3223.88
3227.32
1165.72
2451.15
2576.04
2599.29
2626.72
2647.22
2663.34
2676.97
2689.19
2700.18
2710.51
2720.29
2729.69
2738.77
2747.57
2756.1
2764.31
2772.12
2779.49
2786.42
2792.94
2799.04
2804.71
2809.93
2814.77
2819.31
2823.66
2827.91
2832.09
2836.23
2840.36
2844.47
2848.59
2852.68
2856.76
2860.83
2864.89
2868.94
2872.99
2877.03
2881.08
2885.13
2889.17
2893.2
2897.21
2901.22
2905.23
2909.27
2913.33
2917.44
2921.59
2925.78
2930.02
2934.3
2938.64
2943.04
2947.51
2952.06
2956.69
2961.4
2966.19
2971.07
2976.04
2981.09
2986.21
2991.42
2996.7
3002.05
3007.46
3012.93
3018.46
3024.03
3029.64
3035.28
3040.95
3046.62
3052.3
3057.98
3063.64
3069.28
3074.9
3080.46
3085.99
3091.45
3096.86
3102.19
3107.44
3112.61
3117.68
3122.66
3127.54
3132.31
3136.96
3141.51
3145.93
3150.24
3154.41
3158.48
3162.41
3166.22
3169.9
3173.46
3176.9
3180.21
3183.41
3186.48
3189.44
3192.28
3195.02
3197.64
3200.16
3202.56
3204.87
3207.06
3209.19
3211.19
3213.14
3214.96
3216.74
3217.81
3221.2
1165.58
2445.46
2575.08
2598.91
2626.46
2647.05
2663.21
2676.86
2689.09
2700.08
2710.42
2720.21
2729.62
2738.7
2747.5
2756.03
2764.24
2772.05
2779.41
2786.32
2792.83
2798.91
2804.56
2809.77
2814.59
2819.12
2823.47
2827.7
2831.88
2836.01
2840.13
2844.24
2848.34
2852.43
2856.5
2860.56
2864.61
2868.66
2872.7
2876.74
2880.78
2884.82
2888.85
2892.87
2896.87
2900.87
2904.88
2908.91
2912.97
2917.07
2921.21
2925.39
2929.62
2933.88
2938.21
2942.59
2947.05
2951.57
2956.17
2960.84
2965.59
2970.42
2975.33
2980.31
2985.37
2990.5
2995.69
3000.94
3006.25
3011.61
3017.02
3022.47
3027.95
3033.46
3038.98
3044.51
3050.05
3055.57
3061.09
3066.57
3072.03
3077.45
3082.82
3088.14
3093.4
3098.58
3103.69
3108.72
3113.66
3118.51
3123.25
3127.9
3132.43
3136.86
3141.16
3145.36
3149.43
3153.39
3157.21
3160.93
3164.52
3167.98
3171.33
3174.56
3177.67
3180.67
3183.56
3186.33
3188.99
3191.54
3193.99
3196.33
3198.58
3200.72
3202.78
3204.73
3206.62
3208.37
3210.12
3211.07
3214.44
1165.35
2439.52
2574.14
2598.52
2626.21
2646.89
2663.08
2676.75
2688.99
2699.99
2710.33
2720.12
2729.54
2738.62
2747.44
2755.97
2764.17
2771.97
2779.31
2786.22
2792.7
2798.77
2804.4
2809.6
2814.41
2818.93
2823.27
2827.49
2831.66
2835.79
2839.9
2844
2848.09
2852.17
2856.23
2860.29
2864.33
2868.37
2872.41
2876.44
2880.47
2884.5
2888.53
2892.53
2896.52
2900.51
2904.5
2908.53
2912.58
2916.68
2920.81
2924.98
2929.18
2933.43
2937.74
2942.1
2946.53
2951.02
2955.58
2960.21
2964.92
2969.69
2974.53
2979.45
2984.42
2989.46
2994.55
2999.7
3004.89
3010.13
3015.42
3020.73
3026.07
3031.42
3036.79
3042.16
3047.54
3052.9
3058.24
3063.56
3068.85
3074.1
3079.3
3084.44
3089.53
3094.54
3099.49
3104.35
3109.13
3113.82
3118.41
3122.91
3127.3
3131.6
3135.77
3139.85
3143.8
3147.65
3151.37
3154.99
3158.48
3161.86
3165.12
3168.27
3171.3
3174.22
3177.04
3179.74
3182.33
3184.82
3187.21
3189.48
3191.67
3193.75
3195.76
3197.66
3199.5
3201.21
3202.91
3203.74
3207.09
1165.31
2433.31
2573.22
2598.14
2625.94
2646.72
2662.95
2676.64
2688.89
2699.9
2710.24
2720.04
2729.46
2738.55
2747.37
2755.9
2764.1
2771.89
2779.22
2786.11
2792.58
2798.63
2804.25
2809.42
2814.22
2818.74
2823.06
2827.28
2831.44
2835.56
2839.66
2843.75
2847.84
2851.91
2855.96
2860
2864.04
2868.08
2872.1
2876.13
2880.15
2884.17
2888.18
2892.18
2896.15
2900.13
2904.12
2908.13
2912.18
2916.26
2920.38
2924.53
2928.71
2932.95
2937.23
2941.56
2945.96
2950.41
2954.93
2959.51
2964.16
2968.87
2973.64
2978.47
2983.35
2988.28
2993.27
2998.29
3003.36
3008.46
3013.59
3018.75
3023.93
3029.11
3034.31
3039.5
3044.68
3049.86
3055.01
3060.13
3065.23
3070.28
3075.29
3080.24
3085.14
3089.97
3094.73
3099.42
3104.03
3108.55
3112.98
3117.32
3121.56
3125.71
3129.74
3133.68
3137.51
3141.23
3144.84
3148.34
3151.73
3155.01
3158.18
3161.24
3164.19
3167.04
3169.78
3172.41
3174.95
3177.37
3179.71
3181.93
3184.07
3186.11
3188.08
3189.93
3191.71
3193.32
3195.05
3195.8
3199.15
1164.97
2426.84
2572.29
2597.74
2625.68
2646.56
2662.82
2676.53
2688.79
2699.8
2710.15
2719.95
2729.38
2738.48
2747.3
2755.83
2764.03
2771.81
2779.13
2786
2792.46
2798.49
2804.09
2809.25
2814.04
2818.54
2822.85
2827.06
2831.21
2835.33
2839.42
2843.5
2847.58
2851.64
2855.68
2859.72
2863.75
2867.77
2871.79
2875.81
2879.82
2883.84
2887.83
2891.81
2895.77
2899.74
2903.71
2907.71
2911.75
2915.82
2919.91
2924.05
2928.21
2932.42
2936.67
2940.98
2945.34
2949.75
2954.22
2958.75
2963.33
2967.97
2972.66
2977.4
2982.18
2987
2991.87
2996.76
3001.69
3006.64
3011.62
3016.61
3021.61
3026.61
3031.62
3036.62
3041.61
3046.57
3051.52
3056.43
3061.31
3066.15
3070.94
3075.68
3080.35
3084.97
3089.51
3093.99
3098.39
3102.71
3106.94
3111.09
3115.15
3119.12
3123
3126.78
3130.47
3134.05
3137.54
3140.92
3144.21
3147.39
3150.47
3153.45
3156.33
3159.1
3161.78
3164.36
3166.85
3169.23
3171.52
3173.71
3175.82
3177.82
3179.77
3181.57
3183.34
3184.8
3186.58
3187.33
3190.71
1163.59
2419.89
2571.36
2597.34
2625.41
2646.39
2662.7
2676.42
2688.68
2699.7
2710.06
2719.87
2729.3
2738.4
2747.23
2755.76
2763.96
2771.72
2779.03
2785.89
2792.33
2798.35
2803.93
2809.07
2813.84
2818.33
2822.64
2826.84
2830.98
2835.09
2839.17
2843.25
2847.31
2851.36
2855.4
2859.42
2863.45
2867.46
2871.47
2875.48
2879.49
2883.49
2887.47
2891.43
2895.38
2899.33
2903.29
2907.28
2911.3
2915.35
2919.43
2923.54
2927.68
2931.86
2936.08
2940.35
2944.67
2949.03
2953.45
2957.92
2962.43
2966.99
2971.59
2976.22
2980.89
2985.6
2990.32
2995.08
2999.85
3004.64
3009.44
3014.24
3019.05
3023.85
3028.64
3033.43
3038.19
3042.93
3047.65
3052.32
3056.97
3061.57
3066.12
3070.62
3075.07
3079.45
3083.78
3088.03
3092.21
3096.32
3100.35
3104.31
3108.17
3111.96
3115.65
3119.26
3122.78
3126.21
3129.55
3132.8
3135.95
3139.01
3141.98
3144.86
3147.65
3150.35
3152.96
3155.48
3157.91
3160.25
3162.5
3164.66
3166.75
3168.73
3170.66
3172.43
3174.2
3175.59
3177.4
3178.16
3181.58
2709.97
2719.78
2729.21
2738.33
2747.16
2755.69
2763.88
2771.64
2778.93
2785.77
2792.2
2798.2
2803.76
2808.89
2813.65
2818.13
2822.43
2826.62
2830.76
2834.85
2838.93
2842.99
2847.05
2851.09
2855.11
2859.13
2863.15
2867.15
2871.16
2875.16
2879.15
2883.13
2887.1
2891.05
2894.98
2898.91
2902.86
2906.83
2910.84
2914.87
2918.92
2923.01
2927.12
2931.27
2935.46
2939.69
2943.96
2948.28
2952.64
2957.04
2961.48
2965.95
2970.46
2974.99
2979.54
2984.12
2988.71
2993.31
2997.93
3002.54
3007.16
3011.77
3016.38
3020.97
3025.55
3030.1
3034.63
3039.13
3043.6
3048.03
3052.42
3056.76
3061.05
3065.28
3069.46
3073.57
3077.62
3081.61
3085.53
3089.38
3093.15
3096.86
3100.49
3104.05
3107.53
3110.94
3114.26
3117.52
3120.69
3123.78
3126.79
3129.73
3132.58
3135.35
3138.05
3140.67
3143.21
3145.67
3148.05
3150.35
3152.57
3154.71
3156.79
3158.76
3160.69
3162.48
3164.26
3165.62
3167.47
3168.25
3171.78
2709.88
2719.7
2729.14
2738.25
2747.09
2755.62
2763.81
2771.55
2778.83
2785.66
2792.07
2798.06
2803.6
2808.72
2813.46
2817.93
2822.22
2826.4
2830.53
2834.62
2838.68
2842.74
2846.78
2850.81
2854.83
2858.84
2862.85
2866.85
2870.84
2874.83
2878.81
2882.78
2886.73
2890.66
2894.58
2898.49
2902.43
2906.38
2910.37
2914.37
2918.41
2922.46
2926.55
2930.66
2934.82
2939
2943.23
2947.49
2951.79
2956.12
2960.48
2964.87
2969.28
2973.7
2978.13
2982.57
2987.02
2991.47
2995.91
3000.34
3004.77
3009.17
3013.56
3017.93
3022.27
3026.59
3030.87
3035.11
3039.31
3043.47
3047.58
3051.64
3055.65
3059.6
3063.5
3067.34
3071.11
3074.83
3078.48
3082.06
3085.57
3089.02
3092.39
3095.7
3098.93
3102.1
3105.19
3108.21
3111.16
3114.05
3116.86
3119.61
3122.29
3124.9
3127.45
3129.93
3132.35
3134.71
3137.01
3139.24
3141.41
3143.51
3145.55
3147.52
3149.45
3151.26
3153.06
3154.46
3156.34
3157.1
3160.82
2709.79
2719.61
2729.06
2738.18
2747.01
2755.55
2763.73
2771.47
2778.73
2785.55
2791.94
2797.91
2803.44
2808.54
2813.28
2817.73
2822.01
2826.19
2830.3
2834.38
2838.44
2842.49
2846.52
2850.54
2854.55
2858.55
2862.55
2866.54
2870.53
2874.51
2878.48
2882.43
2886.36
2890.27
2894.17
2898.07
2901.99
2905.93
2909.89
2913.87
2917.88
2921.91
2925.96
2930.04
2934.15
2938.3
2942.48
2946.68
2950.92
2955.18
2959.46
2963.76
2968.07
2972.38
2976.69
2981
2985.3
2989.59
2993.87
2998.13
3002.36
3006.57
3010.75
3014.9
3019.01
3023.09
3027.12
3031.11
3035.05
3038.94
3042.78
3046.55
3050.27
3053.93
3057.52
3061.05
3064.52
3067.91
3071.25
3074.51
3077.71
3080.85
3083.92
3086.93
3089.87
3092.75
3095.57
3098.33
3101.02
3103.65
3106.23
3108.74
3111.2
3113.6
3115.95
3118.25
3120.49
3122.68
3124.83
3126.92
3128.97
3130.96
3132.92
3134.82
3136.7
3138.48
3140.27
3141.67
3143.55
3144.2
3148.17
2709.7
2719.53
2728.98
2738.1
2746.94
2755.48
2763.65
2771.38
2778.63
2785.44
2791.81
2797.77
2803.28
2808.37
2813.09
2817.53
2821.8
2825.97
2830.08
2834.15
2838.2
2842.23
2846.26
2850.27
2854.27
2858.26
2862.25
2866.23
2870.21
2874.17
2878.13
2882.07
2885.98
2889.88
2893.75
2897.64
2901.53
2905.45
2909.39
2913.35
2917.33
2921.32
2925.34
2929.38
2933.46
2937.56
2941.68
2945.83
2950
2954.18
2958.38
2962.58
2966.79
2970.98
2975.16
2979.34
2983.49
2987.62
2991.72
2995.79
2999.82
3003.82
3007.78
3011.7
3015.57
3019.4
3023.18
3026.9
3030.58
3034.19
3037.75
3041.25
3044.68
3048.06
3051.37
3054.62
3057.81
3060.93
3063.99
3066.99
3069.91
3072.78
3075.58
3078.31
3080.98
3083.58
3086.13
3088.61
3091.02
3093.38
3095.67
3097.91
3100.09
3102.22
3104.3
3106.33
3108.31
3110.24
3112.14
3114
3115.82
3117.6
3119.36
3121.09
3122.81
3124.48
3126.17
3127.48
3129.22
3129.54
3133.63
2709.61
2719.44
2728.89
2738.03
2746.87
2755.41
2763.57
2771.29
2778.53
2785.32
2791.68
2797.62
2803.12
2808.18
2812.89
2817.33
2821.58
2825.74
2829.84
2833.91
2837.94
2841.97
2845.99
2849.99
2853.98
2857.97
2861.95
2865.92
2869.88
2873.83
2877.77
2881.69
2885.59
2889.46
2893.32
2897.18
2901.06
2904.95
2908.87
2912.8
2916.74
2920.71
2924.69
2928.69
2932.72
2936.77
2940.84
2944.93
2949.03
2953.13
2957.24
2961.35
2965.44
2969.52
2973.57
2977.6
2981.6
2985.57
2989.49
2993.37
2997.21
3001
3004.74
3008.43
3012.07
3015.65
3019.18
3022.64
3026.05
3029.39
3032.66
3035.87
3039.02
3042.1
3045.11
3048.06
3050.94
3053.75
3056.51
3059.2
3061.83
3064.4
3066.91
3069.37
3071.77
3074.12
3076.42
3078.66
3080.85
3082.99
3085.07
3087.11
3089.09
3091.01
3092.89
3094.71
3096.48
3098.2
3099.87
3101.5
3103.07
3104.6
3106.09
3107.54
3108.95
3110.33
3111.7
3112.68
3114.07
3114.09
3118.21
2709.52
2719.35
2728.81
2737.95
2746.8
2755.33
2763.49
2771.2
2778.43
2785.2
2791.55
2797.47
2802.94
2808
2812.69
2817.11
2821.36
2825.51
2829.6
2833.66
2837.69
2841.7
2845.71
2849.71
2853.69
2857.66
2861.63
2865.59
2869.54
2873.48
2877.4
2881.31
2885.18
2889.03
2892.87
2896.71
2900.56
2904.43
2908.32
2912.22
2916.13
2920.06
2924
2927.96
2931.94
2935.94
2939.95
2943.97
2947.99
2952.02
2956.03
2960.03
2964.01
2967.96
2971.88
2975.76
2979.59
2983.38
2987.11
2990.79
2994.41
2997.97
3001.48
3004.91
3008.29
3011.6
3014.85
3018.02
3021.13
3024.17
3027.14
3030.05
3032.89
3035.66
3038.37
3041.01
3043.59
3046.1
3048.56
3050.95
3053.29
3055.57
3057.8
3059.97
3062.08
3064.15
3066.16
3068.12
3070.04
3071.9
3073.71
3075.46
3077.17
3078.81
3080.4
3081.93
3083.4
3084.8
3086.13
3087.4
3088.59
3089.72
3090.77
3091.75
3092.64
3093.41
3094.31
3094.68
3095.43
3095.05
3097.74
2845.43
2849.41
2853.38
2857.35
2861.31
2865.25
2869.19
2873.12
2877.02
2880.9
2884.76
2888.58
2892.4
2896.22
2900.04
2903.89
2907.74
2911.61
2915.49
2919.37
2923.27
2927.19
2931.12
2935.06
2939
2942.95
2946.9
2950.84
2954.76
2958.65
2962.51
2966.34
2970.11
2973.84
2977.51
2981.12
2984.66
2988.14
2991.55
2994.89
2998.15
3001.34
3004.46
3007.5
3010.47
3013.35
3016.16
3018.89
3021.54
3024.12
3026.62
3029.04
3031.39
3033.66
3035.87
3038.01
3040.07
3042.08
3044.02
3045.9
3047.73
3049.5
3051.23
3052.9
3054.53
3056.12
3057.67
3059.18
3060.65
3062.08
3063.47
3064.82
3066.12
3067.37
3068.57
3069.71
3070.8
3071.81
3072.77
3073.65
3074.46
3075.18
3075.87
3076.24
3077.03
3077.23
3077.8
3077.61
3078.95
2868.83
2872.74
2876.63
2880.49
2884.32
2888.12
2891.91
2895.7
2899.51
2903.32
2907.14
2910.97
2914.81
2918.66
2922.51
2926.38
2930.26
2934.14
2938.02
2941.89
2945.76
2949.6
2953.42
2957.21
2960.94
2964.63
2968.26
2971.83
2975.33
2978.75
2982.09
2985.35
2988.52
2991.62
2994.62
2997.54
3000.38
3003.12
3005.78
3008.34
3010.82
3013.22
3015.53
3017.76
3019.9
3021.97
3023.97
3025.88
3027.73
3029.5
3031.2
3032.83
3034.4
3035.91
3037.35
3038.74
3040.08
3041.37
3042.62
3043.82
3044.98
3046.11
3047.2
3048.26
3049.3
3050.31
3051.29
3052.25
3053.17
3054.05
3054.89
3055.68
3056.42
3057.11
3057.73
3058.27
3058.82
3059.06
3059.66
3059.77
3060.29
3060.23
3061.15
2872.36
2876.22
2880.06
2883.87
2887.65
2891.41
2895.18
2898.95
2902.73
2906.52
2910.32
2914.11
2917.91
2921.72
2925.54
2929.36
2933.17
2936.99
2940.79
2944.57
2948.32
2952.03
2955.7
2959.32
2962.88
2966.36
2969.77
2973.1
2976.34
2979.49
2982.54
2985.5
2988.37
2991.13
2993.8
2996.37
2998.83
3001.2
3003.46
3005.63
3007.7
3009.67
3011.54
3013.32
3015.01
3016.62
3018.14
3019.59
3020.95
3022.24
3023.45
3024.58
3025.65
3026.64
3027.58
3028.45
3029.27
3030.04
3030.76
3031.45
3032.1
3032.74
3033.38
3034.03
3034.72
3035.43
3036.21
3037.04
3037.93
3038.89
3039.9
3040.94
3042.01
3043.05
3044.05
3045.08
3045.71
3046.76
3047.27
3048.02
3048
3049.28
2871.97
2875.81
2879.63
2883.4
2887.16
2890.9
2894.64
2898.38
2902.13
2905.88
2909.63
2913.39
2917.15
2920.9
2924.67
2928.43
2932.18
2935.92
2939.64
2943.34
2947
2950.61
2954.17
2957.67
2961.09
2964.44
2967.69
2970.86
2973.92
2976.88
2979.73
2982.47
2985.1
2987.63
2990.03
2992.32
2994.5
2996.57
2998.52
3000.36
3002.09
3003.73
3005.25
3006.68
3008.03
3009.28
3010.44
3011.53
3012.53
3013.44
3014.28
3015.03
3015.71
3016.33
3016.88
3017.37
3017.81
3018.21
3018.53
3018.81
3019.03
3019.21
3019.37
3019.56
3019.8
3020.11
3020.52
3021.05
3021.72
3022.53
3023.49
3024.56
3025.69
3026.86
3027.99
3029.09
3030.07
3030.96
3032.13
3032.96
3033.35
3033.69
2871.58
2875.4
2879.19
2882.95
2886.68
2890.39
2894.1
2897.82
2901.53
2905.25
2908.97
2912.68
2916.4
2920.11
2923.83
2927.54
2931.23
2934.91
2938.57
2942.18
2945.76
2949.28
2952.74
2956.13
2959.43
2962.64
2965.75
2968.76
2971.65
2974.42
2977.08
2979.63
2982.04
2984.34
2986.52
2988.57
2990.5
2992.32
2994.01
2995.59
2997.06
2998.43
2999.69
3000.85
3001.92
3002.9
3003.8
3004.61
3005.35
3006
3006.58
3007.07
3007.5
3007.84
3008.14
3008.34
3008.48
3008.57
3008.51
3008.4
3008.16
3007.87
3007.55
3007.23
3006.97
3006.79
3006.75
3006.96
3007.46
3008.36
3009.71
3011.52
3013.64
3016.16
3018.62
3020.93
3023.07
3025.43
3027.92
3031.07
3034.66
3038.32
)
;

boundaryField
{
    inlet
    {
        type            fixedValue;
        value           uniform 2790;
    }
    obstacle
    {
        type            zeroGradient;
    }
    bottom
    {
        type            symmetry;
    }
    outlet
    {
        type            zeroGradient;
    }
    top
    {
        type            symmetry;
    }
    defaultFaces
    {
        type            empty;
    }
    procBoundary1to0
    {
        type            processor;
        value           nonuniform List<scalar> 
90
(
1160.97
2412.75
2570.46
2596.95
2625.14
2646.23
2662.57
2676.3
2688.58
2699.61
2699.61
2699.52
2699.42
2699.33
2699.23
2699.14
2709.42
2719.26
2728.73
2737.87
2746.72
2755.26
2763.41
2771.11
2778.32
2785.07
2791.41
2797.31
2802.77
2807.81
2812.49
2816.9
2821.14
2825.28
2829.36
2833.4
2837.43
2841.43
2841.43
2845.14
2849.12
2853.08
2857.03
2860.97
2864.91
2864.91
2868.47
2868.47
2868.1
2867.73
2867.53
2871.14
2874.7
2878.21
2881.67
2885.11
2888.52
2891.9
2895.26
2898.58
2901.88
2905.16
2908.4
2911.63
2914.83
2918.01
2921.16
2924.27
2927.34
2930.36
2933.32
2936.22
2939.04
2941.78
2944.43
2946.98
2949.42
2951.74
2953.94
2956.03
2957.98
2959.8
2961.47
2963
2964.38
2965.62
2966.72
2967.67
2968.48
2969.15
)
;
    }
    procBoundary1to2
    {
        type            processor;
        value           nonuniform List<scalar> 
42
(
2969.69
2970.11
2970.4
2970.57
2970.62
2970.55
2970.37
2970.1
2969.74
2969.29
2968.76
2968.17
2967.51
2966.79
2966.02
2965.19
2964.31
2963.34
2962.48
2961.5
2960.57
2959.6
2958.6
2957.56
2956.5
2955.41
2954.29
2953.13
2951.92
2950.82
2949.62
2948.59
2947.43
2946.46
2945.25
2944.36
2943.1
2942.27
2940.93
2940.18
2938.86
2938.47
)
;
    }
    procBoundary1to7
    {
        type            processor;
        value           nonuniform List<scalar> 
126
(
1026.39
2371.54
2635.55
2635.55
2634.09
2645.97
2660.4
2674.95
2687.61
2698.73
2708.72
2718.18
2727.25
2735.92
2744.19
2752.11
2759.82
2767.47
2775.11
2782.71
2790.15
2797.36
2804.28
2810.89
2817.12
2822.91
2828.23
2833.1
2837.62
2841.87
2845.95
2849.94
2853.88
2857.81
2861.75
2865.7
2869.64
2873.59
2877.53
2881.44
2885.31
2889.11
2892.81
2896.4
2899.9
2903.29
2906.55
2909.67
2912.63
2915.4
2917.97
2920.29
2920.29
2922.42
2924.28
2924.28
2925.92
2927.31
2927.31
2928.42
2929.25
2929.83
2930.09
2930.03
2929.67
2929.02
2928.09
2926.88
2925.38
2923.62
2921.6
2919.33
2916.83
2914.12
2911.2
2908.1
2904.84
2901.42
2897.87
2894.22
2890.46
2886.63
2882.73
2878.79
2874.8
2870.81
2866.81
2862.82
2858.84
2854.9
2850.98
2847.12
2843.31
2839.57
2835.88
2832.27
2828.74
2825.28
2821.91
2818.62
2815.42
2812.31
2809.29
2806.36
2803.52
2800.77
2798.11
2795.53
2793.05
2790.65
2788.34
2786.11
2783.97
2781.9
2779.92
2778.01
2776.18
2774.41
2772.73
2771.1
2769.53
2768.2
2766.74
2771.42
2771.42
2768.76
)
;
    }
}


// ************************************************************************* //
