/*--------------------------------*- C++ -*----------------------------------*\
| =========                 |                                                 |
| \\      /  F ield         | OpenFOAM: The Open Source CFD Toolbox           |
|  \\    /   O peration     | Version:  2412                                  |
|   \\  /    A nd           | Website:  www.openfoam.com                      |
|    \\/     M anipulation  |                                                 |
\*---------------------------------------------------------------------------*/
FoamFile
{
    version     2.0;
    format      ascii;
    arch        "LSB;label=32;scalar=64";
    class       volScalarField;
    location    "0.053";
    object      T;
}
// * * * * * * * * * * * * * * * * * * * * * * * * * * * * * * * * * * * * * //

dimensions      [0 0 0 1 0 0 0];

internalField   nonuniform List<scalar> 
9831
(
187.507
214.734
187.296
214.674
218.302
218.361
218.513
218.709
218.931
219.178
219.431
219.669
219.883
220.076
220.253
220.421
220.584
220.743
220.899
221.053
221.207
221.362
221.517
221.668
221.808
221.937
222.059
222.183
222.309
222.434
222.553
222.666
222.777
222.889
223.003
223.119
223.236
223.353
223.468
223.583
223.697
223.811
223.923
224.033
224.142
224.248
224.352
224.454
224.553
224.649
224.742
224.831
187.087
214.614
218.267
218.33
218.489
218.689
218.914
219.163
219.418
219.658
219.874
220.067
220.246
220.414
220.577
220.736
220.892
221.047
221.201
221.356
221.511
221.662
221.802
221.93
222.052
222.177
222.303
222.428
222.546
222.659
222.771
222.883
222.997
223.114
223.231
223.347
223.463
223.578
223.692
223.805
223.918
224.028
224.137
224.243
224.348
224.45
224.549
224.645
224.738
224.827
224.911
224.991
186.888
214.556
218.232
218.3
218.465
218.67
218.898
219.149
219.405
219.647
219.864
220.059
220.238
220.408
220.571
220.73
220.886
221.041
221.195
221.35
221.506
221.656
221.796
221.923
222.046
222.17
222.297
222.421
222.54
222.653
222.765
222.877
222.992
223.108
223.225
223.342
223.457
223.572
223.687
223.8
223.913
224.023
224.132
224.238
224.343
224.445
224.544
224.641
224.734
224.823
224.908
224.988
225.062
225.131
186.691
214.498
218.198
218.27
218.441
218.651
218.882
219.135
219.393
219.636
219.855
220.051
220.231
220.401
220.565
220.724
220.881
221.035
221.19
221.345
221.5
221.65
221.789
221.917
222.039
222.164
222.291
222.415
222.533
222.647
222.759
222.871
222.986
223.102
223.219
223.336
223.452
223.567
223.681
223.795
223.907
224.018
224.127
224.234
224.338
224.44
224.54
224.637
224.73
224.819
224.904
224.985
225.059
225.128
225.191
225.246
225.295
225.336
225.37
225.396
225.415
225.427
225.43
225.426
225.414
225.396
225.372
225.34
225.303
225.259
225.211
225.157
225.099
225.036
224.97
224.9
224.827
224.752
224.675
224.596
224.516
224.434
224.352
224.27
224.187
224.104
224.022
223.941
223.86
223.78
223.701
223.624
223.548
223.473
223.4
223.329
223.26
223.192
223.126
223.062
223
222.94
222.881
222.825
222.77
222.717
222.665
222.616
222.568
222.522
222.478
222.436
222.396
222.359
222.323
222.289
222.257
222.229
222.201
186.503
214.44
218.164
218.24
218.417
218.632
218.866
219.121
219.381
219.626
219.846
220.043
220.224
220.395
220.559
220.719
220.875
221.029
221.184
221.339
221.494
221.644
221.783
221.911
222.033
222.158
222.284
222.409
222.527
222.641
222.752
222.865
222.98
223.097
223.214
223.331
223.446
223.562
223.676
223.79
223.902
224.013
224.122
224.229
224.334
224.436
224.536
224.633
224.726
224.816
224.901
224.982
225.057
225.126
225.189
225.245
225.294
225.336
225.37
225.397
225.416
225.429
225.434
225.43
225.42
225.403
225.379
225.349
225.313
225.272
225.225
225.173
225.117
225.056
224.992
224.925
224.854
224.782
224.707
224.631
224.553
224.474
224.395
224.315
224.235
224.155
224.076
223.997
223.919
223.842
223.766
223.692
223.619
223.547
223.477
223.408
223.341
223.276
223.212
223.151
223.091
223.033
222.977
222.923
222.87
222.819
222.77
222.722
222.676
222.632
222.59
222.55
222.512
222.476
222.442
222.409
222.378
222.352
222.325
222.312
222.257
186.317
214.384
218.131
218.211
218.394
218.615
218.851
219.108
219.369
219.615
219.837
220.035
220.217
220.388
220.553
220.713
220.869
221.024
221.178
221.334
221.488
221.638
221.777
221.904
222.027
222.151
222.278
222.402
222.521
222.635
222.746
222.859
222.974
223.091
223.208
223.325
223.441
223.556
223.671
223.785
223.897
224.008
224.117
224.224
224.329
224.432
224.532
224.629
224.723
224.813
224.899
224.98
225.055
225.125
225.188
225.244
225.294
225.336
225.371
225.399
225.419
225.433
225.438
225.436
225.427
225.411
225.389
225.361
225.326
225.287
225.241
225.192
225.137
225.079
225.017
224.953
224.885
224.815
224.743
224.669
224.594
224.518
224.442
224.365
224.288
224.211
224.135
224.059
223.984
223.91
223.837
223.765
223.694
223.625
223.558
223.492
223.428
223.365
223.304
223.245
223.188
223.132
223.078
223.026
222.976
222.927
222.88
222.834
222.79
222.748
222.707
222.669
222.633
222.598
222.566
222.534
222.504
222.48
222.455
222.445
222.392
186.141
214.329
218.098
218.182
218.372
218.597
218.836
219.094
219.358
219.605
219.828
220.028
220.21
220.382
220.547
220.707
220.864
221.018
221.173
221.328
221.483
221.632
221.771
221.898
222.021
222.145
222.272
222.396
222.515
222.628
222.74
222.853
222.969
223.085
223.203
223.32
223.436
223.551
223.666
223.78
223.892
224.003
224.112
224.22
224.325
224.428
224.528
224.626
224.72
224.81
224.896
224.978
225.054
225.124
225.187
225.244
225.294
225.337
225.373
225.401
225.423
225.437
225.444
225.443
225.435
225.421
225.4
225.374
225.341
225.303
225.26
225.213
225.161
225.105
225.046
224.983
224.918
224.851
224.782
224.711
224.639
224.566
224.492
224.418
224.344
224.271
224.197
224.125
224.052
223.981
223.911
223.842
223.775
223.709
223.644
223.581
223.519
223.459
223.401
223.344
223.289
223.236
223.185
223.135
223.086
223.039
222.994
222.951
222.908
222.868
222.83
222.793
222.759
222.726
222.694
222.664
222.635
222.612
222.588
222.583
222.533
185.966
214.275
218.064
218.153
218.35
218.58
218.821
219.082
219.347
219.596
219.82
220.02
220.204
220.376
220.542
220.702
220.858
221.013
221.167
221.323
221.477
221.626
221.765
221.892
222.014
222.139
222.266
222.39
222.508
222.622
222.734
222.848
222.963
223.08
223.197
223.314
223.43
223.546
223.66
223.774
223.887
223.998
224.108
224.215
224.32
224.424
224.524
224.622
224.717
224.808
224.894
224.976
225.053
225.123
225.187
225.245
225.295
225.339
225.375
225.405
225.428
225.443
225.451
225.452
225.445
225.432
225.414
225.389
225.358
225.322
225.282
225.236
225.187
225.133
225.077
225.017
224.955
224.89
224.824
224.756
224.687
224.617
224.547
224.476
224.405
224.335
224.264
224.195
224.126
224.058
223.991
223.925
223.86
223.797
223.735
223.674
223.615
223.558
223.502
223.448
223.396
223.345
223.296
223.248
223.202
223.157
223.114
223.072
223.032
222.993
222.957
222.922
222.889
222.857
222.827
222.798
222.768
222.746
222.725
222.727
222.681
185.801
214.221
218.028
218.123
218.328
218.564
218.807
219.069
219.335
219.586
219.811
220.013
220.197
220.37
220.536
220.696
220.853
221.008
221.162
221.317
221.472
221.621
221.759
221.886
222.008
222.133
222.26
222.384
222.502
222.616
222.728
222.842
222.957
223.074
223.191
223.308
223.425
223.54
223.655
223.769
223.882
223.993
224.103
224.21
224.316
224.42
224.521
224.619
224.714
224.805
224.893
224.975
225.052
225.123
225.188
225.246
225.297
225.342
225.379
225.409
225.433
225.45
225.459
225.461
225.456
225.445
225.428
225.406
225.377
225.343
225.305
225.262
225.215
225.164
225.111
225.054
224.994
224.933
224.87
224.805
224.739
224.673
224.605
224.538
224.47
224.403
224.336
224.269
224.203
224.138
224.074
224.011
223.95
223.889
223.83
223.772
223.716
223.662
223.608
223.557
223.507
223.458
223.411
223.366
223.322
223.279
223.238
223.198
223.16
223.123
223.088
223.055
223.024
222.994
222.965
222.936
222.907
222.886
222.868
222.873
222.831
185.638
214.169
217.991
218.094
218.308
218.547
218.793
219.057
219.325
219.577
219.803
220.006
220.191
220.364
220.53
220.691
220.848
221.002
221.157
221.312
221.466
221.615
221.753
221.88
222.002
222.127
222.254
222.378
222.496
222.61
222.723
222.836
222.951
223.068
223.186
223.303
223.419
223.535
223.65
223.764
223.877
223.988
224.098
224.206
224.312
224.416
224.517
224.616
224.711
224.803
224.891
224.974
225.052
225.123
225.188
225.247
225.299
225.345
225.383
225.415
225.44
225.457
225.469
225.473
225.469
225.46
225.445
225.424
225.398
225.367
225.331
225.29
225.246
225.198
225.147
225.093
225.037
224.979
224.919
224.857
224.795
224.731
224.667
224.603
224.539
224.475
224.411
224.348
224.285
224.223
224.162
224.103
224.044
223.986
223.93
223.875
223.822
223.77
223.719
223.67
223.622
223.576
223.532
223.488
223.446
223.406
223.367
223.329
223.292
223.257
223.224
223.193
223.163
223.134
223.106
223.078
223.051
223.033
223.017
223.024
222.982
185.484
214.116
217.953
218.066
218.287
218.531
218.779
219.044
219.314
219.568
219.795
219.999
220.184
220.359
220.525
220.686
220.842
220.997
221.152
221.307
221.461
221.609
221.747
221.874
221.996
222.121
222.248
222.372
222.49
222.604
222.717
222.83
222.946
223.063
223.18
223.297
223.414
223.53
223.645
223.759
223.872
223.984
224.093
224.202
224.308
224.412
224.514
224.613
224.709
224.802
224.89
224.973
225.052
225.124
225.19
225.249
225.302
225.349
225.389
225.421
225.448
225.466
225.479
225.485
225.483
225.476
225.463
225.445
225.421
225.392
225.359
225.321
225.28
225.235
225.187
225.136
225.083
225.028
224.971
224.913
224.854
224.794
224.733
224.672
224.611
224.551
224.49
224.43
224.371
224.312
224.254
224.198
224.142
224.087
224.034
223.982
223.931
223.882
223.834
223.787
223.742
223.699
223.656
223.615
223.575
223.537
223.499
223.463
223.429
223.396
223.365
223.335
223.306
223.279
223.251
223.225
223.2
223.184
223.17
223.177
223.136
185.332
214.063
217.915
218.037
218.268
218.516
218.765
219.032
219.304
219.558
219.787
219.992
220.178
220.353
220.52
220.681
220.837
220.992
221.147
221.302
221.456
221.604
221.741
221.868
221.99
222.115
222.242
222.366
222.484
222.598
222.711
222.824
222.94
223.057
223.175
223.292
223.408
223.524
223.64
223.754
223.867
223.979
224.089
224.197
224.304
224.408
224.511
224.61
224.707
224.8
224.889
224.973
225.052
225.125
225.192
225.252
225.306
225.354
225.395
225.429
225.456
225.477
225.491
225.499
225.499
225.494
225.483
225.467
225.446
225.419
225.389
225.354
225.315
225.274
225.229
225.181
225.132
225.08
225.027
224.972
224.916
224.86
224.803
224.745
224.688
224.63
224.573
224.517
224.461
224.405
224.351
224.297
224.244
224.193
224.143
224.093
224.045
223.999
223.953
223.909
223.867
223.825
223.785
223.746
223.708
223.672
223.637
223.602
223.57
223.539
223.509
223.481
223.454
223.427
223.4
223.377
223.353
223.34
223.327
223.334
223.294
185.189
214.01
217.876
218.009
218.249
218.5
218.752
219.021
219.293
219.55
219.78
219.985
220.172
220.348
220.515
220.675
220.832
220.987
221.142
221.297
221.45
221.598
221.735
221.862
221.984
222.109
222.236
222.36
222.478
222.592
222.705
222.818
222.934
223.051
223.169
223.286
223.403
223.519
223.634
223.749
223.862
223.974
224.084
224.193
224.3
224.405
224.508
224.608
224.705
224.799
224.888
224.973
225.053
225.126
225.194
225.255
225.311
225.359
225.401
225.437
225.466
225.488
225.504
225.514
225.517
225.513
225.505
225.491
225.472
225.449
225.421
225.389
225.354
225.315
225.274
225.23
225.183
225.135
225.085
225.034
224.982
224.929
224.875
224.821
224.767
224.714
224.66
224.607
224.554
224.502
224.451
224.4
224.351
224.302
224.255
224.208
224.163
224.119
224.076
224.035
223.995
223.956
223.918
223.881
223.846
223.811
223.778
223.745
223.715
223.685
223.657
223.631
223.605
223.579
223.554
223.532
223.511
223.499
223.488
223.495
223.455
185.047
213.957
217.837
217.982
218.23
218.485
218.739
219.009
219.283
219.541
219.772
219.978
220.166
220.342
220.509
220.671
220.827
220.982
221.137
221.292
221.445
221.593
221.729
221.856
221.978
222.103
222.23
222.354
222.472
222.586
222.699
222.813
222.928
223.046
223.163
223.281
223.398
223.514
223.629
223.744
223.857
223.969
224.08
224.189
224.296
224.402
224.505
224.606
224.703
224.798
224.888
224.973
225.054
225.128
225.197
225.259
225.315
225.365
225.409
225.446
225.476
225.5
225.518
225.53
225.535
225.534
225.528
225.517
225.501
225.48
225.455
225.427
225.394
225.359
225.321
225.28
225.238
225.193
225.147
225.099
225.051
225.001
224.952
224.901
224.851
224.801
224.75
224.701
224.651
224.603
224.555
224.507
224.461
224.415
224.371
224.327
224.285
224.244
224.204
224.165
224.127
224.09
224.055
224.02
223.987
223.954
223.923
223.892
223.863
223.836
223.81
223.784
223.76
223.735
223.711
223.692
223.672
223.662
223.652
223.659
223.619
184.915
213.904
217.797
217.956
218.212
218.471
218.726
218.998
219.274
219.532
219.765
219.972
220.16
220.337
220.504
220.666
220.823
220.978
221.132
221.287
221.44
221.587
221.724
221.85
221.973
222.098
222.224
222.348
222.466
222.58
222.693
222.807
222.923
223.04
223.158
223.275
223.392
223.508
223.624
223.739
223.852
223.965
224.075
224.185
224.292
224.398
224.502
224.603
224.702
224.797
224.888
224.974
225.055
225.131
225.2
225.264
225.321
225.372
225.417
225.456
225.488
225.514
225.533
225.547
225.555
225.556
225.552
225.544
225.531
225.513
225.492
225.466
225.438
225.406
225.371
225.334
225.295
225.254
225.211
225.168
225.123
225.077
225.031
224.984
224.938
224.891
224.844
224.798
224.752
224.707
224.662
224.618
224.575
224.532
224.491
224.45
224.41
224.372
224.334
224.298
224.263
224.228
224.195
224.163
224.131
224.101
224.071
224.043
224.016
223.99
223.965
223.941
223.918
223.895
223.872
223.855
223.838
223.829
223.82
223.826
223.787
184.783
213.852
217.757
217.93
218.195
218.456
218.714
218.987
219.264
219.524
219.757
219.965
220.155
220.332
220.5
220.661
220.818
220.973
221.127
221.282
221.435
221.582
221.718
221.844
221.967
222.092
222.218
222.342
222.46
222.574
222.687
222.801
222.917
223.034
223.152
223.27
223.387
223.503
223.619
223.734
223.847
223.96
224.071
224.181
224.289
224.395
224.5
224.602
224.701
224.797
224.888
224.975
225.057
225.133
225.204
225.269
225.327
225.38
225.427
225.467
225.501
225.528
225.55
225.566
225.576
225.58
225.579
225.573
225.563
225.549
225.53
225.508
225.483
225.454
225.423
225.39
225.355
225.317
225.279
225.239
225.198
225.156
225.113
225.071
225.028
224.985
224.942
224.899
224.856
224.814
224.773
224.732
224.692
224.653
224.614
224.577
224.54
224.504
224.469
224.435
224.402
224.37
224.339
224.309
224.28
224.251
224.224
224.197
224.172
224.148
224.125
224.102
224.08
224.058
224.038
224.023
224.007
224
223.992
223.997
223.959
184.661
213.799
217.716
217.904
218.178
218.442
218.701
218.976
219.254
219.516
219.75
219.959
220.149
220.326
220.495
220.656
220.813
220.968
221.123
221.277
221.43
221.577
221.713
221.838
221.961
222.086
222.212
222.336
222.454
222.568
222.681
222.795
222.911
223.028
223.147
223.264
223.381
223.498
223.614
223.729
223.842
223.955
224.067
224.177
224.285
224.392
224.497
224.6
224.7
224.796
224.889
224.976
225.059
225.136
225.208
225.274
225.334
225.388
225.437
225.478
225.514
225.544
225.568
225.586
225.598
225.605
225.607
225.604
225.597
225.586
225.571
225.552
225.53
225.506
225.478
225.449
225.417
225.384
225.349
225.313
225.276
225.238
225.199
225.16
225.121
225.081
225.042
225.003
224.964
224.925
224.887
224.85
224.813
224.777
224.741
224.706
224.672
224.639
224.607
224.576
224.545
224.516
224.487
224.459
224.432
224.405
224.38
224.355
224.332
224.31
224.288
224.267
224.246
224.226
224.207
224.193
224.18
224.174
224.166
224.171
224.134
184.539
213.747
217.676
217.879
218.161
218.428
218.689
218.966
219.245
219.508
219.743
219.953
220.143
220.321
220.49
220.651
220.809
220.964
221.118
221.272
221.425
221.571
221.707
221.833
221.955
222.08
222.206
222.33
222.448
222.562
222.675
222.789
222.905
223.023
223.141
223.259
223.376
223.493
223.608
223.723
223.838
223.951
224.062
224.173
224.282
224.389
224.495
224.598
224.699
224.796
224.89
224.978
225.062
225.14
225.213
225.28
225.342
225.398
225.447
225.491
225.529
225.56
225.586
225.607
225.622
225.632
225.637
225.637
225.633
225.625
225.613
225.598
225.58
225.559
225.535
225.51
225.482
225.452
225.422
225.389
225.356
225.322
225.287
225.252
225.217
225.181
225.146
225.11
225.075
225.04
225.005
224.971
224.937
224.904
224.871
224.84
224.808
224.778
224.749
224.72
224.692
224.665
224.638
224.612
224.587
224.563
224.539
224.517
224.495
224.475
224.454
224.435
224.415
224.397
224.38
224.368
224.356
224.352
224.344
224.348
224.313
184.426
213.696
217.636
217.853
218.145
218.415
218.677
218.955
219.236
219.5
219.736
219.947
220.138
220.316
220.485
220.647
220.804
220.959
221.114
221.268
221.42
221.566
221.701
221.827
221.949
222.075
222.201
222.324
222.442
222.556
222.669
222.783
222.899
223.017
223.135
223.253
223.371
223.487
223.603
223.718
223.833
223.946
224.058
224.169
224.279
224.387
224.493
224.597
224.698
224.796
224.891
224.98
225.065
225.144
225.218
225.287
225.35
225.407
225.459
225.504
225.544
225.578
225.606
225.629
225.647
225.66
225.668
225.671
225.67
225.666
225.657
225.646
225.632
225.615
225.595
225.573
225.549
225.524
225.497
225.469
225.439
225.409
225.379
225.347
225.316
225.284
225.252
225.22
225.188
225.157
225.126
225.095
225.064
225.034
225.005
224.976
224.948
224.92
224.893
224.867
224.842
224.817
224.793
224.769
224.746
224.724
224.702
224.682
224.662
224.643
224.624
224.606
224.588
224.571
224.556
224.546
224.536
224.533
224.525
224.529
224.496
184.313
213.644
217.596
217.829
218.128
218.401
218.666
218.945
219.227
219.492
219.729
219.941
220.133
220.312
220.481
220.642
220.8
220.955
221.109
221.263
221.415
221.561
221.696
221.821
221.944
222.069
222.195
222.318
222.436
222.55
222.663
222.778
222.894
223.011
223.13
223.248
223.365
223.482
223.598
223.713
223.828
223.941
224.054
224.165
224.275
224.384
224.491
224.596
224.698
224.797
224.892
224.982
225.068
225.149
225.224
225.294
225.359
225.418
225.471
225.518
225.56
225.596
225.627
225.653
225.673
225.689
225.7
225.707
225.709
225.708
225.704
225.696
225.685
225.672
225.656
225.638
225.619
225.597
225.575
225.55
225.525
225.499
225.473
225.445
225.418
225.39
225.362
225.333
225.305
225.277
225.249
225.222
225.195
225.168
225.141
225.116
225.09
225.065
225.041
225.018
224.995
224.972
224.95
224.929
224.908
224.888
224.868
224.85
224.832
224.814
224.797
224.781
224.764
224.749
224.735
224.727
224.718
224.718
224.712
224.714
224.683
184.209
213.593
217.556
217.804
218.112
218.388
218.654
218.935
219.218
219.484
219.722
219.935
220.127
220.307
220.476
220.638
220.795
220.95
221.105
221.259
221.41
221.556
221.691
221.816
221.938
222.063
222.189
222.312
222.43
222.544
222.657
222.772
222.888
223.006
223.124
223.242
223.36
223.477
223.593
223.708
223.823
223.937
224.05
224.162
224.272
224.381
224.489
224.595
224.698
224.798
224.893
224.985
225.072
225.153
225.23
225.302
225.368
225.429
225.484
225.533
225.577
225.616
225.649
225.677
225.701
225.719
225.734
225.744
225.75
225.752
225.751
225.747
225.741
225.732
225.72
225.706
225.691
225.673
225.655
225.635
225.614
225.592
225.569
225.546
225.522
225.498
225.474
225.449
225.425
225.4
225.376
225.352
225.328
225.304
225.281
225.258
225.235
225.213
225.192
225.171
225.151
225.131
225.111
225.092
225.073
225.055
225.038
225.021
225.005
224.989
224.974
224.958
224.943
224.93
224.917
224.911
224.904
224.905
224.899
224.902
224.872
184.104
213.542
217.516
217.779
218.096
218.375
218.643
218.925
219.21
219.477
219.716
219.929
220.122
220.302
220.472
220.634
220.791
220.946
221.1
221.254
221.406
221.551
221.685
221.81
221.933
222.058
222.183
222.306
222.424
222.538
222.652
222.766
222.882
223
223.118
223.237
223.354
223.471
223.587
223.703
223.818
223.932
224.046
224.158
224.269
224.379
224.488
224.594
224.698
224.799
224.895
224.988
225.076
225.159
225.237
225.31
225.378
225.441
225.498
225.549
225.595
225.636
225.672
225.703
225.729
225.751
225.769
225.782
225.792
225.798
225.801
225.801
225.798
225.793
225.785
225.776
225.764
225.751
225.737
225.721
225.704
225.687
225.668
225.649
225.629
225.609
225.588
225.568
225.547
225.526
225.505
225.485
225.464
225.444
225.423
225.403
225.384
225.365
225.346
225.327
225.309
225.292
225.275
225.258
225.241
225.225
225.21
225.195
225.181
225.167
225.153
225.139
225.125
225.114
225.103
225.098
225.093
225.095
225.09
225.092
225.065
184.009
213.491
217.476
217.755
218.081
218.363
218.632
218.916
219.201
219.469
219.709
219.923
220.117
220.297
220.467
220.629
220.787
220.942
221.096
221.249
221.401
221.546
221.68
221.805
221.927
222.052
222.178
222.3
222.418
222.532
222.646
222.76
222.876
222.994
223.113
223.231
223.349
223.466
223.582
223.698
223.813
223.928
224.042
224.154
224.266
224.377
224.486
224.594
224.698
224.8
224.897
224.991
225.08
225.164
225.244
225.319
225.389
225.453
225.512
225.566
225.614
225.657
225.696
225.73
225.759
225.784
225.805
225.822
225.835
225.845
225.852
225.856
225.857
225.856
225.853
225.847
225.84
225.831
225.821
225.81
225.797
225.784
225.769
225.754
225.738
225.722
225.705
225.689
225.672
225.654
225.637
225.62
225.602
225.585
225.568
225.551
225.535
225.518
225.502
225.487
225.471
225.456
225.441
225.427
225.412
225.399
225.385
225.372
225.36
225.347
225.335
225.323
225.311
225.301
225.292
225.29
225.285
225.288
225.283
225.285
225.26
183.913
213.44
217.437
217.731
218.066
218.351
218.622
218.906
219.193
219.462
219.703
219.917
220.112
220.293
220.463
220.625
220.782
220.937
221.091
221.245
221.396
221.541
221.674
221.799
221.921
222.046
222.172
222.295
222.412
222.526
222.64
222.754
222.871
222.989
223.107
223.226
223.343
223.46
223.577
223.693
223.809
223.923
224.038
224.151
224.263
224.375
224.485
224.593
224.699
224.801
224.9
224.995
225.085
225.171
225.252
225.328
225.4
225.466
225.527
225.583
225.634
225.68
225.721
225.758
225.79
225.818
225.842
225.863
225.88
225.894
225.904
225.912
225.918
225.921
225.921
225.92
225.918
225.913
225.907
225.9
225.892
225.883
225.873
225.862
225.85
225.838
225.825
225.812
225.799
225.785
225.772
225.758
225.744
225.73
225.716
225.702
225.688
225.675
225.662
225.649
225.636
225.623
225.61
225.598
225.586
225.574
225.563
225.552
225.541
225.53
225.519
225.508
225.498
225.49
225.483
225.483
225.481
225.483
225.479
225.48
225.458
183.825
213.389
217.397
217.707
218.05
218.339
218.611
218.897
219.185
219.455
219.696
219.912
220.107
220.288
220.458
220.621
220.778
220.933
221.087
221.241
221.391
221.536
221.669
221.794
221.916
222.041
222.166
222.289
222.406
222.52
222.634
222.748
222.865
222.983
223.102
223.22
223.338
223.455
223.572
223.688
223.804
223.919
224.034
224.148
224.261
224.373
224.484
224.593
224.699
224.803
224.903
224.998
225.09
225.177
225.26
225.338
225.411
225.48
225.543
225.601
225.654
225.702
225.747
225.786
225.822
225.853
225.881
225.905
225.926
225.943
225.958
225.97
225.98
225.987
225.992
225.996
225.997
225.997
225.996
225.993
225.989
225.984
225.978
225.971
225.964
225.955
225.947
225.938
225.928
225.918
225.908
225.898
225.887
225.876
225.866
225.855
225.844
225.834
225.823
225.813
225.802
225.792
225.782
225.772
225.762
225.753
225.743
225.734
225.725
225.716
225.707
225.697
225.688
225.683
225.679
225.68
225.679
225.682
225.677
225.678
225.659
183.736
213.338
217.357
217.684
218.036
218.327
218.601
218.888
219.177
219.448
219.69
219.906
220.102
220.284
220.454
220.617
220.774
220.929
221.083
221.236
221.387
221.531
221.664
221.788
221.91
222.035
222.161
222.283
222.4
222.514
222.628
222.742
222.859
222.977
223.096
223.214
223.332
223.45
223.566
223.683
223.799
223.915
224.03
224.144
224.258
224.371
224.483
224.593
224.7
224.805
224.905
225.002
225.095
225.184
225.269
225.348
225.424
225.494
225.559
225.619
225.675
225.726
225.773
225.816
225.854
225.889
225.921
225.948
225.973
225.994
226.013
226.029
226.043
226.055
226.064
226.072
226.078
226.083
226.085
226.087
226.087
226.087
226.085
226.083
226.079
226.075
226.071
226.066
226.06
226.054
226.047
226.04
226.033
226.026
226.018
226.011
226.003
225.995
225.987
225.979
225.972
225.964
225.956
225.948
225.941
225.933
225.926
225.918
225.911
225.904
225.896
225.888
225.881
225.879
225.876
225.878
225.877
225.88
225.877
225.878
225.861
183.657
213.287
217.317
217.66
218.021
218.315
218.591
218.879
219.169
219.441
219.684
219.901
220.097
220.279
220.45
220.613
220.77
220.925
221.079
221.232
221.382
221.526
221.659
221.783
221.905
222.03
222.155
222.277
222.394
222.509
222.622
222.737
222.853
222.971
223.09
223.209
223.327
223.444
223.561
223.678
223.794
223.91
224.026
224.141
224.256
224.37
224.482
224.593
224.701
224.807
224.909
225.007
225.101
225.192
225.278
225.359
225.436
225.508
225.576
225.638
225.697
225.75
225.8
225.846
225.888
225.926
225.961
225.992
226.021
226.046
226.069
226.09
226.108
226.124
226.138
226.15
226.161
226.17
226.177
226.183
226.188
226.192
226.194
226.196
226.197
226.197
226.196
226.195
226.193
226.191
226.188
226.184
226.181
226.177
226.172
226.168
226.163
226.158
226.153
226.148
226.143
226.138
226.132
226.127
226.122
226.116
226.111
226.106
226.1
226.094
226.088
226.082
226.078
226.079
226.077
226.079
226.079
226.082
226.079
226.082
226.067
183.575
213.235
217.277
217.637
218.007
218.304
218.581
218.87
219.161
219.434
219.678
219.896
220.093
220.275
220.446
220.609
220.766
220.921
221.075
221.228
221.378
221.521
221.653
221.777
221.899
222.024
222.149
222.271
222.388
222.503
222.616
222.731
222.847
222.966
223.084
223.203
223.321
223.439
223.556
223.673
223.79
223.906
224.022
224.138
224.253
224.368
224.482
224.593
224.703
224.809
224.912
225.012
225.108
225.199
225.287
225.371
225.449
225.523
225.593
225.658
225.719
225.776
225.829
225.877
225.922
225.964
226.003
226.038
226.07
226.1
226.127
226.152
226.174
226.194
226.213
226.23
226.244
226.258
226.27
226.28
226.29
226.298
226.305
226.311
226.316
226.321
226.324
226.327
226.329
226.33
226.331
226.331
226.331
226.33
226.329
226.328
226.326
226.324
226.322
226.319
226.317
226.314
226.311
226.308
226.304
226.301
226.298
226.295
226.291
226.286
226.282
226.278
226.276
226.278
226.278
226.281
226.282
226.285
226.283
226.286
226.273
183.502
213.183
217.237
217.615
217.994
218.293
218.571
218.862
219.154
219.427
219.672
219.89
220.088
220.271
220.442
220.605
220.762
220.917
221.071
221.223
221.373
221.516
221.648
221.772
221.894
222.019
222.144
222.265
222.382
222.497
222.61
222.725
222.842
222.96
223.079
223.197
223.315
223.433
223.55
223.668
223.785
223.902
224.019
224.135
224.251
224.367
224.481
224.594
224.704
224.812
224.916
225.017
225.114
225.208
225.297
225.382
225.463
225.539
225.611
225.678
225.742
225.801
225.857
225.909
225.958
226.003
226.045
226.084
226.12
226.154
226.185
226.214
226.241
226.266
226.289
226.31
226.33
226.348
226.364
226.379
226.393
226.406
226.417
226.428
226.437
226.445
226.453
226.459
226.465
226.47
226.475
226.479
226.482
226.485
226.487
226.489
226.49
226.491
226.492
226.492
226.492
226.492
226.491
226.491
226.49
226.489
226.488
226.486
226.484
226.481
226.48
226.479
226.479
226.482
226.481
226.486
226.488
226.491
226.491
226.495
226.485
183.427
213.131
217.196
217.593
217.981
218.282
218.562
218.853
219.146
219.421
219.666
219.885
220.083
220.266
220.438
220.601
220.758
220.913
221.067
221.219
221.368
221.511
221.643
221.767
221.889
222.013
222.138
222.259
222.377
222.491
222.604
222.719
222.836
222.954
223.073
223.192
223.31
223.428
223.545
223.663
223.78
223.898
224.015
224.132
224.249
224.366
224.481
224.595
224.706
224.814
224.92
225.022
225.121
225.216
225.307
225.394
225.477
225.555
225.629
225.699
225.765
225.828
225.887
225.942
225.994
226.042
226.088
226.131
226.171
226.209
226.245
226.278
226.309
226.339
226.366
226.392
226.416
226.439
226.46
226.479
226.498
226.515
226.531
226.546
226.559
226.572
226.584
226.594
226.604
226.613
226.621
226.629
226.636
226.642
226.647
226.652
226.657
226.661
226.664
226.667
226.67
226.672
226.674
226.675
226.677
226.678
226.679
226.679
226.678
226.678
226.679
226.68
226.682
226.686
226.686
226.69
226.692
226.697
226.699
226.704
226.696
183.36
213.078
217.156
217.571
217.968
218.271
218.552
218.845
219.139
219.414
219.661
219.88
220.079
220.262
220.434
220.597
220.754
220.909
221.063
221.215
221.364
221.506
221.638
221.761
221.883
222.008
222.132
222.254
222.371
222.485
222.598
222.713
222.83
222.948
223.067
223.186
223.304
223.422
223.54
223.658
223.776
223.894
224.012
224.129
224.247
224.364
224.481
224.595
224.708
224.817
224.924
225.028
225.128
225.225
225.318
225.407
225.491
225.572
225.648
225.721
225.789
225.855
225.916
225.975
226.03
226.082
226.132
226.179
226.223
226.265
226.305
226.343
226.379
226.412
226.445
226.475
226.504
226.531
226.557
226.581
226.604
226.625
226.646
226.665
226.683
226.7
226.715
226.73
226.744
226.757
226.769
226.78
226.79
226.8
226.808
226.817
226.824
226.831
226.838
226.844
226.849
226.854
226.858
226.862
226.866
226.869
226.872
226.874
226.876
226.878
226.88
226.884
226.888
226.893
226.895
226.9
226.902
226.907
226.912
226.918
226.914
183.292
213.025
217.115
217.55
217.955
218.261
218.543
218.837
219.132
219.408
219.655
219.875
220.074
220.258
220.43
220.593
220.75
220.905
221.059
221.211
221.359
221.501
221.633
221.756
221.878
222.002
222.127
222.248
222.365
222.479
222.592
222.707
222.824
222.942
223.061
223.18
223.298
223.416
223.534
223.653
223.771
223.889
224.008
224.127
224.245
224.363
224.481
224.596
224.71
224.821
224.929
225.034
225.136
225.234
225.329
225.419
225.506
225.589
225.667
225.742
225.814
225.882
225.947
226.009
226.067
226.123
226.177
226.227
226.276
226.322
226.366
226.408
226.448
226.487
226.523
226.558
226.592
226.623
226.654
226.683
226.71
226.737
226.761
226.785
226.807
226.829
226.849
226.868
226.885
226.902
226.918
226.933
226.947
226.96
226.972
226.983
226.994
227.004
227.013
227.022
227.03
227.037
227.044
227.051
227.057
227.062
227.067
227.071
227.075
227.078
227.082
227.088
227.092
227.099
227.103
227.11
227.113
227.118
227.124
227.13
227.129
183.23
212.971
217.075
217.53
217.942
218.251
218.534
218.829
219.125
219.401
219.649
219.87
220.07
220.254
220.426
220.589
220.747
220.901
221.055
221.206
221.355
221.496
221.627
221.751
221.872
221.997
222.121
222.242
222.359
222.473
222.586
222.701
222.818
222.937
223.056
223.174
223.293
223.411
223.529
223.647
223.766
223.885
224.005
224.124
224.244
224.363
224.481
224.597
224.712
224.824
224.933
225.04
225.144
225.244
225.34
225.432
225.521
225.606
225.687
225.764
225.839
225.91
225.978
226.043
226.105
226.164
226.221
226.276
226.329
226.379
226.428
226.474
226.519
226.562
226.603
226.643
226.681
226.718
226.753
226.786
226.818
226.849
226.878
226.906
226.933
226.958
226.983
227.006
227.027
227.048
227.068
227.086
227.104
227.12
227.136
227.151
227.164
227.177
227.19
227.201
227.212
227.222
227.232
227.241
227.249
227.256
227.263
227.27
227.275
227.281
227.287
227.295
227.301
227.309
227.315
227.323
227.329
227.335
227.341
227.346
227.35
183.169
212.916
217.035
217.51
217.93
218.241
218.525
218.821
219.117
219.395
219.644
219.865
220.065
220.25
220.422
220.585
220.743
220.898
221.051
221.202
221.351
221.492
221.622
221.745
221.867
221.991
222.115
222.236
222.353
222.467
222.58
222.695
222.812
222.931
223.05
223.169
223.287
223.405
223.524
223.642
223.762
223.881
224.001
224.121
224.242
224.362
224.481
224.599
224.714
224.828
224.938
225.047
225.152
225.253
225.351
225.446
225.536
225.623
225.707
225.787
225.864
225.938
226.009
226.077
226.143
226.206
226.267
226.326
226.382
226.437
226.49
226.541
226.59
226.637
226.683
226.727
226.77
226.811
226.851
226.889
226.926
226.962
226.996
227.028
227.059
227.089
227.118
227.145
227.171
227.196
227.219
227.242
227.263
227.283
227.302
227.32
227.337
227.353
227.368
227.383
227.396
227.409
227.421
227.432
227.443
227.452
227.461
227.47
227.478
227.485
227.493
227.502
227.51
227.519
227.527
227.536
227.543
227.551
227.557
227.563
227.57
183.111
212.861
216.996
217.49
217.918
218.231
218.516
218.813
219.111
219.389
219.638
219.86
220.061
220.246
220.418
220.582
220.739
220.894
221.047
221.198
221.346
221.487
221.617
221.74
221.862
221.985
222.109
222.23
222.347
222.461
222.574
222.689
222.806
222.925
223.044
223.163
223.281
223.4
223.518
223.637
223.757
223.877
223.998
224.119
224.24
224.361
224.481
224.6
224.717
224.832
224.944
225.053
225.16
225.263
225.363
225.459
225.552
225.641
225.727
225.81
225.89
225.966
226.041
226.112
226.181
226.248
226.313
226.375
226.436
226.495
226.552
226.607
226.661
226.713
226.764
226.813
226.861
226.907
226.951
226.994
227.035
227.075
227.114
227.151
227.186
227.221
227.253
227.285
227.315
227.343
227.371
227.397
227.421
227.445
227.468
227.489
227.509
227.529
227.547
227.564
227.581
227.596
227.611
227.625
227.638
227.65
227.661
227.671
227.681
227.691
227.701
227.712
227.721
227.732
227.742
227.752
227.761
227.77
227.778
227.786
227.794
183.052
212.805
216.958
217.471
217.907
218.221
218.508
218.806
219.104
219.383
219.633
219.855
220.057
220.242
220.414
220.578
220.735
220.89
221.043
221.194
221.342
221.482
221.612
221.735
221.856
221.98
222.104
222.224
222.341
222.455
222.568
222.683
222.8
222.919
223.038
223.157
223.275
223.394
223.513
223.632
223.752
223.873
223.995
224.117
224.239
224.361
224.482
224.602
224.72
224.836
224.949
225.06
225.169
225.274
225.375
225.473
225.568
225.659
225.748
225.833
225.915
225.995
226.073
226.147
226.22
226.29
226.359
226.426
226.49
226.553
226.615
226.675
226.733
226.789
226.845
226.898
226.95
227.001
227.05
227.098
227.144
227.189
227.232
227.274
227.314
227.353
227.39
227.425
227.46
227.492
227.524
227.554
227.582
227.609
227.635
227.66
227.684
227.706
227.728
227.748
227.767
227.785
227.802
227.819
227.834
227.848
227.862
227.874
227.886
227.898
227.91
227.923
227.934
227.946
227.957
227.969
227.979
227.989
227.999
228.008
228.017
183
212.748
216.92
217.452
217.895
218.212
218.499
218.798
219.097
219.377
219.627
219.851
220.052
220.238
220.411
220.574
220.732
220.886
221.039
221.19
221.337
221.477
221.607
221.729
221.851
221.974
222.098
222.218
222.335
222.448
222.562
222.677
222.794
222.913
223.032
223.151
223.269
223.388
223.507
223.627
223.748
223.869
223.992
224.114
224.238
224.36
224.483
224.603
224.723
224.84
224.955
225.068
225.177
225.284
225.387
225.487
225.584
225.678
225.768
225.856
225.941
226.024
226.105
226.183
226.259
226.333
226.405
226.476
226.544
226.612
226.677
226.742
226.805
226.866
226.926
226.984
227.041
227.097
227.151
227.203
227.254
227.303
227.351
227.397
227.441
227.484
227.526
227.566
227.604
227.641
227.676
227.71
227.742
227.773
227.802
227.831
227.858
227.883
227.908
227.931
227.953
227.974
227.994
228.013
228.031
228.048
228.063
228.078
228.092
228.106
228.12
228.135
228.147
228.162
228.174
228.187
228.199
228.211
228.222
228.233
228.244
182.949
212.691
216.882
217.434
217.884
218.202
218.491
218.791
219.09
219.371
219.622
219.846
220.048
220.234
220.407
220.57
220.728
220.883
221.035
221.186
221.333
221.472
221.602
221.724
221.845
221.969
222.092
222.212
222.329
222.442
222.556
222.671
222.788
222.907
223.026
223.145
223.264
223.382
223.502
223.622
223.743
223.866
223.989
224.112
224.236
224.36
224.483
224.605
224.726
224.844
224.961
225.075
225.186
225.295
225.4
225.501
225.6
225.696
225.789
225.88
225.968
226.053
226.137
226.218
226.298
226.375
226.452
226.526
226.599
226.67
226.74
226.809
226.876
226.942
227.006
227.07
227.131
227.191
227.25
227.307
227.363
227.417
227.469
227.52
227.569
227.617
227.663
227.707
227.749
227.79
227.83
227.867
227.903
227.938
227.971
228.003
228.033
228.062
228.09
228.116
228.141
228.165
228.187
228.209
228.229
228.248
228.266
228.283
228.3
228.316
228.332
228.348
228.363
228.379
228.393
228.407
228.421
228.434
228.446
228.459
228.471
182.897
212.633
216.845
217.416
217.873
218.193
218.483
218.783
219.084
219.365
219.617
219.841
220.044
220.23
220.403
220.567
220.724
220.879
221.031
221.182
221.328
221.468
221.597
221.719
221.84
221.963
222.086
222.206
222.322
222.436
222.55
222.665
222.782
222.901
223.02
223.139
223.258
223.377
223.496
223.617
223.739
223.862
223.986
224.11
224.235
224.36
224.484
224.607
224.729
224.849
224.967
225.082
225.195
225.305
225.412
225.516
225.617
225.715
225.81
225.903
225.994
226.082
226.169
226.254
226.336
226.418
226.498
226.576
226.653
226.729
226.803
226.876
226.948
227.018
227.088
227.155
227.222
227.287
227.35
227.412
227.472
227.531
227.588
227.643
227.696
227.748
227.798
227.847
227.893
227.938
227.982
228.023
228.063
228.102
228.138
228.174
228.207
228.24
228.271
228.3
228.328
228.355
228.381
228.405
228.428
228.449
228.47
228.489
228.508
228.526
228.544
228.562
228.579
228.596
228.612
228.628
228.643
228.658
228.672
228.685
228.7
182.848
212.574
216.807
217.398
217.863
218.184
218.475
218.776
219.078
219.359
219.612
219.837
220.04
220.226
220.4
220.563
220.721
220.875
221.027
221.178
221.324
221.463
221.592
221.714
221.835
221.958
222.081
222.2
222.316
222.43
222.544
222.659
222.776
222.895
223.014
223.133
223.252
223.371
223.491
223.612
223.734
223.858
223.983
224.108
224.234
224.36
224.485
224.61
224.732
224.854
224.973
225.09
225.205
225.316
225.425
225.53
225.633
225.733
225.831
225.927
226.02
226.112
226.201
226.289
226.375
226.46
226.544
226.626
226.707
226.787
226.865
226.943
227.019
227.094
227.168
227.24
227.311
227.381
227.449
227.515
227.58
227.643
227.705
227.765
227.823
227.88
227.934
227.987
228.038
228.087
228.135
228.181
228.224
228.267
228.307
228.346
228.383
228.419
228.453
228.485
228.516
228.546
228.574
228.601
228.626
228.651
228.673
228.695
228.716
228.737
228.757
228.777
228.796
228.815
228.833
228.851
228.868
228.884
228.899
228.915
228.932
182.804
212.515
216.77
217.381
217.852
218.175
218.467
218.769
219.071
219.353
219.607
219.832
220.036
220.222
220.396
220.56
220.717
220.872
221.024
221.174
221.32
221.458
221.587
221.708
221.829
221.952
222.075
222.194
222.31
222.424
222.538
222.653
222.77
222.888
223.008
223.127
223.246
223.365
223.485
223.607
223.73
223.854
223.98
224.106
224.233
224.36
224.486
224.612
224.736
224.859
224.979
225.098
225.214
225.327
225.437
225.545
225.65
225.752
225.852
225.95
226.046
226.141
226.233
226.324
226.414
226.502
226.59
226.676
226.761
226.844
226.927
227.009
227.09
227.169
227.248
227.325
227.401
227.475
227.548
227.619
227.688
227.756
227.822
227.887
227.949
228.01
228.069
228.126
228.181
228.234
228.286
228.335
228.383
228.429
228.473
228.516
228.556
228.595
228.633
228.669
228.703
228.736
228.767
228.797
228.825
228.852
228.878
228.902
228.925
228.948
228.97
228.993
229.013
229.034
229.054
229.073
229.092
229.11
229.126
229.143
229.162
182.758
212.454
216.732
217.364
217.842
218.167
218.46
218.762
219.065
219.348
219.602
219.828
220.031
220.219
220.392
220.556
220.714
220.868
221.02
221.17
221.315
221.453
221.582
221.703
221.824
221.947
222.069
222.188
222.304
222.418
222.531
222.646
222.764
222.882
223.001
223.12
223.239
223.359
223.48
223.602
223.726
223.851
223.977
224.104
224.232
224.36
224.488
224.614
224.74
224.864
224.986
225.106
225.223
225.338
225.45
225.559
225.666
225.771
225.873
225.974
226.072
226.17
226.265
226.36
226.453
226.544
226.635
226.725
226.814
226.902
226.989
227.075
227.16
227.244
227.327
227.408
227.488
227.567
227.645
227.72
227.795
227.867
227.938
228.007
228.074
228.14
228.203
228.265
228.324
228.382
228.437
228.491
228.543
228.593
228.641
228.687
228.731
228.774
228.814
228.853
228.891
228.926
228.96
228.993
229.024
229.053
229.081
229.108
229.133
229.159
229.183
229.207
229.23
229.253
229.275
229.296
229.317
229.337
229.356
229.374
229.396
182.712
212.393
216.694
217.347
217.833
218.159
218.452
218.755
219.059
219.342
219.596
219.823
220.027
220.215
220.389
220.553
220.71
220.864
221.016
221.165
221.311
221.449
221.577
221.698
221.818
221.941
222.063
222.182
222.298
222.412
222.525
222.64
222.757
222.876
222.995
223.114
223.233
223.353
223.474
223.597
223.721
223.847
223.974
224.103
224.232
224.36
224.489
224.617
224.744
224.869
224.993
225.114
225.233
225.349
225.463
225.574
225.683
225.79
225.894
225.997
226.098
226.198
226.297
226.394
226.49
226.586
226.68
226.774
226.866
226.958
227.05
227.14
227.229
227.318
227.405
227.491
227.576
227.659
227.741
227.822
227.901
227.978
228.053
228.126
228.198
228.268
228.335
228.401
228.465
228.526
228.586
228.643
228.699
228.753
228.804
228.854
228.902
228.948
228.992
229.035
229.076
229.115
229.152
229.188
229.221
229.254
229.285
229.314
229.343
229.371
229.397
229.424
229.449
229.474
229.498
229.521
229.543
229.564
229.584
229.604
229.627
182.669
212.329
216.657
217.331
217.823
218.15
218.444
218.749
219.053
219.337
219.592
219.819
220.023
220.211
220.385
220.549
220.707
220.861
221.012
221.161
221.306
221.444
221.572
221.692
221.813
221.935
222.057
222.176
222.292
222.405
222.519
222.634
222.751
222.87
222.989
223.108
223.227
223.347
223.469
223.592
223.717
223.843
223.972
224.101
224.231
224.361
224.49
224.62
224.748
224.874
224.999
225.122
225.242
225.36
225.475
225.588
225.699
225.808
225.915
226.02
226.124
226.227
226.328
226.429
226.528
226.627
226.725
226.822
226.919
227.014
227.11
227.204
227.298
227.39
227.482
227.572
227.661
227.749
227.836
227.921
228.004
228.086
228.166
228.244
228.32
228.394
228.466
228.536
228.604
228.67
228.734
228.796
228.856
228.913
228.969
229.023
229.074
229.124
229.171
229.217
229.261
229.303
229.343
229.382
229.418
229.453
229.486
229.518
229.549
229.579
229.608
229.636
229.664
229.691
229.716
229.742
229.766
229.789
229.811
229.833
229.86
182.629
212.265
216.619
217.316
217.814
218.142
218.437
218.742
219.047
219.331
219.587
219.814
220.019
220.207
220.382
220.546
220.703
220.857
221.009
221.157
221.302
221.439
221.566
221.687
221.807
221.93
222.051
222.17
222.285
222.399
222.512
222.627
222.744
222.863
222.982
223.101
223.221
223.341
223.463
223.587
223.712
223.84
223.969
224.099
224.23
224.361
224.492
224.622
224.752
224.88
225.006
225.13
225.252
225.371
225.488
225.603
225.716
225.826
225.936
226.043
226.15
226.255
226.359
226.462
226.565
226.667
226.768
226.869
226.969
227.069
227.168
227.267
227.365
227.462
227.558
227.653
227.746
227.839
227.93
228.019
228.107
228.193
228.277
228.359
228.44
228.518
228.595
228.669
228.741
228.811
228.879
228.944
229.008
229.069
229.129
229.186
229.241
229.294
229.346
229.395
229.442
229.487
229.531
229.572
229.612
229.65
229.686
229.722
229.755
229.788
229.82
229.851
229.881
229.91
229.938
229.966
229.992
230.017
230.041
230.065
230.093
182.587
212.2
216.582
217.3
217.805
218.134
218.43
218.736
219.041
219.326
219.582
219.81
220.015
220.204
220.378
220.542
220.7
220.854
221.005
221.153
221.298
221.434
221.561
221.682
221.802
221.924
222.045
222.164
222.279
222.393
222.506
222.621
222.738
222.857
222.976
223.095
223.214
223.335
223.457
223.582
223.708
223.836
223.966
224.098
224.23
224.362
224.494
224.625
224.756
224.885
225.013
225.138
225.261
225.382
225.501
225.617
225.732
225.845
225.956
226.066
226.175
226.282
226.39
226.496
226.601
226.706
226.811
226.916
227.02
227.123
227.226
227.329
227.43
227.531
227.631
227.73
227.828
227.925
228.02
228.114
228.206
228.297
228.385
228.472
228.557
228.64
228.721
228.8
228.876
228.95
229.023
229.092
229.16
229.225
229.289
229.35
229.409
229.465
229.52
229.573
229.623
229.672
229.718
229.763
229.805
229.846
229.884
229.922
229.958
229.993
230.027
230.06
230.092
230.123
230.153
230.182
230.21
230.237
230.262
230.288
230.32
182.545
212.134
216.545
217.286
217.796
218.126
218.423
218.729
219.035
219.32
219.577
219.805
220.011
220.2
220.374
220.539
220.696
220.85
221.001
221.149
221.293
221.43
221.556
221.676
221.796
221.918
222.039
222.158
222.273
222.386
222.499
222.614
222.731
222.85
222.969
223.088
223.208
223.329
223.452
223.576
223.704
223.833
223.964
224.096
224.229
224.362
224.495
224.628
224.76
224.891
225.019
225.146
225.271
225.393
225.513
225.631
225.748
225.862
225.976
226.088
226.199
226.309
226.419
226.528
226.637
226.745
226.853
226.961
227.068
227.176
227.282
227.389
227.494
227.6
227.704
227.807
227.909
228.01
228.11
228.208
228.304
228.399
228.492
228.583
228.672
228.759
228.844
228.926
229.007
229.085
229.161
229.235
229.306
229.375
229.442
229.507
229.569
229.63
229.688
229.744
229.798
229.849
229.899
229.947
229.992
230.037
230.078
230.119
230.158
230.196
230.233
230.269
230.303
230.337
230.37
230.402
230.432
230.461
230.489
230.517
230.552
182.506
212.065
216.509
217.271
217.787
218.119
218.416
218.723
219.029
219.315
219.572
219.801
220.007
220.196
220.371
220.535
220.693
220.846
220.997
221.145
221.289
221.425
221.551
221.671
221.791
221.912
222.033
222.151
222.266
222.38
222.493
222.608
222.725
222.843
222.962
223.082
223.202
223.323
223.446
223.571
223.699
223.829
223.961
224.095
224.229
224.363
224.497
224.631
224.764
224.896
225.026
225.154
225.28
225.404
225.525
225.645
225.763
225.88
225.995
226.11
226.223
226.336
226.448
226.56
226.671
226.783
226.894
227.005
227.116
227.227
227.337
227.447
227.557
227.665
227.773
227.881
227.987
228.092
228.196
228.298
228.398
228.497
228.595
228.69
228.783
228.875
228.964
229.051
229.135
229.218
229.298
229.376
229.451
229.524
229.595
229.663
229.73
229.793
229.855
229.915
229.972
230.027
230.079
230.13
230.178
230.225
230.27
230.313
230.354
230.394
230.433
230.471
230.508
230.543
230.578
230.611
230.643
230.674
230.703
230.733
230.769
182.465
211.996
216.473
217.257
217.779
218.111
218.409
218.716
219.023
219.31
219.567
219.797
220.003
220.193
220.367
220.532
220.689
220.843
220.993
221.141
221.284
221.42
221.546
221.666
221.785
221.907
222.027
222.145
222.26
222.373
222.486
222.601
222.718
222.837
222.956
223.075
223.195
223.316
223.44
223.566
223.695
223.826
223.959
224.093
224.228
224.363
224.499
224.634
224.768
224.901
225.033
225.162
225.289
225.414
225.537
225.659
225.778
225.897
226.014
226.131
226.246
226.361
226.476
226.591
226.705
226.819
226.933
227.048
227.162
227.276
227.39
227.504
227.617
227.729
227.841
227.953
228.063
228.172
228.28
228.386
228.491
228.594
228.695
228.794
228.891
228.986
229.079
229.17
229.259
229.345
229.428
229.51
229.589
229.666
229.74
229.812
229.882
229.949
230.014
230.077
230.137
230.195
230.251
230.305
230.356
230.406
230.454
230.5
230.544
230.588
230.629
230.67
230.71
230.748
230.785
230.821
230.855
230.888
230.92
230.952
230.992
182.425
211.925
216.437
217.244
217.771
218.104
218.402
218.71
219.017
219.304
219.562
219.792
220
220.189
220.364
220.528
220.686
220.839
220.99
221.137
221.28
221.415
221.541
221.66
221.78
221.901
222.021
222.139
222.253
222.366
222.48
222.594
222.711
222.83
222.949
223.068
223.188
223.31
223.434
223.561
223.691
223.823
223.956
224.092
224.228
224.364
224.501
224.637
224.773
224.907
225.039
225.169
225.298
225.424
225.549
225.672
225.793
225.914
226.033
226.151
226.269
226.386
226.503
226.62
226.737
226.855
226.972
227.089
227.206
227.324
227.441
227.558
227.675
227.791
227.906
228.021
228.135
228.248
228.359
228.469
228.578
228.685
228.79
228.893
228.995
229.094
229.191
229.286
229.378
229.468
229.556
229.641
229.724
229.805
229.883
229.958
230.031
230.102
230.171
230.237
230.3
230.362
230.421
230.478
230.532
230.584
230.634
230.683
230.73
230.775
230.819
230.861
230.903
230.943
230.982
231.02
231.056
231.091
231.124
231.158
231.2
182.383
211.853
216.402
217.231
217.763
218.097
218.396
218.704
219.011
219.299
219.558
219.788
219.996
220.185
220.36
220.525
220.682
220.836
220.986
221.133
221.275
221.41
221.535
221.655
221.774
221.895
222.015
222.132
222.247
222.36
222.473
222.588
222.705
222.823
222.942
223.061
223.182
223.304
223.428
223.556
223.686
223.819
223.954
224.09
224.227
224.365
224.503
224.64
224.777
224.912
225.045
225.177
225.306
225.434
225.56
225.685
225.808
225.93
226.051
226.171
226.29
226.41
226.529
226.649
226.768
226.888
227.008
227.128
227.249
227.369
227.489
227.61
227.73
227.85
227.969
228.087
228.205
228.321
228.436
228.55
228.663
228.773
228.882
228.989
229.094
229.197
229.297
229.395
229.491
229.585
229.676
229.765
229.851
229.935
230.016
230.095
230.172
230.246
230.317
230.387
230.453
230.518
230.579
230.639
230.696
230.752
230.805
230.856
230.906
230.954
231.001
231.046
231.091
231.133
231.175
231.215
231.253
231.29
231.325
231.361
231.406
182.343
211.779
216.366
217.218
217.755
218.09
218.389
218.698
219.006
219.294
219.553
219.784
219.992
220.182
220.357
220.521
220.679
220.832
220.982
221.129
221.271
221.405
221.53
221.649
221.768
221.889
222.009
222.126
222.24
222.353
222.466
222.581
222.698
222.816
222.935
223.054
223.175
223.297
223.423
223.551
223.682
223.816
223.951
224.089
224.227
224.365
224.504
224.643
224.781
224.917
225.051
225.184
225.315
225.444
225.571
225.697
225.822
225.945
226.068
226.19
226.311
226.433
226.554
226.676
226.798
226.921
227.043
227.166
227.289
227.413
227.536
227.659
227.782
227.905
228.027
228.149
228.27
228.39
228.508
228.626
228.742
228.856
228.968
229.079
229.187
229.294
229.398
229.5
229.6
229.697
229.792
229.884
229.974
230.061
230.146
230.228
230.308
230.385
230.46
230.533
230.602
230.67
230.734
230.797
230.857
230.915
230.97
231.024
231.076
231.126
231.175
231.222
231.268
231.313
231.356
231.397
231.437
231.476
231.513
231.552
231.6
182.304
211.704
216.331
217.205
217.747
218.082
218.382
218.692
219
219.289
219.548
219.78
219.988
220.178
220.353
220.518
220.675
220.828
220.978
221.125
221.266
221.4
221.525
221.644
221.762
221.883
222.002
222.119
222.233
222.346
222.459
222.574
222.691
222.809
222.928
223.047
223.168
223.291
223.417
223.546
223.678
223.812
223.949
224.087
224.226
224.366
224.506
224.646
224.784
224.922
225.057
225.191
225.323
225.453
225.582
225.709
225.835
225.96
226.084
226.208
226.331
226.455
226.578
226.702
226.826
226.951
227.076
227.201
227.327
227.453
227.579
227.706
227.832
227.958
228.083
228.208
228.332
228.455
228.577
228.698
228.817
228.934
229.05
229.164
229.276
229.385
229.493
229.598
229.701
229.801
229.899
229.994
230.087
230.177
230.265
230.351
230.433
230.514
230.591
230.666
230.738
230.809
230.876
230.941
231.004
231.064
231.122
231.179
231.233
231.286
231.337
231.387
231.436
231.483
231.529
231.573
231.615
231.655
231.694
231.734
231.783
182.257
211.626
216.296
217.193
217.739
218.075
218.376
218.686
218.995
219.284
219.543
219.775
219.984
220.174
220.35
220.514
220.672
220.825
220.974
221.12
221.262
221.395
221.52
221.638
221.757
221.877
221.996
222.113
222.227
222.339
222.452
222.567
222.683
222.802
222.921
223.04
223.161
223.284
223.411
223.54
223.673
223.809
223.946
224.086
224.226
224.367
224.508
224.648
224.788
224.926
225.063
225.198
225.331
225.462
225.592
225.72
225.847
225.974
226.099
226.225
226.35
226.475
226.601
226.727
226.853
226.98
227.107
227.235
227.363
227.492
227.62
227.749
227.878
228.007
228.135
228.262
228.389
228.515
228.64
228.764
228.886
229.006
229.125
229.242
229.357
229.47
229.581
229.689
229.795
229.899
230
230.099
230.195
230.288
230.379
230.467
230.552
230.636
230.716
230.794
230.869
230.942
231.012
231.08
231.145
231.207
231.268
231.326
231.383
231.438
231.491
231.542
231.592
231.641
231.687
231.732
231.775
231.817
231.857
231.899
231.951
182.214
211.547
216.261
217.181
217.732
218.069
218.37
218.68
218.989
219.279
219.539
219.771
219.98
220.171
220.346
220.511
220.668
220.821
220.97
221.116
221.257
221.39
221.514
221.632
221.751
221.87
221.99
222.106
222.22
222.332
222.445
222.559
222.676
222.794
222.913
223.033
223.154
223.278
223.405
223.535
223.669
223.805
223.944
224.084
224.225
224.367
224.509
224.651
224.792
224.931
225.068
225.204
225.338
225.47
225.601
225.731
225.859
225.987
226.114
226.24
226.367
226.494
226.622
226.749
226.878
227.006
227.136
227.266
227.396
227.527
227.658
227.789
227.921
228.052
228.183
228.313
228.443
228.571
228.699
228.825
228.95
229.073
229.195
229.315
229.433
229.548
229.662
229.772
229.881
229.987
230.091
230.192
230.291
230.387
230.48
230.571
230.659
230.745
230.827
230.908
230.985
231.06
231.132
231.202
231.269
231.334
231.397
231.458
231.516
231.573
231.628
231.682
231.734
231.785
231.834
231.882
231.927
231.971
232.014
232.057
232.112
182.169
211.466
216.227
217.169
217.724
218.062
218.363
218.674
218.983
219.273
219.534
219.767
219.976
220.167
220.343
220.507
220.664
220.817
220.966
221.112
221.252
221.385
221.509
221.627
221.745
221.864
221.983
222.099
222.213
222.325
222.438
222.552
222.669
222.787
222.906
223.025
223.147
223.271
223.399
223.53
223.664
223.802
223.941
224.082
224.225
224.368
224.511
224.653
224.795
224.935
225.073
225.21
225.345
225.478
225.61
225.741
225.87
225.999
226.127
226.255
226.384
226.512
226.641
226.77
226.9
227.031
227.162
227.294
227.427
227.559
227.693
227.826
227.959
228.093
228.226
228.358
228.49
228.621
228.751
228.88
229.007
229.133
229.258
229.38
229.5
229.618
229.735
229.848
229.96
230.069
230.175
230.279
230.38
230.478
230.574
230.668
230.758
230.846
230.931
231.014
231.093
231.17
231.245
231.317
231.386
231.453
231.517
231.58
231.64
231.699
231.756
231.811
231.864
231.916
231.966
232.014
232.06
232.104
232.146
232.19
232.245
182.126
211.384
216.192
217.158
217.717
218.055
218.357
218.668
218.978
219.268
219.529
219.762
219.972
220.163
220.339
220.504
220.661
220.814
220.962
221.108
221.248
221.38
221.503
221.621
221.739
221.858
221.976
222.092
222.206
222.318
222.43
222.545
222.661
222.779
222.898
223.018
223.14
223.264
223.392
223.524
223.66
223.798
223.939
224.081
224.224
224.368
224.512
224.655
224.798
224.939
225.078
225.215
225.351
225.485
225.618
225.75
225.88
226.01
226.14
226.269
226.398
226.528
226.659
226.79
226.921
227.053
227.186
227.32
227.454
227.588
227.723
227.859
227.994
228.13
228.265
228.399
228.533
228.666
228.799
228.929
229.059
229.187
229.314
229.438
229.561
229.681
229.799
229.915
230.028
230.139
230.248
230.353
230.457
230.557
230.655
230.751
230.843
230.933
231.019
231.104
231.185
231.264
231.34
231.414
231.485
231.553
231.619
231.683
231.745
231.805
231.864
231.92
231.976
232.029
232.081
232.131
232.179
232.225
232.27
232.317
232.376
182.078
211.299
216.158
217.147
217.71
218.048
218.351
218.662
218.972
219.263
219.525
219.758
219.968
220.16
220.335
220.5
220.657
220.81
220.958
221.103
221.243
221.375
221.498
221.615
221.733
221.852
221.97
222.085
222.198
222.31
222.423
222.537
222.654
222.772
222.89
223.01
223.132
223.257
223.386
223.519
223.655
223.794
223.936
224.079
224.223
224.368
224.513
224.657
224.8
224.942
225.082
225.22
225.357
225.492
225.625
225.758
225.889
226.02
226.151
226.281
226.412
226.543
226.675
226.807
226.94
227.073
227.208
227.343
227.478
227.614
227.751
227.888
228.024
228.161
228.298
228.434
228.57
228.705
228.839
228.972
229.103
229.233
229.361
229.488
229.612
229.735
229.855
229.973
230.088
230.201
230.312
230.419
230.524
230.627
230.726
230.824
230.917
231.009
231.098
231.184
231.267
231.347
231.425
231.5
231.572
231.642
231.71
231.775
231.839
231.9
231.959
232.017
232.073
232.127
232.18
232.23
232.278
232.324
232.369
232.414
232.472
182.028
211.213
216.124
217.136
217.702
218.042
218.345
218.656
218.967
219.258
219.52
219.754
219.964
220.156
220.332
220.496
220.653
220.806
220.954
221.099
221.238
221.37
221.492
221.609
221.726
221.845
221.963
222.078
222.191
222.303
222.415
222.529
222.646
222.764
222.883
223.003
223.125
223.25
223.38
223.513
223.65
223.79
223.933
224.077
224.222
224.368
224.514
224.659
224.803
224.945
225.086
225.225
225.362
225.498
225.632
225.765
225.898
226.029
226.161
226.292
226.424
226.556
226.689
226.822
226.956
227.091
227.226
227.362
227.499
227.636
227.774
227.912
228.05
228.189
228.327
228.465
228.602
228.738
228.873
229.008
229.141
229.272
229.402
229.53
229.656
229.779
229.901
230.02
230.137
230.252
230.363
230.473
230.579
230.683
230.784
230.882
230.977
231.071
231.16
231.248
231.332
231.413
231.492
231.568
231.641
231.712
231.781
231.847
231.911
231.973
232.034
232.092
232.15
232.205
232.258
232.309
232.359
232.406
232.453
232.501
232.562
181.975
211.124
216.09
217.126
217.695
218.035
218.339
218.651
218.961
219.253
219.515
219.749
219.96
220.152
220.328
220.493
220.65
220.802
220.95
221.094
221.233
221.364
221.487
221.603
221.72
221.839
221.956
222.071
222.184
222.295
222.408
222.522
222.638
222.756
222.875
222.995
223.117
223.243
223.373
223.507
223.645
223.786
223.93
224.075
224.221
224.367
224.514
224.66
224.805
224.948
225.089
225.228
225.366
225.503
225.638
225.772
225.905
226.038
226.17
226.302
226.435
226.568
226.701
226.835
226.97
227.106
227.242
227.379
227.517
227.655
227.793
227.932
228.072
228.211
228.35
228.488
228.627
228.764
228.9
229.036
229.17
229.302
229.434
229.563
229.69
229.815
229.938
230.059
230.177
230.292
230.405
230.516
230.623
230.728
230.83
230.929
231.026
231.12
231.21
231.298
231.384
231.466
231.546
231.623
231.697
231.768
231.838
231.905
231.97
232.032
232.094
232.153
232.21
232.266
232.319
232.371
232.42
232.467
232.513
232.56
232.621
181.924
211.034
216.057
217.116
217.688
218.029
218.333
218.645
218.956
219.248
219.51
219.745
219.956
220.148
220.324
220.489
220.646
220.798
220.946
221.09
221.228
221.359
221.481
221.597
221.714
221.832
221.949
222.064
222.176
222.288
222.4
222.514
222.63
222.748
222.866
222.987
223.109
223.236
223.367
223.502
223.641
223.782
223.927
224.072
224.219
224.367
224.514
224.661
224.806
224.95
225.092
225.232
225.37
225.507
225.643
225.778
225.911
226.044
226.177
226.31
226.443
226.577
226.711
226.846
226.981
227.117
227.254
227.392
227.53
227.669
227.808
227.948
228.088
228.228
228.367
228.507
228.646
228.784
228.921
229.057
229.192
229.325
229.457
229.587
229.715
229.841
229.964
230.086
230.204
230.321
230.434
230.545
230.653
230.759
230.862
230.962
231.059
231.153
231.244
231.333
231.419
231.502
231.581
231.659
231.733
231.805
231.875
231.942
232.007
232.07
232.132
232.191
232.249
232.304
232.359
232.41
232.461
232.507
232.555
232.6
232.664
181.869
210.941
216.024
217.106
217.681
218.023
218.327
218.639
218.95
219.243
219.506
219.741
219.952
220.144
220.321
220.485
220.642
220.794
220.942
221.085
221.223
221.354
221.475
221.591
221.708
221.825
221.942
222.056
222.169
222.28
222.392
222.506
222.622
222.739
222.858
222.979
223.102
223.229
223.36
223.496
223.636
223.778
223.923
224.07
224.218
224.366
224.514
224.661
224.807
224.951
225.094
225.235
225.374
225.511
225.647
225.782
225.917
226.05
226.184
226.317
226.451
226.585
226.719
226.854
226.99
227.127
227.264
227.402
227.541
227.68
227.819
227.959
228.099
228.239
228.379
228.519
228.658
228.796
228.934
229.07
229.206
229.339
229.472
229.602
229.73
229.857
229.981
230.102
230.222
230.338
230.452
230.564
230.672
230.778
230.881
230.981
231.078
231.173
231.265
231.353
231.439
231.522
231.602
231.68
231.754
231.826
231.896
231.963
232.029
232.092
232.154
232.213
232.271
232.326
232.38
232.431
232.481
232.527
232.575
232.618
232.685
181.817
210.845
215.991
217.096
217.675
218.016
218.321
218.633
218.945
219.237
219.501
219.736
219.948
220.141
220.317
220.482
220.639
220.79
220.938
221.081
221.218
221.348
221.469
221.585
221.701
221.818
221.935
222.049
222.161
222.272
222.384
222.498
222.614
222.731
222.85
222.97
223.094
223.221
223.353
223.49
223.63
223.774
223.92
224.067
224.216
224.365
224.514
224.662
224.808
224.953
225.096
225.237
225.376
225.514
225.651
225.786
225.921
226.055
226.188
226.322
226.456
226.59
226.725
226.861
226.996
227.133
227.27
227.408
227.547
227.686
227.825
227.965
228.105
228.245
228.385
228.525
228.664
228.802
228.94
229.077
229.212
229.346
229.478
229.608
229.736
229.863
229.987
230.108
230.228
230.344
230.458
230.57
230.678
230.784
230.887
230.988
231.085
231.179
231.271
231.359
231.445
231.528
231.608
231.685
231.76
231.832
231.901
231.968
232.034
232.097
232.158
232.217
232.275
232.33
232.384
232.435
232.485
232.531
232.578
232.619
232.688
181.759
210.747
215.959
217.087
217.668
218.01
218.315
218.628
218.94
219.232
219.496
219.732
219.944
220.137
220.313
220.478
220.635
220.786
220.933
221.076
221.213
221.343
221.463
221.579
221.695
221.811
221.927
222.041
222.153
222.264
222.376
222.489
222.605
222.722
222.841
222.962
223.086
223.214
223.346
223.484
223.625
223.77
223.916
224.065
224.214
224.364
224.513
224.662
224.808
224.953
225.097
225.238
225.378
225.516
225.653
225.789
225.924
226.058
226.192
226.326
226.46
226.594
226.729
226.864
227
227.137
227.274
227.411
227.55
227.688
227.828
227.967
228.107
228.247
228.386
228.526
228.665
228.803
228.941
229.077
229.212
229.346
229.478
229.608
229.735
229.861
229.985
230.106
230.224
230.34
230.453
230.563
230.671
230.776
230.878
230.977
231.073
231.167
231.257
231.345
231.43
231.512
231.591
231.667
231.74
231.811
231.88
231.946
232.01
232.072
232.133
232.19
232.247
232.301
232.354
232.404
232.453
232.499
232.545
232.584
232.655
181.704
210.645
215.927
217.078
217.661
218.004
218.309
218.622
218.934
219.227
219.491
219.727
219.94
220.133
220.309
220.474
220.631
220.782
220.929
221.071
221.208
221.337
221.457
221.573
221.688
221.804
221.92
222.033
222.145
222.256
222.368
222.481
222.597
222.714
222.832
222.953
223.077
223.206
223.339
223.477
223.62
223.765
223.913
224.062
224.212
224.362
224.512
224.661
224.808
224.954
225.097
225.239
225.379
225.518
225.655
225.79
225.925
226.06
226.194
226.328
226.462
226.596
226.731
226.866
227.001
227.138
227.274
227.412
227.549
227.687
227.825
227.963
228.102
228.24
228.378
228.516
228.654
228.791
228.927
229.062
229.196
229.328
229.459
229.588
229.715
229.84
229.963
230.084
230.202
230.318
230.431
230.541
230.649
230.754
230.855
230.954
231.05
231.143
231.233
231.321
231.405
231.486
231.565
231.641
231.714
231.784
231.852
231.918
231.981
232.042
232.102
232.159
232.215
232.269
232.321
232.37
232.418
232.462
232.507
232.542
232.614
181.642
210.541
215.895
217.069
217.654
217.998
218.303
218.617
218.929
219.222
219.486
219.723
219.936
220.129
220.306
220.47
220.627
220.778
220.925
221.067
221.203
221.332
221.451
221.566
221.681
221.797
221.913
222.026
222.137
222.248
222.359
222.472
222.588
222.705
222.824
222.944
223.069
223.198
223.332
223.471
223.614
223.76
223.909
224.059
224.21
224.361
224.511
224.66
224.808
224.953
225.097
225.239
225.38
225.518
225.655
225.791
225.926
226.061
226.195
226.329
226.462
226.597
226.731
226.865
227
227.135
227.27
227.406
227.543
227.68
227.817
227.955
228.093
228.23
228.368
228.505
228.642
228.778
228.913
229.047
229.18
229.311
229.441
229.569
229.695
229.819
229.94
230.059
230.176
230.29
230.401
230.509
230.615
230.718
230.818
230.916
231.01
231.102
231.19
231.276
231.358
231.438
231.515
231.589
231.661
231.73
231.796
231.86
231.923
231.983
232.041
232.097
232.152
232.204
232.255
232.304
232.351
232.395
232.438
232.472
232.545
181.582
210.433
215.864
217.06
217.648
217.992
218.298
218.611
218.923
219.217
219.482
219.718
219.931
220.125
220.302
220.466
220.623
220.774
220.92
221.062
221.198
221.326
221.445
221.56
221.675
221.79
221.905
222.018
222.129
222.239
222.351
222.464
222.579
222.696
222.815
222.936
223.06
223.19
223.325
223.465
223.608
223.755
223.905
224.055
224.207
224.359
224.509
224.659
224.807
224.953
225.097
225.239
225.379
225.518
225.655
225.791
225.926
226.06
226.194
226.327
226.461
226.594
226.727
226.861
226.995
227.129
227.264
227.399
227.535
227.67
227.806
227.941
228.077
228.213
228.349
228.484
228.619
228.753
228.886
229.018
229.149
229.278
229.406
229.532
229.657
229.779
229.899
230.017
230.132
230.245
230.355
230.463
230.567
230.669
230.768
230.865
230.958
231.048
231.136
231.22
231.302
231.381
231.457
231.53
231.6
231.668
231.733
231.796
231.857
231.915
231.973
232.027
232.081
232.131
232.181
232.228
232.273
232.316
232.358
232.388
232.461
181.516
210.322
215.833
217.052
217.641
217.986
218.292
218.605
218.918
219.212
219.477
219.714
219.927
220.121
220.298
220.463
220.619
220.77
220.916
221.057
221.192
221.32
221.439
221.553
221.668
221.783
221.897
222.01
222.121
222.231
222.342
222.455
222.57
222.687
222.805
222.927
223.052
223.182
223.318
223.458
223.603
223.75
223.9
224.052
224.204
224.356
224.507
224.657
224.805
224.951
225.096
225.238
225.378
225.517
225.654
225.789
225.924
226.058
226.192
226.325
226.458
226.59
226.723
226.855
226.988
227.121
227.254
227.387
227.521
227.655
227.789
227.923
228.057
228.192
228.325
228.459
228.592
228.724
228.855
228.985
229.114
229.242
229.367
229.492
229.614
229.734
229.852
229.967
230.08
230.191
230.299
230.405
230.507
230.607
230.704
230.799
230.89
230.979
231.064
231.147
231.227
231.303
231.378
231.449
231.517
231.584
231.647
231.709
231.768
231.825
231.881
231.934
231.986
232.036
232.084
232.129
232.173
232.215
232.256
232.284
232.357
181.453
210.206
215.803
217.044
217.635
217.98
218.286
218.6
218.912
219.206
219.472
219.709
219.923
220.117
220.294
220.459
220.615
220.766
220.911
221.052
221.187
221.314
221.433
221.547
221.661
221.776
221.89
222.002
222.112
222.222
222.333
222.446
222.561
222.678
222.796
222.917
223.043
223.174
223.31
223.451
223.597
223.745
223.896
224.048
224.201
224.354
224.505
224.655
224.803
224.95
225.094
225.236
225.376
225.515
225.652
225.787
225.922
226.055
226.188
226.32
226.452
226.584
226.715
226.847
226.978
227.11
227.241
227.373
227.505
227.636
227.768
227.9
228.032
228.164
228.295
228.426
228.556
228.686
228.814
228.942
229.068
229.193
229.316
229.438
229.557
229.675
229.79
229.904
230.015
230.123
230.229
230.333
230.434
230.532
230.627
230.719
230.809
230.896
230.98
231.061
231.139
231.215
231.287
231.357
231.424
231.489
231.551
231.611
231.669
231.724
231.778
231.83
231.881
231.929
231.975
232.019
232.062
232.102
232.142
232.168
232.24
181.382
210.088
215.774
217.036
217.629
217.974
218.281
218.594
218.907
219.201
219.467
219.705
219.919
220.113
220.29
220.455
220.611
220.762
220.907
221.047
221.182
221.309
221.427
221.54
221.654
221.768
221.882
221.993
222.104
222.214
222.324
222.437
222.552
222.668
222.787
222.908
223.034
223.165
223.302
223.444
223.591
223.74
223.891
224.044
224.198
224.351
224.502
224.653
224.801
224.947
225.092
225.234
225.374
225.512
225.649
225.784
225.918
226.051
226.183
226.315
226.446
226.576
226.706
226.836
226.966
227.095
227.225
227.354
227.484
227.613
227.743
227.873
228.002
228.131
228.259
228.388
228.515
228.641
228.767
228.892
229.015
229.137
229.257
229.376
229.493
229.608
229.72
229.831
229.939
230.045
230.149
230.25
230.348
230.444
230.537
230.627
230.714
230.799
230.881
230.96
231.036
231.11
231.181
231.249
231.314
231.377
231.438
231.496
231.552
231.607
231.659
231.71
231.759
231.806
231.851
231.893
231.934
231.973
232.013
232.037
232.11
181.315
209.963
215.745
217.028
217.622
217.968
218.275
218.589
218.901
219.196
219.462
219.7
219.914
220.109
220.286
220.451
220.607
220.757
220.902
221.042
221.176
221.303
221.42
221.534
221.647
221.761
221.874
221.985
222.095
222.205
222.315
222.428
222.542
222.659
222.777
222.899
223.025
223.157
223.295
223.437
223.584
223.734
223.887
224.04
224.194
224.347
224.499
224.65
224.798
224.945
225.089
225.231
225.371
225.508
225.645
225.779
225.913
226.045
226.177
226.307
226.437
226.566
226.695
226.823
226.951
227.079
227.206
227.333
227.46
227.587
227.714
227.841
227.967
228.093
228.218
228.343
228.467
228.59
228.712
228.833
228.953
229.072
229.189
229.304
229.417
229.529
229.638
229.746
229.851
229.954
230.054
230.153
230.248
230.341
230.432
230.52
230.605
230.688
230.768
230.845
230.92
230.991
231.061
231.127
231.191
231.253
231.312
231.369
231.424
231.477
231.528
231.578
231.626
231.671
231.715
231.756
231.796
231.833
231.873
231.897
231.971
181.24
209.834
215.717
217.02
217.616
217.962
218.27
218.583
218.896
219.191
219.457
219.696
219.91
220.104
220.282
220.447
220.603
220.753
220.897
221.037
221.171
221.297
221.414
221.527
221.639
221.753
221.866
221.977
222.086
222.196
222.306
222.418
222.533
222.649
222.767
222.889
223.016
223.149
223.287
223.43
223.578
223.729
223.882
224.036
224.19
224.344
224.496
224.647
224.795
224.941
225.085
225.227
225.366
225.504
225.64
225.774
225.907
226.038
226.169
226.298
226.427
226.555
226.682
226.808
226.934
227.059
227.184
227.308
227.432
227.556
227.68
227.804
227.927
228.049
228.171
228.292
228.412
228.532
228.65
228.767
228.883
228.998
229.111
229.223
229.332
229.44
229.546
229.65
229.752
229.852
229.949
230.045
230.137
230.228
230.315
230.401
230.483
230.564
230.641
230.716
230.789
230.859
230.926
230.991
231.053
231.113
231.171
231.227
231.28
231.332
231.382
231.431
231.478
231.522
231.565
231.604
231.642
231.676
231.718
231.745
231.82
181.168
209.698
215.689
217.013
217.61
217.956
218.264
218.578
218.891
219.185
219.452
219.691
219.906
220.1
220.278
220.442
220.599
220.749
220.893
221.032
221.165
221.291
221.408
221.52
221.632
221.745
221.857
221.968
222.078
222.187
222.297
222.409
222.523
222.639
222.757
222.88
223.007
223.14
223.279
223.423
223.572
223.723
223.877
224.031
224.186
224.34
224.492
224.643
224.791
224.937
225.081
225.223
225.362
225.499
225.634
225.767
225.9
226.03
226.16
226.288
226.415
226.541
226.666
226.791
226.914
227.037
227.159
227.281
227.402
227.523
227.643
227.763
227.882
228.001
228.119
228.236
228.352
228.467
228.582
228.695
228.806
228.917
229.025
229.132
229.238
229.342
229.443
229.543
229.641
229.737
229.83
229.922
230.011
230.098
230.183
230.265
230.345
230.423
230.499
230.572
230.642
230.71
230.776
230.839
230.9
230.959
231.016
231.07
231.123
231.174
231.224
231.272
231.318
231.362
231.403
231.441
231.477
231.508
231.553
231.585
231.664
181.079
209.558
215.662
217.006
217.604
217.951
218.259
218.572
218.885
219.18
219.447
219.686
219.901
220.096
220.273
220.438
220.594
220.744
220.888
221.027
221.159
221.284
221.401
221.513
221.625
221.737
221.849
221.959
222.069
222.178
222.288
222.399
222.513
222.629
222.747
222.87
222.997
223.131
223.271
223.416
223.565
223.717
223.871
224.027
224.182
224.336
224.488
224.639
224.787
224.933
225.077
225.217
225.356
225.493
225.627
225.76
225.891
226.021
226.149
226.276
226.402
226.526
226.649
226.771
226.892
227.012
227.131
227.25
227.368
227.485
227.602
227.717
227.833
227.947
228.061
228.173
228.285
228.396
228.505
228.613
228.72
228.826
228.93
229.033
229.133
229.233
229.33
229.426
229.519
229.611
229.701
229.789
229.874
229.958
230.039
230.119
230.195
230.27
230.343
230.413
230.481
230.547
230.61
230.672
230.731
230.788
230.844
230.897
230.949
230.999
231.048
231.095
231.141
231.184
231.224
231.26
231.294
231.324
231.372
231.411
231.495
219.442
219.682
219.897
220.092
220.269
220.434
220.59
220.74
220.883
221.021
221.154
221.278
221.395
221.506
221.617
221.73
221.841
221.951
222.06
222.169
222.278
222.39
222.503
222.619
222.737
222.86
222.988
223.122
223.263
223.409
223.559
223.711
223.866
224.022
224.177
224.331
224.484
224.634
224.783
224.928
225.071
225.212
225.35
225.486
225.62
225.752
225.882
226.011
226.138
226.263
226.387
226.509
226.63
226.75
226.868
226.985
227.101
227.217
227.331
227.445
227.558
227.67
227.781
227.891
228
228.108
228.215
228.32
228.425
228.528
228.63
228.73
228.829
228.926
229.021
229.115
229.207
229.297
229.386
229.472
229.557
229.64
229.721
229.801
229.878
229.954
230.027
230.099
230.168
230.236
230.301
230.365
230.426
230.486
230.544
230.6
230.654
230.706
230.757
230.807
230.856
230.903
230.948
230.991
231.03
231.064
231.097
231.124
231.177
231.228
231.321
219.437
219.677
219.893
220.088
220.265
220.43
220.586
220.735
220.879
221.016
221.148
221.272
221.388
221.499
221.61
221.722
221.833
221.942
222.051
222.16
222.269
222.38
222.493
222.609
222.728
222.851
222.979
223.114
223.255
223.402
223.552
223.706
223.861
224.017
224.173
224.327
224.479
224.63
224.778
224.923
225.066
225.206
225.343
225.479
225.612
225.743
225.872
226
226.126
226.249
226.371
226.492
226.61
226.727
226.843
226.957
227.07
227.182
227.293
227.403
227.511
227.619
227.725
227.831
227.935
228.038
228.139
228.24
228.339
228.436
228.532
228.627
228.72
228.812
228.902
228.99
229.077
229.162
229.245
229.327
229.407
229.485
229.561
229.636
229.709
229.78
229.849
229.916
229.981
230.045
230.107
230.167
230.225
230.282
230.336
230.39
230.442
230.492
230.542
230.59
230.638
230.684
230.729
230.77
230.808
230.84
230.872
230.899
230.958
231.018
231.12
219.432
219.672
219.888
220.084
220.261
220.426
220.582
220.731
220.874
221.011
221.143
221.267
221.382
221.493
221.603
221.714
221.825
221.934
222.042
222.151
222.26
222.371
222.484
222.599
222.718
222.841
222.97
223.106
223.247
223.395
223.546
223.7
223.856
224.012
224.168
224.322
224.475
224.625
224.773
224.918
225.06
225.199
225.336
225.471
225.603
225.734
225.862
225.988
226.112
226.235
226.355
226.473
226.589
226.704
226.817
226.928
227.038
227.147
227.254
227.36
227.464
227.568
227.67
227.77
227.87
227.968
228.064
228.159
228.253
228.345
228.435
228.524
228.611
228.697
228.78
228.863
228.943
229.022
229.099
229.174
229.248
229.32
229.39
229.459
229.527
229.592
229.657
229.719
229.78
229.839
229.897
229.953
230.007
230.06
230.112
230.162
230.21
230.258
230.305
230.351
230.397
230.441
230.484
230.523
230.558
230.589
230.621
230.65
230.713
230.775
230.884
219.427
219.668
219.884
220.079
220.257
220.422
220.578
220.727
220.869
221.006
221.137
221.261
221.376
221.486
221.596
221.707
221.817
221.925
222.034
222.142
222.251
222.361
222.474
222.589
222.708
222.832
222.961
223.097
223.24
223.387
223.539
223.694
223.85
224.007
224.163
224.317
224.47
224.62
224.767
224.912
225.053
225.192
225.329
225.462
225.594
225.723
225.851
225.976
226.098
226.219
226.337
226.453
226.567
226.679
226.789
226.897
227.004
227.109
227.212
227.314
227.414
227.513
227.611
227.706
227.801
227.893
227.985
228.074
228.162
228.249
228.333
228.416
228.498
228.577
228.656
228.732
228.807
228.88
228.952
229.022
229.091
229.158
229.223
229.287
229.349
229.41
229.469
229.527
229.583
229.637
229.69
229.741
229.79
229.838
229.884
229.929
229.973
230.016
230.058
230.1
230.141
230.181
230.218
230.253
230.284
230.312
230.343
230.374
230.435
230.488
230.598
219.423
219.663
219.88
220.075
220.253
220.418
220.574
220.722
220.865
221.001
221.132
221.255
221.369
221.479
221.589
221.699
221.808
221.917
222.025
222.133
222.241
222.352
222.464
222.579
222.698
222.822
222.952
223.089
223.232
223.38
223.533
223.688
223.845
224.002
224.158
224.312
224.464
224.614
224.761
224.905
225.046
225.185
225.32
225.453
225.584
225.712
225.838
225.962
226.083
226.202
226.318
226.432
226.544
226.653
226.76
226.865
226.968
227.07
227.169
227.267
227.363
227.457
227.55
227.641
227.73
227.817
227.903
227.987
228.07
228.15
228.229
228.306
228.382
228.455
228.527
228.598
228.666
228.733
228.798
228.862
228.925
228.986
229.046
229.104
229.162
229.218
229.273
229.327
229.379
229.43
229.479
229.527
229.573
229.618
229.661
229.702
229.743
229.782
229.82
229.858
229.895
229.929
229.961
229.989
230.014
230.037
230.066
230.095
230.148
230.187
230.294
219.418
219.659
219.875
220.071
220.249
220.414
220.569
220.718
220.86
220.996
221.126
221.248
221.363
221.472
221.581
221.691
221.8
221.908
222.016
222.123
222.232
222.342
222.454
222.569
222.688
222.812
222.942
223.08
223.224
223.373
223.526
223.682
223.839
223.996
224.152
224.307
224.459
224.608
224.755
224.898
225.039
225.176
225.311
225.443
225.573
225.7
225.825
225.947
226.067
226.184
226.298
226.41
226.518
226.625
226.729
226.831
226.93
227.028
227.123
227.216
227.307
227.397
227.484
227.57
227.653
227.735
227.815
227.893
227.969
228.044
228.116
228.187
228.256
228.323
228.389
228.453
228.515
228.576
228.635
228.693
228.75
228.806
228.86
228.913
228.965
229.016
229.066
229.115
229.162
229.208
229.253
229.297
229.339
229.379
229.418
229.455
229.491
229.525
229.557
229.589
229.618
229.644
229.666
229.682
229.695
229.707
229.733
229.76
229.795
229.807
229.872
222.443
222.559
222.677
222.802
222.933
223.071
223.215
223.365
223.519
223.675
223.833
223.99
224.146
224.301
224.453
224.602
224.748
224.891
225.031
225.167
225.301
225.433
225.561
225.687
225.811
225.932
226.049
226.164
226.276
226.385
226.492
226.595
226.696
226.795
226.891
226.984
227.075
227.164
227.25
227.335
227.417
227.497
227.575
227.651
227.725
227.797
227.867
227.935
228.001
228.065
228.127
228.187
228.245
228.301
228.355
228.408
228.458
228.508
228.556
228.603
228.649
228.694
228.738
228.782
228.824
228.867
228.908
228.949
228.989
229.028
229.066
229.103
229.138
229.172
229.204
229.236
229.266
229.295
229.322
229.346
229.365
229.38
229.393
229.401
229.43
229.456
229.483
229.49
229.522
223.207
223.358
223.512
223.669
223.827
223.984
224.141
224.295
224.446
224.595
224.741
224.883
225.022
225.158
225.291
225.421
225.549
225.674
225.796
225.915
226.031
226.144
226.254
226.36
226.464
226.564
226.662
226.757
226.849
226.938
227.025
227.109
227.19
227.269
227.346
227.42
227.492
227.562
227.629
227.694
227.757
227.818
227.877
227.934
227.988
228.04
228.091
228.139
228.186
228.231
228.274
228.316
228.356
228.395
228.433
228.47
228.506
228.541
228.575
228.609
228.643
228.677
228.71
228.743
228.776
228.809
228.841
228.873
228.904
228.934
228.964
228.992
229.019
229.044
229.064
229.078
229.09
229.089
229.114
229.134
229.154
229.164
229.188
223.35
223.505
223.663
223.821
223.978
224.135
224.289
224.44
224.588
224.733
224.875
225.013
225.148
225.28
225.409
225.536
225.659
225.78
225.897
226.011
226.122
226.23
226.334
226.435
226.532
226.627
226.718
226.807
226.892
226.974
227.053
227.13
227.203
227.275
227.343
227.41
227.473
227.534
227.593
227.65
227.704
227.755
227.805
227.851
227.896
227.938
227.978
228.016
228.051
228.085
228.117
228.147
228.175
228.201
228.227
228.251
228.274
228.297
228.32
228.344
228.368
228.395
228.423
228.454
228.488
228.525
228.565
228.608
228.652
228.696
228.737
228.772
228.802
228.829
228.855
228.88
228.9
228.927
228.943
228.961
228.963
228.976
223.343
223.498
223.656
223.815
223.972
224.128
224.282
224.433
224.581
224.725
224.866
225.003
225.138
225.269
225.397
225.522
225.644
225.763
225.879
225.991
226.1
226.205
226.307
226.405
226.5
226.592
226.68
226.764
226.845
226.923
226.998
227.07
227.139
227.205
227.268
227.328
227.386
227.44
227.493
227.542
227.589
227.634
227.675
227.715
227.752
227.786
227.818
227.848
227.875
227.901
227.924
227.945
227.965
227.982
227.998
228.013
228.026
228.038
228.05
228.061
228.074
228.087
228.104
228.123
228.147
228.175
228.209
228.25
228.299
228.353
228.403
228.442
228.472
228.509
228.56
228.63
228.714
228.826
228.93
229.011
229.067
229.087
223.336
223.492
223.65
223.809
223.966
224.123
224.276
224.427
224.574
224.718
224.858
224.994
225.128
225.258
225.385
225.509
225.63
225.748
225.862
225.973
226.081
226.184
226.284
226.38
226.472
226.561
226.646
226.727
226.805
226.879
226.95
227.017
227.081
227.142
227.2
227.255
227.307
227.356
227.403
227.447
227.489
227.527
227.563
227.597
227.628
227.657
227.683
227.708
227.729
227.749
227.766
227.781
227.794
227.805
227.814
227.82
227.825
227.826
227.823
227.818
227.809
227.799
227.788
227.775
227.761
227.747
227.74
227.75
227.805
227.916
228.068
228.241
228.419
228.594
228.753
228.916
229.151
229.49
229.93
230.418
230.81
231.022
)
;

boundaryField
{
    inlet
    {
        type            fixedValue;
        value           uniform 223;
    }
    obstacle
    {
        type            zeroGradient;
    }
    bottom
    {
        type            symmetry;
    }
    outlet
    {
        type            inletOutlet;
        inletValue      nonuniform List<scalar> 0();
        value           nonuniform List<scalar> 0();
    }
    top
    {
        type            symmetry;
    }
    defaultFaces
    {
        type            empty;
    }
    procBoundary1to0
    {
        type            processor;
        value           nonuniform List<scalar> 
90
(
180.956
209.411
215.637
216.999
217.598
217.945
218.253
218.567
218.88
219.175
219.175
219.17
219.165
219.16
219.154
219.149
219.412
219.654
219.871
220.067
220.245
220.41
220.565
220.713
220.855
220.991
221.12
221.242
221.356
221.465
221.574
221.683
221.791
221.899
222.006
222.114
222.222
222.331
222.331
222.433
222.548
222.667
222.792
222.923
223.062
223.062
223.199
223.199
223.191
223.183
223.277
223.437
223.597
223.755
223.912
224.064
224.213
224.357
224.497
224.632
224.763
224.889
225.011
225.13
225.244
225.355
225.463
225.567
225.668
225.765
225.859
225.949
226.037
226.121
226.202
226.28
226.354
226.425
226.491
226.554
226.613
226.668
226.719
226.765
226.808
226.846
226.88
226.91
226.936
226.958
)
;
    }
    procBoundary1to2
    {
        type            processor;
        value           nonuniform List<scalar> 
42
(
226.977
226.992
227.004
227.012
227.018
227.021
227.021
227.019
227.016
227.01
227.002
226.992
226.981
226.967
226.951
226.931
226.906
226.88
226.847
226.808
226.762
226.712
226.662
226.616
226.58
226.56
226.556
226.577
226.664
226.835
227.096
227.429
227.826
228.268
228.763
229.336
230.002
230.753
231.565
232.445
233.331
234.027
)
;
    }
    procBoundary1to7
    {
        type            processor;
        value           nonuniform List<scalar> 
126
(
187.728
214.795
218.337
218.337
218.391
218.538
218.729
218.948
219.193
219.444
219.68
219.893
220.084
220.261
220.428
220.59
220.749
220.905
221.059
221.213
221.368
221.523
221.674
221.815
221.943
222.066
222.189
222.316
222.44
222.559
222.672
222.783
222.895
223.009
223.125
223.242
223.358
223.474
223.588
223.702
223.816
223.928
224.038
224.147
224.253
224.357
224.459
224.558
224.654
224.746
224.835
224.915
224.915
224.994
225.065
225.065
225.133
225.193
225.193
225.248
225.296
225.337
225.37
225.396
225.414
225.425
225.428
225.423
225.411
225.392
225.365
225.333
225.294
225.249
225.199
225.143
225.083
225.019
224.95
224.878
224.804
224.726
224.646
224.565
224.482
224.398
224.313
224.228
224.142
224.057
223.972
223.888
223.805
223.722
223.641
223.561
223.482
223.405
223.329
223.255
223.183
223.113
223.045
222.978
222.914
222.851
222.791
222.732
222.675
222.62
222.566
222.515
222.465
222.417
222.371
222.328
222.286
222.247
222.21
222.175
222.141
222.112
222.082
222.185
222.185
222.128
)
;
    }
}


// ************************************************************************* //
