/*--------------------------------*- C++ -*----------------------------------*\
| =========                 |                                                 |
| \\      /  F ield         | OpenFOAM: The Open Source CFD Toolbox           |
|  \\    /   O peration     | Version:  2412                                  |
|   \\  /    A nd           | Website:  www.openfoam.com                      |
|    \\/     M anipulation  |                                                 |
\*---------------------------------------------------------------------------*/
FoamFile
{
    version     2.0;
    format      ascii;
    arch        "LSB;label=32;scalar=64";
    class       volScalarField;
    location    "0.086";
    object      p;
}
// * * * * * * * * * * * * * * * * * * * * * * * * * * * * * * * * * * * * * //

dimensions      [1 -1 -2 0 0 0 0];

internalField   nonuniform List<scalar> 
9859
(
2800.68
2801.06
2800.63
2799.86
2799.14
2797.97
2796.5
2794.52
2792.35
2789.32
2787.97
2784.7
2783.75
2784.95
2786.46
2788.61
2790.75
2792.59
2794.28
2794.41
2796.27
2797.1
2797.29
2797.66
2797.82
2797.91
2798.06
2798.19
2798.3
2798.44
2798.53
2798.55
2798.56
2798.57
2798.63
2798.78
2799.05
2799.42
2799.87
2800.32
2800.71
2800.95
2801.06
2801.06
2800.98
2800.86
2800.72
2800.6
2800.53
2800.52
2800.57
2800.66
2800.79
2800.95
2801.12
2801.26
2801.34
2801.34
2801.33
2801.35
2801.43
2801.54
2801.7
2801.98
2802.35
2802.62
2802.67
2802.72
2802.98
2800.82
2801.17
2800.74
2799.96
2799.23
2798.05
2796.57
2794.57
2792.38
2789.3
2787.95
2784.74
2783.82
2785.01
2786.53
2788.69
2790.82
2792.67
2794.4
2794.48
2796.37
2797.16
2797.37
2797.73
2797.89
2797.98
2798.14
2798.27
2798.38
2798.52
2798.61
2798.63
2798.64
2798.66
2798.72
2798.87
2799.13
2799.51
2799.96
2800.41
2800.8
2801.04
2801.15
2801.15
2801.07
2800.95
2800.82
2800.7
2800.63
2800.62
2800.66
2800.74
2800.87
2801.03
2801.22
2801.4
2801.52
2801.56
2801.53
2801.5
2801.52
2801.58
2801.7
2801.93
2802.28
2802.6
2802.66
2802.59
2802.76
2803.32
2803.73
2803.62
2803.25
2802.94
2802.99
2803.12
2803.09
2803.12
2803.26
2803.51
2803.8
2804.13
2804.57
2805.1
2805.56
2805.89
2806.03
2806.04
2805.95
2805.77
2805.49
2805.13
2804.71
2804.22
2803.63
2802.97
2802.17
2801.31
2800.42
2799.55
2798.55
2797.68
2796.62
2796.13
2795.77
2795.55
2796.05
2796.86
2799.14
2802.58
2806.5
2808.9
2800.97
2801.3
2800.85
2800.07
2799.32
2798.14
2796.64
2794.63
2792.39
2789.3
2787.93
2784.79
2783.89
2785.07
2786.61
2788.77
2790.9
2792.75
2794.53
2794.58
2796.46
2797.23
2797.45
2797.81
2797.97
2798.07
2798.22
2798.35
2798.47
2798.61
2798.69
2798.72
2798.73
2798.75
2798.81
2798.96
2799.22
2799.6
2800.06
2800.51
2800.89
2801.13
2801.24
2801.25
2801.17
2801.05
2800.91
2800.8
2800.73
2800.72
2800.76
2800.84
2800.96
2801.12
2801.31
2801.52
2801.69
2801.77
2801.76
2801.71
2801.68
2801.7
2801.77
2801.93
2802.2
2802.5
2802.6
2802.48
2802.52
2803.09
2803.73
2803.98
2803.86
2803.53
2803.29
2803.42
2803.8
2803.87
2803.51
2803.47
2803.6
2803.45
2803.36
2803.27
2803.23
2803.26
2803.4
2803.65
2803.93
2804.27
2804.71
2805.22
2805.68
2806.02
2806.15
2806.15
2806.06
2805.87
2805.58
2805.22
2804.79
2804.28
2803.69
2803.01
2802.2
2801.32
2800.41
2799.51
2798.47
2797.57
2796.48
2795.95
2795.53
2795.23
2795.67
2796.31
2798.45
2801.59
2804.97
2806.25
2801.13
2801.43
2800.97
2800.18
2799.42
2798.24
2796.72
2794.69
2792.41
2789.3
2787.91
2784.84
2783.97
2785.14
2786.69
2788.85
2790.98
2792.84
2794.66
2794.69
2796.55
2797.3
2797.54
2797.89
2798.05
2798.15
2798.3
2798.43
2798.56
2798.7
2798.78
2798.81
2798.83
2798.84
2798.9
2799.05
2799.32
2799.7
2800.16
2800.61
2800.99
2801.22
2801.34
2801.35
2801.27
2801.15
2801.02
2800.9
2800.83
2800.82
2800.86
2800.94
2801.05
2801.21
2801.4
2801.61
2801.81
2801.95
2801.99
2801.95
2801.92
2801.92
2801.96
2802.03
2802.17
2802.4
2802.56
2802.49
2802.41
2802.8
2803.43
2803.96
2804.2
2804.1
2803.78
2803.55
2803.74
2804.03
2803.86
2803.65
2803.79
2803.57
2803.51
2803.43
2803.38
2803.41
2803.55
2803.79
2804.07
2804.43
2804.86
2805.35
2805.8
2806.15
2806.28
2806.27
2806.17
2805.98
2805.68
2805.31
2804.86
2804.35
2803.75
2803.06
2802.24
2801.34
2800.39
2799.48
2798.39
2797.45
2796.35
2795.76
2795.27
2794.89
2795.27
2795.73
2797.73
2800.54
2803.33
2803.47
2801.29
2801.56
2801.1
2800.29
2799.53
2798.33
2796.8
2794.75
2792.42
2789.32
2787.9
2784.9
2784.06
2785.21
2786.77
2788.94
2791.07
2792.94
2794.79
2794.81
2796.64
2797.37
2797.63
2797.97
2798.13
2798.24
2798.39
2798.53
2798.65
2798.8
2798.88
2798.91
2798.92
2798.94
2799
2799.15
2799.42
2799.81
2800.26
2800.72
2801.09
2801.32
2801.45
2801.45
2801.37
2801.26
2801.13
2801.01
2800.94
2800.94
2800.98
2801.05
2801.16
2801.3
2801.47
2801.67
2801.88
2802.08
2802.18
2802.19
2802.19
2802.22
2802.26
2802.26
2802.26
2802.38
2802.61
2802.69
2802.57
2802.64
2803.02
2803.62
2804.13
2804.38
2804.24
2803.86
2803.76
2804.06
2804.17
2803.87
2803.86
2803.75
2803.67
2803.59
2803.54
2803.57
2803.71
2803.95
2804.22
2804.59
2805.01
2805.49
2805.94
2806.29
2806.42
2806.4
2806.29
2806.09
2805.79
2805.4
2804.94
2804.42
2803.81
2803.1
2802.27
2801.35
2800.38
2799.44
2798.3
2797.33
2796.2
2795.55
2794.99
2794.53
2794.83
2795.14
2796.96
2799.43
2801.61
2800.61
2773.34
2801.45
2801.7
2801.23
2800.42
2799.63
2798.44
2796.88
2794.82
2792.42
2789.34
2787.88
2784.97
2784.16
2785.29
2786.87
2789.03
2791.17
2793.04
2794.92
2794.96
2796.73
2797.44
2797.71
2798.06
2798.22
2798.34
2798.49
2798.62
2798.75
2798.9
2798.98
2799.01
2799.03
2799.04
2799.11
2799.26
2799.53
2799.92
2800.38
2800.83
2801.2
2801.43
2801.56
2801.56
2801.48
2801.37
2801.24
2801.13
2801.06
2801.06
2801.1
2801.18
2801.28
2801.42
2801.56
2801.72
2801.92
2802.13
2802.3
2802.39
2802.45
2802.53
2802.59
2802.59
2802.5
2802.53
2802.78
2803.07
2803.05
2802.81
2802.79
2803.21
2803.76
2804.25
2804.45
2804.25
2803.96
2804.04
2804.3
2804.12
2803.92
2803.95
2803.84
2803.76
2803.72
2803.74
2803.88
2804.11
2804.37
2804.76
2805.18
2805.64
2806.07
2806.43
2806.57
2806.53
2806.42
2806.21
2805.9
2805.5
2805.03
2804.5
2803.87
2803.15
2802.3
2801.36
2800.36
2799.39
2798.21
2797.2
2796.04
2795.33
2794.71
2794.16
2794.35
2794.52
2796.16
2798.23
2799.76
2797.62
2768.66
2801.63
2801.85
2801.36
2800.54
2799.74
2798.54
2796.96
2794.9
2792.42
2789.37
2787.88
2785.04
2784.27
2785.38
2786.97
2789.13
2791.27
2793.15
2795.05
2795.13
2796.81
2797.52
2797.81
2798.15
2798.32
2798.44
2798.59
2798.73
2798.86
2799
2799.08
2799.12
2799.13
2799.15
2799.22
2799.37
2799.65
2800.03
2800.49
2800.94
2801.31
2801.55
2801.68
2801.68
2801.6
2801.49
2801.36
2801.25
2801.18
2801.18
2801.22
2801.31
2801.42
2801.55
2801.67
2801.79
2801.94
2802.14
2802.34
2802.5
2802.63
2802.75
2802.87
2802.92
2802.88
2802.85
2803.07
2803.49
2803.68
2803.37
2803.03
2803.09
2803.43
2803.9
2804.35
2804.54
2804.36
2804.15
2804.29
2804.35
2804.12
2804.12
2804.03
2803.95
2803.9
2803.93
2804.06
2804.29
2804.55
2804.93
2805.35
2805.8
2806.22
2806.58
2806.72
2806.67
2806.55
2806.34
2806.01
2805.6
2805.12
2804.57
2803.94
2803.2
2802.33
2801.38
2800.35
2799.34
2798.11
2797.06
2795.87
2795.1
2794.4
2793.77
2793.82
2793.9
2795.3
2796.99
2797.82
2794.52
2763.9
2801.81
2802.01
2801.5
2800.68
2799.86
2798.65
2797.05
2794.98
2792.43
2789.4
2787.88
2785.13
2784.4
2785.49
2787.08
2789.24
2791.39
2793.27
2795.18
2795.3
2796.9
2797.61
2797.9
2798.24
2798.42
2798.54
2798.69
2798.83
2798.97
2799.11
2799.19
2799.23
2799.25
2799.27
2799.34
2799.49
2799.77
2800.16
2800.61
2801.06
2801.43
2801.67
2801.8
2801.8
2801.72
2801.61
2801.49
2801.38
2801.31
2801.31
2801.36
2801.45
2801.57
2801.71
2801.82
2801.9
2802.01
2802.16
2802.35
2802.53
2802.68
2802.84
2803.01
2803.16
2803.26
2803.27
2803.38
2803.76
2804.14
2804.09
2803.76
2803.54
2803.54
2803.75
2804.16
2804.63
2804.75
2804.48
2804.34
2804.5
2804.4
2804.28
2804.21
2804.14
2804.1
2804.12
2804.25
2804.48
2804.73
2805.12
2805.53
2805.97
2806.38
2806.73
2806.88
2806.82
2806.69
2806.47
2806.13
2805.71
2805.21
2804.65
2804.01
2803.25
2802.36
2801.38
2800.33
2799.29
2798.01
2796.91
2795.7
2794.86
2794.08
2793.37
2793.26
2793.24
2794.39
2795.66
2795.77
2791.31
2759.16
2802.01
2802.17
2801.65
2800.82
2799.98
2798.76
2797.14
2795.06
2792.45
2789.45
2787.9
2785.23
2784.53
2785.6
2787.2
2789.36
2791.51
2793.4
2795.32
2795.48
2796.98
2797.69
2798
2798.34
2798.52
2798.65
2798.8
2798.95
2799.09
2799.22
2799.31
2799.35
2799.37
2799.39
2799.46
2799.62
2799.9
2800.29
2800.74
2801.18
2801.55
2801.8
2801.93
2801.93
2801.86
2801.74
2801.62
2801.51
2801.45
2801.45
2801.49
2801.59
2801.73
2801.88
2802
2802.08
2802.15
2802.24
2802.38
2802.53
2802.67
2802.81
2803
2803.24
2803.49
2803.62
2803.62
2803.78
2804.17
2804.51
2804.57
2804.39
2804.2
2804.12
2804.25
2804.58
2804.89
2804.87
2804.61
2804.6
2804.64
2804.48
2804.41
2804.35
2804.31
2804.33
2804.46
2804.68
2804.93
2805.32
2805.72
2806.15
2806.55
2806.88
2807.05
2806.98
2806.83
2806.6
2806.26
2805.82
2805.3
2804.73
2804.08
2803.3
2802.39
2801.4
2800.31
2799.23
2797.9
2796.76
2795.51
2794.59
2793.75
2792.95
2792.66
2792.57
2793.43
2794.23
2793.65
2787.98
2754.41
2802.21
2802.35
2801.8
2800.96
2800.1
2798.88
2797.23
2795.14
2792.48
2789.51
2787.93
2785.34
2784.69
2785.74
2787.34
2789.49
2791.65
2793.56
2795.47
2795.66
2797.07
2797.79
2798.11
2798.44
2798.63
2798.76
2798.92
2799.06
2799.21
2799.34
2799.43
2799.47
2799.49
2799.52
2799.6
2799.76
2800.04
2800.43
2800.88
2801.31
2801.68
2801.93
2802.07
2802.07
2801.99
2801.88
2801.76
2801.66
2801.6
2801.59
2801.64
2801.73
2801.88
2802.05
2802.2
2802.32
2802.38
2802.42
2802.48
2802.56
2802.66
2802.78
2802.95
2803.2
2803.52
2803.75
2803.75
2803.66
2803.85
2804.37
2804.83
2804.96
2804.93
2804.83
2804.71
2804.68
2804.86
2805.06
2804.98
2804.8
2804.8
2804.72
2804.63
2804.57
2804.53
2804.55
2804.67
2804.89
2805.14
2805.53
2805.92
2806.33
2806.73
2807.04
2807.22
2807.14
2806.98
2806.74
2806.39
2805.94
2805.4
2804.82
2804.15
2803.35
2802.42
2801.4
2800.29
2799.16
2797.79
2796.6
2795.32
2794.32
2793.39
2792.5
2792.03
2791.84
2792.41
2792.73
2791.44
2784.53
2749.67
2802.42
2802.53
2801.96
2801.12
2800.23
2799
2797.33
2795.22
2792.51
2789.58
2787.98
2785.47
2784.87
2785.89
2787.49
2789.62
2791.8
2793.74
2795.64
2795.83
2797.17
2797.89
2798.22
2798.55
2798.74
2798.88
2799.04
2799.19
2799.33
2799.47
2799.55
2799.6
2799.62
2799.65
2799.74
2799.91
2800.2
2800.58
2801.02
2801.45
2801.82
2802.08
2802.22
2802.21
2802.14
2802.03
2801.91
2801.81
2801.75
2801.74
2801.78
2801.88
2802.03
2802.21
2802.39
2802.56
2802.66
2802.69
2802.69
2802.71
2802.78
2802.88
2803
2803.18
2803.43
2803.7
2803.82
2803.68
2803.6
2803.94
2804.46
2804.85
2805.1
2805.23
2805.19
2805.03
2804.97
2805.12
2805.23
2805.09
2804.99
2804.95
2804.87
2804.8
2804.77
2804.79
2804.91
2805.12
2805.36
2805.75
2806.14
2806.53
2806.92
2807.21
2807.4
2807.32
2807.14
2806.89
2806.52
2806.06
2805.5
2804.9
2804.22
2803.39
2802.45
2801.41
2800.27
2799.08
2797.67
2796.43
2795.11
2794.02
2793.01
2792.02
2791.39
2791.09
2791.34
2791.12
2789.17
2780.94
2744.92
2802.65
2802.71
2802.13
2801.27
2800.36
2799.12
2797.43
2795.31
2792.55
2789.66
2788.05
2785.61
2785.06
2786.06
2787.66
2789.77
2791.96
2793.97
2795.78
2796
2797.28
2797.99
2798.34
2798.67
2798.86
2799
2799.16
2799.31
2799.46
2799.6
2799.69
2799.73
2799.76
2799.8
2799.89
2800.07
2800.35
2800.74
2801.17
2801.6
2801.97
2802.23
2802.37
2802.36
2802.29
2802.19
2802.07
2801.97
2801.91
2801.9
2801.94
2802.03
2802.17
2802.34
2802.54
2802.75
2802.92
2803
2803.02
2803.02
2803.07
2803.16
2803.25
2803.32
2803.43
2803.64
2803.93
2804.03
2803.91
2803.89
2804.11
2804.5
2804.85
2805.15
2805.36
2805.41
2805.34
2805.3
2805.37
2805.37
2805.26
2805.19
2805.12
2805.05
2805.02
2805.04
2805.15
2805.36
2805.6
2805.98
2806.37
2806.75
2807.12
2807.39
2807.58
2807.5
2807.3
2807.04
2806.66
2806.18
2805.61
2804.99
2804.3
2803.45
2802.47
2801.41
2800.23
2798.99
2797.54
2796.25
2794.89
2793.7
2792.62
2791.5
2790.72
2790.27
2790.2
2789.44
2786.83
2777.24
2740.16
2802.88
2802.91
2802.3
2801.44
2800.49
2799.25
2797.54
2795.39
2792.6
2789.77
2788.13
2785.77
2785.27
2786.24
2787.84
2789.92
2792.12
2794.22
2795.92
2796.18
2797.39
2798.1
2798.46
2798.79
2798.98
2799.12
2799.29
2799.45
2799.6
2799.74
2799.83
2799.88
2799.91
2799.95
2800.05
2800.23
2800.52
2800.9
2801.33
2801.75
2802.12
2802.4
2802.53
2802.52
2802.46
2802.35
2802.23
2802.14
2802.08
2802.07
2802.11
2802.19
2802.32
2802.48
2802.67
2802.88
2803.09
2803.26
2803.35
2803.41
2803.47
2803.56
2803.66
2803.7
2803.7
2803.8
2804.13
2804.53
2804.69
2804.56
2804.46
2804.61
2804.85
2805.1
2805.37
2805.61
2805.7
2805.64
2805.58
2805.59
2805.54
2805.46
2805.39
2805.32
2805.29
2805.31
2805.42
2805.62
2805.85
2806.22
2806.61
2806.97
2807.34
2807.59
2807.76
2807.7
2807.48
2807.19
2806.8
2806.31
2805.72
2805.08
2804.37
2803.5
2802.5
2801.41
2800.2
2798.91
2797.41
2796.06
2794.66
2793.37
2792.2
2790.95
2790.05
2789.41
2788.99
2787.67
2784.4
2773.45
2735.41
2803.13
2803.11
2802.47
2801.61
2800.63
2799.39
2797.65
2795.48
2792.65
2789.88
2788.25
2785.95
2785.5
2786.44
2788.03
2790.09
2792.29
2794.46
2796.06
2796.37
2797.51
2798.22
2798.59
2798.92
2799.11
2799.26
2799.43
2799.59
2799.74
2799.88
2799.97
2800.03
2800.06
2800.11
2800.21
2800.4
2800.69
2801.07
2801.5
2801.92
2802.3
2802.57
2802.7
2802.69
2802.63
2802.52
2802.41
2802.32
2802.26
2802.25
2802.29
2802.37
2802.5
2802.64
2802.8
2802.99
2803.19
2803.39
2803.55
2803.67
2803.77
2803.87
2804
2804.13
2804.2
2804.22
2804.39
2804.76
2805.15
2805.28
2805.23
2805.24
2805.31
2805.43
2805.58
2805.76
2805.91
2805.95
2805.89
2805.85
2805.82
2805.75
2805.68
2805.61
2805.57
2805.59
2805.7
2805.89
2806.13
2806.47
2806.87
2807.21
2807.56
2807.79
2807.94
2807.9
2807.66
2807.36
2806.95
2806.44
2805.83
2805.18
2804.45
2803.55
2802.52
2801.41
2800.15
2798.8
2797.28
2795.86
2794.41
2793.02
2791.75
2790.36
2789.35
2788.47
2787.69
2785.87
2781.87
2769.57
2730.66
2803.4
2803.32
2802.65
2801.79
2800.78
2799.53
2797.77
2795.57
2792.71
2790.02
2788.37
2786.15
2785.74
2786.66
2788.24
2790.28
2792.47
2794.7
2796.21
2796.57
2797.64
2798.34
2798.72
2799.05
2799.25
2799.4
2799.57
2799.73
2799.89
2800.03
2800.13
2800.18
2800.23
2800.28
2800.39
2800.58
2800.87
2801.24
2801.67
2802.1
2802.48
2802.75
2802.87
2802.87
2802.81
2802.71
2802.59
2802.5
2802.45
2802.44
2802.48
2802.58
2802.69
2802.84
2802.98
2803.13
2803.3
2803.47
2803.63
2803.77
2803.89
2804
2804.14
2804.34
2804.55
2804.65
2804.66
2804.76
2805.03
2805.36
2805.58
2805.69
2805.78
2805.87
2805.95
2806.02
2806.1
2806.19
2806.21
2806.16
2806.11
2806.06
2805.99
2805.92
2805.88
2805.9
2806.01
2806.19
2806.42
2806.75
2807.14
2807.46
2807.79
2808.01
2808.14
2808.1
2807.86
2807.53
2807.1
2806.58
2805.95
2805.28
2804.53
2803.6
2802.55
2801.41
2800.11
2798.69
2797.14
2795.65
2794.15
2792.64
2791.27
2789.76
2788.62
2787.52
2786.3
2784.02
2779.22
2765.64
2725.95
2803.68
2803.54
2802.83
2801.97
2800.93
2799.68
2797.9
2795.68
2792.8
2790.18
2788.51
2786.38
2786
2786.89
2788.47
2790.49
2792.69
2794.93
2796.35
2796.78
2797.78
2798.47
2798.86
2799.18
2799.39
2799.54
2799.72
2799.88
2800.04
2800.18
2800.29
2800.35
2800.4
2800.46
2800.57
2800.76
2801.05
2801.43
2801.86
2802.29
2802.67
2802.93
2803.06
2803.06
2803
2802.9
2802.79
2802.7
2802.65
2802.64
2802.68
2802.78
2802.92
2803.07
2803.21
2803.35
2803.47
2803.59
2803.7
2803.83
2803.96
2804.08
2804.21
2804.39
2804.62
2804.84
2804.92
2804.9
2804.98
2805.23
2805.54
2805.79
2805.97
2806.14
2806.27
2806.35
2806.4
2806.46
2806.49
2806.48
2806.44
2806.38
2806.32
2806.26
2806.21
2806.23
2806.33
2806.5
2806.72
2807.03
2807.42
2807.73
2808.04
2808.24
2808.34
2808.31
2808.07
2807.7
2807.26
2806.72
2806.07
2805.38
2804.61
2803.65
2802.57
2801.39
2800.05
2798.57
2796.98
2795.42
2793.85
2792.25
2790.74
2789.13
2787.84
2786.48
2784.81
2782.14
2776.46
2761.63
2721.29
2803.97
2803.77
2803.02
2802.16
2801.08
2799.83
2798.03
2795.79
2792.91
2790.35
2788.66
2786.63
2786.28
2787.14
2788.72
2790.73
2792.93
2795.14
2796.49
2796.99
2797.92
2798.6
2799.01
2799.33
2799.53
2799.69
2799.87
2800.04
2800.2
2800.35
2800.45
2800.52
2800.58
2800.64
2800.76
2800.95
2801.24
2801.62
2802.06
2802.49
2802.87
2803.13
2803.25
2803.26
2803.21
2803.11
2803
2802.91
2802.86
2802.85
2802.89
2803
2803.15
2803.31
2803.48
2803.63
2803.74
2803.82
2803.89
2803.99
2804.12
2804.26
2804.39
2804.51
2804.69
2804.92
2805.15
2805.29
2805.35
2805.48
2805.69
2805.93
2806.14
2806.34
2806.52
2806.65
2806.74
2806.78
2806.8
2806.81
2806.78
2806.72
2806.67
2806.62
2806.58
2806.59
2806.68
2806.84
2807.05
2807.35
2807.72
2808.02
2808.3
2808.49
2808.56
2808.52
2808.29
2807.89
2807.42
2806.86
2806.2
2805.49
2804.68
2803.7
2802.59
2801.38
2799.99
2798.46
2796.83
2795.18
2793.56
2791.82
2790.2
2788.51
2786.99
2785.45
2783.26
2780.19
2773.59
2757.58
2716.75
2804.28
2804
2803.22
2802.36
2801.25
2799.99
2798.18
2795.91
2793.04
2790.54
2788.83
2786.9
2786.59
2787.43
2789.01
2791
2793.2
2795.36
2796.64
2797.19
2798.07
2798.74
2799.16
2799.47
2799.68
2799.85
2800.03
2800.2
2800.37
2800.51
2800.63
2800.7
2800.77
2800.84
2800.96
2801.16
2801.45
2801.83
2802.27
2802.7
2803.08
2803.33
2803.46
2803.48
2803.42
2803.33
2803.22
2803.13
2803.08
2803.07
2803.11
2803.21
2803.36
2803.54
2803.73
2803.91
2804.06
2804.16
2804.22
2804.3
2804.41
2804.55
2804.69
2804.82
2804.94
2805.12
2805.38
2805.65
2805.84
2805.96
2806.1
2806.27
2806.45
2806.63
2806.8
2806.95
2807.06
2807.12
2807.14
2807.15
2807.14
2807.09
2807.05
2807
2806.96
2806.97
2807.04
2807.19
2807.4
2807.68
2808.03
2808.32
2808.57
2808.74
2808.79
2808.72
2808.51
2808.08
2807.59
2807.01
2806.33
2805.6
2804.77
2803.76
2802.61
2801.36
2799.91
2798.31
2796.66
2794.92
2793.22
2791.36
2789.64
2787.83
2786.13
2784.28
2781.65
2778.16
2770.61
2753.47
2712.3
2804.61
2804.24
2803.42
2802.56
2801.42
2800.15
2798.33
2796.04
2793.19
2790.77
2789.03
2787.19
2786.91
2787.74
2789.32
2791.3
2793.5
2795.57
2796.8
2797.39
2798.23
2798.89
2799.31
2799.63
2799.84
2800.01
2800.19
2800.37
2800.54
2800.69
2800.81
2800.89
2800.96
2801.04
2801.17
2801.37
2801.66
2802.05
2802.49
2802.92
2803.29
2803.55
2803.68
2803.71
2803.65
2803.55
2803.45
2803.36
2803.31
2803.3
2803.34
2803.44
2803.58
2803.74
2803.95
2804.15
2804.33
2804.48
2804.59
2804.68
2804.77
2804.89
2805.04
2805.2
2805.34
2805.48
2805.65
2805.88
2806.1
2806.3
2806.47
2806.64
2806.81
2806.98
2807.14
2807.27
2807.38
2807.46
2807.5
2807.52
2807.52
2807.48
2807.44
2807.41
2807.38
2807.38
2807.45
2807.58
2807.78
2808.03
2808.36
2808.64
2808.86
2809.01
2809.04
2808.94
2808.74
2808.29
2807.76
2807.16
2806.47
2805.71
2804.84
2803.81
2802.62
2801.33
2799.83
2798.19
2796.49
2794.63
2792.9
2790.86
2789.07
2787.15
2785.16
2783.08
2780.01
2776.02
2767.55
2749.33
2708
2804.95
2804.48
2803.63
2802.77
2801.6
2800.32
2798.48
2796.16
2793.37
2791.03
2789.25
2787.52
2787.26
2788.08
2789.67
2791.63
2793.8
2795.79
2796.97
2797.59
2798.39
2799.05
2799.47
2799.78
2800
2800.18
2800.36
2800.54
2800.72
2800.87
2801
2801.09
2801.17
2801.25
2801.38
2801.59
2801.89
2802.28
2802.72
2803.15
2803.52
2803.77
2803.92
2803.95
2803.89
2803.79
2803.69
2803.61
2803.56
2803.55
2803.59
2803.68
2803.82
2803.98
2804.17
2804.36
2804.55
2804.72
2804.86
2804.98
2805.08
2805.18
2805.32
2805.5
2805.68
2805.84
2805.97
2806.12
2806.31
2806.53
2806.75
2806.95
2807.14
2807.32
2807.49
2807.63
2807.74
2807.83
2807.88
2807.91
2807.92
2807.9
2807.87
2807.84
2807.81
2807.81
2807.86
2807.98
2808.17
2808.41
2808.71
2808.98
2809.17
2809.3
2809.3
2809.17
2808.96
2808.51
2807.94
2807.33
2806.61
2805.82
2804.93
2803.86
2802.63
2801.29
2799.74
2798.03
2796.27
2794.35
2792.49
2790.38
2788.5
2786.36
2784.26
2781.75
2778.38
2773.77
2764.39
2745.17
2703.64
2805.32
2804.74
2803.84
2802.99
2801.78
2800.49
2798.64
2796.3
2793.58
2791.33
2789.51
2787.88
2787.65
2788.46
2790.04
2791.98
2794.12
2796.01
2797.14
2797.79
2798.57
2799.21
2799.64
2799.95
2800.17
2800.35
2800.54
2800.72
2800.9
2801.06
2801.2
2801.3
2801.38
2801.47
2801.61
2801.82
2802.13
2802.52
2802.96
2803.39
2803.76
2804.02
2804.17
2804.2
2804.14
2804.05
2803.95
2803.87
2803.82
2803.81
2803.85
2803.95
2804.09
2804.25
2804.41
2804.6
2804.77
2804.92
2805.06
2805.2
2805.32
2805.44
2805.57
2805.74
2805.93
2806.12
2806.29
2806.45
2806.62
2806.83
2807.06
2807.27
2807.48
2807.67
2807.85
2808
2808.12
2808.22
2808.28
2808.32
2808.34
2808.34
2808.32
2808.3
2808.27
2808.27
2808.33
2808.44
2808.59
2808.81
2809.08
2809.33
2809.49
2809.59
2809.57
2809.42
2809.19
2808.74
2808.14
2807.49
2806.75
2805.93
2805.01
2803.9
2802.63
2801.24
2799.64
2797.89
2796.06
2794.04
2792.1
2789.88
2787.86
2785.62
2783.24
2780.33
2776.68
2771.43
2761.18
2741.04
2699.48
2805.7
2805
2804.06
2803.22
2801.98
2800.67
2798.81
2796.44
2793.82
2791.66
2789.8
2788.28
2788.07
2788.87
2790.43
2792.35
2794.45
2796.23
2797.32
2797.98
2798.74
2799.38
2799.8
2800.11
2800.34
2800.53
2800.72
2800.9
2801.09
2801.26
2801.4
2801.51
2801.61
2801.7
2801.85
2802.07
2802.38
2802.78
2803.22
2803.65
2804.01
2804.28
2804.44
2804.47
2804.41
2804.32
2804.23
2804.15
2804.1
2804.09
2804.13
2804.24
2804.37
2804.54
2804.72
2804.91
2805.06
2805.18
2805.3
2805.43
2805.58
2805.72
2805.86
2806.01
2806.2
2806.4
2806.61
2806.82
2807.01
2807.21
2807.42
2807.64
2807.84
2808.04
2808.23
2808.39
2808.53
2808.63
2808.7
2808.76
2808.79
2808.8
2808.8
2808.78
2808.77
2808.77
2808.8
2808.89
2809.04
2809.23
2809.47
2809.7
2809.84
2809.91
2809.86
2809.68
2809.41
2808.96
2808.34
2807.66
2806.9
2806.05
2805.09
2803.95
2802.62
2801.19
2799.54
2797.69
2795.79
2793.77
2791.61
2789.37
2787.25
2784.76
2782.16
2778.95
2774.97
2769.03
2757.87
2736.82
2695.54
2806.1
2805.26
2804.29
2803.44
2802.19
2800.86
2798.98
2796.61
2794.1
2792.02
2790.13
2788.72
2788.53
2789.32
2790.86
2792.74
2794.78
2796.46
2797.5
2798.18
2798.93
2799.55
2799.97
2800.28
2800.51
2800.71
2800.9
2801.09
2801.28
2801.46
2801.62
2801.73
2801.84
2801.94
2802.1
2802.32
2802.65
2803.04
2803.49
2803.91
2804.28
2804.56
2804.72
2804.75
2804.7
2804.61
2804.52
2804.44
2804.39
2804.38
2804.43
2804.53
2804.67
2804.85
2805.04
2805.22
2805.38
2805.51
2805.63
2805.75
2805.89
2806.04
2806.2
2806.36
2806.54
2806.74
2806.95
2807.17
2807.38
2807.59
2807.81
2808.02
2808.23
2808.43
2808.62
2808.79
2808.94
2809.06
2809.15
2809.22
2809.27
2809.29
2809.29
2809.29
2809.28
2809.28
2809.33
2809.41
2809.52
2809.69
2809.89
2810.09
2810.2
2810.23
2810.16
2809.95
2809.65
2809.2
2808.56
2807.84
2807.04
2806.17
2805.17
2803.98
2802.6
2801.11
2799.41
2797.51
2795.55
2793.41
2791.16
2788.87
2786.55
2783.9
2781.03
2777.49
2773.15
2766.55
2754.59
2732.78
2691.44
2806.53
2805.53
2804.52
2803.68
2802.41
2801.06
2799.18
2796.79
2794.4
2792.4
2790.5
2789.22
2789.05
2789.82
2791.31
2793.16
2795.11
2796.7
2797.68
2798.38
2799.12
2799.72
2800.15
2800.46
2800.7
2800.89
2801.09
2801.28
2801.48
2801.67
2801.83
2801.96
2802.07
2802.19
2802.35
2802.59
2802.92
2803.32
2803.77
2804.19
2804.57
2804.85
2805.02
2805.05
2805
2804.91
2804.83
2804.75
2804.7
2804.69
2804.74
2804.83
2804.97
2805.14
2805.34
2805.54
2805.73
2805.9
2806.03
2806.15
2806.27
2806.42
2806.59
2806.77
2806.96
2807.13
2807.32
2807.53
2807.75
2807.97
2808.21
2808.42
2808.64
2808.84
2809.04
2809.22
2809.38
2809.51
2809.62
2809.7
2809.76
2809.8
2809.82
2809.83
2809.84
2809.84
2809.86
2809.92
2810.02
2810.16
2810.34
2810.5
2810.59
2810.58
2810.47
2810.23
2809.9
2809.42
2808.78
2808.03
2807.2
2806.28
2805.23
2804.01
2802.59
2801.03
2799.31
2797.31
2795.25
2793.07
2790.7
2788.3
2785.81
2783.03
2779.84
2776.06
2771.29
2764.01
2751.22
2728.94
2687.92
2806.97
2805.81
2804.76
2803.91
2802.64
2801.26
2799.38
2797.01
2794.73
2792.79
2790.92
2789.75
2789.6
2790.36
2791.81
2793.59
2795.45
2796.94
2797.88
2798.6
2799.32
2799.9
2800.33
2800.64
2800.88
2801.08
2801.28
2801.48
2801.69
2801.88
2802.05
2802.19
2802.31
2802.44
2802.62
2802.86
2803.2
2803.61
2804.06
2804.49
2804.88
2805.16
2805.32
2805.36
2805.31
2805.24
2805.15
2805.07
2805.03
2805.02
2805.07
2805.16
2805.29
2805.46
2805.66
2805.86
2806.03
2806.21
2806.37
2806.5
2806.63
2806.77
2806.94
2807.13
2807.33
2807.52
2807.72
2807.94
2808.15
2808.37
2808.61
2808.84
2809.06
2809.28
2809.48
2809.67
2809.84
2809.97
2810.1
2810.2
2810.28
2810.33
2810.37
2810.4
2810.42
2810.42
2810.45
2810.49
2810.56
2810.67
2810.8
2810.93
2810.99
2810.93
2810.8
2810.53
2810.17
2809.66
2809
2808.22
2807.35
2806.4
2805.31
2804.01
2802.56
2800.94
2799.16
2797.07
2795
2792.66
2790.21
2787.71
2785.05
2782.11
2778.6
2774.57
2769.35
2761.44
2747.89
2724.94
2684.04
2807.43
2806.09
2805
2804.15
2802.87
2801.47
2799.6
2797.26
2795.09
2793.19
2791.38
2790.31
2790.18
2790.94
2792.33
2794.04
2795.79
2797.18
2798.09
2798.82
2799.52
2800.09
2800.52
2800.83
2801.07
2801.28
2801.48
2801.68
2801.89
2802.1
2802.28
2802.43
2802.56
2802.7
2802.89
2803.15
2803.5
2803.92
2804.37
2804.81
2805.2
2805.49
2805.65
2805.69
2805.65
2805.58
2805.5
2805.42
2805.37
2805.37
2805.41
2805.5
2805.64
2805.82
2806
2806.19
2806.37
2806.54
2806.71
2806.87
2807.01
2807.16
2807.33
2807.52
2807.73
2807.94
2808.14
2808.34
2808.58
2808.82
2809.05
2809.29
2809.52
2809.74
2809.96
2810.16
2810.34
2810.48
2810.62
2810.73
2810.82
2810.9
2810.96
2810.99
2811.02
2811.04
2811.03
2811.06
2811.11
2811.2
2811.3
2811.39
2811.41
2811.32
2811.15
2810.84
2810.44
2809.88
2809.21
2808.42
2807.52
2806.52
2805.36
2804.03
2802.52
2800.85
2799.01
2796.84
2794.71
2792.23
2789.72
2787.09
2784.25
2781.15
2777.36
2773.07
2767.38
2758.84
2744.71
2721.31
2680.76
2807.91
2806.37
2805.25
2804.38
2803.12
2801.69
2799.84
2797.55
2795.48
2793.62
2791.88
2790.89
2790.79
2791.55
2792.88
2794.49
2796.13
2797.43
2798.31
2799.05
2799.73
2800.27
2800.7
2801.02
2801.26
2801.47
2801.67
2801.88
2802.1
2802.32
2802.51
2802.67
2802.81
2802.96
2803.16
2803.44
2803.8
2804.23
2804.7
2805.16
2805.55
2805.82
2805.98
2806.03
2806.01
2805.94
2805.86
2805.79
2805.74
2805.74
2805.78
2805.87
2806.01
2806.19
2806.38
2806.57
2806.75
2806.91
2807.06
2807.22
2807.37
2807.54
2807.72
2807.92
2808.12
2808.34
2808.57
2808.81
2809.09
2809.34
2809.55
2809.76
2809.98
2810.21
2810.43
2810.62
2810.8
2810.97
2811.13
2811.29
2811.4
2811.49
2811.56
2811.61
2811.64
2811.66
2811.69
2811.69
2811.72
2811.76
2811.82
2811.86
2811.84
2811.7
2811.49
2811.16
2810.72
2810.14
2809.43
2808.61
2807.67
2806.63
2805.42
2804.03
2802.48
2800.74
2798.85
2796.6
2794.39
2791.8
2789.2
2786.44
2783.44
2780.13
2776.08
2771.53
2765.36
2756.19
2741.39
2717.53
2677.57
2808.41
2806.65
2805.5
2804.62
2803.36
2801.9
2800.09
2797.86
2795.91
2794.08
2792.41
2791.5
2791.41
2792.19
2793.44
2794.96
2796.48
2797.69
2798.54
2799.27
2799.93
2800.47
2800.9
2801.21
2801.46
2801.66
2801.87
2802.09
2802.32
2802.54
2802.74
2802.92
2803.07
2803.24
2803.45
2803.74
2804.12
2804.57
2805.05
2805.51
2805.9
2806.17
2806.34
2806.4
2806.39
2806.33
2806.25
2806.18
2806.14
2806.13
2806.17
2806.26
2806.39
2806.57
2806.77
2806.97
2807.15
2807.32
2807.48
2807.63
2807.79
2807.97
2808.17
2808.38
2808.59
2808.81
2809.04
2809.26
2809.5
2809.76
2810.02
2810.26
2810.49
2810.72
2810.95
2811.16
2811.37
2811.6
2811.76
2811.86
2811.99
2812.11
2812.22
2812.25
2812.31
2812.34
2812.33
2812.32
2812.32
2812.34
2812.36
2812.36
2812.3
2812.12
2811.87
2811.49
2811.01
2810.39
2809.65
2808.8
2807.83
2806.72
2805.46
2804.03
2802.43
2800.63
2798.67
2796.34
2794.06
2791.35
2788.65
2785.75
2782.6
2779.08
2774.81
2769.95
2763.33
2753.62
2738.29
2714.14
2674.67
2808.92
2806.92
2805.75
2804.85
2803.6
2802.1
2800.34
2798.2
2796.36
2794.57
2792.98
2792.13
2792.06
2792.84
2794.01
2795.43
2796.84
2797.96
2798.78
2799.49
2800.14
2800.67
2801.09
2801.4
2801.65
2801.86
2802.07
2802.3
2802.53
2802.76
2802.98
2803.16
2803.34
2803.52
2803.76
2804.06
2804.46
2804.92
2805.41
2805.87
2806.26
2806.54
2806.71
2806.79
2806.78
2806.73
2806.66
2806.59
2806.55
2806.55
2806.58
2806.67
2806.81
2806.99
2807.18
2807.38
2807.57
2807.75
2807.91
2808.07
2808.24
2808.42
2808.61
2808.82
2809.04
2809.27
2809.52
2809.77
2810.02
2810.29
2810.56
2810.83
2811.09
2811.33
2811.55
2811.73
2811.9
2812.08
2812.28
2812.45
2812.61
2812.74
2812.84
2812.96
2812.98
2813.01
2813.03
2813.01
2812.98
2812.95
2812.93
2812.87
2812.76
2812.54
2812.24
2811.82
2811.31
2810.66
2809.88
2808.99
2807.97
2806.81
2805.51
2804.03
2802.37
2800.5
2798.47
2796.07
2793.69
2790.89
2788.08
2785.05
2781.74
2778
2773.53
2768.35
2761.26
2750.93
2735.09
2710.77
2672
2809.44
2807.18
2806.01
2805.08
2803.85
2802.3
2800.61
2798.56
2796.81
2795.06
2793.59
2792.82
2792.75
2793.49
2794.57
2795.91
2797.21
2798.23
2799.02
2799.72
2800.35
2800.87
2801.29
2801.6
2801.84
2802.05
2802.27
2802.5
2802.75
2802.99
2803.22
2803.42
2803.61
2803.81
2804.07
2804.4
2804.81
2805.28
2805.78
2806.24
2806.63
2806.92
2807.11
2807.2
2807.2
2807.16
2807.09
2807.03
2806.99
2806.98
2807.02
2807.11
2807.25
2807.42
2807.62
2807.81
2808
2808.18
2808.36
2808.52
2808.7
2808.89
2809.09
2809.3
2809.53
2809.77
2810.03
2810.29
2810.55
2810.8
2811.07
2811.32
2811.57
2811.81
2812.05
2812.27
2812.49
2812.7
2812.91
2813.11
2813.29
2813.45
2813.56
2813.63
2813.72
2813.75
2813.73
2813.69
2813.63
2813.58
2813.51
2813.42
2813.25
2812.98
2812.63
2812.17
2811.61
2810.92
2810.09
2809.16
2808.1
2806.91
2805.55
2804.02
2802.29
2800.36
2798.26
2795.78
2793.31
2790.42
2787.49
2784.34
2780.85
2776.91
2772.22
2766.72
2759.21
2748.42
2732.2
2707.7
2669.61
2809.97
2807.43
2806.26
2805.29
2804.08
2802.5
2800.9
2798.91
2797.26
2795.59
2794.24
2793.57
2793.52
2794.14
2795.15
2796.39
2797.57
2798.51
2799.27
2799.94
2800.56
2801.08
2801.49
2801.79
2802.03
2802.25
2802.47
2802.7
2802.96
2803.21
2803.45
2803.67
2803.89
2804.11
2804.39
2804.74
2805.17
2805.65
2806.15
2806.63
2807.03
2807.33
2807.53
2807.62
2807.64
2807.6
2807.55
2807.49
2807.45
2807.45
2807.48
2807.57
2807.71
2807.89
2808.08
2808.28
2808.47
2808.65
2808.83
2809.01
2809.19
2809.39
2809.6
2809.82
2810.06
2810.31
2810.57
2810.84
2811.1
2811.36
2811.63
2811.89
2812.15
2812.4
2812.64
2812.87
2813.1
2813.33
2813.55
2813.76
2813.94
2814.11
2814.25
2814.38
2814.46
2814.49
2814.48
2814.42
2814.33
2814.23
2814.12
2813.97
2813.74
2813.42
2813.02
2812.51
2811.91
2811.18
2810.32
2809.34
2808.24
2806.99
2805.59
2803.99
2802.19
2800.19
2798.01
2795.45
2792.89
2789.94
2786.9
2783.62
2779.95
2775.79
2770.91
2765.12
2757.16
2745.87
2729.31
2704.83
2667.54
2810.49
2807.66
2806.5
2805.48
2804.3
2802.71
2801.18
2799.27
2797.72
2796.12
2794.89
2794.31
2794.32
2794.79
2795.72
2796.86
2797.92
2798.79
2799.52
2800.17
2800.78
2801.28
2801.68
2801.98
2802.22
2802.44
2802.66
2802.9
2803.17
2803.43
2803.69
2803.93
2804.16
2804.41
2804.72
2805.08
2805.53
2806.03
2806.54
2807.03
2807.44
2807.76
2807.96
2808.07
2808.1
2808.08
2808.03
2807.98
2807.94
2807.94
2807.97
2808.06
2808.2
2808.38
2808.57
2808.77
2808.96
2809.15
2809.34
2809.52
2809.71
2809.92
2810.13
2810.37
2810.62
2810.88
2811.15
2811.42
2811.69
2811.96
2812.23
2812.49
2812.75
2813.01
2813.26
2813.5
2813.74
2813.98
2814.22
2814.44
2814.65
2814.84
2815
2815.15
2815.25
2815.29
2815.25
2815.17
2815.06
2814.92
2814.77
2814.55
2814.26
2813.88
2813.42
2812.87
2812.23
2811.46
2810.55
2809.53
2808.37
2807.07
2805.6
2803.94
2802.08
2800
2797.74
2795.1
2792.47
2789.45
2786.3
2782.87
2779.03
2774.67
2769.58
2763.48
2755.13
2743.49
2726.69
2702.21
2665.78
2811.01
2807.87
2806.72
2805.64
2804.5
2802.9
2801.47
2799.63
2798.18
2796.66
2795.55
2794.97
2795.05
2795.44
2796.3
2797.32
2798.26
2799.06
2799.76
2800.4
2801
2801.48
2801.87
2802.17
2802.41
2802.62
2802.85
2803.1
2803.38
2803.65
2803.93
2804.19
2804.44
2804.72
2805.04
2805.43
2805.89
2806.41
2806.94
2807.45
2807.87
2808.2
2808.41
2808.53
2808.58
2808.57
2808.53
2808.48
2808.45
2808.45
2808.49
2808.59
2808.73
2808.9
2809.09
2809.29
2809.49
2809.68
2809.87
2810.06
2810.26
2810.48
2810.7
2810.95
2811.21
2811.48
2811.76
2812.04
2812.32
2812.59
2812.86
2813.13
2813.4
2813.66
2813.91
2814.16
2814.41
2814.66
2814.91
2815.16
2815.38
2815.58
2815.78
2815.95
2816.06
2816.09
2816.06
2815.95
2815.81
2815.63
2815.43
2815.15
2814.79
2814.35
2813.84
2813.24
2812.55
2811.73
2810.78
2809.7
2808.49
2807.13
2805.6
2803.88
2801.95
2799.8
2797.46
2794.75
2792.03
2788.94
2785.69
2782.1
2778.1
2773.54
2768.31
2761.93
2753.15
2741.16
2724.2
2699.87
2664.35
2811.51
2808.03
2806.92
2805.77
2804.67
2803.05
2801.74
2799.97
2798.62
2797.19
2796.18
2795.62
2795.64
2796.07
2796.86
2797.76
2798.6
2799.33
2800
2800.63
2801.2
2801.67
2802.06
2802.35
2802.59
2802.8
2803.04
2803.29
2803.58
2803.87
2804.17
2804.44
2804.72
2805.02
2805.36
2805.77
2806.26
2806.8
2807.35
2807.87
2808.31
2808.65
2808.88
2809.02
2809.08
2809.09
2809.06
2809.02
2808.99
2809
2809.04
2809.14
2809.28
2809.45
2809.64
2809.84
2810.04
2810.24
2810.44
2810.64
2810.85
2811.07
2811.3
2811.56
2811.83
2812.12
2812.4
2812.69
2812.98
2813.26
2813.53
2813.8
2814.07
2814.34
2814.6
2814.85
2815.12
2815.38
2815.64
2815.9
2816.15
2816.37
2816.59
2816.77
2816.89
2816.93
2816.88
2816.76
2816.59
2816.36
2816.1
2815.76
2815.34
2814.83
2814.27
2813.61
2812.86
2812
2811
2809.87
2808.6
2807.18
2805.59
2803.8
2801.8
2799.58
2797.16
2794.39
2791.57
2788.41
2785.07
2781.32
2777.18
2772.42
2766.99
2760.32
2751.23
2739
2721.93
2697.81
2663.28
2811.97
2808.15
2807.09
2805.88
2804.8
2803.18
2801.96
2800.28
2799.04
2797.74
2796.82
2796.16
2796.27
2796.69
2797.39
2798.17
2798.92
2799.59
2800.24
2800.83
2801.39
2801.85
2802.24
2802.52
2802.76
2802.98
2803.21
2803.47
2803.77
2804.08
2804.4
2804.69
2805
2805.32
2805.68
2806.12
2806.63
2807.19
2807.77
2808.3
2808.76
2809.11
2809.36
2809.52
2809.6
2809.62
2809.61
2809.58
2809.56
2809.58
2809.63
2809.72
2809.86
2810.03
2810.22
2810.43
2810.63
2810.83
2811.03
2811.24
2811.46
2811.69
2811.94
2812.21
2812.49
2812.79
2813.08
2813.38
2813.67
2813.96
2814.24
2814.51
2814.78
2815.05
2815.32
2815.59
2815.86
2816.13
2816.41
2816.68
2816.94
2817.19
2817.42
2817.62
2817.75
2817.79
2817.74
2817.6
2817.39
2817.12
2816.79
2816.38
2815.89
2815.32
2814.69
2813.98
2813.18
2812.26
2811.21
2810.02
2808.69
2807.21
2805.56
2803.71
2801.64
2799.35
2796.86
2794.02
2791.1
2787.86
2784.42
2780.53
2776.28
2771.36
2765.8
2758.83
2749.42
2736.96
2719.87
2696.07
2662.6
2812.38
2808.22
2807.22
2805.93
2804.9
2803.27
2802.15
2800.55
2799.4
2798.11
2797.27
2797.09
2796.91
2797.27
2797.87
2798.55
2799.21
2799.84
2800.45
2801.03
2801.57
2802.02
2802.4
2802.69
2802.92
2803.14
2803.38
2803.65
2803.96
2804.29
2804.62
2804.94
2805.26
2805.6
2806
2806.46
2806.99
2807.58
2808.18
2808.74
2809.21
2809.59
2809.86
2810.04
2810.14
2810.18
2810.18
2810.17
2810.16
2810.18
2810.24
2810.34
2810.48
2810.65
2810.84
2811.04
2811.25
2811.46
2811.67
2811.89
2812.11
2812.36
2812.62
2812.9
2813.19
2813.5
2813.8
2814.11
2814.41
2814.7
2814.98
2815.26
2815.53
2815.8
2816.08
2816.35
2816.63
2816.92
2817.2
2817.49
2817.77
2818.04
2818.29
2818.5
2818.63
2818.68
2818.62
2818.45
2818.21
2817.89
2817.49
2817.02
2816.46
2815.82
2815.13
2814.35
2813.49
2812.52
2811.41
2810.17
2808.78
2807.23
2805.51
2803.6
2801.47
2799.11
2796.54
2793.64
2790.62
2787.3
2783.77
2779.78
2775.38
2770.27
2764.55
2757.33
2747.72
2735.1
2718.05
2694.68
2662.35
2812.7
2808.22
2807.28
2805.93
2804.95
2803.34
2802.26
2800.7
2799.76
2798.72
2797.97
2797.5
2797.48
2797.8
2798.29
2798.89
2799.48
2800.06
2800.65
2801.2
2801.73
2802.18
2802.55
2802.83
2803.06
2803.28
2803.53
2803.81
2804.14
2804.48
2804.83
2805.17
2805.51
2805.88
2806.3
2806.79
2807.35
2807.97
2808.59
2809.17
2809.67
2810.07
2810.36
2810.56
2810.68
2810.74
2810.77
2810.78
2810.79
2810.82
2810.88
2810.98
2811.13
2811.3
2811.49
2811.7
2811.91
2812.13
2812.34
2812.57
2812.81
2813.06
2813.34
2813.63
2813.93
2814.25
2814.56
2814.87
2815.18
2815.48
2815.77
2816.05
2816.32
2816.6
2816.88
2817.16
2817.45
2817.74
2818.04
2818.34
2818.64
2818.92
2819.18
2819.4
2819.54
2819.59
2819.52
2819.33
2819.05
2818.67
2818.21
2817.66
2817.03
2816.33
2815.56
2814.72
2813.8
2812.77
2811.61
2810.31
2808.85
2807.24
2805.46
2803.48
2801.28
2798.85
2796.2
2793.25
2790.13
2786.76
2783.11
2779.02
2774.54
2769.31
2763.43
2755.98
2746.19
2733.48
2716.55
2693.68
2662.53
2812.9
2808.18
2807.27
2805.86
2804.96
2803.44
2802.51
2801.04
2800.1
2799.05
2798.38
2797.97
2797.94
2798.25
2798.64
2799.17
2799.7
2800.25
2800.81
2801.34
2801.86
2802.3
2802.67
2802.94
2803.18
2803.4
2803.66
2803.95
2804.3
2804.66
2805.03
2805.39
2805.75
2806.14
2806.59
2807.11
2807.7
2808.35
2809
2809.6
2810.12
2810.54
2810.86
2811.08
2811.23
2811.33
2811.38
2811.41
2811.43
2811.48
2811.55
2811.66
2811.81
2811.98
2812.18
2812.39
2812.61
2812.83
2813.06
2813.29
2813.54
2813.81
2814.1
2814.4
2814.72
2815.04
2815.36
2815.68
2815.99
2816.3
2816.59
2816.87
2817.16
2817.44
2817.72
2818.01
2818.3
2818.6
2818.91
2819.23
2819.54
2819.84
2820.11
2820.33
2820.47
2820.51
2820.44
2820.23
2819.9
2819.47
2818.94
2818.33
2817.62
2816.84
2816
2815.09
2814.1
2813.01
2811.79
2810.43
2808.91
2807.24
2805.39
2803.34
2801.07
2798.56
2795.83
2792.84
2789.65
2786.23
2782.53
2778.36
2773.71
2768.32
2762.34
2754.74
2744.83
2732.08
2715.32
2693.05
2663.15
2812.98
2808.05
2807.15
2805.61
2804.56
2802.87
2802.09
2800.95
2800.26
2799.38
2798.73
2798.35
2798.32
2798.61
2798.92
2799.39
2799.88
2800.4
2800.93
2801.45
2801.95
2802.38
2802.75
2803.02
2803.26
2803.49
2803.76
2804.07
2804.43
2804.81
2805.2
2805.59
2805.98
2806.4
2806.88
2807.42
2808.05
2808.71
2809.39
2810.02
2810.57
2811.01
2811.35
2811.61
2811.79
2811.92
2812
2812.06
2812.1
2812.16
2812.25
2812.37
2812.52
2812.7
2812.91
2813.12
2813.35
2813.58
2813.82
2814.06
2814.33
2814.6
2814.9
2815.21
2815.54
2815.88
2816.21
2816.54
2816.85
2817.16
2817.46
2817.75
2818.03
2818.32
2818.61
2818.9
2819.2
2819.51
2819.83
2820.16
2820.48
2820.78
2821.06
2821.28
2821.42
2821.46
2821.37
2821.13
2820.76
2820.27
2819.68
2818.99
2818.22
2817.36
2816.43
2815.45
2814.4
2813.24
2811.96
2810.54
2808.96
2807.21
2805.3
2803.19
2800.85
2798.26
2795.44
2792.45
2789.17
2785.69
2781.92
2777.68
2772.98
2767.48
2761.36
2753.6
2743.64
2730.92
2714.44
2692.83
2664.2
2812.83
2807.82
2806.96
2805.51
2804.72
2803.17
2802.38
2801.06
2800.31
2799.48
2798.94
2798.63
2798.59
2798.84
2799.12
2799.53
2799.99
2800.49
2801
2801.51
2802
2802.43
2802.79
2803.06
2803.31
2803.54
2803.82
2804.15
2804.53
2804.93
2805.35
2805.76
2806.19
2806.64
2807.15
2807.73
2808.38
2809.07
2809.76
2810.42
2810.99
2811.46
2811.83
2812.12
2812.34
2812.51
2812.62
2812.71
2812.79
2812.87
2812.97
2813.11
2813.27
2813.46
2813.67
2813.9
2814.13
2814.37
2814.62
2814.88
2815.15
2815.44
2815.75
2816.07
2816.41
2816.76
2817.1
2817.43
2817.76
2818.07
2818.37
2818.67
2818.96
2819.25
2819.54
2819.84
2820.14
2820.46
2820.79
2821.12
2821.45
2821.76
2822.03
2822.26
2822.39
2822.42
2822.31
2822.04
2821.63
2821.09
2820.43
2819.67
2818.81
2817.88
2816.87
2815.81
2814.68
2813.46
2812.12
2810.63
2808.98
2807.18
2805.2
2803.03
2800.61
2797.97
2795.07
2792.06
2788.71
2785.22
2781.36
2777.06
2772.29
2766.69
2760.51
2752.67
2742.69
2730.06
2713.92
2693.06
2665.68
2812.38
2807.34
2806.47
2804.92
2804.17
2802.75
2802.11
2800.9
2800.27
2799.49
2799.04
2798.78
2798.72
2798.95
2799.23
2799.6
2800.04
2800.51
2801.01
2801.51
2802
2802.43
2802.79
2803.07
2803.32
2803.56
2803.85
2804.18
2804.58
2805.01
2805.46
2805.91
2806.38
2806.86
2807.4
2808.01
2808.68
2809.4
2810.12
2810.8
2811.4
2811.9
2812.3
2812.63
2812.88
2813.09
2813.25
2813.37
2813.48
2813.59
2813.72
2813.87
2814.04
2814.25
2814.47
2814.71
2814.96
2815.22
2815.48
2815.75
2816.03
2816.33
2816.65
2816.99
2817.34
2817.69
2818.04
2818.38
2818.71
2819.02
2819.33
2819.63
2819.93
2820.22
2820.52
2820.82
2821.14
2821.46
2821.8
2822.13
2822.46
2822.76
2823.04
2823.25
2823.38
2823.38
2823.25
2822.95
2822.49
2821.9
2821.18
2820.35
2819.41
2818.39
2817.3
2816.16
2814.96
2813.67
2812.26
2810.71
2808.99
2807.12
2805.09
2802.85
2800.37
2797.67
2794.73
2791.67
2788.3
2784.77
2780.9
2776.56
2771.73
2766.04
2759.79
2751.91
2741.95
2729.48
2713.75
2693.69
2667.6
2811.74
2806.7
2805.83
2804.29
2803.59
2802.2
2801.62
2800.53
2800.01
2799.34
2798.96
2798.76
2798.72
2798.94
2799.22
2799.57
2799.97
2800.42
2800.9
2801.39
2801.89
2802.33
2802.71
2803
2803.27
2803.53
2803.84
2804.19
2804.6
2805.05
2805.53
2806.02
2806.52
2807.05
2807.63
2808.26
2808.96
2809.71
2810.45
2811.15
2811.78
2812.31
2812.75
2813.11
2813.41
2813.65
2813.85
2814.02
2814.17
2814.32
2814.47
2814.65
2814.84
2815.06
2815.31
2815.56
2815.83
2816.11
2816.38
2816.67
2816.96
2817.27
2817.6
2817.95
2818.31
2818.67
2819.03
2819.37
2819.71
2820.03
2820.34
2820.65
2820.95
2821.25
2821.56
2821.87
2822.18
2822.51
2822.85
2823.18
2823.5
2823.8
2824.06
2824.26
2824.36
2824.35
2824.18
2823.85
2823.35
2822.71
2821.93
2821.02
2820.01
2818.9
2817.73
2816.51
2815.23
2813.87
2812.39
2810.77
2808.99
2807.06
2804.96
2802.66
2800.13
2797.37
2794.4
2791.31
2787.97
2784.34
2780.43
2776.08
2771.25
2765.52
2759.22
2751.35
2741.46
2729.22
2713.97
2694.73
2669.97
2810.82
2805.84
2804.99
2803.38
2802.74
2801.42
2800.92
2799.94
2799.5
2798.94
2798.65
2798.53
2798.52
2798.73
2798.98
2799.29
2799.65
2800.08
2800.55
2801.06
2801.57
2802.05
2802.46
2802.8
2803.11
2803.41
2803.75
2804.14
2804.58
2805.05
2805.56
2806.07
2806.61
2807.18
2807.8
2808.48
2809.21
2809.98
2810.76
2811.48
2812.14
2812.7
2813.17
2813.57
2813.9
2814.19
2814.44
2814.66
2814.85
2815.04
2815.23
2815.44
2815.66
2815.91
2816.17
2816.46
2816.75
2817.04
2817.34
2817.64
2817.95
2818.27
2818.61
2818.97
2819.33
2819.7
2820.07
2820.42
2820.76
2821.09
2821.41
2821.72
2822.03
2822.34
2822.65
2822.96
2823.28
2823.61
2823.94
2824.27
2824.58
2824.87
2825.11
2825.28
2825.35
2825.31
2825.11
2824.73
2824.2
2823.5
2822.66
2821.68
2820.59
2819.41
2818.16
2816.85
2815.49
2814.06
2812.51
2810.82
2808.98
2806.99
2804.82
2802.46
2799.88
2797.09
2794.12
2791.01
2787.69
2784.01
2780.11
2775.76
2770.94
2765.19
2758.84
2751.01
2741.27
2729.29
2714.53
2696.17
2672.76
2809.57
2804.65
2803.89
2802.24
2801.62
2800.37
2799.93
2799.04
2798.68
2798.18
2797.97
2797.9
2797.92
2798.13
2798.35
2798.65
2798.98
2799.43
2799.91
2800.46
2801.02
2801.55
2802.01
2802.4
2802.77
2803.13
2803.53
2803.98
2804.48
2805
2805.54
2806.08
2806.64
2807.25
2807.92
2808.64
2809.42
2810.23
2811.03
2811.78
2812.46
2813.05
2813.56
2813.99
2814.37
2814.7
2814.99
2815.26
2815.5
2815.74
2815.97
2816.22
2816.48
2816.76
2817.06
2817.38
2817.7
2818.02
2818.35
2818.67
2818.99
2819.33
2819.68
2820.04
2820.41
2820.79
2821.16
2821.52
2821.87
2822.2
2822.53
2822.85
2823.16
2823.48
2823.79
2824.11
2824.43
2824.76
2825.08
2825.4
2825.69
2825.95
2826.16
2826.3
2826.33
2826.25
2826.01
2825.6
2825.03
2824.28
2823.38
2822.33
2821.17
2819.91
2818.57
2817.19
2815.75
2814.23
2812.61
2810.86
2808.96
2806.9
2804.68
2802.26
2799.65
2796.84
2793.86
2790.74
2787.43
2783.79
2779.9
2775.58
2770.78
2765.05
2758.68
2750.96
2741.39
2729.69
2715.45
2698.03
2675.96
2807.92
2803.09
2802.39
2800.75
2800.16
2799
2798.62
2797.83
2797.54
2797.09
2796.9
2796.84
2796.87
2797.08
2797.29
2797.61
2797.97
2798.46
2798.98
2799.59
2800.2
2800.79
2801.32
2801.78
2802.21
2802.64
2803.11
2803.64
2804.21
2804.81
2805.42
2806.02
2806.63
2807.27
2807.97
2808.74
2809.56
2810.41
2811.25
2812.03
2812.74
2813.37
2813.91
2814.38
2814.8
2815.17
2815.52
2815.83
2816.13
2816.41
2816.7
2816.99
2817.3
2817.63
2817.97
2818.33
2818.69
2819.05
2819.4
2819.75
2820.09
2820.45
2820.8
2821.17
2821.55
2821.93
2822.31
2822.68
2823.03
2823.37
2823.7
2824.03
2824.35
2824.67
2824.99
2825.3
2825.63
2825.95
2826.26
2826.56
2826.83
2827.05
2827.22
2827.31
2827.3
2827.17
2826.89
2826.44
2825.82
2825.03
2824.07
2822.96
2821.73
2820.39
2818.99
2817.52
2816
2814.41
2812.71
2810.89
2808.93
2806.81
2804.54
2802.09
2799.44
2796.61
2793.64
2790.57
2787.29
2783.72
2779.86
2775.57
2770.8
2765.13
2758.76
2751.19
2741.81
2730.43
2716.76
2700.3
2679.55
2805.67
2801.01
2800.4
2798.82
2798.25
2797.16
2796.83
2796.17
2795.99
2795.6
2795.44
2795.38
2795.41
2795.62
2795.85
2796.22
2796.62
2797.17
2797.76
2798.43
2799.11
2799.77
2800.37
2800.9
2801.4
2801.91
2802.46
2803.07
2803.73
2804.42
2805.13
2805.82
2806.51
2807.22
2807.96
2808.77
2809.64
2810.53
2811.4
2812.22
2812.96
2813.62
2814.21
2814.72
2815.18
2815.61
2816
2816.36
2816.71
2817.05
2817.39
2817.74
2818.1
2818.48
2818.88
2819.28
2819.69
2820.1
2820.49
2820.87
2821.24
2821.62
2821.99
2822.36
2822.75
2823.13
2823.52
2823.89
2824.25
2824.6
2824.94
2825.26
2825.59
2825.91
2826.23
2826.55
2826.87
2827.18
2827.48
2827.75
2827.98
2828.16
2828.27
2828.31
2828.25
2828.07
2827.73
2827.24
2826.57
2825.73
2824.72
2823.56
2822.27
2820.87
2819.39
2817.85
2816.25
2814.58
2812.81
2810.93
2808.91
2806.73
2804.4
2801.91
2799.27
2796.47
2793.55
2790.51
2787.26
2783.71
2779.88
2775.66
2770.98
2765.42
2759.08
2751.68
2742.55
2731.55
2718.44
2702.95
2683.5
2802.81
2798.34
2797.84
2796.36
2795.81
2794.79
2794.55
2794.01
2793.9
2793.6
2793.49
2793.44
2793.49
2793.75
2794.04
2794.49
2794.95
2795.57
2796.22
2796.96
2797.71
2798.46
2799.14
2799.75
2800.34
2800.93
2801.56
2802.25
2803
2803.78
2804.59
2805.39
2806.2
2807.01
2807.85
2808.73
2809.64
2810.56
2811.47
2812.32
2813.1
2813.81
2814.44
2815.01
2815.52
2816
2816.44
2816.86
2817.25
2817.64
2818.04
2818.44
2818.87
2819.31
2819.77
2820.24
2820.7
2821.16
2821.61
2822.03
2822.44
2822.84
2823.23
2823.62
2824.01
2824.4
2824.78
2825.16
2825.53
2825.89
2826.23
2826.56
2826.88
2827.21
2827.53
2827.85
2828.16
2828.45
2828.72
2828.95
2829.14
2829.26
2829.32
2829.3
2829.17
2828.92
2828.53
2827.99
2827.27
2826.39
2825.33
2824.13
2822.79
2821.33
2819.79
2818.18
2816.5
2814.75
2812.92
2810.97
2808.88
2806.66
2804.3
2801.81
2799.2
2796.45
2793.58
2790.57
2787.38
2783.92
2780.14
2775.99
2771.38
2765.97
2759.66
2752.45
2743.61
2733.04
2720.48
2705.96
2687.8
2799.17
2794.93
2794.61
2793.32
2792.85
2791.86
2791.71
2791.3
2791.23
2790.99
2790.93
2790.96
2791.11
2791.47
2791.86
2792.4
2792.94
2793.64
2794.35
2795.16
2795.99
2796.83
2797.59
2798.3
2798.98
2799.66
2800.38
2801.16
2802
2802.88
2803.79
2804.7
2805.62
2806.56
2807.52
2808.52
2809.52
2810.51
2811.46
2812.35
2813.17
2813.91
2814.59
2815.21
2815.79
2816.32
2816.83
2817.3
2817.75
2818.19
2818.64
2819.1
2819.58
2820.1
2820.62
2821.16
2821.7
2822.23
2822.73
2823.21
2823.66
2824.1
2824.51
2824.92
2825.32
2825.72
2826.11
2826.49
2826.87
2827.23
2827.57
2827.9
2828.23
2828.55
2828.87
2829.17
2829.47
2829.74
2829.97
2830.16
2830.29
2830.36
2830.35
2830.25
2830.05
2829.73
2829.28
2828.68
2827.91
2826.98
2825.89
2824.65
2823.28
2821.79
2820.19
2818.51
2816.76
2814.94
2813.03
2811.02
2808.89
2806.64
2804.27
2801.81
2799.23
2796.53
2793.71
2790.77
2787.67
2784.29
2780.6
2776.54
2772.01
2766.78
2760.53
2753.51
2744.98
2734.88
2722.89
2709.32
2692.42
2795
2790.91
2790.69
2789.63
2789.29
2788.43
2788.34
2787.95
2787.89
2787.71
2787.78
2787.98
2788.31
2788.82
2789.32
2789.96
2790.58
2791.34
2792.12
2793.01
2793.92
2794.84
2795.69
2796.5
2797.27
2798.06
2798.88
2799.76
2800.7
2801.68
2802.68
2803.7
2804.74
2805.8
2806.9
2808.02
2809.15
2810.26
2811.31
2812.27
2813.14
2813.93
2814.65
2815.33
2815.97
2816.58
2817.15
2817.68
2818.19
2818.69
2819.19
2819.71
2820.25
2820.83
2821.43
2822.05
2822.67
2823.27
2823.85
2824.39
2824.9
2825.38
2825.83
2826.26
2826.68
2827.09
2827.49
2827.88
2828.26
2828.62
2828.97
2829.3
2829.62
2829.93
2830.23
2830.52
2830.8
2831.03
2831.22
2831.35
2831.43
2831.43
2831.34
2831.16
2830.87
2830.47
2829.95
2829.29
2828.48
2827.52
2826.4
2825.14
2823.75
2822.22
2820.59
2818.85
2817.03
2815.14
2813.17
2811.12
2808.95
2806.69
2804.33
2801.89
2799.36
2796.73
2793.99
2791.13
2788.13
2784.88
2781.29
2777.32
2772.89
2767.83
2761.73
2754.85
2746.66
2737.07
2725.66
2712.99
2697.32
2790.4
2786.45
2786.23
2785.28
2785.15
2784.47
2784.41
2784.02
2784.03
2784
2784.27
2784.65
2785.14
2785.78
2786.39
2787.13
2787.83
2788.67
2789.52
2790.49
2791.46
2792.48
2793.42
2794.34
2795.21
2796.1
2797.03
2798.01
2799.06
2800.15
2801.26
2802.39
2803.55
2804.74
2805.96
2807.21
2808.47
2809.71
2810.88
2811.97
2812.95
2813.83
2814.62
2815.35
2816.05
2816.72
2817.37
2817.99
2818.57
2819.13
2819.69
2820.26
2820.86
2821.5
2822.18
2822.88
2823.58
2824.27
2824.93
2825.55
2826.12
2826.66
2827.16
2827.63
2828.07
2828.5
2828.92
2829.32
2829.7
2830.06
2830.4
2830.72
2831.03
2831.33
2831.61
2831.88
2832.12
2832.32
2832.45
2832.53
2832.53
2832.46
2832.28
2832
2831.62
2831.14
2830.55
2829.83
2828.98
2827.99
2826.86
2825.59
2824.19
2822.65
2820.99
2819.22
2817.34
2815.39
2813.36
2811.26
2809.08
2806.82
2804.49
2802.09
2799.63
2797.09
2794.45
2791.7
2788.81
2785.68
2782.22
2778.36
2774.02
2769.11
2763.24
2756.48
2748.65
2739.56
2728.8
2716.95
2702.47
2785.52
2781.77
2781.53
2780.61
2780.45
2779.82
2779.87
2779.66
2779.87
2780.06
2780.51
2781.02
2781.64
2782.37
2783.09
2783.91
2784.7
2785.61
2786.53
2787.57
2788.62
2789.72
2790.76
2791.77
2792.75
2793.75
2794.78
2795.88
2797.03
2798.23
2799.46
2800.71
2802
2803.32
2804.67
2806.06
2807.45
2808.81
2810.12
2811.34
2812.45
2813.47
2814.4
2815.25
2816.03
2816.77
2817.49
2818.19
2818.85
2819.49
2820.12
2820.75
2821.41
2822.11
2822.85
2823.62
2824.41
2825.19
2825.94
2826.65
2827.3
2827.9
2828.46
2828.98
2829.47
2829.94
2830.38
2830.79
2831.18
2831.53
2831.86
2832.17
2832.46
2832.73
2832.99
2833.23
2833.42
2833.57
2833.65
2833.66
2833.58
2833.41
2833.14
2832.77
2832.29
2831.72
2831.06
2830.29
2829.4
2828.39
2827.26
2826
2824.61
2823.08
2821.41
2819.61
2817.69
2815.69
2813.62
2811.5
2809.31
2807.07
2804.79
2802.46
2800.09
2797.66
2795.14
2792.51
2789.72
2786.72
2783.39
2779.65
2775.42
2770.63
2765.03
2758.44
2750.96
2742.33
2732.27
2721.19
2707.85
2780.29
2776.81
2776.6
2775.8
2775.72
2775.22
2775.36
2775.3
2775.63
2775.94
2776.46
2777.06
2777.76
2778.59
2779.39
2780.3
2781.18
2782.17
2783.17
2784.28
2785.4
2786.57
2787.7
2788.81
2789.9
2791.01
2792.15
2793.35
2794.61
2795.92
2797.27
2798.65
2800.06
2801.52
2803.02
2804.55
2806.07
2807.56
2808.99
2810.34
2811.6
2812.77
2813.86
2814.87
2815.81
2816.68
2817.5
2818.26
2819.01
2819.74
2820.45
2821.16
2821.88
2822.64
2823.44
2824.28
2825.14
2826.01
2826.85
2827.65
2828.4
2829.08
2829.71
2830.29
2830.83
2831.34
2831.82
2832.26
2832.66
2833.01
2833.33
2833.62
2833.88
2834.13
2834.35
2834.54
2834.68
2834.76
2834.77
2834.71
2834.55
2834.28
2833.91
2833.44
2832.87
2832.22
2831.48
2830.66
2829.75
2828.74
2827.62
2826.38
2825.02
2823.51
2821.85
2820.05
2818.12
2816.08
2813.98
2811.84
2809.67
2807.47
2805.27
2803.04
2800.79
2798.49
2796.1
2793.58
2790.9
2788.01
2784.8
2781.18
2777.08
2772.41
2767.06
2760.72
2753.56
2745.39
2736.01
2725.68
2713.43
2774.69
2771.49
2771.33
2770.67
2770.71
2770.34
2770.54
2770.61
2770.99
2771.4
2772.03
2772.74
2773.52
2774.42
2775.31
2776.3
2777.27
2778.33
2779.4
2780.58
2781.77
2783.02
2784.22
2785.43
2786.62
2787.83
2789.08
2790.39
2791.76
2793.18
2794.64
2796.14
2797.69
2799.29
2800.93
2802.6
2804.27
2805.9
2807.47
2808.96
2810.36
2811.67
2812.92
2814.11
2815.24
2816.3
2817.29
2818.2
2819.05
2819.86
2820.66
2821.46
2822.25
2823.08
2823.94
2824.84
2825.78
2826.73
2827.66
2828.55
2829.38
2830.15
2830.85
2831.51
2832.11
2832.68
2833.21
2833.68
2834.1
2834.46
2834.76
2835.03
2835.27
2835.47
2835.65
2835.78
2835.86
2835.87
2835.81
2835.65
2835.39
2835.03
2834.56
2834
2833.34
2832.62
2831.83
2830.97
2830.05
2829.05
2827.95
2826.75
2825.42
2823.95
2822.33
2820.54
2818.61
2816.57
2814.46
2812.33
2810.2
2808.09
2805.99
2803.89
2801.77
2799.6
2797.34
2794.95
2792.37
2789.58
2786.48
2782.98
2779
2774.47
2769.32
2763.31
2756.44
2748.71
2739.97
2730.41
2719.18
2768.68
2765.77
2765.66
2765.14
2765.29
2765.1
2765.39
2765.58
2766.03
2766.52
2767.21
2768
2768.87
2769.86
2770.85
2771.92
2772.98
2774.12
2775.26
2776.51
2777.76
2779.08
2780.36
2781.66
2782.95
2784.26
2785.62
2787.03
2788.5
2790.02
2791.59
2793.21
2794.89
2796.62
2798.4
2800.21
2802.02
2803.8
2805.51
2807.14
2808.69
2810.16
2811.57
2812.93
2814.24
2815.5
2816.7
2817.82
2818.85
2819.81
2820.71
2821.58
2822.46
2823.36
2824.29
2825.26
2826.26
2827.29
2828.3
2829.27
2830.18
2831.03
2831.82
2832.55
2833.23
2833.87
2834.46
2834.99
2835.44
2835.81
2836.11
2836.36
2836.57
2836.73
2836.86
2836.93
2836.94
2836.87
2836.71
2836.46
2836.1
2835.65
2835.09
2834.44
2833.72
2832.93
2832.1
2831.23
2830.31
2829.33
2828.27
2827.12
2825.84
2824.43
2822.86
2821.12
2819.23
2817.22
2815.14
2813.05
2810.99
2808.98
2807
2805.04
2803.06
2801.02
2798.89
2796.61
2794.15
2791.44
2788.43
2785.05
2781.2
2776.82
2771.85
2766.16
2759.61
2752.31
2744.14
2735.34
2725.09
2762.24
2759.62
2759.54
2759.16
2759.41
2759.36
2759.74
2760.03
2760.61
2761.23
2762.03
2762.91
2763.87
2764.91
2765.97
2767.12
2768.25
2769.47
2770.69
2772
2773.32
2774.71
2776.07
2777.46
2778.84
2780.26
2781.71
2783.23
2784.79
2786.42
2788.09
2789.83
2791.62
2793.48
2795.39
2797.34
2799.28
2801.2
2803.05
2804.83
2806.53
2808.17
2809.75
2811.29
2812.79
2814.24
2815.64
2816.97
2818.23
2819.4
2820.49
2821.51
2822.5
2823.49
2824.49
2825.53
2826.61
2827.7
2828.79
2829.84
2830.83
2831.77
2832.65
2833.46
2834.23
2834.93
2835.58
2836.15
2836.63
2837.03
2837.34
2837.57
2837.74
2837.87
2837.93
2837.94
2837.87
2837.71
2837.45
2837.1
2836.65
2836.11
2835.48
2834.77
2834
2833.19
2832.34
2831.47
2830.56
2829.62
2828.6
2827.51
2826.3
2824.96
2823.45
2821.79
2819.98
2818.06
2816.06
2814.07
2812.11
2810.22
2808.37
2806.54
2804.69
2802.78
2800.76
2798.59
2796.22
2793.6
2790.68
2787.41
2783.69
2779.47
2774.68
2769.26
2763.06
2756.17
2748.53
2740.47
2731.15
2755.35
2753.05
2753.01
2752.8
2753.15
2753.26
2753.73
2754.11
2754.78
2755.48
2756.38
2757.36
2758.43
2759.58
2760.74
2761.98
2763.21
2764.5
2765.79
2767.16
2768.54
2769.98
2771.41
2772.88
2774.34
2775.86
2777.41
2779.03
2780.69
2782.41
2784.18
2786.02
2787.92
2789.9
2791.93
2794.01
2796.08
2798.12
2800.11
2802.02
2803.87
2805.66
2807.42
2809.14
2810.84
2812.49
2814.1
2815.63
2817.09
2818.46
2819.75
2820.98
2822.15
2823.29
2824.43
2825.58
2826.73
2827.88
2829.02
2830.13
2831.18
2832.17
2833.11
2834
2834.84
2835.62
2836.33
2836.97
2837.5
2837.94
2838.28
2838.54
2838.71
2838.8
2838.82
2838.75
2838.59
2838.33
2837.99
2837.55
2837.02
2836.42
2835.74
2835
2834.22
2833.4
2832.56
2831.71
2830.84
2829.93
2828.98
2827.96
2826.83
2825.58
2824.17
2822.62
2820.95
2819.16
2817.32
2815.46
2813.64
2811.88
2810.16
2808.44
2806.7
2804.89
2802.97
2800.89
2798.61
2796.07
2793.24
2790.06
2786.47
2782.41
2777.81
2772.63
2766.78
2760.29
2753.16
2745.76
2737.34
2747.99
2746.02
2746.02
2745.97
2746.42
2746.68
2747.31
2747.85
2748.66
2749.51
2750.51
2751.55
2752.67
2753.87
2755.09
2756.39
2757.69
2759.06
2760.42
2761.86
2763.3
2764.81
2766.31
2767.86
2769.41
2771.03
2772.68
2774.4
2776.15
2777.96
2779.82
2781.76
2783.76
2785.85
2788
2790.19
2792.38
2794.54
2796.64
2798.68
2800.66
2802.6
2804.52
2806.41
2808.29
2810.15
2811.95
2813.7
2815.36
2816.94
2818.45
2819.88
2821.26
2822.61
2823.94
2825.25
2826.54
2827.8
2829.02
2830.19
2831.3
2832.36
2833.36
2834.32
2835.23
2836.09
2836.86
2837.52
2838.11
2838.6
2838.98
2839.26
2839.42
2839.49
2839.46
2839.32
2839.08
2838.74
2838.31
2837.8
2837.23
2836.59
2835.91
2835.18
2834.41
2833.62
2832.82
2832
2831.18
2830.33
2829.45
2828.5
2827.47
2826.32
2825.05
2823.65
2822.15
2820.57
2818.93
2817.26
2815.62
2814
2812.39
2810.78
2809.12
2807.38
2805.53
2803.52
2801.31
2798.85
2796.1
2793.02
2789.55
2785.65
2781.24
2776.29
2770.76
2764.67
2758.02
2751.22
2743.62
2740.21
2738.59
2738.64
2738.75
2739.28
2739.69
2740.43
2741.07
2741.97
2742.91
2744.02
2745.2
2746.46
2747.78
2749.12
2750.51
2751.89
2753.33
2754.76
2756.24
2757.73
2759.28
2760.83
2762.45
2764.08
2765.79
2767.53
2769.33
2771.17
2773.07
2775.01
2777.03
2779.13
2781.32
2783.57
2785.87
2788.16
2790.43
2792.64
2794.8
2796.9
2798.97
2801.03
2803.08
2805.13
2807.16
2809.14
2811.08
2812.94
2814.73
2816.44
2818.08
2819.67
2821.22
2822.74
2824.24
2825.71
2827.14
2828.5
2829.77
2830.95
2832.06
2833.11
2834.1
2835.04
2835.94
2836.77
2837.51
2838.17
2838.72
2839.16
2839.48
2839.68
2839.75
2839.71
2839.54
2839.25
2838.87
2838.41
2837.88
2837.3
2836.68
2836.02
2835.33
2834.61
2833.88
2833.13
2832.38
2831.62
2830.84
2830.04
2829.19
2828.27
2827.28
2826.18
2824.99
2823.72
2822.38
2820.98
2819.54
2818.07
2816.59
2815.1
2813.56
2811.96
2810.28
2808.47
2806.52
2804.37
2801.98
2799.31
2796.32
2792.96
2789.2
2784.97
2780.25
2775
2769.29
2763.1
2756.84
2749.99
2732.03
2730.78
2730.87
2731.11
2731.76
2732.34
2733.25
2734.07
2735.14
2736.22
2737.42
2738.66
2739.96
2741.33
2742.72
2744.18
2745.65
2747.16
2748.66
2750.21
2751.75
2753.36
2754.97
2756.66
2758.38
2760.18
2762.01
2763.9
2765.82
2767.79
2769.81
2771.91
2774.09
2776.37
2778.71
2781.1
2783.48
2785.84
2788.15
2790.41
2792.63
2794.82
2797.01
2799.2
2801.38
2803.56
2805.7
2807.8
2809.84
2811.81
2813.73
2815.58
2817.38
2819.14
2820.87
2822.58
2824.24
2825.84
2827.34
2828.75
2830.05
2831.24
2832.33
2833.34
2834.27
2835.14
2835.95
2836.72
2837.42
2838.04
2838.57
2838.99
2839.28
2839.44
2839.45
2839.34
2839.1
2838.75
2838.33
2837.84
2837.3
2836.73
2836.12
2835.5
2834.87
2834.23
2833.58
2832.92
2832.23
2831.54
2830.83
2830.09
2829.31
2828.5
2827.63
2826.69
2825.69
2824.62
2823.49
2822.28
2821
2819.66
2818.26
2816.8
2815.24
2813.59
2811.82
2809.9
2807.8
2805.47
2802.87
2799.97
2796.71
2793.07
2789.01
2784.49
2779.49
2774.12
2768.36
2762.63
2756.46
2723.52
2722.67
2722.81
2723.15
2723.89
2724.62
2725.64
2726.58
2727.75
2728.92
2730.24
2731.61
2733.05
2734.54
2736.05
2737.61
2739.17
2740.76
2742.31
2743.9
2745.48
2747.12
2748.78
2750.53
2752.33
2754.21
2756.12
2758.09
2760.08
2762.12
2764.21
2766.38
2768.63
2770.98
2773.4
2775.86
2778.32
2780.76
2783.15
2785.5
2787.81
2790.1
2792.4
2794.7
2797
2799.3
2801.57
2803.8
2805.99
2808.12
2810.2
2812.22
2814.2
2816.15
2818.08
2819.98
2821.83
2823.61
2825.31
2826.91
2828.39
2829.74
2830.96
2832.06
2833.06
2833.96
2834.79
2835.55
2836.24
2836.88
2837.45
2837.93
2838.32
2838.58
2838.7
2838.7
2838.58
2838.35
2838.04
2837.66
2837.22
2836.74
2836.24
2835.74
2835.23
2834.71
2834.17
2833.62
2833.04
2832.46
2831.86
2831.27
2830.68
2830.1
2829.51
2828.87
2828.17
2827.38
2826.51
2825.52
2824.42
2823.2
2821.88
2820.46
2818.94
2817.31
2815.57
2813.68
2811.62
2809.35
2806.81
2803.98
2800.8
2797.26
2793.33
2788.98
2784.22
2779.16
2773.83
2768.58
2763.03
2714.78
2714.31
2714.51
2714.97
2715.81
2716.68
2717.83
2718.93
2720.23
2721.51
2722.92
2724.36
2725.87
2727.42
2729.01
2730.65
2732.3
2733.97
2735.6
2737.24
2738.87
2740.55
2742.27
2744.08
2745.95
2747.91
2749.9
2751.94
2754
2756.1
2758.25
2760.48
2762.8
2765.21
2767.69
2770.22
2772.73
2775.23
2777.68
2780.09
2782.48
2784.86
2787.24
2789.63
2792.02
2794.41
2796.78
2799.13
2801.44
2803.7
2805.91
2808.08
2810.2
2812.3
2814.36
2816.39
2818.38
2820.31
2822.18
2823.97
2825.64
2827.19
2828.59
2829.85
2830.96
2831.94
2832.82
2833.61
2834.33
2835
2835.62
2836.18
2836.67
2837.06
2837.35
2837.53
2837.61
2837.6
2837.5
2837.32
2837.07
2836.78
2836.45
2836.12
2835.77
2835.4
2835.01
2834.6
2834.17
2833.73
2833.3
2832.89
2832.52
2832.19
2831.88
2831.54
2831.12
2830.61
2829.99
2829.21
2828.28
2827.18
2825.95
2824.57
2823.08
2821.47
2819.74
2817.87
2815.84
2813.6
2811.11
2808.33
2805.21
2801.75
2797.91
2793.73
2789.2
2784.45
2779.51
2774.73
2769.74
2705.96
2705.83
2706.1
2706.67
2707.58
2708.57
2709.82
2711.05
2712.47
2713.86
2715.38
2716.91
2718.51
2720.14
2721.81
2723.52
2725.24
2726.97
2728.65
2730.33
2732
2733.72
2735.48
2737.36
2739.3
2741.33
2743.4
2745.5
2747.62
2749.78
2751.98
2754.27
2756.63
2759.1
2761.62
2764.18
2766.74
2769.27
2771.76
2774.22
2776.67
2779.1
2781.54
2783.99
2786.44
2788.9
2791.35
2793.77
2796.17
2798.53
2800.84
2803.1
2805.32
2807.5
2809.64
2811.75
2813.82
2815.87
2817.88
2819.84
2821.71
2823.48
2825.12
2826.61
2827.93
2829.1
2830.11
2831
2831.79
2832.51
2833.18
2833.8
2834.38
2834.91
2835.38
2835.79
2836.13
2836.4
2836.59
2836.71
2836.76
2836.76
2836.71
2836.6
2836.45
2836.27
2836.06
2835.84
2835.61
2835.38
2835.18
2835.01
2834.89
2834.81
2834.77
2834.71
2834.56
2834.3
2833.9
2833.32
2832.56
2831.59
2830.43
2829.11
2827.64
2826.05
2824.34
2822.48
2820.46
2818.24
2815.77
2813.01
2809.93
2806.51
2802.77
2798.74
2794.45
2790.02
2785.47
2781.09
2776.57
2697.21
2697.35
2697.73
2698.41
2699.36
2700.46
2701.79
2703.14
2704.66
2706.15
2707.74
2709.32
2710.97
2712.66
2714.39
2716.17
2717.95
2719.73
2721.47
2723.2
2724.9
2726.66
2728.48
2730.42
2732.43
2734.54
2736.67
2738.84
2741.01
2743.22
2745.47
2747.8
2750.21
2752.7
2755.24
2757.82
2760.39
2762.93
2765.44
2767.93
2770.4
2772.87
2775.34
2777.82
2780.3
2782.79
2785.28
2787.75
2790.2
2792.61
2794.98
2797.29
2799.56
2801.77
2803.94
2806.08
2808.2
2810.31
2812.4
2814.46
2816.49
2818.44
2820.29
2822.01
2823.59
2825
2826.26
2827.37
2828.36
2829.26
2830.08
2830.85
2831.57
2832.26
2832.93
2833.56
2834.18
2834.78
2835.33
2835.85
2836.3
2836.68
2836.99
2837.2
2837.33
2837.42
2837.47
2837.5
2837.54
2837.59
2837.66
2837.76
2837.89
2838.05
2838.22
2838.37
2838.44
2838.38
2838.17
2837.78
2837.18
2836.35
2835.31
2834.07
2832.66
2831.09
2829.39
2827.53
2825.5
2823.26
2820.78
2818.02
2814.96
2811.59
2807.94
2804.07
2800.02
2795.9
2791.71
2787.68
2783.54
2688.78
2689.09
2689.56
2690.32
2691.3
2692.48
2693.87
2695.32
2696.92
2698.48
2700.13
2701.75
2703.44
2705.16
2706.93
2708.75
2710.58
2712.4
2714.18
2715.94
2717.68
2719.48
2721.34
2723.34
2725.42
2727.59
2729.79
2732.03
2734.25
2736.5
2738.78
2741.13
2743.55
2746.05
2748.59
2751.15
2753.71
2756.24
2758.74
2761.23
2763.7
2766.17
2768.64
2771.11
2773.59
2776.07
2778.55
2781.02
2783.47
2785.89
2788.27
2790.59
2792.86
2795.08
2797.26
2799.41
2801.54
2803.67
2805.8
2807.93
2810.04
2812.12
2814.13
2816.06
2817.87
2819.57
2821.15
2822.6
2823.94
2825.17
2826.31
2827.36
2828.35
2829.27
2830.17
2831.04
2831.93
2832.84
2833.76
2834.68
2835.57
2836.38
2837.11
2837.74
2838.27
2838.73
2839.14
2839.52
2839.89
2840.27
2840.64
2841.03
2841.41
2841.78
2842.13
2842.44
2842.68
2842.79
2842.75
2842.54
2842.11
2841.44
2840.54
2839.42
2838.1
2836.58
2834.89
2833.02
2830.96
2828.68
2826.17
2823.4
2820.35
2817.03
2813.48
2809.76
2805.94
2802.1
2798.22
2794.47
2790.62
2680.83
2681.26
2681.79
2682.58
2683.56
2684.79
2686.2
2687.73
2689.37
2690.98
2692.66
2694.31
2696.02
2697.75
2699.55
2701.38
2703.22
2705.07
2706.86
2708.63
2710.39
2712.22
2714.13
2716.18
2718.32
2720.56
2722.82
2725.09
2727.35
2729.63
2731.92
2734.28
2736.68
2739.15
2741.65
2744.18
2746.69
2749.19
2751.66
2754.11
2756.55
2758.99
2761.42
2763.84
2766.27
2768.7
2771.12
2773.54
2775.95
2778.33
2780.68
2782.98
2785.23
2787.43
2789.59
2791.72
2793.85
2795.98
2798.13
2800.29
2802.47
2804.64
2806.78
2808.87
2810.9
2812.88
2814.78
2816.63
2818.4
2820.1
2821.72
2823.23
2824.63
2825.95
2827.19
2828.38
2829.57
2830.77
2831.99
2833.25
2834.51
2835.76
2836.96
2838.12
2839.18
2840.16
2841.07
2841.91
2842.7
2843.44
2844.14
2844.79
2845.41
2845.97
2846.47
2846.9
2847.26
2847.53
2847.64
2847.58
2847.32
2846.83
2846.12
2845.16
2843.96
2842.53
2840.87
2838.98
2836.88
2834.54
2831.98
2829.19
2826.15
2822.89
2819.44
2815.87
2812.24
2808.62
2804.99
2801.46
2797.82
2673.45
2673.97
2674.55
2675.33
2676.3
2677.53
2678.95
2680.51
2682.17
2683.83
2685.52
2687.18
2688.88
2690.6
2692.38
2694.19
2696.02
2697.85
2699.63
2701.39
2703.14
2704.98
2706.91
2709
2711.18
2713.46
2715.74
2718.05
2720.32
2722.6
2724.88
2727.2
2729.56
2731.97
2734.41
2736.86
2739.3
2741.73
2744.13
2746.52
2748.89
2751.25
2753.59
2755.93
2758.27
2760.6
2762.93
2765.26
2767.58
2769.89
2772.18
2774.43
2776.64
2778.81
2780.95
2783.08
2785.21
2787.36
2789.55
2791.77
2794.03
2796.3
2798.58
2800.85
2803.11
2805.35
2807.58
2809.8
2812
2814.18
2816.32
2818.37
2820.33
2822.18
2823.93
2825.59
2827.19
2828.74
2830.28
2831.82
2833.4
2835.01
2836.65
2838.3
2839.94
2841.51
2843
2844.38
2845.64
2846.79
2847.83
2848.77
2849.62
2850.37
2851.03
2851.6
2852.08
2852.47
2852.76
2852.88
2852.8
2852.52
2852
2851.24
2850.2
2848.88
2847.27
2845.4
2843.26
2840.88
2838.28
2835.46
2832.44
2829.24
2825.88
2822.42
2818.93
2815.47
2812.01
2808.65
2805.19
2666.68
2667.28
2667.88
2668.64
2669.59
2670.79
2672.18
2673.76
2675.41
2677.09
2678.76
2680.42
2682.09
2683.77
2685.5
2687.26
2689.03
2690.8
2692.51
2694.22
2695.94
2697.76
2699.69
2701.78
2703.97
2706.24
2708.53
2710.82
2713.07
2715.33
2717.56
2719.82
2722.1
2724.43
2726.77
2729.12
2731.46
2733.78
2736.08
2738.36
2740.62
2742.86
2745.1
2747.32
2749.53
2751.74
2753.96
2756.18
2758.41
2760.63
2762.86
2765.06
2767.25
2769.41
2771.57
2773.73
2775.92
2778.14
2780.41
2782.73
2785.11
2787.52
2789.96
2792.42
2794.9
2797.4
2799.93
2802.48
2805.05
2807.64
2810.22
2812.77
2815.28
2817.71
2820.07
2822.32
2824.48
2826.54
2828.52
2830.43
2832.33
2834.25
2836.23
2838.27
2840.38
2842.47
2844.52
2846.46
2848.26
2849.89
2851.36
2852.66
2853.82
2854.84
2855.73
2856.5
2857.16
2857.72
2858.18
2858.51
2858.65
2858.55
2858.25
2857.7
2856.85
2855.68
2854.17
2852.34
2850.2
2847.79
2845.16
2842.31
2839.29
2836.13
2832.84
2829.47
2826.07
2822.69
2819.34
2816.09
2812.77
2660.51
2661.17
2661.79
2662.53
2663.45
2664.6
2665.95
2667.49
2669.11
2670.79
2672.43
2674.08
2675.69
2677.33
2678.97
2680.65
2682.31
2683.97
2685.58
2687.2
2688.85
2690.62
2692.5
2694.54
2696.67
2698.89
2701.12
2703.36
2705.55
2707.73
2709.89
2712.06
2714.23
2716.44
2718.66
2720.88
2723.09
2725.28
2727.43
2729.57
2731.69
2733.81
2735.91
2738.02
2740.12
2742.23
2744.35
2746.49
2748.65
2750.83
2753.02
2755.23
2757.43
2759.64
2761.87
2764.12
2766.41
2768.75
2771.15
2773.61
2776.13
2778.71
2781.33
2783.99
2786.7
2789.45
2792.25
2795.09
2797.98
2800.89
2803.82
2806.76
2809.7
2812.63
2815.53
2818.4
2821.2
2823.91
2826.51
2828.98
2831.36
2833.67
2835.97
2838.31
2840.73
2843.18
2845.61
2848
2850.28
2852.4
2854.33
2856.08
2857.64
2859.03
2860.26
2861.34
2862.28
2863.09
2863.77
2864.33
2864.71
2864.85
2864.75
2864.42
2863.79
2862.82
2861.46
2859.74
2857.66
2855.29
2852.67
2849.83
2846.83
2843.68
2840.43
2837.09
2833.72
2830.38
2827.07
2823.87
2820.63
2654.87
2655.59
2656.2
2656.91
2657.79
2658.86
2660.13
2661.61
2663.16
2664.81
2666.41
2668.04
2669.6
2671.18
2672.73
2674.28
2675.81
2677.31
2678.77
2680.26
2681.8
2683.47
2685.26
2687.19
2689.21
2691.31
2693.41
2695.53
2697.6
2699.66
2701.7
2703.75
2705.8
2707.89
2709.98
2712.07
2714.15
2716.2
2718.23
2720.25
2722.27
2724.29
2726.32
2728.36
2730.41
2732.47
2734.56
2736.68
2738.84
2741.02
2743.25
2745.5
2747.77
2750.08
2752.41
2754.78
2757.2
2759.68
2762.23
2764.84
2767.51
2770.25
2773.04
2775.89
2778.79
2781.76
2784.79
2787.88
2791.02
2794.21
2797.41
2800.65
2803.9
2807.18
2810.49
2813.81
2817.15
2820.46
2823.72
2826.88
2829.92
2832.82
2835.6
2838.27
2840.88
2843.47
2846.1
2848.73
2851.34
2853.87
2856.29
2858.55
2860.65
2862.58
2864.33
2865.91
2867.3
2868.51
2869.53
2870.39
2871.04
2871.49
2871.62
2871.5
2871.12
2870.39
2869.26
2867.73
2865.82
2863.55
2860.99
2858.18
2855.19
2852.03
2848.77
2845.42
2842.04
2838.67
2835.34
2832.11
2828.85
2649.6
2650.38
2650.99
2651.67
2652.48
2653.46
2654.61
2655.96
2657.42
2658.99
2660.55
2662.13
2663.64
2665.16
2666.6
2668.03
2669.4
2670.73
2672.03
2673.36
2674.77
2676.3
2677.95
2679.73
2681.59
2683.51
2685.44
2687.37
2689.28
2691.19
2693.1
2695.03
2696.99
2698.99
2701
2703.01
2705
2706.98
2708.94
2710.9
2712.87
2714.86
2716.88
2718.91
2720.98
2723.06
2725.18
2727.34
2729.54
2731.78
2734.07
2736.4
2738.77
2741.17
2743.62
2746.11
2748.66
2751.27
2753.95
2756.69
2759.51
2762.38
2765.32
2768.33
2771.4
2774.54
2777.75
2781.03
2784.37
2787.76
2791.19
2794.66
2798.16
2801.71
2805.3
2808.95
2812.63
2816.34
2820.06
2823.74
2827.37
2830.89
2834.27
2837.48
2840.5
2843.39
2846.22
2848.99
2851.77
2854.58
2857.4
2860.15
2862.78
2865.3
2867.65
2869.83
2871.8
2873.53
2875.03
2876.28
2877.28
2878.04
2878.49
2878.63
2878.5
2878.08
2877.28
2876.07
2874.45
2872.43
2870.08
2867.39
2864.48
2861.33
2858.04
2854.62
2851.15
2847.68
2844.22
2840.85
2837.45
2644.35
2645.19
2645.81
2646.5
2647.26
2648.16
2649.19
2650.4
2651.73
2653.2
2654.68
2656.21
2657.66
2659.11
2660.46
2661.77
2662.99
2664.17
2665.34
2666.54
2667.83
2669.24
2670.75
2672.37
2674.05
2675.77
2677.51
2679.25
2680.98
2682.74
2684.53
2686.39
2688.3
2690.27
2692.27
2694.27
2696.25
2698.22
2700.19
2702.15
2704.14
2706.16
2708.21
2710.3
2712.42
2714.57
2716.76
2718.98
2721.26
2723.57
2725.94
2728.34
2730.79
2733.29
2735.83
2738.42
2741.07
2743.79
2746.57
2749.43
2752.35
2755.33
2758.38
2761.5
2764.69
2767.95
2771.29
2774.7
2778.18
2781.72
2785.32
2788.98
2792.68
2796.44
2800.25
2804.11
2808
2811.92
2815.86
2819.81
2823.75
2827.65
2831.48
2835.21
2838.82
2842.28
2845.56
2848.68
2851.71
2854.71
2857.73
2860.79
2863.85
2866.88
2869.82
2872.63
2875.27
2877.68
2879.82
2881.67
2883.21
2884.45
2885.35
2885.96
2886.2
2886.19
2885.82
2885.08
2883.92
2882.29
2880.25
2877.76
2874.95
2871.8
2868.45
2864.92
2861.29
2857.61
2853.89
2850.21
2846.48
2639.47
2640.3
2640.86
2641.49
2642.16
2642.91
2643.78
2644.81
2645.98
2647.31
2648.69
2650.16
2651.58
2653.01
2654.32
2655.58
2656.73
2657.85
2658.95
2660.09
2661.32
2662.65
2664.07
2665.57
2667.11
2668.67
2670.25
2671.83
2673.43
2675.06
2676.77
2678.58
2680.48
2682.47
2684.51
2686.55
2688.58
2690.6
2692.6
2694.62
2696.65
2698.72
2700.83
2702.98
2705.16
2707.39
2709.65
2711.95
2714.3
2716.68
2719.11
2721.57
2724.08
2726.63
2729.23
2731.88
2734.59
2737.37
2740.22
2743.15
2746.14
2749.2
2752.33
2755.54
2758.8
2762.14
2765.56
2769.04
2772.59
2776.22
2779.91
2783.66
2787.47
2791.34
2795.25
2799.19
2803.17
2807.18
2811.21
2815.27
2819.35
2823.47
2827.59
2831.7
2835.76
2839.72
2843.56
2847.27
2850.85
2854.27
2857.61
2860.96
2864.36
2867.78
2871.17
2874.46
2877.68
2880.74
2883.57
2886.11
2888.34
2890.22
2891.73
2892.88
2893.66
2894.16
2894.3
2894.15
2893.61
2892.56
2891.06
2888.97
2886.43
2883.41
2880.02
2876.34
2872.42
2868.37
2864.19
2859.98
2855.68
2635.49
2636.33
2636.87
2637.46
2638.05
2638.7
2639.42
2640.27
2641.24
2642.38
2643.62
2644.97
2646.28
2647.62
2648.84
2650.02
2651.11
2652.2
2653.29
2654.44
2655.67
2657
2658.39
2659.82
2661.27
2662.72
2664.19
2665.66
2667.17
2668.73
2670.39
2672.16
2674.06
2676.06
2678.13
2680.23
2682.33
2684.41
2686.49
2688.56
2690.66
2692.77
2694.93
2697.13
2699.36
2701.64
2703.96
2706.32
2708.72
2711.15
2713.62
2716.13
2718.67
2721.25
2723.87
2726.55
2729.29
2732.1
2734.98
2737.95
2740.99
2744.1
2747.28
2750.53
2753.84
2757.22
2760.67
2764.18
2767.75
2771.4
2775.12
2778.91
2782.75
2786.66
2790.61
2794.61
2798.64
2802.7
2806.79
2810.91
2815.07
2819.27
2823.51
2827.79
2832.1
2836.4
2840.7
2844.96
2849.13
2853.19
2857.12
2860.9
2864.58
2868.18
2871.76
2875.33
2878.94
2882.53
2885.99
2889.24
2892.26
2895
2897.42
2899.46
2901.13
2902.43
2903.38
2904.06
2904.28
2904
2903.19
2901.65
2899.48
2896.65
2893.2
2889.29
2884.97
2880.36
2875.49
2870.46
2865.26
2632.72
2633.53
2634.03
2634.56
2635.06
2635.6
2636.19
2636.87
2637.67
2638.63
2639.72
2640.94
2642.19
2643.46
2644.62
2645.73
2646.74
2647.78
2648.84
2650.06
2651.36
2652.72
2654.1
2655.48
2656.85
2658.21
2659.59
2661
2662.46
2664
2665.64
2667.39
2669.26
2671.25
2673.33
2675.46
2677.61
2679.75
2681.88
2684.02
2686.17
2688.33
2690.53
2692.76
2695.03
2697.33
2699.68
2702.06
2704.49
2706.96
2709.46
2712
2714.56
2717.16
2719.8
2722.48
2725.22
2728.02
2730.89
2733.85
2736.88
2739.98
2743.16
2746.4
2749.7
2753.07
2756.49
2759.97
2763.5
2767.11
2770.77
2774.5
2778.29
2782.15
2786.05
2790.01
2794.02
2798.08
2802.19
2806.35
2810.55
2814.82
2819.17
2823.59
2828.07
2832.61
2837.2
2841.84
2846.47
2851.08
2855.6
2859.96
2864.1
2868.05
2871.92
2875.83
2879.82
2883.91
2887.94
2891.83
2895.59
2899.18
2902.58
2905.69
2908.41
2910.65
2912.47
2913.94
2915.03
2915.56
2915.48
2914.66
2913
2910.5
2907.1
2902.97
2898.14
2892.79
2886.96
2880.82
2874.45
2630.82
2631.64
2632.12
2632.62
2633.09
2633.57
2634.08
2634.66
2635.33
2636.15
2637.11
2638.21
2639.36
2640.54
2641.66
2642.73
2643.72
2644.75
2645.82
2647.01
2648.28
2649.64
2651.03
2652.41
2653.76
2655.1
2656.45
2657.85
2659.33
2660.89
2662.55
2664.3
2666.15
2668.1
2670.14
2672.25
2674.4
2676.56
2678.73
2680.9
2683.08
2685.28
2687.5
2689.74
2692.02
2694.32
2696.67
2699.05
2701.47
2703.92
2706.41
2708.94
2711.49
2714.07
2716.68
2719.33
2722.03
2724.79
2727.62
2730.52
2733.5
2736.55
2739.67
2742.85
2746.1
2749.4
2752.76
2756.17
2759.64
2763.18
2766.78
2770.45
2774.2
2778.01
2781.89
2785.84
2789.86
2793.96
2798.14
2802.39
2806.72
2811.12
2815.61
2820.17
2824.8
2829.45
2834.17
2838.95
2843.76
2848.64
2853.54
2858.42
2863.27
2867.96
2872.46
2876.72
2881.03
2885.48
2889.95
2894.37
2898.71
2902.96
2907.18
2911.33
2915.22
2918.64
2921.61
2924.14
2926.28
2927.96
2928.95
2928.95
2928.02
2926.07
2922.94
2918.64
2913.29
2907
2900
2892.41
2884.55
2630.32
2631.11
2631.54
2631.98
2632.37
2632.77
2633.18
2633.66
2634.26
2634.97
2635.83
2636.78
2637.81
2638.88
2639.94
2640.97
2641.96
2643
2644.1
2645.33
2646.63
2647.99
2649.34
2650.68
2651.98
2653.29
2654.63
2656.04
2657.54
2659.14
2660.81
2662.57
2664.38
2666.26
2668.22
2670.26
2672.36
2674.5
2676.66
2678.83
2681.01
2683.21
2685.42
2687.66
2689.92
2692.21
2694.53
2696.89
2699.28
2701.72
2704.18
2706.68
2709.21
2711.77
2714.35
2716.96
2719.61
2722.31
2725.08
2727.91
2730.8
2733.77
2736.81
2739.91
2743.08
2746.31
2749.61
2752.96
2756.38
2759.86
2763.42
2767.05
2770.75
2774.52
2778.37
2782.3
2786.33
2790.46
2794.68
2798.98
2803.37
2807.8
2812.28
2816.78
2821.39
2826.08
2830.9
2835.82
2840.81
2845.89
2851.04
2856.22
2861.56
2866.83
2871.87
2876.57
2881.19
2885.95
2890.9
2896.07
2901.4
2906.88
2912.44
2917.9
2922.95
2927.5
2931.67
2935.41
2938.63
2941.29
2943.15
2944.09
2943.81
2942.35
2939.54
2934.97
2928.91
2921.35
2912.9
2903.43
2893.76
2631.19
2632.02
2632.4
2632.76
2633.05
2633.3
2633.58
2633.91
2634.38
2634.94
2635.68
2636.5
2637.45
2638.41
2639.38
2640.34
2641.32
2642.36
2643.47
2644.7
2646
2647.36
2648.72
2650.07
2651.4
2652.77
2654.17
2655.66
2657.24
2658.9
2660.61
2662.36
2664.13
2665.93
2667.77
2669.68
2671.66
2673.71
2675.8
2677.91
2680.04
2682.17
2684.33
2686.5
2688.7
2690.92
2693.17
2695.44
2697.75
2700.09
2702.46
2704.85
2707.27
2709.72
2712.19
2714.7
2717.25
2719.86
2722.53
2725.27
2728.09
2730.98
2733.95
2736.99
2740.09
2743.27
2746.5
2749.8
2753.17
2756.6
2760.12
2763.74
2767.42
2771.18
2775.05
2779
2783.04
2787.19
2791.44
2795.78
2800.22
2804.74
2809.34
2813.97
2818.61
2823.38
2828.26
2833.23
2838.28
2843.38
2848.55
2853.75
2859.25
2865.27
2871.11
2877
2882.76
2888.5
2894.36
2900.37
2906.45
2912.56
2918.45
2923.97
2929.06
2933.87
2938.91
2944.12
2948.99
2953.45
2956.75
2959.76
2961.05
2960.4
2957.87
2953.02
2946.58
2938.04
2928.29
2916.79
2904.98
2632.44
2633.39
2633.79
2634.19
2634.48
2634.71
2634.92
2635.13
2635.43
2635.8
2636.36
2637.01
2637.82
2638.62
2639.46
2640.31
2641.21
2642.19
2643.25
2644.43
2645.66
2646.95
2648.26
2649.61
2650.96
2652.39
2653.87
2655.46
2657.14
2658.89
2660.7
2662.51
2664.32
2666.11
2667.9
2669.72
2671.61
2673.59
2675.62
2677.69
2679.77
2681.86
2683.97
2686.11
2688.26
2690.44
2692.64
2694.86
2697.12
2699.4
2701.71
2704.05
2706.42
2708.8
2711.22
2713.66
2716.14
2718.66
2721.23
2723.87
2726.58
2729.36
2732.22
2735.15
2738.14
2741.21
2744.35
2747.56
2750.83
2754.14
2757.54
2761.01
2764.55
2768.18
2771.88
2775.68
2779.56
2783.53
2787.6
2791.77
2796.04
2800.42
2804.94
2809.64
2814.51
2819.5
2824.59
2829.79
2835.1
2840.49
2845.93
2851.36
2856.23
2861.28
2866.96
2873.18
2879.51
2885.88
2892.25
2898.62
2904.95
2911.17
2918.21
2925.52
2932.96
2940.82
2949.22
2957.54
2964.86
2971.33
2975.83
2979.51
2980.81
2979.2
2975.41
2970.63
2964.93
2955.85
2944.41
2930.83
2915.71
2633.51
2634.62
2635.07
2635.56
2635.9
2636.18
2636.4
2636.61
2636.85
2637.12
2637.5
2637.93
2638.49
2639.1
2639.79
2640.53
2641.37
2642.3
2643.3
2644.38
2645.51
2646.7
2647.94
2649.23
2650.58
2652.02
2653.54
2655.17
2656.88
2658.68
2660.51
2662.36
2664.19
2665.99
2667.76
2669.55
2671.38
2673.28
2675.24
2677.25
2679.28
2681.33
2683.4
2685.49
2687.6
2689.74
2691.9
2694.09
2696.31
2698.56
2700.84
2703.15
2705.49
2707.86
2710.26
2712.7
2715.18
2717.71
2720.3
2722.96
2725.7
2728.51
2731.39
2734.34
2737.35
2740.42
2743.54
2746.73
2750
2753.27
2756.65
2760.06
2763.54
2767.13
2770.78
2774.53
2778.37
2782.3
2786.33
2790.46
2794.69
2799.03
2803.48
2808.05
2812.73
2817.53
2822.48
2827.57
2832.87
2838.43
2844.33
2850.66
2857.42
2864.05
2870.9
2878.02
2885.39
2892.88
2900.35
2907.67
2914.74
2921.54
2927.9
2934.05
2940.27
2946.27
2951.93
2958.45
2965.82
2973.67
2981.37
2988.68
2995.18
2997.19
2998.91
2997.48
2989.85
2976.67
2963.33
2947.27
2926.89
2634
2635.27
2635.78
2636.39
2636.84
2637.26
2637.56
2637.84
2638.08
2638.32
2638.57
2638.82
2639.13
2639.5
2640
2640.63
2641.39
2642.26
2643.18
2644.18
2645.22
2646.33
2647.52
2648.79
2650.15
2651.63
2653.19
2654.84
2656.57
2658.35
2660.18
2662.03
2663.87
2665.7
2667.51
2669.32
2671.14
2673
2674.89
2676.83
2678.8
2680.8
2682.82
2684.87
2686.94
2689.04
2691.17
2693.33
2695.52
2697.74
2700
2702.28
2704.58
2706.91
2709.26
2711.64
2714.05
2716.5
2719.01
2721.58
2724.24
2726.97
2729.78
2732.65
2735.58
2738.57
2741.61
2744.71
2747.86
2751.05
2754.32
2757.64
2761.02
2764.49
2768.03
2771.66
2775.38
2779.2
2783.13
2787.16
2791.32
2795.6
2800.02
2804.58
2809.3
2814.15
2819.16
2824.31
2829.62
2835.07
2840.61
2846.31
2852.4
2858.8
2865.5
2872.47
2879.75
2887.31
2895.13
2903.34
2912.02
2921.22
2930.95
2941.8
2954.34
2968.05
2981.8
2994.31
3005.45
3015.58
3025.09
3033.2
3040.6
3041.04
3034.41
3020.3
3007.51
2992.62
2978.76
2944.82
2919.26
2634.37
2635.75
2636.34
2637.07
2637.64
2638.23
2638.64
2639.01
2639.21
2639.35
2639.4
2639.46
2639.54
2639.74
2640.07
2640.63
2641.3
2642.12
2642.97
2643.9
2644.87
2645.93
2647.08
2648.33
2649.69
2651.15
2652.7
2654.31
2656
2657.73
2659.53
2661.37
2663.26
2665.18
2667.12
2669.05
2670.95
2672.84
2674.75
2676.69
2678.67
2680.69
2682.74
2684.83
2686.94
2689.09
2691.27
2693.49
2695.74
2698.03
2700.34
2702.67
2705.03
2707.4
2709.78
2712.19
2714.63
2717.11
2719.66
2722.28
2724.98
2727.75
2730.58
2733.48
2736.42
2739.41
2742.45
2745.54
2748.67
2751.86
2755.11
2758.43
2761.8
2765.25
2768.77
2772.38
2776.08
2779.89
2783.8
2787.83
2791.99
2796.27
2800.67
2805.22
2809.91
2814.75
2819.76
2824.94
2830.31
2835.9
2841.75
2847.89
2854.33
2861
2867.95
2875.21
2882.74
2890.53
2898.7
2907.42
2916.69
2926.4
2936.31
2946.66
2957.29
2968.31
2979.46
2990.66
3002.26
3014.4
3026.96
3039.48
3053.03
3067.16
3081.06
3088.49
3079.66
3056.16
3016.69
2961.74
2931.06
2634.39
2635.69
2636.27
2637.02
2637.62
2638.25
2638.68
2639.05
2639.17
2639.23
2639.15
2639.12
2639.08
2639.21
2639.45
2639.99
2640.62
2641.46
2642.29
2643.25
2644.23
2645.31
2646.49
2647.76
2649.15
2650.6
2652.16
2653.75
2655.43
2657.14
2658.94
2660.79
2662.71
2664.67
2666.64
2668.56
2670.42
2672.24
2674.05
2675.9
2677.79
2679.73
2681.69
2683.68
2685.69
2687.74
2689.82
2691.94
2694.08
2696.25
2698.45
2700.68
2702.92
2705.2
2707.5
2709.84
2712.22
2714.66
2717.18
2719.78
2722.46
2725.2
2727.99
2730.83
2733.7
2736.61
2739.57
2742.57
2745.62
2748.72
2751.88
2755.1
2758.38
2761.74
2765.17
2768.69
2772.29
2776
2779.79
2783.69
2787.69
2791.79
2796.01
2800.34
2804.78
2809.36
2814.07
2818.91
2823.91
2829.07
2834.45
2840.07
2845.96
2852.07
2858.34
2864.73
2871.24
2878.01
2885.38
2893.47
2902.18
2911.31
2920.89
2931.17
2941.99
2953.67
2966.92
2982.57
3001.24
3023.69
3050.93
3084.26
3128.08
3189.31
3271.6
3379.4
3512.46
3671.43
3859.63
4047.22
4280.98
)
;

boundaryField
{
    inlet
    {
        type            fixedValue;
        value           nonuniform List<scalar> 0();
    }
    obstacle
    {
        type            zeroGradient;
    }
    bottom
    {
        type            symmetry;
    }
    outlet
    {
        type            zeroGradient;
    }
    top
    {
        type            symmetry;
    }
    defaultFaces
    {
        type            empty;
    }
    procBoundary3to2
    {
        type            processor;
        value           nonuniform List<scalar> 
122
(
2800.55
2800.94
2800.53
2799.77
2799.05
2797.88
2796.43
2794.46
2792.32
2789.34
2787.99
2784.67
2783.69
2784.9
2786.39
2788.54
2790.68
2792.51
2794.15
2794.34
2796.18
2797.04
2797.22
2797.59
2797.74
2797.83
2797.98
2798.11
2798.22
2798.36
2798.45
2798.47
2798.48
2798.49
2798.55
2798.7
2798.97
2799.34
2799.78
2800.23
2800.62
2800.87
2800.98
2800.98
2800.9
2800.77
2800.64
2800.52
2800.44
2800.43
2800.48
2800.57
2800.7
2800.87
2801.01
2801.11
2801.16
2801.16
2801.19
2801.27
2801.39
2801.56
2801.75
2802.04
2802.35
2802.53
2802.59
2802.77
2803.06
2803.35
2803.35
2803.41
2803.02
2802.65
2802.59
2802.95
2802.99
2802.96
2802.99
2803.13
2803.38
2803.67
2804
2804.44
2804.99
2805.45
2805.77
2805.91
2805.93
2805.85
2805.67
2805.39
2805.05
2804.64
2804.15
2803.58
2802.93
2802.14
2801.29
2800.43
2799.57
2798.62
2797.79
2796.75
2796.3
2796.01
2795.85
2796.41
2797.39
2799.8
2803.51
2807.94
2803.44
2803.44
2803.8
2803.62
2803.31
2803.42
2803.34
2803.33
2803.22
2803.22
)
;
    }
    procBoundary3to5
    {
        type            processor;
        value           nonuniform List<scalar> 
83
(
2811.45
2787.28
2782.63
2778.03
2778.03
2751.46
2746.14
2740.77
2735.39
2730.06
2724.79
2719.66
2714.63
2709.76
2704.98
2700.3
2695.63
2691.07
2686.55
2682.38
2678.19
2674.02
2670.84
2666.87
2663.6
2660.16
2657.15
2654.48
2652.06
2649.93
2648.1
2646.58
2645.41
2644.6
2644.23
2644.3
2644.78
2645.69
2647.06
2648.89
2651.18
2653.92
2657.07
2660.64
2664.6
2668.92
2673.59
2678.58
2683.86
2689.41
2695.19
2701.17
2707.33
2713.64
2720.07
2726.62
2733.25
2739.93
2746.67
2753.47
2760.35
2767.33
2774.4
2781.54
2788.76
2796.06
2803.5
2811.13
2819.02
2827.21
2835.72
2844.54
2853.42
2862.51
2871.05
2880.36
2888.59
2898.51
2907.09
2914.66
2907.13
2895.84
4352.79
)
;
    }
}


// ************************************************************************* //
