/*--------------------------------*- C++ -*----------------------------------*\
| =========                 |                                                 |
| \\      /  F ield         | OpenFOAM: The Open Source CFD Toolbox           |
|  \\    /   O peration     | Version:  2412                                  |
|   \\  /    A nd           | Website:  www.openfoam.com                      |
|    \\/     M anipulation  |                                                 |
\*---------------------------------------------------------------------------*/
FoamFile
{
    version     2.0;
    format      ascii;
    arch        "LSB;label=32;scalar=64";
    class       volScalarField;
    location    "0.02";
    object      rho;
}
// * * * * * * * * * * * * * * * * * * * * * * * * * * * * * * * * * * * * * //

dimensions      [1 -3 0 0 0 0 0];

internalField   nonuniform List<scalar> 
9771
(
0.0337431
0.038442
0.0395225
0.0398958
0.040139
0.0403534
0.0405577
0.040757
0.0409507
0.0411343
0.0336921
0.0384347
0.0395206
0.0398937
0.0401368
0.040351
0.0405551
0.040754
0.0409475
0.0411308
0.0336401
0.0384279
0.0395187
0.0398917
0.0401347
0.0403487
0.0405525
0.0407511
0.0409443
0.0411274
0.0335864
0.0384219
0.0395169
0.0398898
0.0401325
0.0403464
0.0405499
0.0407482
0.0409411
0.041124
0.033531
0.0384162
0.039515
0.0398878
0.0401304
0.0403441
0.0405473
0.0407453
0.0409379
0.0411206
0.0334728
0.038411
0.0395132
0.0398859
0.0401283
0.0403417
0.0405447
0.0407424
0.0409347
0.0411171
0.033412
0.0384062
0.0395113
0.0398839
0.0401261
0.0403394
0.040542
0.0407395
0.0409314
0.0411135
0.041294
0.0415072
0.0417814
0.0421402
0.0425016
0.0427403
0.0428787
0.0429543
0.043007
0.0430558
0.0431036
0.0431471
0.0431817
0.0432022
0.0432123
0.043218
0.0432266
0.0432449
0.0432721
0.0432988
0.0433209
0.0433411
0.0333474
0.038402
0.0395095
0.039882
0.040124
0.0403371
0.0405394
0.0407365
0.0409281
0.04111
0.0412904
0.0415043
0.0417794
0.0421397
0.0425008
0.0427388
0.0428782
0.0429534
0.0430065
0.0430554
0.0431032
0.0431464
0.0431807
0.0432008
0.0432108
0.0432164
0.043225
0.0432434
0.0432704
0.0432967
0.0433186
0.0433386
0.0433599
0.0433835
0.0434084
0.043434
0.0434604
0.0434877
0.0332798
0.0383984
0.0395076
0.03988
0.0401219
0.0403347
0.0405368
0.0407335
0.0409248
0.0411064
0.0412868
0.0415015
0.0417772
0.0421392
0.0424999
0.0427371
0.0428776
0.0429525
0.043006
0.043055
0.0431027
0.0431457
0.0431797
0.0431995
0.0432092
0.0432148
0.0432235
0.0432419
0.0432686
0.0432946
0.0433163
0.0433361
0.0433573
0.0433807
0.0434054
0.0434308
0.0434569
0.0434839
0.0435112
0.0332108
0.0383956
0.0395058
0.0398781
0.0401197
0.0403324
0.0405341
0.0407306
0.0409215
0.0411028
0.0412833
0.0414987
0.041775
0.0421387
0.042499
0.0427356
0.0428769
0.0429515
0.0430054
0.0430546
0.0431023
0.043145
0.0431787
0.0431982
0.0432077
0.0432132
0.0432219
0.0432403
0.0432669
0.0432925
0.0433139
0.0433336
0.0433546
0.0433779
0.0434024
0.0434275
0.0434534
0.0434801
0.0435071
0.0331538
0.0383943
0.0395041
0.0398762
0.0401176
0.0403301
0.0405315
0.0407276
0.0409182
0.0410993
0.0412797
0.0414961
0.0417728
0.0421381
0.0424981
0.0427342
0.0428759
0.0429506
0.0430047
0.0430541
0.0431018
0.0431443
0.0431777
0.0431968
0.0432061
0.0432116
0.0432203
0.0432387
0.043265
0.0432904
0.0433116
0.0433311
0.0433519
0.043375
0.0433993
0.0434242
0.0434498
0.0434762
0.043503
0.0330852
0.0385353
0.0394668
0.0398167
0.0400635
0.0402774
0.0404773
0.0406705
0.0408578
0.0410374
0.0412226
0.041454
0.0417456
0.042127
0.0424806
0.0427158
0.0428553
0.0429356
0.0429919
0.0430448
0.0430941
0.0431354
0.0431653
0.0431811
0.0431883
0.043193
0.043202
0.0432202
0.0432444
0.043267
0.0432859
0.0433038
0.0433231
0.0433445
0.043367
0.0433897
0.0434126
0.043436
0.0434596
0.0434829
0.0435053
0.0435274
0.0435503
0.043574
0.0435974
0.0436192
0.04364
0.0436608
0.0436823
0.0437044
0.0437268
0.0437496
0.043773
0.0437972
0.0438217
0.0438463
0.0438709
0.0438952
0.043919
0.0439422
0.0439648
0.0439868
0.0440081
0.0440287
0.0440483
0.0440668
0.044084
0.0440998
0.0441143
0.0441273
0.0441389
0.044149
0.0441577
0.044165
0.044171
0.0441758
0.0441792
0.0441813
0.0441821
0.034238
0.0389289
0.039414
0.0397134
0.0399671
0.0401819
0.0403778
0.0405647
0.0407454
0.0409219
0.0411172
0.0413776
0.0417016
0.0421108
0.0424494
0.0426823
0.0428148
0.0429066
0.0429644
0.0430255
0.0430782
0.0431174
0.0431408
0.0431507
0.043154
0.0431576
0.0431669
0.0431841
0.043204
0.0432215
0.0432364
0.0432512
0.0432676
0.0432855
0.0433042
0.0433227
0.0433406
0.0433578
0.0433747
0.0433916
0.0434081
0.0434235
0.0434379
0.0434522
0.0434666
0.0434802
0.0434925
0.0435036
0.0435141
0.0435238
0.0435326
0.0435404
0.0435475
0.0435541
0.04356
0.0435651
0.0435688
0.0435713
0.0435724
0.0435723
0.0435712
0.0435691
0.043566
0.0435618
0.0435563
0.0435495
0.0435413
0.0435319
0.0435214
0.04351
0.0434977
0.0434846
0.0434707
0.0434564
0.0434415
0.0434264
0.0434108
0.0433949
0.0433788
0.0350163
0.0390039
0.0393319
0.0396359
0.0398919
0.0401029
0.0402932
0.0404713
0.0406425
0.0408147
0.0410219
0.0413068
0.0416658
0.042081
0.0424052
0.0426219
0.0427527
0.0428525
0.0429253
0.0429962
0.0430554
0.0430943
0.0431129
0.0431184
0.0431188
0.043121
0.0431293
0.0431437
0.0431588
0.0431717
0.0431831
0.0431947
0.0432074
0.0432213
0.0432354
0.043249
0.0432612
0.043272
0.0432817
0.043291
0.0433002
0.0433087
0.0433158
0.0433217
0.0433268
0.0433314
0.0433349
0.0433373
0.0433386
0.0433388
0.0433376
0.0433353
0.043332
0.0433279
0.0433229
0.0433168
0.0433093
0.0433004
0.0432904
0.0432796
0.0432681
0.0432562
0.0432437
0.0432307
0.0432171
0.043203
0.0431884
0.0431734
0.043158
0.0431424
0.0431266
0.0431108
0.0430949
0.0430791
0.0430633
0.0430478
0.0430324
0.0430172
0.0430022
0.0356768
0.0390216
0.039287
0.0395838
0.0398268
0.040034
0.0402198
0.0403891
0.0405502
0.0407191
0.0409408
0.0412457
0.0416352
0.0420407
0.0423523
0.042545
0.0426771
0.0427881
0.0428815
0.0429617
0.0430262
0.0430647
0.0430807
0.0430841
0.0430828
0.0430834
0.0430899
0.0431006
0.0431112
0.0431201
0.0431281
0.0431363
0.0431452
0.0431544
0.0431636
0.0431718
0.0431786
0.0431838
0.0431874
0.04319
0.043192
0.0431936
0.0431944
0.043194
0.0431923
0.0431897
0.0431861
0.0431816
0.0431761
0.0431695
0.0431617
0.0431529
0.0431433
0.0431332
0.0431224
0.0431108
0.0430982
0.0430847
0.0430705
0.0430559
0.0430409
0.0430258
0.0430105
0.0429952
0.0429798
0.0429644
0.0429489
0.0429335
0.0429182
0.0429031
0.042888
0.0428734
0.0428589
0.0428449
0.0428311
0.0428176
0.0428045
0.0427919
0.0427796
0.0362485
0.038997
0.0392655
0.0395427
0.0397687
0.039973
0.0401548
0.0403156
0.040467
0.0406343
0.0408728
0.0411921
0.0416031
0.0419898
0.0422861
0.0424581
0.0425923
0.0427158
0.0428299
0.0429174
0.0429879
0.0430275
0.0430441
0.0430478
0.0430461
0.0430454
0.0430492
0.0430559
0.0430621
0.0430673
0.0430721
0.043077
0.0430818
0.0430864
0.0430905
0.0430935
0.0430954
0.0430962
0.0430955
0.043093
0.0430894
0.043085
0.0430803
0.0430749
0.0430684
0.0430609
0.0430524
0.0430432
0.0430333
0.0430227
0.0430111
0.0429988
0.0429861
0.042973
0.0429596
0.0429458
0.0429316
0.042917
0.0429021
0.0428871
0.042872
0.0428569
0.0428418
0.042827
0.0428122
0.0427977
0.0427834
0.0427694
0.0427556
0.0427422
0.0427291
0.0427164
0.042704
0.042692
0.0426804
0.0426691
0.0426582
0.0426476
0.0426375
0.036774
0.0389743
0.0392495
0.0395045
0.0397175
0.0399174
0.0400951
0.0402489
0.0403925
0.0405623
0.0408146
0.0411496
0.0415658
0.0419351
0.0422036
0.0423658
0.0425035
0.0426376
0.0427662
0.0428662
0.0429416
0.0429843
0.0430044
0.0430101
0.0430087
0.0430067
0.0430073
0.04301
0.0430124
0.0430144
0.0430163
0.043018
0.0430192
0.0430195
0.0430188
0.0430173
0.0430151
0.0430121
0.0430078
0.0430021
0.0429949
0.0429867
0.0429779
0.0429686
0.0429588
0.0429482
0.0429368
0.0429248
0.0429123
0.0428992
0.0428856
0.0428715
0.0428572
0.0428427
0.0428282
0.0428136
0.0427991
0.0427845
0.04277
0.0427555
0.0427412
0.042727
0.042713
0.0426992
0.0426857
0.0426725
0.0426596
0.042647
0.0426348
0.042623
0.0426115
0.0426005
0.0425899
0.0425797
0.0425698
0.0425604
0.0425514
0.0425427
0.0425344
0.037255
0.0389434
0.0392289
0.0394702
0.0396737
0.0398659
0.0400389
0.0401868
0.0403256
0.0405013
0.0407635
0.0411141
0.0415235
0.0418748
0.042112
0.0422691
0.042412
0.0425546
0.0426923
0.0428085
0.0428892
0.0429367
0.0429618
0.0429705
0.0429699
0.0429668
0.042965
0.0429643
0.0429634
0.0429624
0.0429616
0.0429604
0.0429584
0.0429551
0.0429506
0.0429453
0.0429395
0.0429331
0.042926
0.0429179
0.0429087
0.0428982
0.042887
0.0428752
0.0428631
0.0428506
0.0428377
0.0428244
0.0428106
0.0427966
0.0427821
0.0427675
0.0427527
0.042738
0.0427235
0.0427091
0.0426948
0.0426808
0.0426669
0.0426533
0.0426399
0.0426268
0.042614
0.0426015
0.0425894
0.0425777
0.0425663
0.0425554
0.0425449
0.0425348
0.0425251
0.0425158
0.0425068
0.0424982
0.0424899
0.0424819
0.0424743
0.0424669
0.0424599
0.0376865
0.0389291
0.0391977
0.0394364
0.0396353
0.0398183
0.0399858
0.0401285
0.0402653
0.0404499
0.0407185
0.0410819
0.0414765
0.0418105
0.042016
0.0421697
0.042319
0.04247
0.0426143
0.0427404
0.0428302
0.0428854
0.0429163
0.0429287
0.04293
0.0429264
0.0429229
0.0429195
0.0429161
0.0429124
0.0429089
0.042905
0.0429002
0.0428941
0.0428868
0.0428787
0.0428701
0.042861
0.0428515
0.0428415
0.0428307
0.0428189
0.0428064
0.0427933
0.04278
0.0427665
0.0427527
0.0427387
0.0427244
0.04271
0.0426956
0.0426812
0.042667
0.0426529
0.0426391
0.0426256
0.0426122
0.0425992
0.0425864
0.042574
0.0425619
0.0425502
0.0425388
0.0425277
0.0425171
0.0425068
0.0424969
0.0424873
0.0424781
0.0424692
0.0424606
0.0424523
0.0424443
0.0424366
0.0424292
0.042422
0.0424152
0.0424085
0.0424022
0.0380435
0.0389484
0.0391744
0.0394116
0.0396023
0.0397751
0.0399361
0.0400739
0.0402108
0.0404058
0.0406779
0.0410505
0.0414266
0.04174
0.0419193
0.0420698
0.042226
0.0423849
0.0425337
0.0426642
0.0427648
0.0428309
0.042868
0.0428843
0.0428887
0.0428851
0.0428812
0.0428763
0.0428708
0.042865
0.042859
0.0428526
0.0428452
0.0428369
0.0428277
0.0428178
0.0428073
0.0427963
0.042785
0.0427735
0.0427614
0.0427487
0.0427356
0.0427222
0.0427085
0.0426946
0.0426806
0.0426665
0.0426526
0.0426388
0.0426251
0.0426116
0.0425981
0.0425848
0.0425717
0.0425588
0.0425462
0.042534
0.0425221
0.0425105
0.0424994
0.0424887
0.0424783
0.0424684
0.0424588
0.0424496
0.0424407
0.0424321
0.0424238
0.0424158
0.0424081
0.0424007
0.0423936
0.0423867
0.0423801
0.0423738
0.0423678
0.042362
0.0423566
0.0383278
0.038983
0.0391663
0.0394027
0.0395776
0.0397379
0.0398905
0.0400232
0.0401622
0.0403652
0.0406429
0.0410178
0.0413763
0.0416623
0.0418234
0.0419712
0.0421329
0.0422982
0.0424505
0.0425843
0.0426937
0.0427724
0.0428171
0.0428388
0.0428462
0.0428432
0.0428399
0.0428344
0.0428277
0.0428202
0.0428123
0.0428037
0.0427943
0.0427842
0.0427735
0.0427623
0.0427506
0.0427385
0.0427261
0.0427135
0.0427006
0.0426875
0.0426743
0.0426609
0.0426472
0.0426333
0.0426193
0.0426057
0.0425923
0.0425792
0.0425663
0.0425536
0.042541
0.0425286
0.0425164
0.0425047
0.0424932
0.0424822
0.0424715
0.0424611
0.0424511
0.0424414
0.0424319
0.0424228
0.042414
0.0424054
0.0423972
0.0423891
0.0423814
0.042374
0.0423669
0.04236
0.0423535
0.0423472
0.0423412
0.0423354
0.0423299
0.0423247
0.0423197
0.0385533
0.0390261
0.0391684
0.0394011
0.0395574
0.0397062
0.0398494
0.039977
0.0401187
0.0403274
0.0406115
0.0409836
0.0413243
0.0415809
0.0417285
0.0418746
0.0420399
0.0422096
0.0423656
0.0425028
0.042619
0.042709
0.0427639
0.0427934
0.0428033
0.0428017
0.0427992
0.0427939
0.0427865
0.0427778
0.0427684
0.0427582
0.0427474
0.042736
0.0427241
0.042712
0.0426995
0.0426868
0.0426739
0.0426607
0.0426474
0.0426341
0.042621
0.0426077
0.0425941
0.0425804
0.042567
0.0425538
0.0425411
0.0425285
0.0425159
0.0425036
0.0424913
0.0424796
0.0424681
0.0424571
0.0424465
0.0424362
0.0424262
0.0424165
0.0424071
0.0423979
0.0423891
0.0423806
0.0423724
0.0423645
0.0423569
0.0423497
0.0423428
0.0423362
0.0423299
0.0423239
0.0423181
0.0423126
0.0423074
0.0423024
0.0422976
0.042293
0.0422886
0.0387321
0.0390737
0.039182
0.0394091
0.0395413
0.0396794
0.0398127
0.0399353
0.0400798
0.0402921
0.0405819
0.0409478
0.0412707
0.0414978
0.0416347
0.0417798
0.0419473
0.0421201
0.0422801
0.0424208
0.0425422
0.0426408
0.0427076
0.0427473
0.042761
0.0427615
0.0427598
0.0427549
0.0427474
0.042738
0.0427273
0.042716
0.0427041
0.0426918
0.0426793
0.0426665
0.0426537
0.0426406
0.0426274
0.042614
0.0426006
0.0425873
0.0425742
0.042561
0.0425477
0.0425344
0.0425215
0.0425089
0.0424965
0.0424842
0.0424718
0.0424597
0.0424479
0.0424368
0.042426
0.0424158
0.0424058
0.0423961
0.0423866
0.0423773
0.0423683
0.0423596
0.0423513
0.0423433
0.0423358
0.0423286
0.0423217
0.0423152
0.0423089
0.0423029
0.0422972
0.0422917
0.0422865
0.0422814
0.0422766
0.0422719
0.0422675
0.0422633
0.0422592
0.0388736
0.0391203
0.0392026
0.0394256
0.0395306
0.0396577
0.0397803
0.0398981
0.040045
0.040259
0.0405532
0.04091
0.0412158
0.0414148
0.0415426
0.0416869
0.0418557
0.042031
0.0421948
0.042339
0.0424649
0.0425698
0.0426476
0.0426978
0.0427194
0.0427233
0.0427216
0.0427175
0.0427105
0.042701
0.0426896
0.0426773
0.0426644
0.0426515
0.0426385
0.0426254
0.0426123
0.0425991
0.0425859
0.0425725
0.0425592
0.042546
0.042533
0.0425199
0.0425069
0.0424943
0.042482
0.04247
0.0424579
0.0424458
0.0424338
0.0424224
0.0424115
0.0424012
0.0423912
0.0423815
0.0423719
0.0423625
0.0423534
0.0423447
0.0423365
0.0423288
0.0423216
0.0423146
0.0423079
0.0423015
0.0422953
0.0422894
0.0422837
0.0422781
0.0422728
0.0422677
0.0422628
0.0422581
0.0422535
0.0422491
0.0422449
0.0422409
0.0422371
0.0389857
0.0391636
0.0392271
0.0394451
0.0395237
0.0396409
0.0397526
0.0398652
0.0400139
0.0402277
0.0405245
0.0408702
0.0411597
0.0413328
0.0414527
0.0415961
0.0417657
0.0419427
0.0421097
0.0422577
0.042388
0.0424982
0.0425846
0.0426446
0.0426784
0.0426865
0.0426847
0.0426817
0.0426752
0.0426662
0.042655
0.0426423
0.0426288
0.0426152
0.0426017
0.0425884
0.0425752
0.042562
0.0425487
0.0425354
0.0425224
0.0425095
0.0424965
0.0424837
0.0424711
0.0424593
0.0424477
0.0424361
0.0424242
0.0424127
0.0424016
0.0423913
0.0423816
0.042372
0.0423625
0.042353
0.0423436
0.0423344
0.0423258
0.0423177
0.0423102
0.0423031
0.0422964
0.0422897
0.0422833
0.042277
0.0422708
0.0422649
0.0422592
0.0422537
0.0422484
0.0422433
0.0422385
0.042234
0.0422298
0.0422259
0.0422223
0.0422189
0.0422156
0.039075
0.0392032
0.0392529
0.0394641
0.0395209
0.0396286
0.039729
0.0398366
0.0399863
0.040198
0.0404955
0.0408287
0.0411029
0.0412524
0.0413653
0.0415078
0.0416775
0.0418553
0.0420246
0.0421762
0.0423113
0.0424268
0.0425209
0.0425903
0.0426361
0.04265
0.0426497
0.0426473
0.0426413
0.0426331
0.0426226
0.0426102
0.0425967
0.0425828
0.042569
0.0425555
0.0425422
0.042529
0.0425158
0.0425026
0.0424897
0.042477
0.0424643
0.0424517
0.0424396
0.0424282
0.0424169
0.0424056
0.0423941
0.0423834
0.0423733
0.042364
0.0423548
0.0423455
0.042336
0.0423267
0.0423177
0.0423092
0.0423013
0.0422939
0.0422869
0.04228
0.0422733
0.0422666
0.04226
0.0422537
0.0422476
0.0422417
0.0422361
0.0422308
0.0422258
0.042221
0.0422165
0.0422123
0.0422084
0.0422047
0.0422012
0.0421979
0.0421946
0.0391467
0.0392388
0.039278
0.0394806
0.0395215
0.0396201
0.0397093
0.0398117
0.0399615
0.0401695
0.040466
0.0407857
0.0410455
0.0411739
0.0412806
0.0414218
0.0415911
0.041769
0.0419397
0.0420948
0.0422351
0.0423564
0.0424574
0.0425356
0.0425914
0.0426143
0.0426174
0.0426151
0.0426095
0.0426018
0.0425918
0.04258
0.042567
0.0425534
0.0425397
0.0425262
0.042513
0.0424999
0.0424869
0.0424739
0.0424612
0.0424487
0.0424362
0.042424
0.0424121
0.0424007
0.0423893
0.0423781
0.0423674
0.0423575
0.042348
0.0423388
0.0423295
0.0423201
0.0423111
0.0423024
0.0422943
0.0422866
0.0422792
0.042272
0.0422647
0.0422574
0.0422502
0.0422433
0.0422368
0.0422306
0.0422249
0.0422194
0.0422144
0.0422096
0.0422052
0.0422011
0.0421972
0.0421935
0.0421899
0.0421864
0.0421828
0.0421794
0.0421761
0.0392049
0.0392706
0.0393019
0.0394936
0.0395253
0.0396151
0.0396928
0.0397899
0.039939
0.0401419
0.0404357
0.0407421
0.0409875
0.0410979
0.0411987
0.0413383
0.0415066
0.0416842
0.0418559
0.0420142
0.0421593
0.0422863
0.0423939
0.0424801
0.0425444
0.0425791
0.0425873
0.0425854
0.0425803
0.0425728
0.042563
0.0425517
0.0425392
0.0425261
0.0425128
0.0424996
0.0424867
0.0424739
0.0424613
0.0424488
0.0424365
0.0424243
0.0424122
0.0424003
0.0423886
0.042377
0.0423654
0.0423545
0.0423443
0.0423349
0.0423255
0.042316
0.0423065
0.0422975
0.0422893
0.0422815
0.0422742
0.0422669
0.0422595
0.042252
0.0422445
0.0422372
0.0422303
0.0422241
0.0422183
0.0422129
0.0422078
0.0422029
0.0421983
0.0421939
0.0421895
0.0421853
0.0421811
0.0421769
0.0421728
0.0421687
0.0421648
0.0421611
0.0421576
0.0392521
0.0392986
0.0393239
0.0395037
0.0395314
0.0396125
0.0396791
0.0397705
0.0399175
0.0401153
0.0404044
0.0406979
0.0409291
0.0410245
0.0411196
0.0412573
0.0414242
0.0416011
0.0417736
0.0419348
0.0420843
0.042217
0.0423309
0.042424
0.0424965
0.0425426
0.042558
0.042558
0.0425538
0.0425466
0.0425368
0.0425256
0.0425135
0.0425009
0.042488
0.0424752
0.0424626
0.0424502
0.0424381
0.0424262
0.0424145
0.042403
0.0423914
0.04238
0.0423685
0.0423571
0.0423457
0.042335
0.042325
0.0423155
0.042306
0.0422964
0.0422872
0.0422786
0.0422707
0.0422632
0.0422558
0.0422484
0.0422411
0.0422337
0.0422267
0.04222
0.042214
0.0422084
0.0422031
0.0421979
0.0421929
0.042188
0.0421831
0.0421783
0.0421736
0.0421689
0.0421643
0.0421597
0.0421553
0.0421512
0.0421475
0.042144
0.0421408
0.0392901
0.0393234
0.0393452
0.0395119
0.0395375
0.0396106
0.0396677
0.0397531
0.0398967
0.0400889
0.0403722
0.0406534
0.0408711
0.0409535
0.0410434
0.0411789
0.041344
0.0415199
0.0416927
0.0418566
0.0420103
0.0421485
0.0422686
0.0423684
0.0424485
0.0425043
0.0425292
0.0425325
0.0425294
0.0425229
0.0425133
0.0425022
0.0424902
0.0424779
0.0424653
0.0424528
0.0424405
0.0424284
0.0424167
0.0424054
0.0423944
0.0423836
0.0423727
0.0423619
0.0423509
0.04234
0.0423292
0.0423189
0.0423089
0.0422992
0.0422896
0.0422803
0.0422715
0.0422629
0.0422547
0.0422468
0.0422391
0.0422318
0.0422247
0.042218
0.0422115
0.0422053
0.0421993
0.0421935
0.0421877
0.042182
0.0421764
0.0421711
0.0421658
0.0421608
0.0421559
0.0421512
0.0421466
0.0421422
0.0421381
0.0421341
0.0421304
0.0421268
0.0421234
0.0393223
0.0393444
0.0393664
0.0395187
0.0395431
0.0396085
0.0396578
0.0397373
0.0398763
0.0400623
0.0403386
0.0406084
0.0408139
0.0408853
0.0409699
0.0411027
0.0412659
0.0414406
0.0416136
0.0417799
0.0419374
0.042081
0.0422073
0.0423136
0.0424006
0.042465
0.0425003
0.0425086
0.0425068
0.0425013
0.0424922
0.0424813
0.0424695
0.0424573
0.0424449
0.0424325
0.0424204
0.0424085
0.042397
0.0423861
0.0423757
0.0423656
0.0423554
0.0423452
0.0423349
0.0423248
0.0423149
0.0423051
0.0422952
0.0422854
0.042276
0.042267
0.0422583
0.0422496
0.0422411
0.0422328
0.0422251
0.042218
0.0422113
0.0422049
0.0421987
0.0421924
0.0421862
0.0421799
0.0421738
0.0421678
0.0421622
0.0421568
0.0421516
0.0421466
0.0421417
0.0421369
0.0421323
0.0421278
0.0421234
0.0421192
0.0421149
0.0421107
0.0421065
0.0393488
0.0393616
0.0393866
0.0395242
0.0395479
0.0396061
0.0396491
0.0397227
0.039856
0.040035
0.0403037
0.040563
0.0407579
0.0408197
0.040899
0.0410286
0.0411894
0.0413631
0.0415364
0.0417047
0.0418657
0.0420144
0.0421469
0.0422595
0.0423531
0.0424253
0.0424706
0.0424854
0.0424858
0.0424818
0.0424734
0.042463
0.0424513
0.0424393
0.042427
0.0424148
0.0424028
0.042391
0.0423796
0.0423687
0.0423585
0.0423489
0.0423393
0.0423297
0.0423202
0.0423109
0.0423018
0.0422926
0.0422831
0.0422737
0.0422646
0.0422559
0.0422471
0.0422383
0.0422297
0.0422216
0.0422141
0.0422072
0.0422005
0.0421939
0.0421874
0.042181
0.0421747
0.0421686
0.0421625
0.0421568
0.0421514
0.0421461
0.0421409
0.0421358
0.0421307
0.0421257
0.0421208
0.0421161
0.0421116
0.0421071
0.0421027
0.0420983
0.042094
0.0393699
0.039377
0.0394057
0.0395287
0.0395518
0.0396034
0.0396412
0.0397089
0.0398357
0.0400071
0.0402671
0.0405171
0.0407032
0.0407567
0.0408304
0.0409563
0.0411148
0.0412874
0.0414613
0.0416314
0.0417954
0.0419489
0.0420873
0.0422064
0.0423064
0.0423857
0.0424399
0.0424627
0.0424664
0.0424636
0.0424564
0.0424466
0.0424353
0.0424235
0.0424115
0.0423996
0.0423879
0.0423761
0.0423646
0.0423536
0.0423436
0.0423342
0.0423249
0.0423157
0.0423069
0.0422983
0.0422899
0.0422813
0.0422725
0.0422639
0.0422553
0.0422466
0.0422378
0.0422292
0.0422211
0.0422135
0.0422063
0.0421993
0.0421923
0.0421853
0.0421785
0.0421722
0.0421663
0.0421605
0.0421549
0.0421496
0.0421444
0.0421393
0.0421342
0.0421289
0.0421236
0.0421186
0.0421138
0.0421092
0.0421048
0.0421006
0.0420964
0.0420923
0.0420883
0.0393872
0.0393909
0.0394238
0.0395323
0.0395544
0.0396001
0.0396338
0.0396958
0.0398154
0.0399782
0.040229
0.0404706
0.0406495
0.0406961
0.0407643
0.0408862
0.041042
0.0412137
0.0413882
0.04156
0.0417268
0.0418848
0.0420287
0.0421543
0.0422608
0.0423468
0.0424088
0.04244
0.0424479
0.0424465
0.0424406
0.0424318
0.042421
0.0424097
0.0423981
0.0423867
0.0423752
0.0423636
0.042352
0.0423411
0.0423312
0.0423218
0.0423127
0.0423038
0.0422953
0.0422872
0.0422793
0.0422715
0.0422638
0.0422559
0.0422477
0.0422394
0.042231
0.0422231
0.0422157
0.0422086
0.0422015
0.0421944
0.0421874
0.0421806
0.0421742
0.0421683
0.0421629
0.0421578
0.0421526
0.0421476
0.0421427
0.0421377
0.0421326
0.0421273
0.042122
0.0421172
0.0421126
0.0421083
0.0421042
0.0421001
0.0420961
0.0420922
0.0420883
0.0394008
0.0394034
0.0394406
0.0395345
0.0395559
0.0395963
0.0396267
0.0396831
0.039795
0.0399484
0.0401892
0.0404234
0.0405968
0.0406377
0.0407004
0.040818
0.0409712
0.0411417
0.0413167
0.0414902
0.0416599
0.0418224
0.0419717
0.0421036
0.0422166
0.042309
0.0423778
0.0424169
0.0424297
0.0424302
0.0424256
0.042418
0.042408
0.0423973
0.0423863
0.0423754
0.0423644
0.0423529
0.0423415
0.0423309
0.0423212
0.0423118
0.0423026
0.0422938
0.0422856
0.0422779
0.0422706
0.0422637
0.0422567
0.0422494
0.0422417
0.042234
0.0422267
0.0422196
0.0422127
0.0422056
0.0421986
0.0421918
0.0421854
0.0421795
0.0421741
0.042169
0.0421639
0.0421587
0.0421535
0.0421482
0.0421431
0.0421381
0.0421333
0.0421287
0.0421244
0.0421203
0.0421165
0.0421127
0.042109
0.0421054
0.0421018
0.0420982
0.0420948
0.0394117
0.0394138
0.0394547
0.0395354
0.0395562
0.0395923
0.03962
0.0396709
0.0397744
0.0399177
0.0401476
0.0403755
0.0405448
0.0405818
0.0406388
0.0407516
0.0409021
0.0410714
0.0412469
0.041422
0.0415949
0.0417617
0.0419164
0.0420546
0.0421739
0.0422725
0.0423475
0.0423936
0.042412
0.0424148
0.0424114
0.0424051
0.042396
0.0423861
0.0423757
0.0423654
0.0423547
0.0423437
0.0423328
0.0423226
0.0423131
0.0423037
0.0422944
0.0422857
0.0422777
0.0422705
0.0422638
0.0422574
0.0422511
0.0422442
0.0422372
0.0422303
0.0422238
0.0422174
0.0422107
0.0422039
0.0421973
0.0421913
0.042186
0.042181
0.0421762
0.0421711
0.0421658
0.0421605
0.0421554
0.0421504
0.0421456
0.0421412
0.0421373
0.042134
0.042131
0.0421281
0.042125
0.0421217
0.0421182
0.0421148
0.0421113
0.042108
0.0421048
0.0394208
0.0394236
0.0394649
0.0395347
0.0395556
0.0395886
0.0396137
0.0396589
0.0397536
0.0398859
0.0401042
0.0403268
0.0404927
0.0405285
0.0405794
0.0406864
0.0408343
0.0410026
0.0411787
0.0413554
0.0415315
0.0417026
0.0418629
0.0420072
0.0421327
0.0422373
0.0423179
0.0423705
0.0423946
0.0424003
0.0423981
0.042393
0.0423849
0.0423757
0.0423659
0.0423562
0.042346
0.0423356
0.0423254
0.0423158
0.0423065
0.0422971
0.0422879
0.0422792
0.0422716
0.0422648
0.0422586
0.0422526
0.0422466
0.0422403
0.042234
0.0422277
0.0422217
0.0422158
0.0422098
0.0422038
0.042198
0.0421927
0.0421878
0.0421832
0.0421786
0.0421738
0.0421689
0.0421641
0.0421597
0.0421555
0.0421516
0.042148
0.0421448
0.0421419
0.0421392
0.0421364
0.0421335
0.0421305
0.0421274
0.0421243
0.0421213
0.0421185
0.0421159
0.0394268
0.039433
0.039471
0.039533
0.0395538
0.0395849
0.0396076
0.0396472
0.0397325
0.0398532
0.040059
0.0402771
0.04044
0.0404778
0.0405221
0.0406226
0.0407676
0.0409351
0.0411124
0.0412907
0.0414698
0.0416451
0.0418109
0.0419614
0.0420929
0.0422033
0.0422894
0.0423482
0.042378
0.0423869
0.0423859
0.0423819
0.0423746
0.042366
0.0423568
0.0423476
0.0423381
0.0423286
0.0423192
0.0423103
0.0423012
0.0422919
0.0422827
0.0422744
0.0422671
0.0422607
0.0422547
0.042249
0.0422434
0.0422377
0.0422319
0.0422261
0.0422204
0.0422151
0.04221
0.042205
0.0422001
0.0421953
0.0421905
0.0421859
0.0421815
0.0421773
0.0421734
0.0421696
0.042166
0.0421627
0.0421594
0.0421561
0.0421528
0.0421497
0.0421467
0.0421439
0.0421413
0.0421389
0.0421366
0.0421344
0.0421324
0.0421304
0.0421286
0.0394303
0.0394405
0.0394744
0.0395306
0.0395512
0.039581
0.0396015
0.0396358
0.0397113
0.0398198
0.0400119
0.0402258
0.0403861
0.0404295
0.0404668
0.0405602
0.0407024
0.0408691
0.0410479
0.0412278
0.0414099
0.0415891
0.0417605
0.041917
0.0420546
0.0421706
0.0422622
0.042327
0.0423623
0.0423744
0.0423746
0.0423714
0.0423648
0.0423569
0.0423485
0.0423399
0.0423311
0.0423223
0.0423139
0.0423055
0.0422968
0.0422875
0.0422785
0.0422705
0.0422638
0.0422577
0.042252
0.0422465
0.0422412
0.042236
0.0422307
0.0422253
0.0422202
0.0422154
0.0422112
0.0422071
0.0422029
0.0421984
0.0421939
0.0421894
0.0421853
0.0421817
0.0421784
0.0421752
0.0421721
0.0421691
0.0421661
0.042163
0.04216
0.042157
0.0421542
0.0421517
0.0421496
0.0421477
0.0421461
0.0421446
0.0421431
0.0421418
0.0421405
0.0394346
0.0394466
0.0394758
0.0395274
0.0395473
0.0395769
0.0395952
0.0396246
0.0396899
0.0397859
0.0399633
0.0401725
0.0403311
0.0403829
0.0404131
0.0404997
0.040639
0.0408045
0.0409848
0.0411668
0.0413519
0.0415349
0.0417114
0.0418739
0.0420175
0.0421394
0.0422366
0.0423071
0.0423472
0.0423625
0.042364
0.0423615
0.0423557
0.0423485
0.0423408
0.0423328
0.0423247
0.0423166
0.042309
0.0423012
0.0422928
0.0422836
0.0422749
0.0422673
0.0422609
0.0422553
0.04225
0.0422447
0.0422398
0.042235
0.0422303
0.0422254
0.0422208
0.0422167
0.0422129
0.0422093
0.0422056
0.0422016
0.0421974
0.0421933
0.0421894
0.042186
0.0421827
0.0421796
0.0421767
0.0421739
0.0421712
0.0421686
0.0421661
0.0421636
0.0421614
0.0421594
0.0421576
0.042156
0.0421546
0.0421533
0.0421521
0.042151
0.0421499
0.0394368
0.0394491
0.0394753
0.0395232
0.0395425
0.0395726
0.0395892
0.0396136
0.0396684
0.0397517
0.0399133
0.0401167
0.0402748
0.0403376
0.040361
0.0404411
0.0405774
0.0407415
0.0409229
0.0411074
0.0412957
0.0414828
0.0416641
0.0418321
0.0419817
0.0421098
0.0422127
0.0422883
0.0423328
0.0423511
0.042354
0.042352
0.042347
0.0423406
0.0423337
0.0423264
0.0423189
0.0423114
0.0423043
0.042297
0.042289
0.0422801
0.0422715
0.0422641
0.0422581
0.042253
0.0422484
0.0422437
0.0422391
0.0422346
0.0422303
0.0422261
0.042222
0.0422182
0.0422147
0.0422112
0.0422078
0.0422042
0.0422005
0.0421967
0.0421931
0.0421897
0.0421865
0.0421834
0.0421806
0.042178
0.0421756
0.0421734
0.0421713
0.0421694
0.0421676
0.0421659
0.0421644
0.0421631
0.0421618
0.0421607
0.0421596
0.0421586
0.0421577
0.0394372
0.0394489
0.0394738
0.0395186
0.0395369
0.0395678
0.0395835
0.0396033
0.0396466
0.0397171
0.039862
0.0400583
0.040217
0.0402933
0.0403102
0.0403843
0.0405177
0.0406801
0.0408622
0.0410493
0.0412412
0.0414329
0.041619
0.041792
0.0419475
0.0420818
0.0421905
0.0422708
0.0423191
0.0423402
0.0423446
0.042343
0.0423389
0.0423332
0.0423272
0.0423206
0.0423137
0.0423065
0.0422998
0.0422927
0.0422851
0.0422765
0.0422682
0.0422609
0.0422553
0.0422508
0.0422469
0.042243
0.042239
0.0422349
0.0422308
0.0422268
0.042223
0.0422193
0.0422159
0.0422125
0.0422093
0.042206
0.0422027
0.0421994
0.0421962
0.042193
0.0421901
0.0421873
0.0421847
0.0421823
0.0421802
0.0421782
0.0421764
0.0421748
0.0421733
0.0421719
0.0421707
0.0421695
0.0421685
0.0421675
0.0421666
0.0421657
0.0421649
0.0394362
0.0394477
0.0394717
0.0395133
0.0395306
0.0395628
0.0395786
0.0395929
0.0396241
0.0396823
0.0398097
0.0399972
0.0401574
0.0402495
0.0402609
0.0403293
0.0404595
0.0406204
0.0408028
0.0409923
0.041188
0.0413848
0.0415759
0.041754
0.0419151
0.0420557
0.04217
0.0422546
0.0423064
0.0423299
0.0423357
0.0423345
0.0423311
0.0423262
0.0423211
0.0423152
0.0423091
0.0423019
0.0422952
0.0422881
0.0422809
0.0422726
0.0422647
0.0422578
0.0422526
0.0422487
0.0422456
0.0422425
0.0422392
0.0422354
0.0422314
0.0422273
0.0422234
0.0422195
0.042216
0.0422127
0.0422096
0.0422066
0.0422037
0.0422009
0.0421982
0.0421956
0.0421931
0.0421908
0.0421886
0.0421866
0.0421848
0.0421831
0.0421816
0.0421802
0.042179
0.0421779
0.0421769
0.042176
0.0421751
0.0421743
0.0421735
0.0421728
0.0421721
0.0394338
0.0394458
0.0394688
0.0395069
0.039524
0.0395578
0.0395743
0.0395823
0.0396009
0.0396471
0.0397569
0.0399334
0.0400957
0.040205
0.0402135
0.0402763
0.0404025
0.0405621
0.0407449
0.0409368
0.0411362
0.0413381
0.0415343
0.0417179
0.0418851
0.0420317
0.0421515
0.0422396
0.0422943
0.0423201
0.0423274
0.0423267
0.042324
0.0423198
0.0423157
0.0423104
0.0423048
0.0422974
0.0422904
0.042283
0.042276
0.0422685
0.0422614
0.0422551
0.0422504
0.042247
0.0422444
0.0422419
0.0422391
0.0422356
0.0422316
0.0422273
0.042223
0.0422189
0.0422151
0.0422116
0.0422085
0.0422057
0.0422032
0.0422009
0.0421988
0.0421968
0.0421949
0.0421931
0.0421915
0.0421899
0.0421885
0.0421871
0.0421859
0.0421847
0.0421837
0.0421827
0.0421818
0.0421809
0.0421801
0.0421793
0.0421786
0.0421779
0.0421772
0.0394303
0.0394428
0.0394646
0.0394993
0.0395176
0.039553
0.03957
0.0395717
0.0395768
0.0396117
0.0397042
0.0398669
0.040032
0.0401582
0.0401687
0.0402256
0.0403463
0.0405048
0.0406885
0.0408834
0.0410863
0.0412926
0.041494
0.0416837
0.0418573
0.04201
0.0421351
0.0422258
0.0422828
0.0423106
0.0423196
0.0423197
0.0423181
0.0423146
0.0423112
0.0423061
0.0423004
0.0422926
0.0422849
0.0422773
0.0422706
0.0422642
0.0422583
0.0422531
0.042249
0.0422458
0.0422434
0.0422411
0.0422383
0.042235
0.0422309
0.0422265
0.0422219
0.0422176
0.0422135
0.0422099
0.0422069
0.0422043
0.0422021
0.0422003
0.0421986
0.0421971
0.0421958
0.0421944
0.0421932
0.0421919
0.0421907
0.0421895
0.0421883
0.0421872
0.0421861
0.0421851
0.0421841
0.0421831
0.0421822
0.0421813
0.0421805
0.0421797
0.0421789
0.039426
0.0394388
0.0394592
0.0394908
0.0395116
0.0395482
0.039565
0.0395602
0.0395524
0.0395767
0.039652
0.0397989
0.039967
0.0401057
0.040127
0.0401776
0.040291
0.0404481
0.0406336
0.0408323
0.0410387
0.0412487
0.0414548
0.041651
0.0418316
0.0419904
0.0421203
0.0422133
0.042272
0.0423013
0.0423127
0.0423142
0.0423137
0.0423108
0.0423073
0.0423019
0.0422953
0.0422871
0.0422789
0.0422714
0.0422653
0.0422603
0.0422558
0.0422518
0.0422482
0.0422451
0.0422424
0.0422398
0.0422367
0.0422333
0.0422292
0.0422249
0.0422204
0.0422162
0.0422123
0.0422089
0.042206
0.0422037
0.0422018
0.0422003
0.0421989
0.0421977
0.0421966
0.0421954
0.0421943
0.0421932
0.042192
0.0421908
0.0421896
0.0421884
0.0421872
0.0421859
0.0421847
0.0421835
0.0421823
0.0421812
0.0421801
0.0421791
0.0421781
0.0394208
0.0394338
0.0394526
0.0394819
0.0395063
0.0395433
0.0395588
0.0395473
0.0395283
0.0395422
0.0396001
0.0397302
0.0398999
0.0400452
0.0400889
0.0401323
0.0402371
0.0403921
0.0405799
0.0407833
0.0409937
0.0412069
0.0414173
0.0416199
0.0418077
0.0419724
0.0421064
0.0422014
0.0422618
0.0422931
0.0423074
0.0423107
0.0423106
0.0423081
0.0423034
0.0422972
0.0422894
0.0422811
0.0422729
0.0422662
0.0422608
0.042257
0.0422537
0.0422506
0.0422474
0.0422443
0.0422409
0.0422377
0.0422341
0.0422306
0.0422267
0.0422228
0.0422189
0.0422153
0.042212
0.0422092
0.0422067
0.0422046
0.042203
0.0422015
0.0422003
0.0421992
0.0421981
0.0421971
0.042196
0.0421949
0.0421937
0.0421924
0.0421911
0.0421897
0.0421883
0.0421869
0.0421854
0.0421841
0.0421827
0.0421814
0.0421801
0.0421789
0.0421777
0.0394148
0.0394279
0.0394455
0.0394731
0.0395015
0.0395376
0.0395509
0.039533
0.0395048
0.0395078
0.0395488
0.0396616
0.0398279
0.0399788
0.0400524
0.0400899
0.0401856
0.0403372
0.0405269
0.0407356
0.0409508
0.0411679
0.0413825
0.0415907
0.0417852
0.0419552
0.0420927
0.0421901
0.0422528
0.0422872
0.042304
0.0423088
0.0423081
0.0423054
0.042299
0.0422917
0.0422832
0.0422752
0.0422678
0.042262
0.0422575
0.0422543
0.0422517
0.0422491
0.0422457
0.0422423
0.0422383
0.0422346
0.0422308
0.0422272
0.0422239
0.0422207
0.0422178
0.042215
0.0422125
0.0422102
0.0422082
0.0422064
0.0422049
0.0422035
0.0422023
0.0422012
0.0422001
0.042199
0.0421978
0.0421966
0.0421954
0.0421941
0.0421927
0.0421914
0.04219
0.0421886
0.0421872
0.0421858
0.0421845
0.0421832
0.0421819
0.0421807
0.0421796
0.0394077
0.0394213
0.0394381
0.0394649
0.0394965
0.0395309
0.0395408
0.0395177
0.0394815
0.0394716
0.039501
0.0395942
0.0397504
0.0399076
0.0400135
0.0400503
0.0401384
0.0402846
0.0404744
0.040688
0.0409094
0.0411319
0.0413511
0.0415645
0.0417642
0.0419384
0.042079
0.0421798
0.0422461
0.042284
0.0423019
0.0423073
0.0423051
0.0423019
0.0422942
0.0422861
0.0422776
0.0422704
0.042264
0.0422592
0.0422553
0.0422522
0.0422494
0.0422466
0.0422428
0.042239
0.0422347
0.0422307
0.042227
0.0422238
0.042221
0.0422186
0.0422164
0.0422144
0.0422125
0.0422108
0.0422092
0.0422077
0.0422063
0.0422049
0.0422036
0.0422023
0.0422011
0.0421998
0.0421985
0.0421972
0.042196
0.0421947
0.0421934
0.0421922
0.042191
0.0421898
0.0421886
0.0421875
0.0421864
0.0421853
0.0421843
0.0421833
0.0421824
0.0393997
0.039414
0.0394307
0.0394576
0.0394908
0.0395231
0.039528
0.039501
0.0394583
0.0394353
0.0394555
0.0395293
0.0396695
0.0398323
0.0399655
0.0400134
0.0400963
0.0402358
0.0404233
0.0406404
0.0408686
0.0410984
0.0413231
0.0415414
0.0417452
0.0419226
0.0420663
0.0421716
0.0422422
0.0422828
0.0423
0.042305
0.0423014
0.0422973
0.0422892
0.0422812
0.0422733
0.0422671
0.0422618
0.0422574
0.0422537
0.0422503
0.0422468
0.0422433
0.0422392
0.042235
0.0422308
0.042227
0.0422235
0.0422206
0.0422182
0.0422162
0.0422145
0.0422129
0.0422114
0.0422099
0.0422085
0.0422069
0.0422055
0.042204
0.0422025
0.042201
0.0421996
0.0421982
0.0421969
0.0421957
0.0421945
0.0421933
0.0421922
0.0421911
0.04219
0.0421891
0.0421881
0.0421872
0.0421864
0.0421856
0.0421849
0.0421842
0.0421835
0.0393908
0.0394061
0.0394233
0.0394508
0.0394836
0.0395143
0.0395133
0.0394829
0.0394348
0.0394004
0.0394111
0.0394675
0.0395883
0.0397531
0.0399046
0.0399776
0.0400588
0.0401923
0.0403756
0.0405936
0.0408281
0.0410662
0.0412977
0.0415211
0.0417283
0.0419089
0.0420563
0.0421665
0.0422403
0.0422819
0.0422971
0.0423011
0.0422969
0.0422922
0.0422847
0.0422774
0.0422706
0.042265
0.0422604
0.0422562
0.0422523
0.0422485
0.0422442
0.0422401
0.0422359
0.0422317
0.0422279
0.0422243
0.0422211
0.0422184
0.0422161
0.0422141
0.0422123
0.0422107
0.0422091
0.0422075
0.0422058
0.0422041
0.0422024
0.0422007
0.042199
0.0421973
0.0421958
0.0421943
0.0421929
0.0421916
0.0421904
0.0421893
0.0421883
0.0421874
0.0421865
0.0421857
0.042185
0.0421843
0.0421837
0.042183
0.0421825
0.0421819
0.0421814
0.0393814
0.0393977
0.0394156
0.039444
0.0394749
0.039504
0.0394971
0.0394635
0.0394108
0.0393673
0.0393675
0.0394087
0.0395091
0.0396689
0.039832
0.0399388
0.0400239
0.0401541
0.0403335
0.0405501
0.0407886
0.0410347
0.0412741
0.041503
0.0417138
0.0418982
0.0420497
0.0421639
0.0422392
0.0422802
0.0422932
0.042296
0.0422921
0.0422874
0.042281
0.0422746
0.0422689
0.0422637
0.0422594
0.0422552
0.0422509
0.0422466
0.0422421
0.0422378
0.0422338
0.04223
0.0422265
0.0422233
0.0422204
0.0422178
0.0422154
0.0422131
0.042211
0.042209
0.042207
0.042205
0.042203
0.042201
0.042199
0.0421971
0.0421952
0.0421934
0.0421917
0.0421902
0.0421887
0.0421874
0.0421861
0.042185
0.042184
0.042183
0.0421822
0.0421814
0.0421807
0.04218
0.0421793
0.0421788
0.0421782
0.0421777
0.0421772
0.0393719
0.0393889
0.0394072
0.0394365
0.0394649
0.0394921
0.0394796
0.0394428
0.0393861
0.0393352
0.0393232
0.0393545
0.0394338
0.0395808
0.0397512
0.039891
0.0399893
0.0401203
0.0402976
0.0405127
0.0407523
0.0410042
0.0412513
0.0414864
0.0417016
0.0418905
0.042046
0.0421628
0.0422379
0.0422773
0.0422885
0.0422903
0.0422874
0.0422831
0.042278
0.0422724
0.0422675
0.0422626
0.0422582
0.0422539
0.0422494
0.042245
0.0422408
0.0422367
0.0422331
0.0422298
0.0422267
0.0422239
0.0422211
0.0422185
0.042216
0.0422136
0.0422112
0.0422089
0.0422066
0.0422043
0.0422021
0.0422
0.0421979
0.0421959
0.042194
0.0421922
0.0421905
0.0421889
0.0421874
0.0421861
0.0421848
0.0421836
0.0421825
0.0421815
0.0421805
0.0421797
0.0421788
0.0421781
0.0421773
0.0421766
0.042176
0.0421753
0.0421748
0.0393623
0.03938
0.0393978
0.0394276
0.0394537
0.0394788
0.0394611
0.0394208
0.0393601
0.0393035
0.0392809
0.039302
0.0393645
0.0394918
0.0396643
0.03983
0.0399524
0.040089
0.0402669
0.0404821
0.040722
0.0409767
0.0412296
0.0414706
0.0416911
0.0418848
0.042044
0.0421622
0.0422363
0.0422737
0.0422837
0.042285
0.042283
0.0422793
0.0422751
0.04227
0.0422655
0.0422608
0.0422563
0.0422521
0.0422479
0.0422438
0.0422401
0.0422365
0.0422334
0.0422304
0.0422277
0.0422251
0.0422226
0.0422201
0.0422176
0.0422152
0.0422127
0.0422104
0.0422081
0.0422059
0.0422038
0.0422018
0.0421999
0.0421981
0.0421964
0.0421948
0.0421932
0.0421918
0.0421904
0.0421891
0.0421879
0.0421868
0.0421857
0.0421846
0.0421837
0.0421827
0.0421819
0.042181
0.0421803
0.0421795
0.0421788
0.0421781
0.0421774
0.0393526
0.039371
0.0393873
0.0394169
0.0394416
0.0394641
0.0394419
0.0393975
0.0393327
0.0392713
0.0392412
0.0392504
0.0393018
0.0394056
0.0395728
0.0397558
0.0399091
0.0400577
0.0402396
0.0404573
0.0406988
0.0409545
0.0412107
0.0414564
0.0416822
0.0418803
0.0420424
0.0421615
0.0422345
0.0422705
0.0422796
0.0422806
0.0422788
0.0422755
0.0422715
0.0422668
0.0422623
0.0422579
0.0422537
0.0422498
0.0422462
0.0422427
0.0422395
0.0422365
0.0422337
0.0422311
0.0422286
0.0422262
0.0422238
0.0422214
0.0422191
0.0422168
0.0422146
0.0422124
0.0422104
0.0422085
0.0422067
0.042205
0.0422034
0.0422019
0.0422005
0.0421991
0.0421979
0.0421966
0.0421955
0.0421944
0.0421933
0.0421923
0.0421914
0.0421904
0.0421895
0.0421887
0.0421879
0.0421871
0.0421863
0.0421856
0.0421849
0.0421843
0.0421837
0.0393425
0.0393619
0.0393757
0.0394044
0.0394285
0.0394479
0.0394219
0.039373
0.039304
0.0392383
0.0392031
0.0392022
0.039242
0.039326
0.0394795
0.0396715
0.0398553
0.0400239
0.0402139
0.0404363
0.0406815
0.0409389
0.0411968
0.0414454
0.0416748
0.0418761
0.0420404
0.0421604
0.042233
0.0422685
0.0422766
0.0422772
0.0422749
0.0422714
0.0422669
0.0422623
0.0422579
0.0422538
0.04225
0.0422467
0.0422436
0.0422407
0.0422381
0.0422355
0.042233
0.0422307
0.0422283
0.042226
0.0422238
0.0422216
0.0422194
0.0422174
0.0422154
0.0422135
0.0422118
0.0422101
0.0422086
0.0422072
0.0422058
0.0422045
0.0422033
0.0422022
0.0422011
0.0422
0.042199
0.042198
0.0421971
0.0421962
0.0421954
0.0421945
0.0421937
0.042193
0.0421923
0.0421916
0.0421909
0.0421903
0.0421897
0.0421891
0.0421885
0.0393318
0.0393525
0.039363
0.0393905
0.0394145
0.0394298
0.0394012
0.0393472
0.0392738
0.0392043
0.0391648
0.0391574
0.0391853
0.0392548
0.039389
0.039581
0.0397889
0.0399843
0.0401879
0.0404175
0.040668
0.0409287
0.0411886
0.0414389
0.0416703
0.0418729
0.0420383
0.0421592
0.0422323
0.0422681
0.0422751
0.0422753
0.0422717
0.0422674
0.0422621
0.0422571
0.0422524
0.0422485
0.042245
0.042242
0.0422392
0.0422367
0.0422343
0.0422321
0.0422298
0.0422276
0.0422254
0.0422233
0.0422213
0.0422193
0.0422174
0.0422156
0.0422139
0.0422123
0.0422107
0.0422093
0.0422079
0.0422066
0.0422054
0.0422043
0.0422032
0.0422021
0.0422011
0.0422001
0.0421992
0.0421983
0.0421974
0.0421966
0.0421958
0.042195
0.0421943
0.0421936
0.0421929
0.0421923
0.0421917
0.0421911
0.0421905
0.04219
0.0421895
0.0393205
0.0393428
0.0393496
0.0393757
0.0393996
0.0394098
0.0393794
0.0393199
0.0392419
0.0391687
0.0391264
0.039115
0.0391332
0.0391907
0.0393054
0.0394888
0.0397114
0.0399359
0.0401593
0.0403991
0.0406564
0.0409217
0.0411848
0.0414367
0.0416689
0.0418717
0.0420372
0.0421586
0.0422327
0.042269
0.0422754
0.0422752
0.0422703
0.0422648
0.0422585
0.0422526
0.0422474
0.0422429
0.0422391
0.0422358
0.0422329
0.0422302
0.0422277
0.0422254
0.0422231
0.042221
0.0422189
0.0422169
0.042215
0.0422133
0.0422116
0.04221
0.0422085
0.0422071
0.0422057
0.0422044
0.0422032
0.042202
0.0422008
0.0421997
0.0421987
0.0421977
0.0421967
0.0421958
0.0421949
0.0421941
0.0421932
0.0421925
0.0421917
0.042191
0.0421903
0.0421896
0.042189
0.0421884
0.0421878
0.0421873
0.0421868
0.0421863
0.0421858
0.0393084
0.0393323
0.0393357
0.0393603
0.0393839
0.039388
0.0393559
0.0392908
0.0392082
0.0391316
0.0390874
0.0390738
0.039086
0.039133
0.0392312
0.0394004
0.0396274
0.0398766
0.0401251
0.0403795
0.0406454
0.0409165
0.0411835
0.0414374
0.0416701
0.0418727
0.0420376
0.0421593
0.0422339
0.0422708
0.0422772
0.0422769
0.0422716
0.0422653
0.0422583
0.0422516
0.0422457
0.0422404
0.0422358
0.0422317
0.042228
0.0422246
0.0422215
0.0422187
0.042216
0.0422136
0.0422113
0.0422091
0.0422071
0.0422053
0.0422036
0.042202
0.0422004
0.042199
0.0421976
0.0421963
0.042195
0.0421938
0.0421926
0.0421915
0.0421905
0.0421895
0.0421885
0.0421876
0.0421867
0.0421859
0.042185
0.0421843
0.0421836
0.0421829
0.0421822
0.0421816
0.042181
0.0421804
0.0421798
0.0421793
0.0421788
0.0421783
0.0421779
0.0392953
0.0393206
0.0393215
0.0393447
0.0393673
0.0393647
0.0393301
0.0392598
0.0391726
0.0390932
0.0390477
0.0390331
0.0390425
0.0390817
0.0391672
0.0393206
0.0395431
0.0398079
0.0400824
0.0403562
0.0406334
0.0409116
0.041183
0.0414391
0.0416722
0.0418746
0.0420392
0.0421609
0.042236
0.0422734
0.0422802
0.0422801
0.0422753
0.0422691
0.0422623
0.0422556
0.0422495
0.0422439
0.0422388
0.0422341
0.0422297
0.0422257
0.0422219
0.0422184
0.0422152
0.0422122
0.0422094
0.0422068
0.0422044
0.0422021
0.0422
0.042198
0.0421962
0.0421945
0.0421928
0.0421913
0.0421898
0.0421884
0.0421871
0.0421859
0.0421847
0.0421836
0.0421825
0.0421816
0.0421806
0.0421797
0.0421789
0.0421781
0.0421773
0.0421766
0.0421759
0.0421752
0.0421746
0.042174
0.0421735
0.0421729
0.0421724
0.0421719
0.0421715
0.0392808
0.0393074
0.039307
0.039329
0.0393493
0.0393401
0.0393021
0.0392268
0.0391352
0.0390536
0.0390075
0.0389927
0.0390012
0.039036
0.0391129
0.0392526
0.0394652
0.0397352
0.0400302
0.040326
0.0406181
0.0409052
0.0411816
0.0414401
0.0416738
0.0418763
0.0420408
0.0421626
0.042238
0.0422759
0.0422835
0.0422837
0.0422796
0.0422743
0.0422683
0.0422622
0.0422565
0.042251
0.0422459
0.042241
0.0422364
0.042232
0.042228
0.0422242
0.0422206
0.0422173
0.0422142
0.0422112
0.0422085
0.042206
0.0422036
0.0422013
0.0421992
0.0421973
0.0421954
0.0421936
0.042192
0.0421904
0.0421889
0.0421876
0.0421862
0.042185
0.0421838
0.0421827
0.0421817
0.0421807
0.0421798
0.0421789
0.042178
0.0421773
0.0421765
0.0421758
0.0421751
0.0421745
0.0421739
0.0421733
0.0421727
0.0421722
0.0421717
0.0392652
0.0392925
0.0392915
0.0393131
0.0393294
0.0393141
0.0392721
0.0391916
0.039096
0.0390129
0.038967
0.0389526
0.0389614
0.0389944
0.0390671
0.0391975
0.0393991
0.0396657
0.0399716
0.040287
0.0405962
0.0408943
0.0411769
0.0414384
0.0416732
0.0418763
0.0420413
0.0421635
0.0422392
0.0422776
0.0422861
0.0422866
0.042283
0.0422786
0.0422736
0.0422687
0.042264
0.0422593
0.0422548
0.0422502
0.0422459
0.0422416
0.0422375
0.0422336
0.04223
0.0422265
0.0422232
0.0422201
0.0422172
0.0422144
0.0422119
0.0422094
0.0422071
0.042205
0.042203
0.0422011
0.0421993
0.0421976
0.042196
0.0421945
0.042193
0.0421917
0.0421904
0.0421892
0.0421881
0.042187
0.042186
0.042185
0.0421841
0.0421833
0.0421825
0.0421817
0.042181
0.0421803
0.0421796
0.042179
0.0421784
0.0421778
0.0421773
0.0392488
0.039276
0.0392749
0.0392962
0.0393075
0.0392862
0.0392398
0.0391543
0.0390552
0.0389716
0.0389266
0.038913
0.038923
0.0389557
0.039028
0.0391542
0.0393476
0.0396066
0.0399139
0.0402412
0.0405657
0.0408756
0.0411655
0.0414312
0.0416684
0.0418727
0.0420388
0.0421621
0.0422384
0.0422777
0.0422873
0.0422881
0.0422849
0.042281
0.0422767
0.0422726
0.0422688
0.0422652
0.0422617
0.0422583
0.0422548
0.0422514
0.0422481
0.0422447
0.0422415
0.0422383
0.0422353
0.0422323
0.0422295
0.0422268
0.0422243
0.0422218
0.0422195
0.0422173
0.0422152
0.0422133
0.0422114
0.0422097
0.042208
0.0422064
0.0422049
0.0422035
0.0422022
0.0422009
0.0421997
0.0421986
0.0421975
0.0421965
0.0421956
0.0421947
0.0421938
0.042193
0.0421922
0.0421915
0.0421908
0.0421901
0.0421895
0.0421889
0.0421884
0.0392314
0.039258
0.039257
0.0392777
0.0392835
0.0392563
0.0392051
0.0391148
0.0390129
0.03893
0.0388867
0.0388742
0.0388859
0.038919
0.0389937
0.0391203
0.0393104
0.0395625
0.0398654
0.0401957
0.0405285
0.0408477
0.0411449
0.0414157
0.0416563
0.041863
0.042031
0.0421562
0.0422345
0.0422744
0.0422859
0.0422873
0.0422846
0.0422814
0.0422776
0.0422742
0.0422709
0.0422679
0.0422649
0.0422621
0.0422594
0.0422568
0.0422543
0.0422518
0.0422495
0.0422471
0.0422449
0.0422427
0.0422405
0.0422384
0.0422364
0.0422344
0.0422325
0.0422307
0.0422289
0.0422272
0.0422256
0.0422241
0.0422226
0.0422212
0.0422199
0.0422186
0.0422174
0.0422162
0.0422151
0.042214
0.042213
0.0422121
0.0422112
0.0422103
0.0422095
0.0422087
0.042208
0.0422073
0.0422066
0.042206
0.0422054
0.0422048
0.0422043
0.039213
0.0392384
0.0392374
0.0392569
0.0392572
0.039224
0.0391679
0.0390732
0.0389695
0.0388884
0.0388476
0.0388364
0.0388505
0.0388842
0.0389632
0.0390935
0.0392855
0.0395348
0.0398322
0.040158
0.0404904
0.0408129
0.0411151
0.0413906
0.0416349
0.0418446
0.0420155
0.0421434
0.0422247
0.0422661
0.0422799
0.0422825
0.0422807
0.0422784
0.0422755
0.0422729
0.0422702
0.0422678
0.0422654
0.042263
0.0422608
0.0422585
0.0422564
0.0422543
0.0422523
0.0422503
0.0422485
0.0422466
0.0422449
0.0422433
0.0422417
0.0422402
0.0422387
0.0422373
0.042236
0.0422347
0.0422335
0.0422323
0.0422312
0.0422301
0.0422291
0.0422281
0.0422272
0.0422263
0.0422255
0.0422246
0.0422239
0.0422231
0.0422224
0.0422217
0.0422211
0.0422205
0.0422199
0.0422193
0.0422188
0.0422183
0.0422178
0.0422174
0.0422169
0.0391934
0.0392174
0.0392158
0.0392334
0.0392285
0.0391891
0.039128
0.0390296
0.0389253
0.0388474
0.0388098
0.0387999
0.038817
0.0388517
0.038936
0.0390727
0.0392706
0.0395226
0.039815
0.0401323
0.0404578
0.0407775
0.0410802
0.0413578
0.0416048
0.0418169
0.0419907
0.0421217
0.0422063
0.04225
0.0422663
0.0422707
0.0422706
0.0422698
0.0422682
0.0422668
0.0422651
0.0422636
0.0422619
0.0422602
0.0422584
0.0422567
0.0422549
0.0422532
0.0422515
0.0422498
0.0422482
0.0422466
0.0422451
0.0422437
0.0422423
0.0422409
0.0422396
0.0422384
0.0422372
0.0422361
0.042235
0.0422339
0.0422329
0.042232
0.0422311
0.0422302
0.0422294
0.0422286
0.0422278
0.0422271
0.0422264
0.0422257
0.0422251
0.0422245
0.042224
0.0422234
0.0422229
0.0422224
0.0422219
0.0422215
0.0422211
0.0422207
0.0422203
0.0391729
0.0391946
0.0391917
0.0392065
0.0391967
0.0391513
0.0390858
0.0389846
0.0388807
0.0388071
0.0387739
0.0387647
0.0387855
0.0388225
0.0389124
0.0390578
0.0392638
0.0395203
0.039809
0.040118
0.0404352
0.0407483
0.0410471
0.0413233
0.0415703
0.0417831
0.0419581
0.0420911
0.0421785
0.0422244
0.0422429
0.0422493
0.0422515
0.0422524
0.0422526
0.0422528
0.0422525
0.0422523
0.0422516
0.0422509
0.0422499
0.0422489
0.0422478
0.0422466
0.0422454
0.0422442
0.042243
0.0422418
0.0422406
0.0422394
0.0422383
0.0422371
0.0422361
0.042235
0.042234
0.042233
0.042232
0.0422311
0.0422302
0.0422294
0.0422285
0.0422277
0.042227
0.0422263
0.0422256
0.0422249
0.0422243
0.0422237
0.0422231
0.0422225
0.042222
0.0422215
0.042221
0.0422205
0.0422201
0.0422197
0.0422193
0.0422189
0.0422185
0.0391519
0.0391698
0.0391643
0.0391755
0.0391611
0.0391104
0.0390412
0.0389384
0.0388362
0.038768
0.0387404
0.0387316
0.0387562
0.0387981
0.0388937
0.0390498
0.0392628
0.0395211
0.0398082
0.0401122
0.0404226
0.0407288
0.0410219
0.0412941
0.0415386
0.0417498
0.0419233
0.0420556
0.0421439
0.0421905
0.0422099
0.0422173
0.0422211
0.0422236
0.0422257
0.0422274
0.0422288
0.0422299
0.0422306
0.0422311
0.0422313
0.0422313
0.0422311
0.0422308
0.0422303
0.0422298
0.0422292
0.0422286
0.0422279
0.0422271
0.0422264
0.0422257
0.0422249
0.0422242
0.0422234
0.0422227
0.0422219
0.0422212
0.0422205
0.0422199
0.0422192
0.0422186
0.0422179
0.0422173
0.0422167
0.0422162
0.0422156
0.0422151
0.0422146
0.0422141
0.0422137
0.0422132
0.0422128
0.0422124
0.042212
0.0422116
0.0422112
0.0422109
0.0422106
0.0391298
0.0391419
0.039133
0.0391395
0.0391209
0.0390663
0.0389945
0.0388918
0.0387924
0.0387305
0.0387099
0.0387019
0.0387297
0.0387797
0.0388812
0.0390476
0.0392638
0.0395232
0.0398095
0.0401109
0.0404166
0.0407178
0.0410061
0.0412744
0.0415159
0.0417244
0.041895
0.0420239
0.0421101
0.0421548
0.0421717
0.042178
0.0421814
0.0421843
0.042187
0.0421895
0.042192
0.0421942
0.0421961
0.0421977
0.042199
0.0422001
0.042201
0.0422016
0.0422021
0.0422024
0.0422026
0.0422027
0.0422026
0.0422025
0.0422024
0.0422021
0.0422018
0.0422015
0.0422012
0.0422008
0.0422004
0.0422
0.0421996
0.0421992
0.0421987
0.0421983
0.0421979
0.0421975
0.0421971
0.0421966
0.0421962
0.0421959
0.0421955
0.0421951
0.0421947
0.0421944
0.0421941
0.0421937
0.0421934
0.0421931
0.0421928
0.0421925
0.0421922
0.0391048
0.0391101
0.0390976
0.0390983
0.0390758
0.0390188
0.0389462
0.0388456
0.0387503
0.0386954
0.0386831
0.0386773
0.0387076
0.0387678
0.0388758
0.039048
0.0392664
0.0395264
0.0398116
0.040111
0.0404138
0.040712
0.0409977
0.0412636
0.041503
0.0417096
0.0418782
0.0420043
0.0420872
0.0421279
0.0421398
0.0421423
0.0421431
0.0421437
0.0421447
0.0421462
0.0421479
0.0421497
0.0421516
0.0421534
0.042155
0.0421565
0.0421579
0.0421591
0.0421602
0.0421611
0.0421618
0.0421625
0.042163
0.0421635
0.0421637
0.042164
0.0421642
0.0421643
0.0421643
0.0421643
0.0421642
0.0421641
0.042164
0.0421639
0.0421637
0.0421635
0.0421633
0.0421631
0.0421629
0.0421626
0.0421624
0.0421621
0.0421619
0.0421617
0.0421614
0.0421612
0.0421609
0.0421607
0.0421605
0.0421603
0.04216
0.0421598
0.0421596
0.0390741
0.0390735
0.0390572
0.0390517
0.0390256
0.0389684
0.0388969
0.0388011
0.0387116
0.0386641
0.0386602
0.038659
0.0386915
0.0387623
0.0388753
0.0390501
0.0392698
0.0395298
0.0398137
0.0401113
0.0404123
0.040709
0.0409935
0.0412583
0.0414968
0.0417028
0.0418711
0.0419968
0.0420785
0.0421176
0.0421261
0.0421256
0.0421234
0.0421208
0.0421186
0.0421169
0.0421158
0.042115
0.0421146
0.0421144
0.0421144
0.0421145
0.0421148
0.0421151
0.0421154
0.0421158
0.0421161
0.0421164
0.0421167
0.042117
0.0421172
0.0421173
0.0421175
0.0421175
0.0421176
0.0421176
0.0421176
0.0421176
0.0421175
0.0421174
0.0421173
0.0421172
0.042117
0.0421169
0.0421167
0.0421165
0.0421164
0.0421162
0.042116
0.0421158
0.0421156
0.0421154
0.0421152
0.042115
0.0421148
0.0421147
0.0421145
0.0421143
0.0421141
0.0390352
0.0390307
0.039011
0.039
0.0389711
0.0389157
0.038848
0.0387596
0.0386783
0.0386388
0.0386417
0.0386472
0.0386827
0.0387614
0.0388762
0.0390533
0.0392732
0.0395324
0.0398149
0.0401113
0.0404115
0.0407075
0.0409912
0.0412556
0.0414939
0.0416998
0.0418684
0.0419949
0.042077
0.0421173
0.0421257
0.0421246
0.0421215
0.0421178
0.0421143
0.0421109
0.0421078
0.0421049
0.0421022
0.0420998
0.0420976
0.0420955
0.0420937
0.0420921
0.0420906
0.0420893
0.0420881
0.042087
0.042086
0.042085
0.0420842
0.0420834
0.0420827
0.042082
0.0420813
0.0420807
0.0420801
0.0420796
0.0420791
0.0420785
0.0420781
0.0420776
0.0420771
0.0420767
0.0420763
0.0420759
0.0420755
0.0420751
0.0420747
0.0420744
0.042074
0.0420737
0.0420734
0.0420731
0.0420728
0.0420725
0.0420722
0.0420719
0.0420717
0.0389858
0.03898
0.0389584
0.0389438
0.0389138
0.0388629
0.038802
0.0387233
0.0386523
0.0386219
0.0386284
0.0386421
0.0386805
0.0387621
0.0388782
0.0390564
0.0392757
0.0395336
0.0398151
0.0401112
0.0404112
0.0407067
0.04099
0.0412541
0.0414922
0.0416982
0.041867
0.0419942
0.0420771
0.0421185
0.0421279
0.0421266
0.0421235
0.0421198
0.0421161
0.0421126
0.0421092
0.042106
0.0421029
0.0421
0.0420972
0.0420946
0.0420922
0.0420898
0.0420876
0.0420856
0.0420836
0.0420817
0.04208
0.0420783
0.0420767
0.0420753
0.0420738
0.0420725
0.0420713
0.0420701
0.0420689
0.0420679
0.0420669
0.0420659
0.042065
0.0420641
0.0420633
0.0420625
0.0420618
0.042061
0.0420604
0.0420597
0.0420591
0.0420585
0.042058
0.0420575
0.042057
0.0420565
0.042056
0.0420556
0.0420552
0.0420548
0.0420544
0.0389255
0.0389211
0.0388998
0.0388846
0.0388572
0.0388138
0.0387631
0.0386958
0.0386356
0.0386139
0.038622
0.0386412
0.0386806
0.0387637
0.0388806
0.0390587
0.0392768
0.0395338
0.039815
0.040111
0.040411
0.0407064
0.0409894
0.0412532
0.0414911
0.0416971
0.0418661
0.0419936
0.0420771
0.0421192
0.0421307
0.0421299
0.0421273
0.0421239
0.0421203
0.0421167
0.0421132
0.0421098
0.0421065
0.0421034
0.0421004
0.0420976
0.0420949
0.0420923
0.0420899
0.0420877
0.0420855
0.0420835
0.0420816
0.0420798
0.0420781
0.0420764
0.0420749
0.0420734
0.0420721
0.0420708
0.0420695
0.0420683
0.0420672
0.0420662
0.0420652
0.0420642
0.0420633
0.0420624
0.0420616
0.0420608
0.0420601
0.0420594
0.0420587
0.0420581
0.0420575
0.0420569
0.0420563
0.0420558
0.0420553
0.0420548
0.0420544
0.042054
0.0420536
0.0388574
0.0388562
0.0388379
0.0388268
0.0388077
0.0387743
0.0387369
0.0386813
0.0386288
0.038612
0.0386209
0.0386415
0.0386813
0.0387656
0.0388824
0.0390597
0.039277
0.0395337
0.0398149
0.0401109
0.0404109
0.0407064
0.0409893
0.0412527
0.0414903
0.0416962
0.0418652
0.041993
0.0420769
0.0421193
0.0421321
0.0421327
0.0421313
0.042129
0.0421262
0.0421232
0.04212
0.0421167
0.0421135
0.0421103
0.0421073
0.0421043
0.0421015
0.0420988
0.0420962
0.0420937
0.0420914
0.0420892
0.0420871
0.0420852
0.0420833
0.0420815
0.0420799
0.0420783
0.0420768
0.0420754
0.042074
0.0420727
0.0420715
0.0420704
0.0420693
0.0420683
0.0420673
0.0420664
0.0420655
0.0420647
0.0420639
0.0420631
0.0420624
0.0420617
0.0420611
0.0420605
0.0420599
0.0420593
0.0420588
0.0420583
0.0420578
0.0420574
0.042057
0.0387895
0.0387931
0.0387808
0.0387788
0.0387726
0.0387511
0.0387253
0.0386778
0.038628
0.0386119
0.0386209
0.0386421
0.0386824
0.0387671
0.0388833
0.0390599
0.0392769
0.0395336
0.0398148
0.0401108
0.0404109
0.0407064
0.0409892
0.0412525
0.0414899
0.0416956
0.0418645
0.0419924
0.0420765
0.0421191
0.0421322
0.0421336
0.0421333
0.0421325
0.0421312
0.0421295
0.0421274
0.042125
0.0421225
0.0421198
0.0421171
0.0421144
0.0421118
0.0421092
0.0421067
0.0421043
0.0421019
0.0420997
0.0420976
0.0420956
0.0420937
0.0420918
0.0420901
0.0420885
0.0420869
0.0420854
0.042084
0.0420827
0.0420814
0.0420802
0.0420791
0.042078
0.042077
0.042076
0.0420751
0.0420742
0.0420734
0.0420726
0.0420719
0.0420712
0.0420705
0.0420699
0.0420693
0.0420687
0.0420682
0.0420677
0.0420672
0.0420667
0.0420663
0.0387362
0.0387454
0.0387417
0.0387505
0.0387553
0.0387432
0.0387225
0.0386777
0.038628
0.038612
0.0386212
0.0386429
0.0386834
0.0387677
0.0388835
0.0390599
0.0392769
0.0395335
0.0398147
0.0401108
0.0404109
0.0407064
0.0409892
0.0412525
0.0414898
0.0416953
0.0418641
0.0419918
0.042076
0.0421188
0.0421321
0.0421337
0.0421336
0.0421335
0.0421332
0.0421327
0.042132
0.042131
0.0421298
0.0421283
0.0421267
0.0421249
0.042123
0.0421211
0.0421192
0.0421172
0.0421153
0.0421135
0.0421116
0.0421099
0.0421082
0.0421065
0.0421049
0.0421034
0.042102
0.0421006
0.0420993
0.0420981
0.0420969
0.0420957
0.0420947
0.0420936
0.0420927
0.0420918
0.0420909
0.0420901
0.0420893
0.0420885
0.0420878
0.0420871
0.0420865
0.0420859
0.0420853
0.0420848
0.0420843
0.0420838
0.0420833
0.0420829
0.0420824
0.0387091
0.0387226
0.0387262
0.0387417
0.0387507
0.0387419
0.0387222
0.0386778
0.0386281
0.0386124
0.0386217
0.0386436
0.0386839
0.0387679
0.0388835
0.0390598
0.0392768
0.0395335
0.0398147
0.0401108
0.0404109
0.0407064
0.0409892
0.0412525
0.0414898
0.0416953
0.0418639
0.0419915
0.0420756
0.0421184
0.0421318
0.0421336
0.0421336
0.0421335
0.0421334
0.0421333
0.0421332
0.0421331
0.0421328
0.0421324
0.0421319
0.0421313
0.0421306
0.0421297
0.0421288
0.0421278
0.0421267
0.0421257
0.0421246
0.0421235
0.0421224
0.0421213
0.0421202
0.0421191
0.0421181
0.0421171
0.0421162
0.0421153
0.0421144
0.0421135
0.0421127
0.0421119
0.0421112
0.0421104
0.0421098
0.0421091
0.0421085
0.0421079
0.0421073
0.0421068
0.0421063
0.0421058
0.0421054
0.0421049
0.0421045
0.0421041
0.0421038
0.0421034
0.0421031
0.0387027
0.0387176
0.0387235
0.0387407
0.0387502
0.0387419
0.0387222
0.0386779
0.0386284
0.0386129
0.0386221
0.0386439
0.038684
0.0387679
0.0388834
0.0390598
0.0392767
0.0395335
0.0398147
0.0401108
0.0404109
0.0407064
0.0409892
0.0412525
0.0414898
0.0416952
0.0418638
0.0419914
0.0420754
0.0421181
0.0421315
0.0421333
0.0421335
0.0421334
0.0421334
0.0421334
0.0421333
0.0421333
0.0421332
0.0421332
0.0421331
0.0421331
0.0421329
0.0421328
0.0421326
0.0421324
0.0421321
0.0421318
0.0421315
0.0421311
0.0421307
0.0421303
0.0421299
0.0421295
0.042129
0.0421286
0.0421282
0.0421278
0.0421273
0.0421269
0.0421265
0.0421261
0.0421258
0.0421254
0.042125
0.0421247
0.0421244
0.0421241
0.0421238
0.0421235
0.0421232
0.0421229
0.0421227
0.0421224
0.0421222
0.042122
0.0421218
0.0421216
0.0421214
0.0387022
0.0387173
0.0387234
0.0387406
0.0387502
0.0387419
0.0387223
0.0386781
0.0386286
0.0386131
0.0386224
0.0386439
0.038684
0.0387678
0.0388834
0.0390597
0.0392767
0.0395335
0.0398147
0.0401108
0.0404109
0.0407064
0.0409892
0.0412525
0.0414898
0.0416952
0.0418638
0.0419913
0.0420753
0.042118
0.0421313
0.0421331
0.0421332
0.0421333
0.0421333
0.0421333
0.0421333
0.0421333
0.0421332
0.0421332
0.0421332
0.0421332
0.0421332
0.0421332
0.0421331
0.0421331
0.0421331
0.0421331
0.042133
0.042133
0.0421329
0.0421329
0.0421328
0.0421327
0.0421327
0.0421326
0.0421325
0.0421324
0.0421323
0.0421323
0.0421322
0.0421321
0.042132
0.0421319
0.0421318
0.0421317
0.0421317
0.0421316
0.0421315
0.0421314
0.0421313
0.0421313
0.0421312
0.0421311
0.0421311
0.042131
0.0421309
0.0421309
0.0421308
0.0387022
0.0387173
0.0387234
0.0387406
0.0387502
0.0387419
0.0387224
0.0386782
0.0386288
0.0386132
0.0386224
0.0386439
0.038684
0.0387678
0.0388834
0.0390597
0.0392767
0.0395335
0.0398147
0.0401108
0.0404109
0.0407064
0.0409892
0.0412525
0.0414898
0.0416953
0.0418638
0.0419913
0.0420753
0.042118
0.0421312
0.042133
0.0421331
0.0421331
0.0421332
0.0421332
0.0421332
0.0421332
0.0421332
0.0421332
0.0421332
0.0421332
0.0421332
0.0421332
0.0421331
0.0421331
0.0421331
0.0421331
0.0421331
0.0421331
0.0421331
0.0421331
0.0421331
0.0421331
0.0421331
0.0421331
0.0421331
0.0421331
0.0421331
0.0421331
0.0421331
0.042133
0.042133
0.042133
0.042133
0.042133
0.042133
0.042133
0.042133
0.042133
0.042133
0.042133
0.042133
0.042133
0.042133
0.0421329
0.0421329
0.0421329
0.0421329
0.0387022
0.0387173
0.0387234
0.0387407
0.0387502
0.038742
0.0387225
0.0386783
0.0386288
0.0386132
0.0386224
0.0386439
0.038684
0.0387678
0.0388834
0.0390597
0.0392767
0.0395335
0.0398147
0.0401108
0.0404109
0.0407064
0.0409892
0.0412525
0.0414898
0.0416953
0.0418638
0.0419913
0.0420753
0.042118
0.0421312
0.042133
0.042133
0.0421331
0.0421331
0.0421331
0.0421331
0.0421331
0.0421331
0.0421331
0.0421331
0.0421331
0.0421331
0.0421331
0.0421331
0.0421331
0.0421331
0.0421331
0.0421331
0.0421331
0.0421331
0.0421331
0.0421331
0.0421331
0.0421331
0.0421331
0.0421331
0.0421331
0.0421331
0.0421331
0.0421331
0.0421331
0.0421331
0.0421331
0.0421331
0.0421331
0.0421331
0.0421331
0.0421331
0.0421331
0.0421331
0.0421331
0.0421331
0.0421331
0.0421331
0.0421331
0.0421331
0.0421331
0.0421331
0.0387022
0.0387173
0.0387234
0.0387407
0.0387502
0.038742
0.0387225
0.0386783
0.0386289
0.0386132
0.0386224
0.0386439
0.038684
0.0387678
0.0388834
0.0390597
0.0392767
0.0395335
0.0398147
0.0401108
0.0404109
0.0407064
0.0409892
0.0412525
0.0414898
0.0416953
0.0418638
0.0419913
0.0420753
0.042118
0.0421312
0.042133
0.042133
0.042133
0.042133
0.042133
0.0421331
0.0421331
0.0421331
0.0421331
0.0421331
0.0421331
0.0421331
0.0421331
0.0421331
0.0421331
0.0421331
0.0421331
0.0421331
0.0421331
0.0421331
0.0421331
0.0421331
0.0421331
0.0421331
0.0421331
0.0421331
0.0421331
0.0421331
0.0421331
0.0421331
0.0421331
0.0421331
0.0421331
0.0421331
0.0421331
0.0421331
0.0421331
0.0421331
0.0421331
0.0421331
0.0421331
0.0421331
0.0421331
0.0421331
0.0421331
0.0421331
0.0421331
0.0421331
0.0387022
0.0387173
0.0387234
0.0387407
0.0387503
0.038742
0.0387225
0.0386783
0.0386289
0.0386132
0.0386224
0.0386439
0.038684
0.0387678
0.0388834
0.0390597
0.0392767
0.0395335
0.0398147
0.0401108
0.0404109
0.0407064
0.0409892
0.0412525
0.0414898
0.0416953
0.0418638
0.0419913
0.0420753
0.042118
0.0421312
0.042133
0.042133
0.042133
0.042133
0.042133
0.042133
0.042133
0.042133
0.042133
0.0421331
0.0421331
0.0421331
0.0421331
0.0421331
0.0421331
0.0421331
0.0421331
0.0421331
0.0421331
0.0421331
0.0421331
0.0421331
0.0421331
0.0421331
0.0421331
0.0421331
0.0421331
0.0421331
0.0421331
0.0421331
0.0421331
0.0421331
0.0421331
0.0421331
0.0421331
0.0421331
0.0421331
0.0421331
0.0421331
0.0421331
0.0421331
0.0421331
0.0421331
0.0421331
0.0421331
0.0421331
0.0421331
0.0421331
0.0387022
0.0387173
0.0387234
0.0387407
0.0387503
0.038742
0.0387225
0.0386783
0.0386289
0.0386132
0.0386224
0.0386439
0.038684
0.0387678
0.0388834
0.0390597
0.0392767
0.0395335
0.0398147
0.0401108
0.0404109
0.0407064
0.0409892
0.0412525
0.0414898
0.0416953
0.0418638
0.0419913
0.0420753
0.042118
0.0421312
0.042133
0.042133
0.042133
0.042133
0.042133
0.042133
0.042133
0.042133
0.042133
0.042133
0.042133
0.042133
0.042133
0.042133
0.042133
0.042133
0.042133
0.042133
0.0421331
0.0421331
0.0421331
0.0421331
0.0421331
0.0421331
0.0421331
0.0421331
0.0421331
0.0421331
0.0421331
0.0421331
0.0421331
0.0421331
0.0421331
0.0421331
0.0421331
0.0421331
0.0421331
0.0421331
0.0421331
0.0421331
0.0421331
0.0421331
0.0421331
0.0421331
0.0421331
0.0421331
0.0421331
0.0421331
0.0387022
0.0387173
0.0387234
0.0387407
0.0387503
0.038742
0.0387225
0.0386783
0.0386288
0.0386132
0.0386224
0.0386439
0.038684
0.0387678
0.0388834
0.0390597
0.0392767
0.0395335
0.0398147
0.0401108
0.0404109
0.0407064
0.0409892
0.0412525
0.0414898
0.0416953
0.0418638
0.0419913
0.0420753
0.042118
0.0421312
0.042133
0.042133
0.042133
0.042133
0.042133
0.042133
0.042133
0.042133
0.042133
0.042133
0.042133
0.042133
0.042133
0.042133
0.042133
0.042133
0.042133
0.042133
0.042133
0.042133
0.042133
0.042133
0.042133
0.042133
0.042133
0.042133
0.042133
0.042133
0.042133
0.042133
0.042133
0.042133
0.042133
0.042133
0.042133
0.042133
0.042133
0.042133
0.042133
0.042133
0.042133
0.042133
0.042133
0.042133
0.042133
0.042133
0.042133
0.042133
0.0387022
0.0387173
0.0387234
0.0387407
0.0387503
0.038742
0.0387225
0.0386783
0.0386288
0.0386132
0.0386224
0.0386439
0.038684
0.0387678
0.0388834
0.0390597
0.0392767
0.0395335
0.0398147
0.0401108
0.0404109
0.0407064
0.0409892
0.0412525
0.0414898
0.0416953
0.0418638
0.0419913
0.0420753
0.042118
0.0421312
0.042133
0.042133
0.042133
0.042133
0.042133
0.042133
0.042133
0.042133
0.042133
0.042133
0.042133
0.042133
0.042133
0.042133
0.042133
0.042133
0.042133
0.042133
0.042133
0.042133
0.042133
0.042133
0.042133
0.042133
0.042133
0.042133
0.042133
0.042133
0.042133
0.042133
0.042133
0.042133
0.042133
0.042133
0.042133
0.042133
0.042133
0.042133
0.042133
0.042133
0.042133
0.042133
0.042133
0.042133
0.042133
0.042133
0.042133
0.042133
0.0387022
0.0387173
0.0387234
0.0387407
0.0387503
0.038742
0.0387225
0.0386783
0.0386288
0.0386132
0.0386224
0.0386439
0.038684
0.0387678
0.0388834
0.0390597
0.0392767
0.0395335
0.0398147
0.0401108
0.0404109
0.0407064
0.0409892
0.0412525
0.0414898
0.0416953
0.0418638
0.0419913
0.0420753
0.042118
0.0421312
0.042133
0.042133
0.042133
0.042133
0.042133
0.042133
0.042133
0.042133
0.042133
0.042133
0.042133
0.042133
0.042133
0.042133
0.042133
0.042133
0.042133
0.042133
0.042133
0.042133
0.042133
0.042133
0.042133
0.042133
0.042133
0.042133
0.042133
0.042133
0.042133
0.042133
0.042133
0.042133
0.042133
0.042133
0.042133
0.042133
0.042133
0.042133
0.042133
0.042133
0.042133
0.042133
0.042133
0.042133
0.042133
0.042133
0.042133
0.042133
0.0387022
0.0387173
0.0387234
0.0387407
0.0387503
0.038742
0.0387225
0.0386783
0.0386288
0.0386132
0.0386224
0.0386439
0.038684
0.0387678
0.0388834
0.0390597
0.0392767
0.0395335
0.0398147
0.0401108
0.0404109
0.0407064
0.0409892
0.0412525
0.0414898
0.0416953
0.0418638
0.0419913
0.0420753
0.042118
0.0421312
0.042133
0.042133
0.042133
0.042133
0.042133
0.042133
0.042133
0.042133
0.042133
0.042133
0.042133
0.042133
0.042133
0.042133
0.042133
0.042133
0.042133
0.042133
0.042133
0.042133
0.042133
0.042133
0.042133
0.042133
0.042133
0.042133
0.042133
0.042133
0.042133
0.042133
0.042133
0.042133
0.042133
0.042133
0.042133
0.042133
0.042133
0.042133
0.042133
0.042133
0.042133
0.042133
0.042133
0.042133
0.042133
0.042133
0.042133
0.042133
0.0387022
0.0387173
0.0387234
0.0387407
0.0387503
0.038742
0.0387225
0.0386783
0.0386288
0.0386132
0.0386224
0.0386439
0.038684
0.0387678
0.0388834
0.0390597
0.0392767
0.0395335
0.0398147
0.0401108
0.0404109
0.0407064
0.0409892
0.0412525
0.0414898
0.0416952
0.0418638
0.0419913
0.0420753
0.042118
0.0421312
0.042133
0.042133
0.042133
0.042133
0.042133
0.042133
0.042133
0.042133
0.042133
0.042133
0.042133
0.042133
0.042133
0.042133
0.042133
0.042133
0.042133
0.042133
0.042133
0.042133
0.042133
0.042133
0.042133
0.042133
0.042133
0.042133
0.042133
0.042133
0.042133
0.042133
0.042133
0.042133
0.042133
0.042133
0.042133
0.042133
0.042133
0.042133
0.042133
0.042133
0.042133
0.042133
0.042133
0.042133
0.042133
0.042133
0.042133
0.042133
0.0387022
0.0387173
0.0387234
0.0387407
0.0387503
0.038742
0.0387225
0.0386783
0.0386288
0.0386132
0.0386224
0.0386439
0.038684
0.0387678
0.0388834
0.0390597
0.0392767
0.0395335
0.0398147
0.0401108
0.0404109
0.0407064
0.0409892
0.0412525
0.0414898
0.0416952
0.0418638
0.0419913
0.0420753
0.042118
0.0421312
0.042133
0.042133
0.042133
0.042133
0.042133
0.042133
0.042133
0.042133
0.042133
0.042133
0.042133
0.042133
0.042133
0.042133
0.042133
0.042133
0.042133
0.042133
0.042133
0.042133
0.042133
0.042133
0.042133
0.042133
0.042133
0.042133
0.042133
0.042133
0.042133
0.042133
0.042133
0.042133
0.042133
0.042133
0.042133
0.042133
0.042133
0.042133
0.042133
0.042133
0.042133
0.042133
0.042133
0.042133
0.042133
0.042133
0.042133
0.042133
0.0387022
0.0387173
0.0387234
0.0387407
0.0387503
0.038742
0.0387225
0.0386783
0.0386288
0.0386132
0.0386224
0.0386439
0.038684
0.0387678
0.0388834
0.0390597
0.0392767
0.0395335
0.0398147
0.0401108
0.0404109
0.0407064
0.0409892
0.0412525
0.0414898
0.0416952
0.0418638
0.0419913
0.0420753
0.042118
0.0421312
0.042133
0.042133
0.042133
0.042133
0.042133
0.042133
0.042133
0.042133
0.042133
0.042133
0.042133
0.042133
0.042133
0.042133
0.042133
0.042133
0.042133
0.042133
0.042133
0.042133
0.042133
0.042133
0.042133
0.042133
0.042133
0.042133
0.042133
0.042133
0.042133
0.042133
0.042133
0.042133
0.042133
0.042133
0.042133
0.042133
0.042133
0.042133
0.042133
0.042133
0.042133
0.042133
0.042133
0.042133
0.042133
0.042133
0.042133
0.042133
0.0387022
0.0387173
0.0387234
0.0387407
0.0387503
0.038742
0.0387225
0.0386783
0.0386288
0.0386132
0.0386224
0.0386439
0.038684
0.0387678
0.0388834
0.0390597
0.0392767
0.0395335
0.0398147
0.0401108
0.0404109
0.0407064
0.0409892
0.0412525
0.0414898
0.0416952
0.0418638
0.0419913
0.0420753
0.042118
0.0421312
0.042133
0.042133
0.042133
0.042133
0.042133
0.042133
0.042133
0.042133
0.042133
0.042133
0.042133
0.042133
0.042133
0.042133
0.042133
0.042133
0.042133
0.042133
0.042133
0.042133
0.042133
0.042133
0.042133
0.042133
0.042133
0.042133
0.042133
0.042133
0.042133
0.042133
0.042133
0.042133
0.042133
0.042133
0.042133
0.042133
0.042133
0.042133
0.042133
0.042133
0.042133
0.042133
0.042133
0.042133
0.042133
0.042133
0.042133
0.042133
0.0387022
0.0387173
0.0387234
0.0387407
0.0387503
0.038742
0.0387225
0.0386783
0.0386288
0.0386132
0.0386224
0.0386439
0.038684
0.0387678
0.0388834
0.0390597
0.0392767
0.0395335
0.0398147
0.0401108
0.0404109
0.0407064
0.0409892
0.0412525
0.0414898
0.0416952
0.0418638
0.0419913
0.0420753
0.042118
0.0421312
0.042133
0.042133
0.042133
0.042133
0.042133
0.042133
0.042133
0.042133
0.042133
0.042133
0.042133
0.042133
0.042133
0.042133
0.042133
0.042133
0.042133
0.042133
0.042133
0.042133
0.042133
0.042133
0.042133
0.042133
0.042133
0.042133
0.042133
0.042133
0.042133
0.042133
0.042133
0.042133
0.042133
0.042133
0.042133
0.042133
0.042133
0.042133
0.042133
0.042133
0.042133
0.042133
0.042133
0.042133
0.042133
0.042133
0.042133
0.042133
0.0387022
0.0387173
0.0387234
0.0387407
0.0387503
0.038742
0.0387225
0.0386783
0.0386288
0.0386132
0.0386224
0.0386439
0.038684
0.0387678
0.0388834
0.0390597
0.0392767
0.0395335
0.0398147
0.0401108
0.0404109
0.0407064
0.0409892
0.0412525
0.0414898
0.0416952
0.0418638
0.0419913
0.0420753
0.042118
0.0421312
0.042133
0.042133
0.042133
0.042133
0.042133
0.042133
0.042133
0.042133
0.042133
0.042133
0.042133
0.042133
0.042133
0.042133
0.042133
0.042133
0.042133
0.042133
0.042133
0.042133
0.042133
0.042133
0.042133
0.042133
0.042133
0.042133
0.042133
0.042133
0.042133
0.042133
0.042133
0.042133
0.042133
0.042133
0.042133
0.042133
0.042133
0.042133
0.042133
0.042133
0.042133
0.042133
0.042133
0.042133
0.042133
0.042133
0.042133
0.042133
0.0387022
0.0387173
0.0387234
0.0387407
0.0387503
0.038742
0.0387225
0.0386783
0.0386288
0.0386132
0.0386224
0.0386439
0.038684
0.0387678
0.0388834
0.0390597
0.0392767
0.0395335
0.0398147
0.0401108
0.0404109
0.0407064
0.0409892
0.0412525
0.0414898
0.0416952
0.0418638
0.0419913
0.0420753
0.042118
0.0421312
0.042133
0.042133
0.042133
0.042133
0.042133
0.042133
0.042133
0.042133
0.042133
0.042133
0.042133
0.042133
0.042133
0.042133
0.042133
0.042133
0.042133
0.042133
0.042133
0.042133
0.042133
0.042133
0.042133
0.042133
0.042133
0.042133
0.042133
0.042133
0.042133
0.042133
0.042133
0.042133
0.042133
0.042133
0.042133
0.042133
0.042133
0.042133
0.042133
0.042133
0.042133
0.042133
0.042133
0.042133
0.042133
0.042133
0.042133
0.042133
0.0387022
0.0387173
0.0387234
0.0387407
0.0387503
0.038742
0.0387225
0.0386783
0.0386288
0.0386132
0.0386224
0.0386439
0.038684
0.0387678
0.0388834
0.0390597
0.0392767
0.0395335
0.0398147
0.0401108
0.0404109
0.0407064
0.0409892
0.0412525
0.0414898
0.0416952
0.0418638
0.0419913
0.0420753
0.042118
0.0421312
0.042133
0.042133
0.042133
0.042133
0.042133
0.042133
0.042133
0.042133
0.042133
0.042133
0.042133
0.042133
0.042133
0.042133
0.042133
0.042133
0.042133
0.042133
0.042133
0.042133
0.042133
0.042133
0.042133
0.042133
0.042133
0.042133
0.042133
0.042133
0.042133
0.042133
0.042133
0.042133
0.042133
0.042133
0.042133
0.042133
0.042133
0.042133
0.042133
0.042133
0.042133
0.042133
0.042133
0.042133
0.042133
0.042133
0.042133
0.042133
0.0387022
0.0387173
0.0387234
0.0387407
0.0387503
0.038742
0.0387225
0.0386783
0.0386288
0.0386132
0.0386224
0.0386439
0.038684
0.0387678
0.0388834
0.0390597
0.0392767
0.0395335
0.0398147
0.0401108
0.0404109
0.0407064
0.0409892
0.0412525
0.0414898
0.0416952
0.0418638
0.0419913
0.0420753
0.042118
0.0421312
0.042133
0.042133
0.042133
0.042133
0.042133
0.042133
0.042133
0.042133
0.042133
0.042133
0.042133
0.042133
0.042133
0.042133
0.042133
0.042133
0.042133
0.042133
0.042133
0.042133
0.042133
0.042133
0.042133
0.042133
0.042133
0.042133
0.042133
0.042133
0.042133
0.042133
0.042133
0.042133
0.042133
0.042133
0.042133
0.042133
0.042133
0.042133
0.042133
0.042133
0.042133
0.042133
0.042133
0.042133
0.042133
0.042133
0.042133
0.042133
0.0387022
0.0387173
0.0387234
0.0387407
0.0387503
0.038742
0.0387225
0.0386783
0.0386288
0.0386132
0.0386224
0.0386439
0.038684
0.0387678
0.0388834
0.0390597
0.0392767
0.0395335
0.0398147
0.0401108
0.0404109
0.0407064
0.0409892
0.0412525
0.0414898
0.0416952
0.0418638
0.0419913
0.0420753
0.042118
0.0421312
0.042133
0.042133
0.042133
0.042133
0.042133
0.042133
0.042133
0.042133
0.042133
0.042133
0.042133
0.042133
0.042133
0.042133
0.042133
0.042133
0.042133
0.042133
0.042133
0.042133
0.042133
0.042133
0.042133
0.042133
0.042133
0.042133
0.042133
0.042133
0.042133
0.042133
0.042133
0.042133
0.042133
0.042133
0.042133
0.042133
0.042133
0.042133
0.042133
0.042133
0.042133
0.042133
0.042133
0.042133
0.042133
0.042133
0.042133
0.042133
0.0387022
0.0387173
0.0387234
0.0387407
0.0387503
0.038742
0.0387225
0.0386783
0.0386288
0.0386132
0.0386224
0.0386439
0.038684
0.0387678
0.0388834
0.0390597
0.0392767
0.0395335
0.0398147
0.0401108
0.0404109
0.0407064
0.0409892
0.0412525
0.0414898
0.0416952
0.0418638
0.0419913
0.0420753
0.042118
0.0421312
0.042133
0.042133
0.042133
0.042133
0.042133
0.042133
0.042133
0.042133
0.042133
0.042133
0.042133
0.042133
0.042133
0.042133
0.042133
0.042133
0.042133
0.042133
0.042133
0.042133
0.042133
0.042133
0.042133
0.042133
0.042133
0.042133
0.042133
0.042133
0.042133
0.042133
0.042133
0.042133
0.042133
0.042133
0.042133
0.042133
0.042133
0.042133
0.042133
0.042133
0.042133
0.042133
0.042133
0.042133
0.042133
0.042133
0.042133
0.042133
0.0387022
0.0387173
0.0387234
0.0387407
0.0387503
0.038742
0.0387225
0.0386783
0.0386288
0.0386132
0.0386224
0.0386439
0.038684
0.0387678
0.0388834
0.0390597
0.0392767
0.0395335
0.0398147
0.0401108
0.0404109
0.0407064
0.0409892
0.0412525
0.0414898
0.0416952
0.0418638
0.0419913
0.0420753
0.042118
0.0421312
0.042133
0.042133
0.042133
0.042133
0.042133
0.042133
0.042133
0.042133
0.042133
0.042133
0.042133
0.042133
0.042133
0.042133
0.042133
0.042133
0.042133
0.042133
0.042133
0.042133
0.042133
0.042133
0.042133
0.042133
0.042133
0.042133
0.042133
0.042133
0.042133
0.042133
0.042133
0.042133
0.042133
0.042133
0.042133
0.042133
0.042133
0.042133
0.042133
0.042133
0.042133
0.042133
0.042133
0.042133
0.042133
0.042133
0.042133
0.042133
0.0387022
0.0387173
0.0387234
0.0387407
0.0387503
0.038742
0.0387225
0.0386783
0.0386288
0.0386132
0.0386224
0.0386439
0.038684
0.0387678
0.0388834
0.0390597
0.0392767
0.0395335
0.0398147
0.0401108
0.0404109
0.0407064
0.0409892
0.0412525
0.0414898
0.0416952
0.0418638
0.0419913
0.0420753
0.042118
0.0421312
0.042133
0.042133
0.042133
0.042133
0.042133
0.042133
0.042133
0.042133
0.042133
0.042133
0.042133
0.042133
0.042133
0.042133
0.042133
0.042133
0.042133
0.042133
0.042133
0.042133
0.042133
0.042133
0.042133
0.042133
0.042133
0.042133
0.042133
0.042133
0.042133
0.042133
0.042133
0.042133
0.042133
0.042133
0.042133
0.042133
0.042133
0.042133
0.042133
0.042133
0.042133
0.042133
0.042133
0.042133
0.042133
0.042133
0.042133
0.042133
0.0387022
0.0387173
0.0387234
0.0387407
0.0387503
0.038742
0.0387225
0.0386783
0.0386288
0.0386132
0.0386224
0.0386439
0.038684
0.0387678
0.0388834
0.0390597
0.0392767
0.0395335
0.0398147
0.0401108
0.0404109
0.0407064
0.0409892
0.0412525
0.0414898
0.0416952
0.0418638
0.0419913
0.0420753
0.042118
0.0421312
0.042133
0.042133
0.042133
0.042133
0.042133
0.042133
0.042133
0.042133
0.042133
0.042133
0.042133
0.042133
0.042133
0.042133
0.042133
0.042133
0.042133
0.042133
0.042133
0.042133
0.042133
0.042133
0.042133
0.042133
0.042133
0.042133
0.042133
0.042133
0.042133
0.042133
0.042133
0.042133
0.042133
0.042133
0.042133
0.042133
0.042133
0.042133
0.042133
0.042133
0.042133
0.042133
0.042133
0.042133
0.042133
0.042133
0.042133
0.042133
0.0387022
0.0387173
0.0387234
0.0387407
0.0387503
0.038742
0.0387225
0.0386783
0.0386288
0.0386132
0.0386224
0.0386439
0.038684
0.0387678
0.0388834
0.0390597
0.0392767
0.0395335
0.0398147
0.0401108
0.0404109
0.0407064
0.0409892
0.0412525
0.0414898
0.0416952
0.0418638
0.0419913
0.0420753
0.042118
0.0421312
0.042133
0.042133
0.042133
0.042133
0.042133
0.042133
0.042133
0.042133
0.042133
0.042133
0.042133
0.042133
0.042133
0.042133
0.042133
0.042133
0.042133
0.042133
0.042133
0.042133
0.042133
0.042133
0.042133
0.042133
0.042133
0.042133
0.042133
0.042133
0.042133
0.042133
0.042133
0.042133
0.042133
0.042133
0.042133
0.042133
0.042133
0.042133
0.042133
0.042133
0.042133
0.042133
0.042133
0.042133
0.042133
0.042133
0.042133
0.042133
0.0387022
0.0387173
0.0387234
0.0387407
0.0387503
0.038742
0.0387225
0.0386783
0.0386288
0.0386132
0.0386224
0.0386439
0.038684
0.0387678
0.0388834
0.0390597
0.0392767
0.0395335
0.0398147
0.0401108
0.0404109
0.0407064
0.0409892
0.0412525
0.0414898
0.0416952
0.0418638
0.0419913
0.0420753
0.042118
0.0421312
0.042133
0.042133
0.042133
0.042133
0.042133
0.042133
0.042133
0.042133
0.042133
0.042133
0.042133
0.042133
0.042133
0.042133
0.042133
0.042133
0.042133
0.042133
0.042133
0.042133
0.042133
0.042133
0.042133
0.042133
0.042133
0.042133
0.042133
0.042133
0.042133
0.042133
0.042133
0.042133
0.042133
0.042133
0.042133
0.042133
0.042133
0.042133
0.042133
0.042133
0.042133
0.042133
0.042133
0.042133
0.042133
0.042133
0.042133
0.042133
0.0387022
0.0387173
0.0387234
0.0387407
0.0387503
0.038742
0.0387225
0.0386783
0.0386288
0.0386132
0.0386224
0.0386439
0.038684
0.0387678
0.0388834
0.0390597
0.0392767
0.0395335
0.0398147
0.0401108
0.0404109
0.0407064
0.0409892
0.0412525
0.0414898
0.0416952
0.0418638
0.0419913
0.0420753
0.042118
0.0421312
0.042133
0.042133
0.042133
0.042133
0.042133
0.042133
0.042133
0.042133
0.042133
0.042133
0.042133
0.042133
0.042133
0.042133
0.042133
0.042133
0.042133
0.042133
0.042133
0.042133
0.042133
0.042133
0.042133
0.042133
0.042133
0.042133
0.042133
0.042133
0.042133
0.042133
0.042133
0.042133
0.042133
0.042133
0.042133
0.042133
0.042133
0.042133
0.042133
0.042133
0.042133
0.042133
0.042133
0.042133
0.042133
0.042133
0.042133
0.042133
0.0387022
0.0387173
0.0387234
0.0387407
0.0387503
0.038742
0.0387225
0.0386783
0.0386288
0.0386132
0.0386224
0.0386439
0.038684
0.0387678
0.0388834
0.0390597
0.0392767
0.0395335
0.0398147
0.0401108
0.0404109
0.0407064
0.0409892
0.0412525
0.0414898
0.0416952
0.0418638
0.0419913
0.0420753
0.042118
0.0421312
0.042133
0.042133
0.042133
0.042133
0.042133
0.042133
0.042133
0.042133
0.042133
0.042133
0.042133
0.042133
0.042133
0.042133
0.042133
0.042133
0.042133
0.042133
0.042133
0.042133
0.042133
0.042133
0.042133
0.042133
0.042133
0.042133
0.042133
0.042133
0.042133
0.042133
0.042133
0.042133
0.042133
0.042133
0.042133
0.042133
0.042133
0.042133
0.042133
0.042133
0.042133
0.042133
0.042133
0.042133
0.042133
0.042133
0.042133
0.042133
0.0387022
0.0387173
0.0387234
0.0387407
0.0387503
0.038742
0.0387225
0.0386783
0.0386288
0.0386132
0.0386224
0.0386439
0.038684
0.0387678
0.0388834
0.0390597
0.0392767
0.0395335
0.0398147
0.0401108
0.0404109
0.0407064
0.0409892
0.0412525
0.0414898
0.0416952
0.0418638
0.0419913
0.0420753
0.042118
0.0421312
0.042133
0.042133
0.042133
0.042133
0.042133
0.042133
0.042133
0.042133
0.042133
0.042133
0.042133
0.042133
0.042133
0.042133
0.042133
0.042133
0.042133
0.042133
0.042133
0.042133
0.042133
0.042133
0.042133
0.042133
0.042133
0.042133
0.042133
0.042133
0.042133
0.042133
0.042133
0.042133
0.042133
0.042133
0.042133
0.042133
0.042133
0.042133
0.042133
0.042133
0.042133
0.042133
0.042133
0.042133
0.042133
0.042133
0.042133
0.042133
0.0387022
0.0387173
0.0387234
0.0387407
0.0387503
0.038742
0.0387225
0.0386783
0.0386288
0.0386132
0.0386224
0.0386439
0.038684
0.0387678
0.0388834
0.0390597
0.0392767
0.0395335
0.0398147
0.0401108
0.0404109
0.0407064
0.0409892
0.0412525
0.0414898
0.0416952
0.0418638
0.0419913
0.0420753
0.042118
0.0421312
0.042133
0.042133
0.042133
0.042133
0.042133
0.042133
0.042133
0.042133
0.042133
0.042133
0.042133
0.042133
0.042133
0.042133
0.042133
0.042133
0.042133
0.042133
0.042133
0.042133
0.042133
0.042133
0.042133
0.042133
0.042133
0.042133
0.042133
0.042133
0.042133
0.042133
0.042133
0.042133
0.042133
0.042133
0.042133
0.042133
0.042133
0.042133
0.042133
0.042133
0.042133
0.042133
0.042133
0.042133
0.042133
0.042133
0.042133
0.042133
0.0387022
0.0387173
0.0387234
0.0387407
0.0387503
0.038742
0.0387225
0.0386783
0.0386288
0.0386132
0.0386224
0.0386439
0.038684
0.0387678
0.0388834
0.0390597
0.0392767
0.0395335
0.0398147
0.0401108
0.0404109
0.0407064
0.0409892
0.0412525
0.0414898
0.0416952
0.0418638
0.0419913
0.0420753
0.042118
0.0421312
0.042133
0.042133
0.042133
0.042133
0.042133
0.042133
0.042133
0.042133
0.042133
0.042133
0.042133
0.042133
0.042133
0.042133
0.042133
0.042133
0.042133
0.042133
0.042133
0.042133
0.042133
0.042133
0.042133
0.042133
0.042133
0.042133
0.042133
0.042133
0.042133
0.042133
0.042133
0.042133
0.042133
0.042133
0.042133
0.042133
0.042133
0.042133
0.042133
0.042133
0.042133
0.042133
0.042133
0.042133
0.042133
0.042133
0.042133
0.042133
0.0387022
0.0387173
0.0387234
0.0387407
0.0387503
0.038742
0.0387225
0.0386783
0.0386288
0.0386132
0.0386224
0.0386439
0.038684
0.0387678
0.0388834
0.0390597
0.0392767
0.0395335
0.0398147
0.0401108
0.0404109
0.0407064
0.0409892
0.0412525
0.0414898
0.0416952
0.0418638
0.0419913
0.0420753
0.042118
0.0421312
0.042133
0.042133
0.042133
0.042133
0.042133
0.042133
0.042133
0.042133
0.042133
0.042133
0.042133
0.042133
0.042133
0.042133
0.042133
0.042133
0.042133
0.042133
0.042133
0.042133
0.042133
0.042133
0.042133
0.042133
0.042133
0.042133
0.042133
0.042133
0.042133
0.042133
0.042133
0.042133
0.042133
0.042133
0.042133
0.042133
0.042133
0.042133
0.042133
0.042133
0.042133
0.042133
0.042133
0.042133
0.042133
0.042133
0.042133
0.042133
0.0387022
0.0387173
0.0387234
0.0387407
0.0387503
0.038742
0.0387225
0.0386783
0.0386288
0.0386132
0.0386224
0.0386439
0.038684
0.0387678
0.0388834
0.0390597
0.0392767
0.0395335
0.0398147
0.0401108
0.0404109
0.0407064
0.0409892
0.0412525
0.0414898
0.0416952
0.0418638
0.0419913
0.0420753
0.042118
0.0421312
0.042133
0.042133
0.042133
0.042133
0.042133
0.042133
0.042133
0.042133
0.042133
0.042133
0.042133
0.042133
0.042133
0.042133
0.042133
0.042133
0.042133
0.042133
0.042133
0.042133
0.042133
0.042133
0.042133
0.042133
0.042133
0.042133
0.042133
0.042133
0.042133
0.042133
0.042133
0.042133
0.042133
0.042133
0.042133
0.042133
0.042133
0.042133
0.042133
0.042133
0.042133
0.042133
0.042133
0.042133
0.042133
0.042133
0.042133
0.042133
0.0387022
0.0387173
0.0387234
0.0387407
0.0387503
0.038742
0.0387225
0.0386783
0.0386288
0.0386132
0.0386224
0.0386439
0.038684
0.0387678
0.0388834
0.0390597
0.0392767
0.0395335
0.0398147
0.0401108
0.0404109
0.0407064
0.0409892
0.0412525
0.0414898
0.0416952
0.0418638
0.0419913
0.0420753
0.042118
0.0421312
0.042133
0.042133
0.042133
0.042133
0.042133
0.042133
0.042133
0.042133
0.042133
0.042133
0.042133
0.042133
0.042133
0.042133
0.042133
0.042133
0.042133
0.042133
0.042133
0.042133
0.042133
0.042133
0.042133
0.042133
0.042133
0.042133
0.042133
0.042133
0.042133
0.042133
0.042133
0.042133
0.042133
0.042133
0.042133
0.042133
0.042133
0.042133
0.042133
0.042133
0.042133
0.042133
0.042133
0.042133
0.042133
0.042133
0.042133
0.0387022
0.0387173
0.0387234
0.0387407
0.0387503
0.038742
0.0387225
0.0386783
0.0386288
0.0386132
0.0386224
0.0386439
0.038684
0.0387678
0.0388834
0.0390597
0.0392767
0.0395335
0.0398147
0.0401108
0.0404109
0.0407064
0.0409892
0.0412525
0.0414898
0.0416952
0.0418638
0.0419913
0.0420753
0.042118
0.0421312
0.042133
0.042133
0.042133
0.042133
0.042133
0.042133
0.042133
0.042133
0.042133
0.042133
0.042133
0.042133
0.042133
0.042133
0.042133
0.042133
0.042133
0.042133
0.042133
0.042133
0.042133
0.042133
0.042133
0.042133
0.042133
0.042133
0.042133
0.042133
0.042133
0.042133
0.042133
0.042133
0.042133
0.042133
0.042133
0.042133
0.042133
0.042133
0.042133
0.042133
0.042133
0.042133
0.042133
0.042133
0.042133
0.042133
0.042133
0.0387022
0.0387173
0.0387234
0.0387407
0.0387503
0.038742
0.0387225
0.0386783
0.0386288
0.0386132
0.0386224
0.0386439
0.038684
0.0387678
0.0388834
0.0390597
0.0392767
0.0395335
0.0398147
0.0401108
0.0404109
0.0407064
0.0409892
0.0412525
0.0414898
0.0416952
0.0418638
0.0419913
0.0420753
0.042118
0.0421312
0.042133
0.042133
0.042133
0.042133
0.042133
0.042133
0.042133
0.042133
0.042133
0.042133
0.042133
0.042133
0.042133
0.042133
0.042133
0.042133
0.042133
0.042133
0.042133
0.042133
0.042133
0.042133
0.042133
0.042133
0.042133
0.042133
0.042133
0.042133
0.042133
0.042133
0.042133
0.042133
0.042133
0.042133
0.042133
0.042133
0.042133
0.042133
0.042133
0.042133
0.042133
0.042133
0.042133
0.042133
0.042133
0.042133
0.042133
0.0387022
0.0387173
0.0387235
0.0387407
0.0387503
0.038742
0.0387225
0.0386783
0.0386288
0.0386132
0.0386224
0.0386439
0.038684
0.0387678
0.0388834
0.0390597
0.0392767
0.0395335
0.0398147
0.0401108
0.0404109
0.0407064
0.0409892
0.0412525
0.0414898
0.0416952
0.0418638
0.0419913
0.0420753
0.042118
0.0421312
0.042133
0.042133
0.042133
0.042133
0.042133
0.042133
0.042133
0.042133
0.042133
0.042133
0.042133
0.042133
0.042133
0.042133
0.042133
0.042133
0.042133
0.042133
0.042133
0.042133
0.042133
0.042133
0.042133
0.042133
0.042133
0.042133
0.042133
0.042133
0.042133
0.042133
0.042133
0.042133
0.042133
0.042133
0.042133
0.042133
0.042133
0.042133
0.042133
0.042133
0.042133
0.042133
0.042133
0.042133
0.042133
0.042133
0.042133
0.0387022
0.0387173
0.0387235
0.0387407
0.0387503
0.038742
0.0387225
0.0386783
0.0386289
0.0386132
0.0386224
0.0386439
0.038684
0.0387678
0.0388834
0.0390597
0.0392767
0.0395335
0.0398147
0.0401108
0.0404109
0.0407064
0.0409892
0.0412525
0.0414898
0.0416952
0.0418638
0.0419913
0.0420753
0.042118
0.0421312
0.042133
0.042133
0.042133
0.042133
0.042133
0.042133
0.042133
0.042133
0.042133
0.042133
0.042133
0.042133
0.042133
0.042133
0.042133
0.042133
0.042133
0.042133
0.042133
0.042133
0.042133
0.042133
0.042133
0.042133
0.042133
0.042133
0.042133
0.042133
0.042133
0.042133
0.042133
0.042133
0.042133
0.042133
0.042133
0.042133
0.042133
0.042133
0.042133
0.042133
0.042133
0.042133
0.042133
0.042133
0.042133
0.042133
0.042133
0.0387022
0.0387173
0.0387235
0.0387407
0.0387503
0.0387421
0.0387226
0.0386784
0.0386289
0.0386132
0.0386224
0.0386439
0.038684
0.0387678
0.0388834
0.0390597
0.0392767
0.0395335
0.0398147
0.0401108
0.0404109
0.0407064
0.0409892
0.0412525
0.0414898
0.0416952
0.0418638
0.0419913
0.0420753
0.042118
0.0421312
0.042133
0.042133
0.042133
0.042133
0.042133
0.042133
0.042133
0.042133
0.042133
0.042133
0.042133
0.042133
0.042133
0.042133
0.042133
0.042133
0.042133
0.042133
0.042133
0.042133
0.042133
0.042133
0.042133
0.042133
0.042133
0.042133
0.042133
0.042133
0.042133
0.042133
0.042133
0.042133
0.042133
0.042133
0.042133
0.042133
0.042133
0.042133
0.042133
0.042133
0.042133
0.042133
0.042133
0.042133
0.042133
0.042133
0.0387022
0.0387173
0.0387235
0.0387407
0.0387503
0.0387421
0.0387226
0.0386784
0.0386289
0.0386133
0.0386224
0.0386439
0.038684
0.0387678
0.0388834
0.0390597
0.0392767
0.0395335
0.0398147
0.0401108
0.0404109
0.0407064
0.0409892
0.0412525
0.0414898
0.0416952
0.0418638
0.0419913
0.0420753
0.042118
0.0421312
0.042133
0.042133
0.042133
0.042133
0.042133
0.042133
0.042133
0.042133
0.042133
0.042133
0.042133
0.042133
0.042133
0.042133
0.042133
0.042133
0.042133
0.042133
0.042133
0.042133
0.042133
0.042133
0.042133
0.042133
0.042133
0.042133
0.042133
0.042133
0.042133
0.042133
0.042133
0.042133
0.042133
0.042133
0.042133
0.042133
0.042133
0.042133
0.042133
0.042133
0.042133
0.042133
0.042133
0.042133
0.042133
0.042133
0.0387013
0.0387166
0.038723
0.0387405
0.0387503
0.0387421
0.0387226
0.0386785
0.038629
0.0386133
0.0386225
0.038644
0.038684
0.0387678
0.0388834
0.0390597
0.0392767
0.0395335
0.0398147
0.0401108
0.0404109
0.0407064
0.0409892
0.0412525
0.0414898
0.0416952
0.0418638
0.0419913
0.0420753
0.042118
0.0421312
0.042133
0.042133
0.042133
0.042133
0.042133
0.042133
0.042133
0.042133
0.042133
0.042133
0.042133
0.042133
0.042133
0.042133
0.042133
0.042133
0.042133
0.042133
0.042133
0.042133
0.042133
0.042133
0.042133
0.042133
0.042133
0.042133
0.042133
0.042133
0.042133
0.042133
0.042133
0.042133
0.042133
0.042133
0.042133
0.042133
0.042133
0.042133
0.042133
0.042133
0.042133
0.042133
0.042133
0.042133
0.042133
0.042133
0.0386984
0.038714
0.0387211
0.0387393
0.0387495
0.0387418
0.0387226
0.0386785
0.038629
0.0386134
0.0386226
0.0386441
0.0386841
0.0387678
0.0388834
0.0390597
0.0392767
0.0395335
0.0398147
0.0401108
0.0404109
0.0407064
0.0409892
0.0412525
0.0414898
0.0416952
0.0418638
0.0419913
0.0420753
0.042118
0.0421312
0.042133
0.042133
0.042133
0.042133
0.042133
0.042133
0.042133
0.042133
0.042133
0.042133
0.042133
0.042133
0.042133
0.042133
0.042133
0.042133
0.042133
0.042133
0.042133
0.042133
0.042133
0.042133
0.042133
0.042133
0.042133
0.042133
0.042133
0.042133
0.042133
0.042133
0.042133
0.042133
0.042133
0.042133
0.042133
0.042133
0.042133
0.042133
0.042133
0.042133
0.042133
0.042133
0.042133
0.042133
0.042133
0.042133
0.0386941
0.03871
0.0387175
0.0387363
0.0387472
0.0387403
0.038722
0.0386783
0.038629
0.0386134
0.0386226
0.0386442
0.0386842
0.0387679
0.0388834
0.0390597
0.0392767
0.0395335
0.0398147
0.0401108
0.0404109
0.0407064
0.0409892
0.0412525
0.0414898
0.0416952
0.0418638
0.0419913
0.0420753
0.042118
0.0421312
0.042133
0.042133
0.042133
0.042133
0.042133
0.042133
0.042133
0.042133
0.042133
0.042133
0.042133
0.042133
0.042133
0.042133
0.042133
0.042133
0.042133
0.042133
0.042133
0.042133
0.042133
0.042133
0.042133
0.042133
0.042133
0.042133
0.042133
0.042133
0.042133
0.042133
0.042133
0.042133
0.042133
0.042133
0.042133
0.042133
0.042133
0.042133
0.042133
0.042133
0.042133
0.042133
0.042133
0.042133
0.042133
0.042133
0.0386901
0.038706
0.0387134
0.0387324
0.0387434
0.0387373
0.0387198
0.0386771
0.0386285
0.0386133
0.0386226
0.0386442
0.0386843
0.0387681
0.0388836
0.0390598
0.0392768
0.0395335
0.0398147
0.0401108
0.0404109
0.0407064
0.0409892
0.0412525
0.0414898
0.0416952
0.0418638
0.0419913
0.0420753
0.042118
0.0421312
0.042133
0.042133
0.042133
0.042133
0.042133
0.042133
0.042133
0.042133
0.042133
0.042133
0.042133
0.042133
0.042133
0.042133
0.042133
0.042133
0.042133
0.042133
0.042133
0.042133
0.042133
0.042133
0.042133
0.042133
0.042133
0.042133
0.042133
0.042133
0.042133
0.042133
0.042133
0.042133
0.042133
0.042133
0.042133
0.042133
0.042133
0.042133
0.042133
0.042133
0.042133
0.042133
0.042133
0.042133
0.042133
0.042133
0.0386874
0.0387032
0.03871
0.0387284
0.0387392
0.0387331
0.038716
0.0386742
0.0386266
0.0386121
0.0386221
0.038644
0.0386844
0.0387682
0.0388837
0.03906
0.0392769
0.0395336
0.0398147
0.0401108
0.0404109
0.0407064
0.0409892
0.0412525
0.0414898
0.0416952
0.0418638
0.0419913
0.0420753
0.042118
0.0421312
0.042133
0.042133
0.042133
0.042133
0.042133
0.042133
0.042133
0.042133
0.042133
0.042133
0.042133
0.042133
0.042133
0.042133
0.042133
0.042133
0.042133
0.042133
0.042133
0.042133
0.042133
0.042133
0.042133
0.042133
0.042133
0.042133
0.042133
0.042133
0.042133
0.042133
0.042133
0.042133
0.042133
0.042133
0.042133
0.042133
0.042133
0.042133
0.042133
0.042133
0.042133
0.042133
0.042133
0.042133
0.042133
0.042133
0.038686
0.0387014
0.0387077
0.0387253
0.0387355
0.0387289
0.0387115
0.03867
0.038623
0.0386094
0.0386203
0.0386429
0.0386841
0.0387682
0.0388838
0.0390601
0.039277
0.0395337
0.0398149
0.0401108
0.0404109
0.0407064
0.0409892
0.0412525
0.0414898
0.0416952
0.0418638
0.0419913
0.0420753
0.042118
0.0421312
0.042133
0.042133
0.042133
0.042133
0.042133
0.042133
0.042133
0.042133
0.042133
0.042133
0.042133
0.042133
0.042133
0.042133
0.042133
0.042133
0.042133
0.042133
0.042133
0.042133
0.042133
0.042133
0.042133
0.042133
0.042133
0.042133
0.042133
0.042133
0.042133
0.042133
0.042133
0.042133
0.042133
0.042133
0.042133
0.042133
0.042133
0.042133
0.042133
0.042133
0.042133
0.042133
0.042133
0.042133
0.042133
0.042133
0.0386854
0.0387006
0.0387064
0.0387232
0.0387328
0.0387255
0.0387072
0.0386652
0.0386182
0.038605
0.0386166
0.0386398
0.0386824
0.0387675
0.0388836
0.0390601
0.0392771
0.0395338
0.039815
0.040111
0.040411
0.0407064
0.0409893
0.0412525
0.0414898
0.0416952
0.0418638
0.0419913
0.0420753
0.042118
0.0421312
0.042133
0.042133
0.042133
0.042133
0.042133
0.042133
0.042133
0.042133
0.042133
0.042133
0.042133
0.042133
0.042133
0.042133
0.042133
0.042133
0.042133
0.042133
0.042133
0.042133
0.042133
0.042133
0.042133
0.042133
0.042133
0.042133
0.042133
0.042133
0.042133
0.042133
0.042133
0.042133
0.042133
0.042133
0.042133
0.042133
0.042133
0.042133
0.042133
0.042133
0.042133
0.042133
0.042133
0.042133
0.042133
0.042133
0.0386853
0.0387002
0.0387057
0.038722
0.0387313
0.0387231
0.0387038
0.0386609
0.0386133
0.0386
0.0386116
0.038635
0.0386784
0.0387646
0.038882
0.0390593
0.0392768
0.0395337
0.039815
0.0401111
0.0404112
0.0407066
0.0409894
0.0412526
0.0414898
0.0416952
0.0418638
0.0419913
0.0420753
0.042118
0.0421312
0.042133
0.042133
0.042133
0.042133
0.042133
0.042133
0.042133
0.042133
0.042133
0.042133
0.042133
0.042133
0.042133
0.042133
0.042133
0.042133
0.042133
0.042133
0.042133
0.042133
0.042133
0.042133
0.042133
0.042133
0.042133
0.042133
0.042133
0.042133
0.042133
0.042133
0.042133
0.042133
0.042133
0.042133
0.042133
0.042133
0.042133
0.042133
0.042133
0.042133
0.042133
0.042133
0.042133
0.042133
0.042133
0.042133
0.0386853
0.0387
0.0387055
0.0387215
0.0387306
0.0387218
0.0387017
0.0386577
0.0386092
0.0385952
0.0386064
0.0386293
0.0386728
0.0387595
0.038878
0.0390564
0.039275
0.0395328
0.0398146
0.040111
0.0404113
0.0407068
0.0409897
0.0412528
0.0414899
0.0416952
0.0418638
0.0419913
0.0420753
0.042118
0.0421312
0.042133
0.042133
0.042133
0.042133
0.042133
0.042133
0.042133
0.042133
0.042133
0.042133
0.042133
0.042133
0.042133
0.042133
0.042133
0.042133
0.042133
0.042133
0.042133
0.042133
0.042133
0.042133
0.042133
0.042133
0.042133
0.042133
0.042133
0.042133
0.042133
0.042133
0.042133
0.042133
0.042133
0.042133
0.042133
0.042133
0.042133
0.042133
0.042133
0.042133
0.042133
0.042133
0.042133
0.042133
0.042133
0.042133
0.0386853
0.0386999
0.0387054
0.0387214
0.0387304
0.0387213
0.0387007
0.0386557
0.0386062
0.0385914
0.0386017
0.038624
0.0386668
0.0387534
0.0388722
0.0390513
0.0392708
0.0395296
0.0398125
0.0401098
0.0404108
0.0407067
0.0409897
0.0412529
0.0414899
0.0416951
0.0418636
0.0419911
0.0420752
0.0421179
0.0421312
0.042133
0.042133
0.042133
0.042133
0.042133
0.042133
0.042133
0.042133
0.042133
0.042133
0.042133
0.042133
0.042133
0.042133
0.042133
0.042133
0.042133
0.042133
0.042133
0.042133
0.042133
0.042133
0.042133
0.042133
0.042133
0.042133
0.042133
0.042133
0.042133
0.042133
0.042133
0.042133
0.042133
0.042133
0.042133
0.042133
0.042133
0.042133
0.042133
0.042133
0.042133
0.042133
0.042133
0.042133
0.042133
0.042133
0.0386852
0.0386998
0.0387054
0.0387215
0.0387305
0.0387213
0.0387004
0.0386547
0.0386045
0.0385887
0.0385982
0.0386198
0.0386617
0.0387477
0.0388664
0.0390458
0.0392659
0.0395256
0.0398097
0.0401084
0.0404106
0.0407075
0.0409915
0.0412552
0.0414923
0.0416973
0.0418652
0.041992
0.0420756
0.0421181
0.0421313
0.042133
0.042133
0.042133
0.042133
0.042133
0.042133
0.042133
0.042133
0.042133
0.042133
0.042133
0.042133
0.042133
0.042133
0.042133
0.042133
0.042133
0.042133
0.042133
0.042133
0.042133
0.042133
0.042133
0.042133
0.042133
0.042133
0.042133
0.042133
0.042133
0.042133
0.042133
0.042133
0.042133
0.042133
0.042133
0.042133
0.042133
0.042133
0.042133
0.042133
0.042133
0.042133
0.042133
0.042133
0.042133
0.042133
0.038685
0.0386995
0.0387054
0.0387217
0.0387308
0.0387215
0.0387005
0.0386541
0.0386035
0.0385873
0.038596
0.038617
0.0386579
0.038743
0.0388612
0.0390405
0.0392608
0.0395209
0.0398054
0.0401045
0.0404076
0.0407055
0.0409904
0.0412551
0.0414932
0.0416988
0.0418668
0.0419934
0.0420764
0.0421183
0.0421313
0.042133
0.042133
0.042133
0.042133
0.042133
0.042133
0.042133
0.042133
0.042133
0.042133
0.042133
0.042133
0.042133
0.042133
0.042133
0.042133
0.042133
0.042133
0.042133
0.042133
0.042133
0.042133
0.042133
0.042133
0.042133
0.042133
0.042133
0.042133
0.042133
0.042133
0.042133
0.042133
0.042133
0.042133
0.042133
0.042133
0.042133
0.042133
0.042133
0.042133
0.042133
0.042133
0.042133
0.042133
0.042133
0.042133
0.0386848
0.0386992
0.0387053
0.0387219
0.038731
0.0387218
0.0387006
0.0386537
0.0386029
0.0385866
0.0385951
0.0386163
0.0386572
0.038743
0.0388617
0.039042
0.0392635
0.0395251
0.039811
0.0401115
0.0404156
0.0407146
0.0410003
0.0412656
0.0415039
0.0417092
0.0418765
0.0420014
0.0420816
0.0421206
0.0421317
0.042133
0.042133
0.042133
0.042133
0.042133
0.042133
0.042133
0.042133
0.042133
0.042133
0.042133
0.042133
0.042133
0.042133
0.042133
0.042133
0.042133
0.042133
0.042133
0.042133
0.042133
0.042133
0.042133
0.042133
0.042133
0.042133
0.042133
0.042133
0.042133
0.042133
0.042133
0.042133
0.042133
0.042133
0.042133
0.042133
0.042133
0.042133
0.042133
0.042133
0.042133
0.042133
0.042133
0.042133
0.042133
0.042133
)
;

boundaryField
{
    inlet
    {
        type            calculated;
        value           uniform 0.042133;
    }
    obstacle
    {
        type            calculated;
        value           nonuniform List<scalar> 0();
    }
    bottom
    {
        type            symmetry;
    }
    outlet
    {
        type            calculated;
        value           nonuniform List<scalar> 
77
(
0.0386848
0.0386992
0.0387053
0.0387219
0.038731
0.0387218
0.0387006
0.0386537
0.0386029
0.0385866
0.0385951
0.0386163
0.0386572
0.038743
0.0388616
0.039042
0.0392634
0.039525
0.0398109
0.0401113
0.0404155
0.0407145
0.0410002
0.0412654
0.0415037
0.0417091
0.0418764
0.0420013
0.0420816
0.0421205
0.0421317
0.042133
0.042133
0.042133
0.042133
0.042133
0.042133
0.042133
0.042133
0.042133
0.042133
0.042133
0.042133
0.042133
0.042133
0.042133
0.042133
0.042133
0.042133
0.042133
0.042133
0.042133
0.042133
0.042133
0.042133
0.042133
0.042133
0.042133
0.042133
0.042133
0.042133
0.042133
0.042133
0.042133
0.042133
0.042133
0.042133
0.042133
0.042133
0.042133
0.042133
0.042133
0.042133
0.042133
0.042133
0.042133
0.042133
)
;
    }
    top
    {
        type            symmetry;
    }
    defaultFaces
    {
        type            empty;
    }
    procBoundary0to1
    {
        type            processor;
        value           nonuniform List<scalar> 
90
(
0.0337922
0.0384505
0.0395246
0.0398979
0.0401413
0.0403558
0.0405605
0.04076
0.040954
0.0411378
0.0413145
0.0413111
0.0413077
0.0413043
0.0413009
0.0412975
0.0412975
0.0415101
0.0417834
0.0421407
0.0425025
0.0427419
0.0428792
0.0429551
0.0430075
0.0430561
0.0431041
0.0431477
0.0431827
0.0432034
0.0432138
0.0432195
0.0432281
0.0432464
0.0432738
0.0433008
0.0433232
0.0433435
0.0433625
0.0433625
0.0433862
0.0434114
0.0434372
0.0434638
0.0434915
0.0435153
0.0435153
0.043538
0.0435336
0.0435292
0.0435292
0.0435547
0.0435807
0.0436079
0.0436357
0.0436622
0.0436868
0.043711
0.0437364
0.0437635
0.0437915
0.0438203
0.0438498
0.0438801
0.043911
0.043942
0.043973
0.0440041
0.0440349
0.0440655
0.0440956
0.044125
0.0441538
0.0441819
0.0442092
0.0442358
0.0442617
0.0442867
0.0443108
0.0443341
0.0443565
0.0443779
0.0443983
0.0444178
0.0444363
0.0444538
0.0444704
0.044486
0.0445007
0.0445142
)
;
    }
    procBoundary0to2
    {
        type            processor;
        value           nonuniform List<scalar> 
123
(
0.0441816
0.0433626
0.0429876
0.0427677
0.0426277
0.0425265
0.0424531
0.0423962
0.0423513
0.0423149
0.0422844
0.0422553
0.0422335
0.0422125
0.0421914
0.0421729
0.0421544
0.0421379
0.0421201
0.0421023
0.0420898
0.0420844
0.0420846
0.0420913
0.0421016
0.0421134
0.042127
0.0421392
0.0421489
0.0421568
0.0421642
0.0421714
0.0421766
0.0421782
0.0421772
0.0421766
0.0421785
0.0421816
0.0421829
0.042181
0.0421767
0.0421742
0.0421768
0.0421831
0.042188
0.042189
0.0421853
0.0421775
0.042171
0.0421713
0.0421768
0.0421878
0.0422038
0.0422165
0.0422199
0.0422182
0.0422102
0.042192
0.0421594
0.0421139
0.0420714
0.042054
0.0420532
0.0420566
0.0420658
0.042082
0.0421027
0.0421212
0.0421308
0.0421329
0.0421331
0.0421331
0.0421331
0.0421331
0.042133
0.042133
0.042133
0.042133
0.042133
0.042133
0.042133
0.042133
0.042133
0.042133
0.042133
0.042133
0.042133
0.042133
0.042133
0.042133
0.042133
0.042133
0.042133
0.042133
0.042133
0.042133
0.042133
0.042133
0.042133
0.042133
0.042133
0.042133
0.042133
0.042133
0.042133
0.042133
0.042133
0.042133
0.042133
0.042133
0.042133
0.042133
0.042133
0.042133
0.042133
0.042133
0.042133
0.042133
0.042133
0.042133
0.042133
0.042133
0.042133
)
;
    }
}


// ************************************************************************* //
