/*--------------------------------*- C++ -*----------------------------------*\
| =========                 |                                                 |
| \\      /  F ield         | OpenFOAM: The Open Source CFD Toolbox           |
|  \\    /   O peration     | Version:  2412                                  |
|   \\  /    A nd           | Website:  www.openfoam.com                      |
|    \\/     M anipulation  |                                                 |
\*---------------------------------------------------------------------------*/
FoamFile
{
    version     2.0;
    format      ascii;
    arch        "LSB;label=32;scalar=64";
    class       volScalarField;
    location    "0.045";
    object      p;
}
// * * * * * * * * * * * * * * * * * * * * * * * * * * * * * * * * * * * * * //

dimensions      [1 -1 -2 0 0 0 0];

internalField   nonuniform List<scalar> 
9831
(
2790
2790
2790
2790.02
2790.53
2794.37
2804.53
2815.31
2819.24
2819.36
2812.41
2798.1
2784.47
2774.47
2767.01
2760.16
2752.43
2744.52
2739.07
2737.4
2738.07
2741.06
2744.56
2746.35
2746.65
2745.99
2744.46
2742.83
2741.33
2739.85
2738.32
2736.78
2735.29
2733.86
2732.47
2731.16
2729.97
2728.89
2727.9
2726.94
2725.98
2724.99
2723.98
2722.96
2721.95
2720.96
2719.98
2719.02
2718.04
2717.07
2716.11
2715.17
2714.25
2713.34
2712.43
2711.51
2710.57
2709.6
2708.57
2707.48
2706.31
2705.01
2703.58
2701.99
2700.2
2698.15
2695.81
2693.12
2690.07
2686.6
2682.62
2678.05
2672.81
2666.84
2660.09
2652.49
2643.92
2634.27
2623.39
2611.15
2597.44
2582.14
2565.13
2546.32
2525.54
2502.68
2477.5
2449.88
2419.6
2386.55
2350.44
2311.29
2268.85
2223.98
2175.96
2124.86
2070.26
2012.18
1950.73
1886.97
1824.3
1761.2
1698.1
1631.74
1564.74
1499.62
1435.87
1376.05
1320.77
1269.57
1221.07
1175.75
1134.41
1095.8
1058.94
1024.28
995.781
971.573
952.001
936.641
902.273
2790
2790
2790
2790.01
2790.3
2793.09
2802.22
2813.86
2819.31
2820.45
2815.56
2802.23
2787.98
2777.49
2769.99
2763.55
2756.4
2748.55
2742.19
2739.51
2739.49
2741.58
2745.23
2747.75
2748.46
2748.15
2746.91
2745.35
2743.92
2742.6
2741.23
2739.85
2738.51
2737.21
2735.98
2734.82
2733.78
2732.87
2732.04
2731.27
2730.48
2729.67
2728.84
2728
2727.18
2726.37
2725.59
2724.83
2724.07
2723.32
2722.58
2721.87
2721.19
2720.53
2719.89
2719.26
2718.61
2717.96
2717.27
2716.54
2715.74
2714.85
2713.86
2712.73
2711.44
2709.93
2708.17
2706.11
2703.73
2700.97
2697.78
2694.07
2689.76
2684.79
2679.11
2672.66
2665.35
2657.06
2647.67
2637.03
2625.03
2611.59
2596.58
2579.9
2561.33
2540.74
2517.91
2492.78
2465.17
2434.9
2401.61
2365.29
2325.84
2283.64
2237.84
2189.13
2137.11
2081.99
2024.68
1964.45
1902.5
1837.7
1772.97
1709.77
1645.66
1581.98
1518.26
1454.2
1392.45
1333.36
1278.51
1228.47
1180.93
1136.83
1097.78
1061.52
1029.23
998.593
971.286
948.136
904.985
2790
2790
2790
2790
2790.16
2792.07
2799.88
2811.99
2819.22
2821.41
2818.21
2806.21
2791.62
2780.68
2773.07
2766.95
2760.39
2752.85
2745.92
2742.01
2741.24
2742.44
2745.78
2748.96
2750.2
2750.18
2749.36
2747.96
2746.59
2745.39
2744.21
2743
2741.81
2740.66
2739.57
2738.57
2737.69
2736.94
2736.29
2735.69
2735.08
2734.45
2733.8
2733.15
2732.5
2731.89
2731.3
2730.74
2730.19
2729.66
2729.15
2728.67
2728.23
2727.83
2727.47
2727.11
2726.77
2726.43
2726.08
2725.7
2725.28
2724.8
2724.23
2723.57
2722.77
2721.79
2720.6
2719.15
2717.42
2715.37
2712.94
2710.06
2706.64
2702.63
2697.97
2692.61
2686.49
2679.48
2671.48
2662.34
2651.95
2640.22
2627.02
2612.23
2595.71
2577.34
2556.97
2534.44
2509.47
2481.85
2451.4
2418.19
2382.12
2343.19
2300.71
2255.39
2206.46
2154.52
2099.71
2041.15
1979.99
1916.21
1848.55
1782.11
1715.3
1648.26
1583.72
1518.79
1456.13
1394.03
1334.11
1279.03
1226.62
1178.35
1134.58
1094.96
1060.12
1027.9
999.002
972.904
921.428
2790
2790
2790
2790
2790.08
2791.29
2797.59
2809.67
2818.83
2822.24
2820.16
2810.11
2795.61
2784.19
2776.35
2770.41
2764.4
2757.34
2750.16
2745.06
2743.34
2743.73
2746.26
2749.81
2751.82
2752.21
2751.79
2750.67
2749.39
2748.29
2747.28
2746.27
2745.24
2744.25
2743.3
2742.45
2741.73
2741.14
2740.66
2740.23
2739.8
2739.35
2738.88
2738.41
2737.95
2737.51
2737.12
2736.76
2736.42
2736.11
2735.81
2735.56
2735.36
2735.22
2735.11
2735.03
2734.98
2734.95
2734.92
2734.89
2734.84
2734.74
2734.59
2734.36
2734.04
2733.58
2732.93
2732.07
2730.97
2729.59
2727.89
2725.8
2723.25
2720.16
2716.49
2712.2
2707.23
2701.47
2694.83
2687.17
2678.38
2668.36
2656.99
2644.18
2629.79
2613.7
2595.67
2575.56
2553.17
2528.4
2501.11
2471.22
2438.45
2402.61
2363.2
2320.7
2274.17
2224.78
2171.73
2115.88
2056.37
1995.18
1930.75
1863.59
1795.82
1724.48
1655.28
1586.55
1519.83
1455.52
1392.35
1332.52
1274.18
1221.03
1172.65
1128.43
1090.45
1055.68
1026.56
1001.57
951.708
2790
2790
2790
2790
2790.04
2790.74
2795.48
2806.95
2817.91
2822.66
2821.57
2813.95
2799.98
2788
2779.82
2773.95
2768.41
2761.92
2754.77
2748.77
2745.83
2745.43
2746.91
2750.42
2753.3
2754.26
2754.19
2753.47
2752.35
2751.34
2750.49
2749.67
2748.83
2748
2747.2
2746.5
2745.93
2745.5
2745.19
2744.93
2744.68
2744.41
2744.13
2743.83
2743.55
2743.3
2743.1
2742.94
2742.82
2742.71
2742.64
2742.62
2742.66
2742.76
2742.91
2743.11
2743.35
2743.63
2743.92
2744.23
2744.54
2744.83
2745.08
2745.29
2745.42
2745.46
2745.35
2745.07
2744.59
2743.86
2742.86
2741.54
2739.81
2737.62
2734.9
2731.63
2727.75
2723.17
2717.81
2711.54
2704.24
2695.82
2686.17
2675.18
2662.73
2648.7
2632.89
2615.21
2595.47
2573.5
2549.12
2522.13
2492.21
2459.18
2422.83
2383.53
2340.7
2295.17
2245.68
2193.28
2137.81
2077.82
2016.38
1950.59
1884.67
1814.52
1745
1674.09
1601.8
1532.17
1463.23
1398.36
1335.08
1274.79
1219.1
1166.5
1118.77
1074.93
1039.06
1010.38
951.546
2790
2790
2790
2790
2790.01
2790.39
2793.67
2803.88
2816.28
2822.73
2822.64
2817.61
2804.63
2792.11
2783.53
2777.62
2772.46
2766.5
2759.59
2753.04
2748.81
2747.49
2748.07
2750.93
2754.45
2756.28
2756.64
2756.32
2755.48
2754.58
2753.86
2753.23
2752.58
2751.93
2751.29
2750.73
2750.3
2750.03
2749.88
2749.8
2749.72
2749.63
2749.53
2749.42
2749.32
2749.26
2749.25
2749.29
2749.36
2749.48
2749.63
2749.84
2750.1
2750.44
2750.85
2751.33
2751.85
2752.42
2753.03
2753.67
2754.33
2754.99
2755.64
2756.27
2756.85
2757.36
2757.77
2758.04
2758.14
2758.05
2757.73
2757.15
2756.22
2754.89
2753.1
2750.8
2747.98
2744.55
2740.43
2735.52
2729.7
2722.87
2714.92
2705.76
2695.27
2683.35
2669.81
2654.53
2637.29
2617.98
2596.37
2572.26
2545.36
2515.6
2482.8
2446.88
2407.18
2364.28
2317.45
2267.87
2214.06
2157.06
2096.77
2032.4
1965.63
1898.1
1828.64
1759.3
1685.83
1614.66
1544.02
1474.68
1409.13
1345.95
1285.36
1229.57
1177.97
1130.03
1086.52
1048.86
976.584
2790
2790
2790
2790
2790.01
2790.18
2792.25
2800.71
2813.83
2822.42
2823.57
2820.8
2809.34
2796.49
2787.51
2781.44
2776.5
2770.97
2764.4
2757.65
2752.41
2750.02
2749.83
2751.61
2755.33
2758.18
2759.21
2759.24
2758.77
2758.04
2757.42
2756.96
2756.51
2756.04
2755.57
2755.15
2754.87
2754.75
2754.75
2754.84
2754.94
2755.02
2755.1
2755.18
2755.26
2755.38
2755.56
2755.8
2756.08
2756.41
2756.78
2757.22
2757.72
2758.3
2758.97
2759.71
2760.52
2761.38
2762.3
2763.27
2764.28
2765.3
2766.34
2767.38
2768.4
2769.39
2770.31
2771.11
2771.78
2772.3
2772.63
2772.75
2772.59
2772.1
2771.22
2769.85
2768.03
2765.68
2762.74
2759.1
2754.65
2749.3
2742.94
2735.48
2726.81
2716.84
2705.39
2692.36
2677.57
2660.87
2642.04
2620.85
2597.09
2570.65
2541.35
2509.07
2473.39
2434.57
2391.9
2346.09
2295.78
2242.33
2184.66
2123.14
2056.02
1987.52
1914.54
1841.23
1767
1692.15
1619.82
1544.42
1472.96
1404.87
1338.86
1278.39
1223.08
1173.45
1130.6
1093.07
1019.7
2790
2790
2790
2790
2790
2790.07
2791.24
2797.68
2810.64
2821.49
2824.37
2823.18
2814.02
2801.31
2791.8
2785.33
2780.41
2775.23
2769.11
2762.5
2756.7
2753.17
2752.18
2752.96
2756.18
2759.83
2761.82
2762.3
2762.18
2761.69
2761.19
2760.85
2760.58
2760.31
2760.01
2759.75
2759.61
2759.63
2759.79
2760.03
2760.3
2760.56
2760.82
2761.08
2761.35
2761.66
2762.02
2762.45
2762.94
2763.49
2764.08
2764.74
2765.47
2766.29
2767.21
2768.21
2769.29
2770.45
2771.67
2772.96
2774.3
2775.69
2777.1
2778.54
2779.98
2781.42
2782.82
2784.15
2785.38
2786.49
2787.46
2788.24
2788.8
2789.08
2789.07
2788.63
2787.81
2786.5
2784.69
2782.28
2779.17
2775.28
2770.49
2764.72
2757.86
2749.83
2740.48
2729.68
2717.24
2703.02
2686.82
2668.49
2647.88
2624.87
2599.19
2570.53
2538.48
2503.11
2463.84
2421.23
2374.41
2324.72
2270.47
2212.71
2151.95
2087.1
2018.29
1943.5
1870.77
1792.79
1717.15
1636.93
1558.33
1481.94
1405.75
1335.49
1269.91
1210.4
1159.66
1117.12
1027.28
2790
2790
2790
2790
2790
2790.03
2790.61
2795.05
2806.94
2819.75
2824.67
2824.86
2818.6
2806.49
2796.18
2789.13
2784.16
2779.34
2773.71
2767.48
2761.52
2757.08
2755.19
2755.18
2757.29
2761.21
2764.3
2765.55
2765.74
2765.54
2765.16
2764.91
2764.8
2764.73
2764.63
2764.52
2764.52
2764.67
2764.97
2765.36
2765.8
2766.24
2766.68
2767.12
2767.58
2768.07
2768.62
2769.25
2769.94
2770.7
2771.51
2772.39
2773.36
2774.42
2775.58
2776.84
2778.2
2779.65
2781.17
2782.77
2784.44
2786.18
2787.97
2789.79
2791.65
2793.53
2795.4
2797.24
2799.01
2800.69
2802.26
2803.71
2804.98
2806.01
2806.76
2807.21
2807.33
2807.03
2806.3
2805.05
2803.19
2800.64
2797.3
2793.09
2787.92
2781.68
2774.27
2765.56
2755.4
2743.65
2730.16
2714.74
2697.18
2677.26
2654.63
2629.1
2600.41
2568.5
2532.84
2493.77
2450.59
2404.04
2352.81
2298.45
2239.5
2176.3
2109.69
2038.17
1966.79
1891.55
1812.96
1735.38
1656.23
1581.23
1503.52
1430.09
1359.1
1292.39
1231.18
1178.34
1073.04
2790
2790
2790
2790
2790
2790.01
2790.26
2792.99
2802.99
2817.03
2824.44
2826.33
2822.66
2811.66
2800.49
2792.9
2787.9
2783.45
2778.32
2772.54
2766.75
2761.82
2758.93
2758.19
2759.16
2762.6
2766.51
2768.76
2769.44
2769.48
2769.29
2769.13
2769.13
2769.24
2769.33
2769.4
2769.55
2769.83
2770.26
2770.8
2771.4
2772.02
2772.64
2773.26
2773.91
2774.59
2775.32
2776.14
2777.03
2778
2779.03
2780.13
2781.33
2782.62
2784.03
2785.54
2787.17
2788.89
2790.7
2792.61
2794.6
2796.68
2798.82
2801.03
2803.28
2805.58
2807.91
2810.22
2812.51
2814.74
2816.9
2818.97
2820.91
2822.67
2824.23
2825.5
2826.48
2827.13
2827.42
2827.31
2826.67
2825.47
2823.53
2820.86
2817.33
2812.88
2807.37
2800.72
2792.75
2783.34
2772.3
2759.48
2744.68
2727.71
2708.32
2686.39
2661.64
2633.87
2602.65
2568.13
2529.69
2487.61
2440.91
2390.78
2335.24
2275.18
2210.27
2141.74
2067.74
1990.38
1906.33
1825.03
1741.34
1658.82
1577.69
1498.53
1424.06
1354.53
1291.5
1237.87
1132.55
2790
2790
2790
2790
2790
2790
2790.1
2791.58
2799.17
2813.43
2823.7
2827.57
2825.59
2816.41
2804.89
2796.88
2791.77
2787.6
2782.93
2777.6
2772.15
2767.13
2763.44
2761.9
2762.02
2764.25
2768.34
2771.69
2773.19
2773.52
2773.51
2773.42
2773.5
2773.78
2774.08
2774.35
2774.65
2775.06
2775.61
2776.3
2777.06
2777.86
2778.66
2779.48
2780.31
2781.17
2782.1
2783.1
2784.2
2785.37
2786.61
2787.94
2789.36
2790.89
2792.53
2794.3
2796.19
2798.19
2800.29
2802.5
2804.81
2807.21
2809.7
2812.28
2814.92
2817.63
2820.39
2823.18
2825.97
2828.73
2831.45
2834.12
2836.7
2839.16
2841.45
2843.53
2845.37
2846.93
2848.17
2849.05
2849.52
2849.58
2848.98
2847.75
2845.74
2842.91
2839.16
2834.41
2828.5
2821.33
2812.73
2802.56
2790.62
2776.72
2760.65
2742.24
2721.21
2697.3
2670.17
2639.77
2605.49
2567.55
2525.2
2479.13
2427.8
2372.78
2312.87
2248.55
2179.83
2106.85
2028.53
1946.34
1862.52
1771.6
1684.17
1592.31
1506.12
1423.04
1346.49
1282.15
1150.38
2790
2790
2790
2790
2790
2790
2790.03
2790.73
2795.88
2809.12
2822.23
2828.04
2827.42
2820.95
2809.64
2801.1
2795.71
2791.74
2787.53
2782.68
2777.65
2772.83
2768.72
2766.27
2765.65
2766.62
2770.07
2774.17
2776.69
2777.55
2777.72
2777.76
2777.9
2778.3
2778.8
2779.27
2779.75
2780.31
2781
2781.83
2782.75
2783.73
2784.72
2785.72
2786.74
2787.8
2788.91
2790.1
2791.39
2792.76
2794.22
2795.76
2797.41
2799.16
2801.04
2803.05
2805.19
2807.45
2809.84
2812.34
2814.95
2817.67
2820.5
2823.42
2826.44
2829.54
2832.72
2835.95
2839.21
2842.48
2845.74
2848.97
2852.17
2855.28
2858.28
2861.12
2863.76
2866.19
2868.37
2870.27
2871.81
2872.95
2873.63
2873.8
2873.3
2872.1
2870.07
2867.15
2863.23
2858.2
2851.89
2844.16
2834.84
2823.76
2810.72
2795.54
2777.93
2757.66
2734.37
2707.88
2677.62
2643.75
2605.61
2563.4
2516.02
2464.85
2408.4
2347.19
2280.01
2208.04
2133.44
2051.99
1970.57
1882.41
1797.9
1708.93
1621.65
1536.96
1454.76
1382.7
1239.99
2790
2790
2790
2790
2790
2790
2790.01
2790.29
2793.38
2804.52
2819.51
2827.9
2828.65
2825.05
2814.52
2805.33
2799.63
2795.85
2792.15
2787.79
2783.12
2778.55
2774.34
2771.13
2769.72
2769.79
2771.91
2776.08
2779.66
2781.38
2781.89
2782.04
2782.24
2782.72
2783.42
2784.12
2784.8
2785.52
2786.36
2787.33
2788.42
2789.58
2790.77
2791.97
2793.18
2794.42
2795.71
2797.09
2798.57
2800.15
2801.81
2803.57
2805.43
2807.41
2809.52
2811.77
2814.16
2816.68
2819.34
2822.12
2825.03
2828.06
2831.22
2834.49
2837.86
2841.34
2844.92
2848.58
2852.3
2856.06
2859.83
2863.61
2867.38
2871.12
2874.79
2878.35
2881.76
2885
2888.05
2890.88
2893.43
2895.67
2897.5
2898.87
2899.71
2900
2899.59
2898.4
2896.34
2893.29
2889.15
2883.77
2877.01
2868.7
2858.65
2846.65
2832.44
2815.8
2796.41
2774.05
2748.3
2719.19
2686.04
2648.95
2607.28
2561.66
2510.18
2453.5
2390.7
2323.11
2249.91
2171.51
2085.32
1993.11
1896.99
1801.76
1706.66
1617.08
1532.35
1460.13
1313.27
2790
2790
2790
2790
2790
2790
2790
2790.1
2791.73
2800.17
2815.63
2827.02
2829.74
2828.18
2819.15
2809.55
2803.62
2800
2796.78
2792.82
2788.37
2783.98
2779.87
2776.31
2774.1
2773.47
2774.35
2777.78
2782.07
2784.81
2785.9
2786.27
2786.56
2787.1
2787.94
2788.87
2789.76
2790.66
2791.65
2792.79
2794.05
2795.4
2796.79
2798.18
2799.58
2801.01
2802.48
2804.04
2805.7
2807.47
2809.35
2811.31
2813.39
2815.59
2817.92
2820.4
2823.03
2825.8
2828.72
2831.78
2834.97
2838.3
2841.76
2845.35
2849.07
2852.91
2856.87
2860.93
2865.08
2869.29
2873.55
2877.85
2882.17
2886.49
2890.79
2895.02
2899.16
2903.18
2907.05
2910.76
2914.27
2917.52
2920.48
2923.07
2925.21
2926.84
2927.91
2928.36
2928.13
2927
2924.95
2921.75
2917.37
2911.61
2904.33
2895.3
2884.33
2871.22
2855.66
2837.44
2816.18
2791.74
2763.45
2731.43
2695.03
2654.27
2607.55
2555.98
2498.87
2437.18
2369.15
2295.07
2215.18
2130.02
2038.31
1943.91
1839.67
1739.06
1636.8
1547.1
1371.19
2790
2790
2790
2790
2790
2790
2790
2790.03
2790.78
2796.52
2811.05
2825.26
2830.38
2830.1
2823.49
2813.94
2807.69
2804.04
2801.12
2797.5
2793.23
2789
2785.12
2781.56
2778.8
2777.54
2777.58
2779.66
2783.99
2787.77
2789.71
2790.45
2790.86
2791.44
2792.37
2793.49
2794.61
2795.71
2796.88
2798.18
2799.62
2801.17
2802.75
2804.33
2805.93
2807.54
2809.19
2810.92
2812.76
2814.72
2816.79
2818.96
2821.25
2823.66
2826.21
2828.91
2831.77
2834.79
2837.97
2841.29
2844.75
2848.37
2852.13
2856.03
2860.08
2864.27
2868.59
2873.03
2877.59
2882.24
2886.97
2891.76
2896.59
2901.47
2906.36
2911.23
2916.05
2920.79
2925.44
2929.97
2934.36
2938.56
2942.53
2946.22
2949.56
2952.5
2954.96
2956.85
2958.14
2958.77
2958.72
2957.59
2955.52
2952.17
2947.53
2941.37
2933.52
2923.77
2911.83
2897.47
2880.3
2860.08
2836.29
2808.93
2777.22
2740.99
2699.33
2653.22
2601.22
2543.44
2478.33
2407.94
2331.33
2248.38
2159.62
2064.02
1962.33
1863.59
1764.23
1676.36
1505.06
2790
2790
2790
2790
2790
2790
2790
2790.01
2790.32
2793.81
2806.29
2822.51
2830.26
2831.52
2827.44
2818.37
2811.55
2807.69
2805.02
2801.82
2797.85
2793.79
2790.14
2786.79
2783.84
2781.98
2781.42
2782.27
2785.85
2790.32
2793.26
2794.56
2795.19
2795.82
2796.79
2798.05
2799.37
2800.68
2802.04
2803.52
2805.14
2806.87
2808.64
2810.42
2812.19
2813.97
2815.8
2817.69
2819.7
2821.84
2824.1
2826.47
2828.96
2831.58
2834.35
2837.26
2840.34
2843.6
2847.01
2850.59
2854.31
2858.2
2862.24
2866.44
2870.8
2875.31
2879.97
2884.77
2889.71
2894.78
2899.94
2905.18
2910.5
2915.89
2921.33
2926.8
2932.25
2937.67
2943.04
2948.33
2953.54
2958.63
2963.56
2968.28
2972.74
2976.88
2980.65
2983.99
2986.83
2989.06
2990.64
2991.48
2991.6
2990.52
2988.39
2984.86
2979.9
2973.26
2964.71
2954.01
2940.81
2924.89
2905.8
2883.42
2856.93
2826.34
2791.1
2751.4
2705.37
2653.22
2594.02
2529.67
2458.47
2380.03
2292.98
2197.04
2096.04
1984.89
1872.55
1769.41
1575.33
2790
2790
2790
2790
2790
2790
2790
2790
2790.11
2792.03
2801.84
2818.89
2829.47
2832.86
2830.71
2822.35
2815.01
2810.99
2808.63
2805.93
2802.36
2798.47
2794.98
2791.88
2789
2786.74
2785.72
2785.8
2788.06
2792.62
2796.54
2798.62
2799.59
2800.31
2801.29
2802.62
2804.1
2805.6
2807.15
2808.82
2810.62
2812.53
2814.48
2816.43
2818.36
2820.31
2822.29
2824.34
2826.51
2828.82
2831.26
2833.82
2836.51
2839.33
2842.3
2845.42
2848.72
2852.19
2855.84
2859.65
2863.63
2867.78
2872.09
2876.57
2881.23
2886.05
2891.03
2896.18
2901.48
2906.93
2912.5
2918.18
2923.96
2929.83
2935.79
2941.8
2947.84
2953.89
2959.93
2965.94
2971.91
2977.81
2983.62
2989.28
2994.76
3000
3004.96
3009.57
3013.78
3017.54
3020.78
3023.34
3025.22
3026.29
3026.53
3025.52
3023.31
3019.6
3014.26
3007.04
2997.66
2985.9
2971.35
2953.77
2932.49
2907.56
2878.23
2844.15
2803.76
2757.9
2705.75
2647.66
2581.45
2507.91
2426.63
2337.51
2241.43
2142.51
2031.08
1929.15
1735.13
2790
2790
2790
2790
2790
2790
2790
2790
2790.04
2791
2798.1
2814.69
2828.33
2833.8
2832.74
2825.87
2818.34
2814.17
2812.08
2809.89
2806.75
2803.03
2799.63
2796.74
2794.09
2791.76
2790.37
2790
2791.09
2795.03
2799.67
2802.64
2804.07
2804.95
2805.92
2807.27
2808.88
2810.56
2812.29
2814.14
2816.11
2818.17
2820.27
2822.37
2824.45
2826.54
2828.66
2830.86
2833.17
2835.63
2838.24
2840.99
2843.86
2846.87
2850.04
2853.36
2856.86
2860.54
2864.41
2868.45
2872.67
2877.06
2881.63
2886.37
2891.3
2896.41
2901.7
2907.16
2912.8
2918.6
2924.55
2930.63
2936.83
2943.15
2949.58
2956.1
2962.69
2969.32
2975.98
2982.64
2989.31
2995.96
3002.57
3009.11
3015.52
3021.78
3027.84
3033.64
3039.13
3044.28
3049
3053.24
3056.92
3059.87
3062.06
3063.35
3063.72
3062.77
3060.45
3056.48
3050.66
3042.76
3032.39
3019.3
3002.93
2983.15
2959.01
2930.24
2895.97
2856.74
2810.94
2758.25
2697.21
2629.13
2552.81
2468.18
2374.33
2271.18
2159.62
2053.04
1864.89
2790
2790
2790
2790
2790
2790
2790
2790
2790.01
2790.47
2795.27
2810.39
2826.72
2834.15
2834.04
2829.03
2821.55
2817.24
2815.35
2813.6
2810.89
2807.38
2804.07
2801.39
2799.04
2796.88
2795.3
2794.66
2795.02
2797.87
2802.72
2806.52
2808.55
2809.67
2810.69
2812.04
2813.73
2815.57
2817.47
2819.47
2821.58
2823.78
2826
2828.22
2830.42
2832.63
2834.88
2837.2
2839.65
2842.26
2845.02
2847.94
2850.99
2854.18
2857.53
2861.05
2864.74
2868.62
2872.7
2876.96
2881.4
2886.03
2890.83
2895.83
2901.02
2906.4
2911.97
2917.74
2923.69
2929.82
2936.13
2942.59
2949.18
2955.92
2962.79
2969.78
2976.87
2984.03
2991.26
2998.54
3005.85
3013.19
3020.53
3027.85
3035.12
3042.3
3049.34
3056.21
3062.86
3069.25
3075.32
3081.03
3086.28
3091.02
3095.15
3098.5
3101
3102.53
3103.04
3102.12
3099.64
3095.32
3088.85
3080.05
3068.42
3053.72
3035.1
3012.54
2985.28
2953.12
2914.2
2868.59
2815.39
2755.34
2686.49
2608.29
2519.01
2420.14
2313.58
2201.32
2013.51
2790
2790
2790
2790
2790
2790
2790
2790
2790
2790.21
2793.34
2806.44
2824.45
2834.1
2835.05
2831.75
2824.56
2820.11
2818.33
2816.96
2814.73
2811.54
2808.37
2805.89
2803.84
2801.94
2800.36
2799.56
2799.52
2801.24
2805.76
2810.24
2812.93
2814.38
2815.51
2816.89
2818.65
2820.62
2822.67
2824.81
2827.05
2829.35
2831.67
2833.98
2836.28
2838.59
2840.94
2843.38
2845.95
2848.69
2851.6
2854.67
2857.89
2861.26
2864.78
2868.48
2872.35
2876.42
2880.7
2885.16
2889.82
2894.66
2899.7
2904.93
2910.36
2915.99
2921.83
2927.87
2934.11
2940.55
2947.18
2953.98
2960.95
2968.06
2975.33
2982.75
2990.29
2997.94
3005.69
3013.51
3021.41
3029.37
3037.38
3045.42
3053.45
3061.46
3069.4
3077.24
3084.94
3092.47
3099.77
3106.81
3113.51
3119.83
3125.66
3130.93
3135.54
3139.31
3142.16
3143.94
3144.56
3143.62
3140.86
3136.13
3128.96
3119.14
3105.96
3089.33
3068.25
3042.23
3009.88
2971.58
2925.95
2872.72
2810.02
2737.99
2654.62
2562.81
2457.28
2350.13
2177.58
2790
2790
2790
2790
2790
2790
2790
2790
2790
2790.1
2792.1
2803.11
2821.89
2833.74
2835.93
2833.97
2827.22
2822.66
2821.01
2820.03
2818.35
2815.55
2812.55
2810.22
2808.41
2806.74
2805.3
2804.39
2804.12
2805.06
2808.86
2813.72
2817.07
2818.94
2820.26
2821.71
2823.56
2825.66
2827.86
2830.12
2832.45
2834.84
2837.23
2839.62
2841.99
2844.38
2846.82
2849.37
2852.05
2854.9
2857.95
2861.16
2864.54
2868.07
2871.76
2875.63
2879.68
2883.93
2888.38
2893.04
2897.9
2902.95
2908.19
2913.64
2919.3
2925.17
2931.25
2937.55
2944.07
2950.79
2957.72
2964.84
2972.14
2979.61
2987.25
2995.06
3003.02
3011.11
3019.33
3027.66
3036.09
3044.61
3053.23
3061.91
3070.64
3079.39
3088.14
3096.85
3105.49
3114.02
3122.42
3130.64
3138.63
3146.35
3153.71
3160.66
3167.1
3172.93
3178.05
3182.27
3185.46
3187.46
3188.18
3187.19
3184.13
3178.79
3170.57
3159.28
3143.89
3124.18
3099.09
3068.58
3030.69
2985.08
2930.15
2865.43
2789.2
2701.63
2599.02
2489.46
2326
2790
2790
2790
2790
2790
2790
2790
2790
2790
2790.05
2791.36
2800.53
2819.42
2833.17
2836.77
2835.66
2829.43
2824.94
2823.5
2822.92
2821.77
2819.39
2816.54
2814.31
2812.63
2811.16
2809.9
2808.98
2808.62
2809.12
2812.08
2817
2820.93
2823.28
2824.86
2826.45
2828.4
2830.64
2832.96
2835.31
2837.73
2840.18
2842.63
2845.08
2847.51
2849.98
2852.51
2855.14
2857.93
2860.9
2864.07
2867.42
2870.94
2874.62
2878.47
2882.5
2886.71
2891.13
2895.76
2900.6
2905.64
2910.89
2916.33
2921.98
2927.85
2933.94
2940.26
2946.79
2953.55
2960.54
2967.74
2975.15
2982.76
2990.55
2998.53
3006.69
3015.03
3023.52
3032.16
3040.94
3049.85
3058.88
3068.03
3077.29
3086.64
3096.06
3105.52
3115
3124.47
3133.9
3143.27
3152.54
3161.68
3170.65
3179.38
3187.82
3195.89
3203.52
3210.61
3217.05
3222.74
3227.42
3230.96
3233.19
3233.98
3232.85
3229.34
3223.24
3213.69
3200.65
3182.94
3160.14
3130.25
3093.31
3047.5
2992.26
2925.54
2845.1
2751.25
2642.49
2489.86
2790
2790
2790
2790
2790
2790
2790
2790
2790
2790.03
2790.94
2798.68
2817.31
2832.61
2837.54
2836.8
2831.25
2827.01
2825.86
2825.66
2825
2822.98
2820.24
2818.07
2816.49
2815.18
2814.12
2813.3
2812.95
2813.26
2815.49
2820.21
2824.6
2827.45
2829.34
2831.08
2833.14
2835.47
2837.88
2840.3
2842.77
2845.28
2847.8
2850.3
2852.8
2855.34
2857.95
2860.68
2863.57
2866.65
2869.93
2873.42
2877.07
2880.9
2884.9
2889.08
2893.45
2898.02
2902.81
2907.82
2913.04
2918.47
2924.1
2929.94
2936
2942.3
2948.82
2955.58
2962.57
2969.8
2977.25
2984.93
2992.81
3000.89
3009.18
3017.66
3026.34
3035.2
3044.22
3053.41
3062.74
3072.23
3081.87
3091.64
3101.54
3111.55
3121.64
3131.81
3142.01
3152.24
3162.47
3172.67
3182.82
3192.87
3202.8
3212.54
3222.05
3231.26
3240.08
3248.45
3256.24
3263.32
3269.58
3274.74
3278.69
3281.19
3282.08
3280.77
3276.61
3269.41
3258.06
3242.16
3220.09
3191.83
3154.85
3108.43
3049.14
2974.75
2886.18
2778.05
2634.01
2790
2790
2790
2790
2790
2790
2790
2790
2790
2790.02
2790.71
2797.48
2815.76
2832.31
2838.13
2837.64
2832.76
2828.95
2828.13
2828.23
2827.98
2826.26
2823.63
2821.52
2820.03
2818.89
2818.03
2817.38
2817.13
2817.38
2819.13
2823.52
2828.2
2831.51
2833.69
2835.58
2837.7
2840.08
2842.53
2844.99
2847.51
2850.08
2852.67
2855.25
2857.83
2860.44
2863.14
2865.97
2868.95
2872.14
2875.55
2879.16
2882.94
2886.91
2891.05
2895.37
2899.89
2904.61
2909.56
2914.72
2920.11
2925.7
2931.51
2937.53
2943.77
2950.26
2956.98
2963.94
2971.14
2978.59
2986.28
2994.2
3002.33
3010.68
3019.25
3028.02
3037.01
3046.19
3055.56
3065.11
3074.83
3084.73
3094.79
3105.02
3115.41
3125.93
3136.59
3147.35
3158.21
3169.13
3180.11
3191.12
3202.15
3213.16
3224.12
3235
3245.76
3256.34
3266.67
3276.71
3286.36
3295.52
3304.07
3311.86
3318.79
3324.52
3328.89
3331.63
3332.5
3330.72
3325.66
3316.96
3303.22
3284.16
3257.24
3222.1
3174.2
3111.34
3031.16
2927.8
2789.22
2790
2790
2790
2790
2790
2790
2790
2790
2790
2790.02
2790.62
2796.86
2814.88
2832.26
2838.64
2838.33
2834.06
2830.76
2830.31
2830.63
2830.69
2829.23
2826.76
2824.75
2823.37
2822.38
2821.71
2821.28
2821.16
2821.44
2822.96
2826.99
2831.81
2835.48
2837.89
2839.87
2842.01
2844.38
2846.84
2849.32
2851.89
2854.53
2857.2
2859.87
2862.54
2865.25
2868.05
2870.97
2874.07
2877.37
2880.89
2884.63
2888.54
2892.64
2896.91
2901.37
2906.03
2910.89
2915.98
2921.3
2926.84
2932.59
2938.56
2944.74
2951.16
2957.82
2964.72
2971.87
2979.27
2986.92
2994.82
3002.96
3011.33
3019.92
3028.74
3037.78
3047.04
3056.51
3066.19
3076.06
3086.13
3096.39
3106.83
3117.47
3128.29
3139.28
3150.42
3161.72
3173.14
3184.67
3196.31
3208.03
3219.82
3231.66
3243.53
3255.39
3267.22
3278.98
3290.62
3302.1
3313.34
3324.28
3334.82
3344.84
3354.24
3362.84
3370.54
3376.92
3381.82
3384.86
3385.79
3383.68
3377.61
3366.98
3349.95
3326.02
3290.06
3239.56
3167.18
3070.34
2935.34
2790
2790
2790
2790
2790
2790
2790
2790
2790
2790.02
2790.61
2796.75
2814.73
2832.44
2839.14
2838.94
2835.17
2832.4
2832.35
2832.94
2833.18
2831.93
2829.67
2827.83
2826.57
2825.74
2825.23
2825
2825.04
2825.4
2826.86
2830.59
2835.41
2839.32
2841.9
2843.92
2846.02
2848.35
2850.78
2853.28
2855.9
2858.62
2861.39
2864.16
2866.93
2869.74
2872.64
2875.68
2878.89
2882.32
2885.97
2889.82
2893.86
2898.09
2902.49
2907.08
2911.87
2916.87
2922.1
2927.57
2933.26
2939.16
2945.28
2951.62
2958.19
2965.02
2972.09
2979.42
2987
2994.84
3002.94
3011.28
3019.86
3028.68
3037.73
3047.01
3056.52
3066.26
3076.22
3086.38
3096.76
3107.34
3118.14
3129.14
3140.34
3151.74
3163.32
3175.08
3187
3199.08
3211.29
3223.63
3236.09
3248.65
3261.3
3274.01
3286.77
3299.55
3312.31
3325.01
3337.62
3350.08
3362.32
3374.25
3385.78
3396.81
3407.24
3416.82
3425.42
3432.52
3437.96
3441.23
3441.94
3438.49
3430.3
3416.54
3393.86
3359.5
3301.29
3219.74
3089.98
2790
2790
2790
2790
2790
2790
2790
2790
2790
2790.02
2790.64
2796.98
2815.26
2832.99
2839.66
2839.5
2836.16
2833.89
2834.22
2835.18
2835.49
2834.39
2832.39
2830.75
2829.66
2828.97
2828.61
2828.55
2828.74
2829.24
2830.71
2834.21
2838.97
2842.98
2845.64
2847.66
2849.71
2851.98
2854.39
2856.9
2859.57
2862.37
2865.24
2868.1
2870.98
2873.91
2876.93
2880.09
2883.42
2886.98
2890.76
2894.74
2898.91
2903.26
2907.79
2912.51
2917.43
2922.56
2927.93
2933.53
2939.36
2945.4
2951.66
2958.15
2964.87
2971.85
2979.09
2986.58
2994.34
3002.35
3010.63
3019.16
3027.95
3036.97
3046.23
3055.73
3065.47
3075.45
3085.66
3096.1
3106.75
3117.64
3128.74
3140.07
3151.61
3163.38
3175.36
3187.53
3199.9
3212.45
3225.17
3238.05
3251.1
3264.29
3277.62
3291.08
3304.64
3318.3
3332.02
3345.78
3359.55
3373.31
3386.98
3400.53
3413.87
3426.95
3439.66
3451.88
3463.47
3474.16
3483.84
3491.83
3498.15
3501.91
3502.87
3499.05
3489.32
3470.07
3429.87
3372.48
3260.92
2790
2790
2790
2790
2790
2790
2790
2790
2790
2790.02
2790.74
2797.73
2816.53
2833.89
2840.23
2840.02
2837.07
2835.32
2835.99
2837.29
2837.62
2836.64
2834.92
2833.53
2832.64
2832.08
2831.85
2831.95
2832.28
2832.91
2834.44
2837.79
2842.42
2846.44
2849.11
2851.1
2853.09
2855.32
2857.7
2860.23
2862.94
2865.82
2868.77
2871.73
2874.71
2877.75
2880.9
2884.19
2887.66
2891.35
2895.27
2899.38
2903.68
2908.16
2912.82
2917.66
2922.71
2927.97
2933.46
2939.2
2945.16
2951.34
2957.74
2964.37
2971.24
2978.36
2985.75
2993.4
3001.32
3009.51
3017.96
3026.67
3035.64
3044.85
3054.31
3064.02
3073.98
3084.18
3094.63
3105.31
3116.22
3127.37
3138.76
3150.39
3162.26
3174.36
3186.69
3199.24
3212
3224.98
3238.16
3251.53
3265.1
3278.85
3292.78
3306.89
3321.16
3335.59
3350.14
3364.82
3379.59
3394.45
3409.36
3424.27
3439.14
3453.93
3468.58
3483.03
3497.14
3510.81
3523.89
3536.07
3547.24
3556.41
3563.59
3567.49
3568.24
3561.28
3541.9
3509.48
3438.9
2790
2790
2790
2790
2790
2790
2790
2790
2790
2790.03
2790.98
2798.98
2818.4
2835.02
2840.83
2840.51
2837.95
2836.75
2837.77
2839.27
2839.55
2838.68
2837.22
2836.13
2835.45
2835.04
2834.93
2835.19
2835.65
2836.39
2838
2841.26
2845.74
2849.68
2852.33
2854.29
2856.24
2858.43
2860.8
2863.33
2866.07
2869.01
2872.03
2875.07
2878.15
2881.3
2884.57
2887.99
2891.61
2895.45
2899.5
2903.75
2908.18
2912.79
2917.57
2922.54
2927.7
2933.09
2938.71
2944.58
2950.67
2956.98
2963.51
2970.27
2977.28
2984.55
2992.08
2999.89
3007.96
3016.31
3024.92
3033.81
3042.95
3052.35
3061.99
3071.9
3082.06
3092.47
3103.14
3114.05
3125.21
3136.62
3148.27
3160.18
3172.34
3184.75
3197.41
3210.31
3223.44
3236.81
3250.4
3264.22
3278.26
3292.53
3307
3321.7
3336.59
3351.7
3366.99
3382.46
3398.11
3413.93
3429.88
3445.95
3462.11
3478.34
3494.6
3510.87
3527.05
3543.1
3558.85
3574.19
3588.96
3602.86
3615.76
3626.59
3635.74
3640.65
3640.68
3626.44
3601.21
2790
2790
2790
2790
2790
2790
2790
2790
2790
2790.05
2791.38
2800.78
2820.77
2836.28
2841.41
2840.96
2838.86
2838.23
2839.61
2841.17
2841.34
2840.54
2839.34
2838.54
2838.08
2837.84
2837.89
2838.28
2838.85
2839.69
2841.38
2844.6
2848.94
2852.75
2855.34
2857.26
2859.2
2861.36
2863.7
2866.23
2869
2871.96
2875.03
2878.14
2881.31
2884.57
2887.96
2891.52
2895.29
2899.27
2903.47
2907.86
2912.42
2917.15
2922.06
2927.14
2932.43
2937.94
2943.69
2949.68
2955.9
2962.33
2968.99
2975.88
2983.02
2990.42
2998.1
3006.05
3014.28
3022.78
3031.55
3040.6
3049.91
3059.47
3069.3
3079.38
3089.73
3100.35
3111.22
3122.35
3133.73
3145.38
3157.28
3169.45
3181.89
3194.59
3207.55
3220.77
3234.24
3247.97
3261.94
3276.16
3290.63
3305.35
3320.31
3335.53
3350.98
3366.69
3382.62
3398.8
3415.2
3431.84
3448.7
3465.76
3483.01
3500.44
3518.03
3535.77
3553.62
3571.55
3589.48
3607.38
3625.08
3642.5
3659.38
3675.44
3690.38
3702.92
3713.23
3716.06
3719.01
2790
2790
2790
2790
2790
2790
2790
2790
2790
2790.09
2792.01
2803.14
2823.49
2837.55
2841.94
2841.41
2839.81
2839.74
2841.5
2843
2843.03
2842.28
2841.33
2840.8
2840.54
2840.48
2840.72
2841.22
2841.88
2842.81
2844.6
2847.81
2852
2855.66
2858.17
2860.06
2861.97
2864.12
2866.44
2868.96
2871.73
2874.72
2877.82
2880.98
2884.22
2887.58
2891.09
2894.79
2898.7
2902.84
2907.18
2911.7
2916.39
2921.24
2926.27
2931.47
2936.88
2942.51
2948.39
2954.5
2960.83
2967.39
2974.16
2981.18
2988.45
2995.99
3003.8
3011.89
3020.26
3028.91
3037.84
3047.04
3056.51
3066.24
3076.24
3086.5
3097.03
3107.84
3118.91
3130.24
3141.84
3153.71
3165.86
3178.28
3190.97
3203.94
3217.19
3230.71
3244.51
3258.57
3272.9
3287.49
3302.36
3317.5
3332.91
3348.6
3364.56
3380.8
3397.31
3414.1
3431.17
3448.52
3466.13
3484.02
3502.17
3520.58
3539.23
3558.14
3577.28
3596.64
3616.17
3635.84
3655.54
3675.22
3694.67
3713.79
3732.1
3749.53
3764.39
3775.51
3787.91
2790
2790
2790
2790
2790
2790
2790
2790
2790
2790.17
2792.96
2806.05
2826.4
2838.77
2842.4
2841.96
2840.8
2841.24
2843.42
2844.74
2844.64
2843.94
2843.25
2842.96
2842.89
2843.03
2843.44
2844.03
2844.76
2845.78
2847.65
2850.86
2854.9
2858.37
2860.77
2862.63
2864.53
2866.66
2868.98
2871.5
2874.28
2877.27
2880.39
2883.59
2886.9
2890.35
2893.98
2897.82
2901.88
2906.16
2910.64
2915.29
2920.11
2925.08
2930.22
2935.54
2941.06
2946.81
2952.81
2959.04
2965.49
2972.15
2979.04
2986.18
2993.57
3001.24
3009.19
3017.41
3025.92
3034.71
3043.78
3053.13
3062.75
3072.64
3082.79
3093.22
3103.93
3114.91
3126.17
3137.69
3149.5
3161.58
3173.95
3186.6
3199.53
3212.76
3226.27
3240.07
3254.16
3268.52
3283.18
3298.11
3313.34
3328.86
3344.67
3360.78
3377.19
3393.9
3410.91
3428.24
3445.86
3463.81
3482.06
3500.62
3519.48
3538.65
3558.1
3577.87
3597.9
3618.22
3638.74
3659.46
3680.29
3701.11
3721.75
3742.01
3761.36
3779.54
3794.89
3807.4
3818.88
2790
2790
2790
2790
2790
2790
2790
2790
2790.01
2790.32
2794.33
2809.43
2829.33
2839.88
2842.82
2842.54
2841.84
2842.84
2845.25
2846.35
2846.14
2845.5
2845.09
2845.01
2845.13
2845.48
2846.01
2846.67
2847.45
2848.54
2850.48
2853.69
2857.55
2860.82
2863.1
2864.92
2866.83
2868.98
2871.3
2873.84
2876.63
2879.63
2882.76
2885.99
2889.37
2892.91
2896.66
2900.62
2904.82
2909.24
2913.85
2918.64
2923.57
2928.66
2933.91
2939.34
2944.98
2950.85
2956.96
2963.3
2969.86
2976.63
2983.63
2990.88
2998.4
3006.19
3014.26
3022.62
3031.26
3040.19
3049.4
3058.89
3068.65
3078.68
3088.99
3099.58
3110.45
3121.61
3133.04
3144.75
3156.75
3169.03
3181.61
3194.48
3207.65
3221.11
3234.88
3248.94
3263.29
3277.95
3292.9
3308.15
3323.7
3339.56
3355.72
3372.2
3389
3406.11
3423.55
3441.31
3459.39
3477.82
3496.55
3515.63
3535.01
3554.71
3574.7
3595
3615.53
3636.33
3657.27
3678.32
3699.34
3720.22
3740.61
3760.19
3778.63
3795.35
3809
3817.79
3825.83
2790
2790
2790
2790
2790
2790
2790
2790
2790.02
2790.59
2796.19
2813.16
2832.13
2840.84
2843.22
2843.11
2842.93
2844.58
2847.03
2847.84
2847.56
2847.01
2846.82
2846.92
2847.24
2847.75
2848.35
2849.05
2849.86
2850.99
2852.99
2856.17
2859.85
2862.91
2865.08
2866.89
2868.84
2871.03
2873.39
2875.95
2878.77
2881.78
2884.92
2888.2
2891.64
2895.27
2899.13
2903.22
2907.56
2912.11
2916.85
2921.75
2926.8
2932
2937.35
2942.89
2948.63
2954.62
2960.84
2967.29
2973.95
2980.82
2987.93
2995.29
3002.92
3010.83
3019.02
3027.5
3036.27
3045.33
3054.67
3064.29
3074.19
3084.36
3094.81
3105.55
3116.57
3127.89
3139.48
3151.37
3163.55
3176.02
3188.79
3201.86
3215.24
3228.92
3242.91
3257.21
3271.81
3286.72
3301.94
3317.47
3333.31
3349.47
3365.95
3382.75
3399.88
3417.33
3435.11
3453.22
3471.65
3490.42
3509.49
3528.9
3548.57
3568.55
3588.75
3609.23
3629.84
3650.59
3671.34
3692.06
3712.33
3732.14
3751.07
3769.13
3784.75
3798.05
3808
3813.26
3816.16
2790
2790
2790
2790
2790
2790
2790
2790
2790.04
2791.05
2798.58
2817.05
2834.69
2841.67
2843.55
2843.65
2844.07
2846.43
2848.74
2849.23
2848.91
2848.47
2848.45
2848.71
2849.19
2849.74
2850.36
2851.08
2851.88
2853.04
2855.09
2858.24
2861.74
2864.61
2866.7
2868.54
2870.55
2872.8
2875.23
2877.85
2880.7
2883.73
2886.9
2890.22
2893.72
2897.44
2901.41
2905.63
2910.09
2914.77
2919.63
2924.64
2929.8
2935.09
2940.55
2946.19
2952.04
2958.13
2964.46
2971.01
2977.76
2984.73
2991.94
2999.41
3007.15
3015.18
3023.49
3032.09
3040.98
3050.15
3059.62
3069.37
3079.39
3089.7
3100.28
3111.16
3122.34
3133.8
3145.55
3157.6
3169.95
3182.6
3195.55
3208.82
3222.39
3236.28
3250.48
3265
3279.82
3294.96
3310.41
3326.18
3342.26
3358.67
3375.4
3392.45
3409.83
3427.55
3445.58
3463.93
3482.6
3501.58
3520.83
3540.38
3560.14
3580.14
3600.25
3620.51
3640.77
3661.03
3680.92
3700.52
3719.54
3737.96
3754.47
3769.25
3781.46
3790.85
3796.94
3798.68
3796.14
2790
2790
2790
2790
2790
2790
2790
2790
2790.09
2791.76
2801.48
2820.92
2836.92
2842.38
2843.81
2844.21
2845.38
2848.32
2850.36
2850.56
2850.22
2849.9
2849.98
2850.37
2850.87
2851.39
2851.98
2852.66
2853.44
2854.64
2856.75
2859.87
2863.22
2865.93
2867.97
2869.86
2871.96
2874.3
2876.82
2879.52
2882.43
2885.5
2888.7
2892.06
2895.63
2899.44
2903.51
2907.85
2912.43
2917.23
2922.2
2927.31
2932.57
2937.96
2943.51
2949.25
2955.21
2961.41
2967.83
2974.47
2981.31
2988.38
2995.68
3003.25
3011.1
3019.23
3027.65
3036.36
3045.37
3054.66
3064.24
3074.1
3084.25
3094.68
3105.39
3116.4
3127.71
3139.31
3151.21
3163.41
3175.92
3188.73
3201.85
3215.28
3229.03
3243.1
3257.49
3272.19
3287.21
3302.55
3318.21
3334.19
3350.48
3367.09
3384.03
3401.28
3418.84
3436.72
3454.89
3473.37
3492.11
3511.13
3530.36
3549.83
3569.41
3589.12
3608.85
3628.58
3648
3667.26
3686.16
3704.38
3721.29
3736.54
3750.15
3761.49
3770.59
3776.25
3779.12
3778.5
3772.71
2790
2790
2790
2790
2790
2790
2790
2790
2790.18
2792.79
2804.79
2824.58
2838.74
2843.06
2844.12
2844.85
2846.81
2850.08
2851.81
2851.83
2851.5
2851.27
2851.44
2851.84
2852.26
2852.68
2853.22
2853.84
2854.59
2855.83
2858.02
2861.13
2864.35
2866.92
2868.93
2870.88
2873.09
2875.55
2878.18
2880.99
2883.97
2887.08
2890.33
2893.74
2897.37
2901.27
2905.45
2909.9
2914.6
2919.5
2924.57
2929.79
2935.13
2940.62
2946.26
2952.09
2958.15
2964.44
2970.96
2977.68
2984.61
2991.76
2999.16
3006.83
3014.78
3023.02
3031.54
3040.36
3049.47
3058.87
3068.56
3078.54
3088.8
3099.34
3110.18
3121.31
3132.75
3144.48
3156.52
3168.86
3181.51
3194.47
3207.74
3221.34
3235.25
3249.48
3264.03
3278.9
3294.09
3309.59
3325.4
3341.53
3357.97
3374.73
3391.79
3409.17
3426.84
3444.8
3463.02
3481.49
3500.19
3519.09
3538.12
3557.26
3576.45
3595.6
3614.55
3633.35
3652.04
3669.96
3686.94
3702.49
3716.78
3729.41
3740.13
3748.48
3754.24
3757.31
3756.93
3754.15
3746.62
2790
2790
2790
2790
2790
2790
2790
2790.01
2790.35
2794.21
2808.38
2827.91
2840.18
2843.73
2844.56
2845.67
2848.33
2851.65
2853.06
2853
2852.68
2852.54
2852.74
2853.05
2853.34
2853.65
2854.11
2854.66
2855.4
2856.7
2858.98
2862.08
2865.17
2867.63
2869.63
2871.66
2873.99
2876.59
2879.36
2882.28
2885.34
2888.5
2891.79
2895.25
2898.96
2902.96
2907.24
2911.8
2916.6
2921.6
2926.77
2932.07
2937.5
2943.06
2948.79
2954.72
2960.87
2967.26
2973.86
2980.66
2987.67
2994.9
3002.39
3010.15
3018.2
3026.53
3035.16
3044.08
3053.29
3062.79
3072.58
3082.66
3093.03
3103.68
3114.63
3125.87
3137.43
3149.28
3161.44
3173.91
3186.69
3199.78
3213.19
3226.92
3240.97
3255.35
3270.04
3285.05
3300.37
3316
3331.94
3348.19
3364.74
3381.58
3398.7
3416.11
3433.77
3451.68
3469.8
3488.12
3506.58
3525.16
3543.82
3562.43
3580.93
3599.3
3617.62
3635.23
3652.1
3667.74
3682.43
3695.88
3707.77
3717.68
3725.54
3731
3734.24
3734.87
3731.82
3727.89
3719.44
2790
2790
2790
2790
2790
2790
2790
2790.02
2790.63
2796.02
2812.07
2830.84
2841.3
2844.31
2845.14
2846.67
2849.88
2853.04
2854.12
2854.03
2853.71
2853.61
2853.78
2853.96
2854.11
2854.33
2854.71
2855.2
2855.93
2857.31
2859.67
2862.76
2865.73
2868.09
2870.09
2872.22
2874.7
2877.46
2880.38
2883.41
2886.55
2889.76
2893.09
2896.62
2900.41
2904.5
2908.88
2913.54
2918.45
2923.54
2928.79
2934.17
2939.68
2945.32
2951.13
2957.15
2963.39
2969.86
2976.54
2983.42
2990.5
2997.81
3005.39
3013.24
3021.38
3029.81
3038.53
3047.54
3056.85
3066.45
3076.34
3086.51
3096.98
3107.73
3118.78
3130.14
3141.8
3153.77
3166.04
3178.63
3191.53
3204.74
3218.27
3232.12
3246.29
3260.78
3275.58
3290.69
3306.1
3321.82
3337.83
3354.13
3370.72
3387.58
3404.7
3422.06
3439.64
3457.41
3475.31
3493.32
3511.42
3529.49
3547.5
3565.43
3583.38
3600.67
3617.29
3632.96
3647.79
3661.72
3674.31
3685.29
3694.57
3701.88
3707.18
3710.33
3711.36
3709.95
3705.68
3700.58
3691.78
2790
2790
2790
2790
2790
2790
2790
2790.05
2791.06
2798.18
2815.71
2833.35
2842.2
2844.82
2845.87
2847.9
2851.44
2854.28
2854.98
2854.83
2854.48
2854.37
2854.49
2854.53
2854.58
2854.73
2855.04
2855.48
2856.23
2857.7
2860.15
2863.21
2866.07
2868.35
2870.39
2872.65
2875.29
2878.21
2881.26
2884.4
2887.6
2890.86
2894.25
2897.85
2901.73
2905.91
2910.39
2915.16
2920.15
2925.33
2930.66
2936.11
2941.69
2947.4
2953.29
2959.39
2965.72
2972.27
2979.02
2985.96
2993.12
3000.51
3008.17
3016.11
3024.33
3032.85
3041.66
3050.76
3060.16
3069.85
3079.82
3090.09
3100.64
3111.49
3122.64
3134.09
3145.85
3157.92
3170.29
3182.98
3195.98
3209.3
3222.93
3236.88
3251.14
3265.72
3280.61
3295.79
3311.27
3327.04
3343.08
3359.38
3375.93
3392.72
3409.72
3426.92
3444.27
3461.74
3479.31
3496.88
3514.41
3531.89
3549.4
3566.38
3582.71
3598.4
3613.39
3627.63
3640.71
3652.47
3662.76
3671.38
3678.22
3683.17
3686.19
3687.42
3686.48
3683.73
3678.75
3672.86
3663.97
2790
2790
2790
2790
2790
2790
2790
2790.09
2791.67
2800.64
2819.15
2835.43
2842.93
2845.3
2846.67
2849.27
2852.97
2855.33
2855.62
2855.36
2854.97
2854.83
2854.88
2854.82
2854.8
2854.9
2855.16
2855.57
2856.35
2857.9
2860.43
2863.47
2866.22
2868.47
2870.58
2872.97
2875.78
2878.84
2882.01
2885.24
2888.51
2891.83
2895.28
2898.96
2902.93
2907.21
2911.79
2916.64
2921.71
2926.97
2932.37
2937.89
2943.53
2949.32
2955.29
2961.47
2967.88
2974.49
2981.31
2988.32
2995.54
3003.01
3010.75
3018.77
3027.08
3035.68
3044.58
3053.76
3063.24
3073.01
3083.07
3093.42
3104.06
3114.99
3126.23
3137.78
3149.63
3161.79
3174.25
3187.03
3200.12
3213.52
3227.24
3241.26
3255.59
3270.23
3285.16
3300.37
3315.86
3331.62
3347.63
3363.87
3380.33
3397
3413.82
3430.76
3447.79
3464.85
3481.9
3498.94
3516.04
3532.7
3548.8
3564.35
3579.3
3593.6
3606.93
3619.17
3630.16
3639.77
3647.85
3654.26
3659
3661.89
3663.24
3662.89
3660.51
3656.99
3651.59
3645.3
3636.37
2790
2790
2790
2790
2790
2790
2790
2790.17
2792.47
2803.29
2822.32
2837.17
2843.56
2845.83
2847.58
2850.7
2854.31
2856.1
2856.04
2855.63
2855.21
2855.04
2855.03
2854.91
2854.84
2854.88
2855.07
2855.45
2856.28
2857.95
2860.58
2863.59
2866.28
2868.52
2870.71
2873.24
2876.18
2879.37
2882.65
2885.96
2889.29
2892.68
2896.21
2899.97
2904.03
2908.4
2913.07
2918.01
2923.16
2928.49
2933.95
2939.53
2945.23
2951.09
2957.13
2963.39
2969.87
2976.55
2983.43
2990.5
2997.79
3005.33
3013.14
3021.24
3029.63
3038.32
3047.29
3056.55
3066.11
3075.96
3086.09
3096.52
3107.23
3118.25
3129.56
3141.19
3153.12
3165.35
3177.9
3190.75
3203.91
3217.37
3231.15
3245.22
3259.6
3274.27
3289.22
3304.43
3319.89
3335.59
3351.49
3367.59
3383.87
3400.28
3416.8
3433.36
3449.95
3466.55
3483.23
3499.55
3515.35
3530.74
3545.67
3560.08
3573.68
3586.32
3597.88
3608.24
3617.23
3624.78
3630.77
3635.18
3637.93
3639.23
3639
3637.21
3633.96
3629.69
3624.06
3617.55
3608.68
2790
2790
2790
2790
2790
2790
2790.01
2790.28
2793.48
2806.04
2825.16
2838.6
2844.14
2846.41
2848.59
2852.11
2855.36
2856.57
2856.26
2855.72
2855.3
2855.09
2855
2854.78
2854.61
2854.57
2854.68
2855.07
2856.02
2857.89
2860.63
2863.64
2866.3
2868.55
2870.8
2873.44
2876.51
2879.8
2883.18
2886.58
2889.98
2893.44
2897.04
2900.89
2905.03
2909.49
2914.25
2919.27
2924.49
2929.88
2935.41
2941.04
2946.81
2952.72
2958.84
2965.17
2971.72
2978.46
2985.39
2992.52
2999.88
3007.49
3015.38
3023.55
3032.02
3040.77
3049.82
3059.16
3068.79
3078.71
3088.92
3099.41
3110.2
3121.28
3132.67
3144.37
3156.37
3168.67
3181.28
3194.19
3207.4
3220.91
3234.72
3248.82
3263.2
3277.86
3292.77
3307.93
3323.31
3338.9
3354.65
3370.56
3386.59
3402.68
3418.77
3434.9
3451.18
3467.17
3482.74
3497.93
3512.73
3527.06
3540.67
3553.47
3565.36
3576.22
3585.92
3594.35
3601.42
3607.05
3611.25
3613.88
3615.26
3615.23
3613.6
3611.09
3607.18
3602.46
3596.75
3590.2
3581.42
2790
2790
2790
2790.02
2790.45
2794.7
2808.84
2827.71
2839.82
2844.73
2847.07
2849.64
2853.36
2856.08
2856.74
2856.31
2855.73
2855.28
2854.95
2854.66
2854.26
2853.99
2853.96
2854.14
2854.65
2855.76
2857.79
2860.65
2863.66
2866.27
2868.52
2870.85
2873.59
2876.76
2880.16
2883.64
2887.11
2890.59
2894.12
2897.8
2901.73
2905.97
2910.51
2915.35
2920.45
2925.74
2931.19
2936.76
2942.45
2948.27
2954.25
2960.43
2966.83
2973.44
2980.24
2987.23
2994.41
3001.83
3009.51
3017.47
3025.72
3034.26
3043.08
3052.2
3061.6
3071.3
3081.28
3091.55
3102.11
3112.96
3124.11
3135.56
3147.31
3159.37
3171.73
3184.38
3197.33
3210.58
3224.11
3237.93
3252.02
3266.39
3281.01
3295.86
3310.92
3326.16
3341.55
3357.06
3372.67
3388.34
3404
3419.72
3435.41
3450.68
3465.65
3480.29
3494.6
3508.32
3521.37
3533.63
3544.99
3555.31
3564.48
3572.41
3579.02
3584.24
3588.1
3590.53
3591.72
3591.68
3590.2
3587.71
3584.41
3579.99
3574.88
3569.07
3562.49
3553.71
2853.27
2853.58
2854.22
2855.5
2857.68
2860.6
2863.6
2866.17
2868.43
2870.83
2873.67
2876.96
2880.47
2884.04
2887.6
2891.14
2894.74
2898.51
2902.52
2906.85
2911.48
2916.4
2921.56
2926.92
2932.42
2938.05
2943.79
2949.66
2955.7
2961.95
2968.42
2975.08
2981.93
2988.97
2996.21
3003.69
3011.44
3019.47
3027.78
3036.38
3045.27
3054.46
3063.92
3073.68
3083.73
3094.05
3104.67
3115.58
3126.78
3138.29
3150.1
3162.2
3174.6
3187.29
3200.27
3213.53
3227.06
3240.86
3254.92
3269.23
3283.76
3298.5
3313.42
3328.49
3343.66
3358.91
3374.21
3389.49
3404.71
3419.87
3434.6
3449.08
3463.24
3476.86
3489.87
3502.19
3513.72
3524.35
3533.99
3542.54
3549.93
3556.1
3561
3564.63
3566.94
3568.16
3568.19
3566.88
3564.73
3561.52
3557.69
3552.94
3547.58
3541.7
3535.14
3526.39
2852.51
2852.93
2853.71
2855.15
2857.49
2860.48
2863.45
2865.98
2868.25
2870.73
2873.71
2877.12
2880.74
2884.4
2888.03
2891.65
2895.33
2899.18
2903.28
2907.7
2912.41
2917.41
2922.64
2928.06
2933.61
2939.29
2945.07
2951
2957.11
2963.42
2969.94
2976.66
2983.56
2990.64
2997.94
3005.48
3013.29
3021.38
3029.76
3038.43
3047.38
3056.62
3066.14
3075.95
3086.05
3096.43
3107.09
3118.05
3129.3
3140.85
3152.7
3164.84
3177.26
3189.97
3202.96
3216.22
3229.73
3243.49
3257.5
3271.72
3286.14
3300.72
3315.41
3330.22
3345.1
3360.18
3375.26
3390.24
3405.04
3419.46
3433.53
3447.21
3460.41
3473.03
3484.97
3496.08
3506.28
3515.45
3523.53
3530.45
3536.15
3540.58
3543.79
3545.74
3546.59
3546.35
3544.89
3542.54
3539.43
3535.46
3531.03
3525.89
3520.29
3514.31
3507.74
3498.84
2851.53
2852.07
2853.01
2854.65
2857.16
2860.22
2863.17
2865.68
2868
2870.59
2873.72
2877.26
2880.99
2884.76
2888.48
2892.18
2895.95
2899.89
2904.1
2908.61
2913.42
2918.5
2923.8
2929.27
2934.87
2940.59
2946.42
2952.41
2958.57
2964.94
2971.52
2978.28
2985.22
2992.35
2999.69
3007.28
3015.14
3023.29
3031.72
3040.43
3049.43
3058.7
3068.27
3078.11
3088.23
3098.64
3109.33
3120.3
3131.57
3143.13
3154.98
3167.11
3179.52
3192.2
3205.15
3218.35
3231.79
3245.45
3259.32
3273.4
3287.63
3301.98
3316.41
3330.96
3345.55
3359.97
3374.24
3388.38
3402.3
3415.96
3429.26
3442.06
3454.28
3465.84
3476.63
3486.56
3495.54
3503.51
3510.38
3516.13
3520.72
3524.13
3526.39
3527.55
3527.69
3526.67
3524.8
3522.01
3518.64
3514.45
3509.8
3504.54
3498.78
3492.74
3486.14
3478.13
2850.25
2850.95
2852.08
2853.96
2856.66
2859.8
2862.73
2865.23
2867.63
2870.36
2873.63
2877.32
2881.17
2885.03
2888.84
2892.63
2896.49
2900.53
2904.84
2909.44
2914.33
2919.48
2924.84
2930.35
2935.99
2941.73
2947.6
2953.61
2959.82
2966.23
2972.83
2979.6
2986.55
2993.69
3001.04
3008.65
3016.52
3024.67
3033.1
3041.81
3050.79
3060.05
3069.59
3079.4
3089.48
3099.84
3110.47
3121.38
3132.58
3144.07
3155.83
3167.86
3180.16
3192.72
3205.53
3218.58
3231.85
3245.35
3259.05
3272.88
3286.87
3300.92
3315.06
3329.21
3343.34
3357.4
3371.38
3385.15
3398.63
3411.76
3424.48
3436.67
3448.25
3459.14
3469.26
3478.51
3486.82
3494.12
3500.37
3505.51
3509.56
3512.49
3514.33
3515.19
3515.03
3513.81
3511.85
3509
3505.62
3501.49
3496.92
3491.87
3486.4
3480.76
3474.64
3466.76
2848.81
2849.68
2851.06
2853.19
2856.08
2859.28
2862.21
2864.74
2867.24
2870.13
2873.56
2877.37
2881.33
2885.28
2889.18
2893.07
2897.04
2901.19
2905.6
2910.31
2915.29
2920.51
2925.92
2931.48
2937.15
2942.93
2948.84
2954.9
2961.15
2967.6
2974.23
2981.03
2987.99
2995.15
3002.53
3010.16
3018.06
3026.23
3034.67
3043.39
3052.37
3061.62
3071.15
3080.94
3091
3101.32
3111.92
3122.79
3133.94
3145.36
3157.04
3168.99
3181.19
3193.63
3206.3
3219.2
3232.34
3245.72
3259.24
3272.87
3286.54
3300.32
3314.15
3327.97
3341.73
3355.36
3368.8
3382
3394.91
3407.44
3419.52
3431.04
3441.93
3452.1
3461.49
3470.02
3477.61
3484.21
3489.79
3494.3
3497.76
3500.17
3501.53
3502.02
3501.46
3500
3497.82
3494.82
3491.34
3487.19
3482.61
3477.61
3472.2
3466.51
3460.24
3451.94
2847.26
2848.33
2849.96
2852.34
2855.41
2858.67
2861.6
2864.18
2866.8
2869.85
2873.44
2877.39
2881.43
2885.48
2889.47
2893.45
2897.52
2901.78
2906.3
2911.1
2916.16
2921.45
2926.91
2932.5
2938.2
2944.01
2949.95
2956.05
2962.34
2968.82
2975.47
2982.28
2989.26
2996.43
3003.83
3011.48
3019.39
3027.57
3036.01
3044.72
3053.69
3062.93
3072.42
3082.18
3092.21
3102.49
3113.04
3123.85
3134.93
3146.28
3157.89
3169.73
3181.82
3194.15
3206.69
3219.48
3232.47
3245.53
3258.73
3272.05
3285.5
3299
3312.5
3325.96
3339.33
3352.54
3365.53
3378.25
3390.62
3402.57
3414.04
3424.92
3435.15
3444.65
3453.35
3461.18
3468.1
3474.05
3479.01
3482.95
3485.88
3487.83
3488.8
3488.96
3488.06
3486.44
3484.12
3481.04
3477.54
3473.43
3468.9
3464
3458.72
3453.21
3447.24
3439.68
2846.92
2848.8
2851.44
2854.67
2857.98
2860.94
2863.58
2866.33
2869.55
2873.28
2877.34
2881.49
2885.63
2889.71
2893.79
2897.97
2902.34
2906.97
2911.86
2917
2922.34
2927.85
2933.47
2939.21
2945.04
2951.02
2957.16
2963.48
2969.99
2976.65
2983.48
2990.46
2997.65
3005.07
3012.73
3020.66
3028.84
3037.28
3045.98
3054.93
3064.15
3073.62
3083.34
3093.32
3103.55
3114.04
3124.79
3135.8
3147.06
3158.57
3170.31
3182.28
3194.48
3206.94
3219.55
3232.25
3245.13
3258.16
3271.26
3284.4
3297.56
3310.7
3323.76
3336.7
3349.45
3361.94
3374.14
3385.94
3397.31
3408.15
3418.4
3427.97
3436.8
3444.83
3452
3458.27
3463.6
3467.98
3471.37
3473.81
3475.32
3475.94
3475.75
3474.6
3472.77
3470.32
3467.16
3463.6
3459.5
3454.99
3450.15
3444.97
3439.56
3433.68
3425.91
2845.48
2847.62
2850.49
2853.87
2857.23
2860.21
2862.94
2865.85
2869.23
2873.1
2877.27
2881.52
2885.73
2889.9
2894.09
2898.37
2902.86
2907.58
2912.57
2917.78
2923.17
2928.72
2934.37
2940.13
2946
2952
2958.18
2964.53
2971.05
2977.73
2984.56
2991.56
2998.76
3006.19
3013.86
3021.79
3029.97
3038.4
3047.09
3056.02
3065.2
3074.63
3084.32
3094.24
3104.42
3114.85
3125.53
3136.45
3147.62
3159.03
3170.66
3182.54
3194.63
3206.85
3219.2
3231.74
3244.4
3257.14
3269.96
3282.81
3295.65
3308.43
3321.11
3333.62
3345.91
3357.92
3369.59
3380.84
3391.62
3401.86
3411.48
3420.41
3428.6
3435.98
3442.52
3448.17
3452.92
3456.74
3459.63
3461.62
3462.72
3463.01
3462.47
3461.13
3459.11
3456.54
3453.3
3449.7
3445.63
3441.14
3436.38
3431.3
3426.01
3420.28
3412.82
2846.41
2849.5
2853.01
2856.41
2859.44
2862.29
2865.35
2868.9
2872.9
2877.17
2881.5
2885.79
2890.06
2894.34
2898.74
2903.33
2908.16
2913.23
2918.5
2923.95
2929.52
2935.21
2940.99
2946.88
2952.92
2959.12
2965.5
2972.04
2978.72
2985.56
2992.56
2999.77
3007.21
3014.89
3022.82
3031
3039.41
3048.08
3056.98
3066.13
3075.52
3085.15
3095.02
3105.14
3115.49
3126.09
3136.93
3148
3159.3
3170.86
3182.59
3194.43
3206.46
3218.67
3231
3243.42
3255.91
3268.44
3280.97
3293.46
3305.86
3318.12
3330.19
3342
3353.51
3364.65
3375.35
3385.54
3395.17
3404.17
3412.48
3420.04
3426.8
3432.73
3437.8
3441.99
3445.29
3447.71
3449.26
3450.02
3450
3449.13
3447.62
3445.42
3442.75
3439.45
3435.82
3431.76
3427.31
3422.61
3417.63
3412.45
3406.85
3399.47
2845.19
2848.49
2852.1
2855.55
2858.65
2861.61
2864.85
2868.56
2872.68
2877.03
2881.44
2885.83
2890.18
2894.57
2899.07
2903.77
2908.69
2913.84
2919.17
2924.66
2930.27
2935.97
2941.78
2947.7
2953.76
2960
2966.39
2972.94
2979.62
2986.46
2993.47
3000.69
3008.13
3015.82
3023.74
3031.9
3040.3
3048.93
3057.8
3066.91
3076.25
3085.82
3095.63
3105.67
3115.95
3126.47
3137.21
3148.21
3159.42
3170.76
3182.28
3194
3205.87
3217.85
3229.95
3242.12
3254.33
3266.56
3278.76
3290.9
3302.91
3314.75
3326.38
3337.72
3348.72
3359.33
3369.47
3379.09
3388.13
3396.53
3404.23
3411.18
3417.35
3422.7
3427.21
3430.88
3433.69
3435.67
3436.82
3437.27
3436.9
3435.8
3434.11
3431.74
3428.97
3425.63
3421.96
3417.93
3413.51
3408.87
3403.99
3398.92
3393.44
3386.23
2847.46
2851.16
2854.65
2857.83
2860.94
2864.34
2868.2
2872.44
2876.86
2881.34
2885.82
2890.27
2894.76
2899.38
2904.18
2909.19
2914.4
2919.79
2925.31
2930.95
2936.67
2942.5
2948.44
2954.54
2960.79
2967.2
2973.75
2980.44
2987.27
2994.29
3001.52
3008.96
3016.64
3024.55
3032.69
3041.07
3049.67
3058.49
3067.55
3076.84
3086.35
3096.09
3106.06
3116.25
3126.68
3137.37
3148.23
3159.23
3170.43
3181.83
3193.36
3205.02
3216.79
3228.65
3240.56
3252.48
3264.4
3276.26
3288.02
3299.63
3311.05
3322.22
3333.08
3343.57
3353.65
3363.24
3372.29
3380.74
3388.55
3395.66
3402.03
3407.62
3412.42
3416.41
3419.57
3421.93
3423.5
3424.3
3424.43
3423.74
3422.46
3420.59
3418.09
3415.23
3411.86
3408.17
3404.15
3399.78
3395.22
3390.43
3385.47
3380.11
3373.03
2846.4
2850.18
2853.73
2857
2860.26
2863.84
2867.84
2872.17
2876.67
2881.22
2885.78
2890.34
2894.94
2899.66
2904.55
2909.64
2914.92
2920.35
2925.91
2931.57
2937.31
2943.16
2949.13
2955.24
2961.51
2967.93
2974.48
2981.16
2988
2995.02
3002.25
3009.69
3017.36
3025.25
3033.37
3041.71
3050.27
3059.05
3068.05
3077.28
3086.72
3096.39
3106.28
3116.41
3126.76
3137.26
3147.95
3158.86
3169.92
3181.13
3192.47
3203.92
3215.47
3227.07
3238.7
3250.33
3261.92
3273.43
3284.81
3296.02
3307.01
3317.72
3328.09
3338.08
3347.63
3356.68
3365.17
3373.05
3380.28
3386.82
3392.63
3397.68
3401.95
3405.44
3408.14
3410.08
3411.26
3411.74
3411.56
3410.61
3409.12
3407.1
3404.48
3401.55
3398.14
3394.43
3390.44
3386.12
3381.61
3376.92
3372.07
3366.84
3359.92
3017.98
3025.85
3033.94
3042.24
3050.76
3059.49
3068.43
3077.59
3086.96
3096.56
3106.4
3116.42
3126.59
3136.98
3147.56
3158.31
3169.2
3180.22
3191.36
3202.6
3213.9
3225.24
3236.59
3247.91
3259.16
3270.31
3281.31
3292.1
3302.65
3312.9
3322.79
3332.27
3341.29
3349.79
3357.73
3365.06
3371.73
3377.72
3382.99
3387.52
3391.29
3394.31
3396.58
3398.11
3398.95
3399.13
3398.63
3397.49
3395.81
3393.65
3390.94
3387.94
3384.51
3380.79
3376.83
3372.57
3368.14
3363.55
3358.81
3353.71
3346.95
3018.5
3026.35
3034.4
3042.66
3051.12
3059.79
3068.67
3077.77
3087.09
3096.61
3106.28
3116.16
3126.26
3136.53
3146.96
3157.54
3168.26
3179.09
3190.03
3201.03
3212.08
3223.15
3234.2
3245.2
3256.12
3266.9
3277.5
3287.88
3297.99
3307.77
3317.17
3326.15
3334.65
3342.63
3350.03
3356.82
3362.96
3368.41
3373.17
3377.2
3380.5
3383.08
3384.94
3386.1
3386.64
3386.51
3385.73
3384.41
3382.55
3380.27
3377.47
3374.41
3370.97
3367.25
3363.33
3359.12
3354.76
3350.27
3345.64
3340.67
3334.08
3018.93
3026.75
3034.76
3042.97
3051.38
3059.98
3068.81
3077.85
3087.07
3096.45
3106.04
3115.83
3125.79
3135.91
3146.19
3156.6
3167.13
3177.76
3188.48
3199.24
3210.03
3220.82
3231.56
3242.24
3252.8
3263.21
3273.41
3283.37
3293.03
3302.35
3311.27
3319.75
3327.73
3335.19
3342.06
3348.33
3353.94
3358.89
3363.15
3366.71
3369.57
3371.73
3373.22
3374.03
3374.28
3373.85
3372.87
3371.36
3369.35
3366.97
3364.09
3360.99
3357.55
3353.84
3349.95
3345.81
3341.54
3337.15
3332.65
3327.82
3321.38
3019.27
3027.04
3035.01
3043.16
3051.52
3060.08
3068.84
3077.74
3086.85
3096.16
3105.65
3115.3
3125.13
3135.11
3145.23
3155.47
3165.8
3176.22
3186.71
3197.22
3207.74
3218.24
3228.68
3239.02
3249.22
3259.25
3269.05
3278.59
3287.8
3296.66
3305.1
3313.08
3320.57
3327.52
3333.88
3339.64
3344.75
3349.22
3353.01
3356.12
3358.56
3360.33
3361.46
3361.98
3361.95
3361.22
3360.06
3358.39
3356.23
3353.76
3350.83
3347.69
3344.26
3340.56
3336.71
3332.64
3328.45
3324.17
3319.77
3315.05
3308.75
3019.52
3027.25
3035.16
3043.28
3051.59
3060.05
3068.69
3077.53
3086.56
3095.76
3105.12
3114.65
3124.33
3134.16
3144.1
3154.15
3164.29
3174.49
3184.74
3195
3205.24
3215.44
3225.56
3235.56
3245.4
3255.04
3264.43
3273.54
3282.31
3290.7
3298.67
3306.17
3313.16
3319.61
3325.48
3330.74
3335.38
3339.38
3342.72
3345.41
3347.45
3348.87
3349.67
3349.91
3349.58
3348.65
3347.3
3345.49
3343.21
3340.66
3337.7
3334.53
3331.11
3327.44
3323.64
3319.64
3315.54
3311.36
3307.09
3302.52
3296.45
3019.68
3027.36
3035.24
3043.29
3051.49
3059.87
3068.45
3077.2
3086.11
3095.2
3104.44
3113.84
3123.37
3133.03
3142.8
3152.66
3162.59
3172.56
3182.56
3192.55
3202.51
3212.41
3222.2
3231.85
3241.33
3250.58
3259.57
3268.25
3276.58
3284.52
3292.02
3299.04
3305.55
3311.52
3316.91
3321.7
3325.88
3329.43
3332.35
3334.64
3336.31
3337.38
3337.9
3337.88
3337.26
3336.16
3334.63
3332.7
3330.3
3327.69
3324.69
3321.5
3318.1
3314.46
3310.72
3306.8
3302.79
3298.72
3294.58
3290.16
3284.25
3019.77
3027.42
3035.22
3043.17
3051.31
3059.63
3068.1
3076.75
3085.56
3094.53
3103.64
3112.89
3122.27
3131.76
3141.34
3151
3160.71
3170.45
3180.2
3189.92
3199.59
3209.17
3218.63
3227.93
3237.04
3245.9
3254.48
3262.73
3270.62
3278.1
3285.14
3291.7
3297.73
3303.23
3308.16
3312.5
3316.23
3319.36
3321.88
3323.8
3325.13
3325.88
3326.13
3325.83
3325
3323.73
3322.04
3320
3317.52
3314.85
3311.84
3308.64
3305.27
3301.67
3297.98
3294.15
3290.24
3286.28
3282.26
3277.95
3272.19
3019.78
3027.34
3035.06
3042.96
3051.02
3059.25
3067.64
3076.18
3084.88
3093.72
3102.7
3111.8
3121.02
3130.33
3139.72
3149.17
3158.65
3168.15
3177.64
3187.08
3196.45
3205.72
3214.85
3223.79
3232.52
3240.99
3249.17
3257
3264.45
3271.49
3278.08
3284.17
3289.76
3294.8
3299.28
3303.18
3306.5
3309.23
3311.37
3312.93
3313.93
3314.42
3314.42
3313.82
3312.83
3311.39
3309.57
3307.42
3304.87
3302.15
3299.14
3295.93
3292.58
3289.03
3285.41
3281.66
3277.85
3274
3270.1
3265.94
3260.39
3019.68
3027.19
3034.86
3042.68
3050.66
3058.79
3067.08
3075.52
3084.09
3092.8
3101.63
3110.58
3119.63
3128.76
3137.95
3147.18
3156.44
3165.69
3174.91
3184.07
3193.14
3202.08
3210.87
3219.45
3227.81
3235.89
3243.65
3251.06
3258.09
3264.68
3270.82
3276.48
3281.61
3286.21
3290.26
3293.75
3296.67
3299.02
3300.8
3302.04
3302.74
3302.97
3302.69
3301.89
3300.72
3299.14
3297.19
3294.96
3292.35
3289.6
3286.59
3283.39
3280.08
3276.59
3273.03
3269.37
3265.66
3261.92
3258.15
3254.13
3248.77
3019.52
3026.96
3034.55
3042.29
3050.19
3058.23
3066.41
3074.73
3083.18
3091.76
3100.44
3109.23
3118.1
3127.04
3136.02
3145.04
3154.05
3163.05
3172
3180.87
3189.63
3198.25
3206.69
3214.92
3222.9
3230.59
3237.95
3244.94
3251.54
3257.71
3263.42
3268.64
3273.34
3277.52
3281.16
3284.25
3286.79
3288.78
3290.22
3291.15
3291.59
3291.57
3291.02
3290.05
3288.72
3287.01
3284.94
3282.64
3279.98
3277.21
3274.2
3271.01
3267.74
3264.3
3260.81
3257.24
3253.62
3250
3246.34
3242.45
3237.26
3019.29
3026.66
3034.18
3041.84
3049.64
3057.58
3065.65
3073.86
3082.18
3090.61
3099.14
3107.75
3116.44
3125.18
3133.96
3142.74
3151.52
3160.25
3168.93
3177.5
3185.95
3194.24
3202.34
3210.21
3217.81
3225.11
3232.06
3238.65
3244.83
3250.58
3255.86
3260.65
3264.95
3268.72
3271.96
3274.67
3276.84
3278.49
3279.62
3280.26
3280.46
3280.17
3279.42
3278.28
3276.81
3274.99
3272.82
3270.46
3267.77
3264.97
3261.98
3258.81
3255.58
3252.21
3248.78
3245.3
3241.78
3238.27
3234.72
3230.96
3225.92
3018.97
3026.28
3033.72
3041.29
3049
3056.84
3064.8
3072.87
3081.06
3089.34
3097.71
3106.15
3114.65
3123.19
3131.75
3140.3
3148.83
3157.3
3165.69
3173.97
3182.1
3190.07
3197.82
3205.32
3212.55
3219.46
3226.02
3232.21
3237.98
3243.31
3248.18
3252.57
3256.46
3259.84
3262.7
3265.05
3266.88
3268.21
3269.04
3269.43
3269.38
3268.83
3267.92
3266.62
3265.01
3263.09
3260.83
3258.41
3255.7
3252.89
3249.91
3246.77
3243.57
3240.26
3236.91
3233.51
3230.08
3226.67
3223.24
3219.6
3214.75
3018.61
3025.84
3033.19
3040.68
3048.28
3056.01
3063.85
3071.8
3079.84
3087.97
3096.17
3104.44
3112.75
3121.08
3129.42
3137.73
3146
3154.21
3162.31
3170.29
3178.11
3185.73
3193.13
3200.28
3207.13
3213.66
3219.83
3225.61
3230.98
3235.91
3240.38
3244.37
3247.87
3250.87
3253.37
3255.38
3256.88
3257.91
3258.47
3258.62
3258.32
3257.57
3256.5
3255.05
3253.32
3251.31
3248.97
3246.51
3243.79
3240.97
3238.01
3234.89
3231.75
3228.5
3225.21
3221.9
3218.57
3215.27
3211.94
3208.41
3203.71
3018.17
3025.32
3032.59
3039.98
3047.48
3055.1
3062.82
3070.63
3078.53
3086.5
3094.53
3102.61
3110.72
3118.84
3126.95
3135.02
3143.04
3150.97
3158.78
3166.45
3173.95
3181.25
3188.3
3195.09
3201.57
3207.72
3213.5
3218.9
3223.87
3228.41
3232.49
3236.1
3239.23
3241.87
3244.03
3245.7
3246.9
3247.64
3247.96
3247.87
3247.32
3246.41
3245.17
3243.6
3241.75
3239.66
3237.25
3234.75
3232.02
3229.19
3226.26
3223.17
3220.06
3216.88
3213.66
3210.43
3207.19
3203.97
3200.74
3197.31
3192.74
3017.67
3024.74
3031.93
3039.22
3046.62
3054.11
3061.7
3069.38
3077.12
3084.93
3092.79
3100.68
3108.59
3116.49
3124.37
3132.19
3139.95
3147.6
3155.12
3162.49
3169.67
3176.62
3183.33
3189.76
3195.88
3201.65
3207.05
3212.06
3216.65
3220.8
3224.5
3227.74
3230.51
3232.81
3234.63
3235.99
3236.9
3237.39
3237.48
3237.13
3236.4
3235.31
3233.94
3232.24
3230.3
3228.13
3225.67
3223.14
3220.41
3217.58
3214.66
3211.61
3208.55
3205.43
3202.27
3199.12
3195.96
3192.84
3189.71
3186.4
3182.01
3017.11
3024.1
3031.19
3038.38
3045.67
3053.05
3060.51
3068.04
3075.63
3083.27
3090.94
3098.64
3106.34
3114.02
3121.66
3129.24
3136.73
3144.1
3151.33
3158.39
3165.24
3171.87
3178.23
3184.31
3190.06
3195.46
3200.49
3205.12
3209.34
3213.12
3216.46
3219.34
3221.77
3223.73
3225.24
3226.31
3226.95
3227.2
3227.05
3226.47
3225.57
3224.32
3222.81
3221.01
3218.97
3216.74
3214.23
3211.67
3208.93
3206.1
3203.21
3200.19
3197.16
3194.1
3191.01
3187.92
3184.85
3181.81
3178.78
3175.56
3171.3
3016.5
3023.41
3030.4
3037.49
3044.66
3051.91
3059.24
3066.62
3074.05
3081.52
3089.01
3096.51
3104
3111.45
3118.85
3126.18
3133.4
3140.49
3147.42
3154.17
3160.71
3167
3173.02
3178.74
3184.13
3189.17
3193.83
3198.09
3201.94
3205.36
3208.34
3210.88
3212.98
3214.63
3215.84
3216.62
3217.02
3217.04
3216.63
3215.88
3214.81
3213.42
3211.78
3209.89
3207.76
3205.47
3202.92
3200.34
3197.61
3194.77
3191.9
3188.92
3185.94
3182.93
3179.89
3176.88
3173.88
3170.92
3167.96
3164.82
3160.67
3205.38
3204.15
3202.63
3200.88
3198.89
3196.67
3194.33
3191.75
3189.14
3186.41
3183.58
3180.72
3177.77
3174.82
3171.86
3168.88
3165.93
3162.99
3160.1
3157.22
3154.16
3150.13
3172.52
3169.69
3166.77
3163.85
3160.94
3158.01
3155.11
3152.24
3149.41
3146.59
3143.6
3139.66
2969.5
2942.11
2946.55
2948.04
2941.01
2920.18
2889.58
2858.82
2832.3
2810.92
2795.97
2787.97
2783.52
2779.4
2773.84
2765.87
2755.55
2744.78
2734.95
2726.4
2718.81
2711.86
2705.43
2699.2
2693.14
2687.25
2681.5
2675.84
2670.2
2664.56
2658.9
2653.22
2647.57
2641.95
2636.36
2630.75
2625.1
2619.37
2613.54
2607.61
2601.6
2595.51
2589.34
2583.09
2576.76
2570.34
2563.84
2557.27
2550.6
2543.84
2536.94
2529.9
2522.69
2515.29
2507.65
2499.76
2491.56
2483.01
2474.1
2464.75
2454.93
2444.55
2433.57
2421.97
2409.69
2396.65
2382.76
2367.93
2352.05
2335.08
2317.04
2297.96
2277.73
2256.15
2233.05
2208.33
2181.99
2154.06
2124.52
2093.37
2060.47
2026.13
1989.43
1951.02
1911.36
1870.35
1827.81
1783.96
1738.85
1694.3
1649.81
1603.49
1556.02
1508.31
1463.05
1419.45
1375.84
1333.33
1292.54
1252.83
1216.52
1183.72
1152.94
1124.35
1097.21
1071.43
1048.32
1027.58
1009.35
992.432
977.311
962.616
949.06
937.265
926.243
915.944
905.61
895.364
886.267
878.145
865.968
2895.87
2905.51
2920.84
2927.94
2925.92
2911.65
2884.2
2852.98
2824.81
2801.1
2783.08
2772.22
2766.68
2763.14
2759.67
2754.84
2747.53
2738.91
2730.55
2723.24
2716.99
2711.32
2705.72
2700.1
2694.61
2689.24
2683.93
2678.65
2673.37
2668.05
2662.68
2657.3
2651.92
2646.57
2641.25
2635.91
2630.52
2625.06
2619.52
2613.89
2608.17
2602.39
2596.54
2590.62
2584.62
2578.54
2572.38
2566.15
2559.84
2553.43
2546.9
2540.23
2533.4
2526.38
2519.15
2511.67
2503.9
2495.8
2487.35
2478.48
2469.16
2459.31
2448.88
2437.83
2426.14
2413.72
2400.48
2386.28
2371.06
2354.87
2337.71
2319.44
2299.87
2278.81
2256.22
2232.09
2206.44
2179.31
2150.65
2120.42
2088.42
2054.86
2019.84
1982.27
1943.21
1903.1
1861.06
1817.77
1773.26
1727.47
1680.44
1632.43
1585.27
1539.23
1493.24
1446.77
1401.23
1357.43
1316.53
1276.49
1237.16
1201
1167.98
1137.67
1108.25
1080.32
1054.91
1032.15
1012.44
994.558
978.993
964.786
951.435
938.91
926.945
915.796
905.732
896.323
887.64
879.163
866.622
2823.35
2851.64
2875.8
2891.13
2896.28
2890.77
2869.61
2840.77
2812.93
2788.34
2768.68
2756.08
2750.11
2747.69
2746.4
2744.75
2740.79
2734.68
2727.87
2721.59
2716.34
2711.46
2706.43
2701.39
2696.4
2691.46
2686.54
2681.61
2676.65
2671.64
2666.58
2661.47
2656.37
2651.3
2646.24
2641.17
2636.05
2630.86
2625.59
2620.24
2614.82
2609.34
2603.8
2598.2
2592.52
2586.77
2580.94
2575.05
2569.08
2563.02
2556.85
2550.55
2544.1
2537.46
2530.63
2523.56
2516.22
2508.56
2500.56
2492.17
2483.35
2474.02
2464.13
2453.65
2442.54
2430.73
2418.12
2404.6
2390.13
2374.69
2358.18
2340.49
2321.56
2301.33
2279.78
2256.81
2232.32
2206.24
2178.52
2149.15
2117.95
2085.07
2050.21
2013.68
1974.67
1934.22
1892.74
1849.31
1804.24
1757.34
1710.8
1665.09
1618.51
1570.1
1521.35
1473.74
1428.42
1384.61
1341.15
1298.73
1258.39
1220.39
1185.08
1153.24
1123.25
1095.4
1069.92
1046.02
1024.62
1004.07
985.527
968.992
953.815
939.708
927.432
917.065
908.408
900.158
891.801
882.987
868.952
2794.51
2808.49
2827.85
2845.56
2855.63
2856.84
2844.76
2821.22
2796.04
2773.29
2754.7
2742.15
2736.41
2735.15
2735.67
2736.35
2735.1
2731.59
2726.45
2721.1
2716.38
2711.98
2707.57
2703.04
2698.46
2693.88
2689.3
2684.7
2680.06
2675.34
2670.56
2665.73
2660.9
2656.09
2651.3
2646.49
2641.64
2636.72
2631.72
2626.65
2621.52
2616.33
2611.09
2605.8
2600.44
2595.01
2589.52
2583.96
2578.33
2572.62
2566.8
2560.86
2554.78
2548.53
2542.08
2535.42
2528.5
2521.28
2513.73
2505.81
2497.49
2488.68
2479.33
2469.41
2458.87
2447.67
2435.71
2422.88
2409.11
2394.33
2378.49
2361.59
2343.62
2324.41
2303.78
2281.54
2257.62
2232.05
2204.85
2176.01
2145.42
2113.14
2078.93
2043.21
2005.07
1965.08
1923.71
1880.67
1836.36
1791.63
1745.82
1697.96
1648.87
1599.58
1551.61
1505.06
1457.81
1410.77
1365.21
1320.44
1279.61
1242.38
1204.95
1168.34
1134.76
1105.13
1078.91
1054.44
1032.37
1010.66
990.617
971.802
954.264
939.02
926.642
916.145
907.078
899.504
891.824
884.056
870.411
2790.55
2794.54
2804.22
2815.54
2823.41
2825.92
2818.61
2800.62
2780.05
2761.21
2745.47
2733.92
2727.89
2726.7
2727.77
2729.87
2730.4
2728.99
2725.68
2721.24
2716.84
2712.93
2709.04
2704.96
2700.73
2696.46
2692.19
2687.9
2683.56
2679.13
2674.63
2670.07
2665.5
2660.96
2656.43
2651.88
2647.29
2642.64
2637.92
2633.13
2628.27
2623.37
2618.43
2613.44
2608.39
2603.28
2598.11
2592.87
2587.57
2582.2
2576.73
2571.15
2565.43
2559.55
2553.49
2547.23
2540.73
2533.94
2526.84
2519.4
2511.56
2503.27
2494.46
2485.09
2475.14
2464.54
2453.22
2441.07
2427.97
2413.91
2398.86
2382.81
2365.62
2347.07
2327.04
2305.5
2282.47
2257.93
2231.85
2204.18
2174.79
2143.62
2110.44
2075.62
2039.02
1999.85
1958.53
1916.2
1871.86
1826
1778.26
1729.44
1681.37
1633.66
1584.44
1534.81
1485.72
1437.48
1392.18
1347.04
1301.5
1261.09
1224.58
1188.17
1153.14
1121.05
1091.77
1064.81
1040.92
1018.24
997.104
977.467
960.311
945.136
932.224
921.029
910.312
899.731
890.815
882.643
868.821
2790.2
2792.22
2798.7
2806.73
2811.14
2812.41
2806.8
2791.93
2773.56
2756.82
2742.72
2731.46
2724.19
2721.92
2722.48
2724.98
2726.94
2726.97
2725.4
2721.91
2717.9
2714.28
2710.79
2707.11
2703.21
2699.22
2695.22
2691.22
2687.16
2683.02
2678.78
2674.48
2670.16
2665.87
2661.59
2657.3
2652.97
2648.59
2644.14
2639.62
2635.05
2630.43
2625.77
2621.08
2616.34
2611.55
2606.69
2601.78
2596.8
2591.76
2586.64
2581.41
2576.05
2570.54
2564.87
2559
2552.9
2546.55
2539.89
2532.91
2525.56
2517.78
2509.51
2500.7
2491.32
2481.33
2470.64
2459.15
2446.77
2433.45
2419.16
2403.81
2387.3
2369.54
2350.51
2330.1
2308.2
2284.67
2259.44
2232.46
2203.66
2173.02
2140.34
2105.91
2069.34
2031.15
1990.2
1947.66
1903.63
1857.9
1811.87
1765.29
1716.52
1666.14
1615.16
1564.93
1517.14
1468.52
1419.46
1372.84
1326.21
1280.58
1239.29
1203.38
1169.94
1138.29
1107.84
1079.22
1054.16
1031.49
1011.6
992.226
974.316
957.068
941.333
928.083
916.348
905.128
894.848
885.096
868.756
2790.11
2791.43
2796.64
2804.62
2809.46
2810.71
2806.3
2791.79
2773.24
2756.63
2742.79
2731.44
2723.42
2719.84
2719.45
2721.52
2724.64
2725.84
2725.39
2723.12
2719.53
2716.04
2712.8
2709.46
2705.87
2702.14
2698.39
2694.65
2690.86
2686.99
2683.02
2678.97
2674.89
2670.84
2666.8
2662.76
2658.69
2654.56
2650.38
2646.14
2641.84
2637.51
2633.14
2628.74
2624.31
2619.81
2615.27
2610.67
2606.01
2601.3
2596.51
2591.62
2586.61
2581.47
2576.18
2570.7
2565.01
2559.08
2552.87
2546.35
2539.47
2532.2
2524.46
2516.21
2507.4
2498.01
2487.96
2477.14
2465.47
2452.87
2439.28
2424.68
2409.02
2392.22
2374.13
2354.54
2333.31
2310.41
2285.88
2259.75
2231.89
2202.28
2170.75
2137.41
2101.94
2064.66
2025.4
1983.05
1939.88
1894.95
1848.16
1799.38
1749.05
1698.61
1649.69
1600.07
1549.63
1498.34
1447.07
1398.79
1353.95
1309.36
1264.36
1220.48
1181.98
1147.82
1116.01
1086.49
1060.52
1037.49
1018.07
999.417
981.778
964.233
947.524
932.477
918.881
907.001
897.663
888.822
872.137
2790.06
2790.92
2795.22
2803.21
2809.09
2810.99
2807.69
2794.44
2775.61
2758.59
2744.64
2732.93
2724.13
2719.37
2718.32
2719.67
2723.17
2725.44
2725.78
2724.58
2721.59
2718.2
2715.09
2712.01
2708.72
2705.24
2701.71
2698.2
2694.67
2691.05
2687.32
2683.51
2679.67
2675.84
2672.03
2668.23
2664.4
2660.53
2656.62
2652.65
2648.63
2644.57
2640.49
2636.38
2632.24
2628.05
2623.81
2619.53
2615.19
2610.8
2606.34
2601.79
2597.14
2592.35
2587.43
2582.34
2577.05
2571.54
2565.76
2559.69
2553.3
2546.53
2539.32
2531.61
2523.38
2514.58
2505.16
2495.01
2484.03
2472.15
2459.32
2445.52
2430.69
2414.68
2397.32
2378.51
2358.24
2336.47
2313.16
2288.22
2261.48
2232.9
2202.27
2169.64
2134.79
2098.22
2059.63
2018.55
1974.65
1929.27
1881.72
1833.39
1785.49
1736.08
1685.09
1632.61
1580.7
1530.17
1480.47
1429.78
1379.31
1332.75
1291.08
1249.34
1208.17
1170.15
1134.89
1102.92
1074.5
1049.01
1026.67
1006.04
987.582
970.482
954.421
938.972
924.555
910.14
898.688
888.412
871.542
2790.02
2790.53
2793.82
2801.59
2808.82
2811.69
2809.63
2799.19
2780.9
2763.32
2749.08
2736.96
2726.89
2720.4
2718.29
2719.07
2722.19
2725.35
2726.52
2726.1
2723.95
2720.74
2717.64
2714.73
2711.72
2708.5
2705.18
2701.87
2698.55
2695.17
2691.68
2688.11
2684.49
2680.88
2677.29
2673.72
2670.13
2666.51
2662.86
2659.16
2655.41
2651.63
2647.83
2644.01
2640.16
2636.27
2632.34
2628.35
2624.32
2620.24
2616.11
2611.9
2607.59
2603.16
2598.6
2593.9
2589.01
2583.91
2578.57
2572.95
2567.02
2560.74
2554.06
2546.9
2539.24
2531.03
2522.23
2512.74
2502.46
2491.31
2479.24
2466.21
2452.14
2436.92
2420.48
2402.72
2383.53
2362.75
2340.26
2316.01
2289.93
2262.03
2232.16
2200.34
2166.32
2130.47
2092.45
2052.58
2009.58
1964.84
1919.15
1871.68
1822.36
1771
1718.77
1666.93
1615.72
1563.98
1511.9
1460.67
1409.13
1356.54
1309.1
1268.14
1228.55
1191.05
1155.42
1122.46
1091.91
1063.42
1038.06
1015.32
995.894
977.784
960.358
943.191
928.356
914.079
900.146
888.384
868.981
2790.01
2790.27
2792.56
2799.63
2808.06
2812.24
2811.39
2804.35
2787.59
2769.62
2755.01
2742.72
2731.83
2723.38
2719.41
2719.28
2721.6
2725.27
2727.39
2727.66
2726.37
2723.51
2720.42
2717.6
2714.83
2711.87
2708.76
2705.63
2702.51
2699.35
2696.08
2692.73
2689.32
2685.92
2682.55
2679.19
2675.84
2672.47
2669.07
2665.64
2662.16
2658.65
2655.13
2651.59
2648.03
2644.44
2640.8
2637.12
2633.4
2629.64
2625.82
2621.94
2617.97
2613.9
2609.7
2605.37
2600.87
2596.18
2591.27
2586.09
2580.63
2574.84
2568.67
2562.06
2554.96
2547.34
2539.15
2530.32
2520.74
2510.32
2498.99
2486.72
2473.45
2459.12
2443.61
2426.75
2408.37
2388.37
2366.77
2343.58
2318.73
2292.13
2263.56
2232.96
2200.2
2165.44
2128.32
2089.1
2047.74
2002.69
1956.15
1907.52
1857.76
1807.79
1757.23
1705
1650.67
1596.22
1542.16
1491.1
1443.06
1392.57
1340.64
1291.49
1246.64
1206.31
1169.29
1135.48
1103.57
1073.4
1046.02
1021.17
1000.51
982.194
964.148
945.479
928.972
913.945
901.514
890.363
870.817
2790
2790.12
2791.57
2797.47
2806.59
2812.32
2812.66
2808.71
2794.33
2776.37
2761.23
2748.8
2737.74
2728.14
2722.01
2720.3
2721.66
2725.13
2728.13
2729.14
2728.54
2726.35
2723.39
2720.59
2717.99
2715.3
2712.42
2709.48
2706.53
2703.56
2700.51
2697.37
2694.17
2690.98
2687.81
2684.67
2681.54
2678.42
2675.27
2672.1
2668.9
2665.66
2662.41
2659.15
2655.88
2652.57
2649.23
2645.85
2642.43
2638.97
2635.46
2631.91
2628.27
2624.54
2620.71
2616.74
2612.64
2608.35
2603.85
2599.12
2594.12
2588.81
2583.15
2577.08
2570.54
2563.5
2555.93
2547.74
2538.85
2529.15
2518.57
2507.08
2494.63
2481.14
2466.46
2450.45
2433.03
2414.16
2393.75
2371.71
2347.85
2322.1
2294.29
2264.45
2232.37
2198.13
2161.55
2123.06
2082.36
2038.51
1992.46
1945.62
1897.26
1846.52
1793.61
1739.71
1685.25
1633.01
1579.42
1523.49
1470.22
1421.06
1373.7
1326
1278.78
1234.02
1192.72
1155.06
1120.31
1087.67
1058.45
1030.77
1006.64
986.39
969.132
952.743
937.368
922.159
908.551
896.293
875.074
2790
2790.05
2790.88
2795.41
2804.52
2811.97
2813.55
2811.82
2800.47
2783.05
2767.22
2754.52
2743.66
2733.78
2725.97
2722.4
2722.45
2724.99
2728.5
2730.36
2730.43
2729.08
2726.47
2723.7
2721.22
2718.78
2716.15
2713.38
2710.59
2707.78
2704.93
2701.99
2699
2696.01
2693.04
2690.11
2687.21
2684.33
2681.44
2678.53
2675.59
2672.63
2669.64
2666.66
2663.66
2660.64
2657.59
2654.5
2651.38
2648.22
2645.03
2641.79
2638.49
2635.1
2631.62
2628.02
2624.29
2620.4
2616.32
2612.02
2607.47
2602.64
2597.48
2591.94
2585.96
2579.5
2572.53
2564.98
2556.77
2547.79
2537.97
2527.25
2515.6
2502.92
2489.13
2474.1
2457.73
2439.85
2420.33
2399.09
2376.1
2351.35
2324.68
2296.06
2265.26
2232.3
2196.95
2159.47
2119.72
2077.81
2032.65
1985.26
1935.21
1882.9
1830.13
1777.97
1724.43
1669.93
1615.7
1559.26
1502.84
1447.92
1396.67
1349.45
1303.13
1257.74
1214.54
1174.4
1136.63
1101.75
1071.69
1044.18
1018.03
992.926
971.851
954.593
940.142
926.445
912.883
899.657
878
2790
2790.02
2790.45
2793.66
2802.08
2810.98
2814.12
2813.92
2805.89
2789.52
2772.91
2759.81
2749.26
2739.68
2731.02
2725.44
2723.98
2725.28
2728.53
2731.28
2732.08
2731.47
2729.52
2726.93
2724.51
2722.26
2719.88
2717.31
2714.67
2712.01
2709.33
2706.6
2703.81
2701.02
2698.25
2695.53
2692.86
2690.21
2687.57
2684.93
2682.26
2679.56
2676.85
2674.13
2671.4
2668.67
2665.9
2663.1
2660.27
2657.4
2654.51
2651.59
2648.6
2645.55
2642.41
2639.18
2635.82
2632.32
2628.65
2624.78
2620.68
2616.32
2611.65
2606.64
2601.21
2595.32
2588.95
2582.04
2574.5
2566.24
2557.16
2547.22
2536.36
2524.53
2511.64
2497.54
2482.08
2465.11
2446.59
2426.5
2404.77
2381.3
2355.87
2328.37
2298.58
2266.52
2232.04
2195.37
2156.06
2114.35
2070.25
2022.76
1973.64
1923.29
1871.61
1817.92
1762.36
1705.22
1650.57
1596.02
1542.1
1486.61
1429.06
1374.78
1324.14
1275.85
1230.42
1188.28
1148.86
1112.9
1081.26
1053.16
1028.24
1001.86
977.06
957.406
941.137
927.423
914.676
901.483
877.96
2790
2790.01
2790.21
2792.29
2799.52
2809.32
2814.33
2815.42
2810.37
2795.66
2778.53
2764.96
2754.64
2745.56
2736.71
2729.46
2726.14
2726.13
2728.45
2731.79
2733.46
2733.54
2732.44
2730.24
2727.87
2725.74
2723.6
2721.24
2718.75
2716.23
2713.71
2711.17
2708.58
2705.99
2703.42
2700.91
2698.46
2696.05
2693.66
2691.27
2688.86
2686.43
2683.98
2681.53
2679.07
2676.61
2674.13
2671.61
2669.06
2666.49
2663.9
2661.28
2658.62
2655.9
2653.1
2650.21
2647.23
2644.11
2640.84
2637.39
2633.73
2629.83
2625.66
2621.15
2616.27
2610.95
2605.17
2598.88
2592.01
2584.46
2576.12
2566.95
2556.91
2545.91
2533.89
2520.69
2506.19
2490.29
2472.91
2453.93
2433.2
2410.63
2386.08
2359.5
2330.72
2299.76
2266.41
2230.76
2192.63
2152.43
2109.53
2063.56
2014.54
1963.33
1910.35
1855.58
1801.92
1746.49
1689.91
1630.79
1573.45
1519.75
1465.32
1410.76
1358.19
1307.24
1259.29
1214.93
1173.89
1136.41
1101.87
1069.47
1040.86
1013.82
989.012
968.249
950.48
934.664
921.622
908.322
884.434
2790
2790
2790.09
2791.31
2797.04
2807.13
2814.16
2816.53
2813.7
2801.41
2784.34
2770.23
2759.87
2751.22
2742.64
2734.39
2728.96
2727.55
2728.7
2731.91
2734.58
2735.42
2735.05
2733.53
2731.34
2729.25
2727.27
2725.13
2722.82
2720.44
2718.07
2715.7
2713.32
2710.93
2708.56
2706.26
2704.02
2701.85
2699.71
2697.58
2695.44
2693.26
2691.07
2688.88
2686.69
2684.5
2682.28
2680.04
2677.78
2675.49
2673.19
2670.87
2668.52
2666.12
2663.65
2661.11
2658.49
2655.75
2652.88
2649.84
2646.61
2643.17
2639.47
2635.48
2631.13
2626.37
2621.18
2615.51
2609.29
2602.44
2594.85
2586.45
2577.2
2567.03
2555.88
2543.61
2530.11
2515.24
2498.84
2480.82
2461.11
2439.69
2416.44
2391.25
2363.88
2334.26
2302.18
2267.67
2230.47
2190.69
2147.92
2102.68
2054.03
2003.36
1951.6
1898.12
1843.01
1786.15
1727.89
1669.08
1608.13
1548.52
1491.59
1437.11
1385.56
1334.46
1285.34
1238.81
1194.78
1154.46
1117.18
1082.65
1051.87
1023.72
998.221
976.232
956.881
940.099
926.37
912.826
888.829
2790
2790
2790.03
2790.68
2794.85
2804.51
2813.46
2817.25
2815.74
2806.76
2790.49
2775.74
2765.05
2756.63
2748.48
2739.88
2732.7
2729.56
2729.53
2731.89
2735.32
2737.14
2737.44
2736.69
2734.84
2732.78
2730.91
2728.97
2726.85
2724.62
2722.39
2720.19
2718
2715.81
2713.65
2711.55
2709.54
2707.6
2705.71
2703.83
2701.94
2700.02
2698.09
2696.15
2694.21
2692.28
2690.34
2688.37
2686.38
2684.38
2682.36
2680.33
2678.29
2676.2
2674.07
2671.87
2669.6
2667.23
2664.74
2662.11
2659.31
2656.31
2653.09
2649.59
2645.77
2641.58
2636.96
2631.9
2626.33
2620.17
2613.3
2605.67
2597.22
2587.88
2577.61
2566.26
2553.73
2539.84
2524.49
2507.62
2489.13
2468.95
2446.86
2422.72
2396.35
2367.71
2336.63
2303.1
2266.9
2228.22
2186.79
2143
2096.76
2047.01
1994.5
1939.39
1882
1824.73
1767.2
1710.01
1650.36
1588.86
1527.22
1466.9
1411.06
1357.49
1306.85
1259.46
1214.02
1172.09
1132.29
1095.94
1063.7
1034.68
1008.01
982.967
960.171
940.645
925.82
912.53
885.962
2790
2790
2790.01
2790.32
2793.08
2801.63
2812.03
2817.43
2817.12
2811.48
2796.72
2781.44
2770.18
2761.71
2753.95
2745.49
2737.28
2732.22
2731
2732.29
2735.75
2738.61
2739.65
2739.52
2738.29
2736.36
2734.52
2732.72
2730.8
2728.74
2726.66
2724.62
2722.62
2720.63
2718.67
2716.78
2714.99
2713.28
2711.63
2710
2708.36
2706.69
2705
2703.31
2701.63
2699.95
2698.26
2696.56
2694.84
2693.11
2691.37
2689.63
2687.88
2686.1
2684.29
2682.42
2680.49
2678.49
2676.38
2674.15
2671.77
2669.21
2666.44
2663.43
2660.13
2656.48
2652.44
2647.97
2643.04
2637.55
2631.41
2624.54
2616.87
2608.36
2598.94
2588.5
2576.91
2564.05
2549.79
2534.01
2516.59
2497.42
2476.38
2453.39
2428.31
2401.05
2371.38
2339.23
2304.33
2266.66
2225.99
2182.84
2136.63
2087.4
2034.85
1980.52
1925.37
1868.78
1809.42
1748.01
1686.24
1626.18
1567.7
1507.86
1450.18
1394.11
1340.19
1289.66
1241.31
1196.41
1153.46
1113.79
1079.48
1050.12
1024.56
998.471
973.232
948.878
930.317
915.935
889.547
2790
2790
2790
2790.14
2791.81
2798.76
2809.82
2817.22
2818.1
2815.21
2802.71
2787.31
2775.32
2766.49
2758.95
2750.97
2742.43
2735.78
2733.21
2733.45
2736.12
2739.67
2741.68
2742.12
2741.54
2739.89
2738.06
2736.37
2734.63
2732.76
2730.85
2728.97
2727.15
2725.36
2723.6
2721.92
2720.33
2718.85
2717.43
2716.04
2714.65
2713.22
2711.78
2710.32
2708.88
2707.44
2706.01
2704.57
2703.11
2701.65
2700.18
2698.71
2697.25
2695.78
2694.28
2692.74
2691.15
2689.5
2687.76
2685.92
2683.95
2681.82
2679.51
2676.98
2674.19
2671.08
2667.6
2663.73
2659.42
2654.61
2649.18
2643.07
2636.2
2628.52
2619.97
2610.45
2599.86
2588.03
2574.85
2560.17
2543.9
2525.99
2506.3
2484.72
2461.03
2435.08
2406.65
2375.62
2341.77
2305.29
2266.11
2224.48
2179.67
2131.83
2080.92
2026.19
1969.26
1910.21
1850.36
1790.37
1727.17
1661.57
1599.13
1538.49
1480.22
1423.51
1368.03
1315.13
1264.22
1216.18
1170.53
1127.79
1088.91
1056.6
1032.35
1008.34
984.786
960.711
937.851
919.838
892.567
2790
2790
2790
2790.06
2790.98
2796.23
2807.11
2816.48
2818.86
2817.8
2808.16
2793.12
2780.27
2770.85
2763.4
2756.01
2747.75
2740.18
2736.04
2735.33
2736.88
2740.47
2743.41
2744.49
2744.39
2743.24
2741.51
2739.86
2738.26
2736.6
2734.88
2733.17
2731.53
2729.93
2728.37
2726.88
2725.5
2724.23
2723.04
2721.88
2720.71
2719.52
2718.3
2717.07
2715.85
2714.65
2713.45
2712.26
2711.05
2709.83
2708.62
2707.42
2706.23
2705.04
2703.84
2702.61
2701.35
2700.03
2698.65
2697.18
2695.59
2693.87
2691.99
2689.92
2687.61
2685.01
2682.07
2678.76
2675.04
2670.86
2666.11
2660.71
2654.59
2647.69
2639.95
2631.29
2621.6
2610.72
2598.53
2584.89
2569.72
2552.9
2534.28
2513.7
2490.99
2466.04
2438.67
2408.82
2376.35
2341.24
2303.16
2262.13
2217.65
2170.38
2119.98
2065.73
2008.9
1951.38
1892.83
1833.79
1773.83
1709.22
1642.24
1574.84
1510.11
1449.42
1390.52
1334.61
1281.29
1232
1185.93
1144.9
1106.87
1069.04
1036.86
1010.01
987.31
967.095
945.959
927.309
892.636
)
;

boundaryField
{
    inlet
    {
        type            fixedValue;
        value           uniform 2790;
    }
    obstacle
    {
        type            zeroGradient;
    }
    bottom
    {
        type            symmetry;
    }
    outlet
    {
        type            zeroGradient;
    }
    top
    {
        type            symmetry;
    }
    defaultFaces
    {
        type            empty;
    }
    procBoundary6to4
    {
        type            processor;
        value           nonuniform List<scalar> 
121
(
3020.55
2957.82
2958.69
2956.2
2944.85
2921.5
2890.57
2860.74
2836.16
2818.11
2807.1
2802.25
2799.12
2794.72
2787.43
2777.04
2764.59
2752.24
2741.03
2731
2721.88
2713.47
2705.8
2698.79
2692.04
2685.57
2679.31
2673.21
2667.2
2661.21
2655.22
2649.25
2643.32
2637.43
2631.58
2625.7
2619.77
2613.75
2607.63
2601.4
2595.07
2588.67
2582.17
2575.59
2568.92
2562.17
2555.33
2548.41
2541.39
2534.27
2527
2519.58
2511.99
2504.18
2496.14
2487.82
2479.19
2470.2
2460.82
2450.99
2440.66
2429.75
2418.23
2406.06
2393.2
2379.54
2364.97
2349.46
2332.98
2315.43
2296.68
2276.68
2255.41
2232.81
2208.82
2183.36
2156.39
2127.93
2097.92
2066.36
2033.01
1998.18
1961.1
1922.84
1883.28
1842.08
1799.73
1755.85
1710.71
1664.33
1617.39
1572.28
1527.73
1481.98
1436.58
1391.53
1349.05
1309.29
1270.27
1232.82
1198.59
1165.97
1135.48
1108.51
1084.25
1061.37
1040.58
1021.17
1003.33
986.657
971.824
958.398
946.653
935.742
924.899
914.948
905.1
896.113
888.35
881.159
870.096
)
;
    }
    procBoundary6to7
    {
        type            processor;
        value           nonuniform List<scalar> 
153
(
2790
2790
2790
2790
2790
2790
2790
2790.03
2790.7
2796.15
2811.66
2830
2840.92
2845.36
2847.79
2850.69
2854.36
2856.49
2856.76
2856.23
2855.55
2854.95
2854.39
2853.92
2853.44
2853.22
2853.22
2852.37
2851.25
2849.81
2848.2
2846.48
2845.63
2845.63
2843.95
2844.01
2844.01
2842.54
2843.98
2843.98
2842.76
2845.34
2849.18
2852.79
2856.17
2859.59
2863.34
2867.46
2871.88
2876.45
2881.08
2885.73
2890.38
2895.09
2899.91
2904.9
2910.06
2915.39
2920.87
2926.45
2932.12
2937.89
2943.75
2949.74
2955.88
2962.16
2968.58
2975.13
2981.81
2988.65
2995.67
3002.89
3010.33
3010.33
3010.87
3011.33
3011.69
3011.97
3012.17
3012.29
3012.36
3012.33
3012.21
3012.05
3011.8
3011.5
3011.13
3010.71
3010.23
3009.7
3015.84
3022.65
3029.55
3036.53
3043.58
3050.7
3057.89
3065.12
3072.38
3079.67
3086.98
3094.28
3101.55
3108.78
3115.94
3123
3129.95
3136.76
3143.4
3149.84
3156.05
3162.01
3167.69
3173.06
3178.1
3182.78
3187.08
3190.99
3194.48
3197.55
3200.2
3202.41
3204.18
3205.53
3206.46
3206.99
3207.15
3206.92
3206.31
3206.31
3194.95
3193.58
3191.92
3190.07
3188
3185.71
3183.32
3180.71
3178.08
3175.35
3175.35
3161.59
3158.76
3155.88
3152.99
3150.11
3147.23
3144.38
3141.56
3138.79
3136.02
3133.1
3129.24
)
;
    }
}


// ************************************************************************* //
