/*--------------------------------*- C++ -*----------------------------------*\
| =========                 |                                                 |
| \\      /  F ield         | OpenFOAM: The Open Source CFD Toolbox           |
|  \\    /   O peration     | Version:  2412                                  |
|   \\  /    A nd           | Website:  www.openfoam.com                      |
|    \\/     M anipulation  |                                                 |
\*---------------------------------------------------------------------------*/
FoamFile
{
    version     2.0;
    format      ascii;
    arch        "LSB;label=32;scalar=64";
    class       volScalarField;
    location    "0.115";
    object      p;
}
// * * * * * * * * * * * * * * * * * * * * * * * * * * * * * * * * * * * * * //

dimensions      [1 -1 -2 0 0 0 0];

internalField   nonuniform List<scalar> 
9831
(
3948.66
2945.33
2868.19
2858.7
2847.43
2839.64
2832.81
2827.53
2823.18
2819.29
2815.19
2810.52
2805.35
2800.13
2795.33
2791.14
2787.54
2784.43
2781.78
2779.57
2777.77
2776.29
2775.01
2773.78
2772.42
2770.81
2768.87
2766.62
2764.08
2761.31
2758.39
2755.4
2752.41
2749.47
2746.59
2743.82
2741.15
2738.61
2736.22
2733.99
2731.93
2730.04
2728.3
2726.71
2725.26
2723.94
2722.76
2721.69
2720.74
2719.9
2719.17
2718.53
2718
2717.56
2717.19
2716.89
2716.64
2716.43
2716.24
2716.05
2715.85
2715.61
2715.32
2714.95
2714.45
2713.79
2712.95
2711.86
2710.48
2708.78
2706.69
2704.17
2701.18
2697.62
2693.43
2688.49
2682.74
2676.05
2668.35
2659.51
2649.43
2638.01
2625.1
2610.53
2594.12
2575.74
2555.2
2532.47
2507.35
2479.79
2449.47
2416.46
2380.31
2341.47
2299.15
2254.61
2206.83
2155.93
2101.99
2044.84
1986.07
1926.37
1867.36
1807.86
1747.73
1688.94
1630.67
1575.55
1521.58
1468.81
1421.11
1377.64
1338.61
1305.36
1274.32
1244.2
1216.44
1189.07
1164.57
1144.37
1105.63
3907.19
2939.81
2869.83
2860.39
2849.35
2841.27
2834.07
2828.47
2824
2820.15
2816.27
2811.84
2806.83
2801.6
2796.68
2792.36
2788.65
2785.48
2782.78
2780.53
2778.7
2777.2
2775.94
2774.78
2773.55
2772.11
2770.37
2768.33
2765.99
2763.41
2760.65
2757.8
2754.94
2752.12
2749.38
2746.72
2744.18
2741.76
2739.48
2737.37
2735.43
2733.66
2732.06
2730.61
2729.31
2728.15
2727.13
2726.24
2725.48
2724.83
2724.3
2723.88
2723.57
2723.35
2723.23
2723.19
2723.2
2723.27
2723.38
2723.52
2723.65
2723.78
2723.87
2723.9
2723.84
2723.66
2723.33
2722.81
2722.02
2720.97
2719.58
2717.81
2715.62
2712.95
2709.71
2705.83
2701.22
2695.77
2689.41
2682.03
2673.52
2663.79
2652.7
2640.11
2625.84
2609.76
2591.67
2571.52
2549.05
2524.15
2496.52
2466.16
2432.67
2396.35
2356.56
2314.38
2268.69
2220.65
2169.72
2116.17
2060.51
2002.68
1943.79
1882.76
1821.04
1760.83
1699.81
1639.68
1585.76
1532.14
1480.53
1430.32
1381.49
1338.59
1301.85
1269.47
1242.43
1218.46
1194.37
1171.19
1126.33
3865.16
2929.12
2870.94
2861.91
2851.14
2842.86
2835.37
2829.42
2824.73
2820.9
2817.23
2813.09
2808.31
2803.12
2798.09
2793.62
2789.79
2786.54
2783.79
2781.51
2779.64
2778.13
2776.89
2775.79
2774.67
2773.38
2771.85
2770.01
2767.89
2765.51
2762.92
2760.23
2757.5
2754.82
2752.2
2749.67
2747.25
2744.96
2742.8
2740.81
2738.99
2737.36
2735.89
2734.59
2733.44
2732.44
2731.59
2730.88
2730.3
2729.85
2729.52
2729.3
2729.22
2729.23
2729.36
2729.57
2729.86
2730.21
2730.62
2731.07
2731.55
2732.03
2732.51
2732.95
2733.33
2733.62
2733.78
2733.8
2733.6
2733.18
2732.48
2731.43
2730.03
2728.2
2725.89
2723
2719.47
2715.2
2710.09
2704.07
2697.03
2688.87
2679.47
2668.7
2656.4
2642.41
2626.54
2608.7
2588.66
2566.33
2541.48
2514.06
2483.73
2450.61
2414.25
2375.34
2332.93
2288.04
2239.56
2188.02
2133.87
2076.01
2016.01
1955.06
1893.02
1830
1769.74
1707.33
1648.85
1592.22
1536.96
1487.41
1436.36
1387.37
1341.66
1298.27
1260.92
1229.96
1205.84
1187.55
1145.15
3825.68
2920.46
2871.22
2862.69
2852.35
2844.22
2836.58
2830.31
2825.39
2821.55
2818.08
2814.26
2809.77
2804.7
2799.6
2794.97
2791
2787.64
2784.83
2782.51
2780.61
2779.09
2777.86
2776.8
2775.78
2774.65
2773.31
2771.69
2769.79
2767.63
2765.24
2762.71
2760.14
2757.59
2755.1
2752.71
2750.42
2748.25
2746.22
2744.36
2742.66
2741.15
2739.82
2738.66
2737.66
2736.83
2736.14
2735.6
2735.2
2734.94
2734.81
2734.8
2734.93
2735.18
2735.53
2735.99
2736.54
2737.17
2737.88
2738.64
2739.44
2740.27
2741.11
2741.94
2742.74
2743.48
2744.13
2744.65
2745.02
2745.19
2745.14
2744.8
2744.16
2743.14
2741.71
2739.78
2737.29
2734.15
2730.27
2725.59
2719.98
2713.38
2705.66
2696.72
2686.39
2674.52
2660.93
2645.5
2628.05
2608.47
2586.53
2562.13
2534.91
2504.87
2471.63
2435.5
2395.73
2353.22
2306.99
2258.26
2206.39
2151.83
2094.18
2034.31
1973.93
1909.67
1846.56
1782.93
1717.99
1658.97
1597.46
1540.61
1489.26
1439.59
1393.84
1350.33
1307.72
1264.94
1228.34
1200.29
1149.74
3782.6
2911.72
2870.34
2863.09
2853.58
2845.57
2837.84
2831.23
2826.02
2822.12
2818.79
2815.3
2811.19
2806.35
2801.23
2796.44
2792.29
2788.79
2785.91
2783.55
2781.63
2780.09
2778.86
2777.85
2776.92
2775.93
2774.77
2773.37
2771.7
2769.77
2767.59
2765.25
2762.84
2760.43
2758.08
2755.83
2753.68
2751.64
2749.75
2748.01
2746.45
2745.07
2743.88
2742.86
2742.02
2741.33
2740.81
2740.44
2740.23
2740.16
2740.23
2740.43
2740.77
2741.23
2741.82
2742.53
2743.34
2744.25
2745.24
2746.3
2747.42
2748.59
2749.79
2751.01
2752.22
2753.4
2754.52
2755.56
2756.47
2757.22
2757.77
2758.11
2758.2
2757.96
2757.38
2756.38
2754.87
2752.8
2750.08
2746.64
2742.39
2737.23
2731.07
2723.81
2715.29
2705.39
2693.92
2680.76
2665.73
2648.72
2629.48
2607.87
2583.61
2556.69
2526.75
2493.95
2457.69
2418.62
2375.84
2330.26
2280.73
2228.15
2172.85
2114.04
2053.13
1989.39
1922.84
1860.53
1794.04
1729.35
1667.29
1602.73
1543.74
1486.25
1432.88
1386.81
1346.23
1309.61
1272.01
1238.07
1173.52
3736.45
2906.78
2869.99
2863.54
2854.71
2846.85
2839.05
2832.17
2826.65
2822.59
2819.33
2816.18
2812.51
2808.01
2802.97
2798.06
2793.7
2790.04
2787.05
2784.64
2782.7
2781.15
2779.92
2778.94
2778.09
2777.23
2776.24
2775.05
2773.62
2771.93
2769.99
2767.85
2765.62
2763.37
2761.17
2759.06
2757.05
2755.15
2753.4
2751.8
2750.37
2749.12
2748.07
2747.2
2746.5
2745.98
2745.62
2745.42
2745.38
2745.51
2745.77
2746.17
2746.71
2747.4
2748.22
2749.17
2750.24
2751.41
2752.68
2754.04
2755.48
2756.98
2758.53
2760.11
2761.72
2763.32
2764.9
2766.41
2767.84
2769.16
2770.33
2771.3
2772.06
2772.57
2772.78
2772.66
2772.13
2771.12
2769.5
2767.28
2764.33
2760.6
2755.98
2750.38
2743.68
2735.74
2726.39
2715.51
2702.89
2688.42
2671.88
2653.14
2631.98
2608.3
2581.69
2552.12
2519.12
2483.11
2443.38
2400.62
2353.93
2304.43
2251.44
2195.37
2135.57
2073.32
2008.46
1941.98
1875.76
1805.96
1743.17
1677.28
1614.43
1553.83
1493.44
1436.89
1384.83
1337.36
1298.61
1267.76
1201.75
3686.14
2903
2869.08
2863.45
2855.62
2848.13
2840.34
2833.17
2827.28
2822.95
2819.71
2816.86
2813.64
2809.58
2804.76
2799.79
2795.24
2791.39
2788.28
2785.81
2783.84
2782.27
2781.04
2780.09
2779.3
2778.55
2777.72
2776.73
2775.54
2774.09
2772.4
2770.5
2768.46
2766.38
2764.34
2762.37
2760.51
2758.76
2757.15
2755.69
2754.4
2753.3
2752.39
2751.66
2751.12
2750.75
2750.56
2750.53
2750.69
2750.98
2751.43
2752.04
2752.8
2753.7
2754.75
2755.94
2757.26
2758.7
2760.24
2761.9
2763.64
2765.46
2767.36
2769.31
2771.3
2773.31
2775.33
2777.32
2779.25
2781.11
2782.85
2784.45
2785.89
2787.12
2788.09
2788.77
2789.12
2789.12
2788.57
2787.52
2785.8
2783.39
2780.19
2776.13
2771.08
2764.94
2757.54
2748.76
2738.4
2726.39
2712.49
2696.59
2678.43
2657.84
2634.46
2608.3
2579.03
2546.88
2511.09
2472.06
2429.08
2382.99
2332.8
2279.33
2222.42
2161.97
2099.62
2031.53
1965.3
1894.74
1825.13
1756.69
1688.19
1625.37
1564.02
1507.05
1452.2
1399.78
1350.37
1307.93
1227.86
3632.74
2899.77
2868.21
2863.25
2856.22
2849.27
2841.63
2834.18
2827.86
2823.24
2819.94
2817.32
2814.53
2810.98
2806.52
2801.62
2796.92
2792.87
2789.6
2787.05
2785.06
2783.48
2782.25
2781.31
2780.57
2779.92
2779.23
2778.43
2777.46
2776.27
2774.83
2773.18
2771.36
2769.47
2767.6
2765.78
2764.07
2762.48
2761.01
2759.7
2758.56
2757.6
2756.83
2756.26
2755.87
2755.66
2755.62
2755.78
2756.1
2756.58
2757.22
2758.02
2758.99
2760.11
2761.38
2762.8
2764.37
2766.06
2767.88
2769.81
2771.86
2774
2776.22
2778.52
2780.89
2783.3
2785.73
2788.17
2790.59
2792.96
2795.27
2797.47
2799.54
2801.45
2803.17
2804.67
2805.86
2806.71
2807.2
2807.27
2806.77
2805.67
2803.86
2801.31
2797.89
2793.53
2788.06
2781.37
2773.28
2763.67
2752.34
2739.13
2723.82
2706.27
2686.19
2663.53
2637.87
2609.21
2576.93
2541.36
2501.9
2459.05
2411.9
2361.37
2306.89
2248.95
2187.43
2122.4
2053.81
1983.28
1910.34
1839.72
1765.89
1695.56
1625.36
1558.94
1497.71
1442.06
1392.77
1350.65
1265.9
3575.99
2896.5
2867.03
2862.5
2856.26
2849.84
2842.71
2835.26
2828.56
2823.51
2820.02
2817.47
2815.09
2812.09
2808.12
2803.44
2798.68
2794.44
2791
2788.36
2786.34
2784.76
2783.54
2782.61
2781.92
2781.35
2780.78
2780.14
2779.38
2778.43
2777.26
2775.86
2774.28
2772.6
2770.91
2769.26
2767.71
2766.27
2764.96
2763.8
2762.8
2762
2761.37
2760.95
2760.72
2760.67
2760.81
2761.12
2761.62
2762.28
2763.11
2764.11
2765.28
2766.61
2768.11
2769.76
2771.57
2773.51
2775.6
2777.81
2780.15
2782.6
2785.15
2787.79
2790.52
2793.31
2796.16
2799.03
2801.92
2804.8
2807.63
2810.41
2813.09
2815.66
2818.08
2820.33
2822.35
2824.12
2825.54
2826.57
2827.18
2827.32
2826.83
2825.69
2823.78
2821.04
2817.34
2812.56
2806.54
2799.17
2790.27
2779.71
2767.27
2752.8
2736
2716.75
2694.65
2669.67
2641.36
2609.9
2574.58
2535.63
2492.42
2445.68
2394.61
2339.89
2281.03
2218.36
2151.56
2082.59
2010.11
1937.88
1863.3
1788.84
1716.85
1642.21
1574.42
1510.32
1450.37
1398.63
1296.37
3517.98
2894.22
2865.17
2860.86
2855.46
2849.73
2843.18
2835.97
2829.11
2823.69
2819.95
2817.38
2815.22
2812.8
2809.47
2805.18
2800.49
2796.1
2792.49
2789.74
2787.69
2786.13
2784.92
2784.02
2783.37
2782.86
2782.39
2781.89
2781.31
2780.59
2779.67
2778.54
2777.22
2775.77
2774.27
2772.8
2771.41
2770.13
2768.97
2767.97
2767.13
2766.47
2766.01
2765.74
2765.66
2765.78
2766.07
2766.56
2767.22
2768.07
2769.09
2770.28
2771.65
2773.18
2774.89
2776.77
2778.81
2781
2783.35
2785.83
2788.45
2791.19
2794.06
2797.03
2800.1
2803.27
2806.51
2809.8
2813.14
2816.49
2819.83
2823.15
2826.42
2829.61
2832.71
2835.67
2838.47
2841.06
2843.4
2845.45
2847.11
2848.34
2849.1
2849.34
2848.93
2847.8
2845.84
2842.93
2838.94
2833.77
2827.24
2819.22
2809.48
2797.86
2784.12
2768.13
2749.55
2728.31
2703.95
2676.5
2645.28
2610.45
2571.51
2528.87
2481.7
2430.3
2373.92
2313.75
2249.88
2181.5
2109.86
2033.11
1957.63
1878.37
1804.25
1728.22
1654.64
1587.3
1524.39
1470.01
1365.67
3458.5
2889.66
2862.4
2858.34
2853.8
2849
2843.2
2836.52
2829.74
2823.94
2819.82
2817.13
2815.12
2813.11
2810.43
2806.71
2802.24
2797.78
2794
2791.13
2789.07
2787.54
2786.37
2785.51
2784.89
2784.45
2784.07
2783.69
2783.26
2782.74
2782.07
2781.2
2780.14
2778.93
2777.65
2776.37
2775.15
2774.03
2773.03
2772.18
2771.5
2771
2770.69
2770.57
2770.66
2770.94
2771.4
2772.05
2772.89
2773.91
2775.12
2776.5
2778.06
2779.8
2781.72
2783.82
2786.09
2788.53
2791.12
2793.87
2796.76
2799.8
2802.97
2806.26
2809.67
2813.19
2816.81
2820.51
2824.27
2828.08
2831.91
2835.75
2839.58
2843.37
2847.1
2850.75
2854.28
2857.67
2860.86
2863.81
2866.48
2868.81
2870.72
2872.15
2873.06
2873.41
2873.06
2871.9
2869.81
2866.65
2862.31
2856.66
2849.53
2840.75
2830.12
2817.45
2802.38
2784.82
2764.32
2740.88
2713.87
2683.43
2649.03
2610.73
2567.74
2520.38
2468.25
2412.16
2351.12
2285.39
2215.22
2140.15
2064.21
1981.94
1898.59
1816.7
1730.79
1653.7
1580.06
1517.36
1392.13
3398.47
2886.8
2859.61
2854.95
2850.99
2847.31
2842.67
2836.88
2830.45
2824.37
2819.82
2816.78
2814.8
2813.11
2811.02
2807.94
2803.87
2799.45
2795.54
2792.54
2790.45
2788.96
2787.86
2787.06
2786.51
2786.13
2785.82
2785.54
2785.24
2784.9
2784.45
2783.83
2783.02
2782.06
2781.01
2779.94
2778.9
2777.95
2777.12
2776.43
2775.9
2775.55
2775.4
2775.44
2775.71
2776.14
2776.76
2777.58
2778.59
2779.79
2781.17
2782.74
2784.5
2786.44
2788.56
2790.87
2793.36
2796.03
2798.86
2801.86
2805.02
2808.34
2811.8
2815.4
2819.13
2823
2826.97
2831.05
2835.22
2839.46
2843.76
2848.09
2852.44
2856.8
2861.13
2865.42
2869.65
2873.78
2877.77
2881.6
2885.21
2888.55
2891.58
2894.23
2896.44
2898.13
2899.25
2899.75
2899.53
2898.34
2896.17
2892.79
2888.13
2881.99
2874.18
2864.52
2852.72
2838.67
2822.01
2802.66
2780.09
2754.3
2724.63
2690.95
2652.64
2610.06
2562.79
2510.94
2453.24
2390.78
2323.76
2252.81
2176.88
2098.05
2014.44
1935.6
1846.13
1765.51
1685.07
1612.83
1472.01
3338.94
2881.26
2856.81
2851.84
2848.36
2845.5
2841.95
2837.09
2831.19
2825.09
2820.03
2816.56
2814.4
2812.87
2811.19
2808.8
2805.27
2801.03
2797.03
2793.92
2791.78
2790.34
2789.33
2788.62
2788.16
2787.86
2787.64
2787.44
2787.26
2787.06
2786.8
2786.41
2785.86
2785.15
2784.33
2783.48
2782.64
2781.87
2781.2
2780.67
2780.3
2780.11
2780.1
2780.33
2780.73
2781.33
2782.12
2783.1
2784.28
2785.66
2787.22
2788.98
2790.92
2793.05
2795.38
2797.89
2800.6
2803.49
2806.56
2809.81
2813.23
2816.81
2820.55
2824.45
2828.5
2832.68
2837.01
2841.45
2846.01
2850.67
2855.4
2860.2
2865.06
2869.94
2874.85
2879.75
2884.62
2889.45
2894.2
2898.84
2903.32
2907.61
2911.66
2915.41
2918.81
2921.81
2924.34
2926.29
2927.6
2928.22
2928.08
2926.85
2924.56
2920.89
2915.84
2909.18
2900.68
2890.18
2877.29
2861.9
2843.49
2821.99
2796.7
2767.57
2734.19
2696.69
2654.21
2606.6
2553.19
2495.01
2430.87
2361.64
2287.26
2207.41
2122.89
2033.39
1942.81
1853.16
1769.26
1699.1
1562.89
3279.24
2876.98
2854.02
2848.08
2844.7
2842.36
2839.87
2836.24
2831.13
2825.51
2820.3
2816.45
2814
2812.48
2811.11
2809.27
2806.37
2802.47
2798.47
2795.25
2793.04
2791.64
2790.73
2790.14
2789.81
2789.64
2789.51
2789.39
2789.31
2789.24
2789.14
2788.96
2788.65
2788.18
2787.6
2786.97
2786.33
2785.75
2785.26
2784.89
2784.68
2784.63
2784.81
2785.17
2785.74
2786.51
2787.46
2788.61
2789.95
2791.5
2793.24
2795.17
2797.3
2799.62
2802.14
2804.86
2807.77
2810.88
2814.17
2817.65
2821.31
2825.16
2829.17
2833.35
2837.69
2842.18
2846.83
2851.62
2856.54
2861.59
2866.73
2871.98
2877.3
2882.68
2888.12
2893.59
2899.07
2904.55
2910
2915.39
2920.7
2925.87
2930.88
2935.67
2940.19
2944.4
2948.25
2951.67
2954.57
2956.82
2958.39
2959.17
2959.18
2957.88
2955.46
2951.52
2946
2938.68
2929.26
2917.59
2903.25
2886.14
2865.64
2841.74
2813.91
2781.89
2744.88
2702.89
2655.46
2602.95
2544.08
2479.71
2409.14
2332.61
2250.41
2161.45
2075.9
1974.76
1876.59
1788.51
1622.48
3221.5
2871.92
2851.3
2844.38
2840.71
2838.65
2836.98
2834.42
2830.39
2825.45
2820.56
2816.54
2813.81
2812.12
2810.9
2809.43
2807.12
2803.64
2799.73
2796.42
2794.15
2792.79
2792.01
2791.55
2791.38
2791.39
2791.39
2791.37
2791.38
2791.42
2791.45
2791.46
2791.36
2791.13
2790.78
2790.37
2789.95
2789.57
2789.26
2789.06
2789
2789.12
2789.44
2789.96
2790.69
2791.62
2792.74
2794.05
2795.56
2797.28
2799.19
2801.3
2803.61
2806.11
2808.82
2811.73
2814.84
2818.16
2821.67
2825.38
2829.27
2833.36
2837.63
2842.08
2846.7
2851.49
2856.45
2861.57
2866.84
2872.25
2877.78
2883.44
2889.2
2895.06
2900.99
2907
2913.05
2919.14
2925.24
2931.33
2937.39
2943.39
2949.27
2955.01
2960.56
2965.88
2970.93
2975.64
2979.94
2983.77
2987.05
2989.61
2991.42
2992.38
2992.47
2991.16
2988.58
2984.33
2978.32
2970.35
2960.03
2947.23
2931.4
2912.42
2889.58
2862.58
2830.87
2794.42
2752.68
2705.4
2651.43
2591.39
2524.44
2451.51
2372.53
2287.8
2195.7
2106.07
2005.02
1920.38
1759.88
3165.62
2867.13
2848.84
2841.29
2836.95
2834.75
2833.41
2831.71
2829.04
2825.09
2820.63
2816.6
2813.71
2811.82
2810.59
2809.35
2807.45
2804.45
2800.74
2797.42
2795.11
2793.8
2793.14
2792.84
2792.85
2793.1
2793.25
2793.35
2793.46
2793.6
2793.76
2793.92
2794
2793.98
2793.87
2793.68
2793.47
2793.29
2793.18
2793.15
2793.26
2793.53
2794
2794.67
2795.56
2796.65
2797.93
2799.41
2801.09
2802.97
2805.05
2807.33
2809.81
2812.5
2815.39
2818.48
2821.79
2825.3
2829.02
2832.94
2837.06
2841.38
2845.89
2850.59
2855.48
2860.55
2865.8
2871.22
2876.82
2882.57
2888.47
2894.51
2900.68
2906.97
2913.37
2919.86
2926.44
2933.09
2939.79
2946.53
2953.29
2960.03
2966.73
2973.35
2979.85
2986.2
2992.36
2998.28
3003.91
3009.17
3013.98
3018.3
3022.01
3024.93
3027.03
3028.17
3028.34
3026.98
3024.17
3019.56
3012.94
3004.12
2992.6
2978.22
2960.26
2938.56
2912.6
2882.2
2846.6
2805.3
2757.41
2703.38
2642.36
2575.02
2499.41
2416.12
2324.53
2230.45
2121.4
2021.32
1843.94
3111.87
2861.8
2846.69
2839.12
2833.84
2830.97
2829.34
2827.85
2826.05
2823.34
2819.81
2816.25
2813.42
2811.45
2810.15
2809.04
2807.46
2804.91
2801.5
2798.22
2795.9
2794.65
2794.1
2793.95
2794.19
2794.69
2795.02
2795.27
2795.51
2795.74
2796.01
2796.31
2796.57
2796.75
2796.84
2796.87
2796.88
2796.9
2796.98
2797.14
2797.41
2797.84
2798.45
2799.28
2800.32
2801.57
2803.02
2804.66
2806.5
2808.54
2810.79
2813.24
2815.89
2818.75
2821.81
2825.09
2828.58
2832.29
2836.2
2840.33
2844.66
2849.2
2853.94
2858.88
2864.02
2869.35
2874.88
2880.59
2886.49
2892.56
2898.8
2905.2
2911.75
2918.45
2925.28
2932.23
2939.3
2946.47
2953.73
2961.06
2968.46
2975.89
2983.33
2990.75
2998.12
3005.4
3012.57
3019.58
3026.39
3032.93
3039.16
3045
3050.36
3055.17
3059.33
3062.62
3065.03
3066.38
3066.64
3065.24
3062.19
3057.13
3049.78
3039.93
3026.99
3010.83
2990.8
2966.53
2937.23
2902.5
2861.71
2814.78
2760.66
2699.58
2629.79
2552.14
2465.82
2372.88
2274.29
2174.89
2000.26
3060.58
2854.49
2844.83
2837.25
2830.91
2826.99
2824.76
2823.28
2822.05
2820.46
2818.09
2815.27
2812.73
2810.85
2809.62
2808.66
2807.38
2805.24
2802.13
2798.9
2796.55
2795.36
2794.94
2794.92
2795.43
2796.16
2796.7
2797.13
2797.5
2797.85
2798.22
2798.64
2799.06
2799.41
2799.7
2799.93
2800.15
2800.38
2800.65
2800.99
2801.44
2802.03
2802.8
2803.77
2804.97
2806.37
2807.98
2809.78
2811.78
2813.99
2816.4
2819.01
2821.82
2824.85
2828.08
2831.53
2835.2
2839.09
2843.2
2847.52
2852.05
2856.8
2861.76
2866.92
2872.3
2877.87
2883.65
2889.64
2895.81
2902.18
2908.73
2915.47
2922.37
2929.43
2936.66
2944.03
2951.54
2959.19
2966.95
2974.83
2982.8
2990.85
2998.97
3007.12
3015.27
3023.4
3031.49
3039.49
3047.38
3055.11
3062.62
3069.86
3076.75
3083.24
3089.2
3094.56
3099.21
3102.91
3105.63
3107.17
3107.51
3106.01
3102.65
3097.06
3088.83
3077.74
3063.04
3044.37
3021.03
2992.7
2958.64
2918.21
2870.24
2814.89
2751.13
2679.54
2597.42
2507.74
2406.24
2303.49
2134.46
3014.15
2843.55
2841.34
2835.54
2829.3
2824.51
2821.16
2818.87
2817.44
2816.36
2815.05
2813.32
2811.47
2809.96
2808.91
2808.11
2807.12
2805.37
2802.61
2799.48
2797.12
2795.96
2795.65
2795.77
2796.55
2797.51
2798.28
2798.9
2799.42
2799.88
2800.36
2800.89
2801.44
2801.96
2802.43
2802.86
2803.28
2803.71
2804.17
2804.7
2805.33
2806.08
2807
2808.13
2809.48
2811.03
2812.79
2814.75
2816.91
2819.27
2821.84
2824.62
2827.59
2830.78
2834.18
2837.8
2841.63
2845.7
2849.98
2854.49
2859.21
2864.15
2869.32
2874.7
2880.29
2886.1
2892.12
2898.35
2904.79
2911.43
2918.27
2925.31
2932.54
2939.94
2947.53
2955.29
2963.21
2971.29
2979.52
2987.89
2996.39
3005.01
3013.74
3022.54
3031.4
3040.3
3049.21
3058.11
3066.96
3075.74
3084.39
3092.86
3101.12
3109.1
3116.7
3123.86
3130.46
3136.41
3141.59
3145.73
3148.8
3150.56
3150.97
3149.33
3145.51
3139.1
3129.54
3116.58
3099.55
3078.06
3051.23
3018.3
2978.28
2931.04
2875.49
2811.01
2735.54
2651.12
2552.63
2450.58
2290.48
2976.46
2832
2835.48
2833.37
2827.92
2822.56
2818.31
2815.23
2813.3
2812.24
2811.52
2810.71
2809.66
2808.68
2807.96
2807.44
2806.76
2805.43
2803.08
2800.13
2797.73
2796.54
2796.29
2796.54
2797.57
2798.78
2799.76
2800.57
2801.26
2801.84
2802.41
2803.05
2803.73
2804.41
2805.04
2805.65
2806.26
2806.88
2807.54
2808.26
2809.06
2809.98
2811.07
2812.34
2813.84
2815.55
2817.46
2819.57
2821.88
2824.4
2827.13
2830.06
2833.19
2836.53
2840.09
2843.87
2847.87
2852.1
2856.56
2861.24
2866.14
2871.27
2876.62
2882.2
2888
2894.02
2900.26
2906.72
2913.4
2920.3
2927.41
2934.73
2942.25
2949.96
2957.88
2965.99
2974.28
2982.75
2991.4
3000.21
3009.18
3018.31
3027.58
3036.97
3046.46
3056.04
3065.68
3075.38
3085.09
3094.81
3104.47
3114.06
3123.54
3132.84
3141.91
3150.68
3159.05
3166.95
3174.25
3180.84
3186.6
3191.21
3194.63
3196.6
3197.03
3195.1
3190.68
3183.29
3172.36
3157.37
3137.46
3111.92
3079.82
3040.69
2993.29
2936.81
2869.89
2791.37
2700.38
2598.37
2450.71
2947.78
2820.17
2826.53
2828.63
2826.18
2821.24
2816.38
2812.55
2809.97
2808.55
2807.92
2807.64
2807.29
2806.91
2806.7
2806.53
2806.14
2805.25
2803.44
2800.83
2798.44
2797.19
2796.95
2797.3
2798.53
2799.96
2801.15
2802.14
2802.98
2803.69
2804.37
2805.11
2805.91
2806.73
2807.52
2808.3
2809.09
2809.9
2810.75
2811.65
2812.63
2813.72
2814.96
2816.4
2818.04
2819.9
2821.96
2824.22
2826.69
2829.36
2832.23
2835.32
2838.6
2842.1
2845.81
2849.74
2853.89
2858.28
2862.9
2867.75
2872.82
2878.12
2883.66
2889.42
2895.41
2901.63
2908.08
2914.75
2921.65
2928.78
2936.13
2943.7
2951.49
2959.5
2967.71
2976.13
2984.76
2993.58
3002.61
3011.82
3021.22
3030.8
3040.55
3050.47
3060.53
3070.71
3081.01
3091.41
3101.89
3112.42
3122.99
3133.56
3144.09
3154.56
3164.91
3175.08
3185
3194.62
3203.82
3212.52
3220.58
3227.87
3234.27
3239.4
3243.2
3245.34
3245.74
3243.35
3238.02
3228.94
3215.66
3197.33
3173.06
3141.89
3102.35
3053.81
2994.52
2922.46
2838.47
2737.5
2602.22
2926.22
2807.28
2815.9
2822.33
2822.84
2819.79
2814.85
2810.45
2807.21
2805.27
2804.47
2804.39
2804.51
2804.64
2804.98
2805.26
2805.29
2804.82
2803.53
2801.44
2799.24
2797.98
2797.72
2798.13
2799.51
2801.11
2802.47
2803.63
2804.61
2805.44
2806.22
2807.06
2807.98
2808.93
2809.87
2810.81
2811.77
2812.76
2813.79
2814.88
2816.04
2817.3
2818.7
2820.29
2822.09
2824.1
2826.31
2828.72
2831.32
2834.14
2837.16
2840.39
2843.83
2847.47
2851.33
2855.4
2859.71
2864.25
2869.02
2874.03
2879.26
2884.73
2890.43
2896.37
2902.54
2908.94
2915.57
2922.44
2929.55
2936.89
2944.46
2952.27
2960.3
2968.56
2977.04
2985.74
2994.67
3003.82
3013.18
3022.74
3032.52
3042.5
3052.69
3063.06
3073.62
3084.33
3095.2
3106.21
3117.36
3128.62
3139.97
3151.38
3162.84
3174.32
3185.79
3197.18
3208.46
3219.57
3230.42
3240.96
3251.06
3260.64
3269.55
3277.63
3284.72
3290.35
3294.5
3296.72
3296.97
3293.76
3287.41
3276.43
3260.53
3238.26
3208.48
3170.35
3121.11
3058.83
2983.26
2888.52
2762.1
2910.17
2794.69
2803.76
2814.36
2818.25
2817.37
2813.28
2808.73
2805.13
2802.72
2801.44
2801.16
2801.38
2801.85
2802.69
2803.53
2804.02
2804.06
2803.37
2801.87
2800.03
2798.87
2798.61
2799.07
2800.54
2802.26
2803.74
2805.03
2806.14
2807.08
2807.96
2808.9
2809.93
2811.01
2812.09
2813.19
2814.31
2815.47
2816.68
2817.95
2819.29
2820.72
2822.28
2824.02
2825.97
2828.13
2830.49
2833.04
2835.79
2838.75
2841.91
2845.29
2848.86
2852.65
2856.65
2860.86
2865.31
2869.99
2874.91
2880.07
2885.46
2891.08
2896.93
2903.03
2909.36
2915.94
2922.74
2929.79
2937.09
2944.62
2952.39
2960.41
2968.66
2977.15
2985.87
2994.83
3004.02
3013.45
3023.1
3032.99
3043.1
3053.44
3064
3074.78
3085.77
3096.95
3108.32
3119.87
3131.59
3143.48
3155.51
3167.66
3179.92
3192.27
3204.7
3217.14
3229.58
3241.96
3254.24
3266.35
3278.21
3289.76
3300.86
3311.42
3321.27
3330.19
3338.04
3344.2
3348.75
3351.03
3351.13
3346.66
3338.5
3324.36
3303.87
3275.31
3235.44
3182.43
3114.01
3026.53
2909.19
2898.48
2783.4
2790.72
2804.45
2812.21
2813.9
2811.67
2807.44
2803.66
2800.9
2799.01
2798.17
2798.14
2798.6
2799.72
2801.14
2802.32
2802.95
2802.75
2801.97
2800.65
2799.79
2799.61
2800.14
2801.66
2803.41
2804.98
2806.37
2807.57
2808.61
2809.59
2810.63
2811.77
2812.97
2814.2
2815.44
2816.72
2818.05
2819.43
2820.87
2822.38
2823.97
2825.7
2827.6
2829.7
2832.01
2834.51
2837.2
2840.09
2843.18
2846.49
2850
2853.72
2857.64
2861.77
2866.13
2870.71
2875.53
2880.59
2885.88
2891.41
2897.18
2903.18
2909.43
2915.92
2922.65
2929.62
2936.83
2944.29
2952
2959.96
2968.16
2976.61
2985.31
2994.24
3003.43
3012.86
3022.54
3032.46
3042.63
3053.03
3063.68
3074.58
3085.71
3097.07
3108.66
3120.46
3132.48
3144.7
3157.13
3169.74
3182.52
3195.47
3208.56
3221.8
3235.14
3248.56
3262.03
3275.51
3288.95
3302.3
3315.51
3328.48
3341.16
3353.37
3365.03
3375.92
3385.78
3394.43
3401.12
3405.99
3408.12
3407.28
3400.99
3389.91
3371.52
3343.53
3303.33
3244.81
3166.63
3056.93
2889.81
2773.61
2778.27
2793.09
2805.16
2809.82
2809.4
2806.2
2802.45
2799.57
2797.23
2795.61
2794.98
2795.17
2796.25
2798.1
2800.03
2801.45
2801.92
2801.74
2801.09
2800.68
2800.66
2801.32
2802.84
2804.58
2806.19
2807.64
2808.92
2810.05
2811.12
2812.26
2813.51
2814.83
2816.19
2817.58
2819.01
2820.5
2822.05
2823.65
2825.32
2827.08
2828.96
2831.02
2833.27
2835.72
2838.37
2841.2
2844.22
2847.45
2850.89
2854.53
2858.38
2862.43
2866.7
2871.18
2875.9
2880.85
2886.04
2891.47
2897.13
2903.03
2909.17
2915.56
2922.19
2929.06
2936.18
2943.55
2951.16
2959.03
2967.15
2975.53
2984.16
2993.04
3002.17
3011.56
3021.2
3031.1
3041.26
3051.67
3062.34
3073.26
3084.44
3095.88
3107.57
3119.51
3131.69
3144.11
3156.76
3169.64
3182.75
3196.08
3209.6
3223.33
3237.26
3251.35
3265.6
3279.98
3294.46
3309.03
3323.63
3338.22
3352.76
3367.18
3381.4
3395.33
3408.78
3421.67
3433.7
3444.64
3454.21
3461.63
3466.94
3469.03
3467.39
3459.22
3443.42
3416
3368.28
3303.09
3200.55
2882.84
2765.87
2768.23
2781.61
2796.82
2804.58
2806.22
2804.47
2801.17
2798.37
2795.98
2793.79
2792.34
2791.93
2792.62
2794.58
2797.22
2799.62
2800.83
2801.26
2801.34
2801.45
2801.75
2802.56
2804.05
2805.77
2807.39
2808.88
2810.2
2811.39
2812.55
2813.79
2815.15
2816.59
2818.08
2819.61
2821.19
2822.84
2824.54
2826.3
2828.13
2830.05
2832.09
2834.29
2836.7
2839.29
2842.07
2845.04
2848.19
2851.55
2855.12
2858.9
2862.87
2867.05
2871.44
2876.05
2880.89
2885.97
2891.28
2896.84
2902.63
2908.66
2914.93
2921.44
2928.21
2935.21
2942.47
2949.98
2957.74
2965.75
2974.03
2982.56
2991.35
3000.39
3009.7
3019.27
3029.11
3039.21
3049.57
3060.2
3071.1
3082.27
3093.7
3105.41
3117.39
3129.64
3142.14
3154.91
3167.93
3181.21
3194.75
3208.53
3222.56
3236.83
3251.33
3266.06
3281.01
3296.15
3311.48
3326.97
3342.6
3358.34
3374.17
3390.04
3405.9
3421.69
3437.3
3452.65
3467.52
3481.83
3495.23
3507.5
3517.99
3525.93
3531.12
3532.42
3528.1
3514.34
3481.74
3435.78
3345.36
2876.5
2760.73
2760.3
2770.21
2786.69
2798.1
2801.99
2801.77
2799.67
2797.23
2794.96
2792.59
2790.44
2789.27
2789.35
2790.93
2794.09
2797.46
2799.59
2800.79
2801.43
2802.11
2802.82
2803.81
2805.27
2806.94
2808.56
2810.06
2811.41
2812.66
2813.9
2815.24
2816.7
2818.26
2819.88
2821.55
2823.28
2825.07
2826.92
2828.84
2830.82
2832.88
2835.07
2837.43
2839.98
2842.71
2845.63
2848.72
2852.01
2855.49
2859.19
2863.09
2867.18
2871.48
2875.99
2880.73
2885.69
2890.88
2896.32
2901.99
2907.9
2914.05
2920.44
2927.08
2933.97
2941.11
2948.49
2956.13
2964.02
2972.17
2980.58
2989.26
2998.2
3007.4
3016.86
3026.6
3036.61
3046.89
3057.45
3068.27
3079.38
3090.76
3102.43
3114.38
3126.62
3139.14
3151.93
3165
3178.35
3191.98
3205.89
3220.07
3234.52
3249.25
3264.25
3279.53
3295.06
3310.84
3326.87
3343.14
3359.63
3376.32
3393.2
3410.25
3427.45
3444.74
3462.08
3479.4
3496.58
3513.52
3530.02
3545.98
3560.95
3574.73
3586.33
3595.27
3600.87
3601.01
3585.47
3560.16
3494.77
2869.36
2756.74
2753.78
2759.9
2775.88
2790.51
2797.08
2798.61
2797.87
2796.13
2794.08
2791.62
2789.01
2787.2
2786.73
2787.7
2790.96
2795.15
2798.3
2800.32
2801.56
2802.73
2803.82
2804.99
2806.44
2808.08
2809.68
2811.18
2812.56
2813.86
2815.18
2816.62
2818.2
2819.87
2821.61
2823.41
2825.27
2827.21
2829.21
2831.26
2833.39
2835.6
2837.93
2840.44
2843.13
2846
2849.04
2852.26
2855.67
2859.28
2863.1
2867.12
2871.33
2875.75
2880.37
2885.22
2890.3
2895.61
2901.16
2906.95
2912.97
2919.24
2925.75
2932.5
2939.51
2946.76
2954.26
2962.02
2970.04
2978.32
2986.86
2995.67
3004.74
3014.09
3023.7
3033.59
3043.76
3054.2
3064.93
3075.94
3087.24
3098.82
3110.69
3122.86
3135.33
3148.09
3161.14
3174.48
3188.12
3202.05
3216.29
3230.82
3245.65
3260.78
3276.21
3291.95
3307.98
3324.31
3340.94
3357.85
3375.06
3392.53
3410.29
3428.31
3446.58
3465.09
3483.81
3502.7
3521.71
3540.76
3559.77
3578.63
3597.13
3615.13
3631.94
3647.46
3660.13
3669.54
3672.5
3662.74
3634.01
2860.58
2752.48
2748.43
2751.57
2765.71
2782.33
2791.94
2795.3
2795.91
2795.09
2793.34
2790.84
2787.86
2785.48
2784.6
2785.16
2788.16
2792.94
2797.06
2799.89
2801.72
2803.3
2804.7
2806.05
2807.52
2809.12
2810.71
2812.22
2813.62
2814.99
2816.4
2817.94
2819.63
2821.41
2823.26
2825.19
2827.19
2829.26
2831.39
2833.58
2835.84
2838.19
2840.67
2843.31
2846.14
2849.14
2852.31
2855.65
2859.18
2862.91
2866.85
2870.98
2875.3
2879.83
2884.57
2889.53
2894.72
2900.14
2905.8
2911.7
2917.84
2924.21
2930.83
2937.69
2944.81
2952.18
2959.79
2967.67
2975.8
2984.2
2992.87
3001.8
3011.01
3020.49
3030.24
3040.27
3050.59
3061.2
3072.09
3083.26
3094.74
3106.51
3118.58
3130.95
3143.63
3156.62
3169.9
3183.5
3197.4
3211.62
3226.15
3241
3256.16
3271.65
3287.46
3303.61
3320.08
3336.88
3354.01
3371.48
3389.28
3407.42
3425.88
3444.69
3463.83
3483.31
3503.11
3523.22
3543.61
3564.23
3585.07
3606.01
3627.02
3647.93
3668.5
3688.63
3707.48
3724.52
3738.07
3742.83
3744.72
2849.97
2748.19
2743.69
2745.12
2756.74
2774.23
2786.66
2792.06
2793.91
2794
2792.7
2790.17
2786.9
2784.06
2782.89
2783.25
2785.99
2791.08
2795.97
2799.5
2801.88
2803.81
2805.47
2806.97
2808.48
2810.07
2811.66
2813.17
2814.62
2816.06
2817.56
2819.21
2821
2822.88
2824.85
2826.9
2829.02
2831.22
2833.48
2835.8
2838.18
2840.67
2843.28
2846.07
2849.03
2852.15
2855.44
2858.9
2862.55
2866.39
2870.44
2874.67
2879.11
2883.74
2888.59
2893.66
2898.95
2904.48
2910.25
2916.25
2922.49
2928.97
2935.69
2942.66
2949.88
2957.36
2965.08
2973.06
2981.31
2989.82
2998.6
3007.66
3016.98
3026.59
3036.47
3046.64
3057.1
3067.85
3078.89
3090.23
3101.86
3113.81
3126.06
3138.62
3151.5
3164.69
3178.2
3192.02
3206.16
3220.63
3235.44
3250.57
3266.03
3281.84
3297.99
3314.5
3331.35
3348.56
3366.13
3384.07
3402.37
3421.05
3440.09
3459.54
3479.36
3499.59
3520.2
3541.21
3562.59
3584.33
3606.42
3628.78
3651.47
3674.25
3697.07
3719.72
3741.6
3762.75
3780.89
3793.88
3808.3
2837.52
2744.12
2739.36
2739.77
2748.97
2766.63
2781.38
2788.81
2791.98
2792.94
2791.95
2789.5
2786.03
2782.88
2781.57
2781.82
2784.47
2789.71
2795.1
2799.18
2802.03
2804.24
2806.1
2807.73
2809.3
2810.89
2812.49
2814.04
2815.54
2817.06
2818.66
2820.42
2822.3
2824.29
2826.37
2828.53
2830.77
2833.09
2835.47
2837.91
2840.42
2843.03
2845.78
2848.7
2851.78
2855.02
2858.42
2861.99
2865.75
2869.71
2873.86
2878.2
2882.74
2887.47
2892.42
2897.59
2902.99
2908.63
2914.49
2920.59
2926.93
2933.51
2940.33
2947.4
2954.72
2962.3
2970.13
2978.21
2986.57
2995.18
3004.08
3013.24
3022.69
3032.41
3042.42
3052.72
3063.31
3074.2
3085.39
3096.88
3108.67
3120.78
3133.2
3145.94
3159.01
3172.39
3186.1
3200.14
3214.51
3229.21
3244.26
3259.65
3275.38
3291.47
3307.92
3324.74
3341.92
3359.48
3377.41
3395.74
3414.45
3433.57
3453.07
3473
3493.33
3514.1
3535.28
3556.89
3578.89
3601.3
3624.07
3647.15
3670.56
3694.09
3717.81
3741.13
3763.8
3785.84
3804.7
3819.95
3832.68
2823.26
2740.28
2735.31
2734.98
2742.27
2759.69
2776.25
2785.6
2790.11
2791.72
2791.01
2788.74
2785.16
2781.91
2780.6
2780.85
2783.53
2788.84
2794.5
2798.95
2802.16
2804.57
2806.59
2808.35
2809.98
2811.6
2813.23
2814.82
2816.38
2817.98
2819.69
2821.55
2823.54
2825.63
2827.81
2830.09
2832.44
2834.87
2837.36
2839.91
2842.54
2845.28
2848.16
2851.2
2854.4
2857.76
2861.26
2864.94
2868.81
2872.87
2877.12
2881.56
2886.19
2891.02
2896.07
2901.34
2906.84
2912.56
2918.53
2924.72
2931.15
2937.82
2944.74
2951.9
2959.32
2966.99
2974.91
2983.09
2991.54
3000.26
3009.26
3018.53
3028.08
3037.92
3048.04
3058.46
3069.18
3080.2
3091.52
3103.15
3115.09
3127.35
3139.93
3152.84
3166.07
3179.64
3193.54
3207.77
3222.34
3237.26
3252.53
3268.15
3284.12
3300.46
3317.17
3334.27
3351.73
3369.58
3387.81
3406.44
3425.46
3444.89
3464.71
3484.97
3505.61
3526.7
3548.16
3570.06
3592.29
3614.89
3637.76
3660.92
3684.16
3707.21
3730.27
3752.66
3774.15
3793.11
3808.67
3818.96
3827.14
2807.47
2736.47
2731.38
2730.53
2736.46
2753.55
2771.52
2782.52
2788.25
2790.22
2789.93
2787.8
2784.27
2781.12
2779.97
2780.29
2783.07
2788.38
2794.14
2798.79
2802.22
2804.78
2806.95
2808.82
2810.54
2812.22
2813.89
2815.52
2817.15
2818.84
2820.66
2822.62
2824.7
2826.89
2829.18
2831.56
2834.02
2836.56
2839.16
2841.82
2844.56
2847.41
2850.42
2853.58
2856.89
2860.35
2863.96
2867.74
2871.71
2875.87
2880.21
2884.74
2889.46
2894.39
2899.53
2904.89
2910.48
2916.3
2922.35
2928.63
2935.15
2941.91
2948.91
2956.17
2963.67
2971.43
2979.44
2987.72
2996.26
3005.07
3014.17
3023.54
3033.19
3043.14
3053.37
3063.91
3074.74
3085.88
3097.33
3109.09
3121.17
3133.57
3146.3
3159.36
3172.76
3186.49
3200.55
3214.96
3229.71
3244.81
3260.27
3276.09
3292.27
3308.82
3325.74
3343.05
3360.74
3378.81
3397.27
3416.13
3435.36
3455
3475
3495.42
3516.19
3537.37
3558.84
3580.68
3602.74
3625.11
3647.46
3669.93
3692.2
3714.61
3735.63
3755.27
3772.52
3787.33
3797.82
3802.58
3800.83
2791.05
2732.28
2727.43
2726.36
2731.57
2748.38
2767.33
2779.64
2786.25
2788.48
2788.68
2786.69
2783.4
2780.57
2779.65
2780.1
2783.01
2788.31
2794
2798.65
2802.17
2804.89
2807.18
2809.18
2811
2812.74
2814.46
2816.16
2817.86
2819.64
2821.56
2823.62
2825.8
2828.08
2830.47
2832.95
2835.52
2838.16
2840.85
2843.62
2846.47
2849.44
2852.56
2855.84
2859.25
2862.8
2866.51
2870.38
2874.45
2878.7
2883.13
2887.75
2892.55
2897.57
2902.8
2908.24
2913.92
2919.82
2925.95
2932.32
2938.92
2945.76
2952.84
2960.18
2967.76
2975.6
2983.7
2992.06
3000.68
3009.59
3018.77
3028.23
3037.98
3048.02
3058.36
3069
3079.94
3091.2
3102.76
3114.65
3126.85
3139.38
3152.24
3165.44
3178.98
3192.86
3207.07
3221.64
3236.55
3251.82
3267.45
3283.44
3299.79
3316.5
3333.59
3351.06
3368.9
3387.11
3405.69
3424.66
3443.98
3463.67
3483.7
3504.09
3524.76
3545.76
3566.97
3588.45
3609.91
3631.53
3653.12
3674.68
3695.1
3714.54
3732.17
3748.11
3761.38
3770.91
3776.42
3777.09
3769.28
2775.19
2727.04
2723.26
2722.53
2727.58
2744.16
2763.67
2776.91
2784.03
2786.59
2787.31
2785.51
2782.65
2780.28
2779.58
2780.23
2783.32
2788.54
2794.02
2798.54
2802.06
2804.91
2807.31
2809.44
2811.38
2813.21
2814.98
2816.73
2818.5
2820.37
2822.39
2824.54
2826.82
2829.2
2831.69
2834.27
2836.94
2839.67
2842.46
2845.32
2848.27
2851.36
2854.59
2857.97
2861.47
2865.11
2868.91
2872.88
2877.03
2881.37
2885.88
2890.58
2895.46
2900.56
2905.87
2911.4
2917.15
2923.14
2929.35
2935.79
2942.46
2949.38
2956.54
2963.95
2971.61
2979.53
2987.7
2996.14
3004.85
3013.83
3023.1
3032.65
3042.49
3052.62
3063.05
3073.79
3084.83
3096.19
3107.86
3119.86
3132.18
3144.82
3157.81
3171.13
3184.79
3198.8
3213.14
3227.83
3242.88
3258.27
3274.03
3290.15
3306.62
3323.46
3340.67
3358.24
3376.17
3394.45
3413.08
3432.05
3451.34
3470.94
3490.81
3510.95
3531.31
3551.88
3572.46
3593.21
3614.1
3634.66
3654.47
3673.21
3691.05
3707.35
3721.89
3733.98
3742.78
3748.24
3748.81
3745.39
3733.97
2754.94
2723.4
2720.24
2719.42
2724.29
2740.67
2760.45
2774.26
2781.63
2784.67
2785.88
2784.41
2782.07
2780.21
2779.8
2780.65
2783.81
2788.84
2794.01
2798.38
2801.89
2804.83
2807.39
2809.66
2811.71
2813.62
2815.46
2817.26
2819.1
2821.06
2823.17
2825.41
2827.78
2830.26
2832.84
2835.51
2838.27
2841.09
2843.97
2846.92
2849.98
2853.17
2856.5
2859.97
2863.56
2867.28
2871.17
2875.22
2879.46
2883.87
2888.46
2893.23
2898.19
2903.37
2908.75
2914.36
2920.19
2926.24
2932.52
2939.03
2945.78
2952.76
2959.99
2967.47
2975.2
2983.19
2991.43
2999.94
3008.72
3017.78
3027.12
3036.75
3046.67
3056.89
3067.41
3078.23
3089.37
3100.82
3112.59
3124.68
3137.1
3149.86
3162.95
3176.38
3190.15
3204.26
3218.72
3233.52
3248.67
3264.17
3280.03
3296.22
3312.77
3329.66
3346.91
3364.5
3382.42
3400.66
3419.22
3438.07
3457.18
3476.53
3496.1
3515.8
3535.6
3555.48
3575.63
3595.33
3614.51
3632.75
3650.32
3666.79
3681.9
3695.05
3705.9
3714.1
3719.09
3720.82
3716.83
3711.18
3698
2729.12
2721.4
2718.16
2717.06
2721.56
2737.75
2757.62
2771.71
2779.22
2782.84
2784.46
2783.41
2781.72
2780.45
2780.26
2781.25
2784.36
2789.14
2793.98
2798.18
2801.69
2804.75
2807.45
2809.86
2812.01
2813.99
2815.88
2817.74
2819.65
2821.69
2823.89
2826.22
2828.68
2831.25
2833.92
2836.68
2839.52
2842.42
2845.39
2848.43
2851.58
2854.87
2858.3
2861.85
2865.51
2869.32
2873.28
2877.42
2881.73
2886.22
2890.87
2895.71
2900.75
2905.99
2911.45
2917.13
2923.02
2929.14
2935.49
2942.07
2948.88
2955.93
2963.22
2970.77
2978.56
2986.61
2994.92
3003.5
3012.35
3021.47
3030.89
3040.59
3050.58
3060.88
3071.47
3082.38
3093.6
3105.13
3116.99
3129.17
3141.68
3154.52
3167.7
3181.22
3195.08
3209.27
3223.81
3238.68
3253.91
3269.47
3285.39
3301.63
3318.21
3335.12
3352.36
3369.89
3387.73
3405.82
3424.18
3442.75
3461.55
3480.45
3499.49
3518.65
3538.02
3556.95
3575.45
3593.17
3610.36
3626.8
3642.1
3655.87
3667.89
3677.74
3685.1
3689.88
3691.59
3690.01
3683.68
3676.1
3662.42
2703.55
2719.45
2715.78
2714.58
2718.81
2735.19
2755.23
2769.39
2776.97
2781.16
2783.09
2782.62
2781.61
2780.88
2780.89
2781.94
2784.89
2789.32
2793.84
2797.89
2801.46
2804.65
2807.5
2810.03
2812.28
2814.32
2816.25
2818.17
2820.15
2822.28
2824.55
2826.97
2829.51
2832.17
2834.93
2837.78
2840.7
2843.68
2846.72
2849.85
2853.09
2856.47
2859.98
2863.61
2867.34
2871.22
2875.26
2879.47
2883.85
2888.4
2893.12
2898.03
2903.13
2908.44
2913.97
2919.71
2925.67
2931.85
2938.25
2944.89
2951.76
2958.87
2966.22
2973.83
2981.68
2989.78
2998.15
3006.79
3015.7
3024.89
3034.37
3044.14
3054.2
3064.56
3075.22
3086.2
3097.5
3109.11
3121.04
3133.29
3145.88
3158.8
3172.05
3185.64
3199.57
3213.83
3228.42
3243.35
3258.6
3274.19
3290.1
3306.32
3322.86
3339.69
3356.83
3374.22
3391.86
3409.71
3427.79
3445.96
3464.28
3482.72
3501.31
3519.55
3537.33
3554.69
3571.55
3587.86
3603.19
3617.28
3629.94
3640.87
3649.81
3656.57
3660.74
3662.74
3661.52
3657.65
3650.28
3641.4
3627.82
2682.53
2717.29
2712.38
2711.17
2715.82
2732.96
2753.24
2767.27
2774.96
2779.64
2781.8
2782.06
2781.74
2781.41
2781.56
2782.6
2785.32
2789.42
2793.64
2797.59
2801.22
2804.55
2807.54
2810.18
2812.49
2814.59
2816.57
2818.55
2820.61
2822.81
2825.17
2827.67
2830.3
2833.04
2835.88
2838.8
2841.79
2844.85
2847.97
2851.18
2854.51
2857.97
2861.56
2865.24
2869.05
2873
2877.11
2881.39
2885.83
2890.44
2895.22
2900.19
2905.35
2910.73
2916.31
2922.11
2928.13
2934.37
2940.83
2947.52
2954.44
2961.61
2969.02
2976.68
2984.58
2992.74
3001.16
3009.86
3018.82
3028.07
3037.61
3047.43
3057.56
3067.98
3078.71
3089.75
3101.11
3112.78
3124.78
3137.09
3149.74
3162.72
3176.02
3189.66
3203.62
3217.92
3232.53
3247.47
3262.74
3278.31
3294.19
3310.35
3326.79
3343.48
3360.42
3377.57
3394.93
3412.4
3430.03
3447.84
3465.72
3483.33
3500.5
3517.38
3533.86
3549.86
3565.05
3579.28
3592.34
3604
3614.04
3622.2
3628.34
3632.29
3634.04
3633.66
3630.15
3625.01
3617.09
3607.71
3594.38
2661.94
2715.09
2709.23
2708.26
2713.39
2731.11
2751.47
2765.31
2773.2
2778.24
2780.7
2781.66
2782.05
2782.07
2782.26
2783.17
2785.6
2789.41
2793.41
2797.29
2801
2804.46
2807.56
2810.29
2812.67
2814.81
2816.85
2818.89
2821.02
2823.3
2825.74
2828.32
2831.03
2833.85
2836.76
2839.76
2842.82
2845.94
2849.13
2852.42
2855.84
2859.37
2863.02
2866.77
2870.64
2874.65
2878.83
2883.17
2887.67
2892.33
2897.17
2902.19
2907.42
2912.85
2918.49
2924.35
2930.42
2936.71
2943.22
2949.96
2956.93
2964.15
2971.61
2979.31
2987.26
2995.47
3003.95
3012.69
3021.71
3031.01
3040.59
3050.47
3060.65
3071.12
3081.91
3093.01
3104.42
3116.14
3128.18
3140.55
3153.24
3166.26
3179.61
3193.28
3207.27
3221.56
3236.17
3251.07
3266.28
3281.78
3297.55
3313.57
3329.83
3346.31
3363
3379.81
3396.79
3413.93
3431.16
3448.18
3464.8
3481.22
3497.36
3513.1
3528.16
3542.4
3555.66
3567.78
3578.54
3587.74
3595.21
3600.84
3604.35
3606.13
3605.73
3603.26
3598.59
3592.42
3584.34
3574.88
3561.95
2641.7
2712.13
2706.12
2705.59
2711.57
2729.9
2750.05
2763.53
2771.61
2776.98
2779.87
2781.52
2782.4
2782.73
2782.92
2783.66
2785.78
2789.34
2793.18
2797.03
2800.8
2804.37
2807.57
2810.36
2812.79
2814.99
2817.08
2819.19
2821.4
2823.76
2826.27
2828.93
2831.71
2834.6
2837.59
2840.65
2843.78
2846.96
2850.22
2853.58
2857.07
2860.68
2864.38
2868.19
2872.11
2876.19
2880.42
2884.82
2889.37
2894.09
2898.98
2904.06
2909.34
2914.82
2920.52
2926.42
2932.54
2938.88
2945.44
2952.23
2959.25
2966.51
2974.02
2981.76
2989.76
2998.01
3006.53
3015.32
3024.38
3033.73
3043.37
3053.29
3063.51
3074.04
3084.87
3096.01
3107.46
3119.23
3131.31
3143.71
3156.43
3169.47
3182.82
3196.49
3210.47
3224.74
3239.31
3254.16
3269.28
3284.66
3300.27
3316.08
3332.1
3348.27
3364.6
3381.14
3397.74
3414.2
3430.31
3446.27
3462.02
3477.41
3492.22
3506.37
3519.71
3532.09
3543.32
3553.27
3561.76
3568.63
3573.8
3577.13
3578.72
3578.64
3576.25
3572.68
3567.12
3560.36
3552.32
3543.04
3530.56
2622.53
2709.06
2703.26
2702.91
2709.84
2728.76
2748.73
2761.95
2770.25
2775.88
2779.28
2781.53
2782.81
2783.31
2783.42
2783.99
2785.87
2789.26
2792.98
2796.8
2800.64
2804.29
2807.57
2810.4
2812.89
2815.13
2817.28
2819.45
2821.74
2824.18
2826.77
2829.5
2832.35
2835.31
2838.36
2841.48
2844.67
2847.91
2851.24
2854.67
2858.23
2861.89
2865.65
2869.5
2873.48
2877.62
2881.91
2886.36
2890.96
2895.72
2900.66
2905.79
2911.12
2916.66
2922.4
2928.35
2934.51
2940.9
2947.5
2954.33
2961.4
2968.7
2976.24
2984.03
2992.07
3000.36
3008.92
3017.75
3026.85
3036.24
3045.92
3055.88
3066.14
3076.71
3087.58
3098.75
3110.24
3122.03
3134.13
3146.55
3159.29
3172.33
3185.68
3199.32
3213.25
3227.46
3241.93
3256.66
3271.64
3286.83
3302.21
3317.75
3333.48
3349.38
3365.41
3381.32
3396.92
3412.43
3427.81
3442.91
3457.53
3471.58
3484.96
3497.52
3509.11
3519.59
3528.78
3536.59
3542.86
3547.57
3550.52
3552.02
3551.83
3549.91
3546.47
3541.94
3535.87
3528.79
3520.84
3511.81
3499.79
2604.47
2705.83
2700.48
2700.39
2708.35
2727.83
2747.55
2760.56
2769.07
2774.99
2778.94
2781.68
2783.24
2783.79
2783.81
2784.23
2785.89
2789.14
2792.79
2796.61
2800.5
2804.21
2807.53
2810.42
2812.94
2815.24
2817.44
2819.69
2822.06
2824.57
2827.23
2830.03
2832.95
2835.97
2839.08
2842.26
2845.5
2848.8
2852.19
2855.69
2859.3
2863.02
2866.82
2870.72
2874.76
2878.95
2883.29
2887.78
2892.43
2897.24
2902.23
2907.41
2912.79
2918.37
2924.15
2930.14
2936.35
2942.78
2949.42
2956.29
2963.4
2970.74
2978.32
2986.14
2994.22
3002.55
3011.14
3020.01
3029.15
3038.58
3048.28
3058.28
3068.58
3079.17
3090.07
3101.27
3112.77
3124.58
3136.69
3149.11
3161.83
3174.85
3188.16
3201.75
3215.61
3229.73
3244.08
3258.65
3273.44
3288.38
3303.45
3318.75
3334.22
3349.61
3364.77
3379.83
3394.81
3409.55
3423.88
3437.74
3451.03
3463.62
3475.38
3486.19
3495.92
3504.45
3511.66
3517.46
3521.79
3524.58
3525.96
3525.94
3524.03
3521.14
3516.78
3511.53
3505.1
3497.83
3489.99
3481.25
3469.69
2698.11
2707.03
2726.98
2746.47
2759.37
2768.08
2774.31
2778.79
2781.9
2783.6
2784.16
2784.12
2784.4
2785.88
2789.02
2792.62
2796.44
2800.37
2804.12
2807.48
2810.41
2812.97
2815.32
2817.59
2819.91
2822.35
2824.94
2827.67
2830.54
2833.52
2836.6
2839.76
2842.99
2846.29
2849.64
2853.09
2856.65
2860.31
2864.08
2867.92
2871.87
2875.96
2880.2
2884.59
2889.12
2893.81
2898.66
2903.7
2908.92
2914.35
2919.97
2925.79
2931.83
2938.08
2944.54
2951.22
2958.13
2965.27
2972.64
2980.26
2988.12
2996.22
3004.58
3013.21
3022.11
3031.28
3040.73
3050.47
3060.5
3070.82
3081.43
3092.35
3103.56
3115.07
3126.87
3138.98
3151.38
3164.07
3177.05
3190.3
3203.8
3217.54
3231.5
3245.68
3260.04
3274.57
3289.21
3304.08
3318.98
3333.66
3348.3
3362.87
3377.28
3391.36
3405.07
3418.31
3430.97
3442.91
3454.03
3464.21
3473.32
3481.24
3487.9
3493.18
3497.07
3499.49
3500.63
3500.38
3498.66
3495.65
3491.78
3486.75
3481.02
3474.47
3467.23
3459.57
3451.09
3439.8
2815.39
2817.72
2820.11
2822.63
2825.29
2828.1
2831.03
2834.07
2837.2
2840.42
2843.7
2847.04
2850.45
2853.95
2857.56
2861.28
2865.09
2868.98
2872.97
2877.11
2881.39
2885.82
2890.4
2895.13
2900.03
2905.1
2910.37
2915.84
2921.5
2927.36
2933.43
2939.72
2946.22
2952.93
2959.88
2967.05
2974.46
2982.1
2989.99
2998.12
3006.51
3015.17
3024.09
3033.29
3042.77
3052.53
3062.58
3072.91
3083.54
3094.47
3105.68
3117.18
3128.98
3141.05
3153.41
3166.05
3178.96
3192.12
3205.51
3219.11
3232.92
3246.91
3261.04
3275.28
3289.63
3304.02
3318.21
3332.38
3346.44
3360.22
3373.66
3386.7
3399.24
3411.17
3422.39
3432.77
3442.23
3450.66
3457.97
3464.09
3468.95
3472.5
3474.75
3475.77
3475.57
3473.88
3471.27
3467.45
3462.93
3457.45
3451.3
3444.53
3437.17
3429.47
3421.12
3410.03
2815.45
2817.85
2820.31
2822.91
2825.65
2828.52
2831.51
2834.61
2837.8
2841.07
2844.4
2847.79
2851.25
2854.8
2858.47
2862.23
2866.08
2870.01
2874.05
2878.23
2882.56
2887.03
2891.65
2896.42
2901.35
2906.47
2911.78
2917.28
2922.98
2928.88
2934.99
2941.3
2947.83
2954.58
2961.56
2968.76
2976.19
2983.86
2991.77
2999.93
3008.35
3017.02
3025.97
3035.19
3044.68
3054.46
3064.51
3074.86
3085.49
3096.41
3107.62
3119.11
3130.87
3142.9
3155.21
3167.78
3180.59
3193.61
3206.85
3220.27
3233.91
3247.79
3261.76
3275.78
3289.78
3303.59
3317.31
3330.87
3344.19
3357.2
3369.8
3381.87
3393.33
3404.07
3413.97
3422.92
3430.84
3437.63
3443.22
3447.57
3450.66
3452.46
3453.12
3452.51
3450.71
3447.78
3444.06
3439.32
3434.05
3428.04
3421.53
3414.63
3407.36
3399.87
3391.83
3380.94
2815.51
2817.98
2820.54
2823.22
2826.05
2829
2832.07
2835.23
2838.48
2841.8
2845.18
2848.62
2852.14
2855.76
2859.48
2863.28
2867.17
2871.14
2875.23
2879.46
2883.83
2888.34
2892.99
2897.8
2902.78
2907.93
2913.28
2918.81
2924.54
2930.47
2936.6
2942.95
2949.5
2956.27
2963.26
2970.47
2977.92
2985.6
2993.52
3001.68
3010.1
3018.78
3027.72
3036.93
3046.42
3056.18
3066.22
3076.55
3087.15
3098.03
3109.19
3120.62
3132.31
3144.26
3156.46
3168.91
3181.55
3194.4
3207.45
3220.71
3234.06
3247.39
3260.77
3274.17
3287.53
3300.81
3313.94
3326.82
3339.37
3351.52
3363.15
3374.19
3384.54
3394.12
3402.81
3410.54
3417.22
3422.79
3427.2
3430.42
3432.46
3433.37
3433.19
3431.68
3429.32
3425.88
3421.78
3416.77
3411.29
3405.2
3398.58
3391.63
3384.28
3376.69
3368.54
3358.47
2815.55
2818.11
2820.77
2823.55
2826.46
2829.5
2832.64
2835.87
2839.18
2842.55
2845.99
2849.48
2853.05
2856.72
2860.49
2864.34
2868.25
2872.27
2876.4
2880.66
2885.06
2889.6
2894.27
2899.11
2904.11
2909.28
2914.64
2920.19
2925.92
2931.85
2937.99
2944.32
2950.86
2957.62
2964.59
2971.78
2979.2
2986.85
2994.73
3002.85
3011.22
3019.84
3028.73
3037.88
3047.29
3056.98
3066.93
3077.16
3087.66
3098.43
3109.46
3120.76
3132.3
3144.12
3156.14
3168.39
3180.83
3193.44
3206.21
3219.1
3232.08
3245.14
3258.25
3271.31
3284.27
3297.09
3309.7
3322.02
3333.99
3345.52
3356.52
3366.89
3376.55
3385.42
3393.4
3400.42
3406.41
3411.33
3415.13
3417.82
3419.37
3419.92
3419.33
3417.6
3415.09
3411.56
3407.45
3402.51
3397.11
3391.17
3384.72
3377.99
3370.98
3363.84
3356.29
3346.63
2815.6
2818.26
2821.01
2823.9
2826.9
2830.02
2833.23
2836.53
2839.9
2843.33
2846.81
2850.36
2853.99
2857.72
2861.53
2865.41
2869.37
2873.42
2877.6
2881.9
2886.33
2890.9
2895.6
2900.46
2905.49
2910.69
2916.07
2921.63
2927.38
2933.32
2939.46
2945.79
2952.33
2959.08
2966.04
2973.22
2980.61
2988.23
2996.09
3004.17
3012.51
3021.09
3029.93
3039.02
3048.37
3057.99
3067.87
3078.01
3088.41
3099.06
3109.98
3121.14
3132.61
3144.29
3156.17
3168.18
3180.4
3192.78
3205.3
3217.92
3230.6
3243.28
3255.95
3268.56
3281.04
3293.34
3305.41
3317.14
3328.49
3339.35
3349.66
3359.31
3368.24
3376.36
3383.6
3389.88
3395.16
3399.4
3402.56
3404.65
3405.7
3405.8
3404.7
3402.7
3399.93
3396.21
3391.98
3386.99
3381.54
3375.65
3369.28
3362.66
3355.78
3348.69
3341.03
3330.8
2815.65
2818.41
2821.26
2824.24
2827.33
2830.53
2833.81
2837.17
2840.6
2844.08
2847.61
2851.21
2854.89
2858.67
2862.51
2866.43
2870.42
2874.52
2878.73
2883.06
2887.52
2892.11
2896.84
2901.73
2906.78
2911.99
2917.38
2922.95
2928.7
2934.65
2940.78
2947.11
2953.64
2960.37
2967.31
2974.46
2981.83
2989.42
2997.23
3005.28
3013.56
3022.09
3030.87
3039.9
3049.19
3058.73
3068.52
3078.57
3088.87
3099.41
3110.22
3121.3
3132.55
3143.96
3155.58
3167.41
3179.42
3191.56
3203.8
3216.11
3228.45
3240.79
3253.07
3265.26
3277.28
3289.08
3300.6
3311.76
3322.49
3332.72
3342.35
3351.31
3359.54
3366.95
3373.48
3379.08
3383.69
3387.29
3389.88
3391.44
3392.08
3391.72
3390.32
3388.07
3385.13
3381.31
3377.02
3372.06
3366.67
3360.88
3354.66
3348.21
3341.52
3334.66
3327.35
3318.04
2818.57
2821.52
2824.59
2827.76
2831.03
2834.38
2837.8
2841.28
2844.81
2848.4
2852.05
2855.78
2859.59
2863.48
2867.43
2871.45
2875.58
2879.83
2884.19
2888.68
2893.29
2898.05
2902.96
2908.02
2913.25
2918.65
2924.23
2929.99
2935.93
2942.06
2948.38
2954.89
2961.6
2968.52
2975.64
2982.97
2990.52
2998.29
3006.29
3014.53
3023
3031.71
3040.67
3049.88
3059.33
3069.03
3078.97
3089.16
3099.63
3110.33
3121.17
3132.23
3143.52
3154.99
3166.6
3178.34
3190.2
3202.14
3214.12
3226.11
3238.06
3249.92
3261.66
3273.19
3284.47
3295.44
3306.02
3316.14
3325.72
3334.69
3342.98
3350.52
3357.25
3363.11
3368.05
3372.03
3375.04
3377.09
3378.18
3378.4
3377.58
3375.94
3373.43
3370.31
3366.38
3362.01
3357.05
3351.67
3345.94
3339.81
3333.47
3326.92
3320.21
3313.02
3303.47
2818.74
2821.79
2824.94
2828.19
2831.52
2834.93
2838.41
2841.94
2845.52
2849.16
2852.86
2856.63
2860.48
2864.4
2868.38
2872.44
2876.6
2880.88
2885.27
2889.78
2894.41
2899.19
2904.12
2909.2
2914.44
2919.84
2925.42
2931.18
2937.11
2943.23
2949.54
2956.03
2962.72
2969.61
2976.7
2983.99
2991.49
2999.22
3007.16
3015.34
3023.75
3032.39
3041.28
3050.4
3059.76
3069.35
3079.2
3089.33
3099.65
3110.11
3120.8
3131.71
3142.78
3154.01
3165.39
3176.89
3188.47
3200.11
3211.76
3223.38
3234.94
3246.39
3257.66
3268.71
3279.47
3289.88
3299.88
3309.39
3318.34
3326.66
3334.29
3341.17
3347.24
3352.45
3356.76
3360.16
3362.62
3364.15
3364.83
3364.63
3363.44
3361.55
3358.81
3355.55
3351.53
3347.12
3342.17
3336.82
3331.17
3325.16
3318.95
3312.56
3306.02
3299.02
3289.9
2822.05
2825.29
2828.6
2832
2835.47
2839
2842.58
2846.21
2849.9
2853.64
2857.45
2861.34
2865.28
2869.29
2873.39
2877.58
2881.88
2886.29
2890.83
2895.49
2900.28
2905.22
2910.31
2915.56
2920.97
2926.55
2932.3
2938.22
2944.33
2950.62
2957.09
2963.75
2970.6
2977.65
2984.9
2992.36
3000.03
3007.92
3016.03
3024.37
3032.93
3041.73
3050.76
3060.03
3069.55
3079.31
3089.23
3099.35
3109.71
3120.25
3130.96
3141.84
3152.85
3163.99
3175.21
3186.5
3197.81
3209.11
3220.36
3231.52
3242.52
3253.34
3263.89
3274.12
3283.98
3293.39
3302.3
3310.64
3318.32
3325.31
3331.54
3336.98
3341.58
3345.3
3348.14
3350.09
3351.16
3351.44
3350.81
3349.33
3347.2
3344.26
3340.86
3336.76
3332.3
3327.36
3322.03
3316.45
3310.54
3304.44
3298.19
3291.79
3284.96
3275.94
2822.32
2825.63
2829.01
2832.47
2835.99
2839.57
2843.21
2846.88
2850.61
2854.39
2858.24
2862.15
2866.13
2870.17
2874.29
2878.51
2882.84
2887.27
2891.83
2896.5
2901.32
2906.27
2911.36
2916.61
2922.02
2927.59
2933.34
2939.25
2945.34
2951.61
2958.05
2964.68
2971.49
2978.5
2985.7
2993.1
3000.71
3008.54
3016.58
3024.84
3033.33
3042.04
3050.98
3060.17
3069.58
3079.14
3088.93
3098.93
3109.11
3119.46
3129.98
3140.63
3151.41
3162.29
3173.23
3184.22
3195.2
3206.14
3217.01
3227.75
3238.32
3248.66
3258.71
3268.42
3277.72
3286.56
3294.87
3302.59
3309.66
3316.02
3321.64
3326.47
3330.48
3333.64
3335.96
3337.41
3338.09
3337.98
3336.95
3335.23
3332.87
3329.76
3326.24
3322.08
3317.57
3312.66
3307.37
3301.86
3296.05
3290.07
3283.97
3277.73
3271.07
3262.29
2825.96
2829.41
2832.92
2836.49
2840.13
2843.81
2847.53
2851.3
2855.12
2859
2862.94
2866.94
2871.01
2875.16
2879.4
2883.75
2888.2
2892.78
2897.47
2902.3
2907.26
2912.35
2917.6
2923.01
2928.58
2934.31
2940.21
2946.27
2952.51
2958.92
2965.51
2972.28
2979.24
2986.39
2993.73
3001.28
3009.04
3017
3025.18
3033.58
3042.21
3051.08
3060.13
3069.36
3078.82
3088.47
3098.3
3108.31
3118.48
3128.78
3139.21
3149.75
3160.35
3171.01
3181.67
3192.32
3202.89
3213.37
3223.69
3233.81
3243.67
3253.22
3262.4
3271.15
3279.42
3287.14
3294.27
3300.74
3306.5
3311.52
3315.77
3319.23
3321.86
3323.69
3324.71
3325
3324.47
3323.16
3321.17
3318.62
3315.35
3311.72
3307.51
3302.96
3298.07
3292.82
3287.37
3281.66
3275.8
3269.83
3263.74
3257.24
3248.63
2826.28
2829.79
2833.35
2836.98
2840.66
2844.39
2848.15
2851.96
2855.81
2859.72
2863.69
2867.71
2871.81
2875.98
2880.25
2884.61
2889.09
2893.68
2898.39
2903.22
2908.18
2913.28
2918.53
2923.93
2929.48
2935.2
2941.08
2947.12
2953.33
2959.7
2966.25
2972.97
2979.88
2986.97
2994.25
3001.73
3009.41
3017.3
3025.39
3033.72
3042.27
3050.97
3059.88
3069.01
3078.33
3087.82
3097.48
3107.31
3117.27
3127.36
3137.55
3147.83
3158.16
3168.51
3178.85
3189.15
3199.35
3209.42
3219.31
3228.98
3238.36
3247.41
3256.06
3264.26
3271.96
3279.11
3285.66
3291.54
3296.73
3301.18
3304.88
3307.8
3309.94
3311.31
3311.94
3311.86
3310.93
3309.39
3307.15
3304.42
3301.02
3297.3
3293.06
3288.49
3283.62
3278.42
3273.05
3267.44
3261.71
3255.88
3249.94
3243.61
3235.23
2980.42
2987.44
2994.66
3002.06
3009.67
3017.47
3025.51
3033.74
3042.12
3050.72
3059.52
3068.5
3077.67
3087
3096.48
3106.12
3115.87
3125.73
3135.68
3145.69
3155.73
3165.78
3175.79
3185.72
3195.54
3205.2
3214.66
3223.87
3232.77
3241.32
3249.45
3257.11
3264.26
3270.85
3276.83
3282.15
3286.78
3290.68
3293.86
3296.28
3297.96
3298.91
3299.17
3298.69
3297.47
3295.68
3293.23
3290.34
3286.82
3283.02
3278.75
3274.16
3269.32
3264.17
3258.87
3253.37
3247.75
3242.07
3236.28
3230.13
3221.94
2980.85
2987.82
2994.96
3002.29
3009.81
3017.56
3025.47
3033.55
3041.85
3050.33
3058.99
3067.83
3076.84
3086
3095.3
3104.73
3114.27
3123.89
3133.59
3143.32
3153.07
3162.79
3172.46
3182.03
3191.46
3200.71
3209.73
3218.48
3226.9
3234.94
3242.55
3249.68
3256.29
3262.33
3267.75
3272.53
3276.63
3280.02
3282.69
3284.65
3285.88
3286.46
3286.37
3285.51
3284.05
3282.03
3279.38
3276.36
3272.75
3268.88
3264.59
3260
3255.2
3250.12
3244.9
3239.51
3234.02
3228.47
3222.84
3216.85
3208.92
2981.2
2988.09
2995.16
3002.41
3009.88
3017.5
3025.29
3033.28
3041.46
3049.8
3058.33
3067.01
3075.85
3084.83
3093.94
3103.16
3112.47
3121.86
3131.29
3140.74
3150.18
3159.58
3168.9
3178.1
3187.13
3195.97
3204.55
3212.84
3220.78
3228.33
3235.43
3242.04
3248.11
3253.62
3258.51
3262.77
3266.35
3269.25
3271.45
3272.97
3273.81
3274.04
3273.56
3272.42
3270.71
3268.49
3265.66
3262.51
3258.82
3254.9
3250.6
3246.01
3241.25
3236.24
3231.1
3225.82
3220.45
3215.06
3209.59
3203.78
3196.04
2981.46
2988.27
2995.27
3002.46
3009.79
3017.3
3025
3032.88
3040.92
3049.14
3057.51
3066.04
3074.7
3083.5
3092.41
3101.41
3110.49
3119.62
3128.78
3137.94
3147.07
3156.14
3165.1
3173.92
3182.56
3190.97
3199.12
3206.94
3214.41
3221.46
3228.06
3234.15
3239.71
3244.7
3249.08
3252.84
3255.93
3258.37
3260.13
3261.23
3261.72
3261.59
3260.75
3259.38
3257.44
3255.04
3252.06
3248.8
3245.06
3241.09
3236.8
3232.23
3227.52
3222.58
3217.53
3212.38
3207.15
3201.9
3196.58
3190.92
3183.36
2981.62
2988.37
2995.31
3002.37
3009.61
3017.02
3024.61
3032.36
3040.27
3048.34
3056.56
3064.92
3073.41
3082.01
3090.71
3099.49
3108.33
3117.2
3126.08
3134.95
3143.76
3152.49
3161.09
3169.53
3177.77
3185.76
3193.47
3200.84
3207.83
3214.4
3220.5
3226.1
3231.16
3235.64
3239.53
3242.8
3245.44
3247.43
3248.77
3249.51
3249.66
3249.16
3248.05
3246.44
3244.29
3241.72
3238.61
3235.27
3231.47
3227.47
3223.19
3218.64
3213.98
3209.13
3204.18
3199.14
3194.03
3188.92
3183.76
3178.29
3171.03
2981.71
2988.4
2995.2
3002.18
3009.32
3016.62
3024.09
3031.72
3039.49
3047.41
3055.47
3063.66
3071.97
3080.37
3088.85
3097.4
3105.99
3114.59
3123.19
3131.75
3140.24
3148.62
3156.86
3164.92
3172.76
3180.33
3187.59
3194.51
3201.03
3207.12
3212.74
3217.85
3222.42
3226.42
3229.84
3232.65
3234.85
3236.42
3237.37
3237.77
3237.58
3236.75
3235.41
3233.58
3231.24
3228.53
3225.31
3221.89
3218.07
3214.04
3209.78
3205.28
3200.68
3195.92
3191.07
3186.15
3181.19
3176.24
3171.25
3165.97
3158.93
2981.74
2988.3
2995.02
3001.91
3008.94
3016.13
3023.48
3030.97
3038.6
3046.37
3054.26
3062.27
3070.38
3078.58
3086.84
3095.15
3103.48
3111.82
3120.13
3128.38
3136.54
3144.57
3152.45
3160.12
3167.55
3174.7
3181.53
3188
3194.06
3199.69
3204.83
3209.47
3213.57
3217.11
3220.07
3222.44
3224.22
3225.4
3226.01
3226.09
3225.53
3224.46
3222.88
3220.85
3218.33
3215.5
3212.18
3208.7
3204.87
3200.82
3196.59
3192.13
3187.6
3182.93
3178.18
3173.39
3168.56
3163.76
3158.92
3153.8
3146.93
2981.64
2988.13
2994.76
3001.54
3008.46
3015.54
3022.75
3030.11
3037.59
3045.2
3052.92
3060.75
3068.66
3076.64
3084.68
3092.74
3100.82
3108.87
3116.88
3124.82
3132.65
3140.33
3147.84
3155.12
3162.15
3168.88
3175.28
3181.3
3186.91
3192.08
3196.76
3200.94
3204.58
3207.67
3210.2
3212.15
3213.54
3214.35
3214.65
3214.4
3213.54
3212.22
3210.43
3208.23
3205.56
3202.62
3199.23
3195.7
3191.86
3187.81
3183.62
3179.22
3174.76
3170.19
3165.55
3160.88
3156.2
3151.55
3146.87
3141.93
3135.35
2981.49
2987.88
2994.42
3001.09
3007.9
3014.85
3021.93
3029.14
3036.48
3043.92
3051.47
3059.1
3066.81
3074.57
3082.38
3090.19
3098
3105.77
3113.49
3121.1
3128.6
3135.93
3143.06
3149.96
3156.58
3162.9
3168.87
3174.46
3179.62
3184.34
3188.58
3192.31
3195.52
3198.18
3200.29
3201.85
3202.86
3203.36
3203.35
3202.74
3201.65
3200.11
3198.12
3195.76
3192.95
3189.92
3186.47
3182.9
3179.06
3175.01
3170.86
3166.52
3162.13
3157.66
3153.13
3148.59
3144.05
3139.54
3135.03
3130.27
3123.91
2981.26
2987.56
2993.99
3000.55
3007.25
3014.07
3021.02
3028.08
3035.25
3042.53
3049.89
3057.33
3064.83
3072.37
3079.93
3087.49
3095.03
3102.52
3109.92
3117.22
3124.37
3131.35
3138.11
3144.62
3150.85
3156.75
3162.29
3167.45
3172.18
3176.46
3180.26
3183.57
3186.35
3188.6
3190.32
3191.51
3192.18
3192.38
3192.03
3191.15
3189.83
3188.09
3185.92
3183.42
3180.49
3177.38
3173.89
3170.3
3166.46
3162.44
3158.33
3154.06
3149.75
3145.39
3140.97
3136.56
3132.15
3127.8
3123.44
3118.84
3112.7
2980.97
2987.17
2993.5
2999.94
3006.52
3013.21
3020.01
3026.92
3033.93
3041.03
3048.21
3055.45
3062.73
3070.05
3077.37
3084.67
3091.93
3099.12
3106.22
3113.2
3120.01
3126.63
3133.02
3139.14
3144.97
3150.47
3155.6
3160.33
3164.64
3168.5
3171.88
3174.77
3177.15
3179.01
3180.36
3181.19
3181.55
3181.44
3180.77
3179.67
3178.13
3176.2
3173.87
3171.25
3168.22
3165.04
3161.51
3157.89
3154.08
3150.07
3146.01
3141.81
3137.58
3133.32
3129.01
3124.72
3120.45
3116.23
3112.02
3107.57
3101.63
2980.61
2986.71
2992.92
2999.26
3005.7
3012.26
3018.92
3025.67
3032.51
3039.43
3046.42
3053.45
3060.52
3067.6
3074.67
3081.71
3088.69
3095.59
3102.38
3109.02
3115.49
3121.75
3127.77
3133.52
3138.95
3144.04
3148.77
3153.09
3156.98
3160.42
3163.4
3165.88
3167.88
3169.37
3170.36
3170.88
3170.95
3170.5
3169.58
3168.26
3166.52
3164.43
3161.95
3159.22
3156.1
3152.87
3149.33
3145.7
3141.9
3137.93
3133.92
3129.8
3125.65
3121.49
3117.29
3113.12
3108.98
3104.9
3100.82
3096.54
3090.84
2980.19
2986.18
2992.29
2998.5
3004.82
3011.23
3017.74
3024.34
3031.01
3037.75
3044.53
3051.36
3058.2
3065.04
3071.86
3078.63
3085.33
3091.93
3098.41
3104.73
3110.85
3116.76
3122.41
3127.78
3132.82
3137.52
3141.84
3145.76
3149.25
3152.29
3154.87
3156.98
3158.6
3159.74
3160.4
3160.63
3160.38
3159.64
3158.5
3156.97
3155.05
3152.8
3150.19
3147.36
3144.17
3140.89
3137.34
3133.7
3129.92
3125.98
3122.03
3117.98
3113.91
3109.85
3105.76
3101.7
3097.68
3093.74
3089.8
3085.65
3080.13
2979.71
2985.59
2991.58
2997.67
3003.86
3010.13
3016.49
3022.92
3029.41
3035.96
3042.55
3049.16
3055.78
3062.37
3068.94
3075.44
3081.85
3088.15
3094.31
3100.3
3106.08
3111.63
3116.92
3121.91
3126.57
3130.88
3134.8
3138.33
3141.42
3144.08
3146.28
3148.02
3149.28
3150.08
3150.46
3150.4
3149.83
3148.86
3147.49
3145.77
3143.68
3141.3
3138.57
3135.66
3132.41
3129.09
3125.54
3121.9
3118.15
3114.25
3110.35
3106.38
3102.4
3098.42
3094.44
3090.5
3086.6
3082.77
3078.96
3074.94
3069.58
2979.17
2984.95
2990.82
2996.78
3002.83
3008.96
3015.16
3021.42
3027.74
3034.1
3040.48
3046.87
3053.26
3059.61
3065.91
3072.14
3078.27
3084.27
3090.11
3095.77
3101.21
3106.41
3111.33
3115.95
3120.23
3124.16
3127.7
3130.84
3133.56
3135.84
3137.68
3139.06
3139.99
3140.49
3140.58
3140.2
3139.37
3138.18
3136.61
3134.7
3132.46
3129.95
3127.12
3124.13
3120.83
3117.48
3113.93
3110.28
3106.57
3102.71
3098.86
3094.96
3091.05
3087.17
3083.28
3079.45
3075.66
3071.95
3068.26
3064.38
3059.25
2978.58
2984.25
2990
2995.83
3001.74
3007.72
3013.76
3019.85
3025.98
3032.14
3038.32
3044.49
3050.64
3056.75
3062.79
3068.74
3074.58
3080.27
3085.8
3091.13
3096.23
3101.07
3105.64
3109.89
3113.8
3117.35
3120.52
3123.28
3125.63
3127.55
3129.04
3130.09
3130.7
3130.91
3130.7
3130.03
3128.99
3127.58
3125.82
3123.75
3121.36
3118.74
3115.81
3112.76
3109.42
3106.05
3102.5
3098.86
3095.18
3091.36
3087.57
3083.74
3079.91
3076.11
3072.32
3068.59
3064.91
3061.31
3057.74
3053.98
3049.01
2977.94
2983.5
2989.12
2994.82
3000.59
3006.42
3012.29
3018.21
3024.16
3030.12
3036.09
3042.03
3047.95
3053.8
3059.58
3065.25
3070.8
3076.19
3081.4
3086.4
3091.16
3095.66
3099.87
3103.76
3107.31
3110.49
3113.29
3115.7
3117.69
3119.26
3120.41
3121.13
3121.46
3121.4
3120.87
3119.97
3118.7
3117.1
3115.16
3112.93
3110.41
3107.69
3104.67
3101.56
3098.19
3094.8
3091.25
3087.62
3083.96
3080.19
3076.44
3072.68
3068.92
3065.2
3061.5
3057.86
3054.28
3050.78
3047.3
3043.64
3038.8
3102.24
3099.6
3096.78
3093.68
3090.52
3087.13
3083.71
3080.18
3076.55
3072.92
3069.2
3065.5
3061.81
3058.11
3054.47
3050.85
3047.29
3043.8
3040.39
3037
3033.44
3028.76
3058.36
3054.7
3051.07
3047.44
3043.86
3040.31
3036.83
3033.42
3030.09
3026.78
3023.31
3018.74
4667.2
2869.67
2773.28
2778.64
2775.96
2776.87
2774.86
2773.91
2772.02
2770.3
2768.6
2766.99
2765.63
2764.56
2763.59
2762.44
2760.8
2758.49
2755.46
2751.81
2747.66
2743.17
2738.49
2733.68
2728.81
2723.87
2718.87
2713.8
2708.65
2703.4
2698.03
2692.54
2686.94
2681.23
2675.42
2669.54
2663.59
2657.58
2651.49
2645.34
2639.13
2632.87
2626.56
2620.21
2613.82
2607.41
2600.98
2594.53
2588.05
2581.54
2574.97
2568.34
2561.62
2554.8
2547.85
2540.74
2533.45
2525.93
2518.14
2510.04
2501.58
2492.7
2483.36
2473.48
2463
2451.88
2440.06
2427.49
2414.09
2399.8
2384.51
2368.08
2350.39
2331.46
2311.35
2290.03
2267.37
2243.27
2217.59
2190.27
2161.17
2130.49
2098.02
2064.39
2029.03
1991.56
1952.86
1913.4
1872.85
1831.27
1789.22
1747.28
1705.26
1663.74
1623.3
1583.47
1545.15
1507.2
1469.9
1434.97
1401.3
1369.98
1341.96
1316.48
1292.15
1269.97
1250.06
1230.55
1211.33
1193.32
1177.48
1163.74
1151.77
1140.94
1130.43
1120.34
1110.86
1100.98
1093.15
1085.77
1073.84
4651.46
2874.46
2775.77
2781.16
2778.25
2779.1
2777.16
2775.97
2773.85
2771.95
2770.03
2768.18
2766.6
2765.37
2764.32
2763.18
2761.67
2759.57
2756.8
2753.39
2749.45
2745.12
2740.55
2735.83
2731.01
2726.12
2721.17
2716.15
2711.08
2705.93
2700.69
2695.35
2689.9
2684.36
2678.74
2673.06
2667.32
2661.53
2655.69
2649.81
2643.88
2637.91
2631.91
2625.87
2619.81
2613.73
2607.63
2601.52
2595.39
2589.24
2583.05
2576.8
2570.46
2564.04
2557.49
2550.8
2543.94
2536.86
2529.53
2521.9
2513.93
2505.57
2496.76
2487.43
2477.53
2467.01
2455.8
2443.87
2431.16
2417.56
2402.95
2387.22
2370.37
2352.39
2333.17
2312.56
2290.46
2266.89
2241.82
2215.19
2186.88
2157.06
2125.58
2092.93
2058.53
2022.09
1984.02
1945
1904.64
1863.15
1821.41
1779.34
1737.41
1695.34
1653.76
1611.29
1569.46
1529.43
1490.64
1455.09
1421.39
1388.08
1357.01
1329.33
1303.03
1278.74
1256.67
1235.02
1214.41
1196.25
1180.95
1167.06
1154.15
1142.64
1131.07
1119.37
1109.16
1098.99
1089.42
1081.05
1067.49
4633.85
2879.47
2778.16
2783.52
2780.6
2781.39
2779.6
2778.22
2775.9
2773.77
2771.62
2769.55
2767.75
2766.32
2765.15
2763.99
2762.57
2760.66
2758.14
2754.99
2751.28
2747.14
2742.7
2738.07
2733.32
2728.49
2723.58
2718.62
2713.62
2708.56
2703.44
2698.24
2692.95
2687.59
2682.15
2676.66
2671.13
2665.57
2659.97
2654.35
2648.69
2643.01
2637.3
2631.57
2625.83
2620.07
2614.31
2608.54
2602.76
2596.96
2591.12
2585.24
2579.29
2573.25
2567.1
2560.82
2554.37
2547.73
2540.85
2533.7
2526.22
2518.36
2510.08
2501.31
2491.99
2482.06
2471.47
2460.18
2448.13
2435.21
2421.33
2406.41
2390.39
2373.14
2354.55
2334.62
2313.37
2290.8
2266.79
2241.2
2213.9
2184.92
2154.11
2121.84
2087.61
2051.99
2014.41
1975.12
1934.4
1892.56
1850.28
1807.28
1764.63
1721.87
1679.12
1635.44
1592.59
1553.39
1514.9
1476.51
1440.28
1404.89
1372.09
1343.46
1317.06
1291.61
1268.26
1246.18
1226.11
1207.73
1191.19
1175.58
1159.81
1145.36
1132.24
1120.3
1110.03
1100.12
1089.95
1081.14
1067.67
4614.56
2884.62
2780.72
2785.72
2783.01
2783.86
2782.23
2780.69
2778.16
2775.81
2773.41
2771.12
2769.08
2767.44
2766.11
2764.88
2763.51
2761.76
2759.48
2756.59
2753.14
2749.2
2744.91
2740.39
2735.72
2730.95
2726.11
2721.2
2716.26
2711.29
2706.28
2701.21
2696.08
2690.89
2685.64
2680.34
2675.02
2669.67
2664.31
2658.94
2653.54
2648.14
2642.72
2637.29
2631.86
2626.42
2620.98
2615.54
2610.1
2604.64
2599.17
2593.65
2588.08
2582.42
2576.67
2570.8
2564.77
2558.56
2552.13
2545.44
2538.44
2531.09
2523.33
2515.11
2506.36
2497.03
2487.05
2476.4
2465.01
2452.79
2439.66
2425.5
2410.19
2393.67
2375.95
2357.02
2336.76
2315.05
2291.74
2266.75
2240
2211.57
2181.29
2149.51
2115.85
2080.97
2044.34
2005.11
1964.4
1922.78
1880.73
1838.04
1794.81
1750.82
1706.65
1663.78
1621.46
1579.86
1538.49
1497.19
1459.65
1424.92
1391.82
1360.81
1331.56
1303.13
1277.64
1255.58
1236.25
1217.63
1199.82
1183.43
1167.17
1151.98
1138.81
1126.73
1115.84
1106.45
1097.17
1087.97
1073.4
4593.64
2889.66
2783.57
2788.14
2785.65
2786.6
2785.12
2783.42
2780.65
2778.06
2775.41
2772.88
2770.62
2768.75
2767.23
2765.89
2764.52
2762.89
2760.82
2758.2
2755
2751.29
2747.17
2742.78
2738.2
2733.51
2728.73
2723.89
2719.02
2714.12
2709.21
2704.27
2699.29
2694.27
2689.2
2684.1
2678.98
2673.86
2668.72
2663.59
2658.45
2653.32
2648.18
2643.05
2637.91
2632.79
2627.67
2622.55
2617.44
2612.33
2607.21
2602.05
2596.84
2591.56
2586.2
2580.72
2575.1
2569.32
2563.33
2557.1
2550.58
2543.73
2536.49
2528.82
2520.64
2511.89
2502.53
2492.52
2481.78
2470.26
2457.85
2444.42
2429.91
2414.27
2397.46
2379.32
2359.74
2338.69
2316.17
2292.15
2266.53
2239.22
2210.08
2179.28
2146.65
2112.74
2076.75
2038.45
1998.12
1956.78
1914.5
1871.45
1827.94
1784.04
1739.31
1694.46
1649.57
1604.89
1562.72
1522.3
1483.56
1446.75
1410.37
1376.52
1345.08
1315.86
1289.84
1266.99
1245.67
1225.71
1206.25
1187.42
1169.59
1153.6
1140.78
1130.27
1120.32
1111.81
1103.43
1094.01
1077.59
4570.77
2894.77
2786.97
2791.31
2788.72
2789.69
2788.34
2786.43
2783.42
2780.5
2777.59
2774.83
2772.35
2770.25
2768.51
2767.03
2765.61
2764.06
2762.17
2759.79
2756.85
2753.38
2749.46
2745.21
2740.75
2736.14
2731.44
2726.67
2721.87
2717.05
2712.23
2707.41
2702.57
2697.7
2692.82
2687.92
2683
2678.09
2673.18
2668.28
2663.4
2658.52
2653.66
2648.81
2643.97
2639.15
2634.34
2629.55
2624.76
2619.98
2615.2
2610.4
2605.55
2600.65
2595.67
2590.59
2585.38
2580.02
2574.47
2568.69
2562.65
2556.29
2549.56
2542.42
2534.81
2526.65
2517.9
2508.52
2498.45
2487.61
2475.92
2463.26
2449.57
2434.75
2418.68
2401.3
2382.61
2362.62
2341.22
2318.23
2293.45
2266.81
2238.21
2207.9
2175.7
2142.07
2106.22
2068.66
2028.8
1987.41
1944.67
1900.93
1856.65
1811.87
1766.55
1721.24
1677.17
1633.39
1590.29
1547.42
1505.86
1467.19
1429.36
1394.73
1362.96
1332.89
1304.23
1278.34
1255.31
1234.2
1213.24
1193.27
1176.23
1160.21
1145.29
1133.25
1121.73
1112.37
1105
1096.98
1080.57
4545.67
2899.83
2790.93
2795.13
2792.28
2793.16
2791.89
2789.74
2786.48
2783.18
2779.96
2776.97
2774.27
2771.93
2769.96
2768.29
2766.79
2765.27
2763.51
2761.35
2758.68
2755.46
2751.76
2747.68
2743.34
2738.84
2734.23
2729.54
2724.81
2720.08
2715.35
2710.63
2705.92
2701.21
2696.5
2691.79
2687.08
2682.38
2677.69
2673.03
2668.39
2663.77
2659.17
2654.6
2650.05
2645.52
2641.02
2636.54
2632.07
2627.62
2623.18
2618.72
2614.23
2609.69
2605.09
2600.39
2595.58
2590.63
2585.51
2580.18
2574.61
2568.73
2562.52
2555.91
2548.86
2541.29
2533.15
2524.39
2514.98
2504.83
2493.86
2481.98
2469.06
2455.02
2439.8
2423.38
2405.68
2386.57
2365.88
2343.54
2319.51
2293.75
2266.19
2236.94
2205.81
2173.06
2138.07
2101.5
2062.99
2021.85
1979.33
1935.72
1891.72
1846.33
1800.75
1755.15
1709.86
1663.26
1617.38
1572.61
1530.45
1491.17
1452.72
1415.03
1380.34
1348.55
1318.33
1290.42
1264.05
1239.84
1218.65
1199.61
1182.89
1166.82
1150.55
1136.18
1122.41
1109.75
1100.38
1093.71
1079.68
4518.2
2904.52
2795.28
2799.36
2796.39
2797.04
2795.74
2793.3
2789.79
2786.1
2782.53
2779.29
2776.36
2773.77
2771.56
2769.69
2768.06
2766.52
2764.86
2762.89
2760.46
2757.5
2754.03
2750.14
2745.96
2741.58
2737.07
2732.48
2727.84
2723.18
2718.54
2713.93
2709.34
2704.78
2700.23
2695.7
2691.19
2686.7
2682.23
2677.8
2673.4
2669.03
2664.69
2660.39
2656.12
2651.88
2647.68
2643.5
2639.35
2635.22
2631.1
2626.98
2622.84
2618.67
2614.43
2610.12
2605.71
2601.17
2596.47
2591.59
2586.47
2581.08
2575.37
2569.29
2562.78
2555.79
2548.26
2540.13
2531.37
2521.9
2511.66
2500.52
2488.39
2475.19
2460.86
2445.31
2428.4
2410.06
2390.29
2369.07
2346.27
2321.72
2295.24
2266.89
2236.51
2204.37
2170.06
2134.32
2096.31
2055.75
2013.21
1969.27
1924.87
1879.75
1834.66
1787.7
1740.14
1692.3
1647
1602.85
1558.18
1514.99
1474.1
1434.8
1399.15
1366.57
1334.88
1305.48
1278.24
1252.17
1230.21
1210.07
1191.5
1174.61
1156.82
1139.86
1124.82
1109.95
1098.21
1088.25
1071.34
4488.35
2908.58
2800.04
2803.82
2800.97
2801.32
2799.8
2797.1
2793.32
2789.25
2785.33
2781.79
2778.61
2775.78
2773.32
2771.21
2769.42
2767.81
2766.2
2764.38
2762.18
2759.48
2756.27
2752.59
2748.58
2744.35
2739.96
2735.48
2730.93
2726.37
2721.82
2717.31
2712.84
2708.41
2704.01
2699.66
2695.34
2691.05
2686.8
2682.6
2678.44
2674.31
2670.23
2666.2
2662.2
2658.24
2654.33
2650.45
2646.6
2642.78
2638.99
2635.2
2631.41
2627.58
2623.71
2619.77
2615.75
2611.61
2607.33
2602.88
2598.21
2593.3
2588.08
2582.52
2576.57
2570.15
2563.21
2555.71
2547.6
2538.81
2529.28
2518.9
2507.57
2495.2
2481.7
2466.98
2450.98
2433.67
2414.98
2394.76
2372.8
2348.96
2323.18
2295.53
2265.89
2234.49
2201
2165.9
2128.27
2088.56
2046.41
2002.65
1957.89
1912.13
1865.75
1818.7
1771.89
1725.44
1678.43
1631.63
1584.33
1538.88
1497.42
1458.18
1420.66
1385.4
1351.11
1318.23
1289.66
1264.34
1241.61
1221.03
1202.07
1185.37
1168.63
1151.38
1134.57
1116.99
1099.86
1088.19
1069.73
4456.01
2911.61
2805.32
2808.45
2805.88
2805.86
2803.96
2801.05
2796.99
2792.58
2788.31
2784.46
2781.01
2777.93
2775.21
2772.86
2770.88
2769.17
2767.56
2765.84
2763.84
2761.39
2758.44
2755
2751.19
2747.12
2742.87
2738.51
2734.07
2729.61
2725.16
2720.75
2716.39
2712.09
2707.84
2703.65
2699.51
2695.42
2691.38
2687.4
2683.47
2679.59
2675.76
2671.98
2668.25
2664.58
2660.94
2657.35
2653.81
2650.3
2646.82
2643.35
2639.89
2636.41
2632.9
2629.33
2625.69
2621.95
2618.08
2614.06
2609.84
2605.39
2600.67
2595.62
2590.2
2584.35
2578.01
2571.13
2563.66
2555.55
2546.73
2537.09
2526.55
2515
2502.35
2488.54
2473.5
2457.13
2439.29
2419.89
2398.83
2376.09
2351.54
2325.15
2296.76
2266.51
2234.15
2199.94
2163.12
2124.37
2083.6
2040.5
1996.06
1950.33
1903.74
1856.35
1807.48
1758.09
1708.55
1660.67
1613.93
1568.1
1524.09
1481.27
1441.1
1402.98
1367.46
1335.55
1306.14
1277.15
1250.93
1228.3
1207.37
1189.64
1174.43
1158.88
1143.46
1128.05
1109.68
1095.88
1075.52
4420.81
2913.71
2811.09
2813.54
2810.92
2810.36
2808.02
2804.98
2800.74
2796.08
2791.48
2787.28
2783.53
2780.18
2777.21
2774.62
2772.43
2770.57
2768.92
2767.27
2765.43
2763.22
2760.53
2757.35
2753.76
2749.88
2745.79
2741.57
2737.26
2732.91
2728.57
2724.26
2720.02
2715.84
2711.73
2707.69
2703.72
2699.82
2695.98
2692.22
2688.51
2684.87
2681.29
2677.76
2674.3
2670.89
2667.53
2664.23
2660.98
2657.77
2654.59
2651.45
2648.31
2645.18
2642.01
2638.8
2635.53
2632.18
2628.71
2625.11
2621.33
2617.34
2613.1
2608.56
2603.68
2598.39
2592.63
2586.37
2579.54
2572.1
2563.98
2555.09
2545.33
2534.6
2522.82
2509.91
2495.76
2480.28
2463.39
2445.07
2425.2
2403.63
2380.14
2354.65
2327.06
2297.54
2265.82
2232.11
2195.79
2157.79
2117.46
2074.65
2029.94
1984.02
1937.28
1889.02
1839.59
1790.25
1741.8
1693.03
1644.36
1595.77
1549.85
1504.56
1461.9
1422.91
1385.99
1351.87
1321.37
1292.82
1263.57
1236.6
1212.61
1191.57
1174.9
1160.65
1147.57
1136
1119.59
1105.31
1081.81
4382.21
2916.16
2817.78
2818.96
2815.59
2814.52
2811.82
2808.66
2804.44
2799.66
2794.77
2790.22
2786.14
2782.51
2779.29
2776.47
2774.06
2772.04
2770.3
2768.68
2766.97
2764.97
2762.53
2759.62
2756.27
2752.6
2748.69
2744.63
2740.46
2736.24
2732.01
2727.82
2723.69
2719.63
2715.65
2711.76
2707.95
2704.22
2700.58
2697.02
2693.54
2690.13
2686.78
2683.51
2680.3
2677.15
2674.07
2671.05
2668.08
2665.16
2662.29
2659.45
2656.64
2653.84
2651.01
2648.16
2645.26
2642.29
2639.22
2636.03
2632.69
2629.15
2625.39
2621.34
2616.98
2612.24
2607.07
2601.42
2595.22
2588.44
2581.02
2572.87
2563.89
2553.98
2543.06
2531.02
2517.79
2503.29
2487.44
2470.15
2451.24
2430.57
2407.99
2383.47
2356.95
2328.52
2297.89
2265.23
2230.11
2193.2
2153.69
2111.92
2067.89
2021.65
1974
1924.94
1876.74
1827.25
1776.17
1724.4
1674.11
1624.67
1578.11
1532.94
1486.94
1444.37
1404.79
1368.27
1335.1
1307.05
1279.23
1251.41
1225.01
1199.29
1177.59
1160.89
1146.75
1137.26
1125.57
1111.7
1087.04
4339.64
2919.1
2825.15
2824.55
2819.9
2818.28
2815.2
2812.11
2807.96
2803.17
2798.08
2793.2
2788.79
2784.88
2781.42
2778.38
2775.76
2773.56
2771.71
2770.07
2768.44
2766.62
2764.44
2761.8
2758.71
2755.27
2751.57
2747.68
2743.67
2739.59
2735.49
2731.42
2727.4
2723.46
2719.62
2715.86
2712.21
2708.65
2705.19
2701.83
2698.56
2695.37
2692.26
2689.23
2686.27
2683.38
2680.57
2677.82
2675.13
2672.5
2669.92
2667.39
2664.89
2662.41
2659.92
2657.42
2654.88
2652.28
2649.6
2646.81
2643.89
2640.8
2637.5
2633.95
2630.1
2625.91
2621.31
2616.25
2610.69
2604.57
2597.84
2590.41
2582.21
2573.11
2563.04
2551.9
2539.61
2526.08
2511.19
2494.85
2476.95
2457.4
2436.05
2412.83
2387.58
2360.29
2330.73
2299.05
2264.91
2228.79
2189.87
2148.79
2105.55
2059.92
2013.1
1964.14
1914.29
1862.87
1810.64
1759.59
1709.93
1658.9
1607.92
1559.63
1511.46
1467.52
1428.57
1389.78
1351.82
1318.15
1288.87
1262.41
1237.11
1210.87
1185.61
1164.89
1147.29
1134.36
1124.48
1116.21
1093.3
4292.91
2922.38
2832.83
2830.29
2824.15
2821.66
2818.24
2815.13
2811.17
2806.5
2801.31
2796.18
2791.45
2787.26
2783.57
2780.32
2777.5
2775.12
2773.14
2771.45
2769.88
2768.2
2766.25
2763.88
2761.07
2757.87
2754.39
2750.69
2746.85
2742.93
2738.97
2735.03
2731.14
2727.33
2723.61
2719.99
2716.48
2713.09
2709.8
2706.63
2703.55
2700.58
2697.7
2694.9
2692.18
2689.55
2686.99
2684.51
2682.09
2679.74
2677.46
2675.22
2673.03
2670.86
2668.71
2666.54
2664.36
2662.13
2659.83
2657.44
2654.93
2652.28
2649.44
2646.37
2643.03
2639.37
2635.34
2630.88
2625.93
2620.46
2614.41
2607.71
2600.27
2591.99
2582.77
2572.52
2561.15
2548.57
2534.67
2519.38
2502.59
2484.2
2463.98
2441.81
2417.52
2391.12
2362.47
2331.71
2298.52
2263.17
2224.9
2184.57
2141.65
2096.23
2048.79
1999.94
1949.91
1899.49
1848.78
1796.36
1744.17
1690.79
1637.52
1587.53
1540.66
1494.28
1451.83
1412.33
1372.21
1333.38
1299.18
1270.24
1246.68
1223.08
1199.07
1175.85
1154.47
1136.8
1124.11
1115.32
1094.98
4242.01
2925.75
2840.53
2836.11
2828.3
2824.86
2821.1
2817.85
2814.04
2809.49
2804.34
2799.07
2794.08
2789.62
2785.71
2782.28
2779.28
2776.73
2774.6
2772.84
2771.27
2769.71
2767.95
2765.85
2763.32
2760.39
2757.14
2753.66
2750.01
2746.25
2742.45
2738.65
2734.89
2731.21
2727.62
2724.14
2720.78
2717.53
2714.41
2711.42
2708.54
2705.77
2703.1
2700.53
2698.05
2695.67
2693.36
2691.14
2688.99
2686.91
2684.91
2682.96
2681.07
2679.21
2677.38
2675.55
2673.71
2671.83
2669.91
2667.91
2665.81
2663.58
2661.19
2658.59
2655.75
2652.62
2649.14
2645.27
2640.94
2636.11
2630.74
2624.75
2618.07
2610.58
2602.21
2592.84
2582.4
2570.78
2557.89
2543.65
2527.93
2510.57
2491.42
2470.36
2447.28
2422.17
2394.88
2365.46
2333.56
2299.34
2262.27
2223.1
2181.1
2136.71
2090.11
2041.51
1991.47
1938.89
1885.89
1831.65
1778.63
1725.96
1673.77
1620.9
1569.99
1521.27
1475.48
1432.7
1393.29
1355.87
1316.97
1280.63
1252.49
1230.49
1210.28
1188.2
1166.63
1145.03
1128.48
1115.49
1091.53
4187.41
2928.88
2847.84
2841.67
2832.57
2828.11
2823.88
2820.36
2816.56
2812.16
2807.13
2801.82
2796.64
2791.94
2787.83
2784.23
2781.08
2778.37
2776.11
2774.25
2772.66
2771.16
2769.57
2767.7
2765.46
2762.81
2759.81
2756.56
2753.11
2749.53
2745.9
2742.25
2738.64
2735.1
2731.64
2728.3
2725.07
2721.98
2719.01
2716.19
2713.49
2710.92
2708.46
2706.11
2703.86
2701.71
2699.65
2697.67
2695.79
2693.98
2692.24
2690.58
2688.98
2687.43
2685.91
2684.4
2682.9
2681.38
2679.82
2678.2
2676.51
2674.7
2672.75
2670.61
2668.26
2665.64
2662.71
2659.41
2655.69
2651.5
2646.79
2641.51
2635.57
2628.88
2621.34
2612.86
2603.34
2592.7
2580.82
2567.6
2552.94
2536.71
2518.77
2499.01
2477.23
2453.35
2427.2
2398.79
2367.81
2334.42
2298.15
2259.63
2218.04
2174.26
2128.38
2079.88
2029.57
1976.05
1923.17
1870.02
1816.09
1761.26
1706.91
1653.19
1600.3
1549.18
1501.11
1455.81
1413.67
1377
1340.05
1301.61
1264.73
1235.65
1215.18
1195.4
1176.19
1155.53
1135.86
1120.59
1094.43
4129.84
2932.04
2854.34
2846.91
2836.91
2831.45
2826.55
2822.63
2818.7
2814.45
2809.63
2804.37
2799.08
2794.19
2789.89
2786.14
2782.86
2780.01
2777.62
2775.66
2774.02
2772.56
2771.09
2769.44
2767.46
2765.1
2762.37
2759.36
2756.12
2752.74
2749.28
2745.79
2742.34
2738.94
2735.63
2732.43
2729.34
2726.39
2723.58
2720.91
2718.39
2716
2713.74
2711.6
2709.57
2707.65
2705.82
2704.1
2702.46
2700.91
2699.45
2698.06
2696.74
2695.48
2694.27
2693.08
2691.9
2690.73
2689.52
2688.28
2686.97
2685.57
2684.05
2682.37
2680.49
2678.37
2675.97
2673.24
2670.11
2666.55
2662.5
2657.9
2652.7
2646.79
2640.08
2632.47
2623.86
2614.17
2603.29
2591.11
2577.53
2562.44
2545.67
2527.05
2506.38
2483.6
2458.6
2431.36
2401.6
2369.42
2334.4
2296.97
2256.4
2213.64
2168.16
2120.15
2069.98
2017.94
1964.14
1908.75
1851.63
1795.22
1739.77
1686.18
1633.43
1579.84
1528.42
1479.74
1434.36
1393.85
1359.18
1325.02
1289.48
1252.93
1222.53
1199.17
1179.35
1162.14
1144.55
1128.38
1100.86
4070.89
2936.4
2859.9
2851.86
2841.16
2834.69
2829.01
2824.59
2820.53
2816.43
2811.84
2806.72
2801.4
2796.36
2791.87
2787.98
2784.58
2781.63
2779.13
2777.07
2775.37
2773.91
2772.54
2771.06
2769.33
2767.24
2764.8
2762.04
2759.04
2755.86
2752.58
2749.26
2745.96
2742.72
2739.56
2736.5
2733.56
2730.75
2728.09
2725.58
2723.22
2721.01
2718.93
2716.99
2715.17
2713.46
2711.87
2710.38
2708.98
2707.69
2706.48
2705.35
2704.31
2703.34
2702.42
2701.54
2700.68
2699.84
2698.99
2698.11
2697.18
2696.18
2695.08
2693.84
2692.43
2690.81
2688.94
2686.75
2684.22
2681.27
2677.87
2673.97
2669.5
2664.36
2658.48
2651.74
2644.07
2635.35
2625.49
2614.39
2601.93
2588
2572.43
2555.06
2535.73
2514.4
2490.88
2465.09
2436.75
2405.91
2372.22
2335.96
2296.53
2254.89
2210.19
2162.83
2112.86
2060.43
2005.58
1949.42
1892.85
1835.84
1778.03
1720.23
1664.4
1608.09
1555.1
1508.45
1461.19
1415.8
1376.03
1340.65
1307.89
1273.39
1238.96
1208.47
1183
1162.51
1145.21
1131.26
1105.64
4010.38
2942.22
2864.66
2855.77
2844.66
2837.45
2831.13
2826.24
2822.05
2818.07
2813.75
2808.84
2803.56
2798.4
2793.74
2789.7
2786.19
2783.15
2780.57
2778.42
2776.67
2775.2
2773.88
2772.55
2771.03
2769.2
2767.03
2764.54
2761.78
2758.81
2755.72
2752.57
2749.43
2746.34
2743.34
2740.42
2737.62
2734.95
2732.43
2730.07
2727.87
2725.82
2723.93
2722.17
2720.54
2719.04
2717.66
2716.39
2715.23
2714.17
2713.2
2712.33
2711.55
2710.85
2710.21
2709.62
2709.07
2708.55
2708.02
2707.49
2706.92
2706.29
2705.59
2704.77
2703.81
2702.65
2701.28
2699.62
2697.63
2695.28
2692.49
2689.24
2685.45
2681.04
2675.93
2670.02
2663.2
2655.39
2646.48
2636.36
2624.92
2612.04
2597.57
2581.37
2563.24
2543.04
2520.56
2495.72
2468.32
2438.37
2405.53
2369.99
2331.22
2290.04
2245.46
2198.55
2149.13
2096.83
2043.28
1987.42
1930.3
1872.1
1813.28
1753.18
1695.76
1641.91
1587.84
1536.13
1487.4
1440.3
1396.13
1356.38
1321.71
1289.13
1256.78
1225.13
1196.15
1169.51
1148.06
1130.7
1098.89
)
;

boundaryField
{
    inlet
    {
        type            fixedValue;
        value           uniform 2790;
    }
    obstacle
    {
        type            zeroGradient;
    }
    bottom
    {
        type            symmetry;
    }
    outlet
    {
        type            zeroGradient;
    }
    top
    {
        type            symmetry;
    }
    defaultFaces
    {
        type            empty;
    }
    procBoundary6to4
    {
        type            processor;
        value           nonuniform List<scalar> 
121
(
4680.92
2865.44
2770.51
2775.91
2773.68
2774.69
2772.72
2772.03
2770.37
2768.84
2767.34
2765.96
2764.8
2763.87
2762.95
2761.74
2759.94
2757.4
2754.12
2750.24
2745.91
2741.29
2736.51
2731.64
2726.72
2721.74
2716.69
2711.56
2706.32
2700.96
2695.47
2689.83
2684.07
2678.19
2672.2
2666.12
2659.95
2653.69
2647.34
2640.92
2634.42
2627.86
2621.23
2614.56
2607.85
2601.11
2594.33
2587.53
2580.69
2573.82
2566.88
2559.87
2552.76
2545.54
2538.19
2530.66
2522.94
2514.97
2506.72
2498.14
2489.18
2479.79
2469.9
2459.46
2448.41
2436.68
2424.24
2411.05
2396.99
2381.96
2365.9
2348.79
2330.5
2310.88
2289.87
2267.5
2243.83
2218.83
2192.41
2164.5
2134.94
2103.95
2071.29
2037.42
2001.65
1964.35
1925.75
1886.26
1846.06
1804.99
1763.26
1721.62
1680.38
1639.91
1599.9
1560.03
1521.51
1484.14
1449.79
1417.26
1385.17
1354.83
1327.07
1301.56
1278.61
1258.53
1240.37
1222.12
1204.32
1188.26
1172.45
1158.12
1146.37
1136.42
1127.26
1119.04
1110.92
1102.89
1096.02
1089.22
1077.67
)
;
    }
    procBoundary6to7
    {
        type            processor;
        value           nonuniform List<scalar> 
153
(
2587.6
2702.34
2697.76
2697.76
2696.09
2705.91
2726.24
2745.49
2758.33
2767.24
2773.8
2778.77
2782.15
2783.92
2784.44
2784.33
2784.5
2785.83
2788.89
2792.45
2796.27
2800.23
2804.02
2807.42
2810.39
2812.99
2812.99
2813.01
2813
2812.97
2812.94
2812.91
2815.72
2815.72
2815.8
2818.92
2818.92
2819.09
2822.57
2822.57
2822.82
2826.59
2830.15
2833.77
2837.45
2841.18
2844.95
2848.75
2852.59
2856.47
2860.41
2864.4
2868.45
2872.57
2876.76
2881.05
2885.44
2889.93
2894.54
2899.26
2904.09
2909.06
2914.15
2919.39
2924.78
2930.33
2936.03
2941.88
2947.89
2954.06
2960.4
2966.9
2973.57
2973.57
2974.07
2974.48
2974.8
2975.04
2975.2
2975.29
2975.31
2975.23
2975.09
2974.89
2974.62
2974.3
2973.92
2973.48
2973
2972.47
2977.26
2982.7
2988.2
2993.76
2999.38
3005.05
3010.76
3016.5
3022.26
3028.02
3033.77
3039.49
3045.17
3050.77
3056.28
3061.67
3066.92
3072.01
3076.9
3081.58
3086
3090.16
3094.01
3097.55
3100.74
3103.56
3106.01
3108.06
3109.7
3110.94
3111.76
3112.2
3112.26
3111.88
3111.09
3109.97
3108.49
3106.7
3104.6
3104.6
3091.69
3088.93
3086.03
3082.86
3079.65
3076.23
3072.8
3069.27
3065.65
3062.04
3062.04
3047.7
3044.08
3040.5
3036.92
3033.41
3029.93
3026.52
3023.18
3019.92
3016.69
3013.29
3008.82
)
;
    }
}


// ************************************************************************* //
