/*--------------------------------*- C++ -*----------------------------------*\
| =========                 |                                                 |
| \\      /  F ield         | OpenFOAM: The Open Source CFD Toolbox           |
|  \\    /   O peration     | Version:  2412                                  |
|   \\  /    A nd           | Website:  www.openfoam.com                      |
|    \\/     M anipulation  |                                                 |
\*---------------------------------------------------------------------------*/
FoamFile
{
    version     2.0;
    format      ascii;
    arch        "LSB;label=32;scalar=64";
    class       volScalarField;
    location    "0.116";
    object      p;
}
// * * * * * * * * * * * * * * * * * * * * * * * * * * * * * * * * * * * * * //

dimensions      [1 -1 -2 0 0 0 0];

internalField   nonuniform List<scalar> 
9763
(
2865.77
2934.1
2865.45
2932.69
2865.25
2930.2
2864.88
2928.62
2864.61
2926.56
2864.2
2924.63
2863.85
2922.55
2863.41
2920.48
2863.04
2918.32
2862.6
2916.09
2862.16
2913.76
2861.67
2911.39
2861.18
2908.93
2860.66
2906.4
2860.1
2903.77
2859.53
2901.07
2858.91
2898.3
2858.28
2895.44
2857.59
2892.51
2856.88
2889.5
2856.12
2886.43
2855.32
2883.27
2854.45
2880.05
2853.55
2876.76
2852.58
2873.4
2851.56
2869.96
2850.5
2866.44
2849.38
2862.84
2848.23
2859.13
2847.03
2855.31
2845.78
2851.41
2844.46
2847.4
2843.04
2843.36
2841.54
2839.21
2839.93
2835.04
2838.22
2830.78
2836.39
2826.5
2834.45
2822.2
2832.36
2817.8
2830.13
2813.41
2808.9
2804.41
2799.84
4275.68
2810.83
2824.88
2829.04
2817.24
2810.79
2803.52
2797.83
2792.1
2786.94
2782.14
2777.68
2773.35
2769.07
2764.81
2760.62
2756.49
2752.44
2748.43
2744.44
2740.41
2736.27
2731.99
2727.54
2722.94
2718.22
2713.41
2708.52
2703.58
2698.62
2693.68
2688.81
2684.06
2679.49
2675.14
2671.05
2667.29
2663.88
2660.88
2658.3
2656.18
2654.53
2653.38
2652.68
2652.37
2652.52
2653.13
2654.16
2655.56
2657.29
2659.35
2661.73
2664.4
2667.34
2670.56
2674.04
2677.76
2681.68
2685.39
2689.57
2693.38
2697.63
2701.86
2706.31
2710.9
2715.48
2720.21
2724.95
2729.79
2734.66
2739.6
2744.6
2749.63
2754.62
2759.6
2764.6
2769.6
2774.65
2779.64
2784.7
2789.65
2794.65
2799.49
2804.34
2808.98
2813.61
2818.15
2822.53
2826.88
2831.18
2835.32
2839.39
2843.37
2847.3
2851.09
2854.75
2858.23
2861.53
2864.64
2867.59
2870.36
2872.95
2875.39
2877.6
2879.68
2881.46
2883.11
2884.49
2885.69
2886.63
2887.29
2887.77
2887.9
2887.75
2887.23
2886.32
2885.01
2883.22
2881.08
2880.63
2872.99
4275.59
2810.53
2824.5
2828.75
2817
2810.56
2803.34
2797.67
2791.96
2786.8
2782
2777.53
2773.2
2768.93
2764.68
2760.5
2756.38
2752.33
2748.33
2744.34
2740.3
2736.15
2731.85
2727.38
2722.75
2717.99
2713.13
2708.19
2703.19
2698.16
2693.14
2688.18
2683.34
2678.66
2674.19
2669.99
2666.09
2662.55
2659.4
2656.68
2654.42
2652.63
2651.33
2650.49
2650.08
2650.1
2650.55
2651.47
2652.75
2654.37
2656.33
2658.6
2661.16
2664
2667.09
2670.49
2674.1
2677.99
2681.61
2685.7
2689.46
2693.67
2697.84
2702.21
2706.72
2711.19
2715.81
2720.46
2725.24
2730.08
2734.97
2739.92
2744.87
2749.76
2754.61
2759.45
2764.28
2769.16
2774.03
2778.96
2783.82
2788.74
2793.51
2798.3
2802.91
2807.52
2812.05
2816.38
2820.64
2824.72
2828.62
2832.38
2836.01
2839.54
2842.93
2846.21
2849.34
2852.31
2855.13
2857.78
2860.27
2862.6
2864.78
2866.8
2868.73
2870.43
2872.1
2873.52
2874.9
2876.12
2877.12
2878.1
2878.9
2879.64
2880.25
2880.76
2881.14
2881.42
2881.63
2881.88
2881.93
4274.89
2810.21
2824.23
2828.47
2816.81
2810.39
2803.22
2797.55
2791.84
2786.67
2781.86
2777.39
2773.06
2768.8
2764.56
2760.39
2756.27
2752.23
2748.23
2744.24
2740.19
2736.03
2731.72
2727.22
2722.56
2717.77
2712.86
2707.86
2702.8
2697.69
2692.59
2687.54
2682.6
2677.81
2673.22
2668.88
2664.85
2661.17
2657.87
2655
2652.59
2650.65
2649.19
2648.2
2647.67
2647.55
2647.84
2648.63
2649.8
2651.3
2653.14
2655.3
2657.76
2660.49
2663.48
2666.73
2670.19
2673.97
2677.47
2681.41
2685.04
2689.16
2693.2
2697.43
2701.77
2706.07
2710.53
2715.03
2719.67
2724.35
2729.08
2733.87
2738.67
2743.41
2748.1
2752.73
2757.33
2761.94
2766.53
2771.18
2775.74
2780.33
2784.77
2789.22
2793.49
2797.77
2801.99
2806.03
2810.03
2813.88
2817.56
2821.09
2824.44
2827.68
2830.75
2833.69
2836.5
2839.14
2841.65
2844.01
2846.21
2848.27
2850.19
2851.97
2853.64
2855.14
2856.59
2857.81
2859.02
2860.07
2860.94
2861.8
2862.52
2863.19
2863.77
2864.3
2864.77
2865.22
2865.63
2866.05
2866.7
4274.77
2809.88
2823.95
2828.21
2816.61
2810.21
2803.09
2797.42
2791.72
2786.54
2781.73
2777.26
2772.93
2768.67
2764.44
2760.27
2756.17
2752.14
2748.14
2744.14
2740.09
2735.92
2731.59
2727.07
2722.39
2717.55
2712.6
2707.55
2702.43
2697.25
2692.07
2686.93
2681.89
2676.99
2672.29
2667.83
2663.67
2659.84
2656.4
2653.38
2650.82
2648.73
2647.13
2645.99
2645.33
2645.07
2645.23
2645.87
2646.93
2648.32
2650.04
2652.09
2654.43
2657.05
2659.92
2663.06
2666.4
2670.04
2673.43
2677.25
2680.78
2684.8
2688.7
2692.78
2696.98
2701.11
2705.41
2709.75
2714.21
2718.68
2723.17
2727.7
2732.25
2736.76
2741.25
2745.69
2750.08
2754.47
2758.8
2763.16
2767.42
2771.68
2775.79
2779.89
2783.81
2787.71
2791.5
2795.1
2798.63
2801.99
2805.21
2808.29
2811.23
2814.06
2816.74
2819.3
2821.73
2824.03
2826.2
2828.25
2830.16
2831.97
2833.65
2835.25
2836.74
2838.14
2839.47
2840.66
2841.86
2842.93
2843.85
2844.79
2845.62
2846.41
2847.12
2847.8
2848.42
2849.01
2849.55
2850.11
2850.81
4274.79
2809.58
2823.66
2827.95
2816.41
2810.05
2802.97
2797.3
2791.6
2786.41
2781.6
2777.12
2772.8
2768.54
2764.32
2760.17
2756.07
2752.04
2748.05
2744.05
2739.99
2735.81
2731.47
2726.93
2722.22
2717.35
2712.35
2707.25
2702.07
2696.83
2691.57
2686.35
2681.21
2676.21
2671.4
2666.81
2662.52
2658.56
2654.97
2651.81
2649.1
2646.86
2645.11
2643.83
2643.03
2642.65
2642.68
2643.16
2644.1
2645.38
2646.99
2648.93
2651.17
2653.67
2656.44
2659.45
2662.66
2666.16
2669.43
2673.12
2676.54
2680.45
2684.21
2688.15
2692.18
2696.18
2700.32
2704.52
2708.82
2713.12
2717.42
2721.76
2726.12
2730.44
2734.74
2738.97
2743.15
2747.29
2751.37
2755.43
2759.36
2763.25
2766.98
2770.67
2774.22
2777.77
2781.24
2784.58
2787.88
2791.01
2793.98
2796.8
2799.44
2801.94
2804.28
2806.49
2808.55
2810.48
2812.29
2813.97
2815.52
2816.98
2818.32
2819.58
2820.75
2821.86
2822.88
2823.88
2824.8
2825.63
2826.47
2827.21
2827.97
2828.66
2829.33
2829.97
2830.58
2831.16
2831.7
2832.24
2832.94
4274.86
2809.28
2823.38
2827.7
2816.22
2809.88
2802.85
2797.18
2791.48
2786.29
2781.48
2777
2772.67
2768.42
2764.2
2760.06
2755.97
2751.95
2747.96
2743.96
2739.9
2735.71
2731.35
2726.79
2722.05
2717.15
2712.11
2706.96
2701.72
2696.41
2691.08
2685.78
2680.55
2675.44
2670.52
2665.81
2661.39
2657.29
2653.57
2650.26
2647.4
2645.02
2643.12
2641.7
2640.76
2640.27
2640.16
2640.49
2641.31
2642.49
2643.99
2645.81
2647.94
2650.34
2652.99
2655.89
2658.97
2662.34
2665.51
2669.08
2672.39
2676.2
2679.82
2683.6
2687.49
2691.34
2695.34
2699.37
2703.5
2707.61
2711.73
2715.88
2720.04
2724.18
2728.28
2732.32
2736.31
2740.25
2744.12
2747.95
2751.64
2755.27
2758.73
2762.13
2765.37
2768.59
2771.71
2774.71
2777.69
2780.5
2783.18
2785.73
2788.11
2790.37
2792.46
2794.43
2796.24
2797.93
2799.49
2800.92
2802.24
2803.47
2804.58
2805.61
2806.58
2807.45
2808.31
2809.09
2809.81
2810.44
2811.09
2811.65
2812.22
2812.74
2813.24
2813.72
2814.19
2814.66
2815.06
2815.39
2815.24
4274.87
2808.96
2823.08
2827.43
2816.03
2809.71
2802.73
2797.06
2791.36
2786.17
2781.35
2776.87
2772.55
2768.3
2764.09
2759.95
2755.88
2751.86
2747.87
2743.87
2739.8
2735.6
2731.23
2726.66
2721.89
2716.95
2711.87
2706.67
2701.37
2696
2690.6
2685.2
2679.88
2674.68
2669.64
2664.81
2660.26
2656.02
2652.16
2648.7
2645.69
2643.16
2641.11
2639.55
2638.46
2637.83
2637.6
2637.79
2638.47
2639.54
2640.93
2642.64
2644.65
2646.94
2649.48
2652.25
2655.2
2658.43
2661.48
2664.91
2668.12
2671.82
2675.29
2678.93
2682.68
2686.4
2690.25
2694.13
2698.07
2701.98
2705.88
2709.82
2713.79
2717.75
2721.68
2725.56
2729.39
2733.18
2736.87
2740.48
2743.92
2747.27
2750.46
2753.6
2756.61
2759.62
2762.53
2765.36
2768.18
2770.84
2773.37
2775.76
2778
2780.1
2782.05
2783.86
2785.53
2787.06
2788.48
2789.77
2790.94
2792.03
2793.01
2793.92
2794.77
2795.52
2796.3
2796.96
2797.57
2798.15
2798.69
2799.2
2799.69
2800.15
2800.6
2801.02
2801.44
2801.86
2802.29
2802.84
2803.39
4274.87
2808.62
2822.78
2827.17
2815.82
2809.54
2802.6
2796.93
2791.24
2786.04
2781.22
2776.73
2772.42
2768.17
2763.97
2759.85
2755.78
2751.77
2747.78
2743.78
2739.7
2735.5
2731.11
2726.52
2721.72
2716.75
2711.63
2706.38
2701.03
2695.59
2690.11
2684.63
2679.21
2673.9
2668.75
2663.8
2659.11
2654.74
2650.73
2647.12
2643.96
2641.27
2639.07
2637.36
2636.12
2635.35
2635
2635.06
2635.59
2636.54
2637.81
2639.41
2641.3
2643.47
2645.89
2648.53
2651.36
2654.45
2657.39
2660.69
2663.78
2667.38
2670.71
2674.21
2677.82
2681.38
2685.05
2688.73
2692.45
2696.13
2699.81
2703.54
2707.31
2711.06
2714.8
2718.48
2722.14
2725.75
2729.29
2732.73
2735.99
2739.13
2742.09
2744.99
2747.74
2750.49
2753.13
2755.69
2758.27
2760.7
2763.02
2765.24
2767.33
2769.31
2771.15
2772.86
2774.45
2775.9
2777.24
2778.46
2779.58
2780.61
2781.54
2782.4
2783.18
2783.89
2784.59
2785.21
2785.76
2786.28
2786.77
2787.21
2787.62
2788
2788.35
2788.68
2788.97
2789.24
2789.55
2789.97
2791.1
4274.86
2808.27
2822.47
2826.89
2815.62
2809.37
2802.47
2796.81
2791.12
2785.92
2781.09
2776.6
2772.28
2768.05
2763.85
2759.74
2755.68
2751.67
2747.69
2743.69
2739.61
2735.39
2730.99
2726.38
2721.56
2716.55
2711.39
2706.09
2700.67
2695.17
2689.61
2684.05
2678.53
2673.12
2667.85
2662.77
2657.95
2653.43
2649.27
2645.51
2642.19
2639.35
2636.99
2635.11
2633.72
2632.8
2632.33
2632.26
2632.61
2633.44
2634.6
2636.07
2637.85
2639.9
2642.19
2644.7
2647.38
2650.33
2653.14
2656.3
2659.26
2662.74
2665.93
2669.28
2672.73
2676.13
2679.63
2683.11
2686.63
2690.1
2693.57
2697.1
2700.66
2704.2
2707.71
2711.18
2714.61
2718
2721.32
2724.55
2727.6
2730.52
2733.26
2735.93
2738.47
2741.02
2743.45
2745.83
2748.22
2750.45
2752.57
2754.59
2756.48
2758.27
2759.93
2761.47
2762.88
2764.17
2765.34
2766.4
2767.35
2768.2
2768.96
2769.65
2770.24
2770.8
2771.29
2771.7
2772.09
2772.4
2772.7
2772.93
2773.15
2773.31
2773.45
2773.56
2773.63
2773.69
2773.78
2774
2773.63
4274.88
2807.91
2822.15
2826.62
2815.41
2809.19
2802.34
2796.68
2791
2785.79
2780.96
2776.47
2772.15
2767.92
2763.73
2759.63
2755.57
2751.58
2747.6
2743.59
2739.51
2735.28
2730.87
2726.24
2721.39
2716.35
2711.14
2705.79
2700.32
2694.75
2689.11
2683.46
2677.85
2672.32
2666.94
2661.73
2656.77
2652.11
2647.8
2643.88
2640.4
2637.39
2634.87
2632.84
2631.29
2630.22
2629.61
2629.4
2629.61
2630.29
2631.33
2632.68
2634.33
2636.25
2638.42
2640.8
2643.35
2646.16
2648.84
2651.85
2654.67
2658.02
2661.06
2664.27
2667.57
2670.8
2674.11
2677.4
2680.72
2683.98
2687.22
2690.48
2693.76
2697.02
2700.28
2703.51
2706.73
2709.92
2713.04
2716.07
2718.93
2721.63
2724.16
2726.61
2728.92
2731.21
2733.39
2735.51
2737.65
2739.63
2741.51
2743.31
2745
2746.6
2748.09
2749.47
2750.73
2751.87
2752.92
2753.84
2754.67
2755.41
2756.05
2756.62
2757.11
2757.54
2757.93
2758.24
2758.52
2758.73
2758.92
2759.04
2759.16
2759.22
2759.27
2759.27
2759.27
2759.24
2759.21
2759.2
2758.91
4274.93
2807.53
2821.83
2826.34
2815.2
2809.02
2802.2
2796.56
2790.87
2785.66
2780.82
2776.33
2772.02
2767.79
2763.61
2759.51
2755.47
2751.48
2747.5
2743.5
2739.41
2735.18
2730.75
2726.1
2721.22
2716.15
2710.9
2705.5
2699.97
2694.33
2688.61
2682.87
2677.16
2671.53
2666.02
2660.68
2655.58
2650.77
2646.3
2642.22
2638.58
2635.4
2632.71
2630.52
2628.8
2627.57
2626.82
2626.48
2626.54
2627.06
2627.97
2629.19
2630.71
2632.51
2634.55
2636.79
2639.2
2641.85
2644.4
2647.26
2649.93
2653.14
2656.02
2659.08
2662.21
2665.26
2668.37
2671.46
2674.58
2677.65
2680.68
2683.73
2686.78
2689.78
2692.78
2695.74
2698.7
2701.63
2704.53
2707.34
2709.98
2712.48
2714.81
2717.05
2719.17
2721.27
2723.27
2725.21
2727.15
2728.94
2730.63
2732.24
2733.74
2735.16
2736.47
2737.68
2738.79
2739.8
2740.71
2741.52
2742.24
2742.88
2743.43
2743.92
2744.34
2744.7
2745.03
2745.29
2745.52
2745.68
2745.83
2745.93
2746.01
2746.05
2746.07
2746.07
2746.05
2746.01
2745.95
2745.85
2745.68
4275
2807.15
2821.5
2826.05
2814.99
2808.84
2802.07
2796.43
2790.75
2785.53
2780.69
2776.19
2771.88
2767.66
2763.49
2759.4
2755.37
2751.38
2747.41
2743.4
2739.31
2735.07
2730.63
2725.96
2721.06
2715.95
2710.66
2705.21
2699.61
2693.9
2688.11
2682.28
2676.47
2670.73
2665.1
2659.63
2654.39
2649.43
2644.8
2640.56
2636.75
2633.4
2630.54
2628.18
2626.3
2624.91
2623.99
2623.53
2623.46
2623.79
2624.57
2625.67
2627.06
2628.72
2630.63
2632.73
2635
2637.51
2639.92
2642.63
2645.15
2648.2
2650.91
2653.8
2656.73
2659.59
2662.49
2665.4
2668.34
2671.22
2674.05
2676.86
2679.65
2682.41
2685.16
2687.89
2690.6
2693.29
2695.94
2698.52
2700.96
2703.26
2705.4
2707.42
2709.34
2711.21
2713
2714.73
2716.47
2718.05
2719.56
2721
2722.35
2723.63
2724.82
2725.93
2726.94
2727.87
2728.72
2729.48
2730.16
2730.77
2731.3
2731.77
2732.18
2732.55
2732.89
2733.16
2733.41
2733.6
2733.77
2733.89
2734.01
2734.09
2734.16
2734.2
2734.23
2734.24
2734.24
2734.21
2734.12
4275.11
2806.75
2821.17
2825.76
2814.78
2808.66
2801.93
2796.3
2790.62
2785.4
2780.55
2776.05
2771.74
2767.53
2763.37
2759.29
2755.26
2751.28
2747.31
2743.31
2739.21
2734.96
2730.51
2725.82
2720.89
2715.75
2710.42
2704.91
2699.26
2693.48
2687.61
2681.69
2675.78
2669.93
2664.18
2658.58
2653.19
2648.08
2643.29
2638.88
2634.9
2631.38
2628.35
2625.81
2623.76
2622.2
2621.13
2620.53
2620.31
2620.49
2621.12
2622.09
2623.34
2624.87
2626.64
2628.61
2630.73
2633.09
2635.37
2637.92
2640.28
2643.18
2645.7
2648.4
2651.16
2653.83
2656.54
2659.25
2662.02
2664.71
2667.34
2669.92
2672.45
2674.93
2677.42
2679.88
2682.35
2684.81
2687.25
2689.61
2691.86
2693.96
2695.93
2697.78
2699.54
2701.24
2702.88
2704.46
2706.03
2707.45
2708.79
2710.08
2711.29
2712.44
2713.49
2714.5
2715.41
2716.26
2717.04
2717.75
2718.38
2718.97
2719.47
2719.94
2720.34
2720.72
2721.07
2721.37
2721.63
2721.86
2722.06
2722.23
2722.38
2722.51
2722.63
2722.72
2722.81
2722.87
2722.93
2722.98
2722.99
4275.26
2806.34
2820.83
2825.47
2814.56
2808.47
2801.79
2796.17
2790.49
2785.27
2780.42
2775.91
2771.61
2767.4
2763.24
2759.17
2755.16
2751.19
2747.22
2743.21
2739.11
2734.85
2730.39
2725.68
2720.73
2715.55
2710.18
2704.62
2698.91
2693.07
2687.11
2681.11
2675.1
2669.13
2663.26
2657.53
2652
2646.73
2641.78
2637.21
2633.05
2629.36
2626.15
2623.43
2621.22
2619.49
2618.25
2617.5
2617.15
2617.19
2617.63
2618.47
2619.59
2620.98
2622.62
2624.45
2626.45
2628.66
2630.81
2633.21
2635.43
2638.16
2640.51
2643.02
2645.6
2648.07
2650.59
2653.09
2655.64
2658.08
2660.46
2662.8
2665.12
2667.4
2669.65
2671.87
2674.07
2676.26
2678.46
2680.61
2682.67
2684.61
2686.43
2688.11
2689.7
2691.19
2692.67
2694.08
2695.47
2696.74
2697.95
2699.11
2700.2
2701.24
2702.2
2703.12
2703.97
2704.77
2705.51
2706.2
2706.82
2707.41
2707.93
2708.42
2708.85
2709.26
2709.65
2709.98
2710.3
2710.58
2710.84
2711.07
2711.28
2711.48
2711.66
2711.82
2711.98
2712.11
2712.25
2712.37
2712.5
4275.45
2805.92
2820.49
2825.17
2814.34
2808.29
2801.65
2796.03
2790.36
2785.13
2780.28
2775.77
2771.47
2767.27
2763.12
2759.06
2755.05
2751.09
2747.13
2743.12
2739.01
2734.75
2730.27
2725.54
2720.56
2715.35
2709.94
2704.34
2698.57
2692.65
2686.62
2680.52
2674.41
2668.34
2662.34
2656.48
2650.8
2645.38
2640.27
2635.53
2631.19
2627.32
2623.93
2621.04
2618.65
2616.75
2615.35
2614.42
2613.95
2613.84
2614.11
2614.81
2615.8
2617.05
2618.55
2620.25
2622.1
2624.16
2626.17
2628.42
2630.48
2633.05
2635.22
2637.54
2639.93
2642.2
2644.51
2646.8
2649.14
2651.38
2653.57
2655.71
2657.82
2659.87
2661.89
2663.85
2665.81
2667.75
2669.69
2671.6
2673.44
2675.19
2676.85
2678.38
2679.84
2681.18
2682.54
2683.81
2685.05
2686.18
2687.27
2688.31
2689.29
2690.22
2691.09
2691.93
2692.7
2693.45
2694.14
2694.79
2695.4
2695.97
2696.49
2696.99
2697.42
2697.86
2698.26
2698.61
2698.95
2699.26
2699.56
2699.83
2700.09
2700.33
2700.56
2700.77
2700.98
2701.17
2701.36
2701.54
2701.76
4275.68
2805.48
2820.14
2824.87
2814.11
2808.11
2801.51
2795.9
2790.23
2785
2780.14
2775.64
2771.33
2767.13
2762.99
2758.94
2754.94
2750.99
2747.03
2743.03
2738.92
2734.64
2730.15
2725.4
2720.4
2715.16
2709.7
2704.05
2698.23
2692.24
2686.13
2679.95
2673.74
2667.55
2661.43
2655.43
2649.61
2644.04
2638.77
2633.85
2629.34
2625.29
2621.71
2618.64
2616.07
2614
2612.43
2611.35
2610.73
2610.48
2610.6
2611.13
2611.98
2613.1
2614.47
2616.02
2617.74
2619.66
2621.53
2623.62
2625.52
2627.93
2629.91
2632.04
2634.23
2636.3
2638.41
2640.49
2642.62
2644.65
2646.64
2648.6
2650.52
2652.36
2654.13
2655.82
2657.49
2659.16
2660.86
2662.55
2664.21
2665.78
2667.27
2668.64
2669.95
2671.13
2672.36
2673.47
2674.54
2675.52
2676.5
2677.41
2678.28
2679.12
2679.91
2680.68
2681.4
2682.11
2682.76
2683.39
2683.98
2684.56
2685.08
2685.6
2686.06
2686.52
2686.95
2687.33
2687.71
2688.05
2688.39
2688.7
2689
2689.28
2689.56
2689.81
2690.07
2690.31
2690.55
2690.78
2691.07
4275.95
2805.03
2819.78
2824.56
2813.89
2807.92
2801.37
2795.77
2790.1
2784.87
2780.01
2775.5
2771.19
2767
2762.87
2758.83
2754.84
2750.89
2746.94
2742.93
2738.82
2734.53
2730.03
2725.27
2720.24
2714.97
2709.47
2703.77
2697.89
2691.83
2685.65
2679.37
2673.06
2666.76
2660.52
2654.39
2648.43
2642.7
2637.26
2632.17
2627.48
2623.24
2619.49
2616.24
2613.48
2611.24
2609.49
2608.24
2607.46
2607.09
2607.06
2607.4
2608.13
2609.11
2610.34
2611.75
2613.33
2615.1
2616.83
2618.76
2620.51
2622.77
2624.58
2626.53
2628.51
2630.38
2632.27
2634.15
2636.09
2637.93
2639.71
2641.46
2643.17
2644.78
2646.35
2647.82
2649.23
2650.64
2652.07
2653.51
2654.95
2656.35
2657.68
2658.92
2660.11
2661.17
2662.27
2663.23
2664.16
2665.03
2665.85
2666.65
2667.4
2668.13
2668.81
2669.5
2670.14
2670.79
2671.39
2671.98
2672.53
2673.08
2673.6
2674.1
2674.56
2675.01
2675.46
2675.85
2676.24
2676.61
2676.96
2677.29
2677.61
2677.91
2678.21
2678.49
2678.76
2679.02
2679.28
2679.54
2679.86
4276.26
2804.57
2819.42
2824.25
2813.66
2807.74
2801.22
2795.64
2789.97
2784.73
2779.87
2775.36
2771.05
2766.87
2762.74
2758.71
2754.73
2750.79
2746.84
2742.84
2738.72
2734.43
2729.91
2725.13
2720.08
2714.78
2709.24
2703.5
2697.55
2691.43
2685.17
2678.81
2672.4
2665.99
2659.62
2653.36
2647.25
2641.36
2635.76
2630.5
2625.63
2621.21
2617.27
2613.83
2610.89
2608.47
2606.55
2605.13
2604.18
2603.67
2603.5
2603.68
2604.25
2605.1
2606.19
2607.47
2608.91
2610.54
2612.13
2613.91
2615.51
2617.64
2619.29
2621.06
2622.83
2624.46
2626.12
2627.77
2629.47
2631.12
2632.73
2634.35
2635.9
2637.32
2638.66
2639.87
2641.01
2642.15
2643.3
2644.5
2645.71
2646.9
2648.05
2649.14
2650.17
2651.1
2652.08
2652.92
2653.71
2654.44
2655.14
2655.8
2656.42
2657.04
2657.62
2658.22
2658.79
2659.37
2659.92
2660.47
2660.99
2661.51
2662.01
2662.51
2662.96
2663.42
2663.88
2664.29
2664.69
2665.08
2665.45
2665.8
2666.14
2666.47
2666.78
2667.08
2667.37
2667.65
2667.93
2668.21
2668.55
4276.61
2804.09
2819.05
2823.94
2813.42
2807.55
2801.08
2795.5
2789.84
2784.6
2779.73
2775.22
2770.91
2766.73
2762.62
2758.6
2754.63
2750.69
2746.75
2742.75
2738.62
2734.33
2729.8
2725
2719.93
2714.59
2709.02
2703.22
2697.22
2691.03
2684.69
2678.24
2671.73
2665.21
2658.73
2652.33
2646.08
2640.03
2634.26
2628.83
2623.78
2619.17
2615.04
2611.41
2608.29
2605.68
2603.58
2601.98
2600.87
2600.2
2599.91
2599.94
2600.33
2601.05
2602
2603.14
2604.44
2605.94
2607.39
2609.01
2610.46
2612.45
2613.95
2615.54
2617.08
2618.51
2619.97
2621.43
2622.95
2624.41
2625.82
2627.22
2628.57
2629.83
2631.03
2632.05
2632.95
2633.78
2634.62
2635.53
2636.47
2637.44
2638.4
2639.33
2640.21
2641.03
2641.89
2642.61
2643.28
2643.9
2644.48
2645.01
2645.51
2646
2646.47
2646.96
2647.43
2647.93
2648.4
2648.88
2649.35
2649.81
2650.27
2650.74
2651.17
2651.61
2652.05
2652.45
2652.84
2653.22
2653.59
2653.95
2654.28
2654.61
2654.92
2655.22
2655.5
2655.79
2656.07
2656.35
2656.69
4277.01
2803.6
2818.67
2823.62
2813.19
2807.36
2800.93
2795.37
2789.71
2784.47
2779.59
2775.07
2770.78
2766.6
2762.49
2758.48
2754.52
2750.6
2746.66
2742.65
2738.53
2734.22
2729.68
2724.87
2719.78
2714.41
2708.79
2702.95
2696.89
2690.64
2684.22
2677.69
2671.08
2664.45
2657.84
2651.31
2644.91
2638.71
2632.77
2627.16
2621.93
2617.13
2612.81
2608.99
2605.68
2602.88
2600.6
2598.83
2597.55
2596.72
2596.3
2596.18
2596.4
2596.98
2597.8
2598.81
2599.97
2601.33
2602.66
2604.12
2605.44
2607.28
2608.63
2610.03
2611.38
2612.61
2613.88
2615.14
2616.47
2617.72
2618.92
2620.12
2621.26
2622.33
2623.33
2624.16
2624.88
2625.5
2626.11
2626.75
2627.41
2628.11
2628.8
2629.5
2630.18
2630.84
2631.55
2632.15
2632.71
2633.22
2633.68
2634.11
2634.5
2634.87
2635.23
2635.6
2635.97
2636.38
2636.76
2637.17
2637.57
2637.99
2638.4
2638.82
2639.22
2639.64
2640.05
2640.43
2640.81
2641.18
2641.55
2641.9
2642.23
2642.55
2642.85
2643.15
2643.43
2643.72
2643.99
2644.27
2644.6
4277.44
2803.1
2818.29
2823.3
2812.95
2807.17
2800.78
2795.23
2789.58
2784.33
2779.46
2774.93
2770.64
2766.47
2762.37
2758.37
2754.42
2750.5
2746.56
2742.56
2738.43
2734.12
2729.57
2724.74
2719.62
2714.23
2708.57
2702.68
2696.57
2690.25
2683.76
2677.13
2670.43
2663.69
2656.96
2650.29
2643.75
2637.39
2631.29
2625.49
2620.08
2615.09
2610.58
2606.56
2603.06
2600.07
2597.6
2595.65
2594.2
2593.21
2592.63
2592.39
2592.46
2592.87
2593.56
2594.43
2595.46
2596.69
2597.88
2599.2
2600.39
2602.08
2603.26
2604.52
2605.69
2606.78
2607.92
2609.04
2610.16
2611.18
2612.12
2613.04
2613.91
2614.78
2615.61
2616.27
2616.81
2617.23
2617.64
2618.05
2618.48
2618.92
2619.34
2619.79
2620.23
2620.71
2621.23
2621.7
2622.13
2622.52
2622.87
2623.17
2623.44
2623.7
2623.94
2624.2
2624.46
2624.77
2625.05
2625.37
2625.69
2626.03
2626.37
2626.73
2627.07
2627.43
2627.79
2628.13
2628.47
2628.81
2629.14
2629.46
2629.76
2630.06
2630.34
2630.62
2630.88
2631.15
2631.42
2631.68
2631.98
4277.94
2802.58
2817.9
2822.97
2812.71
2806.98
2800.63
2795.09
2789.44
2784.2
2779.32
2774.79
2770.5
2766.33
2762.24
2758.25
2754.31
2750.4
2746.47
2742.47
2738.34
2734.02
2729.46
2724.61
2719.47
2714.05
2708.36
2702.42
2696.25
2689.87
2683.3
2676.59
2669.78
2662.93
2656.08
2649.28
2642.59
2636.08
2629.81
2623.84
2618.23
2613.05
2608.35
2604.14
2600.44
2597.25
2594.6
2592.46
2590.84
2589.68
2588.94
2588.57
2588.5
2588.74
2589.29
2590.04
2590.95
2592.04
2593.11
2594.29
2595.37
2596.87
2597.85
2598.95
2599.97
2600.92
2601.91
2602.88
2603.85
2604.7
2605.44
2606.12
2606.75
2607.36
2607.94
2608.39
2608.76
2609
2609.21
2609.4
2609.58
2609.77
2609.94
2610.12
2610.33
2610.58
2610.89
2611.2
2611.47
2611.71
2611.92
2612.09
2612.23
2612.36
2612.48
2612.62
2612.77
2612.98
2613.17
2613.39
2613.62
2613.88
2614.15
2614.43
2614.71
2615.01
2615.3
2615.59
2615.88
2616.18
2616.47
2616.75
2617.02
2617.29
2617.55
2617.8
2618.04
2618.28
2618.53
2618.78
2619.06
4278.42
2802.05
2817.5
2822.64
2812.47
2806.79
2800.48
2794.96
2789.31
2784.06
2779.18
2774.65
2770.36
2766.2
2762.12
2758.13
2754.2
2750.3
2746.38
2742.38
2738.24
2733.92
2729.35
2724.49
2719.33
2713.87
2708.14
2702.16
2695.93
2689.49
2682.84
2676.05
2669.14
2662.18
2655.21
2648.28
2641.44
2634.77
2628.33
2622.18
2616.39
2611.01
2606.11
2601.7
2597.8
2594.42
2591.57
2589.25
2587.44
2586.11
2585.22
2584.7
2584.5
2584.58
2584.99
2585.61
2586.4
2587.36
2588.32
2589.37
2590.34
2591.66
2592.44
2593.41
2594.31
2595.17
2596.05
2596.86
2597.61
2598.24
2598.76
2599.23
2599.65
2600.05
2600.38
2600.62
2600.77
2600.81
2600.82
2600.79
2600.76
2600.71
2600.63
2600.57
2600.53
2600.55
2600.63
2600.75
2600.84
2600.92
2600.97
2601
2601
2600.99
2600.98
2600.99
2601.02
2601.11
2601.18
2601.29
2601.41
2601.56
2601.73
2601.92
2602.1
2602.32
2602.52
2602.73
2602.95
2603.17
2603.4
2603.62
2603.85
2604.06
2604.27
2604.48
2604.68
2604.89
2605.09
2605.31
2605.57
4279.08
2801.52
2817.1
2822.3
2812.22
2806.6
2800.33
2794.82
2789.17
2783.93
2779.04
2774.51
2770.22
2766.07
2761.99
2758.02
2754.1
2750.2
2746.28
2742.28
2738.15
2733.82
2729.24
2724.36
2719.18
2713.7
2707.93
2701.9
2695.62
2689.11
2682.39
2675.51
2668.51
2661.44
2654.35
2647.29
2640.3
2633.47
2626.86
2620.53
2614.55
2608.98
2603.87
2599.26
2595.16
2591.58
2588.53
2586.02
2584.03
2582.53
2581.47
2580.8
2580.47
2580.42
2580.66
2581.16
2581.84
2582.67
2583.52
2584.46
2585.3
2586.48
2587.08
2587.9
2588.68
2589.43
2590.17
2590.8
2591.38
2591.83
2592.15
2592.39
2592.57
2592.73
2592.85
2592.91
2592.88
2592.72
2592.52
2592.26
2592
2591.72
2591.4
2591.08
2590.79
2590.55
2590.39
2590.29
2590.17
2590.05
2589.92
2589.78
2589.62
2589.46
2589.31
2589.18
2589.08
2589.04
2588.99
2588.98
2588.98
2589.02
2589.08
2589.16
2589.26
2589.38
2589.48
2589.6
2589.74
2589.9
2590.05
2590.21
2590.37
2590.53
2590.69
2590.84
2591
2591.15
2591.31
2591.46
2591.68
4279.62
2800.97
2816.68
2821.96
2811.97
2806.4
2800.17
2794.68
2789.04
2783.79
2778.89
2774.36
2770.07
2765.93
2761.87
2757.9
2753.99
2750.11
2746.19
2742.19
2738.05
2733.72
2729.13
2724.24
2719.04
2713.52
2707.72
2701.65
2695.32
2688.74
2681.95
2674.98
2667.88
2660.71
2653.49
2646.3
2639.17
2632.18
2625.39
2618.88
2612.71
2606.94
2601.63
2596.81
2592.51
2588.72
2585.47
2582.76
2580.59
2578.91
2577.68
2576.86
2576.39
2576.21
2576.3
2576.66
2577.23
2577.94
2578.68
2579.51
2580.24
2581.28
2581.76
2582.49
2583.19
2583.85
2584.43
2584.82
2585.15
2585.36
2585.48
2585.53
2585.52
2585.46
2585.4
2585.29
2585.06
2584.72
2584.29
2583.81
2583.32
2582.81
2582.26
2581.7
2581.18
2580.68
2580.28
2579.93
2579.59
2579.26
2578.94
2578.6
2578.27
2577.93
2577.62
2577.32
2577.06
2576.86
2576.65
2576.49
2576.35
2576.25
2576.17
2576.13
2576.11
2576.13
2576.1
2576.13
2576.17
2576.24
2576.31
2576.39
2576.47
2576.56
2576.65
2576.74
2576.85
2576.95
2577.08
2577.2
2577.27
4280.36
2800.41
2816.26
2821.6
2811.71
2806.21
2800.02
2794.54
2788.9
2783.65
2778.75
2774.22
2769.93
2765.79
2761.74
2757.79
2753.89
2750.01
2746.1
2742.1
2737.96
2733.62
2729.02
2724.12
2718.89
2713.35
2707.52
2701.4
2695.01
2688.37
2681.51
2674.45
2667.26
2659.98
2652.65
2645.31
2638.04
2630.89
2623.93
2617.24
2610.88
2604.91
2599.39
2594.36
2589.85
2585.86
2582.4
2579.49
2577.12
2575.27
2573.87
2572.89
2572.27
2571.97
2571.94
2572.15
2572.61
2573.21
2573.83
2574.54
2575.14
2576.05
2576.38
2577.01
2577.63
2578.23
2578.69
2578.94
2579.1
2579.11
2579.01
2578.83
2578.57
2578.27
2578.03
2577.74
2577.33
2576.8
2576.16
2575.47
2574.75
2573.99
2573.19
2572.39
2571.61
2570.85
2570.21
2569.59
2569.02
2568.47
2567.93
2567.4
2566.87
2566.35
2565.85
2565.38
2564.94
2564.56
2564.18
2563.86
2563.55
2563.29
2563.07
2562.89
2562.74
2562.63
2562.47
2562.38
2562.32
2562.28
2562.25
2562.24
2562.23
2562.25
2562.25
2562.28
2562.32
2562.37
2562.5
2562.68
2562.48
4280.96
2799.83
2815.83
2821.25
2811.45
2806.01
2799.86
2794.4
2788.76
2783.51
2778.61
2774.08
2769.79
2765.66
2761.61
2757.67
2753.78
2749.91
2746.01
2742.01
2737.87
2733.52
2728.91
2723.99
2718.75
2713.19
2707.31
2701.15
2694.71
2688.01
2681.07
2673.93
2666.64
2659.25
2651.8
2644.34
2636.91
2629.6
2622.48
2615.6
2609.04
2602.87
2597.14
2591.9
2587.18
2582.97
2579.31
2576.19
2573.63
2571.59
2570.02
2568.88
2568.11
2567.68
2567.52
2567.6
2567.92
2568.43
2568.95
2569.55
2570.02
2570.82
2571.07
2571.6
2572.13
2572.6
2572.91
2573.02
2573.04
2572.91
2572.67
2572.27
2571.76
2571.21
2570.76
2570.26
2569.68
2568.97
2568.14
2567.25
2566.31
2565.31
2564.27
2563.23
2562.19
2561.17
2560.28
2559.38
2558.57
2557.78
2557.02
2556.27
2555.53
2554.8
2554.09
2553.41
2552.78
2552.2
2551.62
2551.11
2550.62
2550.19
2549.79
2549.45
2549.14
2548.88
2548.57
2548.33
2548.14
2547.97
2547.82
2547.69
2547.57
2547.48
2547.38
2547.32
2547.25
2547.23
2547.3
2547.49
2547.02
4281.77
2799.24
2815.39
2820.88
2811.19
2805.81
2799.7
2794.25
2788.62
2783.37
2778.47
2773.93
2769.65
2765.52
2761.48
2757.55
2753.67
2749.81
2745.91
2741.92
2737.78
2733.42
2728.8
2723.87
2718.61
2713.02
2707.11
2700.91
2694.41
2687.65
2680.64
2673.42
2666.03
2658.53
2650.96
2643.36
2635.8
2628.33
2621.03
2613.96
2607.21
2600.83
2594.89
2589.44
2584.5
2580.08
2576.2
2572.88
2570.11
2567.89
2566.15
2564.84
2563.92
2563.34
2563.08
2563.03
2563.22
2563.61
2564.04
2564.52
2564.88
2565.61
2565.77
2566.2
2566.63
2566.96
2567.14
2567.13
2567.02
2566.76
2566.39
2565.83
2565.11
2564.32
2563.63
2562.9
2562.13
2561.24
2560.22
2559.13
2557.97
2556.75
2555.48
2554.19
2552.9
2551.61
2550.47
2549.28
2548.23
2547.19
2546.19
2545.2
2544.23
2543.28
2542.35
2541.45
2540.6
2539.79
2539
2538.28
2537.59
2536.96
2536.38
2535.86
2535.37
2534.95
2534.46
2534.07
2533.73
2533.41
2533.12
2532.86
2532.61
2532.4
2532.19
2532.02
2531.85
2531.75
2531.72
2531.91
2531.16
4282.49
2798.63
2814.94
2820.5
2810.92
2805.61
2799.54
2794.11
2788.48
2783.23
2778.32
2773.79
2769.5
2765.38
2761.35
2757.43
2753.56
2749.71
2745.82
2741.83
2737.68
2733.33
2728.7
2723.75
2718.47
2712.85
2706.91
2700.66
2694.12
2687.3
2680.21
2672.91
2665.43
2657.82
2650.13
2642.4
2634.68
2627.05
2619.58
2612.33
2605.38
2598.79
2592.63
2586.97
2581.81
2577.17
2573.07
2569.53
2566.56
2564.14
2562.23
2560.76
2559.69
2558.96
2558.57
2558.42
2558.49
2558.76
2559.07
2559.46
2559.73
2560.42
2560.5
2560.84
2561.11
2561.26
2561.31
2561.2
2561.03
2560.7
2560.22
2559.5
2558.6
2557.59
2556.65
2555.68
2554.71
2553.63
2552.42
2551.15
2549.78
2548.36
2546.87
2545.34
2543.79
2542.26
2540.85
2539.38
2538.08
2536.78
2535.53
2534.29
2533.08
2531.89
2530.73
2529.59
2528.5
2527.46
2526.45
2525.5
2524.59
2523.74
2522.94
2522.21
2521.52
2520.91
2520.21
2519.63
2519.11
2518.62
2518.17
2517.74
2517.34
2516.98
2516.64
2516.33
2516.05
2515.85
2515.71
2515.88
2514.85
4283.37
2798.01
2814.47
2820.12
2810.65
2805.4
2799.37
2793.96
2788.34
2783.09
2778.18
2773.64
2769.36
2765.24
2761.23
2757.31
2753.46
2749.62
2745.73
2741.74
2737.59
2733.23
2728.59
2723.63
2718.33
2712.69
2706.71
2700.42
2693.83
2686.94
2679.79
2672.4
2664.83
2657.11
2649.3
2641.44
2633.58
2625.79
2618.14
2610.7
2603.55
2596.75
2590.38
2584.49
2579.11
2574.25
2569.93
2566.18
2563
2560.38
2558.28
2556.65
2555.42
2554.55
2554.02
2553.76
2553.72
2553.88
2554.08
2554.38
2554.57
2555.21
2555.23
2555.5
2555.66
2555.67
2555.6
2555.34
2555.07
2554.66
2554.08
2553.26
2552.2
2551
2549.81
2548.61
2547.44
2546.16
2544.78
2543.31
2541.75
2540.14
2538.43
2536.68
2534.89
2533.11
2531.44
2529.69
2528.12
2526.56
2525.04
2523.55
2522.08
2520.64
2519.23
2517.85
2516.51
2515.22
2513.96
2512.77
2511.62
2510.54
2509.51
2508.56
2507.65
2506.83
2505.9
2505.1
2504.39
2503.7
2503.05
2502.44
2501.85
2501.31
2500.79
2500.31
2499.87
2499.52
2499.23
2499.35
2497.91
4284.25
2797.37
2814
2819.73
2810.37
2805.2
2799.21
2793.82
2788.2
2782.95
2778.03
2773.49
2769.21
2765.11
2761.09
2757.2
2753.35
2749.52
2745.63
2741.65
2737.5
2733.13
2728.49
2723.52
2718.2
2712.53
2706.52
2700.19
2693.54
2686.6
2679.37
2671.9
2664.23
2656.41
2648.48
2640.48
2632.48
2624.52
2616.7
2609.07
2601.72
2594.71
2588.11
2582
2576.39
2571.31
2566.76
2562.79
2559.39
2556.57
2554.29
2552.48
2551.1
2550.09
2549.43
2549.05
2548.9
2548.97
2549.06
2549.27
2549.39
2549.98
2549.96
2550.18
2550.24
2550.17
2550.02
2549.64
2549.25
2548.7
2547.96
2547.03
2545.88
2544.53
2543.13
2541.71
2540.33
2538.85
2537.3
2535.65
2533.92
2532.12
2530.23
2528.27
2526.25
2524.24
2522.32
2520.3
2518.46
2516.63
2514.85
2513.1
2511.38
2509.68
2508.02
2506.37
2504.78
2503.23
2501.72
2500.27
2498.86
2497.53
2496.26
2495.04
2493.91
2492.87
2491.69
2490.66
2489.74
2488.83
2487.98
2487.16
2486.39
2485.65
2484.95
2484.3
2483.69
2483.19
2482.74
2482.81
2481
4285.19
2796.72
2813.52
2819.33
2810.08
2804.99
2799.04
2793.67
2788.06
2782.81
2777.88
2773.34
2769.06
2764.97
2760.96
2757.07
2753.24
2749.42
2745.54
2741.56
2737.41
2733.03
2728.38
2723.4
2718.06
2712.37
2706.33
2699.95
2693.26
2686.25
2678.95
2671.4
2663.64
2655.71
2647.66
2639.53
2631.38
2623.27
2615.26
2607.45
2599.89
2592.67
2585.85
2579.5
2573.66
2568.35
2563.58
2559.38
2555.76
2552.74
2550.26
2548.29
2546.74
2545.58
2544.79
2544.3
2544.05
2544.02
2544.03
2544.15
2544.2
2544.7
2544.62
2544.78
2544.76
2544.64
2544.43
2543.98
2543.52
2542.85
2541.98
2540.94
2539.7
2538.22
2536.65
2535.02
2533.42
2531.76
2530.02
2528.2
2526.31
2524.34
2522.27
2520.11
2517.88
2515.64
2513.48
2511.19
2509.06
2506.98
2504.94
2502.94
2500.96
2499.02
2497.1
2495.2
2493.35
2491.54
2489.76
2488.05
2486.39
2484.79
2483.25
2481.79
2480.4
2479.1
2477.69
2476.44
2475.26
2474.13
2473.05
2472.02
2471.03
2470.09
2469.19
2468.34
2467.56
2466.88
2466.26
2466.21
2464.11
4286.18
2796.05
2813.02
2818.91
2809.79
2804.77
2798.87
2793.52
2787.91
2782.66
2777.74
2773.19
2768.92
2764.82
2760.83
2756.95
2753.13
2749.32
2745.45
2741.47
2737.32
2732.94
2728.28
2723.28
2717.93
2712.21
2706.13
2699.72
2692.97
2685.91
2678.54
2670.91
2663.05
2655.02
2646.85
2638.59
2630.29
2622.01
2613.83
2605.82
2598.06
2590.62
2583.57
2576.99
2570.92
2565.37
2560.37
2555.94
2552.1
2548.86
2546.19
2544.04
2542.33
2541.03
2540.1
2539.5
2539.15
2539.03
2538.97
2539.01
2539.01
2539.42
2539.29
2539.39
2539.33
2539.18
2538.89
2538.36
2537.8
2537.01
2536.05
2534.97
2533.64
2532.06
2530.36
2528.56
2526.74
2524.89
2522.96
2520.98
2518.96
2516.83
2514.6
2512.26
2509.85
2507.4
2505
2502.47
2500.08
2497.74
2495.45
2493.2
2490.99
2488.8
2486.63
2484.47
2482.37
2480.3
2478.25
2476.27
2474.34
2472.47
2470.67
2468.94
2467.29
2465.76
2464.07
2462.6
2461.16
2459.78
2458.47
2457.19
2455.98
2454.8
2453.68
2452.61
2451.6
2450.7
2449.85
2449.57
2447.17
4287.23
2795.35
2812.51
2818.49
2809.49
2804.56
2798.7
2793.36
2787.77
2782.51
2777.59
2773.04
2768.77
2764.68
2760.7
2756.83
2753.02
2749.22
2745.35
2741.38
2737.22
2732.84
2728.17
2723.16
2717.79
2712.05
2705.94
2699.49
2692.69
2685.57
2678.13
2670.42
2662.47
2654.33
2646.04
2637.65
2629.2
2620.76
2612.41
2604.21
2596.24
2588.57
2581.3
2574.48
2568.17
2562.38
2557.14
2552.47
2548.41
2544.95
2542.09
2539.75
2537.88
2536.43
2535.37
2534.65
2534.21
2534
2533.88
2533.84
2533.79
2534.13
2533.95
2533.98
2533.88
2533.71
2533.36
2532.76
2532.09
2531.19
2530.17
2529.07
2527.69
2526.08
2524.28
2522.33
2520.33
2518.3
2516.19
2514.05
2511.88
2509.62
2507.25
2504.76
2502.15
2499.52
2496.89
2494.14
2491.5
2488.91
2486.38
2483.9
2481.46
2479.03
2476.6
2474.22
2471.88
2469.55
2467.26
2465.03
2462.84
2460.72
2458.66
2456.68
2454.78
2452.98
2451.08
2449.39
2447.71
2446.08
2444.56
2443.06
2441.63
2440.26
2438.94
2437.68
2436.48
2435.4
2434.38
2433.9
2431.31
4288.33
2794.64
2811.99
2818.05
2809.19
2804.34
2798.52
2793.21
2787.62
2782.37
2777.44
2772.89
2768.62
2764.54
2760.57
2756.71
2752.91
2749.11
2745.26
2741.28
2737.13
2732.75
2728.07
2723.05
2717.66
2711.89
2705.75
2699.26
2692.41
2685.23
2677.73
2669.93
2661.89
2653.64
2645.24
2636.71
2628.12
2619.52
2610.98
2602.58
2594.41
2586.52
2579.01
2571.95
2565.39
2559.36
2553.88
2548.97
2544.68
2541
2537.93
2535.41
2533.37
2531.77
2530.58
2529.75
2529.21
2528.91
2528.74
2528.65
2528.56
2528.86
2528.63
2528.63
2528.48
2528.24
2527.77
2527.1
2526.36
2525.41
2524.39
2523.27
2521.89
2520.25
2518.39
2516.33
2514.2
2512.01
2509.73
2507.45
2505.14
2502.75
2500.25
2497.62
2494.88
2492.07
2489.24
2486.28
2483.43
2480.61
2477.85
2475.15
2472.46
2469.8
2467.16
2464.55
2461.97
2459.42
2456.89
2454.42
2451.99
2449.63
2447.33
2445.11
2442.96
2440.9
2438.8
2436.85
2434.96
2433.09
2431.3
2429.6
2427.94
2426.35
2424.81
2423.33
2421.91
2420.6
2419.37
2418.65
2415.78
4289.48
2793.92
2811.45
2817.6
2808.88
2804.12
2798.35
2793.06
2787.47
2782.22
2777.28
2772.74
2768.47
2764.4
2760.43
2756.59
2752.8
2749.01
2745.16
2741.19
2737.04
2732.65
2727.96
2722.93
2717.52
2711.73
2705.56
2699.03
2692.14
2684.9
2677.32
2669.45
2661.31
2652.96
2644.44
2635.78
2627.04
2618.27
2609.56
2600.97
2592.58
2584.47
2576.72
2569.42
2562.61
2556.33
2550.6
2545.45
2540.91
2537.01
2533.73
2531.02
2528.81
2527.06
2525.74
2524.8
2524.18
2523.79
2523.56
2523.43
2523.29
2523.56
2523.32
2523.32
2523.18
2522.9
2522.33
2521.54
2520.67
2519.69
2518.71
2517.62
2516.23
2514.6
2512.69
2510.56
2508.35
2506.05
2503.63
2501.22
2498.76
2496.24
2493.62
2490.86
2488
2485.03
2482.03
2478.91
2475.88
2472.85
2469.88
2466.96
2464.06
2461.18
2458.33
2455.52
2452.74
2449.98
2447.25
2444.56
2441.92
2439.34
2436.83
2434.39
2432.02
2429.75
2427.47
2425.33
2423.2
2421.13
2419.14
2417.26
2415.42
2413.64
2411.92
2410.26
2408.67
2407.18
2405.77
2404.84
2401.81
4290.69
2793.17
2810.9
2817.14
2808.56
2803.9
2798.17
2792.9
2787.32
2782.07
2777.13
2772.58
2768.32
2764.25
2760.3
2756.46
2752.68
2748.91
2745.07
2741.1
2736.95
2732.55
2727.86
2722.82
2717.39
2711.58
2705.38
2698.8
2691.86
2684.57
2676.92
2668.97
2660.74
2652.28
2643.64
2634.85
2625.96
2617.03
2608.14
2599.35
2590.75
2582.41
2574.42
2566.87
2559.81
2553.27
2547.29
2541.89
2537.11
2532.98
2529.48
2526.57
2524.19
2522.29
2520.84
2519.78
2519.07
2518.61
2518.32
2518.16
2518
2518.26
2518.01
2518.04
2517.89
2517.62
2517.04
2516.18
2515.22
2514.18
2513.18
2512.09
2510.7
2509.11
2507.18
2505.03
2502.75
2500.37
2497.89
2495.37
2492.78
2490.14
2487.39
2484.54
2481.55
2478.47
2475.34
2472.09
2468.89
2465.7
2462.54
2459.41
2456.31
2453.25
2450.22
2447.22
2444.26
2441.32
2438.4
2435.53
2432.71
2429.94
2427.24
2424.61
2422.04
2419.58
2417.13
2414.82
2412.46
2410.25
2408.08
2406.01
2404.01
2402.06
2400.19
2398.37
2396.62
2394.97
2393.41
2392.29
2389.1
4291.95
2792.4
2810.33
2816.66
2808.24
2803.67
2797.99
2792.74
2787.16
2781.92
2776.98
2772.43
2768.16
2764.1
2760.16
2756.34
2752.57
2748.81
2744.97
2741.01
2736.85
2732.46
2727.75
2722.7
2717.26
2711.42
2705.19
2698.58
2691.59
2684.23
2676.53
2668.49
2660.17
2651.61
2642.85
2633.93
2624.89
2615.8
2606.72
2597.74
2588.92
2580.35
2572.12
2564.31
2556.99
2550.2
2543.96
2538.3
2533.27
2528.9
2525.18
2522.08
2519.52
2517.46
2515.87
2514.7
2513.91
2513.38
2513.03
2512.84
2512.66
2512.91
2512.66
2512.69
2512.55
2512.31
2511.75
2510.89
2509.99
2508.97
2507.93
2506.76
2505.37
2503.81
2501.9
2499.76
2497.44
2495.01
2492.49
2489.9
2487.22
2484.46
2481.61
2478.65
2475.57
2472.4
2469.17
2465.82
2462.5
2459.16
2455.84
2452.55
2449.29
2446.07
2442.88
2439.74
2436.63
2433.53
2430.47
2427.45
2424.47
2421.55
2418.7
2415.91
2413.19
2410.57
2407.97
2405.51
2403.01
2400.66
2398.35
2396.14
2394.02
2391.93
2389.94
2387.99
2386.12
2384.32
2382.64
2381.34
2378.07
4293.27
2791.62
2809.74
2816.17
2807.91
2803.45
2797.8
2792.58
2787.01
2781.76
2776.82
2772.27
2768.01
2763.96
2760.02
2756.21
2752.46
2748.7
2744.88
2740.91
2736.76
2732.36
2727.65
2722.58
2717.12
2711.26
2705
2698.35
2691.32
2683.91
2676.13
2668.01
2659.6
2650.94
2642.06
2633.01
2623.82
2614.57
2605.31
2596.12
2587.09
2578.29
2569.81
2561.74
2554.16
2547.09
2540.59
2534.67
2529.39
2524.77
2520.83
2517.52
2514.78
2512.55
2510.83
2509.55
2508.67
2508.08
2507.67
2507.46
2507.29
2507.55
2507.31
2507.36
2507.24
2507.02
2506.48
2505.68
2504.88
2503.92
2502.92
2501.74
2500.38
2498.78
2496.91
2494.79
2492.44
2489.98
2487.42
2484.78
2482.06
2479.22
2476.29
2473.25
2470.1
2466.86
2463.57
2460.14
2456.73
2453.28
2449.84
2446.42
2443.04
2439.7
2436.39
2433.12
2429.89
2426.67
2423.49
2420.35
2417.25
2414.22
2411.24
2408.33
2405.49
2402.74
2400.02
2397.44
2394.83
2392.38
2389.96
2387.64
2385.44
2383.26
2381.19
2379.14
2377.19
2375.31
2373.54
2372.11
2368.83
4294.65
2790.81
2809.14
2815.66
2807.57
2803.22
2797.62
2792.42
2786.85
2781.61
2776.66
2772.11
2767.86
2763.81
2759.88
2756.08
2752.34
2748.6
2744.78
2740.82
2736.67
2732.26
2727.54
2722.47
2716.99
2711.11
2704.82
2698.13
2691.05
2683.58
2675.74
2667.54
2659.04
2650.27
2641.27
2632.09
2622.76
2613.34
2603.9
2594.51
2585.26
2576.23
2567.5
2559.17
2551.31
2543.97
2537.2
2531.01
2525.46
2520.6
2516.42
2512.9
2509.97
2507.58
2505.72
2504.33
2503.35
2502.71
2502.24
2502
2501.86
2502.15
2501.93
2501.97
2501.87
2501.71
2501.25
2500.58
2499.9
2498.99
2498.02
2496.9
2495.63
2494.07
2492.26
2490.14
2487.82
2485.32
2482.72
2480.05
2477.31
2474.44
2471.46
2468.35
2465.16
2461.88
2458.54
2455.07
2451.6
2448.07
2444.56
2441.07
2437.6
2434.18
2430.78
2427.42
2424.09
2420.77
2417.5
2414.27
2411.09
2407.97
2404.9
2401.91
2398.99
2396.15
2393.34
2390.68
2388.01
2385.49
2382.99
2380.59
2378.32
2376.07
2373.94
2371.83
2369.82
2367.87
2366.04
2364.5
2361.22
4296.08
2789.99
2808.52
2815.14
2807.23
2802.98
2797.43
2792.25
2786.7
2781.45
2776.5
2771.96
2767.7
2763.66
2759.74
2755.96
2752.22
2748.49
2744.68
2740.73
2736.57
2732.16
2727.44
2722.35
2716.86
2710.95
2704.63
2697.91
2690.78
2683.25
2675.34
2667.07
2658.48
2649.61
2640.49
2631.18
2621.7
2612.11
2602.49
2592.9
2583.43
2574.16
2565.17
2556.57
2548.44
2540.83
2533.77
2527.31
2521.49
2516.37
2511.95
2508.21
2505.09
2502.54
2500.54
2499.03
2497.96
2497.25
2496.74
2496.5
2496.38
2496.72
2496.56
2496.59
2496.48
2496.33
2496
2495.52
2495.02
2494.18
2493.25
2492.19
2491.03
2489.62
2487.93
2485.82
2483.54
2481.03
2478.42
2475.74
2473
2470.12
2467.13
2464
2460.79
2457.49
2454.14
2450.65
2447.15
2443.6
2440.05
2436.51
2432.99
2429.51
2426.03
2422.6
2419.2
2415.82
2412.49
2409.21
2405.97
2402.81
2399.7
2396.67
2393.7
2390.81
2387.97
2385.26
2382.57
2380
2377.47
2375.03
2372.73
2370.44
2368.28
2366.14
2364.1
2362.12
2360.24
2358.62
2355.4
4297.57
2789.15
2807.88
2814.61
2806.88
2802.74
2797.24
2792.08
2786.54
2781.29
2776.34
2771.79
2767.54
2763.51
2759.6
2755.83
2752.11
2748.38
2744.58
2740.63
2736.48
2732.06
2727.33
2722.23
2716.73
2710.8
2704.45
2697.68
2690.51
2682.93
2674.95
2666.61
2657.92
2648.95
2639.72
2630.27
2620.64
2610.89
2601.08
2591.29
2581.6
2572.09
2562.85
2553.98
2545.56
2537.66
2530.32
2523.57
2517.48
2512.09
2507.42
2503.46
2500.14
2497.42
2495.27
2493.65
2492.49
2491.72
2491.17
2490.92
2490.8
2491.2
2491.11
2491.19
2491.16
2491.06
2490.73
2490.42
2490.16
2489.46
2488.6
2487.64
2486.59
2485.33
2483.8
2481.77
2479.55
2477.08
2474.51
2471.85
2469.13
2466.28
2463.31
2460.18
2456.97
2453.68
2450.35
2446.88
2443.4
2439.85
2436.3
2432.75
2429.23
2425.71
2422.2
2418.73
2415.29
2411.89
2408.53
2405.23
2401.97
2398.78
2395.64
2392.58
2389.58
2386.65
2383.78
2381.03
2378.33
2375.72
2373.16
2370.69
2368.36
2366.06
2363.87
2361.72
2359.67
2357.66
2355.75
2354.07
2350.93
4299.12
2788.29
2807.22
2814.07
2806.52
2802.5
2797.05
2791.91
2786.37
2781.13
2776.18
2771.63
2767.38
2763.36
2759.46
2755.7
2751.99
2748.28
2744.48
2740.54
2736.38
2731.97
2727.23
2722.12
2716.59
2710.64
2704.26
2697.46
2690.24
2682.61
2674.57
2666.14
2657.37
2648.29
2638.94
2629.36
2619.59
2609.67
2599.68
2589.69
2579.77
2570.01
2560.51
2551.36
2542.66
2534.46
2526.83
2519.79
2513.41
2507.75
2502.82
2498.63
2495.1
2492.2
2489.91
2488.17
2486.92
2486.09
2485.51
2485.27
2485.16
2485.61
2485.61
2485.76
2485.86
2485.9
2485.7
2485.52
2485.31
2484.78
2484.04
2483.2
2482.25
2481.18
2479.79
2477.95
2475.83
2473.45
2470.94
2468.36
2465.71
2462.9
2460
2456.91
2453.73
2450.48
2447.19
2443.79
2440.35
2436.84
2433.32
2429.77
2426.23
2422.69
2419.14
2415.64
2412.19
2408.8
2405.45
2402.17
2398.93
2395.77
2392.65
2389.62
2386.64
2383.75
2380.92
2378.2
2375.54
2372.96
2370.43
2368
2365.69
2363.42
2361.25
2359.13
2357.11
2355.12
2353.22
2351.51
2348.48
4300.72
2787.42
2806.54
2813.52
2806.17
2802.26
2796.85
2791.74
2786.21
2780.97
2776.01
2771.47
2767.22
2763.2
2759.32
2755.57
2751.87
2748.17
2744.38
2740.44
2736.29
2731.87
2727.12
2722
2716.46
2710.49
2704.08
2697.24
2689.98
2682.29
2674.18
2665.68
2656.82
2647.64
2638.17
2628.46
2618.54
2608.46
2598.28
2588.09
2577.94
2567.94
2558.17
2548.74
2539.75
2531.25
2523.31
2515.97
2509.3
2503.35
2498.16
2493.73
2489.99
2486.91
2484.46
2482.6
2481.26
2480.38
2479.77
2479.53
2479.45
2479.93
2479.99
2480.22
2480.43
2480.68
2480.72
2480.76
2480.58
2480.16
2479.54
2478.83
2477.99
2477.1
2475.91
2474.34
2472.39
2470.12
2467.69
2465.23
2462.7
2459.99
2457.19
2454.19
2451.08
2447.89
2444.67
2441.33
2437.96
2434.51
2431.04
2427.55
2424.08
2420.61
2417.15
2413.71
2410.32
2406.96
2403.64
2400.37
2397.14
2393.97
2390.84
2387.79
2384.78
2381.85
2378.98
2376.22
2373.52
2370.9
2368.34
2365.88
2363.55
2361.27
2359.08
2356.96
2354.93
2352.96
2351.03
2349.27
2346.31
4302.39
2786.53
2805.84
2812.96
2805.8
2802.02
2796.66
2791.57
2786.04
2780.81
2775.85
2771.3
2767.06
2763.05
2759.17
2755.43
2751.75
2748.06
2744.28
2740.34
2736.19
2731.77
2727.02
2721.88
2716.33
2710.33
2703.9
2697.02
2689.71
2681.97
2673.8
2665.22
2656.27
2646.99
2637.4
2627.56
2617.5
2607.25
2596.89
2586.49
2576.12
2565.87
2555.83
2546.11
2536.82
2528.01
2519.76
2512.11
2505.13
2498.89
2493.43
2488.74
2484.78
2481.51
2478.91
2476.93
2475.5
2474.56
2473.94
2473.68
2473.66
2474.18
2474.31
2474.66
2474.99
2475.44
2475.7
2475.93
2475.94
2475.66
2475.17
2474.52
2473.76
2473.07
2472.17
2470.91
2469.19
2467.11
2464.81
2462.47
2460.08
2457.54
2454.87
2452
2449.01
2445.9
2442.79
2439.58
2436.34
2432.99
2429.6
2426.14
2422.66
2419.16
2415.68
2412.23
2408.88
2405.59
2402.34
2399.15
2395.99
2392.91
2389.86
2386.89
2383.97
2381.12
2378.35
2375.67
2373.05
2370.52
2368.04
2365.66
2363.4
2361.18
2359.06
2357.02
2355.02
2353.12
2351.24
2349.48
2346.66
4304.12
2785.62
2805.13
2812.4
2805.44
2801.77
2796.46
2791.39
2785.87
2780.64
2775.68
2771.14
2766.9
2762.89
2759.03
2755.3
2751.63
2747.95
2744.18
2740.25
2736.09
2731.67
2726.91
2721.77
2716.2
2710.18
2703.71
2696.8
2689.45
2681.65
2673.42
2664.77
2655.73
2646.34
2636.64
2626.67
2616.46
2606.05
2595.5
2584.89
2574.29
2563.79
2553.49
2543.48
2533.87
2524.76
2516.18
2508.22
2500.92
2494.38
2488.62
2483.67
2479.48
2476.02
2473.25
2471.14
2469.62
2468.62
2467.99
2467.71
2467.75
2468.31
2468.54
2469.05
2469.56
2470.2
2470.64
2471.06
2471.28
2471.25
2470.98
2470.4
2469.67
2469.11
2468.53
2467.63
2466.2
2464.39
2462.29
2460.1
2457.89
2455.51
2452.99
2450.31
2447.51
2444.54
2441.54
2438.42
2435.23
2431.94
2428.64
2425.35
2422.05
2418.75
2415.49
2412.2
2408.95
2405.75
2402.54
2399.41
2396.29
2393.25
2390.24
2387.31
2384.43
2381.64
2378.89
2376.24
2373.64
2371.15
2368.69
2366.34
2364.12
2361.92
2359.83
2357.82
2355.83
2353.95
2352.08
2350.29
2347.54
4305.92
2784.69
2804.4
2811.84
2805.06
2801.52
2796.26
2791.22
2785.7
2780.47
2775.51
2770.97
2766.73
2762.74
2758.88
2755.17
2751.51
2747.84
2744.08
2740.15
2736
2731.57
2726.8
2721.65
2716.06
2710.03
2703.53
2696.59
2689.19
2681.34
2673.04
2664.31
2655.19
2645.7
2635.89
2625.78
2615.42
2604.85
2594.11
2583.3
2572.47
2561.72
2551.13
2540.83
2530.91
2521.47
2512.57
2504.27
2496.65
2489.79
2483.74
2478.51
2474.08
2470.41
2467.47
2465.23
2463.63
2462.57
2461.94
2461.63
2461.74
2462.38
2462.71
2463.33
2464.01
2464.89
2465.55
2466.17
2466.64
2466.89
2466.91
2466.52
2465.89
2465.37
2464.99
2464.46
2463.39
2461.89
2460.07
2458.08
2456.09
2453.94
2451.61
2449.16
2446.53
2443.67
2440.79
2437.89
2434.92
2431.9
2428.78
2425.65
2422.44
2419.2
2416.04
2412.86
2409.66
2406.55
2403.4
2400.34
2397.29
2394.32
2391.39
2388.53
2385.72
2383
2380.32
2377.73
2375.18
2372.75
2370.32
2368.03
2365.85
2363.7
2361.65
2359.72
2357.79
2355.88
2354.11
2352.38
2349.81
4307.78
2783.75
2803.66
2811.26
2804.69
2801.27
2796.06
2791.04
2785.53
2780.3
2775.34
2770.8
2766.56
2762.58
2758.73
2755.03
2751.38
2747.73
2743.97
2740.05
2735.9
2731.47
2726.7
2721.53
2715.93
2709.87
2703.35
2696.37
2688.93
2681.03
2672.67
2663.86
2654.65
2645.06
2635.13
2624.9
2614.39
2603.65
2592.73
2581.71
2570.65
2559.64
2548.78
2538.18
2527.94
2518.17
2508.93
2500.29
2492.33
2485.14
2478.78
2473.27
2468.58
2464.69
2461.58
2459.2
2457.51
2456.37
2455.74
2455.45
2455.6
2456.36
2456.82
2457.57
2458.36
2459.42
2460.32
2461.18
2461.98
2462.57
2462.9
2462.77
2462.33
2461.98
2461.72
2461.44
2460.7
2459.55
2458.1
2456.38
2454.64
2452.73
2450.63
2448.37
2445.99
2443.49
2440.84
2438.14
2435.27
2432.45
2429.47
2426.52
2423.47
2420.34
2417.31
2414.25
2411.15
2408.13
2405.1
2402.15
2399.21
2396.36
2393.53
2390.78
2388.06
2385.42
2382.84
2380.33
2377.82
2375.45
2373.08
2370.83
2368.69
2366.59
2364.54
2362.61
2360.71
2358.8
2357.01
2355.24
2352.7
4309.7
2782.79
2802.9
2810.68
2804.3
2801.01
2795.85
2790.86
2785.36
2780.13
2775.17
2770.63
2766.4
2762.42
2758.58
2754.89
2751.26
2747.62
2743.87
2739.95
2735.8
2731.37
2726.59
2721.41
2715.8
2709.72
2703.17
2696.16
2688.67
2680.71
2672.29
2663.42
2654.12
2644.43
2634.38
2624.02
2613.37
2602.46
2591.36
2580.12
2568.84
2557.57
2546.43
2535.52
2524.96
2514.84
2505.25
2496.26
2487.95
2480.42
2473.73
2467.92
2462.96
2458.84
2455.54
2453.02
2451.23
2450.03
2449.37
2449.14
2449.32
2450.19
2450.81
2451.74
2452.74
2454.02
2454.92
2456.05
2457.25
2458.21
2458.88
2459.05
2458.86
2458.84
2458.86
2458.68
2458.23
2457.4
2456.37
2454.99
2453.55
2451.94
2450.11
2448.11
2446.07
2443.83
2441.33
2438.88
2436.17
2433.58
2430.83
2428.09
2425.27
2422.35
2419.4
2416.5
2413.55
2410.66
2407.76
2404.93
2402.11
2399.37
2396.65
2393.99
2391.37
2388.79
2386.29
2383.83
2381.38
2379.06
2376.74
2374.54
2372.46
2370.41
2368.43
2366.54
2364.64
2362.94
2361.2
2359.41
2357.02
4311.68
2781.82
2802.12
2810.08
2803.91
2800.75
2795.64
2790.67
2785.18
2779.96
2774.99
2770.45
2766.23
2762.26
2758.43
2754.76
2751.14
2747.5
2743.77
2739.85
2735.71
2731.27
2726.48
2721.3
2715.66
2709.56
2702.99
2695.94
2688.41
2680.4
2671.92
2662.97
2653.59
2643.8
2633.64
2623.15
2612.35
2601.28
2589.99
2578.55
2567.02
2555.5
2544.07
2532.85
2521.96
2511.5
2501.55
2492.2
2483.53
2475.63
2468.61
2462.48
2457.24
2452.87
2449.37
2446.69
2444.8
2443.53
2442.85
2442.68
2442.9
2443.86
2444.62
2445.72
2446.95
2448.57
2449.58
2450.91
2452.43
2453.74
2454.79
2455.31
2455.44
2455.77
2456.1
2456.09
2455.97
2455.51
2454.87
2453.86
2452.75
2451.47
2449.95
2448.32
2446.52
2444.55
2442.36
2440.15
2437.75
2435.43
2432.9
2430.34
2427.75
2425.03
2422.22
2419.53
2416.77
2414.07
2411.34
2408.67
2405.99
2403.37
2400.77
2398.21
2395.69
2393.2
2390.77
2388.36
2386.02
2383.73
2381.48
2379.32
2377.28
2375.26
2373.3
2371.44
2369.52
2367.81
2366.1
2364.31
2361.92
4313.74
2780.83
2801.32
2809.48
2803.51
2800.49
2795.44
2790.49
2785
2779.78
2774.81
2770.28
2766.06
2762.09
2758.28
2754.62
2751.01
2747.39
2743.66
2739.76
2735.61
2731.16
2726.37
2721.18
2715.53
2709.41
2702.81
2695.73
2688.16
2680.1
2671.55
2662.53
2653.06
2643.17
2632.9
2622.28
2611.33
2600.1
2588.62
2576.97
2565.22
2553.43
2541.72
2530.18
2518.95
2508.13
2497.81
2488.08
2479.03
2470.77
2463.38
2456.92
2451.38
2446.75
2443.04
2440.2
2438.21
2436.9
2436.18
2436.09
2436.38
2437.41
2438.31
2439.55
2441
2442.86
2444.18
2445.92
2447.57
2449.2
2450.62
2451.49
2451.95
2452.75
2453.36
2453.64
2453.92
2453.86
2453.63
2453
2452.25
2451.37
2450.18
2448.9
2447.32
2445.73
2443.92
2442
2439.9
2437.82
2435.6
2433.31
2431.04
2428.59
2425.94
2423.48
2420.92
2418.38
2415.8
2413.26
2410.7
2408.2
2405.71
2403.24
2400.8
2398.4
2396.04
2393.72
2391.46
2389.25
2387.08
2385.01
2383.04
2381.1
2379.21
2377.44
2375.58
2373.96
2372.31
2370.6
2368.33
4315.86
2779.82
2800.5
2808.85
2803.1
2800.23
2795.22
2790.3
2784.82
2779.6
2774.63
2770.1
2765.88
2761.93
2758.13
2754.48
2750.88
2747.28
2743.56
2739.66
2735.51
2731.06
2726.27
2721.06
2715.4
2709.26
2702.63
2695.51
2687.9
2679.79
2671.18
2662.09
2652.54
2642.55
2632.17
2621.42
2610.33
2598.93
2587.27
2575.41
2563.42
2551.37
2539.37
2527.51
2515.93
2504.75
2494.05
2483.93
2474.49
2465.83
2458.07
2451.26
2445.4
2440.5
2436.56
2433.54
2431.42
2430.04
2429.28
2429.24
2429.67
2430.8
2431.84
2433.25
2434.98
2436.99
2438.56
2440.78
2442.7
2444.55
2446.29
2447.54
2448.37
2449.71
2450.67
2451.32
2452.03
2452.38
2452.61
2452.36
2451.98
2451.48
2450.7
2449.82
2448.58
2447.38
2445.96
2444.4
2442.68
2440.89
2438.96
2436.92
2434.9
2432.72
2430.32
2428.09
2425.76
2423.45
2421.05
2418.69
2416.31
2413.96
2411.62
2409.3
2407.01
2404.73
2402.47
2400.28
2398.13
2396.01
2393.91
2391.9
2389.98
2388.09
2386.23
2384.49
2382.64
2381.04
2379.41
2377.7
2375.45
4318.04
2778.81
2799.66
2808.21
2802.68
2799.96
2795.01
2790.1
2784.63
2779.42
2774.45
2769.92
2765.71
2761.76
2757.97
2754.34
2750.76
2747.16
2743.45
2739.56
2735.41
2730.96
2726.16
2720.94
2715.26
2709.1
2702.45
2695.3
2687.65
2679.49
2670.82
2661.66
2652.02
2641.94
2631.44
2620.56
2609.32
2597.76
2585.91
2573.84
2561.62
2549.31
2537.01
2524.83
2512.9
2501.34
2490.25
2479.73
2469.87
2460.81
2452.66
2445.48
2439.28
2434.08
2429.89
2426.69
2424.42
2422.98
2422.18
2422.16
2422.73
2424.01
2425.24
2426.85
2428.89
2431.09
2432.86
2435.44
2437.64
2439.88
2441.86
2443.5
2444.84
2446.65
2447.94
2449.02
2450.26
2451.04
2451.75
2451.99
2451.91
2451.85
2451.52
2451.08
2450.25
2449.49
2448.48
2447.26
2445.87
2444.44
2442.88
2441.2
2439.52
2437.68
2435.6
2433.61
2431.51
2429.4
2427.2
2425.01
2422.81
2420.62
2418.43
2416.25
2414.09
2411.94
2409.79
2407.71
2405.66
2403.64
2401.64
2399.73
2397.89
2396.09
2394.31
2392.64
2390.84
2389.33
2387.74
2386.07
2383.9
4320.3
2777.78
2798.79
2807.55
2802.26
2799.69
2794.79
2789.91
2784.44
2779.24
2774.27
2769.74
2765.53
2761.59
2757.82
2754.2
2750.63
2747.05
2743.34
2739.45
2735.31
2730.86
2726.05
2720.82
2715.13
2708.95
2702.27
2695.09
2687.39
2679.18
2670.46
2661.23
2651.51
2641.33
2630.72
2619.71
2608.33
2596.6
2584.57
2572.29
2559.83
2547.26
2534.66
2522.16
2509.87
2497.92
2486.43
2475.48
2465.2
2455.72
2447.15
2439.57
2433.02
2427.5
2423.04
2419.63
2417.22
2415.69
2414.85
2414.83
2415.53
2416.97
2418.39
2420.23
2422.58
2425
2427.17
2430
2432.35
2435.1
2437.54
2439.44
2441.28
2443.52
2445.23
2446.81
2448.48
2449.69
2450.84
2451.6
2452.13
2452.38
2452.56
2452.6
2452.23
2451.93
2451.36
2450.59
2449.62
2448.57
2447.37
2446.01
2444.64
2443.16
2441.4
2439.73
2437.92
2436.09
2434.16
2432.23
2430.27
2428.3
2426.32
2424.32
2422.33
2420.33
2418.32
2416.36
2414.42
2412.49
2410.56
2408.71
2406.92
2405.15
2403.41
2401.78
2399.99
2398.51
2396.95
2395.32
2393.19
4322.62
2776.74
2797.9
2806.88
2801.82
2799.42
2794.57
2789.71
2784.26
2779.05
2774.08
2769.56
2765.35
2761.43
2757.66
2754.05
2750.5
2746.93
2743.24
2739.35
2735.21
2730.76
2725.94
2720.7
2715
2708.8
2702.09
2694.88
2687.14
2678.88
2670.1
2660.8
2650.99
2640.72
2630
2618.87
2607.34
2595.45
2583.23
2570.74
2558.04
2545.2
2532.31
2519.48
2506.82
2494.49
2482.57
2471.19
2460.47
2450.53
2441.52
2433.53
2426.6
2420.73
2415.98
2412.35
2409.79
2408.16
2407.3
2407.32
2408.1
2409.69
2411.34
2413.42
2416.02
2418.7
2421.35
2424.41
2427
2430.22
2433.14
2435.39
2437.59
2440.09
2442.26
2444.53
2446.7
2448.4
2450.03
2451.29
2452.37
2453.21
2453.86
2454.36
2454.5
2454.68
2454.58
2454.26
2453.73
2453.13
2452.41
2451.47
2450.5
2449.44
2448.05
2446.72
2445.22
2443.67
2442.02
2440.34
2438.61
2436.85
2435.07
2433.24
2431.4
2429.54
2427.69
2425.85
2424.02
2422.19
2420.38
2418.64
2416.94
2415.27
2413.61
2412.06
2410.36
2408.93
2407.42
2405.83
2403.8
4325.01
2775.68
2796.98
2806.18
2801.38
2799.14
2794.35
2789.51
2784.06
2778.87
2773.9
2769.37
2765.17
2761.25
2757.5
2753.91
2750.37
2746.81
2743.13
2739.25
2735.11
2730.65
2725.83
2720.58
2714.87
2708.65
2701.92
2694.67
2686.89
2678.58
2669.74
2660.37
2650.49
2640.12
2629.29
2618.03
2606.36
2594.3
2581.9
2569.2
2556.27
2543.16
2529.97
2516.8
2503.78
2491.04
2478.7
2466.87
2455.67
2445.27
2435.8
2427.36
2420.01
2413.78
2408.71
2404.82
2402.07
2400.33
2399.43
2399.52
2400.36
2402.13
2404.01
2406.37
2409.26
2412.27
2415.3
2418.57
2421.6
2425.11
2428.54
2431.18
2433.88
2436.76
2439.41
2442.28
2444.98
2447.23
2449.36
2451.12
2452.75
2454.15
2455.35
2456.3
2456.94
2457.64
2458.09
2458.34
2458.31
2458.12
2457.88
2457.37
2456.77
2456.15
2455.19
2454.26
2453.13
2451.94
2450.66
2449.31
2447.88
2446.4
2444.87
2443.27
2441.63
2439.96
2438.3
2436.61
2434.89
2433.18
2431.48
2429.83
2428.2
2426.59
2424.99
2423.49
2421.87
2420.45
2418.98
2417.42
2415.45
4327.48
2774.62
2796.04
2805.46
2800.92
2798.85
2794.13
2789.31
2783.87
2778.68
2773.71
2769.18
2764.99
2761.08
2757.34
2753.76
2750.24
2746.69
2743.02
2739.15
2735.01
2730.55
2725.72
2720.47
2714.73
2708.49
2701.74
2694.46
2686.64
2678.28
2669.39
2659.95
2649.98
2639.52
2628.58
2617.2
2605.38
2593.17
2580.58
2567.67
2554.5
2541.12
2527.63
2514.12
2500.72
2487.57
2474.79
2462.49
2450.81
2439.91
2429.94
2421.03
2413.24
2406.61
2401.2
2397.03
2394.07
2392.21
2391.27
2391.42
2392.34
2394.29
2396.41
2399.07
2402.27
2405.68
2409.06
2412.53
2416.08
2419.81
2423.82
2427.07
2430.09
2433.46
2436.58
2440.01
2443.17
2445.85
2448.64
2450.91
2453.13
2455.13
2456.85
2458.38
2459.59
2460.76
2461.75
2462.67
2463.24
2463.52
2463.82
2463.87
2463.68
2463.55
2463.06
2462.54
2461.82
2461.03
2460.12
2459.11
2458
2456.79
2455.51
2454.16
2452.75
2451.3
2449.83
2448.33
2446.79
2445.23
2443.71
2442.21
2440.69
2439.2
2437.71
2436.28
2434.81
2433.4
2432
2430.49
2428.61
4330.03
2773.54
2795.07
2804.73
2800.46
2798.57
2793.9
2789.1
2783.67
2778.48
2773.52
2768.99
2764.81
2760.91
2757.18
2753.61
2750.1
2746.57
2742.91
2739.04
2734.91
2730.45
2725.61
2720.35
2714.6
2708.34
2701.56
2694.25
2686.39
2677.99
2669.03
2659.53
2649.49
2638.93
2627.88
2616.37
2604.42
2592.04
2579.27
2566.15
2552.74
2539.09
2525.3
2511.44
2497.67
2484.1
2470.86
2458.08
2445.9
2434.47
2423.98
2414.56
2406.29
2399.23
2393.43
2388.96
2385.77
2383.77
2382.78
2382.95
2383.99
2386.1
2388.46
2391.42
2394.94
2398.77
2402.56
2406.35
2410.37
2414.39
2418.97
2422.73
2426.04
2429.96
2433.61
2437.53
2441.25
2444.54
2447.92
2450.69
2453.55
2456.22
2458.5
2460.57
2462.32
2464.03
2465.6
2467.1
2468.27
2469.12
2469.94
2470.58
2470.85
2471.25
2471.28
2471.26
2471.05
2470.75
2470.3
2469.72
2469.01
2468.16
2467.21
2466.19
2465.1
2463.92
2462.68
2461.4
2460.05
2458.66
2457.29
2455.92
2454.49
2453.09
2451.67
2450.25
2448.88
2447.46
2446.05
2444.5
2442.59
4332.65
2772.44
2794.06
2803.97
2799.99
2798.27
2793.66
2788.89
2783.47
2778.29
2773.32
2768.8
2764.62
2760.73
2757.02
2753.46
2749.97
2746.45
2742.8
2738.94
2734.81
2730.35
2725.51
2720.23
2714.47
2708.19
2701.39
2694.04
2686.15
2677.7
2668.68
2659.11
2648.99
2638.34
2627.19
2615.56
2603.46
2590.92
2577.96
2564.63
2550.98
2537.07
2522.97
2508.77
2494.6
2480.61
2466.91
2453.63
2440.91
2428.93
2417.88
2407.91
2399.13
2391.59
2385.38
2380.56
2377.12
2374.96
2373.92
2374.05
2375.27
2377.53
2380.15
2383.41
2387.27
2391.5
2395.7
2400.01
2404.46
2408.88
2413.89
2418.15
2422.38
2426.85
2431.16
2435.51
2439.58
2443.32
2447.3
2450.51
2453.85
2457.07
2459.96
2462.7
2465.14
2467.46
2469.71
2471.81
2473.6
2475.03
2476.47
2477.78
2478.62
2479.61
2480.2
2480.73
2481.1
2481.33
2481.39
2481.28
2481.02
2480.61
2480.06
2479.41
2478.68
2477.86
2476.94
2475.96
2474.89
2473.72
2472.58
2471.41
2470.15
2468.9
2467.63
2466.3
2465.1
2463.76
2462.47
2461.09
2459.47
4335.36
2771.32
2793.03
2803.2
2799.51
2797.98
2793.42
2788.68
2783.26
2778.09
2773.12
2768.61
2764.43
2760.55
2756.85
2753.31
2749.83
2746.33
2742.69
2738.84
2734.7
2730.24
2725.4
2720.11
2714.34
2708.04
2701.21
2693.83
2685.9
2677.4
2668.33
2658.7
2648.5
2637.76
2626.5
2614.75
2602.51
2589.81
2576.67
2563.13
2549.24
2535.06
2520.65
2506.1
2491.54
2477.11
2462.93
2449.14
2435.87
2423.31
2411.66
2401.11
2391.76
2383.7
2377.02
2371.81
2368.08
2365.71
2364.61
2364.67
2366.09
2368.53
2371.43
2375
2379.24
2383.88
2388.45
2393.43
2398.28
2403.22
2408.66
2413.57
2418.68
2423.64
2428.44
2433.04
2437.43
2441.66
2446.15
2449.98
2453.98
2457.81
2461.35
2464.81
2467.95
2470.94
2473.77
2476.49
2478.72
2480.35
2482.15
2484.05
2485.45
2487.03
2488.31
2489.5
2490.55
2491.43
2492.11
2492.6
2492.92
2493.07
2493.05
2492.85
2492.51
2492.09
2491.59
2490.98
2490.22
2489.32
2488.34
2487.28
2486.16
2484.98
2483.75
2482.34
2481.02
2479.44
2477.84
2475.95
2473.4
4338.14
2770.19
2791.97
2802.41
2799.02
2797.67
2793.18
2788.46
2783.06
2777.89
2772.92
2768.42
2764.25
2760.38
2756.68
2753.16
2749.7
2746.2
2742.58
2738.73
2734.6
2730.14
2725.29
2719.99
2714.2
2707.89
2701.03
2693.63
2685.66
2677.11
2667.99
2658.29
2648.01
2637.19
2625.82
2613.95
2601.57
2588.7
2575.38
2561.64
2547.51
2533.06
2518.33
2503.43
2488.48
2473.6
2458.93
2444.6
2430.76
2417.59
2405.31
2394.12
2384.15
2375.52
2368.32
2362.68
2358.62
2356.02
2354.85
2354.86
2356.41
2359.03
2362.22
2366.18
2370.82
2375.89
2380.89
2386.6
2391.71
2397.21
2403.36
2409.02
2414.69
2419.89
2425.04
2430.02
2434.91
2439.97
2445.23
2449.72
2454.21
2458.2
2462.08
2466.29
2470.23
2474.03
2477.59
2481.57
2485.48
2488.66
2491.36
2494.46
2497.09
2499.95
2502.67
2505.27
2507.68
2509.9
2511.89
2513.68
2515.23
2516.54
2517.56
2518.23
2518.62
2518.89
2519.12
2519.27
2519.23
2519.03
2518.63
2518.09
2517.47
2516.84
2516.26
2515.78
2515.29
2514.89
2514.65
2514.16
2513.74
4341
2769.05
2790.88
2801.6
2798.53
2797.37
2792.93
2788.23
2782.85
2777.69
2772.72
2768.22
2764.05
2760.19
2756.52
2753.01
2749.56
2746.08
2742.46
2738.63
2734.5
2730.04
2725.18
2719.88
2714.07
2707.74
2700.86
2693.42
2685.42
2676.83
2667.65
2657.88
2647.53
2636.61
2625.15
2613.15
2600.63
2587.61
2574.11
2560.16
2545.79
2531.06
2516.03
2500.78
2485.42
2470.09
2454.91
2440.03
2425.59
2411.78
2398.83
2386.96
2376.32
2367.04
2359.26
2353.11
2348.65
2345.76
2344.46
2344.47
2346.11
2348.98
2352.48
2356.86
2361.95
2367.47
2373.03
2379.46
2384.79
2391.02
2397.89
2404.36
2410.44
2415.9
2421.78
2427.37
2432.29
2437.26
2443.69
2449.64
2455.07
2458.72
2462.82
2468.84
2474.93
2480.09
2483.65
2487.38
2490.18
2490.05
2487.39
2483.4
2476.95
2468.82
2459.42
2449.26
2438.68
2427.98
2417.45
2407.33
2397.79
2388.98
2381.02
2374
2367.94
2362.76
2358.13
2354.14
2350.68
2347.54
2344.64
2342.03
2339.91
2338.25
2337.1
2336.69
2336.51
2337.29
2338.03
2338.62
2340.69
4343.94
2767.89
2789.76
2800.77
2798.04
2797.06
2792.68
2788.01
2782.63
2777.48
2772.52
2768.02
2763.86
2760.01
2756.35
2752.85
2749.42
2745.95
2742.35
2738.52
2734.4
2729.93
2725.07
2719.76
2713.94
2707.59
2700.69
2693.22
2685.17
2676.54
2667.31
2657.48
2647.05
2636.05
2624.48
2612.37
2599.71
2586.53
2572.85
2558.69
2544.08
2529.08
2513.74
2498.13
2482.36
2466.56
2450.87
2435.42
2420.35
2405.87
2392.21
2379.59
2368.22
2358.23
2349.79
2343.06
2338.13
2334.9
2333.43
2333.49
2335.18
2338.33
2342.15
2347.02
2352.66
2358.68
2364.87
2371.9
2377.54
2384.87
2392.27
2399.48
2405.61
2410.98
2418.14
2425.11
2430.11
2434.35
2442.17
2449.98
2454.36
2451.51
2439.38
2415.81
2379.38
2333.06
2281.98
2226.86
2169.08
2104.5
2026.48
1948.72
1878.59
1815.37
1759.29
1709.77
1666.21
1627.95
1594.41
1565.03
1539.29
1516.79
1497.14
1480.04
1465.17
1452.2
1441.01
1431.55
1423.77
1417.58
1412.98
1409.59
1407.32
1405.73
1404.49
1403.63
1402.62
1402.15
1401.64
1401.42
1401.24
4346.96
2766.72
2788.62
2799.94
2797.54
2796.74
2792.43
2787.78
2782.41
2777.27
2772.31
2767.82
2763.66
2759.83
2756.17
2752.69
2749.28
2745.83
2742.24
2738.41
2734.29
2729.83
2724.96
2719.64
2713.81
2707.44
2700.51
2693.02
2684.93
2676.25
2666.97
2657.07
2646.58
2635.49
2623.82
2611.59
2598.8
2585.46
2571.6
2557.23
2542.39
2527.12
2511.46
2495.49
2479.3
2463.04
2446.82
2430.78
2415.06
2399.87
2385.45
2372.03
2359.86
2349.08
2339.9
2332.51
2327.03
2323.41
2321.68
2321.72
2323.41
2326.94
2331.13
2336.49
2342.81
2349.47
2356.37
2363.86
2369.94
2378.36
2385.77
2393.86
2400.88
2406.56
2415.78
2422.85
2421.14
2399.4
2350.49
2276.58
2179.06
2046.87
1893.64
1751.82
1630.07
1527.86
1441.34
1368.3
1307.98
1264.77
1247.28
1238.46
1232.1
1226.46
1221.25
1216.25
1211.43
1206.78
1202.32
1198.01
1193.86
1189.84
1185.97
1182.24
1178.67
1175.22
1171.9
1168.66
1165.57
1162.64
1159.9
1157.26
1154.76
1152.37
1150.2
1148.22
1146.47
1144.89
1143.48
1142.22
1140.16
4350.05
2765.53
2787.45
2799.11
2797.04
2796.42
2792.16
2787.54
2782.19
2777.06
2772.1
2767.61
2763.47
2759.64
2756
2752.54
2749.13
2745.7
2742.12
2738.31
2734.19
2729.72
2724.85
2719.52
2713.68
2707.29
2700.34
2692.82
2684.7
2675.97
2666.63
2656.68
2646.11
2634.94
2623.17
2610.82
2597.9
2584.41
2570.36
2555.79
2540.71
2525.17
2509.19
2492.86
2476.25
2459.5
2442.74
2426.09
2409.7
2393.76
2378.52
2364.26
2351.2
2339.55
2329.53
2321.37
2315.23
2311.17
2309.15
2309.12
2310.77
2314.6
2319.23
2325.15
2332.27
2339.64
2347.48
2355.13
2361.38
2371.03
2379.99
2390.33
2395.32
2380.52
2324.83
2220.03
2052.17
1844.14
1654.74
1501.54
1384.32
1321.7
1302.75
1293.18
1285.47
1278.19
1271.22
1264.66
1258.39
1252.11
1245.73
1239.67
1234.07
1228.75
1223.6
1218.63
1213.82
1209.21
1204.78
1200.52
1196.42
1192.48
1188.69
1185.05
1181.58
1178.25
1175.06
1171.95
1168.93
1166.02
1163.26
1160.59
1158.02
1155.48
1153
1150.6
1148.33
1146.16
1144.12
1142.18
1138.9
4353.21
2764.34
2786.28
2798.27
2796.55
2796.1
2791.9
2787.3
2781.97
2776.84
2771.89
2767.41
2763.27
2759.45
2755.82
2752.37
2748.99
2745.57
2742
2738.2
2734.09
2729.62
2724.74
2719.4
2713.55
2707.14
2700.17
2692.61
2684.46
2675.69
2666.3
2656.28
2645.64
2634.39
2622.52
2610.06
2597.01
2583.36
2569.14
2554.36
2539.05
2523.23
2506.94
2490.24
2473.22
2455.98
2438.66
2421.38
2404.28
2387.56
2371.47
2356.27
2342.25
2329.61
2318.63
2309.58
2302.65
2297.98
2295.56
2295.3
2297.03
2301.2
2306.3
2312.89
2320.82
2328.47
2337.53
2346.9
2355.08
2362.73
2350.76
2284.62
2145.47
1904.2
1664.21
1479.26
1376.35
1349.18
1337.55
1328.3
1319.52
1310.65
1302.19
1294.01
1286.42
1279.12
1272.03
1265.13
1258.48
1252.22
1246.23
1240.43
1234.9
1229.53
1224.33
1219.36
1214.61
1210.07
1205.71
1201.51
1197.45
1193.54
1189.76
1186.1
1182.6
1179.26
1176.1
1173.07
1170.15
1167.33
1164.65
1162.1
1159.71
1157.36
1155.13
1152.97
1150.9
1148.91
1147.11
1145.4
1142.73
4356.44
2763.13
2785.09
2797.44
2796.05
2795.77
2791.62
2787.06
2781.74
2776.63
2771.68
2767.2
2763.07
2759.26
2755.64
2752.21
2748.84
2745.44
2741.89
2738.09
2733.98
2729.52
2724.64
2719.29
2713.42
2707
2700
2692.41
2684.22
2675.41
2665.97
2655.89
2645.18
2633.84
2621.88
2609.31
2596.13
2582.33
2567.94
2552.95
2537.41
2521.31
2504.71
2487.64
2470.19
2452.45
2434.56
2416.63
2398.8
2381.25
2364.24
2348.05
2332.95
2319.22
2307.14
2297.05
2289.19
2283.76
2280.8
2280.18
2281.98
2286.5
2292.13
2299.27
2308.29
2317.62
2329
2335.43
2306.01
2185.54
1932.12
1658.74
1462.99
1399.56
1381.7
1370.11
1359.15
1348.58
1338.29
1328.59
1319.22
1310.41
1301.87
1293.99
1286.42
1279.17
1272.23
1265.57
1259.11
1252.89
1246.9
1241.21
1235.69
1230.39
1225.27
1220.36
1215.66
1211.16
1206.84
1202.71
1198.76
1194.97
1191.31
1187.76
1184.29
1180.93
1177.7
1174.61
1171.63
1168.74
1165.96
1163.33
1160.89
1158.54
1156.32
1154.16
1152.03
1149.98
1148.09
1146.3
1143.34
4359.73
2761.91
2783.89
2796.61
2795.55
2795.43
2791.35
2786.81
2781.51
2776.41
2771.46
2766.98
2762.86
2759.06
2755.46
2752.05
2748.7
2745.31
2741.77
2737.98
2733.88
2729.41
2724.53
2719.17
2713.29
2706.85
2699.83
2692.21
2683.99
2675.14
2665.64
2655.51
2644.73
2633.31
2621.25
2608.57
2595.26
2581.31
2566.74
2551.56
2535.78
2519.42
2502.5
2485.06
2467.18
2448.94
2430.46
2411.86
2393.27
2374.86
2356.88
2339.61
2323.33
2308.35
2295
2283.66
2274.66
2268.26
2264.58
2263.53
2265.44
2270.2
2276.53
2285.56
2296.88
2301.73
2266.34
2120.04
1822.45
1560.58
1449.64
1422.74
1408.37
1394.93
1382.29
1370.16
1358.76
1347.82
1337.77
1328.15
1319.06
1310.34
1302.14
1294.15
1286.58
1279.38
1272.47
1265.82
1259.45
1253.4
1247.54
1241.85
1236.42
1231.19
1226.13
1221.28
1216.62
1212.15
1207.83
1203.69
1199.73
1195.97
1192.39
1188.99
1185.72
1182.58
1179.56
1176.68
1173.9
1171.21
1168.58
1166.03
1163.61
1161.26
1159.06
1156.92
1154.82
1152.76
1150.82
1148.94
1145.92
4363.08
2760.68
2782.68
2795.78
2795.06
2795.09
2791.06
2786.56
2781.28
2776.18
2771.24
2766.77
2762.65
2758.87
2755.28
2751.88
2748.55
2745.18
2741.65
2737.87
2733.77
2729.31
2724.42
2719.06
2713.16
2706.7
2699.66
2692.02
2683.76
2674.86
2665.32
2655.12
2644.28
2632.78
2620.63
2607.84
2594.4
2580.31
2565.57
2550.19
2534.17
2517.54
2500.3
2482.5
2464.18
2445.43
2426.36
2407.07
2387.69
2368.37
2349.35
2330.91
2313.34
2296.95
2282.12
2269.28
2258.86
2251.24
2246.65
2245.03
2246.84
2252.87
2261.18
2267.13
2252.24
2118.74
1814.3
1553.63
1476.56
1454.06
1437.98
1423.04
1408.33
1394.32
1381.33
1369.37
1358.15
1347.63
1337.53
1328.05
1319.11
1310.61
1302.25
1294.32
1286.79
1279.61
1272.72
1266.1
1259.76
1253.7
1247.89
1242.31
1236.89
1231.72
1226.75
1222.01
1217.45
1213.08
1208.85
1204.76
1200.78
1196.92
1193.21
1189.68
1186.31
1183.09
1180.01
1177.09
1174.32
1171.71
1169.22
1166.82
1164.54
1162.36
1160.35
1158.42
1156.58
1154.78
1153.02
1151.25
1148.43
4366.49
2759.43
2781.48
2794.97
2794.56
2794.73
2790.76
2786.3
2781.04
2775.96
2771.02
2766.55
2762.44
2758.67
2755.1
2751.72
2748.4
2745.04
2741.53
2737.76
2733.67
2729.2
2724.31
2718.94
2713.03
2706.56
2699.49
2691.82
2683.53
2674.59
2665
2654.74
2643.83
2632.25
2620.02
2607.12
2593.56
2579.32
2564.41
2548.83
2532.59
2515.68
2498.13
2479.96
2461.2
2441.94
2422.27
2402.28
2382.07
2361.81
2341.69
2321.99
2303
2285.02
2268.45
2253.79
2241.53
2232.27
2226.64
2224.77
2226.52
2231.42
2232.7
2155.84
1894.94
1615.98
1519.48
1491.48
1472.26
1454.51
1437.81
1421.72
1407.24
1393.61
1380.95
1369.01
1357.92
1347.26
1337.39
1327.99
1319.05
1310.44
1302.23
1294.34
1286.87
1279.78
1272.96
1266.4
1260.1
1254.07
1248.21
1242.56
1237.22
1232.11
1227.18
1222.45
1217.92
1213.61
1209.48
1205.56
1201.78
1198.16
1194.63
1191.23
1187.91
1184.68
1181.53
1178.5
1175.59
1172.83
1170.19
1167.65
1165.24
1162.91
1160.75
1158.71
1156.82
1154.97
1153.25
1151.57
1148.69
4369.94
2758.18
2780.29
2794.16
2794.04
2794.36
2790.46
2786.04
2780.8
2775.73
2770.79
2766.34
2762.23
2758.47
2754.91
2751.55
2748.24
2744.91
2741.41
2737.65
2733.57
2729.1
2724.21
2718.82
2712.91
2706.41
2699.32
2691.62
2683.3
2674.32
2664.68
2654.37
2643.39
2631.74
2619.41
2606.41
2592.72
2578.35
2563.27
2547.5
2531.02
2513.85
2495.99
2477.44
2458.25
2438.47
2418.18
2397.47
2376.41
2355.15
2333.88
2312.83
2292.27
2272.49
2253.91
2236.96
2222.12
2210.29
2202.95
2200.49
2200.71
2182.71
2033.9
1755.22
1587.06
1538.13
1512.94
1491.97
1472.01
1453.38
1436.52
1421.08
1406.69
1393.19
1380.49
1368.64
1357.51
1347.02
1337
1327.52
1318.5
1309.91
1301.67
1293.98
1286.69
1279.69
1272.96
1266.52
1260.34
1254.42
1248.73
1243.26
1237.98
1232.92
1228.03
1223.34
1218.79
1214.4
1210.16
1206.13
1202.31
1198.71
1195.29
1192.06
1188.96
1186
1183.15
1180.39
1177.71
1175.13
1172.63
1170.23
1167.92
1165.66
1163.51
1161.42
1159.43
1157.49
1155.71
1153.93
1151.04
4373.43
2756.91
2779.11
2793.33
2793.52
2793.98
2790.14
2785.77
2780.55
2775.49
2770.57
2766.11
2762.02
2758.27
2754.72
2751.38
2748.09
2744.77
2741.29
2737.54
2733.46
2729
2724.1
2718.71
2712.78
2706.27
2699.16
2691.43
2683.07
2674.05
2664.36
2654
2642.95
2631.23
2618.81
2605.71
2591.91
2577.39
2562.15
2546.18
2529.48
2512.05
2493.87
2474.95
2455.32
2435.02
2414.12
2392.66
2370.73
2348.44
2325.94
2303.44
2281.17
2259.38
2238.38
2218.47
2200.36
2185.87
2176.35
2168.77
2124.51
1941.41
1707.2
1603.34
1563.49
1536.95
1513.24
1490.96
1470.88
1452.45
1435.85
1420.33
1406.12
1392.61
1380.01
1368.12
1357.02
1346.44
1336.62
1327.22
1318.27
1309.77
1301.77
1294.17
1286.84
1279.79
1272.99
1266.49
1260.31
1254.41
1248.76
1243.37
1238.22
1233.28
1228.53
1223.99
1219.62
1215.4
1211.27
1207.27
1203.37
1199.59
1195.91
1192.38
1189.03
1185.9
1182.95
1180.16
1177.51
1174.98
1172.56
1170.26
1168.06
1165.94
1163.97
1162.06
1160.27
1158.51
1156.89
1155.31
1152.89
4376.96
2755.63
2777.88
2792.46
2793
2793.58
2789.82
2785.5
2780.31
2775.26
2770.34
2765.89
2761.8
2758.06
2754.53
2751.2
2747.94
2744.63
2741.16
2737.43
2733.35
2728.89
2723.99
2718.59
2712.65
2706.12
2698.99
2691.24
2682.84
2673.78
2664.05
2653.63
2642.52
2630.72
2618.22
2605.02
2591.1
2576.45
2561.05
2544.89
2527.97
2510.27
2491.78
2472.49
2452.42
2431.6
2410.06
2387.86
2365.03
2341.66
2317.87
2293.81
2269.66
2245.54
2221.55
2198.14
2176.79
2159.11
2139.85
2077.12
1902.91
1723.56
1636.43
1593.76
1563.34
1536.31
1511.89
1489.79
1469.69
1451.57
1435.12
1419.88
1405.62
1392.12
1379.62
1367.95
1357.01
1346.67
1336.85
1327.56
1318.8
1310.48
1302.5
1294.81
1287.43
1280.34
1273.53
1267.02
1260.73
1254.7
1248.93
1243.44
1238.23
1233.26
1228.47
1223.9
1219.52
1215.35
1211.39
1207.65
1204.1
1200.72
1197.42
1194.16
1190.95
1187.83
1184.82
1181.94
1179.16
1176.51
1173.96
1171.52
1169.18
1166.89
1164.75
1162.69
1160.75
1158.82
1157.05
1155.32
1152.67
4380.51
2754.32
2776.56
2791.65
2792.52
2793.18
2789.48
2785.22
2780.05
2775.02
2770.1
2765.66
2761.58
2757.85
2754.34
2751.03
2747.78
2744.49
2741.04
2737.32
2733.25
2728.79
2723.88
2718.48
2712.52
2705.98
2698.82
2691.04
2682.62
2673.52
2663.74
2653.27
2642.1
2630.22
2617.64
2604.35
2590.31
2575.53
2559.97
2543.62
2526.48
2508.52
2489.72
2470.07
2449.56
2428.21
2406.04
2383.07
2359.32
2334.84
2309.69
2283.98
2257.75
2230.93
2203.71
2176.94
2151.1
2120.36
2051.79
1905.74
1762.4
1677.52
1628.66
1592.71
1562.34
1535.44
1510.89
1488.93
1469.21
1451.4
1435.05
1419.74
1405.68
1392.4
1380
1368.26
1357.35
1346.85
1336.92
1327.49
1318.57
1310.11
1302.08
1294.43
1287.1
1280.12
1273.49
1267.2
1261.16
1255.37
1249.82
1244.49
1239.31
1234.34
1229.55
1224.95
1220.47
1216.13
1211.95
1207.94
1204.14
1200.57
1197.23
1194.1
1191.12
1188.27
1185.49
1182.81
1180.23
1177.76
1175.4
1173.14
1170.97
1168.87
1166.87
1164.92
1163.08
1161.25
1159.54
1157.82
1155.12
4384.09
2753
2775.41
2791.1
2792.1
2792.76
2789.13
2784.94
2779.8
2774.78
2769.86
2765.43
2761.36
2757.64
2754.14
2750.85
2747.62
2744.35
2740.91
2737.2
2733.14
2728.68
2723.78
2718.37
2712.4
2705.84
2698.66
2690.85
2682.39
2673.26
2663.43
2652.91
2641.68
2629.73
2617.07
2603.68
2589.54
2574.62
2558.9
2542.38
2525.02
2506.8
2487.7
2467.68
2446.73
2424.85
2402.04
2378.3
2353.61
2327.98
2301.41
2273.92
2245.4
2215.75
2185.22
2153.68
2116.29
2053.18
1937.2
1814.51
1726.08
1668.64
1626.47
1592.01
1561.84
1534.93
1511.07
1489.48
1469.76
1451.62
1435.12
1419.84
1405.61
1392.28
1379.73
1367.82
1356.66
1346.09
1336.14
1326.7
1317.79
1309.38
1301.4
1293.78
1286.48
1279.54
1272.95
1266.66
1260.61
1254.82
1249.32
1244.12
1239.11
1234.29
1229.66
1225.23
1220.98
1216.93
1213.02
1209.22
1205.46
1201.77
1198.18
1194.76
1191.52
1188.46
1185.53
1182.74
1180.06
1177.53
1175.1
1172.8
1170.61
1168.53
1166.6
1164.72
1162.95
1161.23
1159.64
1158.06
1155.54
4387.64
2751.71
2774.75
2790.9
2791.72
2792.33
2788.76
2784.65
2779.54
2774.53
2769.62
2765.2
2761.13
2757.43
2753.95
2750.67
2747.46
2744.21
2740.79
2737.09
2733.04
2728.58
2723.67
2718.25
2712.27
2705.69
2698.5
2690.66
2682.17
2673
2663.13
2652.55
2641.26
2629.25
2616.51
2603.03
2588.77
2573.73
2557.87
2541.16
2523.58
2505.11
2485.71
2465.33
2443.94
2421.53
2398.09
2373.57
2347.93
2321.11
2293.08
2263.71
2232.8
2200.22
2165.54
2125.55
2070.04
1977.22
1870.88
1780.18
1714.15
1664.96
1625.45
1591.25
1561.27
1534.97
1511.17
1489.39
1469.56
1451.26
1434.53
1419.01
1404.82
1391.42
1379.01
1367.27
1356.25
1345.92
1336.28
1327.14
1318.49
1310.21
1302.26
1294.62
1287.31
1280.37
1273.75
1267.38
1261.23
1255.35
1249.75
1244.41
1239.28
1234.35
1229.6
1225.03
1220.64
1216.49
1212.6
1208.95
1205.5
1202.22
1199.05
1195.98
1192.95
1190.02
1187.17
1184.44
1181.79
1179.26
1176.8
1174.43
1172.14
1169.93
1167.88
1165.88
1163.97
1162.1
1160.4
1158.71
1156.21
4391.14
2750.5
2774.61
2790.9
2791.35
2791.88
2788.4
2784.36
2779.28
2774.28
2769.38
2764.96
2760.9
2757.21
2753.74
2750.49
2747.29
2744.06
2740.66
2736.97
2732.93
2728.48
2723.56
2718.14
2712.15
2705.55
2698.33
2690.47
2681.95
2672.74
2662.83
2652.2
2640.86
2628.78
2615.96
2602.38
2588.03
2572.86
2556.85
2539.96
2522.18
2503.46
2483.76
2463.02
2441.2
2418.27
2394.18
2368.88
2342.27
2314.26
2284.7
2253.39
2220.07
2184.24
2143.87
2092.82
2020.07
1927.48
1837.69
1764.86
1708.41
1662.93
1624.08
1590.56
1560.92
1534.32
1510.47
1488.77
1468.79
1450.69
1434.18
1419.02
1405.04
1391.88
1379.64
1368.06
1357.25
1346.92
1337.12
1327.74
1318.83
1310.36
1302.33
1294.7
1287.49
1280.65
1274.11
1267.84
1261.82
1256.06
1250.54
1245.26
1240.19
1235.34
1230.66
1226.15
1221.76
1217.52
1213.42
1209.48
1205.67
1202.04
1198.64
1195.46
1192.46
1189.6
1186.86
1184.24
1181.73
1179.34
1177.03
1174.84
1172.73
1170.72
1168.84
1167.01
1165.29
1163.56
1161.94
1160.29
1157.85
4394.6
2749.47
2774.71
2790.91
2790.93
2791.43
2788.03
2784.07
2779.01
2774.03
2769.13
2764.72
2760.67
2756.99
2753.54
2750.3
2747.13
2743.92
2740.53
2736.86
2732.82
2728.37
2723.46
2718.03
2712.02
2705.41
2698.17
2690.28
2681.73
2672.49
2662.53
2651.86
2640.45
2628.31
2615.42
2601.75
2587.3
2572.01
2555.85
2538.8
2520.81
2501.85
2481.85
2460.76
2438.52
2415.06
2390.33
2364.25
2336.68
2307.45
2276.35
2243.1
2207.25
2167.49
2120.26
2059.64
1980.02
1895.78
1819.68
1756.83
1705.26
1661.6
1623.95
1590.46
1561.14
1534.99
1511.08
1489.49
1469.88
1451.88
1435.42
1420.15
1406.05
1392.74
1380.25
1368.37
1357.18
1346.53
1336.47
1326.91
1317.91
1309.42
1301.42
1293.84
1286.66
1279.83
1273.28
1267.01
1261
1255.26
1249.75
1244.48
1239.45
1234.67
1230.08
1225.71
1221.53
1217.58
1213.82
1210.22
1206.69
1203.21
1199.8
1196.53
1193.4
1190.43
1187.57
1184.83
1182.18
1179.66
1177.22
1174.89
1172.66
1170.53
1168.54
1166.62
1164.85
1163.11
1161.5
1159.85
1157.29
4398.07
2748.67
2774.85
2790.82
2790.44
2790.98
2787.66
2783.77
2778.74
2773.77
2768.88
2764.48
2760.43
2756.77
2753.33
2750.11
2746.96
2743.77
2740.4
2736.74
2732.71
2728.27
2723.35
2717.91
2711.9
2705.27
2698.01
2690.1
2681.51
2672.24
2662.24
2651.52
2640.06
2627.85
2614.88
2601.14
2586.58
2571.17
2554.88
2537.66
2519.47
2500.27
2479.99
2458.55
2435.88
2411.91
2386.56
2359.7
2331.16
2300.72
2268.08
2232.89
2194.33
2150.28
2096.95
2030.91
1953.26
1876.98
1809.52
1752.54
1704.13
1662.01
1624.78
1592.23
1562.91
1536.52
1512.89
1491.26
1471.36
1452.98
1436.08
1420.34
1405.77
1392.09
1379.48
1367.6
1356.5
1346.05
1336.28
1327.07
1318.38
1310.08
1302.16
1294.62
1287.42
1280.54
1273.94
1267.63
1261.61
1255.87
1250.35
1245.07
1240
1235.16
1230.48
1225.96
1221.59
1217.42
1213.44
1209.68
1206.14
1202.83
1199.67
1196.63
1193.71
1190.93
1188.26
1185.69
1183.2
1180.81
1178.5
1176.28
1174.12
1172.03
1170.05
1168.11
1166.28
1164.51
1162.89
1161.24
1158.7
4401.63
2748.07
2774.86
2790.51
2789.89
2790.52
2787.3
2783.46
2778.46
2773.51
2768.63
2764.23
2760.2
2756.54
2753.13
2749.92
2746.79
2743.62
2740.27
2736.62
2732.61
2728.16
2723.24
2717.8
2711.77
2705.13
2697.85
2689.91
2681.3
2671.99
2661.95
2651.18
2639.67
2627.4
2614.36
2600.53
2585.88
2570.36
2553.93
2536.55
2518.17
2498.73
2478.17
2456.39
2433.32
2408.84
2382.87
2355.25
2325.76
2294.12
2259.98
2222.85
2181.44
2133.27
2075.43
2006.99
1934.15
1864.95
1803.68
1750.56
1704.1
1663.01
1626.61
1593.69
1564.16
1537.71
1513.62
1491.65
1471.47
1452.89
1435.75
1419.91
1405.51
1392.18
1379.94
1368.38
1357.56
1347.24
1337.46
1328.11
1319.18
1310.68
1302.62
1295.01
1287.79
1280.93
1274.36
1268.09
1262.07
1256.32
1250.76
1245.47
1240.42
1235.64
1231.06
1226.67
1222.44
1218.38
1214.43
1210.58
1206.85
1203.3
1199.92
1196.68
1193.58
1190.62
1187.82
1185.16
1182.63
1180.23
1177.95
1175.78
1173.7
1171.72
1169.87
1168.07
1166.35
1164.64
1163.11
1161.57
1159.24
)
;

boundaryField
{
    inlet
    {
        type            fixedValue;
        value           uniform 2790;
    }
    obstacle
    {
        type            zeroGradient;
    }
    bottom
    {
        type            symmetry;
    }
    outlet
    {
        type            zeroGradient;
    }
    top
    {
        type            symmetry;
    }
    defaultFaces
    {
        type            empty;
    }
    procBoundary5to2
    {
        type            processor;
        value           nonuniform List<scalar> 
42
(
2935.69
2865.83
2847.48
2847.11
2846.53
2845.84
2845.76
2846.37
2846.57
2845.88
2845.12
2845.01
2845.24
2844.97
2844.47
2844.15
2843.97
2843.65
2843.27
2842.9
2842.52
2842.1
2841.65
2841.17
2840.67
2840.13
2839.56
2838.96
2838.33
2837.65
2836.94
2836.18
2835.38
2834.52
2833.6
2832.64
2831.63
2830.57
2829.45
2828.3
2827.09
2825.83
)
;
    }
    procBoundary5to3
    {
        type            processor;
        value           nonuniform List<scalar> 
83
(
2827.74
2827.74
2825.2
2822.55
2795.35
2795.35
2790.78
2786.24
2781.6
2776.96
2772.3
2767.69
2763.08
2758.47
2753.84
2749.21
2744.62
2740.02
2735.49
2730.9
2726.43
2721.98
2717.53
2713.22
2708.86
2704.99
2700.79
2697.01
2693.35
2689.96
2686.72
2683.69
2680.9
2678.38
2676.13
2674.19
2672.57
2671.31
2670.43
2669.94
2669.88
2670.25
2671.04
2672.26
2673.9
2675.97
2678.44
2681.28
2684.45
2687.92
2691.65
2695.6
2699.73
2703.98
2708.31
2712.67
2717.02
2721.36
2725.67
2729.92
2734.09
2738.16
2742.15
2746.1
2750.06
2754.1
2758.25
2762.52
2766.87
2771.3
2775.72
2780.2
2784.75
2789.64
2794.92
2800.85
2806.88
2815.02
2823.65
2837.8
2836.46
2838.69
4202.19
)
;
    }
    procBoundary5to4
    {
        type            processor;
        value           nonuniform List<scalar> 
121
(
4405.33
2747.49
2774.56
2789.95
2789.29
2790.05
2786.92
2783.15
2778.19
2773.25
2768.37
2763.98
2759.95
2756.31
2752.91
2749.73
2746.62
2743.47
2740.13
2736.5
2732.5
2728.06
2723.14
2717.69
2711.65
2704.99
2697.69
2689.73
2681.09
2671.74
2661.67
2650.85
2639.29
2626.96
2613.85
2599.94
2585.2
2569.57
2553.01
2535.47
2516.9
2497.23
2476.4
2454.29
2430.81
2405.85
2379.27
2350.9
2320.48
2287.69
2252.11
2213.05
2168.9
2117.47
2057.46
1989.6
1921.31
1857.5
1800.38
1749.82
1704.64
1664.13
1627.51
1594.75
1565.17
1538.29
1514.08
1492.12
1472.02
1453.58
1436.7
1421.19
1407
1393.7
1381.29
1369.41
1358.18
1347.45
1337.27
1327.61
1318.49
1309.9
1301.81
1294.18
1286.92
1280.03
1273.46
1267.21
1261.21
1255.47
1249.95
1244.69
1239.68
1234.91
1230.32
1225.93
1221.73
1217.76
1214
1210.42
1206.98
1203.71
1200.57
1197.54
1194.57
1191.68
1188.88
1186.18
1183.59
1181.12
1178.74
1176.47
1174.28
1172.18
1170.22
1168.33
1166.52
1164.73
1163.06
1161.44
1159.08
)
;
    }
}


// ************************************************************************* //
