/*--------------------------------*- C++ -*----------------------------------*\
| =========                 |                                                 |
| \\      /  F ield         | OpenFOAM: The Open Source CFD Toolbox           |
|  \\    /   O peration     | Version:  2412                                  |
|   \\  /    A nd           | Website:  www.openfoam.com                      |
|    \\/     M anipulation  |                                                 |
\*---------------------------------------------------------------------------*/
FoamFile
{
    version     2.0;
    format      ascii;
    arch        "LSB;label=32;scalar=64";
    class       volScalarField;
    location    "0.037";
    object      p;
}
// * * * * * * * * * * * * * * * * * * * * * * * * * * * * * * * * * * * * * //

dimensions      [1 -1 -2 0 0 0 0];

internalField   nonuniform List<scalar> 
9857
(
2790
2790
2790
2790
2790
2790
2790
2790
2790
2790
2790
2790
2790
2790.06
2791.29
2799.96
2821.12
2841.91
2850.62
2852.64
2852.36
2852.79
2856.82
2863.52
2867.32
2868.05
2868.07
2868.43
2790
2790
2790
2790
2790
2790
2790
2790
2790
2790
2790.1
2791.92
2802.57
2824.74
2843.98
2851.03
2852.59
2852.44
2853.51
2858.6
2865.09
2868.19
2868.6
2868.62
2869.1
2790
2790
2790
2790
2790
2790
2790
2790
2790
2790.01
2790.2
2792.97
2806.01
2828.76
2846.01
2851.44
2852.52
2852.61
2854.58
2860.67
2866.71
2869.11
2869.28
2869.33
2869.97
2790
2790
2790
2790
2790
2790
2790
2790
2790
2790.01
2790.39
2794.59
2810.3
2832.95
2847.8
2851.81
2852.46
2852.98
2856.14
2862.93
2868.25
2869.99
2870.04
2870.2
2871.04
2790
2790
2790
2790
2790
2790
2790
2790
2790
2790.03
2790.74
2796.82
2814.99
2836.78
2849.19
2852.17
2852.51
2853.58
2858.01
2865.05
2869.53
2870.74
2870.81
2871.14
2872.21
2790
2790
2790
2790
2790
2790
2790
2790
2790
2790.06
2791.31
2799.66
2819.8
2840.05
2850.13
2852.47
2852.8
2854.54
2860.08
2866.87
2870.51
2871.33
2871.53
2872.12
2873.4
2790
2790
2790
2790
2790
2790
2790
2790
2790
2790.14
2792.21
2803.1
2824.54
2842.77
2850.74
2852.67
2853.33
2855.97
2862.3
2868.44
2871.26
2871.84
2872.21
2873.07
2874.54
2876.08
2790
2790
2790
2790
2790
2790
2790
2790
2790.01
2790.27
2793.52
2807.06
2829
2844.95
2851.16
2852.85
2854.09
2857.83
2864.56
2869.82
2871.87
2872.31
2872.82
2873.94
2875.55
2877.11
2790
2790
2790
2790
2790
2790
2790
2790
2790.02
2790.52
2795.33
2811.38
2833.03
2846.67
2851.48
2853.09
2855.05
2859.96
2866.75
2871.06
2872.42
2872.76
2873.4
2874.71
2876.4
2877.99
2879.56
2790
2790
2790
2790
2790
2790
2790
2790
2790.04
2790.94
2797.68
2815.87
2836.57
2848.03
2851.78
2853.47
2856.27
2862.19
2868.72
2872.14
2872.94
2873.19
2873.94
2875.38
2877.1
2878.72
2880.39
2790
2790
2790
2790
2790
2790
2790
2790
2790.09
2791.6
2800.56
2820.38
2839.61
2849.14
2852.1
2854.01
2857.74
2864.39
2870.37
2872.97
2873.36
2873.59
2874.45
2875.95
2877.66
2879.31
2881.09
2883.09
2790
2790
2790
2790
2790
2790
2790
2790
2790.18
2792.58
2803.93
2824.75
2842.16
2850.01
2852.47
2854.73
2859.41
2866.36
2871.53
2873.42
2873.6
2873.9
2874.88
2876.42
2878.1
2879.79
2881.67
2883.79
2790
2790
2790
2790
2790
2790
2790
2790.01
2790.34
2793.95
2807.72
2828.86
2844.23
2850.59
2852.84
2855.6
2861.12
2867.91
2872.11
2873.52
2873.69
2874.09
2875.21
2876.75
2878.41
2880.15
2882.15
2884.37
2886.73
2889.2
2891.81
2894.6
2897.54
2900.64
2903.87
2907.16
2910.49
2913.97
2917.85
2922.39
2927.62
2933.2
2938.64
2943.67
2948.38
2953.04
2957.85
2962.87
2968.11
2973.59
2979.29
2985.19
2991.29
2997.62
3004.21
3011.02
3018.02
3025.19
3032.49
3039.95
2790
2790
2790
2790
2790
2790
2790
2790.03
2790.62
2795.78
2811.79
2832.57
2845.71
2850.83
2853.14
2856.54
2862.63
2868.83
2872.24
2873.38
2873.63
2874.17
2875.38
2876.94
2878.61
2880.43
2882.52
2884.84
2887.28
2889.83
2892.54
2895.4
2898.41
2901.58
2904.87
2908.22
2911.59
2915.12
2919.06
2923.68
2928.97
2934.54
2939.92
2944.9
2949.58
2954.24
2959.05
2964.08
2969.32
2974.79
2980.48
2986.37
2992.47
2998.81
3005.4
3012.21
3019.19
3026.31
3033.58
3040.98
2790
2790
2790
2790
2790
2790
2790
2790.06
2791.09
2798.1
2815.96
2835.63
2846.44
2850.82
2853.32
2857.37
2863.69
2869.16
2872.02
2872.9
2873.27
2874.04
2875.4
2877.01
2878.71
2880.6
2882.79
2885.19
2887.71
2890.36
2893.15
2896.09
2899.18
2902.42
2905.79
2909.2
2912.62
2916.19
2920.2
2924.9
2930.24
2935.8
2941.12
2946.05
2950.72
2955.38
2960.19
2965.21
2970.46
2975.92
2981.6
2987.48
2993.58
2999.94
3006.53
3013.32
3020.27
3027.36
3034.57
3041.92
2790
2790
2790
2790
2790
2790
2790
2790.11
2791.78
2800.8
2819.79
2837.66
2846.59
2850.45
2853.3
2857.86
2864.18
2869.09
2871.33
2872.02
2872.51
2873.54
2875.16
2876.91
2878.69
2880.67
2882.93
2885.42
2888.03
2890.77
2893.66
2896.69
2899.85
2903.18
2906.63
2910.11
2913.57
2917.19
2921.28
2926.06
2931.43
2936.97
2942.25
2947.12
2951.78
2956.44
2961.26
2966.28
2971.52
2976.98
2982.64
2988.52
2994.63
3000.99
3007.58
3014.35
3021.26
3028.29
3035.45
3042.75
2790
2790
2790
2790
2790
2790
2790
2790.19
2792.63
2803.51
2822.73
2838.48
2846.15
2849.52
2852.81
2857.99
2864.29
2868.57
2870.23
2870.81
2871.49
2872.79
2874.62
2876.51
2878.46
2880.6
2882.98
2885.53
2888.23
2891.08
2894.07
2897.18
2900.43
2903.85
2907.39
2910.93
2914.45
2918.13
2922.29
2927.14
2932.55
2938.07
2943.29
2948.13
2952.77
2957.44
2962.26
2967.28
2972.52
2977.96
2983.62
2989.5
2995.61
3001.98
3008.55
3015.3
3022.17
3029.15
3036.25
3043.49
2790
2790
2790
2790
2790
2790
2790
2790.23
2793.36
2805.65
2824.34
2838.4
2844.83
2848.06
2851.87
2857.78
2863.95
2867.5
2868.75
2869.34
2870.26
2871.87
2873.89
2875.91
2878
2880.32
2882.87
2885.55
2888.34
2891.3
2894.39
2897.59
2900.93
2904.45
2908.08
2911.69
2915.26
2919
2923.24
2928.16
2933.6
2939.09
2944.26
2949.06
2953.7
2958.37
2963.2
2968.22
2973.44
2978.88
2984.54
2990.42
2996.54
3002.9
3009.46
3016.16
3022.98
3029.91
3036.95
3044.13
2790
2790
2790
2790
2790
2789.96
2789.84
2789.96
2793.62
2806.79
2824.8
2837.42
2842.83
2846.21
2850.7
2857.05
2862.87
2865.92
2866.95
2867.65
2868.85
2870.76
2872.97
2875.15
2877.41
2879.89
2882.59
2885.43
2888.36
2891.42
2894.62
2897.91
2901.35
2904.97
2908.69
2912.37
2916
2919.8
2924.12
2929.11
2934.57
2940.03
2945.15
2949.93
2954.56
2959.24
2964.07
2969.09
2974.31
2979.74
2985.39
2991.28
2997.4
3003.75
3010.28
3016.95
3023.72
3030.59
3037.57
3044.69
2790
2790
2790
2790
2789.96
2789.67
2788.9
2788.47
2792.86
2806.99
2824.46
2835.51
2840.37
2844.08
2849.25
2855.82
2861.21
2863.91
2864.88
2865.78
2867.3
2869.5
2871.9
2874.26
2876.72
2879.38
2882.22
2885.18
2888.28
2891.47
2894.76
2898.16
2901.7
2905.42
2909.24
2912.99
2916.68
2920.54
2924.94
2930
2935.47
2940.9
2945.98
2950.74
2955.37
2960.05
2964.89
2969.9
2975.12
2980.55
2986.2
2992.09
2998.21
3004.55
3011.04
3017.65
3024.37
3031.18
3038.11
3045.17
2790
2790
2790
2789.96
2789.64
2788.37
2786.36
2785.45
2790.59
2806.19
2823.05
2832.94
2837.56
2841.73
2847.55
2854.22
2859.16
2861.59
2862.6
2863.76
2865.64
2868.1
2870.69
2873.24
2875.92
2878.78
2881.77
2884.86
2888.09
2891.43
2894.83
2898.32
2901.97
2905.81
2909.72
2913.55
2917.29
2921.23
2925.7
2930.82
2936.3
2941.69
2946.74
2951.48
2956.11
2960.81
2965.64
2970.66
2975.87
2981.3
2986.95
2992.84
2998.96
3005.27
3011.73
3018.29
3024.95
3031.7
3038.57
3045.56
2790
2790
2789.96
2789.61
2788.12
2785.1
2782.07
2781.3
2787.89
2804.64
2820.75
2829.81
2834.5
2839.23
2845.63
2852.27
2856.83
2859.04
2860.18
2861.66
2863.89
2866.61
2869.39
2872.14
2875.03
2878.09
2881.24
2884.48
2887.84
2891.31
2894.84
2898.43
2902.18
2906.13
2910.14
2914.04
2917.84
2921.85
2926.41
2931.58
2937.06
2942.43
2947.44
2952.16
2956.8
2961.5
2966.34
2971.35
2976.57
2982
2987.66
2993.55
2999.65
3005.93
3012.34
3018.85
3025.45
3032.14
3038.95
3045.88
2790
2789.97
2789.59
2787.94
2784.31
2779.72
2776.67
2776.69
2785.17
2802.85
2818.02
2826.37
2831.27
2836.62
2843.5
2850.01
2854.23
2856.31
2857.65
2859.49
2862.07
2865.04
2868
2870.97
2874.08
2877.33
2880.64
2884.03
2887.53
2891.13
2894.78
2898.47
2902.34
2906.4
2910.5
2914.47
2918.33
2922.42
2927.05
2932.28
2937.76
2943.09
2948.07
2952.79
2957.43
2962.14
2966.99
2972.01
2977.22
2982.66
2988.32
2994.21
3000.29
3006.53
3012.9
3019.35
3025.89
3032.52
3039.26
3046.12
2789.98
2789.64
2787.9
2783.83
2778.22
2773.22
2770.83
2771.94
2782.6
2800.76
2814.9
2822.74
2827.99
2833.97
2841.21
2847.52
2851.45
2853.47
2855.06
2857.29
2860.2
2863.4
2866.55
2869.74
2873.07
2876.51
2879.98
2883.52
2887.17
2890.89
2894.65
2898.46
2902.44
2906.61
2910.81
2914.84
2918.77
2922.94
2927.65
2932.91
2938.39
2943.69
2948.65
2953.36
2958.02
2962.74
2967.59
2972.61
2977.84
2983.28
2988.94
2994.81
3000.87
3007.07
3013.38
3019.78
3026.26
3032.83
3039.5
3046.3
2789.82
2788.13
2783.72
2777.28
2770.99
2766.64
2765.01
2767.33
2780.09
2798.37
2811.52
2819.03
2824.71
2831.28
2838.76
2844.84
2848.53
2850.55
2852.45
2855.06
2858.29
2861.7
2865.05
2868.46
2872.01
2875.63
2879.27
2882.96
2886.75
2890.6
2894.47
2898.4
2902.48
2906.77
2911.06
2915.16
2919.16
2923.4
2928.19
2933.49
2938.97
2944.23
2949.17
2953.89
2958.55
2963.28
2968.14
2973.17
2978.41
2983.86
2989.51
2995.37
3001.39
3007.55
3013.81
3020.15
3026.57
3033.07
3039.68
3046.4
2788.99
2784.27
2777.02
2769.58
2763.78
2760.36
2759.34
2763.01
2777.55
2795.68
2807.99
2815.34
2821.47
2828.6
2836.21
2842.03
2845.5
2847.61
2849.84
2852.84
2856.35
2859.96
2863.51
2867.15
2870.91
2874.71
2878.51
2882.36
2886.29
2890.27
2894.24
2898.28
2902.49
2906.89
2911.26
2915.43
2919.5
2923.82
2928.67
2934.01
2939.48
2944.72
2949.64
2954.36
2959.03
2963.77
2968.65
2973.69
2978.94
2984.39
2990.04
2995.87
3001.86
3007.98
3014.18
3020.46
3026.82
3033.26
3039.79
3046.46
2786.29
2777.78
2769.11
2762.04
2757.07
2754.38
2753.88
2759.06
2774.99
2792.73
2804.36
2811.68
2818.29
2825.89
2833.53
2839.1
2842.41
2844.66
2847.26
2850.63
2854.39
2858.19
2861.94
2865.81
2869.77
2873.74
2877.7
2881.71
2885.79
2889.89
2893.97
2898.12
2902.46
2906.95
2911.42
2915.66
2919.8
2924.19
2929.11
2934.48
2939.94
2945.15
2950.06
2954.78
2959.47
2964.23
2969.12
2974.18
2979.44
2984.89
2990.52
2996.33
3002.28
3008.35
3014.5
3020.72
3027.01
3033.38
3039.86
3046.45
2779.91
2769.78
2761.51
2755.24
2750.84
2748.59
2748.63
2755.42
2772.42
2789.62
2800.68
2808.1
2815.19
2823.19
2830.78
2836.1
2839.28
2841.74
2844.72
2848.44
2852.43
2856.41
2860.37
2864.45
2868.6
2872.74
2876.86
2881.03
2885.25
2889.48
2893.67
2897.92
2902.37
2906.97
2911.53
2915.84
2920.05
2924.52
2929.51
2934.9
2940.34
2945.53
2950.43
2955.16
2959.87
2964.65
2969.56
2974.64
2979.9
2985.34
2990.96
2996.74
3002.65
3008.67
3014.77
3020.93
3027.15
3033.46
3039.87
3046.35
2768.72
2762
2754.85
2749.07
2744.87
2742.86
2743.53
2752.12
2769.87
2786.43
2797.03
2804.62
2812.17
2820.48
2827.95
2833.03
2836.16
2838.85
2842.22
2846.26
2850.46
2854.62
2858.78
2863.08
2867.41
2871.72
2875.99
2880.31
2884.68
2889.02
2893.33
2897.69
2902.25
2906.97
2911.6
2915.97
2920.26
2924.81
2929.86
2935.27
2940.69
2945.87
2950.76
2955.5
2960.23
2965.03
2969.96
2975.06
2980.32
2985.76
2991.35
2997.1
3002.97
3008.94
3014.98
3021.08
3027.23
3033.49
3039.81
3046.22
2755.02
2755.01
2748.74
2743.11
2739.05
2737.2
2738.64
2749.08
2767.33
2783.21
2793.44
2801.25
2809.26
2817.78
2825.07
2829.93
2833.05
2836.03
2839.77
2844.11
2848.49
2852.83
2857.2
2861.7
2866.2
2870.67
2875.1
2879.57
2884.07
2888.54
2892.95
2897.43
2902.1
2906.93
2911.62
2916.07
2920.43
2925.06
2930.16
2935.59
2941
2946.15
2951.04
2955.81
2960.56
2965.39
2970.34
2975.45
2980.71
2986.14
2991.71
2997.42
3003.26
3009.17
3015.15
3021.19
3027.28
3033.46
3039.69
3046.02
3052.44
3058.96
3065.56
3072.26
3079.04
3085.89
3092.8
3099.77
3106.78
3113.82
3120.88
3127.94
3134.98
3141.98
3148.92
3155.78
3162.53
3169.16
3175.62
3181.9
3187.96
3193.78
3199.32
3204.56
3209.48
3214.05
3218.25
3222.06
3225.46
3228.45
3231.02
3233.16
3234.88
3236.17
3237.05
3237.53
3237.66
3237.38
3236.74
2742.78
2747.74
2742.06
2737.01
2733.26
2731.69
2734.1
2746.23
2764.75
2779.98
2789.94
2798.02
2806.42
2815.07
2822.16
2826.82
2830
2833.28
2837.38
2841.97
2846.54
2851.05
2855.62
2860.31
2864.98
2869.6
2874.18
2878.81
2883.45
2888.03
2892.55
2897.14
2901.92
2906.84
2911.63
2916.13
2920.56
2925.26
2930.42
2935.86
2941.25
2946.39
2951.29
2956.07
2960.86
2965.71
2970.68
2975.8
2981.07
2986.48
2992.03
2997.71
3003.49
3009.36
3015.28
3021.25
3027.29
3033.37
3039.53
3045.78
3052.1
3058.51
3065.01
3071.58
3078.23
3084.94
3091.7
3098.51
3105.35
3112.21
3119.07
3125.93
3132.74
3139.51
3146.21
3152.81
3159.29
3165.63
3171.8
3177.76
3183.5
3188.99
3194.2
3199.1
3203.67
3207.88
3211.73
3215.19
3218.25
3220.9
3223.14
3224.97
3226.38
3227.39
3227.99
3228.25
3228.14
3227.63
3226.81
3225.68
3224.29
3222.61
3220.75
3218.66
3216.37
3213.98
3211.35
3208.73
3205.99
2731.54
2741.08
2735.35
2730.8
2727.58
2726.45
2729.97
2743.56
2762.12
2776.76
2786.57
2794.92
2803.68
2812.37
2819.23
2823.71
2827
2830.61
2835.04
2839.86
2844.6
2849.29
2854.06
2858.93
2863.76
2868.52
2873.26
2878.03
2882.8
2887.5
2892.13
2896.82
2901.72
2906.73
2911.6
2916.16
2920.66
2925.44
2930.64
2936.09
2941.47
2946.6
2951.51
2956.31
2961.12
2966.01
2971
2976.13
2981.39
2986.78
2992.3
2997.95
3003.7
3009.51
3015.37
3021.28
3027.23
3033.24
3039.32
3045.47
3051.7
3058.01
3064.39
3070.84
3077.36
3083.92
3090.54
3097.18
3103.85
3110.52
3117.19
3123.83
3130.42
3136.96
3143.4
3149.74
3155.96
3162.01
3167.88
3173.54
3178.96
3184.13
3189
3193.56
3197.79
3201.67
3205.17
3208.29
3211.02
3213.35
3215.27
3216.79
3217.91
3218.64
3219.01
3219.04
3218.66
3217.97
3216.98
3215.69
3214.16
3212.36
3210.4
3208.23
3205.88
3203.43
3200.78
3198.13
3195.4
3192.56
3189.74
3186.85
3183.97
3181.1
3178.22
3175.37
3172.56
3169.8
3167.04
3164.12
3160.27
2719.72
2734.79
2729.18
2724.87
2722.1
2721.48
2726.21
2741.04
2759.48
2773.59
2783.33
2791.96
2801.01
2809.68
2816.3
2820.63
2824.08
2828.02
2832.76
2837.78
2842.68
2847.55
2852.51
2857.55
2862.53
2867.44
2872.32
2877.23
2882.14
2886.95
2891.69
2896.49
2901.49
2906.59
2911.53
2916.17
2920.74
2925.58
2930.83
2936.28
2941.64
2946.77
2951.69
2956.53
2961.37
2966.28
2971.29
2976.42
2981.68
2987.05
2992.55
2998.16
3003.86
3009.61
3015.41
3021.26
3027.14
3033.07
3039.07
3045.13
3051.26
3057.46
3063.72
3070.05
3076.43
3082.85
3089.31
3095.79
3102.28
3108.76
3115.23
3121.66
3128.03
3134.32
3140.52
3146.6
3152.54
3158.31
3163.88
3169.23
3174.34
3179.18
3183.72
3187.95
3191.84
3195.38
3198.55
3201.34
3203.74
3205.75
3207.37
3208.6
3209.44
3209.92
3210.06
3209.84
3209.25
3208.38
3207.22
3205.78
3204.13
3202.22
3200.16
3197.93
3195.5
3193.02
3190.35
3187.68
3184.95
3182.11
3179.3
3176.44
3173.58
3170.75
3167.91
3165.11
3162.35
3159.64
3156.93
3154.07
3150.3
2707.05
2728.67
2723.2
2719.2
2716.88
2716.84
2722.85
2738.68
2756.87
2770.51
2780.23
2789.15
2798.42
2806.99
2813.37
2817.59
2821.23
2825.51
2830.54
2835.74
2840.79
2845.84
2850.98
2856.18
2861.3
2866.35
2871.38
2876.43
2881.46
2886.39
2891.22
2896.13
2901.23
2906.43
2911.44
2916.15
2920.78
2925.69
2930.98
2936.43
2941.78
2946.9
2951.85
2956.71
2961.59
2966.52
2971.55
2976.69
2981.93
2987.29
2992.76
2998.33
3003.98
3009.68
3015.43
3021.19
3027
3032.86
3038.77
3044.73
3050.76
3056.85
3063
3069.2
3075.44
3081.72
3088.02
3094.33
3100.64
3106.94
3113.2
3119.41
3125.56
3131.61
3137.56
3143.38
3149.04
3154.52
3159.8
3164.85
3169.65
3174.17
3178.39
3182.29
3185.85
3189.06
3191.9
3194.38
3196.47
3198.17
3199.5
3200.45
3201.02
3201.27
3201.17
3200.7
3199.94
3198.88
3197.57
3195.99
3194.21
3192.2
3190.05
3187.75
3185.26
3182.74
3180.05
3177.36
3174.62
3171.78
3168.98
3166.14
3163.3
3160.5
3157.69
3154.93
3152.21
3149.54
3146.88
3144.07
3140.4
2693.78
2722.75
2717.37
2713.74
2711.81
2712.38
2719.84
2736.48
2754.32
2767.53
2777.27
2786.46
2795.89
2804.31
2810.46
2814.61
2818.47
2823.08
2828.36
2833.73
2838.93
2844.16
2849.47
2854.82
2860.08
2865.27
2870.44
2875.63
2880.77
2885.81
2890.75
2895.76
2900.96
2906.24
2911.32
2916.09
2920.8
2925.77
2931.09
2936.54
2941.88
2947.01
2951.98
2956.88
2961.78
2966.74
2971.78
2976.92
2982.16
2987.5
2992.94
2998.47
3004.07
3009.72
3015.4
3021.1
3026.83
3032.6
3038.43
3044.3
3050.23
3056.2
3062.23
3068.3
3074.4
3080.53
3086.67
3092.82
3098.95
3105.05
3111.11
3117.11
3123.02
3128.84
3134.53
3140.09
3145.47
3150.67
3155.65
3160.4
3164.88
3169.08
3172.98
3176.56
3179.8
3182.69
3185.22
3187.37
3189.16
3190.57
3191.61
3192.29
3192.63
3192.65
3192.29
3191.63
3190.68
3189.46
3188
3186.29
3184.4
3182.29
3180.06
3177.7
3175.15
3172.58
3169.88
3167.16
3164.42
3161.59
3158.79
3155.97
3153.15
3150.37
3147.6
3144.87
3142.19
3139.56
3136.94
3134.17
3130.55
2680.03
2717.05
2711.82
2708.58
2706.94
2708.19
2717.14
2734.42
2751.85
2764.67
2774.48
2783.91
2793.42
2801.64
2807.56
2811.69
2815.8
2820.73
2826.24
2831.76
2837.11
2842.52
2847.99
2853.48
2858.87
2864.19
2869.5
2874.82
2880.08
2885.22
2890.25
2895.37
2900.67
2906.04
2911.18
2916.01
2920.8
2925.82
2931.16
2936.62
2941.95
2947.09
2952.08
2957.02
2961.95
2966.93
2971.99
2977.13
2982.36
2987.68
2993.09
2998.58
3004.13
3009.72
3015.33
3020.96
3026.62
3032.31
3038.04
3043.82
3049.64
3055.51
3061.41
3067.35
3073.32
3079.3
3085.28
3091.25
3097.19
3103.1
3108.95
3114.73
3120.42
3126
3131.44
3136.73
3141.84
3146.76
3151.45
3155.89
3160.07
3163.96
3167.54
3170.81
3173.73
3176.31
3178.53
3180.38
3181.88
3183
3183.77
3184.2
3184.31
3184.08
3183.5
3182.65
3181.53
3180.15
3178.54
3176.7
3174.71
3172.51
3170.2
3167.77
3165.16
3162.56
3159.84
3157.1
3154.34
3151.5
3148.71
3145.91
3143.1
3140.34
3137.59
3134.89
3132.24
3129.64
3127.04
3124.29
3120.7
2665.88
2711.53
2706.56
2703.66
2702.31
2704.32
2714.67
2732.44
2749.45
2761.96
2771.83
2781.47
2791
2798.99
2804.7
2808.85
2813.22
2818.46
2824.18
2829.83
2835.34
2840.91
2846.54
2852.16
2857.67
2863.12
2868.56
2874
2879.38
2884.62
2889.75
2894.96
2900.37
2905.82
2911.02
2915.91
2920.76
2925.84
2931.21
2936.66
2941.99
2947.15
2952.17
2957.13
2962.09
2967.1
2972.17
2977.32
2982.53
2987.83
2993.21
2998.66
3004.16
3009.69
3015.23
3020.79
3026.37
3031.98
3037.63
3043.31
3049.02
3054.77
3060.56
3066.37
3072.19
3078.02
3083.83
3089.63
3095.39
3101.1
3106.75
3112.31
3117.76
3123.1
3128.28
3133.31
3138.15
3142.78
3147.18
3151.32
3155.2
3158.78
3162.05
3165
3167.62
3169.89
3171.81
3173.37
3174.58
3175.43
3175.94
3176.14
3176.01
3175.54
3174.77
3173.74
3172.45
3170.92
3169.18
3167.22
3165.12
3162.84
3160.45
3157.97
3155.31
3152.66
3149.93
3147.16
3144.4
3141.56
3138.76
3135.97
3133.18
3130.44
3127.71
3125.03
3122.4
3119.82
3117.25
3114.54
3111.01
2651.38
2706.16
2701.53
2698.98
2697.97
2700.83
2712.43
2730.53
2747.13
2759.38
2769.34
2779.15
2788.63
2796.37
2801.88
2806.09
2810.75
2816.28
2822.17
2827.95
2833.6
2839.33
2845.11
2850.85
2856.49
2862.07
2867.63
2873.19
2878.68
2884.01
2889.24
2894.55
2900.05
2905.57
2910.84
2915.79
2920.7
2925.84
2931.22
2936.67
2942.01
2947.18
2952.24
2957.23
2962.22
2967.25
2972.33
2977.48
2982.68
2987.95
2993.3
2998.71
3004.16
3009.63
3015.1
3020.59
3026.09
3031.62
3037.17
3042.75
3048.36
3054
3059.66
3065.34
3071.02
3076.69
3082.34
3087.96
3093.54
3099.05
3104.49
3109.83
3115.05
3120.14
3125.08
3129.84
3134.4
3138.75
3142.87
3146.72
3150.29
3153.57
3156.54
3159.19
3161.51
3163.48
3165.11
3166.38
3167.32
3167.9
3168.18
3168.15
3167.76
3167.09
3166.14
3164.92
3163.47
3161.79
3159.93
3157.86
3155.66
3153.3
3150.83
3148.29
3145.58
3142.9
3140.14
3137.35
3134.57
3131.73
3128.93
3126.14
3123.36
3120.62
3117.91
3115.25
3112.64
3110.09
3107.54
3104.85
3101.35
2636.58
2700.91
2696.73
2694.54
2693.91
2697.65
2710.39
2728.69
2744.9
2756.94
2766.99
2776.91
2786.29
2793.77
2799.11
2803.43
2808.38
2814.17
2820.21
2826.11
2831.91
2837.79
2843.7
2849.56
2855.31
2861.02
2866.7
2872.38
2877.97
2883.4
2888.72
2894.13
2899.72
2905.32
2910.64
2915.65
2920.62
2925.82
2931.23
2936.68
2942.02
2947.21
2952.29
2957.31
2962.33
2967.38
2972.47
2977.62
2982.8
2988.05
2993.37
2998.73
3004.13
3009.53
3014.94
3020.36
3025.78
3031.23
3036.69
3042.17
3047.67
3053.19
3058.73
3064.27
3069.81
3075.32
3080.81
3086.26
3091.64
3096.96
3102.18
3107.3
3112.29
3117.14
3121.82
3126.32
3130.61
3134.68
3138.5
3142.06
3145.34
3148.32
3150.99
3153.35
3155.37
3157.05
3158.39
3159.39
3160.05
3160.41
3160.46
3160.17
3159.56
3158.69
3157.56
3156.18
3154.58
3152.76
3150.78
3148.6
3146.31
3143.87
3141.33
3138.74
3135.98
3133.27
3130.49
3127.67
3124.88
3122.04
3119.23
3116.45
3113.67
3110.95
3108.25
3105.61
3103.01
3100.48
3097.94
3095.27
3091.78
2621.49
2695.74
2692.08
2690.32
2690.13
2694.8
2708.52
2726.93
2742.76
2754.64
2764.79
2774.77
2783.99
2791.2
2796.41
2800.87
2806.11
2812.13
2818.3
2824.31
2830.26
2836.29
2842.32
2848.29
2854.16
2859.98
2865.79
2871.58
2877.27
2882.79
2888.2
2893.7
2899.38
2905.04
2910.42
2915.49
2920.52
2925.76
2931.19
2936.66
2942.01
2947.22
2952.33
2957.38
2962.42
2967.49
2972.59
2977.73
2982.9
2988.13
2993.4
2998.73
3004.07
3009.41
3014.75
3020.1
3025.45
3030.8
3036.17
3041.55
3046.95
3052.35
3057.76
3063.17
3068.56
3073.92
3079.24
3084.51
3089.7
3094.82
3099.83
3104.73
3109.49
3114.09
3118.52
3122.75
3126.78
3130.57
3134.11
3137.39
3140.37
3143.06
3145.44
3147.5
3149.24
3150.64
3151.7
3152.44
3152.86
3152.98
3152.78
3152.25
3151.45
3150.39
3149.08
3147.55
3145.8
3143.85
3141.75
3139.46
3137.09
3134.58
3131.96
3129.32
3126.52
3123.76
3120.97
3118.12
3115.31
3112.46
3109.64
3106.87
3104.09
3101.37
3098.69
3096.05
3093.47
3090.95
3088.44
3085.79
3082.35
2606.11
2690.63
2687.61
2686.3
2686.56
2692.22
2706.81
2725.24
2740.72
2752.48
2762.7
2772.7
2781.73
2788.68
2793.79
2798.42
2803.94
2810.15
2816.44
2822.56
2828.65
2834.81
2840.96
2847.04
2853.02
2858.95
2864.88
2870.77
2876.56
2882.17
2887.67
2893.26
2899.02
2904.76
2910.19
2915.32
2920.4
2925.68
2931.13
2936.6
2941.98
2947.21
2952.35
2957.43
2962.5
2967.58
2972.69
2977.82
2982.98
2988.17
2993.42
2998.7
3003.98
3009.26
3014.54
3019.81
3025.08
3030.35
3035.63
3040.91
3046.19
3051.48
3056.77
3062.04
3067.28
3072.48
3077.64
3082.72
3087.73
3092.64
3097.45
3102.12
3106.64
3111
3115.18
3119.15
3122.91
3126.42
3129.69
3132.67
3135.37
3137.77
3139.87
3141.64
3143.09
3144.22
3145.02
3145.5
3145.68
3145.57
3145.12
3144.39
3143.4
3142.16
3140.69
3139
3137.11
3135.04
3132.83
3130.44
3127.98
3125.41
3122.72
3120.02
3117.19
3114.39
3111.58
3108.7
3105.88
3103.03
3100.2
3097.42
3094.66
3091.94
3089.26
3086.64
3084.08
3081.57
3079.07
3076.43
3073
2590.39
2685.59
2683.33
2682.44
2683.16
2689.91
2705.25
2723.62
2738.78
2750.44
2760.72
2770.7
2779.5
2786.21
2791.25
2796.07
2801.85
2808.24
2814.63
2820.86
2827.08
2833.37
2839.63
2845.82
2851.89
2857.94
2863.98
2869.98
2875.86
2881.55
2887.14
2892.82
2898.66
2904.46
2909.95
2915.13
2920.26
2925.58
2931.04
2936.53
2941.92
2947.18
2952.35
2957.46
2962.55
2967.66
2972.77
2977.89
2983.03
2988.2
2993.41
2998.63
3003.86
3009.09
3014.3
3019.5
3024.69
3029.87
3035.05
3040.23
3045.41
3050.59
3055.74
3060.87
3065.97
3071.01
3076
3080.9
3085.72
3090.43
3095.02
3099.47
3103.76
3107.88
3111.8
3115.52
3119.01
3122.26
3125.24
3127.95
3130.37
3132.49
3134.3
3135.8
3136.98
3137.84
3138.38
3138.63
3138.59
3138.21
3137.55
3136.62
3135.44
3134.03
3132.39
3130.55
3128.54
3126.34
3124.03
3121.55
3119.01
3116.37
3113.61
3110.86
3107.99
3105.16
3102.32
3099.42
3096.58
3093.72
3090.88
3088.1
3085.34
3082.62
3079.95
3077.34
3074.78
3072.27
3069.78
3067.14
3063.72
2574.24
2680.67
2679.21
2678.76
2679.95
2687.77
2703.8
2722.07
2736.94
2748.52
2758.85
2768.76
2777.32
2783.8
2788.8
2793.82
2799.85
2806.39
2812.87
2819.2
2825.55
2831.96
2838.33
2844.61
2850.79
2856.95
2863.09
2869.19
2875.15
2880.93
2886.6
2892.37
2898.29
2904.15
2909.69
2914.92
2920.11
2925.46
2930.95
2936.45
2941.85
2947.14
2952.33
2957.47
2962.6
2967.71
2972.83
2977.95
2983.06
2988.21
2993.37
2998.55
3003.73
3008.9
3014.04
3019.17
3024.28
3029.37
3034.46
3039.54
3044.61
3049.66
3054.69
3059.69
3064.63
3069.52
3074.33
3079.05
3083.68
3088.19
3092.56
3096.79
3100.85
3104.72
3108.4
3111.86
3115.08
3118.06
3120.77
3123.2
3125.34
3127.19
3128.72
3129.95
3130.86
3131.46
3131.77
3131.79
3131.48
3130.89
3130.03
3128.91
3127.55
3125.97
3124.18
3122.21
3120.07
3117.76
3115.34
3112.78
3110.16
3107.45
3104.63
3101.83
3098.93
3096.07
3093.2
3090.28
3087.42
3084.56
3081.71
3078.93
3076.17
3073.46
3070.79
3068.19
3065.64
3063.15
3060.66
3058.05
3054.66
2557.7
2675.82
2675.21
2675.24
2676.98
2685.8
2702.41
2720.59
2735.19
2746.71
2757.06
2766.86
2775.18
2781.46
2786.45
2791.67
2797.92
2804.59
2811.15
2817.59
2824.06
2830.59
2837.05
2843.43
2849.71
2855.97
2862.21
2868.4
2874.46
2880.31
2886.06
2891.91
2897.91
2903.84
2909.42
2914.7
2919.93
2925.32
2930.84
2936.35
2941.77
2947.08
2952.31
2957.48
2962.62
2967.76
2972.87
2977.97
2983.08
2988.19
2993.31
2998.45
3003.58
3008.68
3013.76
3018.81
3023.84
3028.85
3033.85
3038.82
3043.78
3048.72
3053.62
3058.47
3063.27
3067.99
3072.63
3077.17
3081.61
3085.91
3090.08
3094.08
3097.91
3101.54
3104.97
3108.17
3111.14
3113.85
3116.29
3118.46
3120.33
3121.9
3123.17
3124.13
3124.79
3125.15
3125.23
3124.99
3124.45
3123.65
3122.6
3121.29
3119.76
3118.02
3116.09
3113.98
3111.71
3109.29
3106.78
3104.14
3101.44
3098.68
3095.79
3092.95
3090.02
3087.11
3084.23
3081.28
3078.4
3075.53
3072.68
3069.89
3067.13
3064.42
3061.76
3059.16
3056.62
3054.14
3051.67
3049.05
3045.67
2540.93
2670.95
2671.37
2671.87
2674.21
2683.96
2701.1
2719.16
2733.53
2745.01
2755.36
2765.02
2773.09
2779.18
2784.19
2789.62
2796.06
2802.85
2809.49
2816.03
2822.62
2829.25
2835.8
2842.27
2848.65
2855.01
2861.35
2867.63
2873.76
2879.69
2885.53
2891.46
2897.53
2903.51
2909.14
2914.46
2919.74
2925.17
2930.71
2936.24
2941.68
2947.02
2952.27
2957.47
2962.64
2967.78
2972.9
2977.99
2983.07
2988.14
2993.24
2998.33
3003.4
3008.45
3013.46
3018.44
3023.39
3028.31
3033.21
3038.09
3042.94
3047.75
3052.52
3057.23
3061.88
3066.44
3070.91
3075.27
3079.51
3083.62
3087.57
3091.35
3094.95
3098.34
3101.52
3104.47
3107.18
3109.63
3111.8
3113.7
3115.3
3116.61
3117.61
3118.32
3118.73
3118.86
3118.7
3118.22
3117.47
3116.47
3115.22
3113.75
3112.05
3110.16
3108.09
3105.85
3103.47
3100.95
3098.35
3095.63
3092.85
3090.03
3087.08
3084.2
3081.25
3078.3
3075.39
3072.43
3069.53
3066.66
3063.8
3061.01
3058.25
3055.55
3052.89
3050.3
3047.77
3045.3
3042.83
3040.24
3036.88
2524.07
2666
2667.72
2668.63
2671.59
2682.25
2699.86
2717.78
2731.96
2743.39
2753.72
2763.23
2771.05
2776.98
2782.03
2787.66
2794.28
2801.16
2807.87
2814.51
2821.21
2827.95
2834.59
2841.14
2847.61
2854.07
2860.49
2866.86
2873.07
2879.08
2884.99
2891
2897.14
2903.17
2908.85
2914.21
2919.54
2925
2930.57
2936.12
2941.58
2946.94
2952.23
2957.46
2962.65
2967.8
2972.91
2977.98
2983.03
2988.08
2993.14
2998.18
3003.21
3008.2
3013.14
3018.05
3022.92
3027.75
3032.56
3037.33
3042.07
3046.76
3051.4
3055.98
3060.47
3064.87
3069.17
3073.35
3077.39
3081.29
3085.03
3088.59
3091.96
3095.12
3098.06
3100.76
3103.21
3105.4
3107.32
3108.95
3110.3
3111.35
3112.1
3112.56
3112.74
3112.64
3112.22
3111.53
3110.58
3109.38
3107.95
3106.3
3104.45
3102.41
3100.2
3097.84
3095.36
3092.73
3090.04
3087.25
3084.4
3081.53
3078.53
3075.6
3072.62
3069.64
3066.71
3063.73
3060.81
3057.93
3055.07
3052.27
3049.51
3046.81
3044.16
3041.57
3039.05
3036.59
3034.15
3031.57
3028.25
2507.25
2661.14
2664.11
2665.46
2669.09
2680.65
2698.67
2716.47
2730.47
2741.86
2752.15
2761.48
2769.07
2774.85
2779.97
2785.79
2792.56
2799.52
2806.31
2813.04
2819.85
2826.68
2833.39
2840.03
2846.59
2853.14
2859.66
2866.1
2872.39
2878.47
2884.45
2890.54
2896.75
2902.83
2908.54
2913.95
2919.33
2924.83
2930.42
2935.98
2941.46
2946.86
2952.18
2957.43
2962.63
2967.79
2972.9
2977.95
2982.98
2988
2993.02
2998.03
3003
3007.93
3012.81
3017.64
3022.43
3027.18
3031.89
3036.56
3041.19
3045.76
3050.27
3054.7
3059.04
3063.28
3067.41
3071.41
3075.26
3078.96
3082.48
3085.82
3088.96
3091.88
3094.58
3097.03
3099.23
3101.17
3102.83
3104.21
3105.29
3106.09
3106.59
3106.82
3106.78
3106.41
3105.78
3104.88
3103.74
3102.35
3100.75
3098.93
3096.93
3094.75
3092.42
3089.94
3087.36
3084.64
3081.87
3079.01
3076.09
3073.16
3070.11
3067.14
3064.14
3061.12
3058.17
3055.18
3052.25
3049.37
3046.5
3043.7
3040.95
3038.25
3035.61
3033.04
3030.53
3028.08
3025.63
3023.06
3019.71
2490.52
2656.39
2660.54
2662.41
2666.76
2679.16
2697.54
2715.2
2729.05
2740.4
2750.63
2759.78
2767.14
2772.8
2777.99
2784
2790.91
2797.93
2804.78
2811.62
2818.53
2825.44
2832.23
2838.95
2845.6
2852.23
2858.83
2865.36
2871.72
2877.87
2883.92
2890.08
2896.35
2902.48
2908.23
2913.68
2919.1
2924.64
2930.25
2935.84
2941.35
2946.77
2952.11
2957.39
2962.61
2967.76
2972.86
2977.91
2982.91
2987.91
2992.89
2997.85
3002.78
3007.64
3012.46
3017.22
3021.93
3026.59
3031.21
3035.78
3040.29
3044.74
3049.12
3053.41
3057.6
3061.68
3065.63
3069.44
3073.1
3076.6
3079.91
3083.03
3085.95
3088.64
3091.1
3093.31
3095.26
3096.95
3098.36
3099.48
3100.32
3100.87
3101.14
3101.16
3100.85
3100.27
3099.42
3098.33
3096.99
3095.43
3093.65
3091.68
3089.53
3087.22
3084.76
3082.17
3079.49
3076.68
3073.83
3070.9
3067.91
3064.94
3061.85
3058.84
3055.81
3052.77
3049.79
3046.8
3043.84
3040.95
3038.08
3035.28
3032.53
3029.84
3027.2
3024.63
3022.13
3019.69
3017.27
3014.72
3011.43
2473.87
2651.76
2657.06
2659.44
2664.55
2677.77
2696.46
2713.98
2727.7
2739.02
2749.17
2758.13
2765.27
2770.82
2776.11
2782.28
2789.31
2796.39
2803.31
2810.24
2817.24
2824.23
2831.1
2837.89
2844.63
2851.34
2858.02
2864.62
2871.05
2877.27
2883.39
2889.62
2895.95
2902.12
2907.91
2913.4
2918.87
2924.44
2930.08
2935.69
2941.22
2946.67
2952.04
2957.34
2962.57
2967.73
2972.82
2977.84
2982.83
2987.8
2992.75
2997.67
3002.54
3007.35
3012.09
3016.78
3021.41
3025.99
3030.51
3034.98
3039.38
3043.71
3047.95
3052.1
3056.14
3060.06
3063.83
3067.47
3070.94
3074.23
3077.34
3080.24
3082.93
3085.39
3087.61
3089.58
3091.28
3092.72
3093.89
3094.77
3095.36
3095.68
3095.74
3095.49
3094.95
3094.16
3093.12
3091.83
3090.31
3088.57
3086.63
3084.51
3082.22
3079.78
3077.21
3074.52
3071.74
3068.85
3065.93
3062.94
3059.89
3056.86
3053.74
3050.69
3047.63
3044.56
3041.56
3038.56
3035.6
3032.71
3029.84
3027.04
3024.29
3021.61
3018.98
3016.43
3013.94
3011.52
3009.12
3006.59
3003.32
2457.31
2647.18
2653.65
2656.61
2662.48
2676.46
2695.42
2712.82
2726.41
2737.69
2747.75
2756.52
2763.45
2768.92
2774.3
2780.64
2787.76
2794.9
2801.88
2808.9
2815.99
2823.05
2829.99
2836.86
2843.68
2850.47
2857.22
2863.9
2870.39
2876.67
2882.86
2889.16
2895.55
2901.76
2907.58
2913.11
2918.62
2924.23
2929.9
2935.53
2941.09
2946.57
2951.97
2957.28
2962.51
2967.67
2972.75
2977.77
2982.73
2987.67
2992.59
2997.47
3002.28
3007.03
3011.71
3016.33
3020.88
3025.37
3029.8
3034.17
3038.46
3042.66
3046.78
3050.78
3054.67
3058.42
3062.02
3065.47
3068.75
3071.85
3074.75
3077.44
3079.9
3082.13
3084.12
3085.86
3087.33
3088.52
3089.44
3090.08
3090.45
3090.55
3090.36
3089.88
3089.14
3088.14
3086.9
3085.42
3083.72
3081.82
3079.73
3077.46
3075.04
3072.48
3069.8
3067
3064.13
3061.16
3058.16
3055.12
3052
3048.93
3045.78
3042.69
3039.62
3036.52
3033.51
3030.5
3027.52
3024.62
3021.75
3018.95
3016.21
3013.53
3010.91
3008.37
3005.89
3003.48
3001.08
2998.55
2995.26
2440.88
2642.71
2650.38
2653.89
2660.53
2675.24
2694.42
2711.69
2725.19
2736.42
2746.38
2754.95
2761.69
2767.1
2772.58
2779.07
2786.27
2793.45
2800.5
2807.61
2814.78
2821.91
2828.91
2835.86
2842.75
2849.62
2856.44
2863.18
2869.74
2876.08
2882.34
2888.7
2895.14
2901.39
2907.25
2912.82
2918.37
2924.02
2929.71
2935.37
2940.96
2946.46
2951.88
2957.2
2962.44
2967.6
2972.68
2977.68
2982.62
2987.54
2992.42
2997.25
3002.02
3006.71
3011.33
3015.87
3020.34
3024.75
3029.08
3033.34
3037.52
3041.61
3045.59
3049.45
3053.18
3056.77
3060.21
3063.48
3066.57
3069.46
3072.16
3074.63
3076.88
3078.88
3080.64
3082.14
3083.37
3084.33
3085.02
3085.42
3085.57
3085.44
3085.01
3084.31
3083.37
3082.17
3080.74
3079.08
3077.21
3075.15
3072.91
3070.5
3067.96
3065.28
3062.49
3059.6
3056.65
3053.6
3050.54
3047.44
3044.27
3041.15
3037.97
3034.84
3031.75
3028.63
3025.6
3022.58
3019.6
3016.7
3013.84
3011.04
3008.31
3005.64
3003.03
3000.5
2998.04
2995.64
2993.27
2990.77
2987.56
2424.58
2638.35
2647.18
2651.28
2658.71
2674.08
2693.46
2710.61
2724.02
2735.2
2745.05
2753.42
2759.98
2765.34
2770.94
2777.56
2784.83
2792.05
2799.16
2806.35
2813.6
2820.79
2827.86
2834.87
2841.84
2848.78
2855.67
2862.48
2869.1
2875.5
2881.82
2888.24
2894.73
2901.02
2906.91
2912.52
2918.11
2923.79
2929.52
2935.2
2940.82
2946.35
2951.78
2957.12
2962.36
2967.52
2972.59
2977.57
2982.5
2987.39
2992.24
2997.03
3001.74
3006.38
3010.92
3015.39
3019.79
3024.11
3028.35
3032.51
3036.57
3040.54
3044.39
3048.11
3051.69
3055.12
3058.38
3061.47
3064.37
3067.07
3069.56
3071.82
3073.85
3075.64
3077.17
3078.44
3079.44
3080.17
3080.63
3080.82
3080.75
3080.37
3079.73
3078.83
3077.68
3076.29
3074.67
3072.84
3070.81
3068.59
3066.21
3063.67
3061
3058.21
3055.33
3052.34
3049.31
3046.19
3043.05
3039.91
3036.67
3033.52
3030.31
3027.16
3024.05
3020.91
3017.86
3014.84
3011.85
3008.95
3006.09
3003.29
3000.56
2997.9
2995.3
2992.79
2990.34
2987.96
2985.6
2983.13
2979.92
2408.47
2634.08
2644.12
2648.81
2657
2672.99
2692.52
2709.57
2722.89
2734.03
2743.76
2751.93
2758.33
2763.66
2769.37
2776.12
2783.45
2790.69
2797.87
2805.14
2812.45
2819.7
2826.84
2833.92
2840.95
2847.96
2854.92
2861.79
2868.47
2874.92
2881.3
2887.78
2894.32
2900.64
2906.56
2912.21
2917.84
2923.56
2929.32
2935.03
2940.68
2946.22
2951.67
2957.02
2962.27
2967.43
2972.49
2977.46
2982.37
2987.23
2992.04
2996.79
3001.46
3006.03
3010.51
3014.91
3019.23
3023.47
3027.61
3031.67
3035.62
3039.46
3043.18
3046.76
3050.19
3053.45
3056.55
3059.46
3062.17
3064.68
3066.96
3069.02
3070.84
3072.4
3073.71
3074.76
3075.53
3076.03
3076.27
3076.26
3075.93
3075.34
3074.49
3073.39
3072.04
3070.47
3068.67
3066.67
3064.49
3062.12
3059.6
3056.94
3054.15
3051.26
3048.28
3045.2
3042.1
3038.92
3035.72
3032.53
3029.24
3026.05
3022.82
3019.63
3016.49
3013.34
3010.27
3007.25
3004.26
3001.35
2998.5
2995.72
2993
2990.35
2987.77
2985.27
2982.83
2980.47
2978.12
2975.66
2972.46
2392.49
2629.87
2641.28
2646.51
2655.42
2671.95
2691.61
2708.56
2721.81
2732.89
2742.5
2750.48
2756.73
2762.05
2767.87
2774.73
2782.11
2789.38
2796.62
2803.96
2811.34
2818.64
2825.84
2832.98
2840.09
2847.16
2854.18
2861.11
2867.84
2874.35
2880.79
2887.32
2893.91
2900.27
2906.21
2911.9
2917.57
2923.33
2929.12
2934.86
2940.53
2946.09
2951.55
2956.91
2962.17
2967.33
2972.38
2977.33
2982.22
2987.06
2991.84
2996.55
3001.16
3005.67
3010.09
3014.42
3018.66
3022.81
3026.87
3030.82
3034.66
3038.38
3041.96
3045.4
3048.68
3051.78
3054.71
3057.44
3059.97
3062.28
3064.37
3066.22
3067.83
3069.18
3070.27
3071.1
3071.65
3071.94
3071.98
3071.72
3071.18
3070.38
3069.33
3068.03
3066.5
3064.74
3062.78
3060.62
3058.28
3055.77
3053.12
3050.34
3047.44
3044.44
3041.37
3038.21
3035.03
3031.79
3028.52
3025.28
3021.96
3018.73
3015.48
3012.26
3009.11
3005.95
3002.87
2999.84
2996.85
2993.94
2991.09
2988.31
2985.59
2982.95
2980.38
2977.89
2975.47
2973.12
2970.8
2968.37
2965.23
2376.67
2625.78
2638.64
2644.39
2653.96
2670.96
2690.72
2707.58
2720.77
2731.8
2741.28
2749.08
2755.2
2760.51
2766.44
2773.41
2780.82
2788.12
2795.41
2802.82
2810.25
2817.61
2824.86
2832.07
2839.24
2846.37
2853.45
2860.44
2867.22
2873.79
2880.27
2886.87
2893.5
2899.88
2905.86
2911.57
2917.29
2923.09
2928.91
2934.69
2940.37
2945.95
2951.43
2956.79
2962.06
2967.22
2972.26
2977.2
2982.07
2986.88
2991.63
2996.29
3000.85
3005.31
3009.67
3013.92
3018.09
3022.15
3026.11
3029.96
3033.69
3037.29
3040.74
3044.04
3047.16
3050.11
3052.87
3055.43
3057.78
3059.9
3061.79
3063.44
3064.84
3065.98
3066.85
3067.46
3067.8
3067.89
3067.69
3067.21
3066.47
3065.47
3064.22
3062.73
3061.02
3059.09
3056.96
3054.65
3052.16
3049.52
3046.75
3043.85
3040.85
3037.75
3034.59
3031.35
3028.1
3024.81
3021.49
3018.2
3014.84
3011.57
3008.3
3005.05
3001.87
2998.71
2995.6
2992.58
2989.58
2986.68
2983.83
2981.06
2978.36
2975.74
2973.18
2970.71
2968.31
2965.98
2963.67
2961.25
2958.11
2360.94
2621.73
2636.23
2642.46
2652.62
2670.03
2689.85
2706.62
2719.76
2730.73
2740.08
2747.71
2753.71
2759.04
2765.08
2772.13
2779.57
2786.89
2794.24
2801.71
2809.2
2816.6
2823.91
2831.18
2838.41
2845.6
2852.73
2859.78
2866.62
2873.23
2879.77
2886.41
2893.09
2899.5
2905.5
2911.25
2917
2922.85
2928.71
2934.51
2940.21
2945.81
2951.29
2956.67
2961.94
2967.09
2972.13
2977.05
2981.9
2986.69
2991.4
2996.02
3000.53
3004.93
3009.23
3013.42
3017.5
3021.48
3025.35
3029.1
3032.72
3036.19
3039.51
3042.67
3045.65
3048.44
3051.03
3053.42
3055.58
3057.52
3059.22
3060.67
3061.86
3062.79
3063.46
3063.86
3064
3063.88
3063.45
3062.77
3061.83
3060.64
3059.2
3057.53
3055.64
3053.54
3051.25
3048.79
3046.17
3043.39
3040.5
3037.49
3034.39
3031.2
3027.96
3024.64
3021.33
3017.97
3014.59
3011.26
3007.86
3004.56
3001.27
2998
2994.81
2991.64
2988.53
2985.5
2982.51
2979.6
2976.76
2973.99
2971.29
2968.67
2966.13
2963.66
2961.27
2958.95
2956.66
2954.27
2951.17
2345.36
2617.7
2634.03
2640.66
2651.38
2669.16
2689.01
2705.7
2718.78
2729.69
2738.92
2746.38
2752.28
2757.63
2763.78
2770.9
2778.36
2785.71
2793.11
2800.63
2808.17
2815.62
2822.98
2830.31
2837.6
2844.85
2852.03
2859.13
2866.02
2872.68
2879.27
2885.96
2892.67
2899.11
2905.13
2910.92
2916.72
2922.61
2928.5
2934.33
2940.05
2945.65
2951.15
2956.54
2961.82
2966.97
2971.99
2976.9
2981.73
2986.49
2991.17
2995.75
3000.21
3004.55
3008.79
3012.91
3016.92
3020.81
3024.59
3028.23
3031.74
3035.09
3038.28
3041.3
3044.14
3046.77
3049.2
3051.42
3053.4
3055.15
3056.66
3057.92
3058.91
3059.64
3060.09
3060.29
3060.24
3059.88
3059.26
3058.37
3057.24
3055.85
3054.23
3052.39
3050.33
3048.07
3045.63
3043.02
3040.27
3037.37
3034.36
3031.25
3028.05
3024.77
3021.46
3018.07
3014.69
3011.29
3007.86
3004.49
3001.06
2997.73
2994.42
2991.12
2987.9
2984.73
2981.6
2978.56
2975.57
2972.66
2969.83
2967.07
2964.39
2961.79
2959.26
2956.81
2954.44
2952.15
2949.88
2947.5
2944.43
2329.91
2613.73
2631.89
2638.97
2650.23
2668.34
2688.2
2704.8
2717.83
2728.67
2737.77
2745.09
2750.9
2756.28
2762.53
2769.72
2777.19
2784.56
2792.01
2799.59
2807.17
2814.67
2822.08
2829.46
2836.81
2844.11
2851.35
2858.49
2865.43
2872.13
2878.77
2885.51
2892.26
2898.72
2904.76
2910.59
2916.43
2922.37
2928.3
2934.14
2939.87
2945.49
2951
2956.4
2961.68
2966.83
2971.84
2976.73
2981.54
2986.28
2990.93
2995.46
2999.88
3004.17
3008.34
3012.39
3016.32
3020.14
3023.82
3027.36
3030.76
3033.99
3037.06
3039.94
3042.62
3045.1
3047.37
3049.42
3051.23
3052.8
3054.12
3055.18
3055.98
3056.5
3056.77
3056.79
3056.51
3055.95
3055.13
3054.06
3052.73
3051.16
3049.36
3047.35
3045.13
3042.71
3040.13
3037.38
3034.5
3031.48
3028.36
3025.15
3021.86
3018.49
3015.11
3011.66
3008.21
3004.76
3001.27
2997.86
2994.4
2991.03
2987.71
2984.39
2981.16
2977.99
2974.85
2971.82
2968.83
2965.92
2963.09
2960.33
2957.65
2955.05
2952.53
2950.09
2947.73
2945.44
2943.17
2940.8
2937.72
2314.71
2609.84
2629.76
2637.32
2649.15
2667.56
2687.42
2703.92
2716.9
2727.67
2736.66
2743.83
2749.57
2754.99
2761.33
2768.58
2776.06
2783.45
2790.95
2798.58
2806.2
2813.74
2821.2
2828.64
2836.03
2843.38
2850.67
2857.87
2864.84
2871.59
2878.28
2885.07
2891.84
2898.32
2904.39
2910.25
2916.15
2922.12
2928.09
2933.95
2939.69
2945.32
2950.85
2956.26
2961.54
2966.68
2971.68
2976.56
2981.35
2986.06
2990.68
2995.17
2999.54
3003.77
3007.88
3011.87
3015.73
3019.46
3023.05
3026.49
3029.78
3032.89
3035.83
3038.57
3041.12
3043.45
3045.56
3047.44
3049.08
3050.47
3051.6
3052.47
3053.07
3053.41
3053.5
3053.3
3052.81
3052.06
3051.05
3049.79
3048.28
3046.53
3044.56
3042.38
3040
3037.44
3034.71
3031.84
3028.83
3025.71
3022.49
3019.17
3015.8
3012.35
3008.89
3005.38
3001.88
2998.38
2994.84
2991.4
2987.93
2984.53
2981.18
2977.84
2974.59
2971.4
2968.25
2965.21
2962.22
2959.31
2956.49
2953.74
2951.07
2948.49
2945.98
2943.56
2941.21
2938.94
2936.7
2934.36
2931.35
2299.69
2606.01
2627.65
2635.71
2648.12
2666.82
2686.65
2703.06
2715.99
2726.69
2735.56
2742.61
2748.29
2753.75
2760.19
2767.48
2774.96
2782.38
2789.92
2797.59
2805.26
2812.83
2820.34
2827.83
2835.28
2842.68
2850.01
2857.25
2864.27
2871.06
2877.79
2884.62
2891.43
2897.92
2904.02
2909.92
2915.86
2921.88
2927.87
2933.75
2939.51
2945.15
2950.69
2956.11
2961.4
2966.53
2971.51
2976.38
2981.15
2985.84
2990.42
2994.87
2999.19
3003.37
3007.42
3011.34
3015.13
3018.78
3022.28
3025.62
3028.79
3031.79
3034.6
3037.21
3039.61
3041.8
3043.75
3045.46
3046.93
3048.15
3049.1
3049.79
3050.2
3050.36
3050.26
3049.85
3049.17
3048.24
3047.04
3045.6
3043.91
3042
3039.86
3037.52
3035
3032.29
3029.43
3026.43
3023.3
3020.07
3016.74
3013.34
3009.88
3006.36
3002.84
2999.27
2995.7
2992.17
2988.58
2985.09
2981.59
2978.15
2974.79
2971.44
2968.17
2964.98
2961.84
2958.79
2955.81
2952.9
2950.08
2947.33
2944.67
2942.08
2939.58
2937.16
2934.82
2932.56
2930.32
2927.98
2924.96
2284.96
2602.26
2625.56
2634.15
2647.12
2666.09
2685.91
2702.22
2715.1
2725.73
2734.49
2741.42
2747.05
2752.57
2759.09
2766.42
2773.91
2781.35
2788.93
2796.64
2804.33
2811.95
2819.5
2827.04
2834.54
2841.98
2849.37
2856.65
2863.71
2870.54
2877.31
2884.18
2891.01
2897.53
2903.64
2909.59
2915.58
2921.64
2927.65
2933.55
2939.32
2944.98
2950.53
2955.96
2961.24
2966.37
2971.34
2976.19
2980.94
2985.6
2990.15
2994.57
2998.84
3002.97
3006.96
3010.81
3014.53
3018.09
3021.5
3024.74
3027.81
3030.69
3033.38
3035.86
3038.12
3040.16
3041.96
3043.51
3044.81
3045.85
3046.63
3047.13
3047.37
3047.36
3047.04
3046.44
3045.59
3044.47
3043.09
3041.47
3039.61
3037.53
3035.24
3032.75
3030.08
3027.24
3024.25
3021.13
3017.89
3014.55
3011.13
3007.64
3004.11
3000.51
2996.92
2993.29
2989.67
2986.1
2982.47
2978.96
2975.44
2971.98
2968.59
2965.23
2961.94
2958.73
2955.57
2952.51
2949.52
2946.62
2943.8
2941.06
2938.41
2935.84
2933.35
2930.94
2928.62
2926.37
2924.15
2921.84
2918.85
2270.42
2598.57
2623.5
2632.62
2646.15
2665.38
2685.17
2701.4
2714.22
2724.79
2733.44
2740.27
2745.86
2751.44
2758.03
2765.39
2772.88
2780.34
2787.96
2795.71
2803.44
2811.09
2818.69
2826.28
2833.82
2841.3
2848.73
2856.05
2863.15
2870.02
2876.84
2883.74
2890.6
2897.13
2903.27
2909.26
2915.3
2921.39
2927.43
2933.34
2939.13
2944.8
2950.36
2955.8
2961.08
2966.19
2971.15
2975.99
2980.73
2985.36
2989.88
2994.25
2998.48
3002.56
3006.49
3010.28
3013.92
3017.41
3020.72
3023.87
3026.83
3029.6
3032.16
3034.51
3036.64
3038.53
3040.18
3041.57
3042.71
3043.58
3044.18
3044.51
3044.59
3044.38
3043.87
3043.1
3042.06
3040.77
3039.22
3037.43
3035.41
3033.17
3030.73
3028.09
3025.28
3022.31
3019.2
3015.96
3012.62
3009.18
3005.67
3002.09
2998.48
2994.81
2991.17
2987.49
2983.82
2980.2
2976.53
2972.98
2969.43
2965.93
2962.52
2959.15
2955.85
2952.65
2949.5
2946.44
2943.45
2940.55
2937.73
2934.99
2932.33
2929.75
2927.26
2924.86
2922.54
2920.3
2918.09
2915.78
2912.82
2256.18
2594.95
2621.46
2631.12
2645.19
2664.68
2684.43
2700.59
2713.36
2723.86
2732.42
2739.15
2744.72
2750.35
2757.02
2764.41
2771.9
2779.37
2787.03
2794.81
2802.56
2810.25
2817.89
2825.53
2833.11
2840.64
2848.11
2855.47
2862.6
2869.51
2876.36
2883.31
2890.18
2896.73
2902.9
2908.93
2915.01
2921.14
2927.21
2933.13
2938.93
2944.62
2950.2
2955.64
2960.91
2966.01
2970.96
2975.78
2980.5
2985.12
2989.6
2993.94
2998.12
3002.15
3006.02
3009.75
3013.32
3016.72
3019.95
3023
3025.86
3028.51
3030.96
3033.18
3035.17
3036.92
3038.42
3039.66
3040.63
3041.34
3041.76
3041.94
3041.85
3041.44
3040.76
3039.81
3038.6
3037.13
3035.41
3033.46
3031.28
3028.89
3026.29
3023.52
3020.58
3017.48
3014.25
3010.91
3007.46
3003.93
3000.34
2996.68
2993
2989.27
2985.56
2981.84
2978.1
2974.45
2970.75
2967.17
2963.61
2960.1
2956.67
2953.28
2949.96
2946.73
2943.57
2940.49
2937.5
2934.59
2931.77
2929.04
2926.39
2923.83
2921.35
2918.96
2916.65
2914.41
2912.2
2909.88
2906.89
2242.14
2591.38
2619.44
2629.65
2644.25
2663.97
2683.7
2699.78
2712.51
2722.95
2731.41
2738.07
2743.62
2749.31
2756.05
2763.46
2770.94
2778.44
2786.12
2793.93
2801.71
2809.43
2817.12
2824.79
2832.42
2839.98
2847.49
2854.89
2862.06
2869
2875.9
2882.87
2889.77
2896.33
2902.53
2908.6
2914.73
2920.89
2926.98
2932.92
2938.73
2944.44
2950.03
2955.47
2960.74
2965.82
2970.76
2975.57
2980.27
2984.86
2989.32
2993.61
2997.75
3001.73
3005.55
3009.21
3012.71
3016.03
3019.18
3022.13
3024.88
3027.43
3029.76
3031.86
3033.71
3035.32
3036.67
3037.76
3038.58
3039.12
3039.4
3039.41
3039.12
3038.55
3037.7
3036.58
3035.21
3033.57
3031.7
3029.59
3027.25
3024.71
3021.98
3019.07
3016
3012.79
3009.45
3006
3002.46
2998.83
2995.16
2991.42
2987.67
2983.88
2980.12
2976.35
2972.57
2968.88
2965.15
2961.53
2957.94
2954.39
2950.94
2947.54
2944.21
2940.99
2937.83
2934.76
2931.77
2928.86
2926.04
2923.3
2920.65
2918.08
2915.59
2913.2
2910.88
2908.65
2906.45
2904.17
2901.21
2228.41
2587.89
2617.46
2628.19
2643.32
2663.26
2682.96
2698.98
2711.67
2722.05
2730.43
2737.02
2742.56
2748.32
2755.12
2762.54
2770.02
2777.53
2785.25
2793.08
2800.89
2808.64
2816.36
2824.08
2831.74
2839.34
2846.89
2854.33
2861.53
2868.5
2875.43
2882.44
2889.35
2895.93
2902.16
2908.27
2914.45
2920.64
2926.75
2932.7
2938.53
2944.26
2949.85
2955.29
2960.55
2965.63
2970.55
2975.35
2980.04
2984.61
2989.03
2993.29
2997.38
3001.31
3005.08
3008.68
3012.11
3015.35
3018.41
3021.27
3023.92
3026.36
3028.57
3030.55
3032.27
3033.75
3034.96
3035.89
3036.56
3036.94
3037.07
3036.92
3036.45
3035.71
3034.7
3033.42
3031.88
3030.08
3028.05
3025.79
3023.31
3020.63
3017.76
3014.72
3011.53
3008.21
3004.76
3001.21
2997.58
2993.87
2990.12
2986.31
2982.51
2978.66
2974.83
2971.02
2967.19
2963.46
2959.71
2956.06
2952.46
2948.9
2945.43
2942.02
2938.67
2935.42
2932.25
2929.16
2926.15
2923.24
2920.41
2917.68
2915.03
2912.48
2910.01
2907.63
2905.33
2903.11
2900.91
2898.61
2895.65
2214.87
2584.44
2615.51
2626.75
2642.38
2662.54
2682.22
2698.19
2710.84
2721.17
2729.47
2735.99
2741.53
2747.36
2754.22
2761.65
2769.13
2776.66
2784.4
2792.25
2800.08
2807.86
2815.62
2823.38
2831.08
2838.72
2846.3
2853.77
2861.01
2868.01
2874.98
2882.01
2888.94
2895.53
2901.79
2907.94
2914.16
2920.39
2926.51
2932.49
2938.34
2944.07
2949.67
2955.11
2960.36
2965.42
2970.33
2975.12
2979.8
2984.34
2988.73
2992.96
2997.01
3000.9
3004.61
3008.14
3011.5
3014.67
3017.64
3020.41
3022.97
3025.3
3027.4
3029.25
3030.85
3032.19
3033.25
3034.05
3034.56
3034.8
3034.78
3034.45
3033.83
3032.93
3031.76
3030.32
3028.63
3026.68
3024.5
3022.09
3019.47
3016.66
3013.66
3010.51
3007.2
3003.77
3000.22
2996.58
2992.86
2989.07
2985.24
2981.36
2977.49
2973.59
2969.71
2965.87
2962
2958.24
2954.46
2950.76
2947.13
2943.55
2940.04
2936.63
2933.27
2930.02
2926.85
2923.77
2920.77
2917.86
2915.03
2912.29
2909.64
2907.07
2904.59
2902.2
2899.89
2897.65
2895.46
2893.17
2890.21
2201.64
2581.06
2613.58
2625.32
2641.44
2661.81
2681.47
2697.39
2710.01
2720.3
2728.53
2735
2740.55
2746.45
2753.36
2760.79
2768.26
2775.81
2783.57
2791.45
2799.3
2807.11
2814.9
2822.69
2830.43
2838.1
2845.72
2853.23
2860.49
2867.53
2874.52
2881.58
2888.53
2895.13
2901.42
2907.62
2913.88
2920.13
2926.28
2932.27
2938.14
2943.88
2949.49
2954.92
2960.16
2965.21
2970.11
2974.89
2979.55
2984.07
2988.44
2992.63
2996.64
3000.48
3004.13
3007.61
3010.9
3013.99
3016.88
3019.56
3022.02
3024.25
3026.24
3027.97
3029.45
3030.65
3031.58
3032.23
3032.6
3032.72
3032.54
3032.03
3031.26
3030.21
3028.88
3027.29
3025.44
3023.35
3021.02
3018.48
3015.72
3012.78
3009.66
3006.39
3002.98
2999.44
2995.8
2992.07
2988.27
2984.4
2980.51
2976.57
2972.65
2968.7
2964.76
2960.88
2956.96
2953.16
2949.36
2945.65
2942
2938.41
2934.9
2931.47
2928.1
2924.83
2921.63
2918.53
2915.51
2912.59
2909.76
2907.02
2904.37
2901.81
2899.35
2896.97
2894.67
2892.45
2890.27
2887.98
2885.04
2188.6
2577.72
2611.67
2623.9
2640.49
2661.06
2680.72
2696.6
2709.2
2719.44
2727.61
2734.04
2739.6
2745.57
2752.53
2759.96
2767.43
2774.99
2782.78
2790.67
2798.53
2806.37
2814.2
2822.02
2829.79
2837.5
2845.15
2852.69
2859.98
2867.05
2874.07
2881.15
2888.11
2894.74
2901.06
2907.3
2913.59
2919.87
2926.04
2932.05
2937.93
2943.69
2949.3
2954.72
2959.95
2964.99
2969.89
2974.66
2979.3
2983.8
2988.14
2992.29
2996.27
3000.06
3003.66
3007.08
3010.3
3013.32
3016.13
3018.72
3021.09
3023.21
3025.09
3026.71
3028.06
3029.14
3029.93
3030.44
3030.69
3030.66
3030.31
3029.67
3028.75
3027.55
3026.07
3024.34
3022.35
3020.11
3017.65
3014.97
3012.09
3009.03
3005.8
3002.41
2998.9
2995.26
2991.53
2987.72
2983.84
2979.9
2975.94
2971.94
2967.95
2963.96
2959.98
2956.07
2952.12
2948.29
2944.47
2940.72
2937.04
2933.42
2929.88
2926.43
2923.06
2919.79
2916.6
2913.51
2910.5
2907.58
2904.75
2902
2899.35
2896.78
2894.29
2891.9
2889.59
2887.35
2885.15
2882.85
2879.87
2175.88
2574.43
2609.77
2622.49
2639.54
2660.31
2679.96
2695.81
2708.39
2718.58
2726.7
2733.1
2738.69
2744.72
2751.73
2759.16
2766.62
2774.19
2782
2789.91
2797.79
2805.65
2813.51
2821.37
2829.17
2836.91
2844.6
2852.16
2859.48
2866.57
2873.63
2880.73
2887.7
2894.34
2900.69
2906.97
2913.3
2919.62
2925.8
2931.84
2937.73
2943.5
2949.1
2954.51
2959.73
2964.77
2969.66
2974.42
2979.04
2983.52
2987.83
2991.96
2995.89
2999.64
3003.19
3006.55
3009.71
3012.66
3015.39
3017.89
3020.16
3022.19
3023.96
3025.46
3026.7
3027.65
3028.32
3028.7
3028.82
3028.65
3028.14
3027.36
3026.29
3024.95
3023.33
3021.46
3019.33
3016.96
3014.36
3011.55
3008.55
3005.37
3002.03
2998.55
2994.93
2991.21
2987.39
2983.5
2979.55
2975.54
2971.53
2967.47
2963.45
2959.41
2955.38
2951.42
2947.44
2943.57
2939.73
2935.96
2932.28
2928.66
2925.11
2921.65
2918.27
2914.97
2911.76
2908.64
2905.62
2902.68
2899.84
2897.09
2894.44
2891.88
2889.41
2887.03
2884.74
2882.52
2880.34
2878.07
2875.14
2163.35
2571.19
2607.9
2621.09
2638.58
2659.54
2679.2
2695.03
2707.58
2717.74
2725.81
2732.18
2737.8
2743.9
2750.95
2758.39
2765.84
2773.43
2781.25
2789.17
2797.07
2804.95
2812.84
2820.73
2828.56
2836.33
2844.05
2851.65
2858.99
2866.11
2873.19
2880.31
2887.3
2893.95
2900.33
2906.65
2913.02
2919.36
2925.57
2931.62
2937.53
2943.3
2948.9
2954.3
2959.51
2964.54
2969.42
2974.17
2978.79
2983.25
2987.53
2991.62
2995.52
2999.22
3002.72
3006.02
3009.12
3011.99
3014.65
3017.07
3019.25
3021.18
3022.84
3024.24
3025.36
3026.19
3026.73
3027
3026.99
3026.65
3026.02
3025.1
3023.9
3022.42
3020.67
3018.66
3016.39
3013.9
3011.18
3008.25
3005.14
3001.85
2998.41
2994.82
2991.11
2987.3
2983.41
2979.44
2975.43
2971.36
2967.29
2963.17
2959.09
2955.02
2950.94
2946.97
2942.97
2939.07
2935.21
2931.41
2927.69
2924.05
2920.47
2917
2913.61
2910.31
2907.11
2904
2900.99
2898.06
2895.22
2892.47
2889.81
2887.23
2884.75
2882.35
2880.04
2877.8
2875.59
2873.29
2870.3
2151.12
2567.98
2606.06
2619.69
2637.62
2658.77
2678.43
2694.24
2706.78
2716.91
2724.94
2731.29
2736.95
2743.12
2750.21
2757.64
2765.09
2772.68
2780.52
2788.45
2796.36
2804.27
2812.19
2820.11
2827.96
2835.76
2843.51
2851.13
2858.5
2865.65
2872.75
2879.89
2886.89
2893.56
2899.97
2906.33
2912.73
2919.1
2925.33
2931.4
2937.32
2943.09
2948.68
2954.08
2959.28
2964.31
2969.18
2973.93
2978.53
2982.96
2987.22
2991.28
2995.14
2998.8
3002.26
3005.5
3008.53
3011.34
3013.92
3016.26
3018.35
3020.18
3021.75
3023.04
3024.04
3024.76
3025.18
3025.34
3025.2
3024.72
3023.95
3022.91
3021.57
3019.96
3018.07
3015.93
3013.54
3010.92
3008.08
3005.05
3001.82
2998.43
2994.88
2991.21
2987.42
2983.53
2979.56
2975.52
2971.45
2967.31
2963.2
2959.05
2954.92
2950.82
2946.7
2942.69
2938.65
2934.72
2930.84
2927.03
2923.31
2919.66
2916.09
2912.61
2909.21
2905.9
2902.67
2899.54
2896.5
2893.55
2890.7
2887.95
2885.29
2882.73
2880.25
2877.87
2875.57
2873.34
2871.16
2868.89
2865.96
2139.07
2564.81
2604.23
2618.31
2636.66
2657.99
2677.65
2693.45
2705.98
2716.08
2724.08
2730.43
2736.12
2742.36
2749.48
2756.91
2764.36
2771.96
2779.81
2787.75
2795.67
2803.61
2811.55
2819.5
2827.38
2835.2
2842.98
2850.63
2858.02
2865.19
2872.32
2879.47
2886.49
2893.18
2899.61
2906.01
2912.45
2918.85
2925.1
2931.18
2937.11
2942.88
2948.47
2953.86
2959.05
2964.07
2968.94
2973.68
2978.26
2982.68
2986.91
2990.94
2994.77
2998.39
3001.79
3004.98
3007.95
3010.7
3013.2
3015.46
3017.46
3019.2
3020.67
3021.85
3022.75
3023.35
3023.66
3023.71
3023.43
3022.83
3021.94
3020.76
3019.3
3017.56
3015.55
3013.29
3010.79
3008.05
3005.1
3001.95
2998.63
2995.14
2991.51
2987.75
2983.87
2979.91
2975.87
2971.77
2967.64
2963.46
2959.29
2955.09
2950.91
2946.78
2942.63
2938.59
2934.55
2930.6
2926.71
2922.88
2919.12
2915.44
2911.85
2908.35
2904.94
2901.63
2898.42
2895.3
2892.27
2889.34
2886.49
2883.74
2881.07
2878.49
2876
2873.6
2871.29
2869.04
2866.83
2864.53
2861.54
2127.32
2561.67
2602.43
2616.94
2635.71
2657.21
2676.87
2692.67
2705.19
2715.27
2723.24
2729.58
2735.32
2741.63
2748.79
2756.21
2763.65
2771.26
2779.12
2787.07
2795.01
2802.96
2810.93
2818.9
2826.8
2834.66
2842.46
2850.14
2857.55
2864.74
2871.89
2879.06
2886.09
2892.79
2899.26
2905.69
2912.17
2918.59
2924.86
2930.96
2936.9
2942.66
2948.25
2953.63
2958.82
2963.83
2968.7
2973.42
2978
2982.4
2986.6
2990.61
2994.4
2997.97
3001.33
3004.47
3007.38
3010.06
3012.49
3014.67
3016.59
3018.24
3019.61
3020.7
3021.49
3021.98
3022.2
3022.13
3021.71
3020.99
3019.99
3018.69
3017.1
3015.24
3013.11
3010.73
3008.11
3005.27
3002.21
2998.96
2995.54
2991.96
2988.24
2984.4
2980.46
2976.43
2972.33
2968.16
2963.98
2959.74
2955.53
2951.3
2947.09
2942.94
2938.76
2934.69
2930.61
2926.63
2922.72
2918.88
2915.12
2911.46
2907.87
2904.37
2900.95
2897.63
2894.39
2891.25
2888.2
2885.25
2882.39
2879.63
2876.97
2874.4
2871.92
2869.53
2867.23
2865
2862.81
2860.54
2857.58
2115.76
2558.57
2600.65
2615.58
2634.75
2656.42
2676.1
2691.88
2704.4
2714.47
2722.42
2728.76
2734.55
2740.92
2748.11
2755.53
2762.96
2770.59
2778.45
2786.4
2794.35
2802.32
2810.32
2818.31
2826.24
2834.12
2841.95
2849.65
2857.09
2864.3
2871.46
2878.65
2885.69
2892.41
2898.91
2905.38
2911.89
2918.34
2924.63
2930.74
2936.68
2942.44
2948.02
2953.4
2958.58
2963.59
2968.45
2973.17
2977.73
2982.11
2986.3
2990.27
2994.03
2997.56
3000.88
3003.96
3006.82
3009.43
3011.79
3013.9
3015.74
3017.3
3018.58
3019.56
3020.26
3020.65
3020.76
3020.57
3020.03
3019.21
3018.08
3016.67
3014.97
3012.99
3010.75
3008.26
3005.54
3002.59
2999.43
2996.09
2992.58
2988.92
2985.12
2981.21
2977.19
2973.09
2968.93
2964.72
2960.49
2956.22
2951.96
2947.7
2943.44
2939.26
2935.05
2930.97
2926.89
2922.91
2918.98
2915.12
2911.34
2907.65
2904.03
2900.52
2897.1
2893.77
2890.55
2887.43
2884.4
2881.46
2878.61
2875.85
2873.19
2870.61
2868.12
2865.72
2863.41
2861.17
2858.97
2856.68
2853.7
2104.47
2555.5
2598.89
2614.24
2633.8
2655.63
2675.32
2691.1
2703.62
2713.67
2721.61
2727.96
2733.8
2740.24
2747.45
2754.86
2762.3
2769.93
2777.8
2785.76
2793.72
2801.71
2809.73
2817.74
2825.69
2833.59
2841.45
2849.18
2856.63
2863.86
2871.04
2878.24
2885.29
2892.03
2898.56
2905.07
2911.61
2918.08
2924.39
2930.51
2936.45
2942.22
2947.79
2953.16
2958.34
2963.35
2968.21
2972.91
2977.46
2981.82
2985.99
2989.93
2993.66
2997.16
3000.43
3003.46
3006.26
3008.81
3011.11
3013.14
3014.9
3016.38
3017.57
3018.46
3019.05
3019.36
3019.37
3019.05
3018.41
3017.48
3016.24
3014.71
3012.9
3010.82
3008.47
3005.88
3003.05
3000
2996.76
2993.33
2989.73
2985.99
2982.12
2978.13
2974.06
2969.91
2965.7
2961.43
2957.16
2952.84
2948.55
2944.27
2939.99
2935.79
2931.56
2927.45
2923.35
2919.33
2915.39
2911.53
2907.75
2904.07
2900.47
2896.96
2893.54
2890.21
2886.97
2883.82
2880.77
2877.81
2874.96
2872.2
2869.53
2866.97
2864.49
2862.1
2859.8
2857.58
2855.39
2853.11
2850.15
2093.37
2552.46
2597.16
2612.93
2632.86
2654.84
2674.54
2690.32
2702.85
2712.89
2720.81
2727.18
2733.08
2739.57
2746.82
2754.22
2761.65
2769.29
2777.17
2785.13
2793.1
2801.11
2809.15
2817.18
2825.15
2833.08
2840.96
2848.71
2856.18
2863.42
2870.62
2877.84
2884.89
2891.65
2898.21
2904.76
2911.33
2917.83
2924.16
2930.28
2936.23
2941.99
2947.55
2952.92
2958.1
2963.11
2967.96
2972.65
2977.19
2981.54
2985.68
2989.6
2993.29
2996.75
2999.98
3002.97
3005.71
3008.2
3010.43
3012.39
3014.07
3015.47
3016.58
3017.38
3017.88
3018.1
3018.01
3017.57
3016.83
3015.79
3014.46
3012.82
3010.91
3008.72
3006.27
3003.58
3000.66
2997.52
2994.19
2990.68
2987.01
2983.2
2979.26
2975.22
2971.09
2966.87
2962.62
2958.31
2954
2949.66
2945.33
2941.03
2936.7
2932.48
2928.24
2924.11
2920.02
2916.01
2912.06
2908.19
2904.39
2900.69
2897.07
2893.54
2890.12
2886.79
2883.57
2880.44
2877.41
2874.47
2871.63
2868.88
2866.22
2863.64
2861.16
2858.76
2856.45
2854.22
2852.03
2849.75
2846.79
2082.54
2549.44
2595.45
2611.62
2631.93
2654.05
2673.77
2689.55
2702.08
2712.12
2720.04
2726.43
2732.37
2738.93
2746.2
2753.6
2761.03
2768.67
2776.56
2784.52
2792.5
2800.52
2808.58
2816.63
2824.62
2832.57
2840.48
2848.24
2855.73
2862.99
2870.21
2877.43
2884.5
2891.28
2897.87
2904.45
2911.06
2917.58
2923.92
2930.05
2936
2941.75
2947.31
2952.68
2957.85
2962.86
2967.7
2972.39
2976.92
2981.25
2985.37
2989.27
2992.93
2996.35
2999.53
3002.48
3005.17
3007.6
3009.76
3011.66
3013.27
3014.59
3015.61
3016.33
3016.74
3016.88
3016.69
3016.15
3015.31
3014.17
3012.73
3011
3008.98
3006.7
3004.16
3001.37
2998.36
2995.14
2991.73
2988.15
2984.41
2980.53
2976.53
2972.42
2968.25
2963.99
2959.7
2955.35
2951.01
2946.63
2942.27
2937.96
2933.62
2929.39
2925.14
2921
2916.88
2912.84
2908.88
2905.01
2901.23
2897.54
2893.94
2890.43
2887.01
2883.68
2880.44
2877.29
2874.25
2871.3
2868.45
2865.69
2863.04
2860.47
2858
2855.62
2853.33
2851.1
2848.92
2846.64
2843.68
2071.88
2546.46
2593.76
2610.34
2631.01
2653.27
2672.99
2688.78
2701.32
2711.35
2719.27
2725.69
2731.69
2738.31
2745.6
2753
2760.42
2768.07
2775.96
2783.92
2791.91
2799.94
2808.02
2816.09
2824.1
2832.07
2840
2847.78
2855.29
2862.56
2869.8
2877.03
2884.11
2890.91
2897.54
2904.15
2910.78
2917.32
2923.67
2929.82
2935.76
2941.51
2947.07
2952.43
2957.61
2962.61
2967.45
2972.13
2976.64
2980.96
2985.06
2988.93
2992.56
2995.95
2999.1
3001.99
3004.63
3007.01
3009.11
3010.94
3012.48
3013.73
3014.67
3015.31
3015.65
3015.69
3015.4
3014.77
3013.84
3012.6
3011.07
3009.24
3007.13
3004.76
3002.13
2999.26
2996.17
2992.88
2989.39
2985.74
2981.93
2977.99
2973.94
2969.8
2965.57
2961.27
2956.94
2952.56
2948.19
2943.8
2939.42
2935.09
2930.72
2926.47
2922.21
2918.06
2913.95
2909.93
2905.98
2902.11
2898.31
2894.6
2890.98
2887.46
2884.04
2880.72
2877.5
2874.38
2871.36
2868.43
2865.6
2862.85
2860.2
2857.64
2855.16
2852.77
2850.47
2848.25
2846.06
2843.8
2840.85
2061.49
2543.51
2592.1
2609.07
2630.09
2652.49
2672.22
2688.02
2700.56
2710.6
2718.52
2724.97
2731.03
2737.71
2745.02
2752.41
2759.83
2767.49
2775.38
2783.34
2791.33
2799.38
2807.48
2815.57
2823.59
2831.58
2839.53
2847.33
2854.85
2862.14
2869.39
2876.63
2883.72
2890.55
2897.2
2903.85
2910.51
2917.07
2923.43
2929.58
2935.52
2941.27
2946.83
2952.19
2957.36
2962.36
2967.2
2971.87
2976.37
2980.67
2984.76
2988.6
2992.2
2995.56
2998.66
3001.51
3004.1
3006.42
3008.47
3010.24
3011.71
3012.89
3013.76
3014.32
3014.59
3014.55
3014.15
3013.44
3012.42
3011.09
3009.47
3007.55
3005.36
3002.9
3000.18
2997.24
2994.07
2990.71
2987.16
2983.44
2979.58
2975.59
2971.49
2967.29
2963.03
2958.7
2954.35
2949.94
2945.54
2941.13
2936.72
2932.39
2928.03
2923.78
2919.52
2915.36
2911.23
2907.2
2903.23
2899.36
2895.58
2891.9
2888.31
2884.81
2881.4
2878.08
2874.85
2871.72
2868.69
2865.75
2862.92
2860.18
2857.53
2854.98
2852.53
2850.16
2847.88
2845.67
2843.49
2841.24
2838.3
2051.27
2540.59
2590.47
2607.83
2629.19
2651.71
2671.46
2687.26
2699.82
2709.86
2717.79
2724.26
2730.39
2737.13
2744.45
2751.84
2759.26
2766.92
2774.81
2782.77
2790.77
2798.84
2806.95
2815.05
2823.09
2831.1
2839.07
2846.89
2854.42
2861.72
2868.98
2876.24
2883.34
2890.18
2896.87
2903.55
2910.24
2916.81
2923.18
2929.33
2935.28
2941.03
2946.58
2951.94
2957.11
2962.11
2966.94
2971.61
2976.1
2980.39
2984.45
2988.27
2991.85
2995.17
2998.23
3001.04
3003.58
3005.85
3007.85
3009.55
3010.96
3012.07
3012.87
3013.36
3013.55
3013.43
3012.94
3012.15
3011.05
3009.63
3007.92
3005.93
3003.65
3001.12
2998.33
2995.32
2992.08
2988.66
2985.05
2981.28
2977.36
2973.33
2969.19
2964.96
2960.67
2956.3
2951.92
2947.49
2943.08
2938.67
2934.25
2929.9
2925.52
2921.25
2916.99
2912.84
2908.73
2904.72
2900.77
2896.91
2893.12
2889.43
2885.82
2882.32
2878.91
2875.61
2872.41
2869.3
2866.3
2863.39
2860.57
2857.85
2855.21
2852.67
2850.21
2847.85
2845.56
2843.36
2841.19
2838.95
2836.01
2041.32
2537.7
2588.85
2606.61
2628.3
2650.94
2670.7
2686.51
2699.08
2709.13
2717.07
2723.58
2729.77
2736.56
2743.9
2751.29
2758.71
2766.37
2774.26
2782.22
2790.23
2798.3
2806.43
2814.54
2822.6
2830.62
2838.61
2846.45
2854
2861.31
2868.58
2875.85
2882.96
2889.83
2896.55
2903.26
2909.96
2916.55
2922.93
2929.09
2935.04
2940.78
2946.34
2951.69
2956.86
2961.86
2966.68
2971.34
2975.82
2980.1
2984.14
2987.94
2991.49
2994.78
2997.81
3000.58
3003.07
3005.3
3007.24
3008.89
3010.24
3011.28
3012.02
3012.43
3012.56
3012.35
3011.78
3010.91
3009.73
3008.24
3006.45
3004.38
3002.03
2999.42
2996.57
2993.49
2990.2
2986.71
2983.05
2979.23
2975.28
2971.2
2967.02
2962.76
2958.44
2954.06
2949.67
2945.23
2940.79
2936.37
2931.93
2927.59
2923.23
2918.97
2914.72
2910.56
2906.45
2902.43
2898.47
2894.62
2890.86
2887.19
2883.62
2880.14
2876.75
2873.46
2870.26
2867.15
2864.14
2861.23
2858.42
2855.7
2853.08
2850.56
2848.12
2845.78
2843.52
2841.34
2839.19
2836.99
2834.09
2031.54
2534.85
2587.27
2605.4
2627.41
2650.18
2669.95
2685.77
2698.35
2708.41
2716.36
2722.91
2729.16
2736.01
2743.37
2750.75
2758.17
2765.84
2773.72
2781.68
2789.69
2797.78
2805.92
2814.05
2822.12
2830.16
2838.17
2846.02
2853.58
2860.9
2868.18
2875.46
2882.58
2889.47
2896.22
2902.96
2909.69
2916.29
2922.68
2928.84
2934.79
2940.54
2946.09
2951.45
2956.61
2961.6
2966.42
2971.07
2975.55
2979.81
2983.84
2987.62
2991.14
2994.4
2997.39
3000.12
3002.57
3004.75
3006.64
3008.24
3009.53
3010.52
3011.19
3011.54
3011.59
3011.3
3010.67
3009.72
3008.47
3006.9
3005.04
3002.9
3000.49
2997.82
2994.9
2991.76
2988.42
2984.88
2981.18
2977.31
2973.32
2969.21
2965.01
2960.73
2956.39
2951.98
2947.57
2943.12
2938.68
2934.28
2929.84
2925.5
2921.13
2916.86
2912.62
2908.47
2904.38
2900.39
2896.46
2892.63
2888.87
2885.2
2881.63
2878.15
2874.77
2871.5
2868.32
2865.25
2862.27
2859.39
2856.6
2853.9
2851.3
2848.78
2846.35
2844.01
2841.74
2839.57
2837.41
2835.23
2832.26
2022.03
2532.03
2585.7
2604.21
2626.55
2649.42
2669.21
2685.03
2697.63
2707.7
2715.67
2722.25
2728.57
2735.47
2742.85
2750.22
2757.65
2765.32
2773.2
2781.16
2789.17
2797.27
2805.42
2813.56
2821.64
2829.7
2837.73
2845.6
2853.16
2860.5
2867.79
2875.07
2882.21
2889.12
2895.9
2902.67
2909.42
2916.03
2922.43
2928.59
2934.54
2940.29
2945.84
2951.2
2956.36
2961.34
2966.16
2970.81
2975.27
2979.52
2983.54
2987.29
2990.79
2994.02
2996.98
2999.67
3002.08
3004.22
3006.06
3007.61
3008.85
3009.78
3010.38
3010.68
3010.67
3010.3
3009.6
3008.59
3007.26
3005.63
3003.71
3001.5
2999.02
2996.29
2993.32
2990.14
2986.74
2983.16
2979.41
2975.52
2971.5
2967.37
2963.14
2958.83
2954.48
2950.07
2945.66
2941.22
2936.77
2932.36
2927.92
2923.58
2919.24
2914.99
2910.77
2906.64
2902.55
2898.56
2894.64
2890.82
2887.09
2883.45
2879.91
2876.47
2873.12
2869.86
2866.69
2863.62
2860.65
2857.78
2855
2852.32
2849.73
2847.24
2844.83
2842.52
2840.27
2838.15
2836
2833.9
2830.96
2012.66
2529.25
2584.16
2603.05
2625.69
2648.68
2668.47
2684.31
2696.92
2707
2714.99
2721.62
2728
2734.95
2742.34
2749.71
2757.14
2764.81
2772.69
2780.64
2788.66
2796.77
2804.94
2813.09
2821.18
2829.25
2837.3
2845.18
2852.75
2860.1
2867.39
2874.69
2881.84
2888.78
2895.59
2902.38
2909.14
2915.77
2922.17
2928.34
2934.29
2940.04
2945.59
2950.95
2956.11
2961.09
2965.9
2970.54
2974.99
2979.23
2983.23
2986.97
2990.44
2993.64
2996.57
2999.23
3001.6
3003.7
3005.5
3007
3008.19
3009.06
3009.6
3009.85
3009.78
3009.33
3008.57
3007.5
3006.11
3004.42
3002.44
3000.17
2997.64
2994.86
2991.85
2988.61
2985.18
2981.56
2977.79
2973.87
2969.82
2965.66
2961.43
2957.11
2952.76
2948.34
2943.91
2939.47
2935.03
2930.64
2926.22
2921.9
2917.56
2913.31
2909.1
2904.99
2900.94
2896.98
2893.09
2889.3
2885.58
2881.96
2878.43
2874.99
2871.66
2868.43
2865.29
2862.26
2859.32
2856.48
2853.73
2851.07
2848.5
2846.03
2843.63
2841.34
2839.1
2836.99
2834.85
2832.79
2829.79
2003.59
2526.51
2582.64
2601.9
2624.85
2647.94
2667.75
2683.59
2696.22
2706.32
2714.33
2721
2727.44
2734.44
2741.85
2749.22
2756.64
2764.32
2772.19
2780.14
2788.17
2796.29
2804.46
2812.62
2820.72
2828.81
2836.87
2844.76
2852.35
2859.7
2867
2874.31
2881.48
2888.44
2895.27
2902.09
2908.87
2915.5
2921.92
2928.09
2934.05
2939.79
2945.34
2950.69
2955.85
2960.83
2965.63
2970.27
2974.72
2978.95
2982.93
2986.65
2990.1
2993.27
2996.17
2998.79
3001.14
3003.19
3004.95
3006.41
3007.55
3008.37
3008.86
3009.05
3008.92
3008.41
3007.6
3006.47
3005.02
3003.28
3001.24
2998.93
2996.35
2993.52
2990.46
2987.19
2983.73
2980.08
2976.28
2972.33
2968.28
2964.11
2959.86
2955.53
2951.18
2946.77
2942.35
2937.93
2933.49
2929.11
2924.7
2920.38
2916.08
2911.87
2907.69
2903.6
2899.56
2895.62
2891.75
2887.97
2884.29
2880.71
2877.22
2873.82
2870.52
2867.31
2864.2
2861.18
2858.26
2855.44
2852.7
2850.07
2847.52
2845.08
2842.7
2840.45
2838.23
2836.16
2834.05
2832.05
2829.1
1994.65
2523.8
2581.15
2600.77
2624.02
2647.22
2667.03
2682.89
2695.53
2705.64
2713.68
2720.39
2726.9
2733.95
2741.37
2748.73
2756.16
2763.84
2771.71
2779.66
2787.68
2795.81
2803.99
2812.16
2820.27
2828.38
2836.45
2844.35
2851.94
2859.3
2866.62
2873.93
2881.12
2888.1
2894.96
2901.8
2908.59
2915.24
2921.66
2927.84
2933.8
2939.54
2945.09
2950.44
2955.59
2960.56
2965.37
2970
2974.44
2978.66
2982.63
2986.33
2989.76
2992.91
2995.78
2998.37
3000.68
3002.7
3004.42
3005.84
3006.93
3007.7
3008.15
3008.29
3008.09
3007.53
3006.67
3005.49
3003.99
3002.2
3000.12
2997.76
2995.14
2992.28
2989.18
2985.88
2982.39
2978.72
2974.9
2970.94
2966.87
2962.69
2958.45
2954.13
2949.78
2945.38
2940.96
2936.56
2932.13
2927.78
2923.4
2919.11
2914.83
2910.63
2906.47
2902.41
2898.41
2894.51
2890.68
2886.94
2883.28
2879.72
2876.25
2872.88
2869.61
2866.43
2863.35
2860.37
2857.48
2854.7
2851.99
2849.39
2846.86
2844.45
2842.09
2839.85
2837.65
2835.6
2833.5
2831.54
2828.53
1986
2521.13
2579.67
2599.66
2623.21
2646.5
2666.33
2682.19
2694.85
2704.98
2713.04
2719.8
2726.37
2733.46
2740.9
2748.26
2755.69
2763.37
2771.23
2779.18
2787.21
2795.34
2803.53
2811.71
2819.83
2827.95
2836.04
2843.95
2851.55
2858.91
2866.23
2873.56
2880.76
2887.77
2894.65
2901.51
2908.31
2914.97
2921.4
2927.59
2933.54
2939.29
2944.83
2950.18
2955.33
2960.3
2965.1
2969.73
2974.17
2978.38
2982.33
2986.02
2989.42
2992.55
2995.39
2997.96
3000.24
3002.23
3003.91
3005.28
3006.34
3007.06
3007.46
3007.56
3007.31
3006.71
3005.8
3004.57
3003.03
3001.19
2999.07
2996.67
2994.02
2991.12
2988
2984.67
2981.16
2977.48
2973.64
2969.68
2965.61
2961.43
2957.2
2952.87
2948.53
2944.15
2939.76
2935.38
2930.98
2926.64
2922.28
2918.02
2913.77
2909.62
2905.5
2901.48
2897.51
2893.63
2889.83
2886.12
2882.51
2878.99
2875.56
2872.23
2868.99
2865.85
2862.8
2859.85
2856.99
2854.23
2851.55
2848.98
2846.48
2844.09
2841.77
2839.56
2837.39
2835.35
2833.3
2831.38
2828.4
1977.49
2518.51
2578.21
2598.57
2622.4
2645.8
2665.63
2681.51
2694.18
2704.33
2712.41
2719.22
2725.85
2732.99
2740.44
2747.8
2755.23
2762.91
2770.77
2778.71
2786.75
2794.88
2803.08
2811.26
2819.4
2827.53
2835.63
2843.55
2851.15
2858.52
2865.85
2873.19
2880.41
2887.43
2894.34
2901.22
2908.04
2914.7
2921.14
2927.33
2933.29
2939.04
2944.58
2949.92
2955.07
2960.03
2964.83
2969.46
2973.89
2978.09
2982.03
2985.7
2989.09
2992.19
2995.01
2997.55
2999.81
3001.77
3003.42
3004.75
3005.76
3006.45
3006.81
3006.86
3006.56
3005.92
3004.97
3003.7
3002.12
3000.25
2998.09
2995.66
2992.98
2990.06
2986.92
2983.58
2980.05
2976.35
2972.52
2968.56
2964.49
2960.31
2956.09
2951.79
2947.47
2943.11
2938.73
2934.38
2930
2925.7
2921.39
2917.16
2912.95
2908.82
2904.74
2900.75
2896.82
2892.99
2889.24
2885.58
2882
2878.52
2875.13
2871.83
2868.63
2865.52
2862.51
2859.6
2856.76
2854.03
2851.37
2848.82
2846.34
2843.97
2841.66
2839.47
2837.32
2835.3
2833.27
2831.4
2828.4
1969.26
2515.91
2576.77
2597.49
2621.62
2645.11
2664.95
2680.83
2693.53
2703.69
2711.8
2718.65
2725.35
2732.54
2740
2747.36
2754.79
2762.46
2770.32
2778.26
2786.29
2794.44
2802.64
2810.83
2818.97
2827.12
2835.23
2843.16
2850.76
2858.14
2865.48
2872.83
2880.06
2887.11
2894.03
2900.92
2907.76
2914.44
2920.89
2927.08
2933.04
2938.78
2944.32
2949.66
2954.81
2959.77
2964.56
2969.19
2973.61
2977.81
2981.74
2985.39
2988.76
2991.84
2994.64
2997.16
2999.39
3001.32
3002.94
3004.24
3005.22
3005.87
3006.19
3006.2
3005.86
3005.18
3004.2
3002.89
3001.29
2999.38
2997.19
2994.74
2992.04
2989.09
2985.94
2982.58
2979.05
2975.36
2971.52
2967.56
2963.5
2959.35
2955.14
2950.86
2946.55
2942.23
2937.88
2933.57
2929.24
2924.97
2920.69
2916.49
2912.33
2908.25
2904.22
2900.28
2896.39
2892.6
2888.89
2885.27
2881.73
2878.29
2874.93
2871.67
2868.49
2865.42
2862.43
2859.56
2856.78
2854.11
2851.52
2849.04
2846.63
2844.32
2842.08
2839.94
2837.85
2835.87
2833.9
2832.1
2829.12
1961.16
2513.36
2575.35
2596.43
2620.84
2644.43
2664.28
2680.17
2692.88
2703.06
2711.2
2718.1
2724.86
2732.09
2739.56
2746.92
2754.35
2762.03
2769.88
2777.81
2785.85
2794
2802.21
2810.4
2818.56
2826.71
2834.84
2842.77
2850.38
2857.75
2865.1
2872.46
2879.72
2886.78
2893.73
2900.64
2907.48
2914.17
2920.63
2926.83
2932.78
2938.53
2944.06
2949.4
2954.54
2959.5
2964.29
2968.91
2973.34
2977.52
2981.44
2985.08
2988.43
2991.5
2994.28
2996.78
2998.98
3000.89
3002.48
3003.75
3004.69
3005.31
3005.61
3005.59
3005.2
3004.49
3003.48
3002.14
3000.51
2998.58
2996.37
2993.9
2991.17
2988.22
2985.06
2981.7
2978.17
2974.48
2970.66
2966.71
2962.67
2958.53
2954.35
2950.1
2945.83
2941.54
2937.23
2932.95
2928.65
2924.42
2920.2
2916.06
2911.94
2907.9
2903.91
2900.01
2896.18
2892.43
2888.75
2885.16
2881.66
2878.27
2874.98
2871.8
2868.71
2865.72
2862.81
2859.99
2857.24
2854.59
2852.02
2849.55
2847.15
2844.85
2842.63
2840.5
2838.43
2836.47
2834.53
2832.79
2829.81
1953.33
2510.84
2573.94
2595.38
2620.09
2643.76
2663.62
2679.52
2692.24
2702.44
2710.61
2717.56
2724.38
2731.65
2739.14
2746.5
2753.93
2761.6
2769.45
2777.38
2785.42
2793.57
2801.79
2809.99
2818.15
2826.31
2834.45
2842.39
2849.99
2857.38
2864.73
2872.11
2879.37
2886.46
2893.42
2900.35
2907.21
2913.91
2920.37
2926.57
2932.53
2938.27
2943.8
2949.13
2954.27
2959.23
2964.02
2968.64
2973.06
2977.24
2981.15
2984.77
2988.11
2991.16
2993.93
2996.41
2998.59
3000.47
3002.04
3003.28
3004.2
3004.78
3005.06
3005
3004.58
3003.86
3002.81
3001.46
2999.8
2997.85
2995.62
2993.14
2990.41
2987.45
2984.28
2980.93
2977.41
2973.73
2969.92
2965.98
2961.97
2957.87
2953.72
2949.51
2945.26
2941.01
2936.75
2932.52
2928.28
2924.09
2919.92
2915.81
2911.75
2907.75
2903.8
2899.94
2896.15
2892.48
2888.89
2885.4
2881.99
2878.67
2875.41
2872.25
2869.18
2866.21
2863.33
2860.55
2857.86
2855.27
2852.77
2850.36
2848.03
2845.79
2843.62
2841.55
2839.53
2837.61
2835.72
2834.06
2831.1
1945.63
2508.35
2572.56
2594.36
2619.34
2643.1
2662.97
2678.88
2691.62
2701.84
2710.03
2717.03
2723.91
2731.23
2738.72
2746.08
2753.51
2761.19
2769.03
2776.95
2784.99
2793.15
2801.37
2809.57
2817.74
2825.92
2834.06
2842.01
2849.61
2857
2864.37
2871.75
2879.03
2886.13
2893.12
2900.06
2906.93
2913.64
2920.11
2926.31
2932.27
2938.01
2943.54
2948.87
2954
2958.96
2963.75
2968.37
2972.79
2976.96
2980.85
2984.47
2987.79
2990.83
2993.58
2996.05
2998.21
3000.07
3001.62
3002.83
3003.73
3004.29
3004.54
3004.46
3004.01
3003.27
3002.2
3000.82
2999.15
2997.19
2994.96
2992.46
2989.73
2986.77
2983.62
2980.27
2976.76
2973.09
2969.32
2965.42
2961.43
2957.36
2953.23
2949.07
2944.88
2940.68
2936.46
2932.27
2928.08
2923.93
2919.8
2915.74
2911.73
2907.81
2903.97
2900.21
2896.5
2892.87
2889.31
2885.85
2882.47
2879.19
2876
2872.92
2869.93
2867.03
2864.21
2861.49
2858.85
2856.3
2853.84
2851.46
2849.17
2846.96
2844.83
2842.79
2840.82
2838.94
2837.09
2835.5
2832.58
1938.2
2505.89
2571.18
2593.34
2618.61
2642.46
2662.33
2678.25
2691.01
2701.24
2709.47
2716.52
2723.46
2730.81
2738.32
2745.67
2753.11
2760.78
2768.62
2776.54
2784.58
2792.74
2800.96
2809.17
2817.35
2825.53
2833.68
2841.63
2849.24
2856.63
2864
2871.4
2878.7
2885.81
2892.81
2899.77
2906.65
2913.37
2919.85
2926.06
2932.01
2937.75
2943.27
2948.6
2953.73
2958.68
2963.48
2968.1
2972.51
2976.68
2980.56
2984.17
2987.48
2990.51
2993.25
2995.7
2997.85
2999.69
3001.21
3002.41
3003.28
3003.82
3004.05
3003.95
3003.49
3002.73
3001.65
3000.26
2998.57
2996.6
2994.36
2991.87
2989.14
2986.19
2983.05
2979.71
2976.23
2972.6
2968.84
2964.97
2961.02
2957
2952.93
2948.81
2944.66
2940.51
2936.33
2932.18
2928.04
2923.97
2919.94
2915.99
2912.05
2908.18
2904.37
2900.63
2896.98
2893.42
2889.95
2886.57
2883.27
2880.05
2876.93
2873.89
2870.95
2868.1
2865.33
2862.67
2860.08
2857.6
2855.19
2852.87
2850.64
2848.48
2846.41
2844.41
2842.48
2840.64
2838.83
2837.31
2834.4
1930.88
2503.47
2569.82
2592.35
2617.89
2641.82
2661.7
2677.63
2690.4
2700.66
2708.92
2716.02
2723.01
2730.4
2737.92
2745.28
2752.72
2760.39
2768.21
2776.13
2784.17
2792.33
2800.56
2808.77
2816.95
2825.15
2833.31
2841.26
2848.87
2856.26
2863.64
2871.05
2878.36
2885.5
2892.51
2899.48
2906.38
2913.11
2919.59
2925.8
2931.75
2937.48
2943
2948.32
2953.45
2958.41
2963.21
2967.83
2972.24
2976.4
2980.28
2983.87
2987.17
2990.19
2992.92
2995.36
2997.5
2999.32
3000.83
3002.01
3002.87
3003.39
3003.61
3003.48
3003.01
3002.23
3001.14
2999.75
2998.06
2996.08
2993.85
2991.36
2988.64
2985.71
2982.59
2979.29
2975.82
2972.22
2968.51
2964.68
2960.78
2956.8
2952.76
2948.69
2944.58
2940.48
2936.38
2932.34
2928.29
2924.29
2920.29
2916.37
2912.49
2908.7
2904.98
2901.33
2897.76
2894.26
2890.85
2887.52
2884.28
2881.14
2878.08
2875.12
2872.24
2869.46
2866.76
2864.15
2861.63
2859.2
2856.85
2854.58
2852.4
2850.29
2848.27
2846.32
2844.44
2842.64
2840.88
2839.45
2836.58
1923.82
2501.07
2568.47
2591.36
2617.19
2641.2
2661.09
2677.02
2689.81
2700.09
2708.37
2715.53
2722.58
2730.01
2737.53
2744.89
2752.33
2760
2767.82
2775.73
2783.77
2791.94
2800.17
2808.38
2816.57
2824.77
2832.94
2840.89
2848.5
2855.89
2863.28
2870.71
2878.03
2885.18
2892.21
2899.2
2906.11
2912.84
2919.33
2925.53
2931.49
2937.21
2942.73
2948.05
2953.18
2958.14
2962.94
2967.56
2971.97
2976.12
2979.99
2983.58
2986.87
2989.88
2992.61
2995.03
2997.16
2998.97
3000.46
3001.63
3002.48
3002.99
3003.19
3003.05
3002.57
3001.79
3000.7
2999.3
2997.61
2995.64
2993.41
2990.94
2988.24
2985.33
2982.23
2978.95
2975.54
2971.98
2968.3
2964.52
2960.66
2956.72
2952.73
2948.74
2944.73
2940.72
2936.68
2932.67
2928.67
2924.74
2920.84
2917
2913.21
2909.49
2905.82
2902.25
2898.74
2895.32
2891.98
2888.74
2885.57
2882.5
2879.51
2876.61
2873.8
2871.08
2868.45
2865.91
2863.45
2861.08
2858.79
2856.58
2854.46
2852.41
2850.44
2848.55
2846.73
2844.98
2843.27
2841.93
2839.1
1916.88
2498.7
2567.13
2590.4
2616.5
2640.59
2660.48
2676.43
2689.23
2699.52
2707.84
2715.04
2722.15
2729.62
2737.15
2744.51
2751.95
2759.62
2767.43
2775.34
2783.38
2791.55
2799.78
2808
2816.19
2824.4
2832.57
2840.52
2848.13
2855.53
2862.93
2870.36
2877.7
2884.87
2891.92
2898.91
2905.83
2912.57
2919.06
2925.27
2931.22
2936.94
2942.46
2947.77
2952.9
2957.87
2962.67
2967.29
2971.7
2975.84
2979.71
2983.29
2986.58
2989.58
2992.3
2994.72
2996.83
2998.64
3000.12
3001.28
3002.11
3002.62
3002.82
3002.67
3002.18
3001.4
3000.3
2998.91
2997.22
2995.27
2993.06
2990.61
2987.93
2985.05
2981.99
2978.76
2975.37
2971.85
2968.21
2964.47
2960.67
2956.83
2952.94
2949
2945.03
2941.07
2937.11
2933.19
2929.28
2925.43
2921.59
2917.83
2914.11
2910.47
2906.89
2903.4
2899.97
2896.63
2893.37
2890.19
2887.1
2884.1
2881.19
2878.37
2875.63
2872.98
2870.42
2867.94
2865.55
2863.24
2861.01
2858.87
2856.8
2854.82
2852.9
2851.06
2849.3
2847.6
2845.94
2844.69
2841.91
1910.18
2496.36
2565.81
2589.45
2615.82
2639.98
2659.88
2675.84
2688.66
2698.97
2707.32
2714.57
2721.74
2729.24
2736.78
2744.14
2751.59
2759.25
2767.06
2774.96
2783
2791.17
2799.4
2807.62
2815.81
2824.03
2832.21
2840.16
2847.77
2855.17
2862.58
2870.02
2877.37
2884.55
2891.62
2898.63
2905.56
2912.31
2918.8
2925
2930.95
2936.67
2942.18
2947.5
2952.63
2957.59
2962.4
2967.03
2971.43
2975.57
2979.43
2983.01
2986.29
2989.29
2992
2994.42
2996.52
2998.32
2999.8
3000.95
3001.78
3002.27
3002.47
3002.32
3001.83
3001.06
2999.97
2998.58
2996.91
2994.97
2992.78
2990.36
2987.72
2984.88
2981.85
2978.65
2975.31
2971.83
2968.27
2964.63
2960.9
2957.1
2953.25
2949.39
2945.51
2941.64
2937.76
2933.91
2930.08
2926.3
2922.55
2918.87
2915.24
2911.68
2908.19
2904.77
2901.43
2898.17
2894.99
2891.89
2888.88
2885.96
2883.12
2880.37
2877.71
2875.13
2872.64
2870.23
2867.91
2865.66
2863.5
2861.42
2859.42
2857.49
2855.63
2853.84
2852.14
2850.53
2848.91
2847.71
2844.96
2564.5
2588.51
2615.15
2639.39
2659.3
2675.27
2688.1
2698.43
2706.81
2714.11
2721.33
2728.86
2736.42
2743.78
2751.23
2758.89
2766.69
2774.59
2782.62
2790.79
2799.02
2807.24
2815.44
2823.67
2831.85
2839.8
2847.41
2854.81
2862.23
2869.69
2877.05
2884.24
2891.32
2898.35
2905.28
2912.04
2918.53
2924.73
2930.68
2936.39
2941.91
2947.22
2952.35
2957.32
2962.13
2966.76
2971.16
2975.3
2979.16
2982.73
2986.01
2989.01
2991.72
2994.13
2996.23
2998.02
2999.49
3000.65
3001.47
3001.97
3002.16
3002.01
3001.53
3000.76
2999.68
2998.31
2996.66
2994.75
2992.59
2990.2
2987.59
2984.79
2981.8
2978.65
2975.39
2972
2968.49
2964.89
2961.22
2957.5
2953.75
2949.96
2946.16
2942.36
2938.56
2934.8
2931.06
2927.37
2923.71
2920.12
2916.57
2913.1
2909.69
2906.37
2903.11
2899.93
2896.84
2893.83
2890.9
2888.06
2885.3
2882.63
2880.04
2877.54
2875.12
2872.78
2870.53
2868.35
2866.26
2864.24
2862.3
2860.43
2858.63
2856.91
2855.25
2853.75
2852.15
2851
2848.29
2978.88
2982.45
2985.74
2988.73
2991.44
2993.85
2995.95
2997.74
2999.21
3000.36
3001.19
3001.68
3001.88
3001.74
3001.27
3000.52
2999.46
2998.11
2996.48
2994.6
2992.48
2990.12
2987.55
2984.79
2981.88
2978.81
2975.6
2972.25
2968.82
2965.3
2961.72
2958.08
2954.4
2950.7
2946.98
2943.27
2939.57
2935.89
2932.24
2928.63
2925.07
2921.57
2918.11
2914.73
2911.42
2908.18
2905.01
2901.92
2898.91
2895.99
2893.14
2890.39
2887.71
2885.12
2882.61
2880.18
2877.84
2875.57
2873.39
2871.28
2869.26
2867.3
2865.42
2863.62
2861.88
2860.22
2858.62
2857.18
2855.64
2854.54
2851.89
2985.47
2988.47
2991.17
2993.58
2995.68
2997.47
2998.95
3000.1
3000.94
3001.44
3001.65
3001.51
3001.06
3000.32
2999.28
2997.96
2996.37
2994.53
2992.43
2990.12
2987.63
2984.94
2982.08
2979.05
2975.91
2972.65
2969.29
2965.85
2962.34
2958.79
2955.2
2951.58
2947.96
2944.34
2940.73
2937.15
2933.59
2930.08
2926.61
2923.21
2919.85
2916.57
2913.34
2910.2
2907.12
2904.12
2901.2
2898.37
2895.61
2892.94
2890.34
2887.84
2885.41
2883.06
2880.79
2878.6
2876.49
2874.45
2872.5
2870.61
2868.79
2867.05
2865.37
2863.77
2862.23
2860.85
2859.37
2858.34
2855.74
2990.91
2993.32
2995.42
2997.22
2998.7
2999.87
3000.71
3001.21
3001.44
3001.31
3000.89
3000.18
2999.17
2997.88
2996.32
2994.51
2992.49
2990.25
2987.8
2985.16
2982.37
2979.43
2976.36
2973.17
2969.9
2966.54
2963.12
2959.66
2956.16
2952.64
2949.11
2945.59
2942.07
2938.59
2935.13
2931.72
2928.35
2925.04
2921.79
2918.6
2915.47
2912.42
2909.44
2906.54
2903.71
2900.96
2898.29
2895.7
2893.2
2890.77
2888.42
2886.15
2883.96
2881.84
2879.81
2877.84
2875.95
2874.13
2872.38
2870.7
2869.09
2867.54
2866.06
2864.74
2863.32
2862.36
2859.83
2866.57
2864.09
)
;

boundaryField
{
    inlet
    {
        type            fixedValue;
        value           uniform 2790;
    }
    obstacle
    {
        type            zeroGradient;
    }
    bottom
    {
        type            symmetry;
    }
    outlet
    {
        type            zeroGradient;
    }
    top
    {
        type            symmetry;
    }
    defaultFaces
    {
        type            empty;
    }
    procBoundary7to1
    {
        type            processor;
        value           nonuniform List<scalar> 
126
(
1903.6
2494.04
2494.04
2563.19
2587.58
2614.49
2638.81
2658.73
2674.7
2687.55
2697.9
2706.32
2713.66
2720.93
2728.5
2736.06
2743.43
2750.87
2758.53
2766.33
2774.22
2782.26
2790.42
2798.66
2806.88
2815.08
2823.31
2831.5
2839.44
2847.05
2854.46
2861.89
2869.35
2876.73
2883.94
2891.03
2898.07
2905.01
2911.77
2918.26
2924.46
2930.4
2936.12
2941.63
2946.94
2952.08
2957.05
2961.87
2966.5
2970.89
2975.03
2975.03
2978.62
2982.19
2982.19
2985.21
2988.21
2988.21
2990.66
2993.07
2995.18
2996.99
2998.48
2999.65
3000.51
3001.02
3001.27
3001.16
3000.77
3000.09
2999.11
2997.85
2996.35
2994.61
2992.63
2990.43
2988.05
2985.49
2982.77
2979.9
2976.91
2973.81
2970.62
2967.36
2964.03
2960.66
2957.26
2953.84
2950.41
2946.99
2943.58
2940.2
2936.84
2933.54
2930.27
2927.06
2923.91
2920.82
2917.79
2914.84
2911.95
2909.15
2906.41
2903.76
2901.18
2898.68
2896.26
2893.91
2891.65
2889.46
2887.34
2885.31
2883.34
2881.45
2879.63
2877.87
2876.19
2874.57
2873.02
2871.52
2870.09
2868.83
2867.47
2867.47
2870.99
2868.57
)
;
    }
    procBoundary7to6
    {
        type            processor;
        value           nonuniform List<scalar> 
153
(
2790
2790
2790
2790
2790
2790
2790
2790
2790
2790
2790
2790.03
2790.85
2797.74
2817.47
2839.56
2850.08
2852.69
2852.3
2852.15
2855.17
2861.88
2866.37
2867.52
2867.57
2867.82
2869.52
2870.33
2871.32
2872.48
2873.7
2874.92
2874.92
2877.53
2878.6
2878.6
2881.33
2882.27
2882.27
2885.28
2886.06
2886.06
2888.44
2890.97
2893.69
2896.58
2899.62
2902.78
2906.02
2909.32
2912.76
2916.58
2921.03
2926.2
2931.78
2937.27
2942.36
2947.1
2951.76
2956.56
2961.58
2966.83
2972.31
2978.02
2983.92
2990.03
2996.36
3002.93
3009.74
3016.76
3023.95
3031.3
3038.8
3047.56
3048.54
3049.42
3050.19
3050.88
3051.46
3051.96
3052.37
3052.7
3052.95
3053.12
3053.23
3053.27
3053.23
3053.13
3052.95
3052.73
3052.73
3059.35
3066.06
3072.88
3079.78
3086.77
3093.83
3100.96
3108.14
3115.36
3122.61
3129.87
3137.13
3144.35
3151.54
3158.65
3165.68
3172.59
3179.35
3185.93
3192.31
3198.46
3204.34
3209.93
3215.2
3220.12
3224.68
3228.84
3232.6
3235.94
3238.85
3241.32
3243.35
3244.95
3246.11
3246.84
3247.2
3247.19
3246.74
3235.78
3235.78
3234.54
3232.98
3231.22
3229.21
3227
3224.65
3222.06
3219.45
3216.71
3203.15
3203.15
3200.32
3197.4
3194.49
3191.58
3188.66
3185.76
3182.9
3180.08
3177.26
3174.28
3170.35
)
;
    }
}


// ************************************************************************* //
