/*--------------------------------*- C++ -*----------------------------------*\
| =========                 |                                                 |
| \\      /  F ield         | OpenFOAM: The Open Source CFD Toolbox           |
|  \\    /   O peration     | Version:  2412                                  |
|   \\  /    A nd           | Website:  www.openfoam.com                      |
|    \\/     M anipulation  |                                                 |
\*---------------------------------------------------------------------------*/
FoamFile
{
    version     2.0;
    format      ascii;
    arch        "LSB;label=32;scalar=64";
    class       volScalarField;
    location    "0.06";
    object      p;
}
// * * * * * * * * * * * * * * * * * * * * * * * * * * * * * * * * * * * * * //

dimensions      [1 -1 -2 0 0 0 0];

internalField   nonuniform List<scalar> 
9831
(
1587.47
2490.24
1583.3
2488.53
2597.11
2593.64
2597.63
2604.7
2611.65
2618.38
2625.61
2633.29
2641.36
2649.77
2658.33
2666.71
2674.53
2681.55
2687.79
2693.38
2698.41
2702.99
2707.36
2711.85
2716.61
2721.53
2726.45
2731.44
2736.74
2742.58
2749.07
2756.26
2764.1
2772.46
2781.18
2790.07
2798.95
2807.69
2816.17
2824.34
2832.19
2839.7
2846.9
2853.8
2860.41
2866.74
2872.78
2878.51
2883.9
2888.96
2893.71
2898.17
1578.27
2486.86
2595.96
2592.59
2596.84
2604.1
2611.12
2617.89
2625.15
2632.85
2640.94
2649.37
2657.96
2666.35
2674.19
2681.23
2687.49
2693.09
2698.13
2702.73
2707.12
2711.62
2716.4
2721.32
2726.25
2731.26
2736.6
2742.48
2749.04
2756.3
2764.21
2772.64
2781.41
2790.34
2799.25
2807.99
2816.47
2824.64
2832.47
2839.97
2847.16
2854.05
2860.65
2866.98
2873
2878.71
2884.08
2889.13
2893.87
2898.32
2902.49
2906.35
1574.34
2485.2
2594.81
2591.56
2596.08
2603.53
2610.61
2617.41
2624.69
2632.42
2640.53
2648.98
2657.59
2666.01
2673.86
2680.92
2687.19
2692.8
2697.86
2702.47
2706.87
2711.4
2716.18
2721.12
2726.06
2731.09
2736.46
2742.39
2749.01
2756.34
2764.33
2772.83
2781.65
2790.62
2799.54
2808.29
2816.77
2824.93
2832.75
2840.24
2847.42
2854.3
2860.89
2867.21
2873.22
2878.91
2884.26
2889.3
2894.03
2898.48
2902.64
2906.5
2910.03
2913.23
1569.68
2483.57
2593.65
2590.55
2595.35
2602.98
2610.11
2616.95
2624.26
2632
2640.13
2648.6
2657.23
2665.66
2673.54
2680.61
2686.89
2692.52
2697.6
2702.22
2706.64
2711.17
2715.98
2720.92
2725.87
2730.92
2736.32
2742.31
2748.99
2756.4
2764.45
2773.02
2781.9
2790.89
2799.83
2808.59
2817.06
2825.21
2833.03
2840.51
2847.67
2854.55
2861.13
2867.44
2873.44
2879.11
2884.45
2889.47
2894.2
2898.65
2902.8
2906.65
2910.18
2913.38
2916.28
2918.87
2921.14
2923.06
2924.63
2925.81
2926.65
2927.16
2927.27
2927.04
2926.54
2925.75
2924.68
2923.34
2921.74
2919.9
2917.83
2915.55
2913.06
2910.4
2907.58
2904.62
2901.53
2898.34
2895.05
2891.7
2888.29
2884.85
2881.37
2877.88
2874.39
2870.91
2867.44
2864.01
2860.61
2857.26
2853.95
2850.71
2847.52
2844.4
2841.35
2838.37
2835.46
2832.64
2829.89
2827.21
2824.62
2822.11
2819.68
2817.32
2815.05
2812.85
2810.73
2808.69
2806.72
2804.82
2803
2801.24
2799.55
2797.93
2796.38
2794.88
2793.44
2792.21
2790.85
1566.02
2481.94
2592.49
2589.56
2594.65
2602.46
2609.64
2616.5
2623.83
2631.6
2639.74
2648.23
2656.87
2665.33
2673.22
2680.3
2686.6
2692.25
2697.34
2701.97
2706.4
2710.95
2715.77
2720.72
2725.69
2730.76
2736.19
2742.23
2748.97
2756.46
2764.59
2773.22
2782.14
2791.17
2800.13
2808.89
2817.36
2825.5
2833.3
2840.77
2847.93
2854.79
2861.37
2867.67
2873.65
2879.3
2884.63
2889.64
2894.37
2898.81
2902.97
2906.81
2910.34
2913.55
2916.46
2919.06
2921.34
2923.26
2924.82
2926.02
2926.86
2927.38
2927.53
2927.35
2926.9
2926.17
2925.16
2923.88
2922.35
2920.58
2918.57
2916.36
2913.96
2911.38
2908.64
2905.77
2902.77
2899.68
2896.5
2893.25
2889.95
2886.61
2883.24
2879.87
2876.49
2873.13
2869.77
2866.46
2863.17
2859.94
2856.74
2853.61
2850.54
2847.53
2844.58
2841.71
2838.91
2836.19
2833.54
2830.96
2828.47
2826.05
2823.71
2821.44
2819.26
2817.14
2815.11
2813.14
2811.25
2809.43
2807.68
2805.99
2804.37
2802.81
2801.33
2799.89
2798.51
2797.34
2796.04
2795.25
2792.76
1561.7
2480.33
2591.33
2588.6
2593.98
2601.95
2609.18
2616.07
2623.42
2631.2
2639.36
2647.86
2656.53
2665
2672.9
2680
2686.32
2691.98
2697.08
2701.73
2706.17
2710.73
2715.56
2720.53
2725.51
2730.6
2736.07
2742.15
2748.97
2756.52
2764.73
2773.42
2782.39
2791.45
2800.42
2809.18
2817.65
2825.78
2833.58
2841.04
2848.18
2855.04
2861.61
2867.89
2873.86
2879.5
2884.81
2889.82
2894.54
2898.99
2903.14
2906.98
2910.51
2913.73
2916.65
2919.27
2921.55
2923.48
2925.04
2926.24
2927.1
2927.65
2927.85
2927.71
2927.33
2926.66
2925.71
2924.5
2923.04
2921.33
2919.4
2917.27
2914.95
2912.45
2909.81
2907.03
2904.13
2901.14
2898.07
2894.94
2891.75
2888.53
2885.27
2882.02
2878.76
2875.51
2872.28
2869.09
2865.92
2862.8
2859.72
2856.71
2853.74
2850.85
2848.01
2845.25
2842.56
2839.93
2837.39
2834.91
2832.51
2830.19
2827.94
2825.77
2823.67
2821.64
2819.68
2817.8
2815.98
2814.23
2812.55
2810.93
2809.38
2807.89
2806.47
2805.09
2803.76
2802.68
2801.42
2800.7
2798.28
1558.27
2478.74
2590.17
2587.66
2593.33
2601.46
2608.73
2615.65
2623.03
2630.82
2638.99
2647.51
2656.18
2664.67
2672.59
2679.7
2686.03
2691.71
2696.82
2701.48
2705.94
2710.52
2715.36
2720.34
2725.33
2730.44
2735.95
2742.08
2748.97
2756.59
2764.87
2773.63
2782.64
2791.73
2800.71
2809.48
2817.94
2826.07
2833.85
2841.3
2848.44
2855.28
2861.85
2868.12
2874.07
2879.69
2884.99
2889.99
2894.72
2899.16
2903.31
2907.16
2910.69
2913.92
2916.86
2919.49
2921.78
2923.7
2925.27
2926.49
2927.38
2927.96
2928.21
2928.14
2927.82
2927.21
2926.32
2925.18
2923.79
2922.15
2920.3
2918.25
2916.01
2913.61
2911.06
2908.39
2905.6
2902.72
2899.76
2896.74
2893.67
2890.57
2887.44
2884.31
2881.17
2878.05
2874.95
2871.87
2868.83
2865.83
2862.88
2859.98
2857.13
2854.35
2851.63
2848.98
2846.39
2843.88
2841.43
2839.06
2836.76
2834.53
2832.38
2830.29
2828.28
2826.33
2824.46
2822.65
2820.91
2819.24
2817.63
2816.08
2814.6
2813.17
2811.81
2810.5
2809.22
2808.23
2807
2806.34
2803.99
1554.26
2477.15
2588.99
2586.74
2592.7
2600.98
2608.3
2615.25
2622.64
2630.44
2638.63
2647.16
2655.85
2664.35
2672.28
2679.41
2685.75
2691.44
2696.57
2701.24
2705.71
2710.31
2715.16
2720.15
2725.15
2730.28
2735.83
2742.02
2748.97
2756.67
2765.02
2773.84
2782.9
2792.01
2801.01
2809.77
2818.23
2826.35
2834.12
2841.56
2848.69
2855.53
2862.08
2868.34
2874.27
2879.88
2885.17
2890.17
2894.9
2899.34
2903.5
2907.34
2910.88
2914.13
2917.08
2919.72
2922.01
2923.94
2925.52
2926.76
2927.69
2928.31
2928.63
2928.63
2928.36
2927.82
2927
2925.93
2924.6
2923.05
2921.28
2919.31
2917.17
2914.87
2912.43
2909.86
2907.19
2904.43
2901.59
2898.69
2895.75
2892.78
2889.78
2886.77
2883.76
2880.77
2877.79
2874.84
2871.92
2869.05
2866.22
2863.44
2860.71
2858.05
2855.44
2852.9
2850.42
2848.01
2845.67
2843.4
2841.2
2839.06
2837
2835
2833.08
2831.22
2829.42
2827.69
2826.03
2824.43
2822.89
2821.41
2819.99
2818.62
2817.32
2816.07
2814.85
2813.9
2812.71
2812.11
2809.81
1551.04
2475.57
2587.82
2585.84
2592.1
2600.52
2607.88
2614.86
2622.27
2630.08
2638.28
2646.81
2655.52
2664.04
2671.98
2679.12
2685.48
2691.18
2696.32
2701
2705.49
2710.1
2714.97
2719.96
2724.98
2730.13
2735.72
2741.96
2748.98
2756.76
2765.18
2774.05
2783.15
2792.29
2801.3
2810.06
2818.52
2826.62
2834.38
2841.81
2848.94
2855.77
2862.32
2868.56
2874.48
2880.07
2885.35
2890.35
2895.08
2899.53
2903.68
2907.53
2911.08
2914.35
2917.31
2919.96
2922.26
2924.2
2925.79
2927.07
2928.04
2928.71
2929.1
2929.17
2928.95
2928.47
2927.73
2926.72
2925.48
2924
2922.32
2920.45
2918.41
2916.22
2913.89
2911.44
2908.88
2906.25
2903.53
2900.77
2897.95
2895.11
2892.24
2889.37
2886.49
2883.63
2880.78
2877.96
2875.17
2872.43
2869.72
2867.06
2864.46
2861.91
2859.42
2856.99
2854.63
2852.32
2850.09
2847.92
2845.81
2843.78
2841.8
2839.9
2838.06
2836.28
2834.57
2832.92
2831.33
2829.8
2828.33
2826.91
2825.56
2824.25
2823.01
2821.85
2820.66
2819.75
2818.61
2818.09
2815.84
1547.35
2473.99
2586.63
2584.96
2591.53
2600.08
2607.48
2614.48
2621.91
2629.73
2637.93
2646.48
2655.2
2663.73
2671.68
2678.83
2685.2
2690.92
2696.07
2700.77
2705.27
2709.89
2714.77
2719.78
2724.8
2729.99
2735.61
2741.91
2749
2756.85
2765.34
2774.27
2783.41
2792.57
2801.59
2810.36
2818.8
2826.9
2834.65
2842.07
2849.19
2856.01
2862.55
2868.78
2874.68
2880.26
2885.54
2890.54
2895.27
2899.72
2903.87
2907.73
2911.29
2914.57
2917.56
2920.21
2922.52
2924.47
2926.09
2927.41
2928.43
2929.16
2929.62
2929.75
2929.6
2929.19
2928.51
2927.58
2926.42
2925.03
2923.45
2921.68
2919.75
2917.67
2915.46
2913.14
2910.71
2908.2
2905.62
2902.99
2900.31
2897.6
2894.87
2892.13
2889.39
2886.66
2883.94
2881.26
2878.6
2875.98
2873.4
2870.86
2868.38
2865.95
2863.58
2861.26
2859
2856.81
2854.68
2852.61
2850.6
2848.66
2846.78
2844.96
2843.2
2841.51
2839.88
2838.3
2836.79
2835.33
2833.92
2832.58
2831.28
2830.04
2828.85
2827.77
2826.63
2825.75
2824.66
2824.21
2822.01
1544.33
2472.42
2585.44
2584.1
2590.97
2599.65
2607.09
2614.11
2621.55
2629.38
2637.59
2646.15
2654.88
2663.42
2671.39
2678.55
2684.93
2690.66
2695.83
2700.54
2705.05
2709.69
2714.58
2719.6
2724.64
2729.84
2735.5
2741.86
2749.02
2756.95
2765.51
2774.5
2783.68
2792.86
2801.88
2810.65
2819.09
2827.17
2834.91
2842.33
2849.43
2856.25
2862.78
2868.99
2874.88
2880.45
2885.72
2890.72
2895.45
2899.91
2904.06
2907.93
2911.51
2914.81
2917.81
2920.47
2922.79
2924.76
2926.42
2927.79
2928.86
2929.65
2930.17
2930.37
2930.28
2929.94
2929.33
2928.49
2927.41
2926.12
2924.64
2922.99
2921.17
2919.21
2917.13
2914.93
2912.64
2910.27
2907.82
2905.32
2902.78
2900.21
2897.62
2895.02
2892.41
2889.82
2887.24
2884.69
2882.16
2879.67
2877.22
2874.81
2872.45
2870.14
2867.88
2865.68
2863.54
2861.45
2859.42
2857.45
2855.55
2853.7
2851.91
2850.18
2848.51
2846.9
2845.34
2843.85
2842.4
2841.02
2839.68
2838.4
2837.16
2835.98
2834.85
2833.84
2832.74
2831.9
2830.88
2830.48
2828.34
1540.92
2470.84
2584.24
2583.27
2590.44
2599.23
2606.71
2613.76
2621.21
2629.05
2637.26
2645.83
2654.57
2663.12
2671.1
2678.27
2684.67
2690.41
2695.59
2700.31
2704.83
2709.49
2714.39
2719.42
2724.47
2729.7
2735.41
2741.82
2749.05
2757.06
2765.68
2774.72
2783.94
2793.14
2802.18
2810.94
2819.37
2827.45
2835.18
2842.58
2849.68
2856.49
2863
2869.2
2875.08
2880.64
2885.91
2890.91
2895.65
2900.1
2904.26
2908.14
2911.74
2915.06
2918.06
2920.74
2923.07
2925.07
2926.78
2928.2
2929.33
2930.18
2930.76
2931.04
2931.03
2930.74
2930.21
2929.46
2928.48
2927.3
2925.93
2924.39
2922.7
2920.87
2918.91
2916.85
2914.69
2912.46
2910.15
2907.8
2905.39
2902.97
2900.51
2898.05
2895.59
2893.14
2890.69
2888.27
2885.88
2883.52
2881.19
2878.91
2876.67
2874.48
2872.34
2870.26
2868.22
2866.24
2864.32
2862.45
2860.64
2858.89
2857.19
2855.55
2853.96
2852.43
2850.96
2849.54
2848.17
2846.85
2845.58
2844.36
2843.19
2842.07
2840.99
2840.04
2838.99
2838.18
2837.22
2836.88
2834.79
1538.11
2469.28
2583.04
2582.45
2589.93
2598.83
2606.35
2613.42
2620.88
2628.72
2636.94
2645.51
2654.27
2662.83
2670.81
2677.99
2684.4
2690.16
2695.35
2700.08
2704.62
2709.29
2714.2
2719.24
2724.31
2729.56
2735.31
2741.79
2749.09
2757.17
2765.86
2774.95
2784.21
2793.43
2802.47
2811.23
2819.65
2827.72
2835.44
2842.83
2849.92
2856.72
2863.23
2869.41
2875.27
2880.82
2886.09
2891.1
2895.84
2900.3
2904.47
2908.36
2911.98
2915.31
2918.33
2921.02
2923.37
2925.41
2927.16
2928.64
2929.84
2930.75
2931.38
2931.73
2931.8
2931.58
2931.14
2930.48
2929.6
2928.53
2927.28
2925.87
2924.3
2922.6
2920.78
2918.86
2916.84
2914.75
2912.58
2910.37
2908.11
2905.82
2903.51
2901.2
2898.88
2896.56
2894.26
2891.98
2889.72
2887.49
2885.3
2883.15
2881.03
2878.96
2876.94
2874.97
2873.05
2871.18
2869.36
2867.6
2865.88
2864.23
2862.62
2861.07
2859.57
2858.12
2856.72
2855.38
2854.08
2852.83
2851.63
2850.47
2849.37
2848.3
2847.27
2846.39
2845.39
2844.62
2843.72
2843.44
2841.4
1534.93
2467.7
2581.82
2581.66
2589.45
2598.44
2605.99
2613.09
2620.56
2628.4
2636.62
2645.2
2653.97
2662.54
2670.53
2677.72
2684.14
2689.91
2695.12
2699.86
2704.4
2709.09
2714.02
2719.06
2724.15
2729.43
2735.22
2741.76
2749.13
2757.28
2766.04
2775.19
2784.47
2793.71
2802.76
2811.52
2819.93
2827.99
2835.7
2843.08
2850.17
2856.96
2863.45
2869.62
2875.47
2881.01
2886.28
2891.29
2896.03
2900.5
2904.68
2908.58
2912.22
2915.57
2918.6
2921.31
2923.69
2925.77
2927.58
2929.12
2930.37
2931.34
2932.04
2932.47
2932.61
2932.47
2932.13
2931.57
2930.81
2929.85
2928.73
2927.44
2926.01
2924.45
2922.76
2920.98
2919.1
2917.15
2915.13
2913.06
2910.95
2908.81
2906.65
2904.48
2902.3
2900.13
2897.97
2895.83
2893.71
2891.61
2889.55
2887.53
2885.54
2883.59
2881.69
2879.83
2878.02
2876.26
2874.55
2872.89
2871.27
2869.71
2868.2
2866.74
2865.32
2863.95
2862.64
2861.37
2860.14
2858.96
2857.83
2856.74
2855.69
2854.68
2853.71
2852.89
2851.94
2851.21
2850.38
2850.15
2848.16
1532.32
2466.14
2580.6
2580.89
2588.98
2598.07
2605.65
2612.76
2620.25
2628.09
2636.32
2644.9
2653.67
2662.25
2670.26
2677.45
2683.89
2689.67
2694.88
2699.63
2704.19
2708.89
2713.83
2718.89
2723.99
2729.3
2735.13
2741.73
2749.18
2757.4
2766.23
2775.42
2784.74
2794
2803.05
2811.8
2820.21
2828.26
2835.95
2843.33
2850.41
2857.19
2863.67
2869.82
2875.66
2881.2
2886.47
2891.48
2896.23
2900.7
2904.89
2908.82
2912.47
2915.84
2918.89
2921.61
2924.02
2926.16
2928.02
2929.62
2930.93
2931.96
2932.72
2933.22
2933.45
2933.41
2933.16
2932.71
2932.07
2931.24
2930.24
2929.08
2927.78
2926.36
2924.82
2923.17
2921.44
2919.64
2917.77
2915.85
2913.88
2911.89
2909.88
2907.86
2905.83
2903.81
2901.79
2899.79
2897.81
2895.86
2893.93
2892.04
2890.18
2888.36
2886.58
2884.84
2883.15
2881.5
2879.89
2878.33
2876.82
2875.36
2873.94
2872.56
2871.23
2869.95
2868.71
2867.52
2866.37
2865.26
2864.19
2863.16
2862.18
2861.23
2860.31
2859.55
2858.65
2857.97
2857.18
2857.01
2855.06
1529.38
2464.55
2579.37
2580.14
2588.54
2597.7
2605.32
2612.45
2619.94
2627.78
2636.01
2644.6
2653.38
2661.97
2669.98
2677.19
2683.64
2689.43
2694.65
2699.41
2703.99
2708.7
2713.65
2718.72
2723.83
2729.17
2735.05
2741.71
2749.23
2757.53
2766.42
2775.66
2785.01
2794.28
2803.34
2812.09
2820.49
2828.52
2836.21
2843.58
2850.65
2857.42
2863.88
2870.02
2875.85
2881.39
2886.66
2891.68
2896.43
2900.9
2905.11
2909.05
2912.73
2916.11
2919.18
2921.92
2924.38
2926.56
2928.49
2930.15
2931.52
2932.61
2933.44
2934.02
2934.35
2934.41
2934.26
2933.93
2933.4
2932.7
2931.83
2930.81
2929.65
2928.36
2926.96
2925.47
2923.88
2922.23
2920.51
2918.75
2916.94
2915.1
2913.24
2911.37
2909.5
2907.62
2905.75
2903.9
2902.06
2900.25
2898.46
2896.7
2894.97
2893.28
2891.62
2890
2888.42
2886.88
2885.39
2883.93
2882.52
2881.15
2879.83
2878.54
2877.3
2876.1
2874.95
2873.83
2872.75
2871.71
2870.72
2869.75
2868.83
2867.94
2867.08
2866.38
2865.53
2864.9
2864.16
2864.01
2862.16
1526.96
2462.99
2578.13
2579.41
2588.12
2597.35
2605
2612.15
2619.65
2627.49
2635.72
2644.31
2653.09
2661.69
2669.71
2676.93
2683.38
2689.19
2694.42
2699.2
2703.78
2708.51
2713.47
2718.55
2723.68
2729.05
2734.98
2741.7
2749.29
2757.66
2766.62
2775.91
2785.29
2794.57
2803.63
2812.37
2820.76
2828.79
2836.47
2843.83
2850.89
2857.65
2864.1
2870.22
2876.04
2881.57
2886.85
2891.87
2896.63
2901.11
2905.33
2909.3
2912.99
2916.39
2919.47
2922.25
2924.75
2926.99
2928.98
2930.7
2932.13
2933.29
2934.19
2934.84
2935.27
2935.45
2935.41
2935.19
2934.79
2934.21
2933.48
2932.59
2931.57
2930.42
2929.17
2927.82
2926.39
2924.89
2923.33
2921.73
2920.08
2918.4
2916.7
2914.99
2913.27
2911.55
2909.83
2908.13
2906.44
2904.77
2903.12
2901.5
2899.9
2898.34
2896.81
2895.31
2893.85
2892.43
2891.04
2889.69
2888.39
2887.12
2885.89
2884.69
2883.54
2882.43
2881.35
2880.31
2879.31
2878.34
2877.41
2876.51
2875.66
2874.82
2874.02
2873.37
2872.57
2871.99
2871.29
2871.16
2869.41
1524.27
2461.41
2576.88
2578.71
2587.72
2597.01
2604.69
2611.86
2619.36
2627.2
2635.43
2644.02
2652.81
2661.42
2669.44
2676.67
2683.14
2688.95
2694.2
2698.98
2703.58
2708.32
2713.29
2718.38
2723.53
2728.93
2734.9
2741.69
2749.36
2757.8
2766.82
2776.15
2785.56
2794.86
2803.92
2812.66
2821.03
2829.05
2836.72
2844.07
2851.12
2857.87
2864.31
2870.42
2876.23
2881.76
2887.04
2892.07
2896.83
2901.32
2905.56
2909.54
2913.26
2916.67
2919.78
2922.59
2925.14
2927.44
2929.49
2931.26
2932.76
2933.99
2934.97
2935.72
2936.24
2936.55
2936.63
2936.52
2936.25
2935.8
2935.2
2934.45
2933.57
2932.57
2931.47
2930.28
2929.01
2927.67
2926.28
2924.83
2923.35
2921.84
2920.3
2918.75
2917.19
2915.63
2914.06
2912.51
2910.97
2909.44
2907.94
2906.45
2904.99
2903.56
2902.15
2900.78
2899.44
2898.13
2896.85
2895.61
2894.4
2893.23
2892.1
2891
2889.93
2888.9
2887.9
2886.94
2886.01
2885.12
2884.26
2883.43
2882.64
2881.86
2881.11
2880.54
2879.78
2879.25
2878.6
2878.49
2876.84
1522.02
2459.88
2575.63
2578.03
2587.33
2596.68
2604.39
2611.58
2619.08
2626.92
2635.15
2643.74
2652.54
2661.15
2669.18
2676.42
2682.89
2688.72
2693.97
2698.77
2703.38
2708.13
2713.12
2718.22
2723.38
2728.81
2734.84
2741.69
2749.43
2757.95
2767.02
2776.4
2785.83
2795.14
2804.2
2812.94
2821.31
2829.31
2836.97
2844.32
2851.36
2858.09
2864.51
2870.61
2876.42
2881.95
2887.23
2892.26
2897.03
2901.54
2905.79
2909.8
2913.53
2916.96
2920.1
2922.95
2925.55
2927.91
2930.01
2931.85
2933.41
2934.71
2935.78
2936.63
2937.25
2937.67
2937.88
2937.89
2937.73
2937.42
2936.95
2936.35
2935.62
2934.77
2933.83
2932.8
2931.7
2930.53
2929.3
2928.02
2926.71
2925.37
2924
2922.61
2921.22
2919.81
2918.41
2917.01
2915.62
2914.25
2912.88
2911.54
2910.22
2908.92
2907.64
2906.39
2905.17
2903.98
2902.81
2901.68
2900.58
2899.51
2898.47
2897.46
2896.48
2895.54
2894.62
2893.74
2892.89
2892.06
2891.27
2890.5
2889.77
2889.06
2888.37
2887.86
2887.14
2886.67
2886.05
2885.97
2884.42
1519.73
2458.34
2574.39
2577.35
2586.95
2596.36
2604.1
2611.31
2618.81
2626.65
2634.87
2643.47
2652.27
2660.88
2668.92
2676.16
2682.65
2688.49
2693.75
2698.55
2703.18
2707.94
2712.94
2718.05
2723.23
2728.7
2734.77
2741.69
2749.5
2758.09
2767.23
2776.65
2786.11
2795.43
2804.49
2813.22
2821.58
2829.57
2837.22
2844.56
2851.59
2858.31
2864.72
2870.81
2876.6
2882.14
2887.42
2892.46
2897.23
2901.75
2906.03
2910.05
2913.8
2917.26
2920.42
2923.32
2925.98
2928.4
2930.56
2932.45
2934.08
2935.47
2936.63
2937.58
2938.31
2938.84
2939.18
2939.33
2939.29
2939.11
2938.78
2938.33
2937.75
2937.07
2936.3
2935.44
2934.5
2933.5
2932.45
2931.35
2930.21
2929.04
2927.84
2926.62
2925.39
2924.15
2922.91
2921.67
2920.43
2919.2
2917.98
2916.78
2915.59
2914.42
2913.27
2912.14
2911.04
2909.96
2908.91
2907.88
2906.88
2905.91
2904.97
2904.05
2903.16
2902.3
2901.47
2900.66
2899.88
2899.13
2898.41
2897.71
2897.04
2896.41
2895.77
2895.32
2894.65
2894.22
2893.66
2893.59
2892.16
1517.42
2456.84
2573.15
2576.68
2586.58
2596.05
2603.82
2611.04
2618.55
2626.38
2634.6
2643.2
2652
2660.62
2668.66
2675.91
2682.41
2688.26
2693.53
2698.34
2702.98
2707.76
2712.77
2717.89
2723.09
2728.59
2734.71
2741.7
2749.59
2758.25
2767.44
2776.9
2786.39
2795.72
2804.78
2813.5
2821.84
2829.83
2837.47
2844.8
2851.82
2858.53
2864.92
2871
2876.79
2882.32
2887.61
2892.65
2897.44
2901.97
2906.27
2910.31
2914.08
2917.56
2920.75
2923.7
2926.41
2928.89
2931.11
2933.07
2934.78
2936.25
2937.51
2938.56
2939.4
2940.04
2940.5
2940.77
2940.88
2940.83
2940.65
2940.35
2939.94
2939.42
2938.82
2938.13
2937.38
2936.56
2935.68
2934.76
2933.79
2932.8
2931.77
2930.73
2929.66
2928.59
2927.51
2926.42
2925.34
2924.26
2923.19
2922.12
2921.07
2920.04
2919.02
2918.02
2917.03
2916.07
2915.13
2914.21
2913.32
2912.45
2911.6
2910.77
2909.97
2909.2
2908.45
2907.72
2907.02
2906.34
2905.68
2905.05
2904.45
2903.88
2903.3
2902.89
2902.26
2901.89
2901.36
2901.32
2899.97
1515.58
2455.34
2571.92
2576.02
2586.21
2595.75
2603.55
2610.79
2618.3
2626.12
2634.34
2642.93
2651.74
2660.36
2668.41
2675.67
2682.17
2688.03
2693.31
2698.14
2702.78
2707.57
2712.6
2717.73
2722.95
2728.48
2734.66
2741.71
2749.67
2758.41
2767.66
2777.16
2786.67
2796.01
2805.06
2813.77
2822.11
2830.08
2837.72
2845.03
2852.04
2858.74
2865.11
2871.18
2876.97
2882.51
2887.8
2892.84
2897.64
2902.2
2906.51
2910.58
2914.36
2917.86
2921.1
2924.09
2926.87
2929.41
2931.69
2933.71
2935.5
2937.06
2938.42
2939.58
2940.53
2941.28
2941.87
2942.27
2942.53
2942.63
2942.6
2942.46
2942.22
2941.88
2941.45
2940.95
2940.37
2939.73
2939.04
2938.3
2937.51
2936.69
2935.84
2934.97
2934.07
2933.16
2932.24
2931.31
2930.38
2929.45
2928.52
2927.59
2926.68
2925.77
2924.88
2924
2923.14
2922.29
2921.46
2920.65
2919.85
2919.08
2918.33
2917.59
2916.88
2916.19
2915.52
2914.87
2914.24
2913.63
2913.04
2912.48
2911.94
2911.46
2910.92
2910.55
2909.99
2909.66
2909.18
2909.15
2907.92
1513.52
2453.87
2570.69
2575.38
2585.85
2595.46
2603.28
2610.54
2618.05
2625.87
2634.08
2642.67
2651.48
2660.1
2668.16
2675.42
2681.94
2687.81
2693.1
2697.93
2702.59
2707.39
2712.42
2717.57
2722.81
2728.38
2734.61
2741.73
2749.76
2758.57
2767.88
2777.42
2786.95
2796.29
2805.35
2814.05
2822.38
2830.34
2837.96
2845.27
2852.27
2858.95
2865.31
2871.37
2877.15
2882.69
2887.99
2893.04
2897.85
2902.42
2906.76
2910.84
2914.64
2918.17
2921.45
2924.5
2927.33
2929.93
2932.27
2934.37
2936.24
2937.89
2939.35
2940.62
2941.68
2942.55
2943.26
2943.8
2944.19
2944.46
2944.6
2944.63
2944.55
2944.39
2944.15
2943.83
2943.43
2942.98
2942.46
2941.9
2941.29
2940.65
2939.97
2939.27
2938.54
2937.79
2937.03
2936.26
2935.48
2934.7
2933.92
2933.14
2932.36
2931.59
2930.83
2930.08
2929.33
2928.6
2927.89
2927.18
2926.5
2925.83
2925.17
2924.53
2923.91
2923.31
2922.72
2922.15
2921.6
2921.06
2920.54
2920.05
2919.57
2919.17
2918.68
2918.34
2917.85
2917.58
2917.13
2917.12
2916
1511.54
2452.4
2569.47
2574.74
2585.51
2595.17
2603.03
2610.3
2617.81
2625.63
2633.83
2642.42
2651.23
2659.85
2667.91
2675.18
2681.7
2687.58
2692.88
2697.73
2702.4
2707.21
2712.26
2717.41
2722.67
2728.28
2734.56
2741.75
2749.86
2758.74
2768.1
2777.68
2787.23
2796.58
2805.63
2814.32
2822.64
2830.59
2838.2
2845.5
2852.48
2859.15
2865.5
2871.55
2877.33
2882.87
2888.17
2893.23
2898.06
2902.65
2907
2911.1
2914.93
2918.49
2921.81
2924.92
2927.81
2930.46
2932.87
2935.04
2937
2938.75
2940.32
2941.69
2942.86
2943.86
2944.7
2945.38
2945.94
2946.36
2946.68
2946.88
2946.99
2947.01
2946.95
2946.81
2946.6
2946.33
2946
2945.62
2945.19
2944.72
2944.21
2943.68
2943.12
2942.53
2941.93
2941.32
2940.7
2940.06
2939.43
2938.79
2938.15
2937.51
2936.88
2936.25
2935.62
2935.01
2934.4
2933.81
2933.23
2932.65
2932.09
2931.55
2931.01
2930.49
2929.99
2929.5
2929.02
2928.56
2928.11
2927.68
2927.26
2926.95
2926.5
2926.2
2925.78
2925.56
2925.16
2925.17
2924.16
1509.98
2450.94
2568.26
2574.12
2585.17
2594.9
2602.78
2610.07
2617.58
2625.39
2633.59
2642.17
2650.97
2659.6
2667.66
2674.94
2681.47
2687.36
2692.67
2697.52
2702.2
2707.03
2712.09
2717.26
2722.54
2728.18
2734.52
2741.78
2749.97
2758.91
2768.33
2777.94
2787.51
2796.87
2805.92
2814.6
2822.9
2830.84
2838.44
2845.73
2852.7
2859.35
2865.69
2871.73
2877.51
2883.05
2888.36
2893.43
2898.26
2902.87
2907.25
2911.37
2915.22
2918.81
2922.18
2925.35
2928.29
2931
2933.48
2935.73
2937.78
2939.63
2941.29
2942.77
2944.06
2945.18
2946.16
2947
2947.71
2948.3
2948.79
2949.18
2949.47
2949.67
2949.79
2949.83
2949.81
2949.71
2949.56
2949.36
2949.11
2948.82
2948.48
2948.12
2947.73
2947.31
2946.88
2946.42
2945.95
2945.47
2944.99
2944.49
2943.99
2943.49
2942.99
2942.49
2942
2941.5
2941.02
2940.53
2940.06
2939.59
2939.13
2938.69
2938.25
2937.82
2937.4
2936.99
2936.59
2936.21
2935.83
2935.47
2935.12
2934.88
2934.49
2934.23
2933.88
2933.71
2933.35
2933.37
2932.48
1508.18
2449.5
2567.05
2573.5
2584.83
2594.63
2602.54
2609.84
2617.36
2625.15
2633.34
2641.92
2650.73
2659.36
2667.42
2674.7
2681.24
2687.14
2692.46
2697.32
2702.01
2706.85
2711.92
2717.11
2722.41
2728.08
2734.48
2741.81
2750.07
2759.08
2768.56
2778.21
2787.79
2797.16
2806.2
2814.87
2823.16
2831.09
2838.68
2845.95
2852.91
2859.55
2865.87
2871.9
2877.69
2883.23
2888.54
2893.62
2898.47
2903.1
2907.49
2911.63
2915.51
2919.14
2922.56
2925.78
2928.79
2931.56
2934.1
2936.44
2938.57
2940.52
2942.29
2943.89
2945.3
2946.56
2947.68
2948.68
2949.56
2950.33
2951
2951.56
2952.04
2952.42
2952.72
2952.95
2953.1
2953.19
2953.22
2953.19
2953.12
2953
2952.85
2952.66
2952.44
2952.19
2951.92
2951.62
2951.31
2950.99
2950.65
2950.3
2949.95
2949.58
2949.21
2948.84
2948.47
2948.1
2947.72
2947.35
2946.99
2946.62
2946.26
2945.91
2945.56
2945.22
2944.88
2944.55
2944.23
2943.92
2943.62
2943.32
2943.04
2942.86
2942.53
2942.32
2942.03
2941.91
2941.6
2941.64
2940.86
1506.77
2448.06
2565.85
2572.9
2584.51
2594.37
2602.31
2609.62
2617.13
2624.92
2633.11
2641.68
2650.49
2659.12
2667.18
2674.47
2681.02
2686.92
2692.25
2697.12
2701.82
2706.68
2711.76
2716.95
2722.28
2727.99
2734.45
2741.85
2750.19
2759.27
2768.79
2778.47
2788.08
2797.45
2806.48
2815.14
2823.42
2831.33
2838.91
2846.17
2853.12
2859.74
2866.05
2872.08
2877.86
2883.41
2888.73
2893.82
2898.68
2903.33
2907.74
2911.89
2915.8
2919.47
2922.95
2926.22
2929.28
2932.12
2934.74
2937.15
2939.38
2941.43
2943.31
2945.01
2946.55
2947.95
2949.23
2950.39
2951.44
2952.38
2953.23
2953.97
2954.62
2955.18
2955.66
2956.07
2956.4
2956.67
2956.88
2957.03
2957.14
2957.2
2957.23
2957.21
2957.17
2957.09
2956.99
2956.86
2956.71
2956.55
2956.37
2956.17
2955.96
2955.74
2955.52
2955.28
2955.04
2954.79
2954.54
2954.29
2954.03
2953.78
2953.53
2953.27
2953.02
2952.78
2952.53
2952.29
2952.05
2951.82
2951.59
2951.37
2951.15
2951.04
2950.77
2950.62
2950.38
2950.3
2950.05
2950.13
2949.45
1505.18
2446.63
2564.65
2572.31
2584.2
2594.12
2602.09
2609.41
2616.92
2624.7
2632.88
2641.44
2650.25
2658.88
2666.94
2674.23
2680.79
2686.71
2692.04
2696.92
2701.64
2706.5
2711.59
2716.8
2722.15
2727.91
2734.42
2741.89
2750.3
2759.45
2769.03
2778.74
2788.37
2797.74
2806.77
2815.41
2823.68
2831.58
2839.15
2846.39
2853.32
2859.93
2866.22
2872.25
2878.03
2883.58
2888.91
2894.01
2898.89
2903.56
2907.98
2912.16
2916.09
2919.82
2923.34
2926.67
2929.79
2932.69
2935.38
2937.89
2940.21
2942.36
2944.34
2946.17
2947.85
2949.4
2950.84
2952.17
2953.39
2954.51
2955.53
2956.45
2957.27
2958.01
2958.67
2959.25
2959.77
2960.22
2960.61
2960.96
2961.25
2961.49
2961.7
2961.87
2962
2962.1
2962.17
2962.22
2962.24
2962.23
2962.21
2962.17
2962.11
2962.03
2961.94
2961.84
2961.73
2961.61
2961.47
2961.34
2961.2
2961.05
2960.9
2960.74
2960.58
2960.43
2960.27
2960.11
2959.95
2959.79
2959.64
2959.48
2959.33
2959.28
2959.06
2958.98
2958.78
2958.73
2958.56
2958.66
2958.08
1503.91
2445.21
2563.45
2571.72
2583.9
2593.87
2601.87
2609.2
2616.71
2624.48
2632.65
2641.21
2650.01
2658.64
2666.71
2674
2680.57
2686.49
2691.84
2696.72
2701.45
2706.33
2711.43
2716.66
2722.03
2727.82
2734.39
2741.94
2750.43
2759.64
2769.27
2779.02
2788.65
2798.03
2807.05
2815.69
2823.93
2831.82
2839.38
2846.61
2853.52
2860.11
2866.4
2872.42
2878.2
2883.75
2889.09
2894.2
2899.1
2903.78
2908.23
2912.42
2916.39
2920.16
2923.74
2927.12
2930.3
2933.26
2936.03
2938.62
2941.04
2943.29
2945.39
2947.35
2949.16
2950.87
2952.47
2953.96
2955.35
2956.64
2957.83
2958.92
2959.92
2960.83
2961.67
2962.43
2963.13
2963.77
2964.35
2964.88
2965.36
2965.8
2966.19
2966.55
2966.87
2967.15
2967.4
2967.62
2967.81
2967.97
2968.11
2968.23
2968.32
2968.4
2968.45
2968.49
2968.52
2968.53
2968.52
2968.51
2968.48
2968.45
2968.41
2968.36
2968.3
2968.24
2968.18
2968.11
2968.03
2967.96
2967.88
2967.81
2967.73
2967.75
2967.6
2967.58
2967.43
2967.41
2967.33
2967.46
2967
1502.52
2443.78
2562.26
2571.16
2583.6
2593.64
2601.66
2609
2616.51
2624.27
2632.43
2640.98
2649.78
2658.41
2666.48
2673.78
2680.35
2686.28
2691.63
2696.53
2701.26
2706.15
2711.27
2716.51
2721.9
2727.74
2734.37
2741.99
2750.55
2759.84
2769.52
2779.29
2788.95
2798.32
2807.33
2815.96
2824.19
2832.06
2839.6
2846.82
2853.71
2860.29
2866.56
2872.58
2878.36
2883.92
2889.27
2894.39
2899.31
2904.01
2908.47
2912.69
2916.69
2920.51
2924.14
2927.58
2930.81
2933.84
2936.69
2939.38
2941.89
2944.25
2946.47
2948.56
2950.52
2952.39
2954.15
2955.81
2957.37
2958.82
2960.17
2961.43
2962.61
2963.7
2964.72
2965.67
2966.56
2967.39
2968.17
2968.9
2969.58
2970.21
2970.8
2971.35
2971.85
2972.32
2972.76
2973.15
2973.52
2973.85
2974.16
2974.43
2974.68
2974.9
2975.1
2975.28
2975.44
2975.58
2975.7
2975.8
2975.89
2975.96
2976.03
2976.08
2976.12
2976.15
2976.17
2976.18
2976.19
2976.19
2976.19
2976.19
2976.17
2976.24
2976.15
2976.18
2976.09
2976.1
2976.09
2976.24
2975.89
1501.4
2442.35
2561.07
2570.6
2583.32
2593.41
2601.45
2608.8
2616.31
2624.06
2632.21
2640.75
2649.55
2658.18
2666.25
2673.55
2680.13
2686.07
2691.43
2696.33
2701.08
2705.98
2711.11
2716.36
2721.78
2727.66
2734.35
2742.04
2750.69
2760.04
2769.76
2779.57
2789.24
2798.61
2807.62
2816.23
2824.44
2832.3
2839.83
2847.03
2853.9
2860.46
2866.73
2872.74
2878.53
2884.09
2889.44
2894.58
2899.52
2904.23
2908.7
2912.95
2917
2920.86
2924.55
2928.04
2931.33
2934.43
2937.36
2940.13
2942.74
2945.21
2947.56
2949.78
2951.9
2953.92
2955.84
2957.66
2959.37
2960.99
2962.5
2963.93
2965.28
2966.55
2967.76
2968.9
2969.99
2971.02
2972
2972.93
2973.81
2974.64
2975.43
2976.17
2976.88
2977.53
2978.15
2978.73
2979.28
2979.78
2980.25
2980.69
2981.1
2981.48
2981.83
2982.15
2982.44
2982.71
2982.96
2983.19
2983.4
2983.59
2983.76
2983.92
2984.06
2984.19
2984.31
2984.42
2984.51
2984.6
2984.67
2984.77
2984.82
2984.96
2984.93
2985.02
2984.99
2985.04
2985.1
2985.27
2985.07
1500.3
2440.92
2559.89
2570.06
2583.04
2593.18
2601.25
2608.61
2616.11
2623.85
2631.99
2640.53
2649.32
2657.95
2666.02
2673.32
2679.91
2685.86
2691.22
2696.13
2700.9
2705.81
2710.95
2716.22
2721.67
2727.59
2734.34
2742.11
2750.82
2760.24
2770.02
2779.86
2789.53
2798.91
2807.9
2816.49
2824.7
2832.54
2840.05
2847.23
2854.09
2860.63
2866.89
2872.9
2878.68
2884.26
2889.62
2894.77
2899.72
2904.44
2908.94
2913.22
2917.31
2921.22
2924.95
2928.49
2931.85
2935.02
2938.04
2940.9
2943.61
2946.2
2948.68
2951.05
2953.32
2955.49
2957.57
2959.54
2961.41
2963.18
2964.86
2966.47
2968
2969.46
2970.86
2972.21
2973.5
2974.74
2975.93
2977.07
2978.16
2979.2
2980.19
2981.13
2982.03
2982.88
2983.68
2984.45
2985.16
2985.84
2986.48
2987.08
2987.64
2988.17
2988.66
2989.13
2989.56
2989.96
2990.33
2990.68
2991
2991.3
2991.58
2991.84
2992.08
2992.3
2992.5
2992.69
2992.87
2993.03
2993.18
2993.35
2993.47
2993.65
2993.69
2993.83
2993.85
2993.94
2994.05
2994.22
2994.14
1499.25
2439.49
2558.71
2569.52
2582.77
2592.97
2601.06
2608.43
2615.92
2623.65
2631.78
2640.31
2649.1
2657.72
2665.79
2673.1
2679.69
2685.65
2691.02
2695.94
2700.71
2705.64
2710.79
2716.07
2721.55
2727.51
2734.33
2742.17
2750.97
2760.45
2770.28
2780.14
2789.83
2799.2
2808.18
2816.76
2824.95
2832.78
2840.27
2847.43
2854.27
2860.8
2867.05
2873.05
2878.84
2884.42
2889.79
2894.96
2899.92
2904.66
2909.18
2913.49
2917.61
2921.57
2925.36
2928.95
2932.36
2935.61
2938.71
2941.67
2944.49
2947.19
2949.81
2952.32
2954.74
2957.06
2959.28
2961.4
2963.42
2965.35
2967.2
2968.98
2970.7
2972.36
2973.97
2975.52
2977.02
2978.47
2979.87
2981.22
2982.52
2983.76
2984.96
2986.1
2987.19
2988.23
2989.22
2990.17
2991.07
2991.92
2992.72
2993.49
2994.21
2994.89
2995.53
2996.14
2996.71
2997.25
2997.75
2998.22
2998.67
2999.08
2999.47
2999.84
3000.18
3000.5
3000.8
3001.08
3001.34
3001.59
3001.82
3002.09
3002.27
3002.52
3002.64
3002.84
3002.94
3003.09
3003.23
3003.37
3003.5
1498.26
2438.04
2557.54
2569
2582.51
2592.76
2600.87
2608.25
2615.74
2623.46
2631.58
2640.1
2648.88
2657.5
2665.57
2672.88
2679.48
2685.44
2690.82
2695.75
2700.53
2705.47
2710.63
2715.93
2721.43
2727.45
2734.32
2742.24
2751.12
2760.66
2770.54
2780.43
2790.13
2799.5
2808.47
2817.03
2825.2
2833.01
2840.49
2847.63
2854.45
2860.96
2867.2
2873.2
2878.99
2884.58
2889.96
2895.14
2900.12
2904.87
2909.41
2913.75
2917.92
2921.93
2925.76
2929.41
2932.89
2936.21
2939.4
2942.45
2945.38
2948.21
2950.96
2953.62
2956.18
2958.64
2961
2963.27
2965.45
2967.54
2969.58
2971.55
2973.47
2975.33
2977.15
2978.92
2980.64
2982.3
2983.92
2985.48
2986.99
2988.44
2989.83
2991.17
2992.46
2993.69
2994.87
2996
2997.07
2998.09
2999.06
2999.99
3000.87
3001.7
3002.49
3003.23
3003.94
3004.6
3005.23
3005.83
3006.39
3006.92
3007.42
3007.89
3008.33
3008.74
3009.13
3009.5
3009.84
3010.17
3010.48
3010.82
3011.07
3011.37
3011.55
3011.8
3011.96
3012.15
3012.33
3012.51
3012.75
1497.41
2436.59
2556.37
2568.5
2582.26
2592.55
2600.69
2608.07
2615.56
2623.27
2631.37
2639.89
2648.66
2657.27
2665.34
2672.66
2679.26
2685.23
2690.62
2695.56
2700.35
2705.3
2710.48
2715.79
2721.32
2727.38
2734.32
2742.32
2751.27
2760.88
2770.8
2780.72
2790.43
2799.79
2808.75
2817.29
2825.45
2833.24
2840.7
2847.82
2854.62
2861.12
2867.35
2873.35
2879.14
2884.73
2890.13
2895.32
2900.31
2905.08
2909.64
2914.02
2918.23
2922.28
2926.16
2929.86
2933.41
2936.81
2940.09
2943.24
2946.28
2949.24
2952.12
2954.91
2957.6
2960.2
2962.7
2965.11
2967.45
2969.72
2971.94
2974.1
2976.23
2978.3
2980.33
2982.32
2984.25
2986.13
2987.95
2989.72
2991.43
2993.09
2994.68
2996.22
2997.7
2999.12
3000.48
3001.78
3003.03
3004.23
3005.37
3006.46
3007.49
3008.48
3009.42
3010.31
3011.16
3011.97
3012.73
3013.45
3014.14
3014.79
3015.4
3015.98
3016.52
3017.04
3017.53
3017.99
3018.42
3018.84
3019.23
3019.66
3019.98
3020.34
3020.6
3020.91
3021.15
3021.41
3021.66
3021.93
3022.23
1496.6
2435.13
2555.21
2568
2582.01
2592.35
2600.51
2607.9
2615.38
2623.08
2631.17
2639.68
2648.44
2657.05
2665.12
2672.44
2679.05
2685.03
2690.42
2695.37
2700.17
2705.13
2710.32
2715.65
2721.21
2727.32
2734.33
2742.4
2751.43
2761.11
2771.07
2781.02
2790.73
2800.08
2809.02
2817.55
2825.69
2833.47
2840.91
2848.01
2854.79
2861.27
2867.49
2873.5
2879.29
2884.89
2890.29
2895.5
2900.5
2905.29
2909.87
2914.29
2918.54
2922.63
2926.56
2930.32
2933.93
2937.42
2940.78
2944.04
2947.2
2950.28
2953.29
2956.22
2959.04
2961.76
2964.41
2966.97
2969.48
2971.93
2974.35
2976.72
2979.06
2981.35
2983.6
2985.8
2987.94
2990.03
2992.07
2994.04
2995.96
2997.81
2999.6
3001.33
3003
3004.61
3006.16
3007.64
3009.07
3010.43
3011.74
3012.99
3014.19
3015.33
3016.42
3017.45
3018.44
3019.38
3020.27
3021.12
3021.92
3022.69
3023.41
3024.1
3024.75
3025.37
3025.95
3026.51
3027.03
3027.53
3028.01
3028.51
3028.9
3029.32
3029.65
3030.01
3030.33
3030.64
3030.95
3031.28
3031.62
1495.8
2433.66
2554.05
2567.52
2581.78
2592.16
2600.34
2607.74
2615.21
2622.9
2630.98
2639.47
2648.23
2656.84
2664.9
2672.22
2678.84
2684.82
2690.22
2695.17
2699.99
2704.97
2710.17
2715.51
2721.1
2727.26
2734.33
2742.49
2751.6
2761.34
2771.35
2781.31
2791.03
2800.37
2809.29
2817.81
2825.93
2833.69
2841.11
2848.19
2854.95
2861.42
2867.64
2873.64
2879.43
2885.04
2890.45
2895.67
2900.68
2905.49
2910.1
2914.55
2918.84
2922.98
2926.95
2930.77
2934.45
2938.02
2941.47
2944.83
2948.11
2951.32
2954.45
2957.5
2960.44
2963.3
2966.08
2968.81
2971.49
2974.14
2976.75
2979.34
2981.88
2984.38
2986.84
2989.25
2991.6
2993.89
2996.13
2998.3
3000.41
3002.46
3004.45
3006.37
3008.23
3010.02
3011.75
3013.42
3015.02
3016.56
3018.04
3019.46
3020.82
3022.12
3023.37
3024.56
3025.69
3026.78
3027.81
3028.79
3029.73
3030.62
3031.47
3032.27
3033.03
3033.76
3034.44
3035.1
3035.71
3036.31
3036.87
3037.45
3037.91
3038.41
3038.81
3039.24
3039.64
3040.02
3040.39
3040.79
3041.23
1495.24
2432.16
2552.9
2567.05
2581.55
2591.97
2600.17
2607.58
2615.04
2622.72
2630.79
2639.27
2648.02
2656.62
2664.68
2672.01
2678.63
2684.62
2690.03
2694.98
2699.81
2704.8
2710.01
2715.38
2720.99
2727.2
2734.35
2742.58
2751.77
2761.58
2771.63
2781.61
2791.32
2800.65
2809.56
2818.06
2826.17
2833.91
2841.31
2848.37
2855.11
2861.56
2867.77
2873.77
2879.57
2885.19
2890.61
2895.84
2900.86
2905.69
2910.33
2914.81
2919.14
2923.32
2927.34
2931.22
2934.98
2938.63
2942.17
2945.64
2949.03
2952.36
2955.61
2958.78
2961.84
2964.83
2967.77
2970.67
2973.55
2976.39
2979.22
2982.01
2984.76
2987.47
2990.14
2992.74
2995.3
2997.79
3000.22
3002.6
3004.9
3007.15
3009.33
3011.44
3013.49
3015.48
3017.4
3019.25
3021.03
3022.75
3024.41
3025.99
3027.52
3028.98
3030.38
3031.73
3033.01
3034.23
3035.4
3036.52
3037.58
3038.59
3039.56
3040.48
3041.35
3042.18
3042.97
3043.73
3044.44
3045.13
3045.79
3046.45
3046.99
3047.57
3048.04
3048.54
3049.01
3049.46
3049.89
3050.35
3050.87
1494.61
2430.65
2551.76
2566.59
2581.32
2591.78
2600.01
2607.42
2614.88
2622.54
2630.6
2639.07
2647.81
2656.41
2664.47
2671.79
2678.42
2684.41
2689.83
2694.8
2699.63
2704.63
2709.86
2715.24
2720.89
2727.14
2734.36
2742.68
2751.95
2761.82
2771.91
2781.91
2791.61
2800.93
2809.83
2818.31
2826.4
2834.13
2841.51
2848.54
2855.26
2861.7
2867.91
2873.9
2879.71
2885.33
2890.76
2896
2901.04
2905.88
2910.55
2915.06
2919.43
2923.66
2927.73
2931.67
2935.5
2939.23
2942.87
2946.44
2949.94
2953.38
2956.75
2960.02
2963.21
2966.34
2969.45
2972.53
2975.59
2978.64
2981.66
2984.65
2987.61
2990.51
2993.37
2996.17
2998.91
3001.6
3004.22
3006.79
3009.29
3011.73
3014.11
3016.42
3018.66
3020.83
3022.94
3024.98
3026.95
3028.85
3030.68
3032.45
3034.15
3035.78
3037.34
3038.85
3040.29
3041.67
3042.99
3044.25
3045.45
3046.6
3047.7
3048.75
3049.74
3050.69
3051.59
3052.45
3053.26
3054.05
3054.8
3055.54
3056.17
3056.82
3057.37
3057.94
3058.48
3059
3059.5
3060.03
3060.64
1493.97
2429.11
2550.62
2566.14
2581.1
2591.6
2599.85
2607.27
2614.72
2622.37
2630.41
2638.87
2647.6
2656.19
2664.25
2671.58
2678.21
2684.21
2689.63
2694.61
2699.45
2704.47
2709.7
2715.11
2720.79
2727.09
2734.38
2742.78
2752.13
2762.06
2772.19
2782.2
2791.9
2801.21
2810.09
2818.55
2826.63
2834.34
2841.7
2848.71
2855.41
2861.84
2868.04
2874.03
2879.84
2885.47
2890.91
2896.16
2901.21
2906.07
2910.76
2915.31
2919.72
2923.99
2928.12
2932.12
2936.02
2939.83
2943.57
2947.24
2950.86
2954.4
2957.87
2961.26
2964.58
2967.87
2971.15
2974.42
2977.68
2980.92
2984.14
2987.33
2990.47
2993.57
2996.61
2999.6
3002.54
3005.42
3008.24
3011
3013.7
3016.34
3018.91
3021.42
3023.87
3026.24
3028.54
3030.77
3032.94
3035.02
3037.04
3038.99
3040.86
3042.66
3044.4
3046.06
3047.66
3049.18
3050.65
3052.05
3053.39
3054.66
3055.88
3057.05
3058.16
3059.22
3060.23
3061.2
3062.12
3063.01
3063.85
3064.69
3065.41
3066.15
3066.79
3067.44
3068.07
3068.67
3069.24
3069.85
3070.55
1493.52
2427.55
2549.48
2565.71
2580.89
2591.43
2599.69
2607.12
2614.56
2622.2
2630.23
2638.67
2647.4
2655.98
2664.04
2671.36
2678
2684.01
2689.43
2694.42
2699.27
2704.3
2709.55
2714.97
2720.68
2727.04
2734.41
2742.89
2752.32
2762.31
2772.47
2782.49
2792.19
2801.48
2810.35
2818.79
2826.85
2834.54
2841.88
2848.88
2855.56
2861.97
2868.16
2874.16
2879.97
2885.6
2891.05
2896.31
2901.37
2906.25
2910.97
2915.56
2920.01
2924.32
2928.49
2932.56
2936.53
2940.42
2944.26
2948.03
2951.75
2955.39
2958.96
2962.47
2965.93
2969.38
2972.83
2976.29
2979.74
2983.17
2986.57
2989.94
2993.26
2996.53
2999.75
3002.93
3006.05
3009.12
3012.13
3015.09
3017.99
3020.83
3023.61
3026.32
3028.97
3031.54
3034.04
3036.47
3038.83
3041.11
3043.31
3045.44
3047.49
3049.47
3051.38
3053.21
3054.97
3056.66
3058.28
3059.84
3061.32
3062.75
3064.11
3065.42
3066.66
3067.85
3068.98
3070.07
3071.09
3072.1
3073.03
3073.95
3074.76
3075.58
3076.31
3077.03
3077.73
3078.4
3079.04
3079.71
3080.51
1493.06
2425.96
2548.36
2565.28
2580.68
2591.25
2599.54
2606.97
2614.41
2622.03
2630.05
2638.48
2647.19
2655.77
2663.82
2671.15
2677.79
2683.8
2689.24
2694.23
2699.1
2704.13
2709.4
2714.84
2720.58
2727
2734.44
2743.01
2752.52
2762.57
2772.76
2782.78
2792.47
2801.75
2810.6
2819.03
2827.07
2834.75
2842.06
2849.03
2855.7
2862.1
2868.29
2874.28
2880.1
2885.74
2891.19
2896.45
2901.53
2906.43
2911.18
2915.8
2920.28
2924.64
2928.87
2932.99
2937.04
2941.02
2944.94
2948.81
2952.63
2956.37
2960.05
2963.68
2967.29
2970.91
2974.54
2978.19
2981.82
2985.43
2989
2992.54
2996.03
2999.48
3002.88
3006.24
3009.56
3012.82
3016.04
3019.21
3022.32
3025.37
3028.35
3031.27
3034.13
3036.91
3039.61
3042.24
3044.8
3047.27
3049.67
3051.98
3054.22
3056.37
3058.45
3060.45
3062.38
3064.22
3065.99
3067.69
3069.32
3070.88
3072.37
3073.8
3075.16
3076.46
3077.7
3078.9
3080.03
3081.13
3082.17
3083.19
3084.1
3085.01
3085.84
3086.66
3087.45
3088.21
3088.94
3089.71
3090.63
1492.67
2424.34
2547.23
2564.87
2580.47
2591.09
2599.4
2606.83
2614.26
2621.87
2629.87
2638.29
2646.99
2655.57
2663.61
2670.94
2677.58
2683.6
2689.04
2694.04
2698.92
2703.97
2709.25
2714.7
2720.48
2726.96
2734.47
2743.13
2752.72
2762.82
2773.04
2783.07
2792.75
2802.02
2810.85
2819.27
2827.29
2834.94
2842.23
2849.19
2855.83
2862.23
2868.4
2874.4
2880.22
2885.86
2891.32
2896.59
2901.68
2906.6
2911.38
2916.03
2920.55
2924.95
2929.23
2933.42
2937.54
2941.6
2945.61
2949.57
2953.48
2957.31
2961.1
2964.87
2968.63
2972.42
2976.23
2980.04
2983.84
2987.61
2991.34
2995.03
2998.69
3002.31
3005.89
3009.44
3012.95
3016.41
3019.84
3023.21
3026.53
3029.79
3032.99
3036.12
3039.18
3042.16
3045.07
3047.9
3050.65
3053.32
3055.9
3058.4
3060.82
3063.16
3065.41
3067.58
3069.67
3071.68
3073.61
3075.47
3077.26
3078.97
3080.61
3082.18
3083.68
3085.13
3086.5
3087.83
3089.08
3090.3
3091.45
3092.57
3093.58
3094.58
3095.51
3096.4
3097.26
3098.08
3098.88
3099.71
3100.71
1492.26
2422.68
2546.12
2564.47
2580.27
2590.92
2599.25
2606.69
2614.11
2621.71
2629.7
2638.1
2646.8
2655.36
2663.4
2670.73
2677.38
2683.4
2688.85
2693.85
2698.74
2703.8
2709.09
2714.57
2720.39
2726.92
2734.51
2743.26
2752.92
2763.08
2773.32
2783.36
2793.03
2802.28
2811.1
2819.5
2827.5
2835.13
2842.4
2849.33
2855.96
2862.34
2868.52
2874.51
2880.33
2885.98
2891.45
2896.72
2901.82
2906.76
2911.57
2916.25
2920.81
2925.25
2929.58
2933.84
2938.03
2942.17
2946.27
2950.32
2954.31
2958.24
2962.15
2966.06
2969.98
2973.94
2977.92
2981.89
2985.84
2989.76
2993.65
2997.5
3001.32
3005.12
3008.89
3012.63
3016.35
3020.02
3023.66
3027.24
3030.78
3034.25
3037.66
3041
3044.28
3047.47
3050.58
3053.61
3056.56
3059.42
3062.2
3064.89
3067.49
3070
3072.43
3074.77
3077.03
3079.2
3081.29
3083.3
3085.22
3087.07
3088.84
3090.54
3092.16
3093.72
3095.2
3096.64
3098
3099.31
3100.56
3101.76
3102.87
3103.96
3104.99
3105.98
3106.93
3107.84
3108.74
3109.67
3110.81
1492.08
2420.99
2545.01
2564.07
2580.08
2590.76
2599.11
2606.56
2613.97
2621.55
2629.52
2637.92
2646.6
2655.15
2663.19
2670.52
2677.17
2683.2
2688.65
2693.66
2698.56
2703.64
2708.94
2714.44
2720.29
2726.88
2734.56
2743.39
2753.13
2763.34
2773.6
2783.64
2793.3
2802.54
2811.34
2819.72
2827.71
2835.32
2842.56
2849.47
2856.09
2862.46
2868.63
2874.62
2880.44
2886.09
2891.56
2896.84
2901.95
2906.92
2911.75
2916.47
2921.06
2925.54
2929.93
2934.24
2938.5
2942.73
2946.91
2951.04
2955.11
2959.14
2963.17
2967.23
2971.31
2975.43
2979.55
2983.67
2987.75
2991.81
2995.84
2999.85
3003.84
3007.82
3011.78
3015.72
3019.64
3023.52
3027.37
3031.16
3034.91
3038.59
3042.21
3045.75
3049.23
3052.62
3055.93
3059.16
3062.3
3065.35
3068.31
3071.18
3073.97
3076.65
3079.26
3081.76
3084.19
3086.52
3088.77
3090.93
3093.01
3095.02
3096.94
3098.79
3100.56
3102.27
3103.89
3105.46
3106.95
3108.4
3109.77
3111.09
3112.32
3113.52
3114.66
3115.75
3116.79
3117.79
3118.76
3119.77
3121.01
1491.71
2419.25
2543.91
2563.69
2579.89
2590.6
2598.97
2606.42
2613.83
2621.4
2629.35
2637.73
2646.4
2654.95
2662.98
2670.31
2676.96
2683
2688.45
2693.47
2698.38
2703.47
2708.79
2714.31
2720.2
2726.85
2734.61
2743.53
2753.35
2763.6
2773.88
2783.92
2793.57
2802.79
2811.58
2819.94
2827.91
2835.49
2842.72
2849.61
2856.2
2862.57
2868.73
2874.72
2880.55
2886.2
2891.67
2896.96
2902.08
2907.07
2911.93
2916.67
2921.3
2925.82
2930.26
2934.64
2938.97
2943.27
2947.53
2951.74
2955.9
2960.03
2964.2
2968.4
2972.64
2976.9
2981.16
2985.4
2989.62
2993.81
2997.99
3002.17
3006.34
3010.51
3014.67
3018.82
3022.94
3027.04
3031.09
3035.1
3039.05
3042.94
3046.77
3050.52
3054.19
3057.78
3061.29
3064.71
3068.04
3071.28
3074.43
3077.48
3080.44
3083.31
3086.08
3088.76
3091.35
3093.85
3096.25
3098.57
3100.8
3102.94
3105
3106.98
3108.87
3110.7
3112.43
3114.12
3115.71
3117.25
3118.71
3120.12
3121.44
3122.72
3123.96
3125.13
3126.25
3127.33
3128.39
3129.49
3130.86
1491.43
2417.48
2542.81
2563.32
2579.7
2590.44
2598.84
2606.29
2613.69
2621.24
2629.18
2637.55
2646.21
2654.75
2662.77
2670.1
2676.76
2682.8
2688.26
2693.28
2698.21
2703.3
2708.64
2714.18
2720.11
2726.82
2734.66
2743.68
2753.56
2763.86
2774.16
2784.19
2793.84
2803.05
2811.82
2820.16
2828.1
2835.67
2842.87
2849.73
2856.32
2862.67
2868.83
2874.82
2880.64
2886.3
2891.77
2897.06
2902.2
2907.2
2912.09
2916.87
2921.53
2926.09
2930.57
2935.01
2939.42
2943.79
2948.12
2952.4
2956.65
2960.9
2965.19
2969.54
2973.91
2978.3
2982.67
2987.03
2991.37
2995.7
3000.04
3004.38
3008.74
3013.1
3017.46
3021.81
3026.13
3030.43
3034.68
3038.88
3043.03
3047.12
3051.14
3055.07
3058.94
3062.72
3066.41
3070.01
3073.53
3076.95
3080.28
3083.5
3086.64
3089.68
3092.62
3095.47
3098.22
3100.87
3103.44
3105.91
3108.29
3110.59
3112.79
3114.93
3116.96
3118.94
3120.82
3122.65
3124.38
3126.06
3127.65
3129.19
3130.64
3132.04
3133.4
3134.69
3135.93
3137.12
3138.28
3139.49
3141
1491.24
2415.64
2541.72
2562.96
2579.52
2590.29
2598.71
2606.17
2613.55
2621.09
2629.02
2637.37
2646.01
2654.54
2662.57
2669.89
2676.55
2682.6
2688.06
2693.1
2698.03
2703.14
2708.48
2714.05
2720.01
2726.79
2734.72
2743.82
2753.78
2764.12
2774.43
2784.46
2794.1
2803.3
2812.05
2820.37
2828.29
2835.83
2843.01
2849.85
2856.42
2862.76
2868.92
2874.91
2880.74
2886.39
2891.86
2897.16
2902.31
2907.33
2912.25
2917.05
2921.74
2926.34
2930.88
2935.38
2939.86
2944.3
2948.69
2953.04
2957.38
2961.75
2966.18
2970.66
2975.15
2979.65
2984.14
2988.61
2993.07
2997.55
3002.06
3006.58
3011.13
3015.68
3020.24
3024.79
3029.31
3033.8
3038.25
3042.64
3046.98
3051.25
3055.46
3059.58
3063.63
3067.59
3071.47
3075.25
3078.95
3082.55
3086.05
3089.46
3092.77
3095.98
3099.1
3102.11
3105.03
3107.85
3110.57
3113.2
3115.73
3118.18
3120.52
3122.79
3124.95
3127.05
3129.05
3130.98
3132.82
3134.6
3136.29
3137.92
3139.47
3140.96
3142.4
3143.77
3145.08
3146.33
3147.56
3148.84
3150.43
1491.02
2413.77
2540.64
2562.62
2579.34
2590.14
2598.58
2606.04
2613.42
2620.94
2628.85
2637.19
2645.82
2654.34
2662.36
2669.69
2676.34
2682.39
2687.86
2692.91
2697.85
2702.97
2708.33
2713.91
2719.93
2726.77
2734.79
2743.98
2754
2764.38
2774.71
2784.73
2794.36
2803.54
2812.28
2820.58
2828.48
2835.99
2843.14
2849.97
2856.52
2862.85
2869
2874.99
2880.82
2886.47
2891.94
2897.24
2902.41
2907.45
2912.39
2917.21
2921.93
2926.58
2931.17
2935.73
2940.27
2944.77
2949.23
2953.65
2958.09
2962.57
2967.12
2971.72
2976.32
2980.91
2985.5
2990.08
2994.68
2999.31
3003.98
3008.68
3013.41
3018.16
3022.9
3027.62
3032.33
3036.99
3041.61
3046.18
3050.69
3055.14
3059.52
3063.81
3068.04
3072.17
3076.23
3080.18
3084.06
3087.83
3091.51
3095.08
3098.56
3101.94
3105.22
3108.39
3111.47
3114.45
3117.32
3120.11
3122.78
3125.38
3127.87
3130.29
3132.6
3134.85
3136.99
3139.06
3141.05
3142.96
3144.78
3146.54
3148.23
3149.84
3151.4
3152.88
3154.31
3155.68
3157.03
3158.43
3160.21
1490.73
2411.83
2539.56
2562.28
2579.17
2590
2598.45
2605.92
2613.29
2620.8
2628.69
2637.01
2645.63
2654.14
2662.15
2669.48
2676.14
2682.19
2687.67
2692.72
2697.67
2702.8
2708.17
2713.78
2719.84
2726.75
2734.86
2744.13
2754.23
2764.64
2774.97
2785
2794.61
2803.78
2812.5
2820.78
2828.65
2836.14
2843.27
2850.07
2856.61
2862.94
2869.08
2875.07
2880.89
2886.53
2892
2897.32
2902.5
2907.56
2912.51
2917.36
2922.11
2926.8
2931.45
2936.07
2940.66
2945.22
2949.73
2954.23
2958.77
2963.37
2968.04
2972.74
2977.43
2982.11
2986.8
2991.5
2996.24
3001.04
3005.88
3010.77
3015.68
3020.59
3025.51
3030.41
3035.28
3040.11
3044.9
3049.63
3054.31
3058.92
3063.47
3067.93
3072.33
3076.64
3080.86
3085
3089.04
3092.98
3096.84
3100.58
3104.23
3107.78
3111.23
3114.57
3117.81
3120.95
3123.98
3126.92
3129.75
3132.5
3135.13
3137.69
3140.13
3142.5
3144.76
3146.94
3149.03
3151.04
3152.96
3154.81
3156.6
3158.3
3159.95
3161.52
3163.04
3164.49
3165.92
3167.39
3169.25
1490.56
2409.83
2538.5
2561.95
2579
2589.85
2598.33
2605.8
2613.16
2620.65
2628.53
2636.83
2645.44
2653.94
2661.94
2669.27
2675.93
2681.99
2687.47
2692.52
2697.49
2702.63
2708.02
2713.65
2719.75
2726.74
2734.93
2744.3
2754.45
2764.89
2775.24
2785.26
2794.86
2804.01
2812.71
2820.97
2828.82
2836.28
2843.39
2850.17
2856.69
2863.01
2869.15
2875.14
2880.95
2886.59
2892.06
2897.38
2902.57
2907.65
2912.62
2917.49
2922.28
2927.01
2931.7
2936.38
2941.02
2945.63
2950.2
2954.78
2959.42
2964.13
2968.9
2973.68
2978.45
2983.21
2988
2992.83
2997.72
3002.67
3007.69
3012.73
3017.8
3022.88
3027.94
3032.98
3038
3042.98
3047.92
3052.8
3057.63
3062.4
3067.11
3071.73
3076.3
3080.77
3085.16
3089.46
3093.67
3097.78
3101.8
3105.71
3109.52
3113.23
3116.84
3120.34
3123.73
3127.02
3130.2
3133.29
3136.26
3139.16
3141.92
3144.62
3147.2
3149.71
3152.11
3154.43
3156.66
3158.81
3160.87
3162.85
3164.77
3166.6
3168.36
3170.05
3171.66
3173.21
3174.72
3176.31
3178.31
1490.35
2407.78
2537.43
2561.63
2578.83
2589.71
2598.21
2605.68
2613.03
2620.51
2628.37
2636.65
2645.25
2653.74
2661.74
2669.06
2675.72
2681.79
2687.27
2692.33
2697.3
2702.46
2707.86
2713.52
2719.67
2726.72
2735.01
2744.46
2754.67
2765.15
2775.5
2785.51
2795.11
2804.24
2812.92
2821.16
2828.98
2836.42
2843.5
2850.26
2856.77
2863.08
2869.22
2875.19
2881
2886.64
2892.11
2897.43
2902.64
2907.73
2912.72
2917.61
2922.42
2927.2
2931.94
2936.67
2941.36
2946.01
2950.64
2955.31
2960.05
2964.86
2969.71
2974.56
2979.4
2984.25
2989.15
2994.12
2999.16
3004.28
3009.44
3014.64
3019.85
3025.07
3030.27
3035.45
3040.6
3045.72
3050.8
3055.83
3060.81
3065.73
3070.6
3075.39
3080.11
3084.75
3089.31
3093.77
3098.15
3102.43
3106.61
3110.68
3114.66
3118.53
3122.3
3125.95
3129.5
3132.95
3136.28
3139.53
3142.64
3145.68
3148.58
3151.42
3154.12
3156.75
3159.27
3161.7
3164.04
3166.28
3168.43
3170.49
3172.49
3174.39
3176.24
3178
3179.7
3181.35
3182.97
3184.66
3186.81
1490.24
2405.68
2536.37
2561.32
2578.67
2589.57
2598.09
2605.56
2612.91
2620.37
2628.21
2636.48
2645.06
2653.54
2661.53
2668.85
2675.52
2681.58
2687.07
2692.14
2697.12
2702.29
2707.7
2713.39
2719.58
2726.72
2735.09
2744.63
2754.9
2765.4
2775.75
2785.77
2795.35
2804.47
2813.12
2821.34
2829.13
2836.54
2843.6
2850.34
2856.84
2863.14
2869.27
2875.24
2881.04
2886.67
2892.14
2897.47
2902.69
2907.79
2912.79
2917.71
2922.55
2927.37
2932.16
2936.92
2941.65
2946.35
2951.05
2955.8
2960.63
2965.52
2970.44
2975.35
2980.25
2985.2
2990.21
2995.32
3000.51
3005.76
3011.06
3016.39
3021.72
3027.05
3032.36
3037.66
3042.94
3048.18
3053.39
3058.56
3063.68
3068.75
3073.77
3078.71
3083.59
3088.38
3093.1
3097.72
3102.25
3106.68
3111.02
3115.25
3119.38
3123.4
3127.31
3131.12
3134.8
3138.4
3141.86
3145.24
3148.48
3151.66
3154.69
3157.65
3160.48
3163.23
3165.87
3168.43
3170.88
3173.25
3175.53
3177.73
3179.86
3181.9
3183.86
3185.74
3187.55
3189.28
3190.96
3192.71
3194.94
1490.06
2403.51
2535.3
2561.02
2578.5
2589.43
2597.97
2605.45
2612.78
2620.23
2628.05
2636.3
2644.87
2653.33
2661.32
2668.64
2675.31
2681.38
2686.87
2691.94
2696.93
2702.11
2707.55
2713.26
2719.5
2726.71
2735.18
2744.79
2755.12
2765.64
2776.01
2786.01
2795.58
2804.68
2813.32
2821.51
2829.28
2836.66
2843.69
2850.41
2856.9
2863.19
2869.31
2875.28
2881.07
2886.7
2892.16
2897.5
2902.72
2907.84
2912.85
2917.78
2922.67
2927.52
2932.35
2937.15
2941.91
2946.65
2951.42
2956.26
2961.17
2966.13
2971.1
2976.06
2981.05
2986.09
2991.24
2996.48
3001.8
3007.18
3012.59
3018.02
3023.45
3028.89
3034.31
3039.72
3045.11
3050.47
3055.82
3061.12
3066.39
3071.61
3076.78
3081.87
3086.9
3091.85
3096.72
3101.49
3106.18
3110.76
3115.25
3119.63
3123.9
3128.07
3132.12
3136.07
3139.89
3143.63
3147.23
3150.75
3154.12
3157.42
3160.58
3163.65
3166.61
3169.47
3172.23
3174.88
3177.43
3179.89
3182.25
3184.52
3186.71
3188.8
3190.81
3192.74
3194.59
3196.38
3198.14
3199.98
3202.33
1489.66
2401.27
2534.24
2560.73
2578.35
2589.3
2597.85
2605.34
2612.66
2620.09
2627.89
2636.13
2644.68
2653.13
2661.11
2668.43
2675.1
2681.17
2686.67
2691.75
2696.75
2701.94
2707.39
2713.13
2719.42
2726.71
2735.26
2744.96
2755.34
2765.89
2776.25
2786.25
2795.81
2804.89
2813.5
2821.67
2829.41
2836.77
2843.77
2850.48
2856.94
2863.23
2869.34
2875.3
2881.09
2886.71
2892.17
2897.51
2902.74
2907.86
2912.89
2917.85
2922.76
2927.65
2932.51
2937.34
2942.13
2946.92
2951.76
2956.67
2961.66
2966.67
2971.67
2976.69
2981.75
2986.9
2992.16
2997.52
3002.96
3008.43
3013.93
3019.45
3024.96
3030.48
3035.99
3041.5
3047
3052.48
3057.96
3063.39
3068.8
3074.15
3079.46
3084.69
3089.86
3094.94
3099.95
3104.86
3109.69
3114.4
3119.03
3123.54
3127.94
3132.24
3136.41
3140.49
3144.43
3148.3
3152
3155.64
3159.12
3162.53
3165.8
3168.98
3172.04
3175
3177.86
3180.61
3183.27
3185.82
3188.3
3190.67
3192.97
3195.18
3197.32
3199.37
3201.34
3203.24
3205.1
3207.03
3209.52
1489.27
2398.96
2533.18
2560.45
2578.19
2589.16
2597.74
2605.23
2612.54
2619.95
2627.74
2635.95
2644.49
2652.93
2660.9
2668.21
2674.89
2680.96
2686.46
2691.55
2696.56
2701.76
2707.23
2712.99
2719.34
2726.71
2735.35
2745.13
2755.55
2766.12
2776.5
2786.49
2796.03
2805.09
2813.68
2821.82
2829.54
2836.87
2843.84
2850.53
2856.98
2863.26
2869.36
2875.31
2881.09
2886.71
2892.17
2897.51
2902.74
2907.87
2912.91
2917.89
2922.83
2927.75
2932.64
2937.49
2942.32
2947.16
2952.06
2957.04
2962.08
2967.13
2972.17
2977.25
2982.4
2987.66
2993.04
2998.5
3004.02
3009.57
3015.13
3020.71
3026.3
3031.9
3037.51
3043.12
3048.73
3054.34
3059.94
3065.5
3071.04
3076.52
3081.96
3087.33
3092.63
3097.84
3102.98
3108.02
3112.97
3117.81
3122.55
3127.19
3131.71
3136.13
3140.42
3144.62
3148.67
3152.64
3156.46
3160.2
3163.8
3167.31
3170.68
3173.96
3177.12
3180.17
3183.12
3185.96
3188.7
3191.33
3193.88
3196.32
3198.67
3200.93
3203.1
3205.17
3207.15
3209.06
3210.93
3212.88
3215.36
1489.2
2396.58
2532.12
2560.18
2578.03
2589.03
2597.63
2605.12
2612.42
2619.82
2627.58
2635.78
2644.3
2652.73
2660.69
2668
2674.67
2680.75
2686.26
2691.35
2696.37
2701.59
2707.06
2712.86
2719.26
2726.71
2735.45
2745.3
2755.77
2766.36
2776.73
2786.72
2796.25
2805.29
2813.85
2821.97
2829.66
2836.96
2843.91
2850.57
2857.01
2863.27
2869.38
2875.31
2881.08
2886.68
2892.15
2897.49
2902.72
2907.86
2912.91
2917.91
2922.88
2927.82
2932.74
2937.61
2942.46
2947.36
2952.33
2957.37
2962.44
2967.51
2972.59
2977.73
2982.96
2988.32
2993.78
2999.32
3004.9
3010.51
3016.12
3021.76
3027.41
3033.08
3038.77
3044.48
3050.2
3055.92
3061.63
3067.31
3072.96
3078.56
3084.11
3089.58
3095
3100.32
3105.56
3110.7
3115.76
3120.7
3125.55
3130.29
3134.9
3139.43
3143.81
3148.1
3152.24
3156.31
3160.22
3164.05
3167.73
3171.32
3174.77
3178.13
3181.37
3184.5
3187.52
3190.44
3193.25
3195.96
3198.58
3201.1
3203.54
3205.88
3208.14
3210.31
3212.4
3214.42
3216.41
3218.49
3221.2
1488.83
2394.11
2531.07
2559.91
2577.88
2588.9
2597.52
2605.01
2612.3
2619.68
2627.43
2635.61
2644.1
2652.52
2660.48
2667.79
2674.46
2680.54
2686.05
2691.15
2696.18
2701.41
2706.9
2712.73
2719.19
2726.72
2735.54
2745.46
2755.98
2766.59
2776.96
2786.95
2796.46
2805.48
2814.02
2822.1
2829.76
2837.03
2843.96
2850.6
2857.03
2863.28
2869.37
2875.3
2881.05
2886.65
2892.11
2897.45
2902.68
2907.82
2912.89
2917.91
2922.9
2927.87
2932.79
2937.68
2942.58
2947.52
2952.55
2957.62
2962.72
2967.81
2972.93
2978.14
2983.46
2988.91
2994.45
3000.04
3005.65
3011.28
3016.94
3022.63
3028.35
3034.1
3039.88
3045.69
3051.52
3057.34
3063.16
3068.94
3074.7
3080.39
3086.04
3091.61
3097.12
3102.53
3107.87
3113.1
3118.24
3123.28
3128.21
3133.03
3137.73
3142.34
3146.8
3151.18
3155.41
3159.55
3163.54
3167.44
3171.2
3174.86
3178.4
3181.82
3185.13
3188.33
3191.42
3194.39
3197.27
3200.04
3202.71
3205.28
3207.75
3210.12
3212.41
3214.59
3216.69
3218.7
3220.66
3222.7
3225.32
1488.49
2391.56
2530.03
2559.66
2577.73
2588.78
2597.41
2604.9
2612.18
2619.55
2627.28
2635.43
2643.91
2652.32
2660.27
2667.57
2674.25
2680.33
2685.85
2690.95
2695.99
2701.22
2706.73
2712.59
2719.11
2726.72
2735.64
2745.63
2756.18
2766.81
2777.19
2787.16
2796.66
2805.65
2814.17
2822.23
2829.86
2837.1
2844
2850.63
2857.04
2863.28
2869.36
2875.27
2881.02
2886.6
2892.06
2897.39
2902.63
2907.77
2912.85
2917.89
2922.9
2927.88
2932.81
2937.72
2942.65
2947.65
2952.72
2957.82
2962.92
2968.03
2973.2
2978.47
2983.86
2989.37
2994.95
3000.57
3006.21
3011.87
3017.56
3023.29
3029.06
3034.89
3040.76
3046.65
3052.57
3058.47
3064.37
3070.23
3076.06
3081.82
3087.54
3093.18
3098.75
3104.23
3109.64
3114.94
3120.15
3125.25
3130.24
3135.14
3139.9
3144.57
3149.09
3153.54
3157.82
3162.02
3166.07
3170.03
3173.85
3177.56
3181.14
3184.62
3187.98
3191.22
3194.36
3197.38
3200.31
3203.12
3205.84
3208.45
3210.98
3213.4
3215.74
3217.99
3220.15
3222.24
3224.3
3226.43
3229.23
1488.07
2388.92
2529
2559.41
2577.58
2588.65
2597.31
2604.8
2612.07
2619.42
2627.12
2635.26
2643.72
2652.12
2660.05
2667.35
2674.03
2680.12
2685.64
2690.75
2695.79
2701.04
2706.57
2712.46
2719.03
2726.73
2735.74
2745.8
2756.39
2767.03
2777.41
2787.37
2796.85
2805.82
2814.31
2822.35
2829.95
2837.16
2844.03
2850.64
2857.04
2863.26
2869.33
2875.23
2880.96
2886.54
2891.99
2897.32
2902.55
2907.7
2912.79
2917.84
2922.87
2927.85
2932.8
2937.73
2942.69
2947.73
2952.83
2957.94
2963.05
2968.18
2973.39
2978.73
2984.19
2989.74
2995.34
3000.96
3006.6
3012.27
3018
3023.78
3029.63
3035.53
3041.48
3047.45
3053.44
3059.41
3065.36
3071.28
3077.16
3082.98
3088.76
3094.44
3100.07
3105.6
3111.05
3116.41
3121.66
3126.82
3131.86
3136.8
3141.61
3146.33
3150.9
3155.39
3159.72
3163.97
3168.06
3172.06
3175.92
3179.68
3183.3
3186.82
3190.21
3193.5
3196.67
3199.73
3202.68
3205.52
3208.27
3210.91
3213.46
3215.89
3218.24
3220.48
3222.64
3224.71
3226.75
3228.85
3231.64
1487.56
2386.18
2527.98
2559.17
2577.44
2588.53
2597.2
2604.69
2611.95
2619.29
2626.97
2635.09
2643.53
2651.91
2659.84
2667.13
2673.81
2679.9
2685.42
2690.55
2695.6
2700.85
2706.4
2712.32
2718.96
2726.74
2735.84
2745.96
2756.58
2767.24
2777.62
2787.57
2797.03
2805.98
2814.45
2822.45
2830.02
2837.2
2844.05
2850.64
2857.02
2863.23
2869.28
2875.17
2880.89
2886.46
2891.9
2897.22
2902.45
2907.6
2912.7
2917.77
2922.8
2927.78
2932.73
2937.69
2942.7
2947.77
2952.88
2958
2963.1
2968.25
2973.51
2978.89
2984.39
2989.96
2995.56
3001.17
3006.82
3012.51
3018.27
3024.09
3029.99
3035.95
3041.96
3047.97
3054
3060
3065.98
3071.92
3077.84
3083.68
3089.48
3095.19
3100.84
3106.4
3111.88
3117.27
3122.55
3127.74
3132.81
3137.78
3142.62
3147.37
3151.97
3156.49
3160.85
3165.12
3169.24
3173.27
3177.15
3180.92
3184.57
3188.11
3191.52
3194.82
3198.01
3201.09
3204.06
3206.92
3209.68
3212.33
3214.9
3217.35
3219.74
3221.99
3224.2
3226.26
3228.38
3230.39
3233.34
1487
2383.34
2526.97
2558.94
2577.29
2588.4
2597.1
2604.59
2611.84
2619.15
2626.82
2634.92
2643.34
2651.7
2659.62
2666.91
2673.59
2679.68
2685.21
2690.34
2695.4
2700.67
2706.23
2712.19
2718.89
2726.75
2735.93
2746.12
2756.78
2767.45
2777.83
2787.77
2797.21
2806.13
2814.57
2822.55
2830.09
2837.24
2844.06
2850.63
2856.99
2863.19
2869.23
2875.1
2880.8
2886.36
2891.79
2897.11
2902.34
2907.49
2912.6
2917.67
2922.7
2927.68
2932.65
2937.62
2942.66
2947.77
2952.89
2957.99
2963.09
2968.26
2973.55
2978.98
2984.51
2990.07
2995.64
3001.24
3006.88
3012.59
3018.38
3024.26
3030.21
3036.22
3042.25
3048.28
3054.32
3060.34
3066.34
3072.29
3078.21
3084.06
3089.87
3095.59
3101.26
3106.83
3112.32
3117.72
3123.02
3128.22
3133.3
3138.29
3143.15
3147.91
3152.53
3157.05
3161.43
3165.71
3169.85
3173.88
3177.77
3181.55
3185.21
3188.75
3192.17
3195.48
3198.67
3201.75
3204.72
3207.58
3210.35
3213
3215.57
3218
3220.39
3222.61
3224.82
3226.84
3228.98
3230.87
3233.95
1486.48
2380.38
2525.97
2558.72
2577.15
2588.28
2597
2604.49
2611.73
2619.03
2626.67
2634.74
2643.15
2651.49
2659.4
2666.69
2673.37
2679.47
2685
2690.13
2695.2
2700.47
2706.05
2712.05
2718.81
2726.77
2736.03
2746.27
2756.97
2767.65
2778.03
2787.96
2797.37
2806.28
2814.69
2822.64
2830.15
2837.26
2844.06
2850.6
2856.95
2863.13
2869.15
2875.01
2880.7
2886.24
2891.66
2896.97
2902.2
2907.35
2912.46
2917.53
2922.56
2927.55
2932.52
2937.52
2942.59
2947.68
2952.78
2957.86
2962.96
2968.17
2973.52
2978.99
2984.51
2990.05
2995.59
3001.16
3006.79
3012.51
3018.34
3024.27
3030.25
3036.27
3042.3
3048.33
3054.37
3060.37
3066.37
3072.31
3078.22
3084.07
3089.87
3095.59
3101.25
3106.82
3112.32
3117.72
3123.01
3128.22
3133.31
3138.3
3143.16
3147.92
3152.55
3157.07
3161.45
3165.73
3169.87
3173.89
3177.79
3181.57
3185.22
3188.76
3192.18
3195.47
3198.66
3201.73
3204.7
3207.54
3210.31
3212.94
3215.51
3217.93
3220.31
3222.53
3224.74
3226.74
3228.83
3230.62
3233.77
1485.64
2377.33
2524.98
2558.5
2577
2588.16
2596.89
2604.39
2611.62
2618.9
2626.52
2634.57
2642.96
2651.29
2659.18
2666.47
2673.14
2679.24
2684.78
2689.92
2694.99
2700.28
2705.88
2711.92
2718.74
2726.78
2736.12
2746.42
2757.15
2767.85
2778.22
2788.14
2797.53
2806.41
2814.8
2822.72
2830.19
2837.28
2844.05
2850.57
2856.9
2863.06
2869.07
2874.9
2880.58
2886.11
2891.52
2896.82
2902.04
2907.19
2912.3
2917.37
2922.39
2927.38
2932.36
2937.38
2942.46
2947.55
2952.63
2957.69
2962.81
2968.04
2973.41
2978.85
2984.33
2989.8
2995.29
3000.85
3006.49
3012.25
3018.1
3024.02
3029.99
3035.98
3041.98
3047.97
3053.95
3059.9
3065.84
3071.72
3077.58
3083.38
3089.13
3094.81
3100.43
3105.97
3111.43
3116.8
3122.07
3127.25
3132.31
3137.27
3142.1
3146.84
3151.43
3155.92
3160.27
3164.51
3168.61
3172.6
3176.46
3180.2
3183.82
3187.31
3190.69
3193.95
3197.11
3200.14
3203.08
3205.88
3208.62
3211.21
3213.74
3216.13
3218.47
3220.66
3222.84
3224.84
3226.89
3228.59
3231.88
1484.88
2374.14
2524.01
2558.29
2576.86
2588.04
2596.79
2604.29
2611.51
2618.77
2626.37
2634.4
2642.76
2651.08
2658.96
2666.24
2672.92
2679.02
2684.56
2689.7
2694.79
2700.09
2705.7
2711.78
2718.67
2726.79
2736.21
2746.57
2757.33
2768.04
2778.41
2788.31
2797.68
2806.54
2814.9
2822.78
2830.23
2837.28
2844.02
2850.52
2856.83
2862.98
2868.97
2874.78
2880.44
2885.96
2891.35
2896.65
2901.86
2907.01
2912.11
2917.17
2922.19
2927.17
2932.17
2937.2
2942.28
2947.35
2952.39
2957.44
2962.57
2967.83
2973.2
2978.62
2984.05
2989.48
2994.95
3000.49
3006.15
3011.9
3017.75
3023.65
3029.59
3035.53
3041.48
3047.41
3053.34
3059.23
3065.11
3070.95
3076.77
3082.53
3088.25
3093.9
3099.49
3105.01
3110.45
3115.8
3121.05
3126.21
3131.24
3136.19
3141
3145.71
3150.29
3154.75
3159.08
3163.3
3167.38
3171.34
3175.17
3178.89
3182.48
3185.94
3189.29
3192.52
3195.64
3198.64
3201.54
3204.31
3207
3209.56
3212.04
3214.39
3216.67
3218.82
3220.92
3222.88
3224.82
3226.38
3229.63
1484.08
2370.86
2523.05
2558.09
2576.72
2587.92
2596.69
2604.19
2611.39
2618.64
2626.22
2634.23
2642.57
2650.87
2658.74
2666.01
2672.69
2678.79
2684.34
2689.49
2694.58
2699.89
2705.52
2711.64
2718.6
2726.81
2736.31
2746.72
2757.5
2768.22
2778.59
2788.47
2797.83
2806.66
2814.99
2822.84
2830.25
2837.27
2843.99
2850.46
2856.75
2862.88
2868.85
2874.65
2880.29
2885.79
2891.17
2896.45
2901.66
2906.8
2911.9
2916.95
2921.95
2926.94
2931.94
2936.98
2942.04
2947.08
2952.1
2957.14
2962.28
2967.55
2972.9
2978.27
2983.63
2988.99
2994.42
2999.95
3005.59
3011.34
3017.15
3023
3028.86
3034.72
3040.58
3046.42
3052.26
3058.08
3063.88
3069.65
3075.39
3081.09
3086.75
3092.35
3097.89
3103.35
3108.73
3114.03
3119.22
3124.33
3129.31
3134.19
3138.95
3143.59
3148.11
3152.51
3156.78
3160.93
3164.94
3168.84
3172.61
3176.26
3179.78
3183.18
3186.47
3189.63
3192.7
3195.63
3198.48
3201.2
3203.83
3206.34
3208.77
3211.08
3213.33
3215.45
3217.53
3219.46
3221.37
3222.82
3226.15
1483.31
2367.41
2522.11
2557.9
2576.58
2587.81
2596.6
2604.09
2611.28
2618.51
2626.07
2634.05
2642.37
2650.65
2658.52
2665.79
2672.46
2678.57
2684.11
2689.27
2694.37
2699.69
2705.34
2711.5
2718.54
2726.83
2736.41
2746.86
2757.67
2768.4
2778.76
2788.63
2797.96
2806.77
2815.07
2822.89
2830.27
2837.25
2843.94
2850.39
2856.67
2862.78
2868.72
2874.5
2880.12
2885.6
2890.97
2896.24
2901.43
2906.57
2911.66
2916.69
2921.69
2926.67
2931.68
2936.71
2941.75
2946.75
2951.74
2956.78
2961.93
2967.19
2972.5
2977.8
2983.09
2988.4
2993.8
2999.31
3004.94
3010.64
3016.39
3022.16
3027.92
3033.69
3039.45
3045.2
3050.95
3056.68
3062.4
3068.09
3073.77
3079.41
3085.01
3090.55
3096.03
3101.43
3106.75
3111.99
3117.13
3122.17
3127.09
3131.92
3136.62
3141.21
3145.67
3150.01
3154.23
3158.32
3162.28
3166.13
3169.84
3173.43
3176.9
3180.24
3183.47
3186.57
3189.57
3192.44
3195.22
3197.88
3200.44
3202.88
3205.24
3207.47
3209.64
3211.69
3213.69
3215.55
3217.39
3218.68
3222
1482.41
2363.85
2521.2
2557.71
2576.44
2587.69
2596.5
2603.99
2611.18
2618.39
2625.93
2633.88
2642.18
2650.44
2658.29
2665.55
2672.23
2678.34
2683.89
2689.05
2694.16
2699.49
2705.16
2711.36
2718.47
2726.85
2736.5
2747
2757.83
2768.57
2778.93
2788.78
2798.09
2806.87
2815.14
2822.93
2830.27
2837.23
2843.88
2850.31
2856.56
2862.65
2868.58
2874.33
2879.93
2885.4
2890.75
2896
2901.18
2906.31
2911.38
2916.41
2921.39
2926.37
2931.37
2936.4
2941.4
2946.36
2951.33
2956.37
2961.52
2966.75
2971.99
2977.21
2982.41
2987.68
2993.04
2998.53
3004.11
3009.74
3015.39
3021.04
3026.69
3032.34
3037.98
3043.62
3049.26
3054.88
3060.51
3066.12
3071.72
3077.27
3082.79
3088.25
3093.65
3098.97
3104.2
3109.36
3114.41
3119.36
3124.2
3128.93
3133.55
3138.05
3142.42
3146.68
3150.81
3154.81
3158.69
3162.45
3166.08
3169.59
3172.98
3176.24
3179.39
3182.43
3185.35
3188.16
3190.87
3193.45
3195.95
3198.33
3200.62
3202.8
3204.91
3206.9
3208.84
3210.65
3212.43
3213.59
3216.88
1481.51
2360.1
2520.29
2557.52
2576.31
2587.58
2596.4
2603.89
2611.07
2618.26
2625.78
2633.71
2641.98
2650.23
2658.06
2665.32
2671.99
2678.1
2683.66
2688.82
2693.94
2699.28
2704.98
2711.22
2718.4
2726.87
2736.6
2747.14
2757.99
2768.74
2779.09
2788.93
2798.21
2806.96
2815.2
2822.96
2830.26
2837.19
2843.81
2850.22
2856.45
2862.52
2868.42
2874.15
2879.73
2885.18
2890.51
2895.75
2900.91
2906.03
2911.08
2916.09
2921.06
2926.04
2931.03
2936.03
2940.99
2945.92
2950.86
2955.9
2961.04
2966.22
2971.38
2976.5
2981.64
2986.85
2992.18
2997.62
3003.12
3008.66
3014.19
3019.72
3025.24
3030.76
3036.28
3041.8
3047.33
3052.86
3058.39
3063.91
3069.41
3074.88
3080.29
3085.65
3090.94
3096.15
3101.28
3106.33
3111.27
3116.12
3120.85
3125.49
3130.01
3134.41
3138.7
3142.87
3146.91
3150.83
3154.63
3158.31
3161.86
3165.3
3168.61
3171.8
3174.87
3177.83
3180.68
3183.42
3186.05
3188.56
3190.98
3193.29
3195.51
3197.62
3199.66
3201.58
3203.46
3205.2
3206.91
3207.93
3211.19
1480.48
2356.24
2519.41
2557.34
2576.17
2587.46
2596.31
2603.8
2610.96
2618.13
2625.63
2633.54
2641.79
2650.01
2657.84
2665.09
2671.76
2677.87
2683.43
2688.6
2693.72
2699.07
2704.79
2711.08
2718.33
2726.89
2736.68
2747.27
2758.15
2768.9
2779.25
2789.06
2798.32
2807.05
2815.26
2822.97
2830.24
2837.14
2843.74
2850.12
2856.32
2862.37
2868.24
2873.95
2879.51
2884.93
2890.25
2895.47
2900.62
2905.72
2910.76
2915.74
2920.7
2925.67
2930.65
2935.61
2940.53
2945.42
2950.35
2955.38
2960.48
2965.59
2970.65
2975.68
2980.75
2985.92
2991.2
2996.56
3001.96
3007.37
3012.77
3018.15
3023.53
3028.9
3034.28
3039.68
3045.09
3050.51
3055.94
3061.35
3066.73
3072.07
3077.36
3082.58
3087.74
3092.83
3097.83
3102.74
3107.56
3112.29
3116.9
3121.42
3125.82
3130.12
3134.29
3138.35
3142.29
3146.11
3149.81
3153.39
3156.85
3160.2
3163.42
3166.53
3169.53
3172.41
3175.18
3177.85
3180.41
3182.86
3185.21
3187.46
3189.61
3191.67
3193.64
3195.52
3197.33
3199.01
3200.69
3201.61
3204.83
1479.39
2352.14
2518.55
2557.17
2576.03
2587.35
2596.21
2603.7
2610.85
2618.01
2625.48
2633.36
2641.59
2649.8
2657.61
2664.85
2671.52
2677.63
2683.19
2688.37
2693.5
2698.86
2704.61
2710.94
2718.27
2726.9
2736.76
2747.4
2758.3
2769.06
2779.39
2789.19
2798.43
2807.12
2815.3
2822.98
2830.21
2837.08
2843.65
2850.01
2856.19
2862.2
2868.05
2873.74
2879.27
2884.68
2889.97
2895.17
2900.31
2905.38
2910.4
2915.37
2920.31
2925.27
2930.22
2935.14
2940.02
2944.88
2949.8
2954.8
2959.85
2964.87
2969.83
2974.77
2979.78
2984.89
2990.1
2995.37
3000.65
3005.91
3011.16
3016.38
3021.61
3026.84
3032.09
3037.36
3042.66
3047.96
3053.26
3058.53
3063.77
3068.95
3074.08
3079.15
3084.15
3089.07
3093.91
3098.66
3103.33
3107.9
3112.37
3116.75
3121.02
3125.18
3129.24
3133.18
3137.01
3140.74
3144.34
3147.83
3151.2
3154.46
3157.61
3160.64
3163.56
3166.38
3169.08
3171.68
3174.18
3176.57
3178.86
3181.05
3183.15
3185.15
3187.08
3188.91
3190.67
3192.31
3193.94
3194.74
3197.95
1478.11
2347.91
2517.72
2557
2575.9
2587.24
2596.12
2603.61
2610.74
2617.88
2625.33
2633.19
2641.39
2649.58
2657.37
2664.61
2671.28
2677.39
2682.96
2688.14
2693.28
2698.65
2704.42
2710.8
2718.2
2726.92
2736.84
2747.52
2758.45
2769.21
2779.54
2789.32
2798.53
2807.19
2815.33
2822.97
2830.17
2837
2843.55
2849.88
2856.04
2862.03
2867.85
2873.51
2879.02
2884.4
2889.67
2894.85
2899.97
2905.02
2910.02
2914.96
2919.89
2924.83
2929.75
2934.63
2939.46
2944.29
2949.19
2954.16
2959.13
2964.05
2968.9
2973.76
2978.71
2983.75
2988.87
2994.02
2999.15
3004.25
3009.33
3014.39
3019.46
3024.54
3029.65
3034.79
3039.95
3045.1
3050.24
3055.33
3060.39
3065.39
3070.34
3075.22
3080.04
3084.78
3089.45
3094.04
3098.54
3102.96
3107.28
3111.51
3115.63
3119.65
3123.57
3127.39
3131.09
3134.69
3138.18
3141.57
3144.84
3148
3151.06
3154.01
3156.85
3159.59
3162.23
3164.76
3167.2
3169.53
3171.77
3173.91
3175.96
3177.92
3179.8
3181.58
3183.29
3184.83
3186.49
3187.22
3190.42
1476.78
2343.4
2516.9
2556.84
2575.76
2587.13
2596.02
2603.51
2610.63
2617.75
2625.18
2633.02
2641.2
2649.36
2657.14
2664.37
2671.04
2677.15
2682.72
2687.9
2693.05
2698.44
2704.23
2710.67
2718.14
2726.93
2736.92
2747.64
2758.59
2769.36
2779.67
2789.43
2798.61
2807.24
2815.35
2822.96
2830.13
2836.92
2843.44
2849.75
2855.88
2861.84
2867.64
2873.27
2878.75
2884.1
2889.35
2894.52
2899.61
2904.64
2909.61
2914.53
2919.44
2924.35
2929.24
2934.07
2938.86
2943.67
2948.54
2953.45
2958.33
2963.14
2967.89
2972.68
2977.56
2982.52
2987.54
2992.54
2997.51
3002.44
3007.35
3012.24
3017.15
3022.08
3027.06
3032.05
3037.04
3042.02
3046.96
3051.86
3056.71
3061.5
3066.23
3070.9
3075.5
3080.03
3084.49
3088.87
3093.17
3097.39
3101.51
3105.56
3109.51
3113.38
3117.14
3120.82
3124.39
3127.87
3131.25
3134.53
3137.71
3140.79
3143.76
3146.64
3149.42
3152.1
3154.68
3157.17
3159.56
3161.85
3164.05
3166.16
3168.19
3170.11
3171.98
3173.71
3175.4
3176.81
3178.52
3179.24
3182.48
1475.15
2338.77
2516.12
2556.67
2575.63
2587.01
2595.93
2603.41
2610.53
2617.63
2625.04
2632.84
2641
2649.14
2656.91
2664.13
2670.79
2676.91
2682.47
2687.67
2692.82
2698.22
2704.04
2710.53
2718.08
2726.96
2737
2747.76
2758.73
2769.5
2779.81
2789.54
2798.69
2807.29
2815.36
2822.93
2830.07
2836.83
2843.32
2849.6
2855.7
2861.64
2867.4
2873.01
2878.46
2883.79
2889.01
2894.15
2899.22
2904.23
2909.17
2914.07
2918.96
2923.84
2928.68
2933.46
2938.21
2943
2947.83
2952.68
2957.45
2962.14
2966.8
2971.52
2976.32
2981.19
2986.07
2990.91
2995.7
3000.45
3005.17
3009.89
3014.63
3019.41
3024.22
3029.03
3033.83
3038.59
3043.31
3047.97
3052.59
3057.14
3061.65
3066.09
3070.47
3074.78
3079.02
3083.19
3087.29
3091.31
3095.25
3099.1
3102.88
3106.57
3110.17
3113.68
3117.1
3120.44
3123.68
3126.83
3129.88
3132.85
3135.72
3138.51
3141.2
3143.81
3146.32
3148.75
3151.09
3153.34
3155.5
3157.58
3159.58
3161.48
3163.33
3165.04
3166.73
3168.09
3169.8
3170.53
3173.79
2624.89
2632.67
2640.8
2648.92
2656.67
2663.89
2670.55
2676.66
2682.23
2687.43
2692.59
2698
2703.85
2710.39
2718.02
2726.99
2737.08
2747.87
2758.87
2769.64
2779.93
2789.64
2798.76
2807.32
2815.36
2822.9
2830
2836.74
2843.2
2849.45
2855.52
2861.43
2867.16
2872.74
2878.17
2883.47
2888.67
2893.78
2898.83
2903.8
2908.71
2913.59
2918.46
2923.3
2928.1
2932.83
2937.55
2942.3
2947.09
2951.84
2956.51
2961.09
2965.67
2970.32
2975.04
2979.79
2984.52
2989.2
2993.8
2998.36
3002.9
3007.45
3012.04
3016.65
3021.28
3025.88
3030.45
3034.98
3039.45
3043.87
3048.23
3052.53
3056.77
3060.94
3065.06
3069.1
3073.07
3076.98
3080.82
3084.59
3088.29
3091.92
3095.49
3098.98
3102.39
3105.73
3108.99
3112.17
3115.27
3118.29
3121.23
3124.09
3126.86
3129.56
3132.18
3134.71
3137.17
3139.55
3141.85
3144.07
3146.21
3148.27
3150.27
3152.17
3154.02
3155.74
3157.44
3158.75
3160.52
3161.27
3164.65
2624.75
2632.5
2640.61
2648.71
2656.45
2663.65
2670.31
2676.42
2682
2687.2
2692.37
2697.79
2703.66
2710.26
2717.97
2727.02
2737.16
2747.98
2758.99
2769.77
2780.04
2789.73
2798.82
2807.34
2815.35
2822.86
2829.93
2836.63
2843.06
2849.29
2855.34
2861.21
2866.92
2872.46
2877.86
2883.14
2888.31
2893.4
2898.42
2903.36
2908.25
2913.1
2917.94
2922.75
2927.5
2932.19
2936.87
2941.59
2946.31
2950.97
2955.53
2960.02
2964.52
2969.09
2973.72
2978.34
2982.91
2987.39
2991.81
2996.18
3000.54
3004.92
3009.33
3013.75
3018.16
3022.54
3026.86
3031.12
3035.33
3039.48
3043.57
3047.6
3051.57
3055.47
3059.31
3063.09
3066.8
3070.46
3074.06
3077.59
3081.06
3084.47
3087.8
3091.07
3094.27
3097.4
3100.45
3103.43
3106.34
3109.17
3111.93
3114.63
3117.25
3119.8
3122.28
3124.69
3127.04
3129.32
3131.54
3133.69
3135.78
3137.8
3139.77
3141.65
3143.5
3145.23
3146.96
3148.3
3150.1
3150.84
3154.38
2624.61
2632.34
2640.42
2648.5
2656.22
2663.42
2670.07
2676.19
2681.76
2686.97
2692.14
2697.58
2703.48
2710.12
2717.92
2727.04
2737.23
2748.09
2759.11
2769.89
2780.15
2789.81
2798.87
2807.36
2815.34
2822.82
2829.85
2836.52
2842.93
2849.12
2855.14
2860.99
2866.67
2872.18
2877.55
2882.8
2887.95
2893.01
2898
2902.91
2907.77
2912.6
2917.41
2922.18
2926.88
2931.53
2936.18
2940.85
2945.5
2950.06
2954.52
2958.93
2963.36
2967.85
2972.37
2976.85
2981.25
2985.56
2989.79
2993.98
2998.18
3002.39
3006.63
3010.85
3015.04
3019.18
3023.26
3027.27
3031.22
3035.11
3038.93
3042.68
3046.35
3049.96
3053.5
3056.97
3060.39
3063.75
3067.06
3070.31
3073.51
3076.65
3079.72
3082.74
3085.7
3088.59
3091.41
3094.17
3096.87
3099.5
3102.06
3104.56
3106.99
3109.37
3111.68
3113.93
3116.13
3118.27
3120.36
3122.39
3124.37
3126.3
3128.19
3130.02
3131.82
3133.53
3135.25
3136.58
3138.38
3139
3142.78
2624.47
2632.18
2640.23
2648.29
2655.99
2663.18
2669.83
2675.95
2681.53
2686.74
2691.92
2697.37
2703.3
2709.99
2717.86
2727.06
2737.3
2748.19
2759.23
2770
2780.25
2789.89
2798.91
2807.37
2815.32
2822.77
2829.76
2836.4
2842.78
2848.95
2854.94
2860.76
2866.4
2871.89
2877.23
2882.45
2887.57
2892.6
2897.56
2902.44
2907.27
2912.08
2916.85
2921.57
2926.23
2930.84
2935.46
2940.08
2944.65
2949.11
2953.47
2957.8
2962.16
2966.56
2970.96
2975.28
2979.5
2983.61
2987.66
2991.68
2995.7
2999.74
3003.78
3007.79
3011.75
3015.64
3019.46
3023.22
3026.91
3030.52
3034.07
3037.54
3040.94
3044.27
3047.56
3050.79
3053.97
3057.1
3060.18
3063.21
3066.18
3069.09
3071.93
3074.72
3077.44
3080.09
3082.68
3085.21
3087.67
3090.06
3092.39
3094.65
3096.84
3098.98
3101.05
3103.07
3105.02
3106.93
3108.79
3110.6
3112.37
3114.09
3115.79
3117.45
3119.1
3120.69
3122.31
3123.56
3125.21
3125.52
3129.4
2624.33
2632.01
2640.04
2648.07
2655.77
2662.94
2669.59
2675.71
2681.29
2686.51
2691.69
2697.15
2703.11
2709.86
2717.8
2727.07
2737.36
2748.29
2759.35
2770.12
2780.35
2789.96
2798.96
2807.38
2815.3
2822.71
2829.67
2836.28
2842.62
2848.76
2854.73
2860.51
2866.12
2871.58
2876.89
2882.08
2887.17
2892.17
2897.09
2901.95
2906.75
2911.53
2916.26
2920.94
2925.54
2930.12
2934.69
2939.25
2943.73
2948.09
2952.37
2956.62
2960.91
2965.22
2969.48
2973.63
2977.67
2981.6
2985.47
2989.31
2993.17
2997.03
3000.86
3004.65
3008.38
3012.03
3015.6
3019.1
3022.53
3025.87
3029.14
3032.32
3035.44
3038.49
3041.5
3044.46
3047.37
3050.23
3053.04
3055.8
3058.51
3061.17
3063.77
3066.32
3068.82
3071.27
3073.66
3075.99
3078.27
3080.5
3082.66
3084.76
3086.8
3088.78
3090.69
3092.54
3094.33
3096.06
3097.73
3099.35
3100.9
3102.41
3103.86
3105.28
3106.65
3107.98
3109.3
3110.24
3111.57
3111.6
3115.52
2624.19
2631.84
2639.84
2647.86
2655.53
2662.7
2669.35
2675.46
2681.05
2686.26
2691.46
2696.93
2702.92
2709.73
2717.74
2727.08
2737.43
2748.39
2759.47
2770.23
2780.45
2790.03
2799
2807.39
2815.27
2822.64
2829.56
2836.14
2842.46
2848.57
2854.5
2860.25
2865.83
2871.25
2876.53
2881.69
2886.75
2891.72
2896.61
2901.43
2906.2
2910.94
2915.64
2920.26
2924.82
2929.36
2933.89
2938.38
2942.76
2947.03
2951.22
2955.41
2959.61
2963.79
2967.89
2971.87
2975.71
2979.45
2983.14
2986.81
2990.47
2994.12
2997.73
3001.28
3004.75
3008.13
3011.44
3014.66
3017.79
3020.84
3023.8
3026.69
3029.53
3032.32
3035.07
3037.77
3040.43
3043.04
3045.6
3048.11
3050.56
3052.96
3055.3
3057.6
3059.84
3062.04
3064.18
3066.28
3068.33
3070.32
3072.26
3074.15
3075.98
3077.74
3079.43
3081.06
3082.61
3084.08
3085.46
3086.77
3087.99
3089.12
3090.17
3091.13
3092
3092.73
3093.59
3093.94
3094.64
3094.3
3096.76
2799.03
2807.39
2815.24
2822.57
2829.45
2835.99
2842.28
2848.36
2854.26
2859.98
2865.52
2870.91
2876.15
2881.28
2886.31
2891.24
2896.1
2900.88
2905.63
2910.33
2914.97
2919.55
2924.07
2928.57
2933.04
2937.45
2941.74
2945.91
2950.03
2954.14
2958.25
2962.3
2966.24
2970.03
2973.68
2977.24
2980.75
2984.24
2987.72
2991.16
2994.55
2997.85
3001.06
3004.19
3007.22
3010.15
3012.99
3015.73
3018.38
3020.97
3023.5
3025.98
3028.41
3030.79
3033.11
3035.36
3037.55
3039.68
3041.75
3043.77
3045.75
3047.67
3049.56
3051.41
3053.23
3055.02
3056.78
3058.5
3060.19
3061.85
3063.46
3065.02
3066.53
3067.99
3069.37
3070.68
3071.92
3073.08
3074.15
3075.13
3076.04
3076.85
3077.61
3078.04
3078.87
3079.12
3079.63
3079.46
3080.66
2842.1
2848.14
2854.01
2859.69
2865.2
2870.55
2875.76
2880.86
2885.85
2890.75
2895.56
2900.32
2905.03
2909.69
2914.28
2918.8
2923.29
2927.75
2932.16
2936.48
2940.67
2944.77
2948.81
2952.85
2956.84
2960.74
2964.49
2968.1
2971.56
2974.94
2978.27
2981.57
2984.84
2988.05
2991.18
2994.22
2997.15
2999.99
3002.72
3005.34
3007.85
3010.27
3012.61
3014.88
3017.11
3019.29
3021.41
3023.46
3025.45
3027.37
3029.22
3031.01
3032.73
3034.39
3036
3037.56
3039.07
3040.55
3041.98
3043.39
3044.78
3046.16
3047.52
3048.87
3050.21
3051.53
3052.84
3054.13
3055.38
3056.6
3057.75
3058.84
3059.86
3060.79
3061.63
3062.31
3063.03
3063.28
3064.21
3064.46
3064.95
3064.98
3065.79
2847.92
2853.75
2859.4
2864.87
2870.19
2875.36
2880.42
2885.38
2890.23
2895.01
2899.73
2904.4
2909.02
2913.56
2918.03
2922.48
2926.89
2931.23
2935.45
2939.56
2943.58
2947.55
2951.49
2955.36
2959.1
2962.69
2966.11
2969.41
2972.62
2975.77
2978.88
2981.95
2984.93
2987.82
2990.61
2993.29
2995.85
2998.3
3000.62
3002.83
3004.94
3006.97
3008.93
3010.84
3012.68
3014.45
3016.13
3017.72
3019.23
3020.65
3021.99
3023.25
3024.44
3025.56
3026.63
3027.65
3028.62
3029.57
3030.49
3031.42
3032.37
3033.37
3034.43
3035.57
3036.8
3038.14
3039.57
3041.1
3042.71
3044.38
3046.08
3047.77
3049.42
3050.94
3052.26
3053.53
3054.44
3055.72
3056.28
3057.17
3057.21
3057.79
2847.69
2853.48
2859.09
2864.53
2869.81
2874.95
2879.97
2884.89
2889.71
2894.45
2899.13
2903.76
2908.32
2912.81
2917.25
2921.65
2926
2930.26
2934.4
2938.43
2942.39
2946.29
2950.14
2953.87
2957.46
2960.88
2964.15
2967.3
2970.37
2973.36
2976.29
2979.15
2981.92
2984.57
2987.1
2989.51
2991.79
2993.94
2995.94
2997.83
2999.62
3001.34
3003
3004.59
3006.1
3007.53
3008.87
3010.12
3011.26
3012.32
3013.28
3014.16
3014.97
3015.7
3016.38
3016.99
3017.54
3018.04
3018.48
3018.88
3019.29
3019.75
3020.29
3020.95
3021.77
3022.77
3023.98
3025.41
3027.04
3028.86
3030.81
3032.8
3034.72
3036.59
3038.34
3040.13
3041.82
3043.8
3044.61
3045.35
3046.05
3046.47
2847.46
2853.22
2858.8
2864.2
2869.44
2874.55
2879.54
2884.41
2889.19
2893.9
2898.55
2903.14
2907.66
2912.1
2916.51
2920.88
2925.19
2929.38
2933.44
2937.42
2941.33
2945.18
2948.93
2952.54
2955.99
2959.28
2962.41
2965.43
2968.35
2971.18
2973.93
2976.59
2979.14
2981.57
2983.86
2986.03
2988.05
2989.94
2991.69
2993.33
2994.88
2996.35
2997.77
2999.11
3000.39
3001.56
3002.64
3003.64
3004.52
3005.31
3006.01
3006.61
3007.14
3007.56
3007.91
3008.2
3008.31
3008.38
3008.28
3008.12
3007.92
3007.73
3007.6
3007.62
3007.8
3008.31
3009.25
3010.76
3012.89
3015.89
3019.72
3024.01
3028.05
3031.81
3035.09
3038.18
3041.23
3044.47
3048.64
3053.15
3057.95
3062.31
)
;

boundaryField
{
    inlet
    {
        type            fixedValue;
        value           uniform 2790;
    }
    obstacle
    {
        type            zeroGradient;
    }
    bottom
    {
        type            symmetry;
    }
    outlet
    {
        type            zeroGradient;
    }
    top
    {
        type            symmetry;
    }
    defaultFaces
    {
        type            empty;
    }
    procBoundary1to0
    {
        type            processor;
        value           nonuniform List<scalar> 
90
(
1472.81
2333.86
2515.36
2556.51
2575.49
2586.91
2595.84
2603.32
2610.42
2617.51
2617.51
2617.39
2617.27
2617.15
2617.03
2616.92
2624.04
2631.67
2639.65
2647.64
2655.3
2662.45
2669.09
2675.21
2680.8
2686.02
2691.22
2696.71
2702.73
2709.59
2717.68
2727.09
2737.49
2748.5
2759.59
2770.34
2780.54
2790.1
2790.1
2799.07
2807.39
2815.2
2822.49
2829.34
2835.84
2835.84
2841.9
2841.9
2841.71
2841.52
2845.05
2850.46
2855.68
2860.72
2865.6
2870.34
2874.94
2879.41
2883.78
2888.06
2892.25
2896.36
2900.38
2904.35
2908.28
2912.13
2915.88
2919.52
2923.11
2926.68
2930.2
2933.61
2936.84
2939.87
2942.76
2945.6
2948.42
2951.2
2953.85
2956.32
2958.58
2960.63
2962.47
2964.08
2965.45
2966.61
2967.63
2968.57
2969.48
2970.36
)
;
    }
    procBoundary1to2
    {
        type            processor;
        value           nonuniform List<scalar> 
42
(
2971.16
2971.83
2972.36
2972.74
2972.97
2973.08
2973.05
2972.89
2972.63
2972.27
2971.82
2971.29
2970.67
2969.99
2969.22
2968.35
2967.57
2966.64
2965.79
2964.85
2963.89
2962.87
2961.81
2960.71
2959.58
2958.37
2957.11
2955.91
2954.64
2953.46
2952.27
2951.16
2949.85
2948.78
2947.88
2947.06
2945.58
2944.54
2943.74
2942.66
2941.25
2942.54
)
;
    }
    procBoundary1to7
    {
        type            processor;
        value           nonuniform List<scalar> 
126
(
1592.86
2491.95
2598.25
2598.25
2594.71
2598.45
2605.31
2612.19
2618.89
2626.09
2633.74
2641.79
2650.17
2658.71
2667.07
2674.87
2681.88
2688.1
2693.67
2698.68
2703.25
2707.61
2712.08
2716.83
2721.73
2726.64
2731.61
2736.89
2742.68
2749.11
2756.23
2763.99
2772.28
2780.95
2789.8
2798.66
2807.39
2815.87
2824.05
2831.9
2839.43
2846.64
2853.54
2860.17
2866.51
2872.56
2878.3
2883.72
2888.8
2893.56
2898.02
2902.34
2902.34
2906.2
2909.88
2909.88
2913.09
2916.12
2916.12
2918.69
2920.96
2922.88
2924.45
2925.63
2926.47
2926.97
2927.06
2926.8
2926.25
2925.41
2924.28
2922.88
2921.21
2919.31
2917.17
2914.81
2912.26
2909.52
2906.61
2903.56
2900.39
2897.11
2893.72
2890.28
2886.76
2883.22
2879.63
2876.04
2872.43
2868.84
2865.26
2861.72
2858.21
2854.75
2851.33
2847.98
2844.69
2841.46
2838.3
2835.22
2832.21
2829.28
2826.44
2823.67
2820.98
2818.38
2815.85
2813.41
2811.05
2808.77
2806.57
2804.45
2802.4
2800.43
2798.54
2796.71
2794.96
2793.27
2791.66
2790.1
2788.61
2787.31
2785.9
2789.99
2789.99
2787.45
)
;
    }
}


// ************************************************************************* //
