/*--------------------------------*- C++ -*----------------------------------*\
| =========                 |                                                 |
| \\      /  F ield         | OpenFOAM: The Open Source CFD Toolbox           |
|  \\    /   O peration     | Version:  2412                                  |
|   \\  /    A nd           | Website:  www.openfoam.com                      |
|    \\/     M anipulation  |                                                 |
\*---------------------------------------------------------------------------*/
FoamFile
{
    version     2.0;
    format      ascii;
    arch        "LSB;label=32;scalar=64";
    class       volScalarField;
    location    "0.102";
    object      p;
}
// * * * * * * * * * * * * * * * * * * * * * * * * * * * * * * * * * * * * * //

dimensions      [1 -1 -2 0 0 0 0];

internalField   nonuniform List<scalar> 
9816
(
2970.03
2970.44
2970.74
2970.92
2970.99
2970.98
2970.85
2970.64
2970.34
2969.94
2969.44
2968.87
2968.22
2967.52
2966.76
2965.95
2965.1
2964.16
2963.36
2962.42
2961.56
2960.64
2959.7
2958.72
2957.71
2956.65
2955.57
2954.43
2953.26
2952.15
2951.01
2949.98
2948.85
2947.87
2946.68
2945.78
2944.55
2943.7
2942.37
2941.61
2940.32
2939.98
2900.11
2899.16
2898.16
2897.14
2896.11
2895.06
2894.07
2893.05
2892.03
2891.02
2890.02
2889.02
2888.03
2887.04
2886.15
2885.22
2884.35
2883.48
2882.62
2881.79
2880.97
2880.17
2879.4
2878.66
2878.03
2877.36
2876.9
2876.34
2876
2875.48
2875.11
2874.51
2874.07
2873.46
2873.04
2872.52
2872.2
2871.86
2871.69
2871.4
2871.07
2870.1
2867.61
2866.82
2866.07
2865.3
2864.58
2863.83
2863.17
2862.49
2861.84
2861.19
2860.57
2859.96
2859.37
2858.8
2858.23
2857.68
2857.15
2856.64
2856.14
2855.67
2855.21
2854.82
2854.41
2854.06
2853.67
2853.35
2852.96
2852.61
2852.22
2851.87
2851.53
2851.19
2850.8
2850.86
2850.9
2849.81
2849.42
2850.14
2850.32
2849.92
2849.31
2848.74
2848.31
2847.73
2847.17
2846.61
2846.06
2845.52
2844.98
2844.45
2843.94
2843.44
2842.96
2842.49
2842.03
2841.6
2841.18
2840.78
2840.4
2840.04
2839.69
2839.37
2839.08
2838.77
2838.5
2838.22
2837.97
2837.7
2837.46
2837.19
2837.01
2836.77
2836.49
2836.62
2836.53
2835.47
2835.58
2836.49
2836.52
2835.83
2835.04
2834.87
2834.8
2834.97
2836.06
2835.58
2835.11
2834.65
2834.2
2833.76
2833.35
2832.96
2832.59
2832.25
2831.92
2831.61
2831.3
2831.01
2830.73
2830.46
2830.2
2829.94
2829.69
2829.48
2829.23
2829.04
2828.81
2828.65
2828.42
2828.28
2828.09
2827.95
2827.74
2827.74
2827.72
2827.14
2827.07
2827.83
2827.69
2826.75
2826.41
2826.48
2826.7
2826.94
2827.12
2827.06
2826.89
2826.55
2826.22
2825.91
2825.63
2825.37
2825.1
2824.85
2824.59
2824.35
2824.11
2823.89
2823.68
2823.48
2823.28
2823.1
2822.91
2822.74
2822.59
2822.42
2822.29
2822.13
2822.02
2821.87
2821.77
2821.66
2821.56
2821.45
2821.41
2821.36
2820.95
2821.12
2821.65
2821.13
2820.26
2820.34
2820.64
2821.01
2821.17
2821.08
2820.73
2820.37
2820.58
2820.35
2820.12
2819.89
2819.66
2819.45
2819.25
2819.05
2818.87
2818.7
2818.52
2818.38
2818.23
2818.09
2817.95
2817.82
2817.69
2817.58
2817.46
2817.36
2817.24
2817.14
2817.03
2816.94
2816.84
2816.75
2816.67
2816.61
2816.46
2816.48
2816.59
2816.14
2815.84
2816.34
2816.64
2816.42
2815.87
2815.64
2815.62
2815.69
2815.86
2816.01
2815.61
2815.43
2815.26
2815.1
2814.95
2814.8
2814.68
2814.52
2814.41
2814.29
2814.18
2814.06
2813.95
2813.84
2813.74
2813.64
2813.55
2813.46
2813.38
2813.29
2813.22
2813.14
2813.09
2813.01
2812.97
2812.9
2812.84
2812.76
2812.81
2812.81
2812.41
2812.39
2812.96
2812.94
2812.31
2811.98
2812.02
2812.2
2812.45
2812.58
2812.58
2812.42
2811.55
2811.44
2811.33
2811.23
2811.13
2811.02
2810.92
2810.82
2810.71
2810.61
2810.51
2810.41
2810.32
2810.22
2810.13
2810.05
2809.96
2809.89
2809.81
2809.74
2809.67
2809.62
2809.55
2809.52
2809.47
2809.45
2809.39
2809.38
2809.39
2809.19
2809.14
2809.58
2809.48
2808.83
2808.71
2808.95
2809.31
2809.48
2809.43
2809.23
2808.98
2808.8
2808.44
2808.35
2808.27
2808.18
2808.1
2808.01
2807.92
2807.84
2807.75
2807.67
2807.59
2807.52
2807.45
2807.39
2807.33
2807.28
2807.24
2807.19
2807.15
2807.1
2807.08
2807.03
2807.01
2806.97
2806.94
2806.92
2806.87
2806.87
2806.86
2806.79
2806.67
2806.96
2807.09
2806.62
2806.3
2806.51
2806.83
2807.03
2807.01
2806.84
2806.58
2806.41
2805.62
2805.55
2805.48
2805.41
2805.34
2805.29
2805.24
2805.21
2805.18
2805.16
2805.14
2805.12
2805.1
2805.09
2805.07
2805.05
2805.03
2805.01
2804.98
2804.97
2804.94
2804.92
2804.88
2804.86
2804.82
2804.81
2804.78
2804.77
2804.76
2804.72
2804.67
2804.76
2804.85
2804.53
2804.43
2804.74
2804.95
2804.88
2804.62
2804.5
2804.48
2804.5
2803.5
2803.5
2803.51
2803.52
2803.52
2803.53
2803.52
2803.52
2803.5
2803.48
2803.46
2803.45
2803.43
2803.41
2803.4
2803.38
2803.37
2803.34
2803.34
2803.3
2803.32
2803.29
2803.31
2803.28
2803.29
2803.27
2803.27
2803.27
2803.26
2803.26
2803.21
2803.3
2803.32
2803.12
2803.03
2803.33
2803.54
2803.38
2803.07
2803
2803.03
2803.17
2802.13
2802.15
2802.15
2802.16
2802.17
2802.18
2802.18
2802.19
2802.19
2802.2
2802.2
2802.2
2802.2
2802.2
2802.19
2802.19
2802.19
2802.19
2802.21
2802.2
2802.23
2802.2
2802.24
2802.21
2802.25
2802.21
2802.26
2802.22
2802.26
2802.23
2802.27
2802.22
2802.25
2802.33
2802.26
2802.06
2802.18
2802.45
2802.5
2802.31
2802.09
2802.08
2800.9
2800.92
2800.95
2800.97
2800.98
2801
2801.01
2801.02
2801.03
2801.05
2801.07
2801.09
2801.12
2801.14
2801.17
2801.19
2801.21
2801.23
2801.24
2801.26
2801.26
2801.28
2801.28
2801.31
2801.3
2801.32
2801.32
2801.34
2801.34
2801.36
2801.35
2801.37
2801.39
2801.37
2801.31
2801.46
2801.57
2801.34
2801.15
2801.3
2801.51
2801.58
2799.83
2799.88
2799.93
2799.98
2800.04
2800.09
2800.14
2800.2
2800.24
2800.29
2800.32
2800.35
2800.38
2800.4
2800.43
2800.45
2800.47
2800.49
2800.51
2800.54
2800.54
2800.57
2800.58
2800.61
2800.61
2800.64
2800.64
2800.66
2800.67
2800.68
2800.69
2800.71
2800.73
2800.71
2800.67
2800.79
2800.94
2800.7
2800.48
2800.67
2800.98
2801.05
2799.08
2799.15
2799.22
2799.28
2799.34
2799.39
2799.44
2799.48
2799.53
2799.57
2799.61
2799.65
2799.68
2799.72
2799.75
2799.78
2799.81
2799.84
2799.87
2799.9
2799.92
2799.95
2799.97
2800
2800.01
2800.04
2800.05
2800.08
2800.08
2800.11
2800.12
2800.14
2800.15
2800.16
2800.19
2800.2
2800.13
2800.21
2800.4
2800.26
2800.02
2800.12
2798.58
2798.66
2798.74
2798.81
2798.88
2798.94
2799
2799.06
2799.12
2799.17
2799.23
2799.28
2799.33
2799.37
2799.42
2799.46
2799.5
2799.54
2799.58
2799.61
2799.64
2799.66
2799.7
2799.71
2799.75
2799.76
2799.8
2799.8
2799.84
2799.84
2799.88
2799.88
2799.91
2799.92
2799.95
2799.94
2799.97
2800.05
2799.99
2799.87
2800.05
2800.22
2798.24
2798.33
2798.41
2798.49
2798.56
2798.63
2798.69
2798.76
2798.82
2798.87
2798.93
2798.98
2799.03
2799.09
2799.13
2799.17
2799.22
2799.26
2799.31
2799.35
2799.4
2799.43
2799.49
2799.51
2799.56
2799.57
2799.61
2799.62
2799.66
2799.67
2799.7
2799.71
2799.74
2799.76
2799.78
2799.8
2799.81
2799.82
2799.87
2799.88
2799.79
2799.89
2798.08
2798.18
2798.27
2798.35
2798.43
2798.51
2798.59
2798.66
2798.72
2798.79
2798.85
2798.91
2798.96
2799.02
2799.07
2799.11
2799.16
2799.2
2799.24
2799.29
2799.31
2799.36
2799.38
2799.42
2799.44
2799.49
2799.51
2799.56
2799.58
2799.62
2799.64
2799.67
2799.69
2799.72
2799.74
2799.76
2799.78
2799.79
2799.82
2799.83
2799.84
2799.85
2798.48
2798.57
2798.66
2798.74
2798.83
2798.91
2798.98
2799.06
2799.12
2799.19
2799.25
2799.31
2799.36
2799.41
2799.46
2799.5
2799.55
2799.59
2799.63
2799.67
2799.7
2799.73
2799.77
2799.79
2799.83
2799.84
2799.86
2799.88
2799.91
2799.92
2799.96
2799.97
2800
2800.02
2800.05
2800.06
2800.09
2800.1
2800.12
2800.13
2800.15
2800.16
2798.76
2798.88
2798.98
2799.08
2799.18
2799.27
2799.36
2799.45
2799.53
2799.62
2799.69
2799.77
2799.84
2799.91
2799.97
2800.03
2800.09
2800.14
2800.2
2800.25
2800.3
2800.34
2800.38
2800.42
2800.46
2800.49
2800.54
2800.56
2800.59
2800.59
2800.62
2800.61
2800.64
2800.63
2800.66
2800.65
2800.67
2800.67
2800.68
2800.69
2800.7
2800.7
2799.06
2799.17
2799.28
2799.38
2799.47
2799.56
2799.64
2799.72
2799.79
2799.86
2799.93
2799.99
2800.05
2800.1
2800.15
2800.21
2800.25
2800.3
2800.34
2800.37
2800.42
2800.44
2800.49
2800.51
2800.55
2800.57
2800.61
2800.62
2800.66
2800.67
2800.72
2800.72
2800.77
2800.77
2800.81
2800.81
2800.85
2800.85
2800.88
2800.88
2800.9
2800.91
2799.32
2799.43
2799.53
2799.62
2799.71
2799.79
2799.87
2799.94
2800.01
2800.08
2800.14
2800.2
2800.26
2800.31
2800.36
2800.41
2800.46
2800.51
2800.55
2800.59
2800.64
2800.67
2800.71
2800.74
2800.78
2800.81
2800.84
2800.87
2800.9
2800.93
2800.96
2800.98
2801.01
2801.03
2801.05
2801.07
2801.09
2801.11
2801.12
2801.15
2801.15
2801.18
2799.48
2799.59
2799.69
2799.79
2799.88
2799.97
2800.05
2800.13
2800.21
2800.28
2800.35
2800.41
2800.47
2800.53
2800.59
2800.64
2800.69
2800.74
2800.78
2800.83
2800.86
2800.91
2800.94
2800.98
2801.01
2801.04
2801.07
2801.1
2801.13
2801.15
2801.18
2801.2
2801.23
2801.25
2801.27
2801.29
2801.31
2801.32
2801.34
2801.35
2801.37
2801.38
2799.59
2799.7
2799.81
2799.91
2800.01
2800.11
2800.19
2800.28
2800.36
2800.43
2800.5
2800.57
2800.63
2800.69
2800.74
2800.8
2800.85
2800.9
2800.95
2800.99
2801.03
2801.07
2801.11
2801.14
2801.18
2801.21
2801.24
2801.27
2801.3
2801.33
2801.35
2801.38
2801.39
2801.42
2801.43
2801.46
2801.47
2801.49
2801.51
2801.52
2801.51
2801.55
2799.63
2799.74
2799.86
2799.96
2800.06
2800.16
2800.25
2800.34
2800.42
2800.49
2800.57
2800.64
2800.7
2800.76
2800.83
2800.89
2800.93
2800.99
2801.03
2801.09
2801.12
2801.17
2801.2
2801.25
2801.27
2801.32
2801.34
2801.38
2801.4
2801.43
2801.45
2801.48
2801.5
2801.52
2801.54
2801.55
2801.58
2801.61
2801.57
2801.58
2801.74
2801.7
2799.57
2799.69
2799.81
2799.92
2800.03
2800.13
2800.23
2800.32
2800.4
2800.49
2800.56
2800.64
2800.71
2800.78
2800.84
2800.9
2800.96
2801.01
2801.07
2801.11
2801.17
2801.19
2801.25
2801.27
2801.33
2801.34
2801.39
2801.4
2801.45
2801.46
2801.5
2801.51
2801.54
2801.56
2801.58
2801.61
2801.64
2801.58
2801.59
2801.81
2801.8
2801.48
2799.35
2799.49
2799.62
2799.74
2799.86
2799.97
2800.07
2800.17
2800.27
2800.36
2800.44
2800.52
2800.6
2800.67
2800.73
2800.8
2800.86
2800.93
2800.97
2801.03
2801.07
2801.12
2801.15
2801.21
2801.23
2801.28
2801.3
2801.35
2801.36
2801.4
2801.42
2801.45
2801.48
2801.48
2801.51
2801.57
2801.56
2801.45
2801.62
2801.85
2801.63
2801.35
2798.97
2799.11
2799.25
2799.38
2799.51
2799.63
2799.74
2799.84
2799.94
2800.04
2800.13
2800.22
2800.3
2800.38
2800.46
2800.52
2800.6
2800.65
2800.72
2800.76
2800.83
2800.86
2800.92
2800.95
2801.01
2801.04
2801.09
2801.11
2801.15
2801.18
2801.21
2801.23
2801.27
2801.31
2801.29
2801.29
2801.43
2801.47
2801.24
2801.23
2801.48
2801.65
2798.48
2798.64
2798.78
2798.92
2799.06
2799.18
2799.31
2799.42
2799.53
2799.63
2799.74
2799.83
2799.92
2800.01
2800.09
2800.17
2800.23
2800.31
2800.36
2800.44
2800.48
2800.55
2800.59
2800.66
2800.68
2800.74
2800.77
2800.82
2800.84
2800.88
2800.91
2800.95
2800.95
2800.98
2801.08
2801.08
2800.92
2800.98
2801.23
2801.32
2801.2
2801.03
2797.91
2798.08
2798.23
2798.39
2798.53
2798.67
2798.81
2798.93
2799.05
2799.17
2799.28
2799.38
2799.48
2799.56
2799.65
2799.72
2799.81
2799.87
2799.95
2800
2800.08
2800.12
2800.2
2800.23
2800.3
2800.33
2800.39
2800.41
2800.46
2800.48
2800.52
2800.58
2800.58
2800.51
2800.64
2800.85
2800.75
2800.53
2800.54
2800.65
2800.81
2800.92
2797.42
2797.59
2797.75
2797.9
2798.05
2798.19
2798.31
2798.43
2798.55
2798.66
2798.76
2798.86
2798.94
2799.04
2799.11
2799.21
2799.27
2799.36
2799.41
2799.5
2799.54
2799.62
2799.66
2799.73
2799.76
2799.82
2799.85
2799.89
2799.93
2799.99
2799.97
2799.94
2800.11
2800.27
2800.1
2799.92
2799.98
2800.13
2800.31
2800.41
2800.38
2800.29
2796.91
2797.07
2797.22
2797.36
2797.5
2797.63
2797.76
2797.87
2797.99
2798.1
2798.2
2798.3
2798.39
2798.49
2798.56
2798.66
2798.72
2798.81
2798.86
2798.94
2798.99
2799.06
2799.1
2799.16
2799.2
2799.26
2799.28
2799.3
2799.39
2799.48
2799.33
2799.28
2799.58
2799.78
2799.64
2799.43
2799.39
2799.42
2799.55
2799.74
2799.86
2799.88
2796.4
2796.56
2796.71
2796.86
2796.99
2797.13
2797.25
2797.37
2797.49
2797.58
2797.71
2797.78
2797.9
2797.95
2798.07
2798.11
2798.22
2798.25
2798.36
2798.38
2798.47
2798.5
2798.58
2798.6
2798.66
2798.69
2798.77
2798.77
2798.7
2798.85
2799.08
2798.94
2798.7
2798.77
2798.93
2799.12
2799.23
2799.21
2799.13
2799.03
2798.98
2798.98
2795.98
2796.14
2796.28
2796.42
2796.56
2796.68
2796.8
2796.92
2797.02
2797.14
2797.22
2797.33
2797.4
2797.5
2797.56
2797.65
2797.71
2797.79
2797.84
2797.9
2797.96
2798.01
2798.05
2798.1
2798.15
2798.18
2798.16
2798.27
2798.44
2798.27
2798.08
2798.27
2798.54
2798.66
2798.61
2798.44
2798.37
2798.33
2798.37
2798.46
2798.61
2798.73
2795.66
2795.8
2795.94
2796.07
2796.2
2796.32
2796.44
2796.54
2796.64
2796.74
2796.83
2796.91
2796.99
2797.07
2797.14
2797.22
2797.27
2797.34
2797.39
2797.45
2797.49
2797.55
2797.58
2797.62
2797.65
2797.74
2797.77
2797.64
2797.74
2798.03
2798
2797.76
2797.74
2797.78
2797.92
2798.06
2798.13
2798.14
2798.08
2798.02
2797.97
2797.96
2795.41
2795.54
2795.66
2795.78
2795.9
2796.01
2796.11
2796.2
2796.29
2796.37
2796.46
2796.53
2796.61
2796.67
2796.75
2796.8
2796.88
2796.91
2796.98
2797.02
2797.07
2797.11
2797.16
2797.15
2797.23
2797.37
2797.25
2797.05
2797.34
2797.68
2797.61
2797.35
2797.22
2797.21
2797.33
2797.52
2797.69
2797.75
2797.73
2797.65
2797.54
2797.46
2795.24
2795.36
2795.47
2795.58
2795.68
2795.78
2795.86
2795.96
2796.02
2796.12
2796.17
2796.26
2796.3
2796.39
2796.42
2796.51
2796.53
2796.6
2796.62
2796.69
2796.7
2796.75
2796.76
2796.85
2796.9
2796.77
2796.75
2797.1
2797.21
2796.97
2796.81
2796.8
2796.89
2797.06
2797.22
2797.28
2797.26
2797.17
2797.08
2797.01
2796.97
2796.98
2795.14
2795.25
2795.34
2795.44
2795.53
2795.61
2795.7
2795.76
2795.85
2795.89
2795.98
2796.01
2796.1
2796.12
2796.2
2796.22
2796.29
2796.3
2796.36
2796.38
2796.44
2796.43
2796.43
2796.54
2796.68
2796.42
2796.33
2796.65
2796.89
2796.82
2796.62
2796.54
2796.5
2796.55
2796.67
2796.81
2796.89
2796.91
2796.87
2796.82
2796.75
2796.69
2795.07
2795.16
2795.25
2795.33
2795.4
2795.48
2795.54
2795.61
2795.65
2795.72
2795.76
2795.82
2795.85
2795.91
2795.94
2795.98
2796.01
2796.04
2796.07
2796.1
2796.14
2796.19
2796.11
2796.06
2796.33
2796.47
2796.21
2796.08
2796.1
2796.24
2796.4
2796.48
2796.47
2796.4
2796.31
2796.26
2796.24
2796.24
2796.29
2796.36
2796.44
2796.5
2795.02
2795.1
2795.17
2795.23
2795.29
2795.35
2795.4
2795.45
2795.49
2795.53
2795.57
2795.61
2795.64
2795.68
2795.7
2795.74
2795.75
2795.78
2795.8
2795.79
2795.79
2795.99
2795.96
2795.59
2795.67
2796.03
2796.18
2796.09
2795.93
2795.81
2795.77
2795.8
2795.88
2795.99
2796.08
2796.12
2796.11
2796.07
2796.02
2795.96
2795.9
2795.87
2794.9
2794.96
2795.02
2795.07
2795.12
2795.16
2795.2
2795.23
2795.27
2795.3
2795.34
2795.36
2795.39
2795.4
2795.42
2795.45
2795.46
2795.44
2795.52
2795.54
2795.32
2795.42
2795.8
2795.73
2795.45
2795.35
2795.32
2795.43
2795.58
2795.68
2795.71
2795.68
2795.61
2795.54
2795.47
2795.42
2795.41
2795.44
2795.5
2795.58
2795.66
2795.72
2794.62
2794.67
2794.71
2794.74
2794.77
2794.8
2794.83
2794.86
2794.88
2794.9
2794.92
2794.94
2794.96
2794.96
2794.98
2794.99
2794.95
2794.94
2795.2
2795.09
2794.59
2794.74
2795.16
2795.34
2795.23
2794.99
2794.83
2794.77
2794.78
2794.89
2795.04
2795.17
2795.23
2795.22
2795.15
2795.05
2794.94
2794.85
2794.79
2794.77
2794.78
2794.83
2794.18
2794.21
2794.22
2794.25
2794.26
2794.3
2794.29
2794.33
2794.32
2794.36
2794.33
2794.37
2794.35
2794.36
2794.38
2794.44
2794.17
2794.15
2794.74
2794.68
2794.1
2794.03
2794.05
2794.29
2794.52
2794.58
2794.51
2794.39
2794.23
2794.12
2794.06
2794.06
2794.13
2794.23
2794.33
2794.42
2794.46
2794.46
2794.43
2794.38
2794.31
2794.24
2793.58
2793.56
2793.6
2793.57
2793.62
2793.59
2793.63
2793.61
2793.62
2793.63
2793.6
2793.63
2793.58
2793.62
2793.54
2793.63
2793.56
2793.52
2793.51
2793.56
2793.57
2793.53
2793.5
2793.51
2793.48
2793.48
2793.47
2793.45
2793.44
2793.43
2793.42
2793.42
2793.43
2793.44
2793.45
2793.46
2793.46
2793.46
2793.44
2793.42
2793.39
2793.36
2792.83
2792.81
2792.84
2792.81
2792.85
2792.8
2792.84
2792.8
2792.81
2792.77
2792.8
2792.77
2792.69
2792.75
2792.91
2792.54
2792.42
2792.67
2792.83
2792.85
2792.75
2792.6
2792.51
2792.41
2792.42
2792.45
2792.55
2792.63
2792.69
2792.7
2792.68
2792.61
2792.53
2792.45
2792.37
2792.31
2792.28
2792.27
2792.28
2792.31
2792.35
2792.4
2791.92
2791.92
2791.9
2791.89
2791.88
2791.85
2791.85
2791.82
2791.82
2791.74
2791.81
2791.75
2791.56
2791.61
2792.02
2791.81
2791.5
2791.35
2791.38
2791.52
2791.65
2791.75
2791.72
2791.64
2791.5
2791.39
2791.29
2791.25
2791.25
2791.3
2791.37
2791.45
2791.51
2791.55
2791.56
2791.55
2791.51
2791.47
2791.42
2791.36
2791.31
2791.26
2790.94
2790.92
2790.91
2790.89
2790.87
2790.83
2790.79
2790.82
2790.81
2790.63
2790.57
2791
2790.71
2790.19
2790.37
2790.63
2790.83
2790.79
2790.63
2790.49
2790.28
2790.21
2790.16
2790.23
2790.32
2790.43
2790.49
2790.52
2790.49
2790.44
2790.36
2790.28
2790.2
2790.13
2790.08
2790.05
2790.03
2790.03
2790.04
2790.07
2790.1
2790.13
2789.76
2789.7
2789.7
2789.65
2789.61
2789.57
2789.58
2789.51
2789.37
2789.75
2789.69
2788.76
2788.79
2789.49
2789.98
2789.83
2789.46
2789.15
2788.91
2788.72
2788.79
2788.94
2789.21
2789.41
2789.52
2789.5
2789.39
2789.22
2789.02
2788.82
2788.67
2788.55
2788.5
2788.51
2788.57
2788.67
2788.8
2788.93
2789.05
2789.17
2789.26
2789.33
2788.64
2788.61
2788.57
2788.57
2788.52
2788.4
2788.34
2788.68
2788.53
2787.67
2788.09
2788.82
2788.71
2788.25
2787.96
2787.76
2787.67
2787.83
2788.04
2788.24
2788.33
2788.28
2788.16
2787.98
2787.8
2787.64
2787.54
2787.49
2787.5
2787.56
2787.65
2787.75
2787.84
2787.91
2787.96
2787.98
2787.98
2787.96
2787.92
2787.87
2787.8
2787.73
2787.46
2787.4
2787.4
2787.3
2787.19
2787.25
2787.57
2786.82
2786.44
2787.51
2787.96
2787.37
2786.57
2786.35
2786.32
2786.46
2786.81
2787.14
2787.31
2787.29
2787.11
2786.83
2786.54
2786.29
2786.13
2786.08
2786.13
2786.26
2786.45
2786.65
2786.83
2786.97
2787.06
2787.09
2787.07
2787
2786.9
2786.78
2786.64
2786.5
2786.36
2786.22
2786.26
2786.23
2786.17
2786.25
2786.03
2785.68
2786.18
2786.59
2785.54
2785.25
2785.46
2785.87
2786.1
2786.02
2785.84
2785.63
2785.48
2785.37
2785.34
2785.35
2785.39
2785.44
2785.49
2785.49
2785.48
2785.45
2785.41
2785.36
2785.32
2785.28
2785.25
2785.22
2785.19
2785.16
2785.13
2785.11
2785.08
2785.06
2785.04
2785.02
2785.01
2785
2785.08
2785.03
2784.89
2784.79
2785.19
2784.88
2784.06
2784.47
2785.07
2784.87
2784.62
2784.33
2784.21
2784.16
2784.16
2784.25
2784.26
2784.3
2784.25
2784.2
2784.11
2784.05
2783.98
2783.93
2783.88
2783.85
2783.83
2783.82
2783.82
2783.82
2783.82
2783.81
2783.81
2783.8
2783.79
2783.77
2783.76
2783.74
2783.72
2783.7
2783.69
2783.67
2783.76
2783.61
2783.57
2783.86
2783.52
2782.86
2783.06
2783.58
2783.53
2783.33
2782.93
2782.73
2782.68
2782.62
2782.76
2782.87
2782.94
2782.94
2782.85
2782.71
2782.54
2782.4
2782.27
2782.2
2782.17
2782.18
2782.21
2782.25
2782.3
2782.35
2782.37
2782.39
2782.38
2782.37
2782.33
2782.29
2782.24
2782.19
2782.13
2782.08
2782.02
2781.97
2782.23
2782.22
2782.19
2782.2
2781.57
2781.59
2781.78
2781.83
2781.72
2781.53
2781.38
2781.21
2781.17
2781.12
2781.17
2781.19
2781.2
2781.15
2781.06
2780.96
2780.84
2780.74
2780.65
2780.6
2780.57
2780.56
2780.57
2780.59
2780.6
2780.61
2780.61
2780.61
2780.59
2780.56
2780.52
2780.48
2780.43
2780.38
2780.34
2780.29
2780.24
2780.2
2780.58
2780.64
2780.41
2780.31
2780.08
2780.05
2780.04
2779.96
2779.9
2779.75
2779.71
2779.56
2779.55
2779.45
2779.43
2779.36
2779.33
2779.26
2779.2
2779.14
2779.07
2779.01
2778.95
2778.91
2778.87
2778.83
2778.8
2778.78
2778.75
2778.72
2778.7
2778.67
2778.64
2778.61
2778.58
2778.55
2778.52
2778.49
2778.46
2778.43
2778.41
2778.38
2779.05
2778.79
2778.77
2778.45
2778.48
2778.33
2778.24
2778.13
2778.06
2777.94
2777.89
2777.77
2777.72
2777.62
2777.56
2777.47
2777.42
2777.34
2777.29
2777.23
2777.17
2777.12
2777.07
2777.03
2776.98
2776.94
2776.9
2776.86
2776.82
2776.78
2776.75
2776.72
2776.68
2776.65
2776.62
2776.6
2776.57
2776.54
2776.52
2776.5
2776.47
2776.45
2777.19
2776.82
2776.9
2776.78
2776.61
2776.56
2776.39
2776.31
2776.19
2776.08
2775.99
2775.88
2775.8
2775.7
2775.63
2775.54
2775.47
2775.4
2775.33
2775.26
2775.2
2775.14
2775.09
2775.03
2774.98
2774.93
2774.89
2774.84
2774.8
2774.76
2774.73
2774.69
2774.66
2774.63
2774.6
2774.58
2774.55
2774.52
2774.5
2774.48
2774.46
2774.43
2775.27
2775.12
2774.92
2774.9
2774.64
2774.61
2774.43
2774.35
2774.24
2774.14
2774.05
2773.94
2773.86
2773.76
2773.67
2773.58
2773.5
2773.42
2773.34
2773.26
2773.19
2773.12
2773.05
2772.99
2772.93
2772.88
2772.82
2772.78
2772.73
2772.69
2772.65
2772.62
2772.58
2772.55
2772.52
2772.49
2772.47
2772.44
2772.41
2772.39
2772.37
2772.34
2773.25
2773.22
2772.93
2772.9
2772.68
2772.59
2772.45
2772.34
2772.24
2772.13
2772.03
2771.93
2771.83
2771.73
2771.64
2771.55
2771.46
2771.37
2771.29
2771.21
2771.14
2771.07
2771
2770.93
2770.87
2770.82
2770.76
2770.71
2770.66
2770.62
2770.58
2770.53
2770.5
2770.46
2770.42
2770.39
2770.36
2770.33
2770.3
2770.27
2770.25
2770.22
2771.33
2771.25
2771.01
2770.87
2770.72
2770.58
2770.45
2770.32
2770.21
2770.09
2769.98
2769.87
2769.77
2769.66
2769.57
2769.47
2769.38
2769.29
2769.2
2769.11
2769.03
2768.96
2768.89
2768.82
2768.76
2768.7
2768.64
2768.59
2768.54
2768.5
2768.46
2768.42
2768.39
2768.35
2768.32
2768.29
2768.26
2768.24
2768.21
2768.19
2768.16
2768.14
2769.3
2769.14
2769.01
2768.85
2768.72
2768.57
2768.43
2768.29
2768.14
2768
2767.86
2767.73
2767.61
2767.5
2767.39
2767.3
2767.21
2767.12
2767.05
2766.97
2766.91
2766.84
2766.78
2766.72
2766.67
2766.62
2766.57
2766.52
2766.47
2766.43
2766.39
2766.35
2766.31
2766.28
2766.24
2766.21
2766.18
2766.15
2766.12
2766.09
2766.06
2766.03
2767.29
2767.15
2767.02
2766.86
2766.71
2766.53
2766.36
2766.18
2766.02
2765.86
2765.72
2765.59
2765.48
2765.38
2765.29
2765.21
2765.14
2765.07
2765
2764.93
2764.87
2764.8
2764.74
2764.68
2764.62
2764.56
2764.5
2764.44
2764.39
2764.33
2764.28
2764.23
2764.19
2764.14
2764.1
2764.06
2764.03
2763.99
2763.96
2763.92
2763.89
2763.86
2765.47
2765.33
2765.15
2764.91
2764.66
2764.41
2764.16
2763.94
2763.75
2763.6
2763.48
2763.39
2763.32
2763.27
2763.23
2763.2
2763.16
2763.13
2763.08
2763.03
2762.98
2762.91
2762.85
2762.77
2762.7
2762.62
2762.54
2762.47
2762.39
2762.32
2762.25
2762.18
2762.12
2762.05
2762
2761.94
2761.89
2761.84
2761.8
2761.75
2761.71
2761.67
2763.78
2763.53
2763.19
2762.8
2762.41
2762.06
2761.77
2761.55
2761.39
2761.31
2761.27
2761.28
2761.31
2761.36
2761.4
2761.43
2761.44
2761.44
2761.41
2761.36
2761.29
2761.21
2761.12
2761.01
2760.9
2760.78
2760.67
2760.55
2760.44
2760.32
2760.22
2760.11
2760.01
2759.92
2759.83
2759.75
2759.67
2759.6
2759.53
2759.47
2759.41
2759.35
2761.58
2761.22
2760.83
2760.47
2760.16
2759.91
2759.74
2759.63
2759.57
2759.56
2759.57
2759.6
2759.62
2759.63
2759.62
2759.59
2759.53
2759.45
2759.36
2759.25
2759.12
2758.99
2758.85
2758.71
2758.57
2758.43
2758.3
2758.17
2758.05
2757.94
2757.83
2757.73
2757.64
2757.56
2757.48
2757.41
2757.35
2757.29
2757.24
2757.19
2757.15
2757.11
2759.2
2758.92
2758.69
2758.49
2758.34
2758.22
2758.12
2758.04
2757.97
2757.89
2757.81
2757.72
2757.61
2757.5
2757.37
2757.24
2757.1
2756.96
2756.82
2756.69
2756.55
2756.43
2756.31
2756.19
2756.09
2755.99
2755.91
2755.83
2755.76
2755.69
2755.64
2755.59
2755.54
2755.5
2755.47
2755.44
2755.41
2755.39
2755.37
2755.35
2755.34
2755.32
2757.08
2756.8
2756.58
2756.4
2756.28
2756.17
2756.09
2756
2755.91
2755.82
2755.71
2755.59
2755.46
2755.32
2755.18
2755.04
2754.9
2754.76
2754.62
2754.5
2754.38
2754.27
2754.16
2754.07
2753.98
2753.91
2753.84
2753.77
2753.72
2753.67
2753.62
2753.58
2753.55
2753.52
2753.49
2753.46
2753.44
2753.42
2753.4
2753.38
2753.36
2753.35
2754.92
2754.62
2754.39
2754.23
2754.11
2754.04
2753.97
2753.92
2753.85
2753.77
2753.68
2753.57
2753.45
2753.31
2753.17
2753.03
2752.88
2752.73
2752.59
2752.45
2752.32
2752.19
2752.08
2751.97
2751.87
2751.78
2751.69
2751.61
2751.54
2751.47
2751.41
2751.36
2751.31
2751.26
2751.22
2751.18
2751.15
2751.12
2751.09
2751.06
2751.04
2751.01
2752.89
2752.64
2752.45
2752.31
2752.2
2752.11
2752.02
2751.93
2751.83
2751.71
2751.58
2751.44
2751.29
2751.14
2750.98
2750.82
2750.66
2750.51
2750.35
2750.21
2750.07
2749.95
2749.83
2749.71
2749.61
2749.52
2749.43
2749.35
2749.27
2749.2
2749.14
2749.09
2749.04
2748.99
2748.95
2748.91
2748.87
2748.84
2748.81
2748.78
2748.76
2748.73
2751.11
2750.88
2750.67
2750.47
2750.28
2750.09
2749.92
2749.73
2749.56
2749.38
2749.21
2749.04
2748.87
2748.71
2748.56
2748.42
2748.28
2748.15
2748.03
2747.92
2747.82
2747.72
2747.63
2747.55
2747.47
2747.39
2747.33
2747.26
2747.2
2747.15
2747.1
2747.05
2747
2746.96
2746.92
2746.88
2746.84
2746.81
2746.77
2746.74
2746.71
2746.68
2749.34
2749.05
2748.75
2748.46
2748.17
2747.89
2747.63
2747.38
2747.16
2746.96
2746.78
2746.62
2746.47
2746.35
2746.23
2746.13
2746.04
2745.95
2745.88
2745.8
2745.73
2745.67
2745.6
2745.54
2745.48
2745.41
2745.36
2745.3
2745.24
2745.19
2745.13
2745.08
2745.03
2744.98
2744.94
2744.89
2744.85
2744.8
2744.76
2744.72
2744.68
2744.64
2747.18
2746.83
2746.49
2746.17
2745.88
2745.62
2745.39
2745.18
2745
2744.84
2744.7
2744.57
2744.46
2744.35
2744.25
2744.16
2744.07
2743.99
2743.9
2743.81
2743.73
2743.65
2743.57
2743.49
2743.41
2743.33
2743.25
2743.17
2743.1
2743.03
2742.96
2742.89
2742.82
2742.76
2742.69
2742.63
2742.58
2742.52
2742.47
2742.42
2742.36
2742.31
2744.91
2744.56
2744.25
2743.99
2743.78
2743.6
2743.44
2743.31
2743.18
2743.06
2742.95
2742.83
2742.7
2742.58
2742.45
2742.31
2742.18
2742.04
2741.91
2741.77
2741.64
2741.51
2741.38
2741.26
2741.14
2741.03
2740.92
2740.82
2740.72
2740.63
2740.55
2740.46
2740.39
2740.31
2740.24
2740.18
2740.12
2740.06
2740.01
2739.96
2739.91
2739.86
2742.96
2742.68
2742.45
2742.26
2742.09
2741.94
2741.79
2741.64
2741.48
2741.32
2741.16
2740.98
2740.8
2740.62
2740.44
2740.26
2740.08
2739.9
2739.73
2739.57
2739.41
2739.26
2739.12
2738.99
2738.87
2738.75
2738.65
2738.55
2738.46
2738.37
2738.3
2738.22
2738.16
2738.1
2738.04
2737.99
2737.94
2737.9
2737.86
2737.82
2737.78
2737.75
2741.47
2741.26
2741.06
2740.84
2740.62
2740.38
2740.14
2739.89
2739.63
2739.38
2739.13
2738.89
2738.66
2738.44
2738.23
2738.04
2737.87
2737.7
2737.55
2737.41
2737.29
2737.17
2737.07
2736.97
2736.89
2736.81
2736.74
2736.67
2736.61
2736.56
2736.5
2736.46
2736.41
2736.37
2736.34
2736.3
2736.27
2736.24
2736.21
2736.18
2736.16
2736.13
2740.09
2739.85
2739.59
2739.29
2738.97
2738.65
2738.32
2737.99
2737.68
2737.38
2737.11
2736.86
2736.63
2736.43
2736.25
2736.09
2735.95
2735.83
2735.73
2735.64
2735.56
2735.49
2735.43
2735.37
2735.32
2735.27
2735.23
2735.19
2735.15
2735.11
2735.08
2735.04
2735.01
2734.98
2734.95
2734.92
2734.89
2734.86
2734.83
2734.8
2734.77
2734.73
2738.55
2738.22
2737.87
2737.51
2737.15
2736.8
2736.46
2736.15
2735.86
2735.59
2735.36
2735.15
2734.97
2734.81
2734.67
2734.55
2734.45
2734.36
2734.28
2734.2
2734.14
2734.08
2734.03
2733.97
2733.92
2733.88
2733.83
2733.78
2733.73
2733.69
2733.64
2733.59
2733.53
2733.48
2733.43
2733.38
2733.33
2733.28
2733.24
2733.19
2733.14
2733.1
2736.87
2736.49
2736.11
2735.75
2735.41
2735.09
2734.8
2734.53
2734.29
2734.08
2733.89
2733.72
2733.57
2733.43
2733.31
2733.2
2733.09
2733
2732.91
2732.83
2732.75
2732.67
2732.59
2732.51
2732.44
2732.36
2732.28
2732.21
2732.14
2732.06
2732
2731.93
2731.86
2731.8
2731.74
2731.68
2731.62
2731.56
2731.51
2731.45
2731.4
2731.34
2735.23
2734.85
2734.5
2734.18
2733.88
2733.62
2733.37
2733.15
2732.95
2732.76
2732.58
2732.41
2732.25
2732.1
2731.96
2731.83
2731.7
2731.57
2731.45
2731.33
2731.21
2731.1
2730.99
2730.89
2730.78
2730.69
2730.59
2730.5
2730.41
2730.33
2730.25
2730.17
2730.09
2730.02
2729.95
2729.89
2729.82
2729.76
2729.71
2729.65
2729.59
2729.54
2733.74
2733.39
2733.07
2732.79
2732.53
2732.3
2732.08
2731.87
2731.67
2731.47
2731.28
2731.09
2730.9
2730.72
2730.54
2730.37
2730.2
2730.04
2729.88
2729.73
2729.58
2729.44
2729.31
2729.19
2729.07
2728.96
2728.85
2728.75
2728.66
2728.57
2728.49
2728.41
2728.33
2728.26
2728.2
2728.13
2728.07
2728.02
2727.97
2727.92
2727.87
2727.82
2732.48
2732.13
2731.82
2731.54
2731.28
2731.04
2730.81
2730.58
2730.35
2730.13
2729.91
2729.68
2729.46
2729.25
2729.04
2728.84
2728.64
2728.45
2728.27
2728.1
2727.94
2727.79
2727.65
2727.52
2727.4
2727.28
2727.17
2727.07
2726.98
2726.89
2726.81
2726.74
2726.67
2726.6
2726.54
2726.48
2726.43
2726.38
2726.33
2726.29
2726.25
2726.2
2731.42
2731.06
2730.72
2730.41
2730.12
2729.84
2729.56
2729.29
2729.03
2728.77
2728.51
2728.26
2728.02
2727.78
2727.55
2727.34
2727.13
2726.94
2726.75
2726.58
2726.42
2726.26
2726.12
2725.99
2725.87
2725.76
2725.65
2725.55
2725.46
2725.38
2725.3
2725.23
2725.16
2725.1
2725.04
2724.98
2724.93
2724.89
2724.84
2724.8
2724.76
2724.72
2730.57
2730.16
2729.77
2729.41
2729.06
2728.73
2728.4
2728.08
2727.78
2727.48
2727.2
2726.93
2726.67
2726.42
2726.18
2725.96
2725.75
2725.56
2725.38
2725.2
2725.04
2724.9
2724.76
2724.63
2724.51
2724.4
2724.29
2724.2
2724.11
2724.02
2723.94
2723.87
2723.8
2723.74
2723.68
2723.62
2723.57
2723.52
2723.47
2723.43
2723.39
2723.34
2729.92
2729.45
2729.01
2728.58
2728.18
2727.79
2727.41
2727.06
2726.72
2726.39
2726.09
2725.79
2725.52
2725.26
2725.02
2724.8
2724.59
2724.39
2724.21
2724.04
2723.88
2723.73
2723.59
2723.46
2723.34
2723.22
2723.12
2723.02
2722.93
2722.84
2722.76
2722.68
2722.6
2722.54
2722.47
2722.41
2722.35
2722.3
2722.24
2722.19
2722.15
2722.1
2729.49
2728.96
2728.45
2727.97
2727.5
2727.07
2726.65
2726.26
2725.89
2725.54
2725.21
2724.9
2724.61
2724.34
2724.09
2723.86
2723.64
2723.43
2723.24
2723.07
2722.9
2722.74
2722.6
2722.46
2722.33
2722.21
2722.1
2721.99
2721.89
2721.79
2721.7
2721.61
2721.53
2721.46
2721.38
2721.31
2721.25
2721.18
2721.13
2721.07
2721.01
2720.96
2729.3
2728.7
2728.13
2727.59
2727.09
2726.61
2726.15
2725.73
2725.33
2724.95
2724.6
2724.27
2723.97
2723.68
2723.41
2723.16
2722.92
2722.7
2722.5
2722.31
2722.12
2721.95
2721.79
2721.64
2721.5
2721.37
2721.24
2721.12
2721.01
2720.9
2720.8
2720.7
2720.61
2720.52
2720.44
2720.36
2720.29
2720.21
2720.15
2720.08
2720.02
2719.96
2729.34
2728.68
2728.06
2727.47
2726.92
2726.39
2725.9
2725.44
2725.01
2724.61
2724.23
2723.88
2723.54
2723.23
2722.94
2722.67
2722.41
2722.17
2721.94
2721.73
2721.53
2721.34
2721.16
2720.99
2720.83
2720.68
2720.54
2720.4
2720.27
2720.15
2720.04
2719.93
2719.82
2719.73
2719.63
2719.54
2719.46
2719.38
2719.3
2719.23
2719.16
2719.09
2729.6
2728.88
2728.21
2727.57
2726.98
2726.42
2725.89
2725.4
2724.93
2724.5
2724.09
2723.71
2723.34
2723.01
2722.69
2722.39
2722.1
2721.84
2721.59
2721.35
2721.13
2720.92
2720.72
2720.53
2720.35
2720.18
2720.02
2719.87
2719.72
2719.59
2719.46
2719.34
2719.22
2719.11
2719.01
2718.91
2718.81
2718.72
2718.64
2718.56
2718.48
2718.4
2730.06
2729.28
2728.56
2727.87
2727.23
2726.63
2726.06
2725.53
2725.03
2724.56
2724.12
2723.7
2723.31
2722.94
2722.59
2722.26
2721.96
2721.67
2721.39
2721.13
2720.88
2720.65
2720.43
2720.22
2720.02
2719.84
2719.66
2719.5
2719.34
2719.19
2719.05
2718.91
2718.78
2718.66
2718.55
2718.44
2718.33
2718.24
2718.14
2718.05
2717.96
2717.88
2730.72
2729.9
2729.12
2728.38
2727.7
2727.05
2726.44
2725.87
2725.33
2724.82
2724.34
2723.89
2723.47
2723.07
2722.69
2722.33
2722
2721.68
2721.38
2721.1
2720.83
2720.58
2720.34
2720.11
2719.9
2719.7
2719.5
2719.32
2719.15
2718.99
2718.83
2718.68
2718.55
2718.41
2718.29
2718.17
2718.06
2717.95
2717.85
2717.75
2717.65
2717.56
2731.59
2730.7
2729.87
2729.09
2728.35
2727.66
2727
2726.39
2725.81
2725.26
2724.75
2724.27
2723.81
2723.38
2722.97
2722.59
2722.23
2721.89
2721.56
2721.26
2720.97
2720.7
2720.44
2720.19
2719.96
2719.74
2719.53
2719.34
2719.15
2718.97
2718.8
2718.64
2718.49
2718.35
2718.21
2718.08
2717.96
2717.85
2717.73
2717.63
2717.52
2717.42
2732.71
2731.76
2730.88
2730.04
2729.25
2728.51
2727.81
2727.16
2726.54
2725.96
2725.41
2724.89
2724.4
2723.94
2723.5
2723.09
2722.7
2722.34
2721.99
2721.66
2721.35
2721.05
2720.78
2720.51
2720.26
2720.02
2719.8
2719.59
2719.39
2719.19
2719.01
2718.84
2718.68
2718.52
2718.37
2718.23
2718.1
2717.97
2717.85
2717.74
2717.63
2717.52
2734.07
2733.07
2732.13
2731.24
2730.41
2729.62
2728.88
2728.18
2727.52
2726.9
2726.32
2725.76
2725.24
2724.75
2724.28
2723.84
2723.42
2723.03
2722.66
2722.3
2721.97
2721.65
2721.35
2721.07
2720.8
2720.54
2720.3
2720.07
2719.86
2719.65
2719.46
2719.27
2719.09
2718.93
2718.77
2718.62
2718.48
2718.34
2718.21
2718.09
2717.97
2717.85
2735.73
2734.68
2733.68
2732.75
2731.87
2731.04
2730.25
2729.51
2728.81
2728.15
2727.53
2726.94
2726.39
2725.86
2725.36
2724.89
2724.45
2724.03
2723.63
2723.25
2722.89
2722.55
2722.23
2721.93
2721.64
2721.37
2721.11
2720.86
2720.63
2720.41
2720.2
2720
2719.81
2719.63
2719.46
2719.3
2719.14
2719
2718.86
2718.72
2718.59
2718.47
2737.66
2736.56
2735.52
2734.54
2733.61
2732.74
2731.91
2731.13
2730.39
2729.7
2729.04
2728.41
2727.82
2727.27
2726.74
2726.24
2725.77
2725.32
2724.9
2724.49
2724.11
2723.75
2723.41
2723.09
2722.78
2722.49
2722.21
2721.95
2721.7
2721.46
2721.24
2721.02
2720.82
2720.63
2720.45
2720.27
2720.11
2719.95
2719.81
2719.66
2719.52
2719.39
2739.88
2738.73
2737.65
2736.63
2735.66
2734.74
2733.87
2733.06
2732.28
2731.55
2730.85
2730.2
2729.57
2728.99
2728.43
2727.9
2727.4
2726.93
2726.48
2726.05
2725.65
2725.27
2724.9
2724.56
2724.23
2723.92
2723.63
2723.35
2723.09
2722.84
2722.6
2722.37
2722.16
2721.95
2721.76
2721.57
2721.4
2721.23
2721.07
2720.92
2720.77
2720.62
2742.34
2741.15
2740.02
2738.96
2737.95
2737
2736.09
2735.24
2734.42
2733.66
2732.93
2732.24
2731.59
2730.97
2730.39
2729.83
2729.3
2728.81
2728.33
2727.88
2727.46
2727.06
2726.67
2726.31
2725.96
2725.64
2725.33
2725.03
2724.75
2724.49
2724.23
2723.99
2723.77
2723.55
2723.34
2723.15
2722.96
2722.79
2722.62
2722.46
2722.3
2722.14
2745
2743.77
2742.61
2741.51
2740.47
2739.48
2738.54
2737.65
2736.81
2736.01
2735.26
2734.54
2733.86
2733.21
2732.6
2732.02
2731.47
2730.95
2730.45
2729.98
2729.54
2729.11
2728.71
2728.33
2727.97
2727.62
2727.29
2726.98
2726.69
2726.41
2726.14
2725.89
2725.65
2725.42
2725.21
2725
2724.8
2724.62
2724.44
2724.27
2724.1
2723.94
2747.8
2746.54
2745.35
2744.22
2743.15
2742.13
2741.16
2740.24
2739.37
2738.55
2737.76
2737.02
2736.32
2735.65
2735.01
2734.41
2733.84
2733.29
2732.78
2732.29
2731.82
2731.38
2730.96
2730.56
2730.18
2729.82
2729.48
2729.16
2728.85
2728.56
2728.28
2728.01
2727.76
2727.52
2727.29
2727.08
2726.87
2726.68
2726.49
2726.31
2726.14
2725.96
2750.72
2749.44
2748.22
2747.06
2745.96
2744.92
2743.93
2742.99
2742.09
2741.25
2740.44
2739.67
2738.95
2738.26
2737.6
2736.98
2736.38
2735.82
2735.29
2734.78
2734.3
2733.84
2733.4
2732.99
2732.6
2732.22
2731.87
2731.53
2731.21
2730.91
2730.62
2730.34
2730.08
2729.83
2729.59
2729.37
2729.15
2728.95
2728.75
2728.57
2728.39
2728.2
2755.07
2753.7
2752.4
2751.17
2749.99
2748.87
2747.81
2746.8
2745.84
2744.93
2744.06
2743.23
2742.45
2741.7
2740.99
2740.32
2739.68
2739.07
2738.49
2737.94
2737.42
2736.92
2736.45
2736
2735.57
2735.16
2734.78
2734.41
2734.06
2733.73
2733.41
2733.11
2732.83
2732.56
2732.3
2732.05
2731.82
2731.6
2731.38
2731.18
2730.99
2730.8
2730.61
2758.11
2756.73
2755.43
2754.18
2752.99
2751.86
2750.79
2749.76
2748.79
2747.86
2746.98
2746.14
2745.34
2744.58
2743.85
2743.16
2742.51
2741.89
2741.3
2740.73
2740.2
2739.69
2739.2
2738.74
2738.3
2737.89
2737.49
2737.11
2736.75
2736.41
2736.09
2735.78
2735.49
2735.21
2734.94
2734.69
2734.45
2734.22
2734
2733.79
2733.59
2733.39
2733.2
2761.17
2759.79
2758.48
2757.23
2756.04
2754.9
2753.82
2752.78
2751.8
2750.86
2749.97
2749.12
2748.31
2747.54
2746.81
2746.11
2745.45
2744.81
2744.21
2743.64
2743.09
2742.58
2742.08
2741.61
2741.17
2740.74
2740.33
2739.95
2739.58
2739.23
2738.9
2738.59
2738.28
2738
2737.73
2737.47
2737.22
2736.99
2736.76
2736.55
2736.34
2736.14
2735.94
2764.25
2762.88
2761.57
2760.32
2759.13
2757.99
2756.91
2755.87
2754.88
2753.94
2753.05
2752.19
2751.38
2750.6
2749.86
2749.16
2748.49
2747.85
2747.24
2746.66
2746.11
2745.59
2745.09
2744.61
2744.16
2743.73
2743.32
2742.92
2742.55
2742.2
2741.86
2741.54
2741.23
2740.94
2740.66
2740.4
2740.15
2739.91
2739.68
2739.46
2739.26
2739.05
2738.85
2767.3
2765.95
2764.65
2763.41
2762.22
2761.09
2760.01
2758.98
2757.99
2757.05
2756.15
2755.3
2754.48
2753.71
2752.97
2752.26
2751.59
2750.95
2750.33
2749.75
2749.2
2748.67
2748.17
2747.69
2747.23
2746.79
2746.38
2745.98
2745.61
2745.25
2744.91
2744.59
2744.28
2743.98
2743.7
2743.43
2743.18
2742.94
2742.71
2742.49
2742.28
2742.07
2741.86
2771.72
2770.32
2768.98
2767.69
2766.47
2765.29
2764.17
2763.1
2762.08
2761.1
2760.16
2759.27
2758.42
2757.61
2756.84
2756.1
2755.39
2754.72
2754.08
2753.47
2752.89
2752.33
2751.8
2751.3
2750.82
2750.36
2749.92
2749.51
2749.11
2748.73
2748.38
2748.03
2747.71
2747.4
2747.1
2746.82
2746.55
2746.29
2746.05
2745.82
2745.6
2745.38
2745.17
2744.97
2774.62
2773.24
2771.92
2770.66
2769.45
2768.29
2767.18
2766.13
2765.11
2764.15
2763.22
2762.34
2761.5
2760.69
2759.92
2759.19
2758.49
2757.82
2757.18
2756.58
2756
2755.44
2754.92
2754.41
2753.94
2753.48
2753.04
2752.63
2752.23
2751.86
2751.5
2751.15
2750.83
2750.52
2750.22
2749.94
2749.67
2749.41
2749.17
2748.94
2748.72
2748.5
2748.29
2748.09
2777.28
2775.93
2774.64
2773.41
2772.22
2771.09
2770
2768.96
2767.97
2767.01
2766.1
2765.23
2764.4
2763.61
2762.85
2762.13
2761.43
2760.77
2760.14
2759.54
2758.97
2758.42
2757.9
2757.4
2756.93
2756.47
2756.04
2755.63
2755.24
2754.86
2754.51
2754.17
2753.84
2753.53
2753.24
2752.96
2752.69
2752.44
2752.19
2751.96
2751.74
2751.53
2751.32
2751.11
2779.78
2778.47
2777.21
2776
2774.84
2773.73
2772.67
2771.66
2770.68
2769.75
2768.86
2768.01
2767.2
2766.42
2765.67
2764.96
2764.29
2763.64
2763.02
2762.43
2761.87
2761.33
2760.81
2760.32
2759.86
2759.41
2758.99
2758.58
2758.19
2757.82
2757.47
2757.14
2756.82
2756.51
2756.22
2755.94
2755.68
2755.43
2755.19
2754.96
2754.74
2754.53
2754.32
2754.12
2781.94
2780.67
2779.45
2778.29
2777.17
2776.09
2775.07
2774.08
2773.14
2772.24
2771.37
2770.55
2769.75
2769
2768.28
2767.59
2766.93
2766.3
2765.69
2765.12
2764.57
2764.05
2763.54
2763.07
2762.61
2762.18
2761.76
2761.37
2760.99
2760.63
2760.28
2759.96
2759.64
2759.35
2759.06
2758.79
2758.53
2758.29
2758.05
2757.83
2757.62
2757.41
2757.21
2757.01
2784
2782.79
2781.63
2780.51
2779.44
2778.41
2777.43
2776.48
2775.58
2774.72
2773.89
2773.09
2772.34
2771.61
2770.92
2770.25
2769.62
2769.01
2768.44
2767.88
2767.35
2766.85
2766.37
2765.91
2765.47
2765.05
2764.65
2764.27
2763.91
2763.56
2763.23
2762.91
2762.61
2762.32
2762.05
2761.79
2761.54
2761.3
2761.07
2760.86
2760.65
2760.45
2760.26
2760.06
2786.13
2784.99
2783.9
2782.85
2781.84
2780.87
2779.94
2779.05
2778.2
2777.38
2776.59
2775.84
2775.12
2774.44
2773.78
2773.15
2772.55
2771.97
2771.42
2770.89
2770.39
2769.91
2769.45
2769.01
2768.6
2768.2
2767.82
2767.45
2767.11
2766.77
2766.46
2766.16
2765.87
2765.59
2765.33
2765.08
2764.84
2764.62
2764.4
2764.19
2764
2763.81
2763.62
2763.44
2788.78
2787.73
2786.72
2785.74
2784.81
2783.91
2783.04
2782.21
2781.42
2780.65
2779.92
2779.22
2778.55
2777.91
2777.29
2776.7
2776.13
2775.59
2775.08
2774.58
2774.11
2773.66
2773.23
2772.81
2772.42
2772.04
2771.68
2771.34
2771.01
2770.7
2770.4
2770.11
2769.84
2769.58
2769.33
2769.1
2768.87
2768.66
2768.45
2768.26
2768.07
2767.89
2767.71
2767.54
2792.35
2791.38
2790.44
2789.54
2788.67
2787.84
2787.03
2786.26
2785.52
2784.81
2784.13
2783.48
2782.85
2782.25
2781.68
2781.13
2780.6
2780.1
2779.62
2779.16
2778.71
2778.29
2777.89
2777.5
2777.13
2776.78
2776.44
2776.12
2775.82
2775.52
2775.24
2774.97
2774.72
2774.47
2774.24
2774.02
2773.81
2773.61
2773.41
2773.23
2773.05
2772.88
2772.72
2772.55
2797.39
2796.46
2795.57
2794.71
2793.87
2793.07
2792.3
2791.56
2790.84
2790.15
2789.49
2788.86
2788.25
2787.66
2787.1
2786.56
2786.04
2785.55
2785.07
2784.62
2784.18
2783.77
2783.37
2782.99
2782.62
2782.28
2781.94
2781.62
2781.32
2781.03
2780.75
2780.49
2780.23
2779.99
2779.76
2779.54
2779.33
2779.13
2778.94
2778.75
2778.58
2778.41
2778.25
2778.08
2802.78
2801.84
2800.93
2800.06
2799.21
2798.39
2797.61
2796.85
2796.12
2795.41
2794.74
2794.09
2793.46
2792.86
2792.29
2791.74
2791.21
2790.7
2790.21
2789.75
2789.3
2788.87
2788.46
2788.07
2787.7
2787.34
2787
2786.67
2786.36
2786.06
2785.77
2785.5
2785.24
2784.99
2784.75
2784.52
2784.31
2784.1
2783.9
2783.71
2783.53
2783.36
2783.19
2783.02
2806.88
2805.89
2804.93
2804.01
2803.12
2802.26
2801.43
2800.63
2799.87
2799.13
2798.42
2797.74
2797.08
2796.45
2795.85
2795.27
2794.71
2794.18
2793.67
2793.18
2792.71
2792.27
2791.84
2791.43
2791.03
2790.66
2790.3
2789.96
2789.63
2789.31
2789.01
2788.73
2788.45
2788.19
2787.94
2787.7
2787.47
2787.25
2787.05
2786.85
2786.66
2786.48
2786.3
2786.12
2809.83
2808.69
2807.6
2806.55
2805.53
2804.55
2803.61
2802.71
2801.84
2801.01
2800.21
2799.45
2798.72
2798.02
2797.35
2796.71
2796.1
2795.51
2794.95
2794.42
2793.91
2793.42
2792.96
2792.51
2792.09
2791.69
2791.3
2790.93
2790.58
2790.25
2789.93
2789.62
2789.33
2789.05
2788.79
2788.54
2788.3
2788.07
2787.85
2787.64
2787.44
2787.25
2787.06
2786.88
2810.94
2809.74
2808.59
2807.5
2806.45
2805.44
2804.48
2803.56
2802.68
2801.83
2801.02
2800.23
2799.48
2798.76
2798.07
2797.41
2796.78
2796.17
2795.59
2795.04
2794.51
2794
2793.52
2793.05
2792.61
2792.19
2791.78
2791.4
2791.03
2790.68
2790.35
2790.03
2789.72
2789.43
2789.15
2788.89
2788.63
2788.39
2788.16
2787.95
2787.74
2787.53
2787.34
2787.14
2812.92
2811.49
2810.13
2808.82
2807.56
2806.35
2805.19
2804.08
2803.02
2802
2801.03
2800.11
2799.23
2798.39
2797.58
2796.81
2796.08
2795.38
2794.71
2794.08
2793.47
2792.89
2792.33
2791.8
2791.3
2790.82
2790.36
2789.92
2789.5
2789.1
2788.72
2788.36
2788.02
2787.69
2787.37
2787.07
2786.79
2786.52
2786.26
2786.01
2785.77
2785.55
2785.33
2785.12
2784.91
2786.95
2786.69
2785.94
2782.85
2777.92
2772.39
2767.37
2763.25
2759.87
2756.81
2753.92
2750.91
2747.88
2744.76
2741.66
2738.65
2735.75
2733.01
2730.43
2728.03
2725.8
2723.78
2721.99
2720.48
2719.25
2718.34
2717.73
2717.41
2717.32
2717.47
2717.79
2718.32
2719.02
2719.89
2720.9
2722.05
2723.3
2724.68
2726.16
2727.77
2729.49
2731.29
2733.05
2734.7
2736.1
2737.71
2739.82
2742.26
2744.6
2746.65
2748.71
2750.99
2753.33
2755.31
2757.07
2759.3
2761.64
2763.83
2766
2768.11
2770.2
2772.32
2774.41
2776.43
2778.35
2780.16
2781.92
2783.65
2784.99
2786.09
2787.65
2789.37
2790.17
2791.21
2792.46
2793.34
2794.17
2794.9
2795.77
2795.86
2796.54
2796.65
2797.06
2797.41
2797.99
2798.78
2799.03
2799.82
2800.18
2800.93
2801.01
2801.59
2801.47
2801.52
2801.48
2801.6
2801.4
2801.18
2800.93
2800.71
2800.18
2799.91
2800.05
2800.05
2800.35
2800.93
2801.58
2802.14
2803.34
2804.61
2806.32
2808.71
2812.17
2816.08
2820.06
2826.75
2835.28
2848.51
2784.7
2786.76
2786.51
2785.77
2782.69
2777.76
2772.23
2767.2
2763.07
2759.68
2756.62
2753.72
2750.71
2747.68
2744.56
2741.46
2738.45
2735.56
2732.82
2730.25
2727.85
2725.63
2723.62
2721.84
2720.34
2719.12
2718.22
2717.62
2717.3
2717.22
2717.38
2717.71
2718.25
2718.95
2719.83
2720.85
2722
2723.26
2724.64
2726.13
2727.73
2729.43
2731.23
2733.01
2734.67
2736.08
2737.68
2739.77
2742.21
2744.56
2746.63
2748.69
2750.97
2753.32
2755.3
2757.04
2759.25
2761.6
2763.8
2765.98
2768.09
2770.17
2772.3
2774.39
2776.41
2778.33
2780.12
2781.87
2783.63
2784.98
2785.98
2787.56
2789.39
2790.21
2791.18
2792.51
2793.32
2794.12
2794.99
2795.78
2795.88
2796.55
2796.66
2797.18
2797.43
2798.05
2798.78
2799.15
2799.72
2800.13
2800.85
2801.06
2801.4
2801.75
2801.84
2801.62
2801.55
2801.41
2801.21
2800.94
2800.72
2800.19
2799.89
2799.88
2799.88
2800.45
2800.68
2801.41
2802.28
2803.43
2804.73
2806.37
2808.79
2811.92
2815.99
2819.95
2826.36
2835.5
2848.49
2784.48
2786.56
2786.32
2785.59
2782.52
2777.6
2772.06
2767.02
2762.89
2759.49
2756.42
2753.52
2750.5
2747.47
2744.35
2741.26
2738.25
2735.36
2732.63
2730.06
2727.67
2725.45
2723.45
2721.68
2720.19
2718.98
2718.09
2717.5
2717.19
2717.12
2717.28
2717.62
2718.17
2718.88
2719.77
2720.79
2721.96
2723.22
2724.61
2726.09
2727.68
2729.38
2731.18
2732.96
2734.63
2736.05
2737.65
2739.73
2742.16
2744.52
2746.6
2748.67
2750.94
2753.3
2755.29
2757.01
2759.2
2761.56
2763.77
2765.95
2768.07
2770.14
2772.27
2774.36
2776.39
2778.31
2780.08
2781.82
2783.61
2784.98
2785.89
2787.47
2789.37
2790.24
2791.15
2792.56
2793.31
2794.08
2795.08
2795.77
2795.93
2796.53
2796.71
2797.31
2797.52
2798.15
2798.72
2799.27
2799.63
2800.15
2800.77
2801.2
2801.33
2801.9
2801.98
2801.88
2801.55
2801.42
2801.21
2800.96
2800.72
2800.21
2799.89
2799.77
2799.97
2800.41
2800.63
2801.32
2802.4
2803.4
2804.77
2806.55
2808.98
2811.77
2815.76
2820.09
2826.02
2835.43
2848.73
2784.26
2786.36
2786.13
2785.4
2782.34
2777.42
2771.89
2766.84
2762.7
2759.29
2756.21
2753.3
2750.29
2747.26
2744.14
2741.04
2738.04
2735.15
2732.43
2729.86
2727.49
2725.28
2723.28
2721.52
2720.04
2718.84
2717.95
2717.38
2717.08
2717.02
2717.19
2717.54
2718.09
2718.81
2719.7
2720.74
2721.91
2723.18
2724.57
2726.04
2727.63
2729.32
2731.12
2732.91
2734.59
2736.03
2737.62
2739.68
2742.11
2744.47
2746.57
2748.64
2750.92
2753.29
2755.29
2756.98
2759.15
2761.53
2763.74
2765.92
2768.04
2770.12
2772.25
2774.34
2776.37
2778.28
2780.05
2781.78
2783.58
2784.98
2785.81
2787.38
2789.32
2790.26
2791.13
2792.59
2793.31
2794.06
2795.15
2795.73
2796.01
2796.48
2796.8
2797.41
2797.68
2798.24
2798.63
2799.35
2799.61
2800.27
2800.73
2801.33
2801.37
2801.84
2801.81
2801.8
2801.63
2801.44
2801.24
2800.97
2800.73
2800.22
2799.93
2799.96
2800.14
2800.25
2800.69
2801.32
2802.41
2803.26
2804.71
2806.77
2809.21
2811.79
2815.5
2820.39
2825.84
2835.01
2849.02
2784.02
2786.15
2785.93
2785.21
2782.16
2777.24
2771.71
2766.65
2762.49
2759.08
2755.99
2753.08
2750.06
2747.03
2743.91
2740.82
2737.82
2734.94
2732.22
2729.66
2727.29
2725.09
2723.11
2721.35
2719.88
2718.69
2717.82
2717.25
2716.96
2716.91
2717.09
2717.44
2718.01
2718.73
2719.64
2720.68
2721.86
2723.14
2724.53
2726
2727.58
2729.26
2731.05
2732.85
2734.55
2736
2737.58
2739.63
2742.06
2744.43
2746.54
2748.62
2750.9
2753.28
2755.28
2756.95
2759.1
2761.49
2763.71
2765.89
2768.01
2770.09
2772.22
2774.31
2776.34
2778.26
2780.02
2781.74
2783.56
2784.98
2785.76
2787.29
2789.24
2790.28
2791.12
2792.61
2793.32
2794.06
2795.2
2795.67
2796.09
2796.43
2796.91
2797.44
2797.83
2798.29
2798.56
2799.36
2799.68
2800.43
2800.78
2801.35
2801.52
2801.62
2801.62
2801.58
2801.63
2801.45
2801.24
2801
2800.74
2800.23
2799.97
2800.09
2800.18
2800.2
2800.87
2801.4
2802.31
2803.12
2804.59
2806.88
2809.32
2811.99
2815.28
2820.73
2825.99
2834.35
2848.82
2783.77
2785.92
2785.71
2785.01
2781.96
2777.06
2771.52
2766.45
2762.28
2758.86
2755.76
2752.85
2749.83
2746.8
2743.68
2740.59
2737.59
2734.71
2732
2729.45
2727.09
2724.9
2722.92
2721.18
2719.72
2718.54
2717.67
2717.11
2716.83
2716.79
2716.98
2717.35
2717.92
2718.65
2719.57
2720.61
2721.8
2723.09
2724.49
2725.96
2727.53
2729.2
2730.99
2732.79
2734.5
2735.97
2737.55
2739.58
2742
2744.38
2746.5
2748.6
2750.88
2753.26
2755.27
2756.93
2759.06
2761.46
2763.68
2765.86
2767.99
2770.06
2772.19
2774.29
2776.32
2778.24
2780
2781.71
2783.53
2784.99
2785.75
2787.22
2789.13
2790.28
2791.13
2792.6
2793.34
2794.09
2795.2
2795.59
2796.15
2796.37
2797
2797.4
2797.91
2798.3
2798.52
2799.31
2799.83
2800.52
2800.91
2801.28
2801.63
2801.58
2801.65
2801.63
2801.61
2801.47
2801.27
2801.01
2800.76
2800.25
2799.96
2800.02
2800.15
2800.27
2800.99
2801.5
2802.19
2803.05
2804.45
2806.78
2809.21
2812.31
2815.25
2820.73
2826.44
2833.85
2848.03
2783.5
2785.69
2785.49
2784.79
2781.76
2776.86
2771.32
2766.24
2762.06
2758.63
2755.53
2752.61
2749.58
2746.55
2743.44
2740.35
2737.35
2734.48
2731.77
2729.23
2726.88
2724.69
2722.73
2721
2719.55
2718.37
2717.52
2716.98
2716.71
2716.67
2716.87
2717.25
2717.83
2718.57
2719.49
2720.55
2721.75
2723.04
2724.44
2725.92
2727.48
2729.14
2730.91
2732.73
2734.45
2735.94
2737.52
2739.53
2741.94
2744.33
2746.47
2748.58
2750.86
2753.24
2755.27
2756.91
2759.01
2761.42
2763.65
2765.82
2767.96
2770.03
2772.16
2774.26
2776.29
2778.22
2779.98
2781.68
2783.51
2785
2785.78
2787.16
2788.99
2790.27
2791.15
2792.57
2793.37
2794.15
2795.16
2795.51
2796.17
2796.34
2797.03
2797.3
2797.9
2798.25
2798.59
2799.23
2799.97
2800.48
2800.99
2801.2
2801.62
2801.68
2801.83
2801.81
2801.64
2801.48
2801.27
2801.03
2800.76
2800.26
2799.99
2799.96
2800.08
2800.37
2800.91
2801.53
2802.14
2803.17
2804.45
2806.47
2808.89
2812.41
2815.49
2820.26
2826.66
2834.06
2847.37
2783.23
2785.44
2785.26
2784.57
2781.55
2776.65
2771.11
2766.02
2761.83
2758.39
2755.28
2752.35
2749.33
2746.29
2743.18
2740.09
2737.1
2734.23
2731.53
2729
2726.65
2724.48
2722.53
2720.81
2719.37
2718.21
2717.37
2716.83
2716.57
2716.55
2716.76
2717.14
2717.73
2718.48
2719.41
2720.48
2721.69
2723
2724.4
2725.87
2727.42
2729.07
2730.84
2732.67
2734.4
2735.91
2737.49
2739.48
2741.87
2744.27
2746.44
2748.56
2750.83
2753.23
2755.27
2756.89
2758.97
2761.39
2763.61
2765.79
2767.92
2770
2772.13
2774.23
2776.27
2778.19
2779.96
2781.67
2783.48
2785.02
2785.85
2787.13
2788.84
2790.25
2791.18
2792.52
2793.4
2794.22
2795.08
2795.45
2796.16
2796.35
2796.99
2797.16
2797.79
2798.19
2798.76
2799.17
2800.01
2800.38
2800.99
2801.24
2801.56
2801.82
2801.93
2801.87
2801.67
2801.5
2801.3
2801.05
2800.78
2800.28
2800.01
2799.96
2800.1
2800.39
2800.82
2801.47
2802.24
2803.38
2804.56
2806.16
2808.57
2812.14
2815.71
2819.67
2826.31
2834.72
2847.51
2782.94
2785.19
2785.01
2784.33
2781.32
2776.44
2770.9
2765.79
2761.59
2758.13
2755.01
2752.08
2749.06
2746.02
2742.91
2739.82
2736.84
2733.97
2731.28
2728.76
2726.42
2724.26
2722.32
2720.61
2719.18
2718.03
2717.2
2716.68
2716.43
2716.42
2716.64
2717.03
2717.63
2718.39
2719.33
2720.41
2721.63
2722.94
2724.35
2725.82
2727.37
2729
2730.76
2732.6
2734.33
2735.88
2737.45
2739.43
2741.81
2744.21
2746.4
2748.54
2750.81
2753.21
2755.27
2756.87
2758.93
2761.35
2763.58
2765.75
2767.89
2769.96
2772.09
2774.2
2776.24
2778.17
2779.96
2781.66
2783.45
2785.04
2785.97
2787.13
2788.67
2790.21
2791.23
2792.44
2793.43
2794.3
2794.98
2795.43
2796.12
2796.41
2796.91
2797.08
2797.65
2798.16
2798.93
2799.19
2799.95
2800.31
2800.94
2801.34
2801.54
2801.84
2801.87
2801.81
2801.68
2801.52
2801.31
2801.07
2800.79
2800.3
2800.04
2800.04
2800.16
2800.37
2800.81
2801.4
2802.38
2803.4
2804.64
2806.18
2808.57
2811.73
2815.62
2819.46
2825.71
2834.75
2847.92
2782.64
2784.92
2784.76
2784.08
2781.09
2776.21
2770.67
2765.54
2761.33
2757.87
2754.74
2751.8
2748.77
2745.74
2742.63
2739.54
2736.56
2733.7
2731.02
2728.5
2726.18
2724.03
2722.09
2720.4
2718.98
2717.85
2717.03
2716.52
2716.28
2716.28
2716.51
2716.92
2717.53
2718.3
2719.25
2720.33
2721.56
2722.89
2724.31
2725.77
2727.31
2728.92
2730.68
2732.52
2734.27
2735.84
2737.42
2739.38
2741.74
2744.15
2746.36
2748.51
2750.78
2753.19
2755.27
2756.87
2758.89
2761.32
2763.54
2765.71
2767.85
2769.93
2772.06
2774.16
2776.21
2778.15
2779.96
2781.67
2783.42
2785.06
2786.12
2787.18
2788.51
2790.16
2791.29
2792.34
2793.45
2794.35
2794.88
2795.48
2796.06
2796.51
2796.82
2797.12
2797.56
2798.2
2799
2799.32
2799.86
2800.37
2800.92
2801.4
2801.6
2801.79
2801.82
2801.77
2801.69
2801.54
2801.33
2801.08
2800.81
2800.32
2800.05
2800.08
2800.19
2800.35
2800.88
2801.43
2802.36
2803.23
2804.56
2806.56
2808.93
2811.5
2815.31
2819.84
2825.34
2834.1
2847.62
2782.32
2784.63
2784.49
2783.82
2780.84
2775.97
2770.42
2765.29
2761.07
2757.59
2754.45
2751.51
2748.48
2745.44
2742.33
2739.25
2736.27
2733.42
2730.75
2728.24
2725.92
2723.78
2721.86
2720.18
2718.78
2717.66
2716.86
2716.36
2716.13
2716.14
2716.38
2716.8
2717.42
2718.2
2719.16
2720.25
2721.5
2722.83
2724.26
2725.72
2727.24
2728.85
2730.59
2732.44
2734.2
2735.81
2737.38
2739.33
2741.67
2744.09
2746.33
2748.49
2750.76
2753.17
2755.27
2756.86
2758.86
2761.28
2763.51
2765.66
2767.82
2769.89
2772.02
2774.13
2776.17
2778.12
2779.96
2781.68
2783.4
2785.07
2786.3
2787.26
2788.38
2790.11
2791.34
2792.25
2793.44
2794.36
2794.81
2795.58
2795.99
2796.6
2796.79
2797.3
2797.64
2798.31
2798.92
2799.48
2799.83
2800.54
2800.98
2801.4
2801.65
2801.78
2801.85
2801.8
2801.71
2801.55
2801.34
2801.11
2800.82
2800.34
2800.08
2800.08
2800.19
2800.38
2800.94
2801.51
2802.24
2803.12
2804.46
2806.75
2809.15
2811.69
2815.01
2820.24
2825.54
2833.47
2846.98
2781.98
2784.33
2784.2
2783.55
2780.58
2775.71
2770.17
2765.02
2760.78
2757.29
2754.15
2751.2
2748.16
2745.13
2742.02
2738.94
2735.97
2733.13
2730.46
2727.96
2725.66
2723.53
2721.62
2719.95
2718.56
2717.45
2716.67
2716.18
2715.97
2715.99
2716.24
2716.67
2717.31
2718.1
2719.06
2720.17
2721.42
2722.77
2724.2
2725.67
2727.18
2728.76
2730.49
2732.35
2734.12
2735.77
2737.35
2739.27
2741.59
2744.02
2746.29
2748.47
2750.73
2753.15
2755.27
2756.87
2758.84
2761.25
2763.47
2765.62
2767.77
2769.85
2771.98
2774.09
2776.14
2778.1
2779.97
2781.71
2783.38
2785.08
2786.49
2787.36
2788.29
2790.04
2791.37
2792.17
2793.4
2794.33
2794.8
2795.71
2795.96
2796.65
2796.86
2797.53
2797.86
2798.43
2798.76
2799.54
2799.94
2800.63
2801.07
2801.39
2801.67
2801.83
2801.91
2801.86
2801.73
2801.57
2801.36
2801.12
2800.85
2800.37
2800.1
2800.08
2800.19
2800.42
2800.92
2801.52
2802.22
2803.2
2804.44
2806.54
2808.97
2812.04
2814.96
2820.05
2825.88
2833.44
2846.65
2781.63
2784.02
2783.9
2783.26
2780.31
2775.45
2769.9
2764.74
2760.49
2756.98
2753.83
2750.87
2747.84
2744.8
2741.69
2738.62
2735.65
2732.81
2730.16
2727.67
2725.38
2723.26
2721.37
2719.71
2718.34
2717.24
2716.47
2716
2715.8
2715.84
2716.1
2716.54
2717.19
2717.99
2718.97
2720.08
2721.35
2722.71
2724.15
2725.61
2727.11
2728.68
2730.39
2732.25
2734.04
2735.72
2737.31
2739.22
2741.51
2743.94
2746.24
2748.44
2750.71
2753.12
2755.27
2756.87
2758.82
2761.22
2763.43
2765.57
2767.73
2769.81
2771.94
2774.05
2776.1
2778.07
2779.98
2781.74
2783.36
2785.07
2786.66
2787.48
2788.28
2789.98
2791.37
2792.13
2793.34
2794.28
2794.86
2795.82
2795.99
2796.63
2796.99
2797.62
2798.04
2798.46
2798.71
2799.47
2800.1
2800.57
2801.1
2801.43
2801.68
2801.86
2801.93
2801.88
2801.76
2801.59
2801.39
2801.15
2800.87
2800.39
2800.12
2800.11
2800.22
2800.43
2800.9
2801.49
2802.31
2803.31
2804.48
2806.23
2808.66
2812.02
2815.14
2819.54
2825.73
2833.7
2846.62
2781.26
2783.69
2783.59
2782.95
2780.02
2775.17
2769.62
2764.44
2760.17
2756.66
2753.49
2750.53
2747.49
2744.45
2741.35
2738.28
2735.32
2732.49
2729.84
2727.36
2725.08
2722.98
2721.1
2719.46
2718.1
2717.02
2716.27
2715.81
2715.63
2715.68
2715.95
2716.41
2717.06
2717.87
2718.86
2719.99
2721.27
2722.65
2724.09
2725.56
2727.04
2728.59
2730.29
2732.14
2733.95
2735.67
2737.27
2739.16
2741.43
2743.87
2746.2
2748.41
2750.68
2753.1
2755.27
2756.89
2758.8
2761.19
2763.39
2765.52
2767.69
2769.77
2771.9
2774.01
2776.06
2778.03
2779.98
2781.77
2783.35
2785.04
2786.78
2787.6
2788.35
2789.92
2791.35
2792.14
2793.27
2794.2
2794.97
2795.85
2796.07
2796.55
2797.1
2797.49
2798.02
2798.41
2798.88
2799.37
2800.14
2800.52
2801.08
2801.49
2801.71
2801.88
2801.94
2801.89
2801.77
2801.61
2801.41
2801.17
2800.89
2800.42
2800.14
2800.14
2800.25
2800.44
2800.92
2801.5
2802.33
2803.28
2804.49
2806.16
2808.54
2811.69
2815.16
2819.29
2825.26
2833.53
2846.42
2780.87
2783.34
2783.26
2782.63
2779.71
2774.87
2769.32
2764.13
2759.85
2756.31
2753.14
2750.17
2747.13
2744.09
2740.99
2737.92
2734.97
2732.15
2729.51
2727.04
2724.78
2722.69
2720.82
2719.2
2717.86
2716.8
2716.05
2715.62
2715.44
2715.51
2715.8
2716.27
2716.93
2717.76
2718.75
2719.89
2721.19
2722.58
2724.03
2725.5
2726.97
2728.5
2730.18
2732.03
2733.86
2735.62
2737.24
2739.11
2741.35
2743.79
2746.15
2748.39
2750.65
2753.07
2755.27
2756.91
2758.8
2761.16
2763.35
2765.47
2767.64
2769.73
2771.85
2773.97
2776.01
2778
2779.97
2781.8
2783.34
2784.97
2786.82
2787.68
2788.52
2789.89
2791.31
2792.21
2793.21
2794.14
2795.08
2795.77
2796.17
2796.47
2797.1
2797.28
2797.85
2798.36
2799.1
2799.43
2800.08
2800.59
2801.1
2801.53
2801.75
2801.9
2801.95
2801.91
2801.8
2801.63
2801.43
2801.2
2800.89
2800.46
2800.18
2800.16
2800.26
2800.46
2800.94
2801.53
2802.29
2803.2
2804.46
2806.37
2808.71
2811.47
2814.93
2819.46
2825.03
2833.09
2846.02
2780.47
2782.97
2782.91
2782.3
2779.39
2774.56
2769.01
2763.8
2759.5
2755.95
2752.77
2749.79
2746.75
2743.71
2740.61
2737.55
2734.6
2731.79
2729.16
2726.71
2724.45
2722.38
2720.53
2718.92
2717.6
2716.56
2715.83
2715.41
2715.25
2715.33
2715.63
2716.12
2716.8
2717.63
2718.64
2719.79
2721.1
2722.5
2723.97
2725.43
2726.9
2728.41
2730.07
2731.91
2733.77
2735.55
2737.2
2739.05
2741.27
2743.71
2746.1
2748.36
2750.62
2753.03
2755.26
2756.94
2758.8
2761.13
2763.31
2765.41
2767.58
2769.68
2771.81
2773.92
2775.97
2777.95
2779.95
2781.81
2783.32
2784.89
2786.75
2787.72
2788.74
2789.88
2791.24
2792.33
2793.19
2794.09
2795.13
2795.62
2796.22
2796.45
2797.02
2797.25
2797.79
2798.42
2799.11
2799.6
2800.07
2800.69
2801.15
2801.55
2801.79
2801.93
2801.98
2801.95
2801.82
2801.65
2801.45
2801.22
2800.92
2800.49
2800.2
2800.19
2800.28
2800.48
2800.95
2801.54
2802.27
2803.2
2804.45
2806.42
2808.8
2811.59
2814.72
2819.52
2825.09
2832.84
2845.67
2780.04
2782.58
2782.54
2781.94
2779.06
2774.23
2768.68
2763.46
2759.14
2755.58
2752.38
2749.4
2746.35
2743.31
2740.21
2737.16
2734.21
2731.41
2728.79
2726.35
2724.12
2722.06
2720.23
2718.63
2717.33
2716.3
2715.6
2715.2
2715.05
2715.15
2715.46
2715.96
2716.66
2717.5
2718.52
2719.68
2721
2722.42
2723.9
2725.37
2726.82
2728.31
2729.95
2731.78
2733.67
2735.48
2737.16
2738.99
2741.18
2743.62
2746.05
2748.33
2750.58
2752.99
2755.26
2756.97
2758.81
2761.11
2763.26
2765.35
2767.53
2769.64
2771.76
2773.87
2775.92
2777.9
2779.92
2781.81
2783.31
2784.78
2786.57
2787.69
2788.97
2789.91
2791.14
2792.44
2793.23
2794.09
2795.1
2795.48
2796.2
2796.56
2796.98
2797.47
2797.92
2798.53
2798.99
2799.65
2800.16
2800.71
2801.19
2801.58
2801.82
2801.96
2802
2801.97
2801.85
2801.67
2801.48
2801.25
2800.93
2800.53
2800.23
2800.21
2800.3
2800.5
2800.96
2801.55
2802.29
2803.23
2804.45
2806.26
2808.65
2811.69
2814.69
2819.27
2825.02
2832.73
2845.38
2779.59
2782.17
2782.16
2781.56
2778.7
2773.89
2768.34
2763.1
2758.76
2755.18
2751.97
2748.98
2745.93
2742.89
2739.79
2736.74
2733.81
2731.02
2728.41
2725.98
2723.76
2721.72
2719.91
2718.33
2717.05
2716.04
2715.35
2714.97
2714.85
2714.96
2715.29
2715.8
2716.51
2717.36
2718.39
2719.57
2720.9
2722.34
2723.83
2725.29
2726.74
2728.2
2729.82
2731.64
2733.56
2735.4
2737.12
2738.94
2741.09
2743.53
2745.99
2748.29
2750.55
2752.94
2755.24
2757.01
2758.82
2761.08
2763.22
2765.29
2767.47
2769.59
2771.71
2773.82
2775.86
2777.85
2779.86
2781.77
2783.29
2784.66
2786.3
2787.58
2789.12
2789.95
2791.05
2792.51
2793.3
2794.13
2795.01
2795.45
2796.12
2796.71
2797.02
2797.66
2798.08
2798.58
2798.99
2799.62
2800.24
2800.72
2801.22
2801.62
2801.85
2801.99
2802.03
2801.99
2801.88
2801.7
2801.51
2801.28
2800.96
2800.56
2800.25
2800.24
2800.33
2800.52
2800.97
2801.57
2802.3
2803.22
2804.44
2806.15
2808.51
2811.56
2814.66
2819.04
2824.76
2832.52
2845.03
2779.11
2781.74
2781.75
2781.17
2778.33
2773.53
2767.97
2762.71
2758.36
2754.76
2751.54
2748.54
2745.49
2742.45
2739.35
2736.31
2733.38
2730.6
2728.01
2725.6
2723.39
2721.37
2719.58
2718.02
2716.75
2715.77
2715.1
2714.74
2714.63
2714.76
2715.1
2715.63
2716.35
2717.22
2718.26
2719.45
2720.8
2722.25
2723.75
2725.22
2726.65
2728.1
2729.69
2731.5
2733.43
2735.31
2737.08
2738.88
2741
2743.43
2745.93
2748.25
2750.5
2752.89
2755.23
2757.05
2758.85
2761.05
2763.17
2765.23
2767.41
2769.53
2771.65
2773.77
2775.81
2777.79
2779.79
2781.71
2783.27
2784.55
2785.99
2787.4
2789.16
2790
2790.97
2792.49
2793.38
2794.18
2794.92
2795.6
2796.05
2796.74
2797.12
2797.61
2798.08
2798.57
2799.13
2799.64
2800.26
2800.77
2801.26
2801.66
2801.9
2802.03
2802.06
2802.01
2801.9
2801.73
2801.53
2801.31
2800.97
2800.6
2800.29
2800.27
2800.35
2800.55
2800.98
2801.59
2802.29
2803.19
2804.44
2806.17
2808.5
2811.43
2814.54
2818.97
2824.57
2832.24
2844.65
2778.62
2781.29
2781.33
2780.76
2777.93
2773.14
2767.59
2762.31
2757.93
2754.32
2751.08
2748.08
2745.02
2741.98
2738.89
2735.86
2732.94
2730.17
2727.59
2725.19
2723.01
2721
2719.23
2717.69
2716.45
2715.48
2714.84
2714.49
2714.4
2714.55
2714.91
2715.46
2716.19
2717.07
2718.12
2719.32
2720.69
2722.15
2723.67
2725.14
2726.56
2727.99
2729.56
2731.34
2733.3
2735.22
2737.03
2738.82
2740.91
2743.34
2745.86
2748.21
2750.46
2752.82
2755.2
2757.09
2758.88
2761.03
2763.12
2765.16
2767.34
2769.48
2771.6
2773.72
2775.76
2777.73
2779.7
2781.61
2783.25
2784.48
2785.69
2787.17
2789.06
2790.05
2790.95
2792.38
2793.4
2794.22
2794.89
2795.83
2796.08
2796.65
2797.16
2797.5
2798.04
2798.59
2799.21
2799.72
2800.29
2800.83
2801.3
2801.7
2801.93
2802.06
2802.09
2802.04
2801.94
2801.75
2801.56
2801.34
2801
2800.64
2800.32
2800.3
2800.38
2800.57
2801
2801.61
2802.29
2803.18
2804.44
2806.15
2808.49
2811.4
2814.4
2818.86
2824.42
2831.98
2844.24
2778.09
2780.81
2780.88
2780.32
2777.52
2772.74
2767.18
2761.89
2757.49
2753.86
2750.61
2747.6
2744.53
2741.5
2738.41
2735.38
2732.47
2729.71
2727.15
2724.77
2722.6
2720.62
2718.86
2717.35
2716.13
2715.19
2714.56
2714.23
2714.17
2714.33
2714.71
2715.28
2716.03
2716.92
2717.98
2719.19
2720.57
2722.05
2723.57
2725.05
2726.47
2727.88
2729.43
2731.18
2733.16
2735.11
2736.99
2738.76
2740.82
2743.24
2745.79
2748.16
2750.4
2752.75
2755.16
2757.12
2758.91
2760.99
2763.06
2765.09
2767.27
2769.42
2771.54
2773.67
2775.7
2777.67
2779.61
2781.5
2783.22
2784.46
2785.48
2786.94
2788.83
2790.07
2791
2792.2
2793.34
2794.24
2794.9
2795.88
2796.2
2796.58
2797.16
2797.54
2798.07
2798.65
2799.21
2799.78
2800.35
2800.88
2801.34
2801.74
2801.98
2802.1
2802.12
2802.07
2801.97
2801.78
2801.59
2801.37
2801.02
2800.69
2800.36
2800.33
2800.41
2800.59
2801.01
2801.63
2802.29
2803.18
2804.43
2806.09
2808.42
2811.37
2814.3
2818.7
2824.24
2831.72
2843.83
2777.54
2780.3
2780.4
2779.86
2777.08
2772.31
2766.75
2761.45
2757.02
2753.37
2750.11
2747.09
2744.02
2740.99
2737.9
2734.88
2731.98
2729.24
2726.69
2724.33
2722.18
2720.22
2718.48
2716.99
2715.79
2714.87
2714.27
2713.97
2713.92
2714.1
2714.5
2715.08
2715.85
2716.76
2717.83
2719.05
2720.44
2721.93
2723.47
2724.96
2726.37
2727.77
2729.29
2731.02
2733.01
2735.01
2736.93
2738.7
2740.73
2743.13
2745.71
2748.11
2750.34
2752.66
2755.1
2757.15
2758.94
2760.96
2763
2765.02
2767.2
2769.36
2771.48
2773.61
2775.65
2777.62
2779.51
2781.37
2783.18
2784.5
2785.42
2786.79
2788.51
2790.04
2791.1
2792.04
2793.22
2794.21
2794.95
2795.71
2796.26
2796.65
2797.16
2797.66
2798.15
2798.71
2799.24
2799.82
2800.41
2800.93
2801.39
2801.78
2802.02
2802.14
2802.15
2802.1
2802.01
2801.81
2801.62
2801.41
2801.05
2800.73
2800.39
2800.37
2800.43
2800.62
2801.03
2801.64
2802.29
2803.16
2804.42
2806.03
2808.35
2811.29
2814.19
2818.53
2824.03
2831.44
2843.37
2776.97
2779.77
2779.9
2779.37
2776.62
2771.87
2766.3
2760.98
2756.53
2752.86
2749.58
2746.55
2743.49
2740.45
2737.37
2734.36
2731.47
2728.74
2726.21
2723.87
2721.74
2719.8
2718.08
2716.62
2715.44
2714.55
2713.97
2713.69
2713.66
2713.86
2714.28
2714.89
2715.67
2716.59
2717.67
2718.9
2720.3
2721.81
2723.36
2724.86
2726.27
2727.65
2729.14
2730.85
2732.85
2734.89
2736.86
2738.64
2740.64
2743.03
2745.62
2748.05
2750.27
2752.57
2755.03
2757.17
2758.96
2760.91
2762.93
2764.95
2767.13
2769.29
2771.42
2773.55
2775.59
2777.57
2779.43
2781.25
2783.12
2784.61
2785.57
2786.8
2788.22
2789.96
2791.21
2792
2793.12
2794.15
2795.03
2795.53
2796.21
2796.75
2797.19
2797.7
2798.19
2798.74
2799.31
2799.87
2800.46
2800.98
2801.44
2801.82
2802.06
2802.18
2802.19
2802.13
2802.04
2801.85
2801.65
2801.44
2801.08
2800.77
2800.43
2800.4
2800.46
2800.65
2801.05
2801.66
2802.29
2803.15
2804.42
2805.99
2808.29
2811.2
2814.07
2818.37
2823.82
2831.14
2842.9
2776.36
2779.21
2779.38
2778.86
2776.13
2771.39
2765.83
2760.49
2756.01
2752.32
2749.03
2745.99
2742.92
2739.89
2736.81
2733.81
2730.93
2728.22
2725.7
2723.38
2721.27
2719.36
2717.67
2716.23
2715.08
2714.21
2713.66
2713.39
2713.4
2713.61
2714.06
2714.68
2715.48
2716.41
2717.5
2718.75
2720.16
2721.68
2723.24
2724.75
2726.17
2727.54
2729
2730.67
2732.68
2734.76
2736.77
2738.57
2740.55
2742.92
2745.53
2747.98
2750.19
2752.46
2754.93
2757.17
2758.98
2760.86
2762.86
2764.87
2767.05
2769.22
2771.35
2773.48
2775.54
2777.53
2779.38
2781.16
2783.05
2784.75
2785.89
2786.97
2788.08
2789.84
2791.26
2792.13
2793.12
2794.07
2795.06
2795.59
2796.16
2796.76
2797.24
2797.7
2798.22
2798.79
2799.37
2799.93
2800.51
2801.04
2801.49
2801.87
2802.11
2802.23
2802.23
2802.17
2802.08
2801.88
2801.69
2801.48
2801.12
2800.81
2800.47
2800.44
2800.5
2800.67
2801.07
2801.68
2802.29
2803.14
2804.41
2805.94
2808.23
2811.13
2813.95
2818.19
2823.6
2830.82
2842.38
2775.72
2778.62
2778.82
2778.32
2775.61
2770.9
2765.32
2759.97
2755.46
2751.75
2748.45
2745.4
2742.33
2739.3
2736.23
2733.23
2730.37
2727.67
2725.17
2722.87
2720.79
2718.9
2717.24
2715.82
2714.7
2713.86
2713.33
2713.09
2713.12
2713.36
2713.82
2714.47
2715.28
2716.23
2717.33
2718.58
2720
2721.53
2723.11
2724.63
2726.05
2727.42
2728.86
2730.5
2732.5
2734.63
2736.67
2738.51
2740.46
2742.81
2745.43
2747.9
2750.1
2752.34
2754.82
2757.14
2758.97
2760.8
2762.78
2764.79
2766.96
2769.15
2771.28
2773.41
2775.47
2777.49
2779.35
2781.11
2782.98
2784.84
2786.27
2787.25
2788.18
2789.73
2791.19
2792.32
2793.23
2794.05
2794.98
2795.77
2796.2
2796.73
2797.28
2797.73
2798.27
2798.84
2799.42
2799.99
2800.57
2801.1
2801.55
2801.92
2802.16
2802.27
2802.27
2802.2
2802.11
2801.92
2801.73
2801.52
2801.16
2800.84
2800.51
2800.48
2800.53
2800.7
2801.09
2801.7
2802.29
2803.12
2804.39
2805.9
2808.15
2811.04
2813.83
2818
2823.36
2830.49
2841.84
2775.05
2777.99
2778.24
2777.75
2775.07
2770.37
2764.79
2759.43
2754.89
2751.15
2747.83
2744.78
2741.7
2738.67
2735.62
2732.63
2729.78
2727.1
2724.62
2722.34
2720.28
2718.42
2716.78
2715.4
2714.3
2713.49
2712.99
2712.78
2712.83
2713.09
2713.58
2714.25
2715.08
2716.04
2717.15
2718.41
2719.84
2721.38
2722.97
2724.5
2725.94
2727.3
2728.71
2730.32
2732.31
2734.47
2736.56
2738.44
2740.38
2742.7
2745.32
2747.81
2750
2752.2
2754.68
2757.08
2758.95
2760.72
2762.69
2764.71
2766.88
2769.07
2771.21
2773.33
2775.4
2777.44
2779.34
2781.12
2782.91
2784.82
2786.49
2787.49
2788.48
2789.68
2791
2792.38
2793.32
2794.12
2794.89
2795.79
2796.26
2796.75
2797.3
2797.79
2798.32
2798.89
2799.47
2800.04
2800.63
2801.16
2801.61
2801.98
2802.2
2802.32
2802.31
2802.25
2802.15
2801.96
2801.77
2801.56
2801.21
2800.88
2800.56
2800.52
2800.57
2800.74
2801.11
2801.72
2802.3
2803.11
2804.37
2805.85
2808.08
2810.94
2813.7
2817.79
2823.1
2830.13
2841.25
2774.35
2777.33
2777.62
2777.15
2774.5
2769.82
2764.23
2758.85
2754.29
2750.53
2747.19
2744.13
2741.05
2738.02
2734.97
2732
2729.16
2726.5
2724.04
2721.79
2719.76
2717.91
2716.31
2714.95
2713.89
2713.11
2712.64
2712.45
2712.53
2712.81
2713.33
2714.01
2714.87
2715.84
2716.97
2718.23
2719.66
2721.21
2722.81
2724.35
2725.81
2727.18
2728.57
2730.15
2732.12
2734.31
2736.44
2738.37
2740.29
2742.59
2745.2
2747.7
2749.89
2752.05
2754.51
2756.99
2758.9
2760.63
2762.59
2764.62
2766.79
2768.99
2771.13
2773.24
2775.32
2777.38
2779.35
2781.17
2782.85
2784.64
2786.4
2787.51
2788.78
2789.72
2790.81
2792.23
2793.25
2794.18
2794.9
2795.7
2796.27
2796.8
2797.33
2797.83
2798.37
2798.95
2799.53
2800.11
2800.7
2801.23
2801.67
2802.03
2802.26
2802.37
2802.36
2802.29
2802.19
2802.01
2801.81
2801.6
2801.26
2800.92
2800.6
2800.57
2800.6
2800.77
2801.13
2801.74
2802.3
2803.09
2804.35
2805.81
2808
2810.83
2813.57
2817.58
2822.83
2829.76
2840.63
2773.61
2776.64
2776.98
2776.52
2773.9
2769.24
2763.64
2758.25
2753.65
2749.87
2746.51
2743.44
2740.36
2737.34
2734.29
2731.33
2728.51
2725.87
2723.44
2721.21
2719.2
2717.39
2715.82
2714.49
2713.46
2712.71
2712.27
2712.11
2712.21
2712.52
2713.07
2713.78
2714.65
2715.64
2716.77
2718.04
2719.48
2721.02
2722.63
2724.2
2725.68
2727.05
2728.44
2729.98
2731.92
2734.13
2736.3
2738.29
2740.21
2742.49
2745.07
2747.58
2749.77
2751.89
2754.32
2756.85
2758.81
2760.51
2762.49
2764.53
2766.69
2768.9
2771.05
2773.15
2775.23
2777.3
2779.33
2781.22
2782.8
2784.36
2786.02
2787.24
2788.85
2789.82
2790.78
2792.03
2793.11
2794.14
2794.98
2795.67
2796.26
2796.83
2797.37
2797.88
2798.42
2799
2799.6
2800.18
2800.76
2801.3
2801.73
2802.09
2802.31
2802.42
2802.41
2802.33
2802.24
2802.05
2801.85
2801.64
2801.3
2800.97
2800.66
2800.61
2800.64
2800.81
2801.16
2801.76
2802.31
2803.07
2804.32
2805.77
2807.92
2810.72
2813.44
2817.35
2822.55
2829.36
2839.97
2772.83
2775.91
2776.29
2775.85
2773.26
2768.63
2763.01
2757.61
2752.98
2749.17
2745.8
2742.72
2739.64
2736.62
2733.59
2730.64
2727.84
2725.21
2722.81
2720.6
2718.63
2716.85
2715.3
2714.01
2713.01
2712.3
2711.89
2711.75
2711.89
2712.22
2712.79
2713.53
2714.42
2715.43
2716.57
2717.85
2719.28
2720.83
2722.44
2724.03
2725.53
2726.93
2728.31
2729.82
2731.72
2733.93
2736.15
2738.19
2740.13
2742.38
2744.93
2747.45
2749.63
2751.72
2754.11
2756.67
2758.68
2760.38
2762.38
2764.44
2766.6
2768.8
2770.96
2773.06
2775.14
2777.21
2779.28
2781.23
2782.77
2784.09
2785.51
2786.81
2788.59
2789.88
2790.95
2791.98
2793.07
2794.05
2794.99
2795.72
2796.28
2796.84
2797.41
2797.92
2798.48
2799.06
2799.67
2800.25
2800.83
2801.37
2801.8
2802.15
2802.37
2802.47
2802.46
2802.38
2802.28
2802.1
2801.9
2801.68
2801.36
2801.01
2800.7
2800.66
2800.69
2800.84
2801.18
2801.78
2802.32
2803.05
2804.29
2805.73
2807.83
2810.6
2813.29
2817.12
2822.24
2828.95
2839.27
2772.01
2775.13
2775.57
2775.15
2772.59
2767.98
2762.36
2756.94
2752.27
2748.44
2745.05
2741.97
2738.88
2735.87
2732.84
2729.91
2727.13
2724.53
2722.14
2719.97
2718.03
2716.28
2714.77
2713.51
2712.55
2711.87
2711.49
2711.38
2711.55
2711.91
2712.51
2713.27
2714.19
2715.21
2716.37
2717.64
2719.08
2720.62
2722.24
2723.84
2725.38
2726.8
2728.19
2729.67
2731.52
2733.72
2735.98
2738.08
2740.05
2742.28
2744.79
2747.29
2749.49
2751.54
2753.88
2756.45
2758.52
2760.23
2762.26
2764.35
2766.5
2768.7
2770.86
2772.96
2775.04
2777.1
2779.16
2781.15
2782.76
2783.98
2785.17
2786.5
2788.19
2789.8
2791.11
2792.08
2793.14
2794.04
2794.93
2795.75
2796.31
2796.87
2797.45
2797.98
2798.54
2799.13
2799.73
2800.32
2800.9
2801.44
2801.87
2802.22
2802.43
2802.53
2802.51
2802.43
2802.33
2802.15
2801.95
2801.73
2801.41
2801.07
2800.76
2800.71
2800.73
2800.88
2801.21
2801.79
2802.33
2803.03
2804.26
2805.69
2807.74
2810.47
2813.14
2816.87
2821.91
2828.51
2838.51
2771.15
2774.32
2774.81
2774.41
2771.88
2767.3
2761.66
2756.23
2751.53
2747.67
2744.27
2741.17
2738.08
2735.08
2732.06
2729.15
2726.38
2723.81
2721.45
2719.31
2717.4
2715.68
2714.21
2712.99
2712.06
2711.42
2711.08
2711
2711.19
2711.59
2712.22
2713.01
2713.95
2714.99
2716.15
2717.43
2718.86
2720.39
2722.02
2723.64
2725.21
2726.68
2728.07
2729.53
2731.32
2733.5
2735.79
2737.95
2739.97
2742.17
2744.63
2747.13
2749.34
2751.37
2753.63
2756.19
2758.32
2760.07
2762.13
2764.26
2766.39
2768.59
2770.76
2772.87
2774.95
2776.99
2779
2780.98
2782.75
2784.11
2785.26
2786.58
2787.98
2789.61
2791.03
2792.14
2793.16
2794.07
2794.91
2795.74
2796.33
2796.9
2797.49
2798.03
2798.6
2799.19
2799.81
2800.4
2800.98
2801.52
2801.95
2802.29
2802.49
2802.59
2802.57
2802.48
2802.38
2802.21
2802.01
2801.77
2801.47
2801.12
2800.81
2800.77
2800.78
2800.93
2801.24
2801.81
2802.34
2803.02
2804.22
2805.64
2807.65
2810.32
2812.97
2816.61
2821.57
2828.03
2837.72
2770.24
2773.46
2774
2773.62
2771.13
2766.57
2760.93
2755.48
2750.75
2746.86
2743.44
2740.33
2737.25
2734.25
2731.25
2728.35
2725.61
2723.06
2720.73
2718.62
2716.74
2715.06
2713.63
2712.45
2711.56
2710.95
2710.65
2710.61
2710.83
2711.26
2711.92
2712.73
2713.7
2714.75
2715.93
2717.22
2718.64
2720.16
2721.78
2723.42
2725.04
2726.55
2727.96
2729.4
2731.13
2733.27
2735.58
2737.8
2739.89
2742.07
2744.47
2746.94
2749.19
2751.19
2753.38
2755.9
2758.08
2759.9
2762
2764.16
2766.29
2768.47
2770.65
2772.77
2774.86
2776.9
2778.84
2780.77
2782.7
2784.38
2785.71
2787.01
2788.15
2789.51
2790.82
2792.08
2793.09
2794.06
2794.93
2795.73
2796.35
2796.93
2797.53
2798.08
2798.66
2799.26
2799.89
2800.48
2801.06
2801.6
2802.03
2802.36
2802.56
2802.65
2802.63
2802.54
2802.43
2802.26
2802.06
2801.82
2801.52
2801.18
2800.87
2800.82
2800.83
2800.97
2801.27
2801.83
2802.35
2803.01
2804.18
2805.59
2807.56
2810.17
2812.8
2816.35
2821.2
2827.54
2836.86
2769.29
2772.56
2773.15
2772.79
2770.34
2765.81
2760.16
2754.69
2749.92
2746.01
2742.57
2739.46
2736.37
2733.38
2730.39
2727.51
2724.79
2722.27
2719.98
2717.9
2716.06
2714.42
2713.03
2711.89
2711.04
2710.47
2710.21
2710.2
2710.45
2710.92
2711.61
2712.45
2713.44
2714.52
2715.71
2716.99
2718.4
2719.91
2721.53
2723.19
2724.85
2726.41
2727.86
2729.29
2730.96
2733.04
2735.35
2737.63
2739.8
2741.96
2744.31
2746.75
2749.03
2751.03
2753.14
2755.58
2757.83
2759.72
2761.87
2764.06
2766.18
2768.35
2770.53
2772.66
2774.78
2776.83
2778.75
2780.62
2782.58
2784.5
2786.03
2787.25
2788.43
2789.56
2790.73
2791.99
2793.05
2794.03
2794.93
2795.74
2796.37
2796.96
2797.57
2798.14
2798.73
2799.34
2799.97
2800.56
2801.14
2801.68
2802.12
2802.43
2802.63
2802.72
2802.69
2802.6
2802.48
2802.32
2802.12
2801.88
2801.58
2801.24
2800.93
2800.88
2800.88
2801.02
2801.3
2801.84
2802.36
2803
2804.14
2805.53
2807.47
2810
2812.61
2816.07
2820.81
2827
2835.95
2768.29
2771.6
2772.25
2771.92
2769.51
2765.01
2759.35
2753.86
2749.05
2745.12
2741.66
2738.53
2735.45
2732.47
2729.49
2726.64
2723.94
2721.45
2719.19
2717.15
2715.35
2713.75
2712.4
2711.3
2710.5
2709.97
2709.75
2709.77
2710.06
2710.56
2711.28
2712.16
2713.17
2714.27
2715.48
2716.76
2718.16
2719.66
2721.27
2722.95
2724.64
2726.26
2727.76
2729.19
2730.79
2732.8
2735.11
2737.45
2739.69
2741.86
2744.14
2746.55
2748.88
2750.89
2752.92
2755.26
2757.56
2759.55
2761.74
2763.95
2766.07
2768.22
2770.41
2772.54
2774.69
2776.77
2778.73
2780.57
2782.4
2784.26
2785.82
2786.98
2788.4
2789.61
2790.8
2791.96
2793.04
2794.01
2794.91
2795.75
2796.4
2796.99
2797.61
2798.2
2798.8
2799.42
2800.05
2800.65
2801.23
2801.77
2802.21
2802.52
2802.7
2802.78
2802.76
2802.66
2802.53
2802.38
2802.18
2801.94
2801.64
2801.31
2800.99
2800.94
2800.94
2801.07
2801.33
2801.86
2802.36
2802.99
2804.09
2805.46
2807.38
2809.83
2812.41
2815.79
2820.4
2826.44
2834.98
2767.23
2770.6
2771.31
2770.99
2768.62
2764.16
2758.5
2752.98
2748.14
2744.17
2740.7
2737.56
2734.48
2731.51
2728.55
2725.72
2723.05
2720.6
2718.37
2716.37
2714.61
2713.05
2711.75
2710.69
2709.93
2709.45
2709.28
2709.33
2709.65
2710.2
2710.95
2711.86
2712.9
2714.02
2715.24
2716.53
2717.92
2719.4
2721
2722.69
2724.42
2726.1
2727.66
2729.1
2730.65
2732.57
2734.85
2737.25
2739.56
2741.74
2743.97
2746.35
2748.72
2750.78
2752.73
2754.96
2757.29
2759.4
2761.61
2763.84
2765.95
2768.08
2770.27
2772.42
2774.58
2776.7
2778.73
2780.61
2782.27
2783.86
2785.33
2786.54
2788.13
2789.53
2790.84
2791.96
2793.03
2794
2794.9
2795.75
2796.42
2797.02
2797.66
2798.26
2798.88
2799.5
2800.14
2800.75
2801.32
2801.86
2802.3
2802.6
2802.78
2802.86
2802.82
2802.72
2802.59
2802.44
2802.25
2802
2801.71
2801.38
2801.05
2801
2801
2801.12
2801.37
2801.87
2802.37
2802.99
2804.04
2805.39
2807.28
2809.65
2812.19
2815.49
2819.95
2825.83
2833.97
2766.12
2769.54
2770.31
2770.02
2767.69
2763.26
2757.59
2752.05
2747.17
2743.18
2739.69
2736.55
2733.46
2730.51
2727.57
2724.76
2722.13
2719.7
2717.52
2715.56
2713.84
2712.33
2711.07
2710.06
2709.35
2708.92
2708.78
2708.88
2709.24
2709.82
2710.61
2711.54
2712.62
2713.77
2715
2716.3
2717.68
2719.14
2720.73
2722.42
2724.19
2725.93
2727.54
2729.01
2730.52
2732.34
2734.58
2737.03
2739.41
2741.62
2743.79
2746.15
2748.58
2750.7
2752.6
2754.69
2757.05
2759.27
2761.49
2763.71
2765.83
2767.95
2770.14
2772.29
2774.44
2776.57
2778.65
2780.62
2782.26
2783.68
2785.1
2786.46
2788
2789.42
2790.76
2791.94
2792.99
2793.98
2794.9
2795.76
2796.44
2797.06
2797.71
2798.33
2798.96
2799.58
2800.23
2800.85
2801.42
2801.96
2802.39
2802.69
2802.86
2802.93
2802.9
2802.79
2802.66
2802.5
2802.32
2802.06
2801.78
2801.45
2801.12
2801.07
2801.07
2801.18
2801.4
2801.89
2802.37
2802.97
2804
2805.31
2807.17
2809.46
2811.95
2815.18
2819.49
2825.17
2832.9
2764.95
2768.43
2769.25
2768.99
2766.7
2762.31
2756.64
2751.07
2746.16
2742.14
2738.63
2735.48
2732.4
2729.46
2726.54
2723.76
2721.16
2718.77
2716.63
2714.71
2713.04
2711.58
2710.37
2709.41
2708.75
2708.36
2708.27
2708.41
2708.81
2709.43
2710.26
2711.22
2712.32
2713.5
2714.76
2716.06
2717.44
2718.88
2720.45
2722.14
2723.93
2725.73
2727.41
2728.92
2730.4
2732.14
2734.32
2736.79
2739.24
2741.48
2743.62
2745.96
2748.44
2750.65
2752.52
2754.49
2756.84
2759.17
2761.37
2763.57
2765.7
2767.81
2770
2772.17
2774.31
2776.4
2778.46
2780.49
2782.29
2783.81
2785.25
2786.69
2788.06
2789.37
2790.68
2791.9
2792.96
2793.96
2794.89
2795.76
2796.47
2797.09
2797.76
2798.4
2799.04
2799.68
2800.33
2800.95
2801.53
2802.06
2802.49
2802.79
2802.95
2803.01
2802.97
2802.86
2802.72
2802.56
2802.38
2802.14
2801.86
2801.53
2801.19
2801.13
2801.14
2801.24
2801.44
2801.91
2802.37
2802.96
2803.95
2805.23
2807.06
2809.26
2811.7
2814.85
2819
2824.47
2831.77
2763.72
2767.25
2768.14
2767.89
2765.66
2761.31
2755.64
2750.04
2745.09
2741.04
2737.51
2734.36
2731.28
2728.36
2725.46
2722.71
2720.15
2717.8
2715.7
2713.83
2712.21
2710.8
2709.64
2708.74
2708.13
2707.79
2707.75
2707.92
2708.37
2709.03
2709.89
2710.89
2712.02
2713.23
2714.51
2715.83
2717.2
2718.63
2720.19
2721.86
2723.67
2725.5
2727.26
2728.81
2730.29
2731.95
2734.05
2736.53
2739.04
2741.32
2743.45
2745.78
2748.3
2750.63
2752.5
2754.37
2756.7
2759.1
2761.27
2763.42
2765.56
2767.67
2769.86
2772.04
2774.19
2776.26
2778.27
2780.27
2782.2
2783.93
2785.38
2786.74
2788.07
2789.34
2790.64
2791.86
2792.94
2793.93
2794.88
2795.76
2796.5
2797.13
2797.81
2798.46
2799.13
2799.77
2800.43
2801.06
2801.63
2802.16
2802.6
2802.89
2803.04
2803.1
2803.05
2802.94
2802.79
2802.63
2802.46
2802.21
2801.94
2801.61
2801.27
2801.2
2801.21
2801.3
2801.48
2801.92
2802.37
2802.94
2803.91
2805.13
2806.93
2809.06
2811.43
2814.51
2818.49
2823.71
2830.62
2762.43
2766.01
2766.96
2766.74
2764.55
2760.24
2754.57
2748.95
2743.97
2739.88
2736.34
2733.18
2730.11
2727.2
2724.34
2721.62
2719.09
2716.79
2714.74
2712.92
2711.35
2709.99
2708.89
2708.04
2707.49
2707.21
2707.2
2707.42
2707.91
2708.61
2709.52
2710.55
2711.71
2712.95
2714.26
2715.59
2716.96
2718.39
2719.93
2721.59
2723.38
2725.24
2727.06
2728.69
2730.18
2731.78
2733.81
2736.26
2738.8
2741.14
2743.3
2745.62
2748.17
2750.61
2752.55
2754.35
2756.62
2759.05
2761.16
2763.25
2765.41
2767.53
2769.71
2771.91
2774.07
2776.16
2778.16
2780.1
2782
2783.79
2785.25
2786.54
2787.98
2789.29
2790.61
2791.83
2792.9
2793.91
2794.87
2795.76
2796.52
2797.17
2797.86
2798.54
2799.22
2799.87
2800.54
2801.17
2801.75
2802.27
2802.7
2802.99
2803.14
2803.19
2803.14
2803.02
2802.87
2802.7
2802.53
2802.3
2802.02
2801.69
2801.35
2801.28
2801.28
2801.36
2801.52
2801.94
2802.37
2802.92
2803.87
2805.04
2806.8
2808.85
2811.15
2814.14
2817.94
2822.9
2829.39
2783.55
2785.05
2786.4
2787.9
2789.23
2790.55
2791.79
2792.87
2793.89
2794.86
2795.76
2796.55
2797.21
2797.92
2798.61
2799.31
2799.98
2800.65
2801.29
2801.87
2802.39
2802.82
2803.1
2803.24
2803.28
2803.23
2803.1
2802.95
2802.78
2802.61
2802.39
2802.11
2801.77
2801.44
2801.36
2801.36
2801.43
2801.57
2801.96
2802.37
2802.9
2803.82
2804.94
2806.65
2808.62
2810.85
2813.74
2817.37
2822.05
2828.13
2791.75
2792.83
2793.86
2794.84
2795.76
2796.58
2797.26
2797.98
)
;

boundaryField
{
    inlet
    {
        type            fixedValue;
        value           nonuniform List<scalar> 0();
    }
    obstacle
    {
        type            zeroGradient;
    }
    bottom
    {
        type            symmetry;
    }
    outlet
    {
        type            zeroGradient;
    }
    top
    {
        type            symmetry;
    }
    defaultFaces
    {
        type            empty;
    }
    procBoundary2to0
    {
        type            processor;
        value           nonuniform List<scalar> 
123
(
2969.46
2901.03
2868.4
2848.88
2836.54
2827.27
2820.81
2815.81
2811.64
2808.52
2805.7
2803.51
2802.1
2800.87
2799.78
2799.01
2798.5
2798.15
2797.98
2798.38
2798.65
2798.95
2799.21
2799.37
2799.46
2799.5
2799.43
2799.2
2798.81
2798.32
2797.74
2797.24
2796.74
2796.23
2795.82
2795.51
2795.27
2795.12
2795.03
2794.98
2794.94
2794.85
2794.58
2794.15
2793.55
2792.81
2791.94
2790.96
2789.78
2788.68
2787.49
2786.35
2785.14
2783.84
2782.48
2780.91
2779.12
2777.24
2775.25
2773.48
2771.67
2769.5
2767.4
2765.55
2763.91
2761.89
2759.5
2757.42
2755.31
2753.21
2751.36
2749.61
2747.55
2745.32
2743.28
2741.68
2740.31
2738.86
2737.26
2735.63
2734.14
2732.87
2731.83
2731.01
2730.43
2730.07
2729.94
2730.05
2730.37
2730.88
2731.61
2732.53
2733.71
2735.13
2736.84
2738.82
2741.09
2743.59
2746.29
2749.12
2752.06
2752.06
2756.5
2759.55
2762.61
2765.68
2768.72
2768.72
2773.18
2776.05
2778.68
2781.14
2783.26
2785.26
2787.32
2789.88
2793.36
2798.35
2803.74
2807.9
2810.99
2812.19
2814.4
)
;
    }
    procBoundary2to1
    {
        type            processor;
        value           nonuniform List<scalar> 
42
(
2998.05
2999.48
3000.8
3002.01
3003.11
3004.12
3005.07
3005.91
3006.69
3007.37
3007.97
3008.48
3008.92
3009.27
3009.55
3009.76
3009.88
3009.95
3009.88
3009.77
3009.52
3009.23
3008.91
3008.61
3008.35
3008.21
3008.21
3008.47
3009.05
3010.07
3011.54
3013.44
3015.64
3018.2
3020.65
3022.96
3025.11
3027.48
3029.99
3033.25
3036.76
3040.43
)
;
    }
    procBoundary2to3
    {
        type            processor;
        value           nonuniform List<scalar> 
122
(
2761.07
2764.7
2765.72
2765.52
2763.38
2759.12
2753.45
2747.81
2742.78
2738.67
2735.11
2731.94
2728.88
2726
2723.16
2720.48
2717.99
2715.74
2713.73
2711.97
2710.45
2709.15
2708.11
2707.32
2706.83
2706.6
2706.64
2706.91
2707.45
2708.19
2709.13
2710.2
2711.39
2712.66
2714
2715.35
2716.73
2718.16
2719.68
2721.31
2723.08
2724.96
2726.83
2728.53
2730.06
2731.64
2733.58
2735.98
2738.55
2740.95
2743.16
2745.47
2748.04
2750.59
2752.65
2754.42
2756.6
2759.01
2761.04
2763.08
2765.25
2767.39
2769.55
2771.76
2773.94
2776.06
2778.1
2780.03
2781.84
2781.84
2783.43
2784.96
2786.38
2787.85
2789.17
2790.49
2798.69
2799.41
2800.09
2800.77
2801.41
2801.99
2802.51
2802.93
2803.21
2803.35
2803.38
2803.32
2803.19
2803.03
2802.86
2802.69
2802.48
2802.2
2801.86
2801.53
2801.44
2801.44
2801.5
2801.61
2801.98
2802.37
2802.88
2803.77
2804.84
2806.48
2808.39
2810.54
2813.31
2816.77
2821.13
2826.79
2790.49
2791.7
2792.8
2793.83
2794.83
2795.76
2796.61
2797.3
2798.69
2798.04
)
;
    }
    procBoundary2to5
    {
        type            processor;
        value           nonuniform List<scalar> 
42
(
2938.39
2870.06
2870.06
2869.71
2869.48
2869.11
2868.77
2868.36
2867.94
2867.48
2867.02
2866.57
2866.07
2865.53
2864.97
2864.38
2863.78
2863.11
2862.44
2861.71
2860.97
2860.16
2859.33
2858.44
2857.52
2856.54
2855.53
2854.48
2853.4
2852.28
2851.14
2849.96
2848.71
2847.4
2845.99
2844.49
2842.89
2841.16
2839.33
2837.37
2835.3
2833.08
)
;
    }
}


// ************************************************************************* //
