/*--------------------------------*- C++ -*----------------------------------*\
| =========                 |                                                 |
| \\      /  F ield         | OpenFOAM: The Open Source CFD Toolbox           |
|  \\    /   O peration     | Version:  2412                                  |
|   \\  /    A nd           | Website:  www.openfoam.com                      |
|    \\/     M anipulation  |                                                 |
\*---------------------------------------------------------------------------*/
FoamFile
{
    version     2.0;
    format      ascii;
    arch        "LSB;label=32;scalar=64";
    class       volScalarField;
    location    "0.084";
    object      p;
}
// * * * * * * * * * * * * * * * * * * * * * * * * * * * * * * * * * * * * * //

dimensions      [1 -1 -2 0 0 0 0];

internalField   nonuniform List<scalar> 
9922
(
4486.99
2844.39
2850.28
2871.34
2872.35
2870.4
2864.78
2860.64
2855.28
2850.35
2844.83
2838.93
2832.44
2825.37
2817.84
2810.01
2802.06
2794.09
2786.12
2778.14
2770.1
2761.94
2753.61
2745.06
2736.25
2727.15
2717.75
2708.03
2697.97
2687.57
2676.81
2665.68
2654.16
2642.22
2629.83
2616.97
2603.58
2589.63
2575.1
2559.99
2544.3
2527.97
2510.94
2493.18
2474.67
2455.43
2435.5
2414.88
2393.6
2371.7
2349.23
2326.27
2302.92
2279.3
2255.44
2231.51
2208.35
2187.26
2166.96
2132.52
2020.52
1839.38
1716.35
1655.54
1617.19
1585.28
1557.06
1531.74
1509.34
1489.07
1470.52
1453.8
1438.34
1424
1410.59
1398.01
1386.17
1375.11
1364.84
1355.18
1346.11
1337.41
1329
1321.07
1313.68
1306.7
1300.04
1293.65
1287.55
1281.74
1276.11
1270.79
1265.74
1260.91
1256.28
1251.84
1247.57
1243.47
1239.53
1235.74
1232.06
1228.5
1225.08
1221.82
1218.75
1215.83
1213.04
1210.39
1207.84
1205.43
1203.1
1200.9
1198.75
1196.73
1194.8
1192.98
1191.21
1189.57
1187.94
1186.36
1183.98
4490.86
2843.65
2849.02
2870.26
2871.44
2869.7
2864.22
2860.16
2854.88
2850.01
2844.55
2838.7
2832.26
2825.24
2817.75
2809.94
2802
2794.03
2786.06
2778.07
2770.02
2761.86
2753.52
2744.96
2736.14
2727.03
2717.61
2707.88
2697.8
2687.37
2676.59
2665.42
2653.86
2641.87
2629.42
2616.49
2603.02
2588.97
2574.32
2559.07
2543.19
2526.65
2509.38
2491.33
2472.47
2452.81
2432.36
2411.11
2389.06
2366.22
2342.61
2318.27
2293.19
2267.32
2240.6
2213.34
2186.11
2156.76
2112.66
2012.22
1872.15
1764.26
1698.63
1653.85
1617.15
1585.43
1557.33
1532.08
1509.46
1489.15
1470.85
1453.93
1438.52
1423.98
1410.61
1398.01
1386.25
1375.03
1364.59
1354.73
1345.36
1336.46
1328.18
1320.46
1313.13
1306.11
1299.41
1293.03
1286.92
1281.06
1275.53
1270.31
1265.31
1260.5
1255.86
1251.38
1247.02
1242.82
1238.82
1235.03
1231.42
1227.99
1224.75
1221.68
1218.77
1215.97
1213.27
1210.68
1208.18
1205.78
1203.43
1201.21
1199.04
1197
1195.04
1193.19
1191.37
1189.69
1188.02
1186.47
1184.21
4494.76
2842.96
2847.76
2869.16
2870.52
2868.98
2863.65
2859.68
2854.47
2849.66
2844.26
2838.47
2832.08
2825.11
2817.65
2809.86
2801.93
2793.97
2786
2778
2769.95
2761.78
2753.44
2744.87
2736.03
2726.91
2717.48
2707.73
2697.63
2687.18
2676.37
2665.17
2653.57
2641.53
2629.03
2616.02
2602.47
2588.33
2573.56
2558.16
2542.12
2525.37
2507.86
2489.52
2470.32
2450.24
2429.27
2407.38
2384.54
2360.74
2335.95
2310.13
2283.16
2254.87
2225.18
2194.02
2159.42
2112.32
2030.62
1918.71
1818.67
1747.28
1695.26
1653.29
1617.58
1585.82
1557.55
1532.72
1510.04
1489.55
1470.93
1453.89
1438.3
1423.75
1410.22
1397.57
1385.68
1374.54
1364.2
1354.42
1345.2
1336.49
1328.28
1320.45
1312.96
1305.83
1299.11
1292.76
1286.66
1280.77
1275.16
1269.86
1264.8
1259.93
1255.24
1250.78
1246.54
1242.55
1238.8
1235.22
1231.78
1228.46
1225.24
1222.15
1219.16
1216.28
1213.52
1210.88
1208.35
1205.95
1203.62
1201.43
1199.3
1197.3
1195.39
1193.57
1191.79
1190.12
1188.43
1186.83
1184.51
4498.69
2842.31
2846.5
2868.05
2869.59
2868.26
2863.07
2859.19
2854.06
2849.3
2843.96
2838.22
2831.89
2824.97
2817.55
2809.79
2801.87
2793.9
2785.93
2777.94
2769.88
2761.7
2753.35
2744.77
2735.92
2726.79
2717.34
2707.57
2697.46
2686.99
2676.16
2664.93
2653.29
2641.2
2628.64
2615.57
2601.95
2587.71
2572.83
2557.29
2541.07
2524.13
2506.38
2487.76
2468.22
2447.72
2426.23
2403.71
2380.09
2355.31
2329.31
2301.95
2273.01
2242.26
2209.32
2172.57
2126.54
2060.61
1967.99
1875.7
1800.09
1741.32
1694.05
1653.3
1617.31
1585.96
1558.1
1532.81
1510.01
1489.35
1470.61
1453.35
1437.56
1422.94
1409.6
1396.94
1385.18
1374.17
1363.87
1354.14
1344.97
1336.25
1327.94
1320.03
1312.51
1305.39
1298.75
1292.51
1286.43
1280.46
1274.69
1269.29
1264.21
1259.44
1254.93
1250.64
1246.55
1242.58
1238.68
1234.85
1231.12
1227.55
1224.13
1220.87
1217.78
1214.85
1212.07
1209.43
1206.91
1204.54
1202.24
1200.07
1197.95
1195.97
1194.07
1192.27
1190.5
1188.84
1187.15
1185.53
1183.18
4502.65
2841.72
2845.25
2866.93
2868.64
2867.53
2862.48
2858.69
2853.63
2848.94
2843.65
2837.98
2831.7
2824.83
2817.45
2809.71
2801.81
2793.84
2785.87
2777.87
2769.81
2761.63
2753.27
2744.68
2735.82
2726.67
2717.21
2707.43
2697.3
2686.81
2675.95
2664.7
2653.02
2640.89
2628.27
2615.14
2601.44
2587.11
2572.12
2556.45
2540.06
2522.92
2504.94
2486.05
2466.17
2445.26
2423.27
2400.12
2375.72
2349.98
2322.74
2293.81
2262.9
2229.61
2192.74
2148.92
2091.93
2016.22
1932.57
1855.78
1791.63
1738.9
1693.4
1653.89
1618.98
1587.24
1558.81
1533.42
1510.69
1489.88
1470.82
1453.6
1437.94
1423.52
1410.2
1397.63
1385.85
1374.66
1364.15
1354.15
1344.65
1335.68
1327.32
1319.42
1311.85
1304.7
1298.01
1291.66
1285.47
1279.54
1274.04
1268.95
1264.09
1259.4
1254.83
1250.35
1245.93
1241.63
1237.48
1233.57
1229.95
1226.57
1223.37
1220.32
1217.42
1214.66
1212.01
1209.47
1207.02
1204.7
1202.44
1200.29
1198.19
1196.21
1194.33
1192.53
1190.76
1189.12
1187.45
1185.9
1183.6
4506.64
2841.18
2843.99
2865.8
2867.67
2866.78
2861.88
2858.19
2853.2
2848.56
2843.34
2837.72
2831.5
2824.69
2817.34
2809.64
2801.74
2793.79
2785.81
2777.81
2769.74
2761.55
2753.19
2744.59
2735.71
2726.55
2717.08
2707.28
2697.14
2686.63
2675.75
2664.47
2652.76
2640.58
2627.92
2614.72
2600.95
2586.54
2571.44
2555.64
2539.09
2521.76
2503.55
2484.38
2464.18
2442.87
2420.39
2396.63
2371.47
2344.77
2316.32
2285.86
2252.99
2216.94
2175.6
2125.16
2062.25
1986.99
1912.39
1845.24
1787.67
1737.97
1694.78
1656.09
1621.08
1589.77
1561.5
1535.85
1512.57
1491.53
1472.47
1454.99
1439.2
1424.47
1410.8
1397.92
1385.9
1374.56
1363.97
1354.04
1344.77
1336
1327.63
1319.62
1312.04
1304.93
1298.2
1291.75
1285.59
1279.78
1274.26
1268.89
1263.64
1258.62
1253.81
1249.26
1244.97
1240.99
1237.27
1233.74
1230.36
1227.08
1223.88
1220.79
1217.82
1214.98
1212.24
1209.61
1207.08
1204.68
1202.37
1200.2
1198.08
1196.08
1194.17
1192.36
1190.57
1188.89
1187.19
1185.6
1183.29
4510.65
2840.7
2842.74
2864.66
2866.69
2866.03
2861.28
2857.67
2852.76
2848.18
2843.02
2837.46
2831.3
2824.54
2817.24
2809.56
2801.68
2793.73
2785.75
2777.74
2769.67
2761.48
2753.1
2744.49
2735.61
2726.44
2716.95
2707.14
2696.98
2686.46
2675.56
2664.25
2652.51
2640.29
2627.58
2614.32
2600.48
2585.99
2570.79
2554.86
2538.15
2520.63
2502.21
2482.77
2462.25
2440.56
2417.6
2393.25
2367.35
2339.71
2310.08
2278.13
2243.28
2204.33
2158.8
2104.01
2039.49
1968.74
1900.73
1839.79
1786.38
1739.23
1696.7
1658.49
1624.09
1592.64
1564
1538.18
1514.69
1493.29
1473.71
1455.73
1439.3
1424.07
1410.12
1397.07
1385.08
1373.83
1363.31
1353.34
1344
1335.2
1326.92
1319.06
1311.57
1304.45
1297.59
1291.04
1284.8
1278.91
1273.21
1267.75
1262.62
1257.89
1253.46
1249.27
1245.25
1241.32
1237.44
1233.63
1229.91
1226.3
1222.84
1219.55
1216.43
1213.48
1210.67
1208
1205.44
1203.03
1200.71
1198.56
1196.45
1194.46
1192.56
1190.77
1189
1187.36
1185.65
1184.05
1181.8
4514.68
2840.27
2841.5
2863.52
2865.7
2865.26
2860.66
2857.14
2852.31
2847.8
2842.69
2837.19
2831.1
2824.39
2817.13
2809.48
2801.62
2793.67
2785.69
2777.68
2769.6
2761.4
2753.02
2744.4
2735.51
2726.32
2716.82
2707
2696.82
2686.29
2675.37
2664.04
2652.27
2640.01
2627.25
2613.94
2600.03
2585.46
2570.17
2554.11
2537.26
2519.56
2500.91
2481.22
2460.39
2438.33
2414.91
2389.98
2363.37
2334.83
2304.08
2270.66
2233.82
2192.09
2143.26
2086.29
2022.25
1956.31
1893.78
1837.16
1786.34
1740.41
1699.14
1661.22
1626.25
1594.5
1565.71
1539.49
1515.69
1493.99
1474.15
1455.92
1439.25
1424.06
1410.38
1397.71
1386
1374.77
1364.17
1354.13
1344.67
1335.67
1327.16
1319.06
1311.29
1303.84
1296.81
1290.27
1284.23
1278.58
1273.15
1267.94
1262.99
1258.25
1253.6
1249.04
1244.55
1240.21
1236.04
1232.13
1228.45
1224.98
1221.73
1218.66
1215.74
1212.95
1210.27
1207.72
1205.27
1202.94
1200.69
1198.59
1196.52
1194.58
1192.73
1190.96
1189.22
1187.63
1185.95
1184.41
1182.13
4518.73
2839.9
2840.26
2862.37
2864.7
2864.49
2860.04
2856.61
2851.85
2847.4
2842.36
2836.92
2830.89
2824.24
2817.03
2809.4
2801.56
2793.61
2785.63
2777.62
2769.53
2761.33
2752.94
2744.32
2735.41
2726.21
2716.7
2706.86
2696.67
2686.12
2675.19
2663.84
2652.04
2639.75
2626.94
2613.58
2599.61
2584.96
2569.57
2553.4
2536.4
2518.52
2499.67
2479.73
2458.6
2436.17
2412.31
2386.84
2359.54
2330.14
2298.3
2263.47
2224.74
2180.69
2129.83
2072.49
2010.24
1948.34
1889.85
1836.26
1787.19
1742.71
1701.72
1664.15
1629.54
1597.44
1568.14
1541.56
1517.47
1495.55
1475.58
1457.43
1440.96
1425.82
1412.03
1399.06
1386.91
1375.29
1364.4
1354.15
1344.59
1335.6
1327.2
1319.28
1311.63
1304.23
1297.26
1290.82
1284.81
1279.03
1273.29
1267.71
1262.32
1257.17
1252.25
1247.65
1243.36
1239.38
1235.65
1232.1
1228.67
1225.36
1222.18
1219.13
1216.17
1213.31
1210.56
1207.93
1205.41
1202.99
1200.65
1198.46
1196.32
1194.31
1192.4
1190.58
1188.78
1187.12
1185.37
1183.8
1181.55
4522.79
2839.59
2839.03
2861.23
2863.68
2863.7
2859.41
2856.07
2851.38
2847
2842.02
2836.64
2830.68
2824.08
2816.92
2809.32
2801.49
2793.55
2785.57
2777.56
2769.47
2761.26
2752.86
2744.23
2735.32
2726.11
2716.58
2706.73
2696.53
2685.96
2675.01
2663.64
2651.82
2639.5
2626.65
2613.23
2599.2
2584.48
2569.01
2552.72
2535.59
2517.54
2498.49
2478.31
2456.89
2434.11
2409.82
2383.82
2355.87
2325.65
2292.77
2256.61
2216.23
2170.46
2118.65
2061.98
2001.94
1943.31
1887.79
1836.3
1789.12
1745.69
1705.84
1668.7
1634.11
1602.24
1572.81
1545.81
1521.16
1498.79
1478.48
1459.87
1442.84
1427.05
1412.54
1398.91
1386.32
1374.51
1363.65
1353.47
1344
1335.04
1326.55
1318.4
1310.59
1303.2
1296.34
1290.01
1283.95
1277.99
1272.13
1266.59
1261.46
1256.67
1252.16
1247.9
1243.8
1239.82
1235.92
1232.1
1228.36
1224.77
1221.34
1218.07
1214.94
1211.93
1209.07
1206.36
1203.79
1201.33
1198.96
1196.75
1194.59
1192.56
1190.64
1188.84
1187.06
1185.44
1183.71
1182.14
1180
4526.86
2839.34
2837.8
2860.08
2862.66
2862.9
2858.77
2855.52
2850.91
2846.59
2841.67
2836.36
2830.46
2823.92
2816.81
2809.25
2801.43
2793.5
2785.52
2777.5
2769.4
2761.19
2752.79
2744.14
2735.22
2726
2716.46
2706.6
2696.39
2685.81
2674.85
2663.46
2651.61
2639.26
2626.37
2612.91
2598.82
2584.03
2568.47
2552.09
2534.82
2516.61
2497.36
2476.95
2455.26
2432.14
2407.44
2380.94
2352.37
2321.38
2287.54
2250.2
2208.53
2161.72
2109.82
2054.29
1996.6
1940.61
1887.58
1838.35
1792.69
1750.29
1710.46
1673.32
1638.8
1606.6
1576.82
1549.47
1524.42
1501.51
1480.53
1461.26
1443.57
1427.3
1412.54
1398.95
1386.69
1375.26
1364.7
1354.64
1345.11
1336.01
1327.28
1318.87
1310.86
1303.45
1296.66
1290.29
1284.16
1278.17
1272.42
1267.05
1261.95
1257.01
1252.19
1247.54
1243.02
1238.67
1234.49
1230.51
1226.75
1223.23
1219.92
1216.8
1213.81
1210.96
1208.26
1205.71
1203.26
1200.93
1198.68
1196.55
1194.44
1192.48
1190.63
1188.88
1187.14
1185.57
1183.86
1182.36
1180.17
4530.95
2839.16
2836.59
2858.93
2861.64
2862.1
2858.12
2854.96
2850.43
2846.17
2841.32
2836.07
2830.23
2823.76
2816.7
2809.17
2801.37
2793.45
2785.46
2777.44
2769.34
2761.12
2752.71
2744.06
2735.13
2725.9
2716.35
2706.48
2696.25
2685.66
2674.69
2663.28
2651.42
2639.04
2626.11
2612.6
2598.46
2583.61
2567.97
2551.49
2534.1
2515.74
2496.31
2475.67
2453.71
2430.27
2405.18
2378.21
2349.05
2317.35
2282.65
2244.34
2201.73
2154.42
2102.93
2048.7
1993.4
1939.78
1888.84
1841.25
1796.52
1754.29
1714.75
1677.52
1642.45
1609.86
1579.72
1551.95
1526.46
1503.13
1481.82
1462.39
1444.76
1428.71
1414.2
1400.7
1388.38
1376.69
1365.62
1354.97
1344.89
1335.44
1326.71
1318.61
1311.09
1303.97
1297.06
1290.36
1283.87
1277.65
1271.76
1266.19
1260.82
1255.65
1250.72
1246.11
1241.79
1237.74
1233.91
1230.27
1226.8
1223.48
1220.28
1217.2
1214.23
1211.38
1208.66
1206.03
1203.51
1201.1
1198.76
1196.53
1194.34
1192.3
1190.35
1188.5
1186.62
1184.9
1183.04
1181.37
1178.99
4535.04
2839.04
2835.4
2857.78
2860.6
2861.29
2857.47
2854.39
2849.93
2845.74
2840.95
2835.77
2830.01
2823.6
2816.58
2809.09
2801.31
2793.39
2785.41
2777.38
2769.28
2761.05
2752.64
2743.98
2735.04
2725.8
2716.24
2706.36
2696.12
2685.52
2674.53
2663.12
2651.23
2638.83
2625.87
2612.32
2598.12
2583.21
2567.51
2550.93
2533.43
2514.93
2495.32
2474.47
2452.25
2428.51
2403.06
2375.64
2345.95
2313.61
2278.18
2239.13
2195.95
2148.58
2097.74
2044.83
1991.57
1939.93
1890.64
1843.98
1799.86
1758.38
1719.17
1682.27
1647.51
1614.78
1584.27
1556.06
1530.13
1506.44
1484.9
1465.34
1447.59
1431.23
1416.2
1402.08
1389.02
1376.69
1365.17
1354.4
1344.6
1335.4
1326.7
1318.48
1310.77
1303.4
1296.21
1289.24
1282.66
1276.58
1270.91
1265.56
1260.42
1255.5
1250.85
1246.46
1242.26
1238.22
1234.29
1230.49
1226.81
1223.26
1219.81
1216.49
1213.31
1210.28
1207.36
1204.56
1201.89
1199.37
1196.93
1194.64
1192.41
1190.34
1188.39
1186.54
1184.71
1183.07
1181.3
1179.71
1177.54
4539.13
2838.99
2834.21
2856.63
2859.57
2860.47
2856.8
2853.81
2849.43
2845.3
2840.58
2835.47
2829.77
2823.43
2816.47
2809.01
2801.25
2793.34
2785.36
2777.32
2769.22
2760.99
2752.57
2743.91
2734.96
2725.71
2716.14
2706.24
2696
2685.39
2674.39
2662.96
2651.06
2638.63
2625.64
2612.05
2597.81
2582.85
2567.07
2550.42
2532.81
2514.18
2494.4
2473.36
2450.9
2426.87
2401.08
2373.25
2343.08
2310.2
2274.19
2234.62
2191.18
2144.03
2093.99
2042.37
1990.94
1941.01
1893.04
1847.63
1804.62
1763.81
1725.28
1688.66
1653.94
1621.22
1590.5
1561.89
1535.43
1511.14
1488.93
1468.62
1450.02
1432.85
1417.11
1402.47
1389.21
1376.91
1365.77
1355.41
1345.78
1336.48
1327.74
1319.55
1311.68
1303.98
1296.53
1289.53
1283.15
1277.28
1271.66
1266.19
1260.85
1255.7
1250.74
1246
1241.44
1237.07
1232.9
1228.95
1225.18
1221.59
1218.16
1214.89
1211.79
1208.87
1206.11
1203.5
1201.04
1198.71
1196.44
1194.31
1192.22
1190.26
1188.37
1186.59
1184.82
1183.2
1181.45
1179.86
1177.52
4543.22
2839.01
2833.05
2855.49
2858.53
2859.65
2856.12
2853.23
2848.92
2844.85
2840.2
2835.16
2829.53
2823.26
2816.35
2808.93
2801.19
2793.28
2785.3
2777.27
2769.16
2760.92
2752.5
2743.83
2734.88
2725.61
2716.04
2706.13
2695.88
2685.26
2674.25
2662.81
2650.9
2638.45
2625.44
2611.81
2597.53
2582.51
2566.68
2549.95
2532.25
2513.49
2493.56
2472.34
2449.66
2425.37
2399.26
2371.07
2340.49
2307.16
2270.73
2230.86
2187.39
2140.59
2091.34
2041.03
1991.31
1943.1
1896.73
1852.62
1810.49
1770.15
1731.47
1694.6
1659.61
1626.46
1595.35
1566.35
1539.44
1514.58
1491.68
1470.68
1451.48
1434
1418.3
1403.94
1390.98
1378.71
1367.29
1356.26
1345.79
1336.09
1327.25
1318.93
1310.85
1303.03
1295.66
1288.91
1282.68
1276.75
1270.89
1265.13
1259.56
1254.3
1249.33
1244.67
1240.27
1236.12
1232.19
1228.48
1224.92
1221.53
1218.27
1215.14
1212.13
1209.26
1206.53
1203.92
1201.39
1198.95
1196.56
1194.29
1192.02
1189.84
1187.76
1185.82
1183.91
1182.17
1180.35
1178.7
1176.37
4547.31
2839.1
2831.91
2854.36
2857.5
2858.82
2855.43
2852.64
2848.4
2844.39
2839.8
2834.83
2829.29
2823.08
2816.23
2808.85
2801.13
2793.23
2785.25
2777.21
2769.1
2760.86
2752.44
2743.76
2734.8
2725.53
2715.94
2706.03
2695.77
2685.14
2674.12
2662.67
2650.75
2638.29
2625.25
2611.59
2597.27
2582.2
2566.31
2549.52
2531.73
2512.87
2492.81
2471.41
2448.53
2424.01
2397.62
2369.11
2338.19
2304.52
2267.8
2227.77
2184.38
2138.05
2089.84
2041.08
1992.93
1946.28
1901.19
1857.76
1815.85
1775.49
1736.91
1699.96
1664.62
1631.2
1599.74
1570.3
1542.93
1517.63
1494.41
1473.24
1454.07
1436.69
1420.96
1406.3
1392.74
1379.85
1367.91
1356.65
1346.43
1336.97
1327.97
1319.21
1310.76
1302.78
1295.5
1288.88
1282.64
1276.55
1270.58
1264.83
1259.41
1254.36
1249.59
1245.04
1240.67
1236.5
1232.49
1228.65
1224.97
1221.43
1218.01
1214.71
1211.5
1208.41
1205.45
1202.61
1199.87
1197.28
1194.81
1192.47
1190.2
1188.08
1186.13
1184.33
1182.56
1180.94
1179.22
1177.66
1175.48
4551.38
2839.27
2830.8
2853.23
2856.46
2857.99
2854.73
2852.03
2847.87
2843.92
2839.41
2834.51
2829.03
2822.9
2816.11
2808.77
2801.08
2793.18
2785.2
2777.16
2769.04
2760.8
2752.37
2743.69
2734.72
2725.44
2715.85
2705.93
2695.66
2685.03
2674
2662.54
2650.61
2638.13
2625.07
2611.39
2597.03
2581.92
2565.99
2549.13
2531.27
2512.31
2492.13
2470.59
2447.53
2422.79
2396.16
2367.39
2336.2
2302.29
2265.39
2225.31
2182.13
2136.48
2089.42
2042.03
1995.24
1949.75
1905.26
1862.17
1820.79
1781.11
1743.02
1706.55
1671.6
1638.17
1606.47
1576.66
1548.84
1523.07
1499.4
1477.75
1458.01
1439.91
1423.3
1407.76
1393.37
1380.01
1368.09
1357.22
1347.18
1337.51
1328.29
1319.56
1311.4
1303.8
1296.69
1289.91
1283.31
1276.95
1270.84
1265
1259.44
1254.18
1249.12
1244.23
1239.54
1235.11
1230.91
1226.93
1223.15
1219.56
1216.12
1212.84
1209.7
1206.74
1203.99
1201.42
1198.99
1196.66
1194.39
1192.22
1190.13
1188.14
1186.25
1184.46
1182.66
1181
1179.22
1177.6
1175.28
4555.44
2839.48
2829.71
2852.12
2855.43
2857.15
2854.02
2851.43
2847.33
2843.45
2839
2834.17
2828.77
2822.71
2815.98
2808.69
2801.02
2793.13
2785.14
2777.1
2768.99
2760.74
2752.31
2743.63
2734.65
2725.37
2715.76
2705.83
2695.56
2684.92
2673.89
2662.43
2650.48
2638
2624.92
2611.21
2596.82
2581.68
2565.69
2548.78
2530.85
2511.81
2491.53
2469.86
2446.65
2421.73
2394.9
2365.92
2334.52
2300.44
2263.44
2223.41
2180.59
2135.73
2089.83
2043.61
1997.98
1953.46
1909.9
1867.92
1827.54
1788.47
1750.74
1714.29
1679.18
1645.57
1613.6
1583.43
1555.14
1528.77
1504.33
1481.84
1461.18
1442.25
1424.92
1409.04
1394.83
1381.63
1369.5
1357.97
1347.33
1337.35
1327.93
1319.09
1310.99
1303.52
1296.26
1289.08
1282.07
1275.48
1269.27
1263.44
1257.92
1252.72
1247.76
1243.04
1238.55
1234.31
1230.25
1226.38
1222.68
1219.17
1215.85
1212.7
1209.68
1206.81
1204.07
1201.43
1198.84
1196.25
1193.71
1191.33
1189.06
1186.9
1184.86
1182.93
1181
1179.26
1177.39
1175.72
1173.36
4559.49
2839.81
2828.65
2851.02
2854.4
2856.31
2853.31
2850.81
2846.79
2842.96
2838.58
2833.82
2828.5
2822.52
2815.86
2808.61
2800.96
2793.08
2785.1
2777.05
2768.93
2760.69
2752.25
2743.56
2734.58
2725.29
2715.68
2705.74
2695.47
2684.82
2673.79
2662.32
2650.37
2637.88
2624.79
2611.06
2596.64
2581.46
2565.43
2548.48
2530.49
2511.38
2491.01
2469.24
2445.9
2420.82
2393.83
2364.69
2333.15
2298.96
2261.93
2222.05
2179.78
2135.86
2090.87
2045.75
2001.28
1957.9
1915.63
1874.6
1834.67
1795.7
1757.75
1720.97
1685.52
1651.5
1619.14
1588.57
1559.84
1532.96
1507.95
1484.87
1463.74
1444.6
1427.39
1411.74
1397.55
1384.07
1371.61
1359.9
1349.11
1338.9
1329.36
1320.47
1312.16
1304.2
1296.38
1288.81
1281.72
1275.25
1269.22
1263.57
1258.22
1253.14
1248.24
1243.51
1238.96
1234.61
1230.41
1226.4
1222.6
1219.03
1215.62
1212.32
1209.1
1205.96
1202.9
1199.93
1197.08
1194.4
1191.95
1189.71
1187.57
1185.52
1183.59
1181.75
1179.9
1178.23
1176.41
1174.82
1172.56
4563.51
2840.21
2827.62
2849.94
2853.37
2855.46
2852.58
2850.18
2846.23
2842.47
2838.16
2833.47
2828.23
2822.32
2815.72
2808.52
2800.9
2793.03
2785.05
2777
2768.88
2760.63
2752.19
2743.5
2734.52
2725.22
2715.6
2705.66
2695.38
2684.73
2673.69
2662.22
2650.27
2637.77
2624.68
2610.93
2596.48
2581.27
2565.21
2548.21
2530.18
2511.01
2490.57
2468.7
2445.26
2420.06
2392.95
2363.69
2332.05
2297.8
2260.81
2221.27
2179.66
2136.46
2092.52
2048.67
2005.38
1963.07
1921.59
1880.67
1840.71
1801.84
1764.16
1727.61
1692.18
1658.11
1625.53
1594.58
1565.41
1538.1
1512.73
1489.36
1468.02
1448.59
1430.9
1414.57
1399.49
1385.31
1372.32
1360.17
1349.06
1338.68
1329.22
1320.4
1312
1303.88
1296.03
1288.69
1281.93
1275.67
1269.66
1263.87
1258.25
1252.8
1247.5
1242.42
1237.61
1233.06
1228.73
1224.61
1220.75
1217.13
1213.66
1210.3
1207.1
1204.07
1201.24
1198.59
1196.11
1193.74
1191.45
1189.21
1186.97
1184.79
1182.71
1180.76
1178.78
1176.99
1175.06
1173.35
1170.91
4567.51
2840.68
2826.63
2848.87
2852.35
2854.61
2851.85
2849.55
2845.67
2841.97
2837.72
2833.11
2827.95
2822.12
2815.59
2808.44
2800.84
2792.98
2785
2776.96
2768.83
2760.58
2752.14
2743.44
2734.45
2725.15
2715.53
2705.58
2695.3
2684.65
2673.61
2662.14
2650.19
2637.69
2624.58
2610.82
2596.36
2581.12
2565.03
2547.99
2529.92
2510.7
2490.19
2468.26
2444.73
2419.46
2392.25
2362.9
2331.2
2296.96
2260.14
2221.03
2180
2137.67
2094.91
2052.16
2009.73
1968.09
1926.93
1886.5
1847.36
1809.28
1772.13
1735.99
1700.86
1666.78
1634.02
1602.79
1573.21
1545.39
1519.42
1495.35
1473.18
1452.82
1434.11
1416.84
1400.97
1386.35
1373.14
1360.84
1349.79
1339.5
1329.98
1320.87
1312.04
1303.56
1295.59
1288.26
1281.45
1274.99
1268.81
1262.88
1257.17
1251.7
1246.48
1241.58
1236.98
1232.62
1228.39
1224.34
1220.51
1216.86
1213.34
1210
1206.84
1203.81
1200.83
1197.88
1195.01
1192.27
1189.66
1187.23
1184.9
1182.71
1180.68
1178.79
1176.89
1175.18
1173.32
1171.71
1169.47
4571.47
2841.23
2825.68
2847.83
2851.33
2853.76
2851.11
2848.91
2845.09
2841.45
2837.27
2832.73
2827.66
2821.91
2815.45
2808.35
2800.78
2792.94
2784.96
2776.91
2768.78
2760.53
2752.09
2743.39
2734.4
2725.09
2715.46
2705.51
2695.23
2684.58
2673.54
2662.07
2650.12
2637.62
2624.51
2610.74
2596.26
2581
2564.88
2547.8
2529.69
2510.44
2489.89
2467.9
2444.31
2418.96
2391.69
2362.32
2330.61
2296.43
2259.89
2221.24
2180.89
2139.57
2097.78
2055.82
2014.16
1973.25
1933.05
1893.77
1855.41
1817.72
1780.7
1744.4
1708.97
1674.62
1641.56
1609.98
1580
1551.68
1525.07
1500.25
1477.27
1456.16
1436.9
1419.36
1403.61
1389
1375.71
1363.23
1351.9
1341.18
1331.2
1321.84
1313.06
1304.73
1296.88
1289.5
1282.41
1275.63
1269.25
1263.28
1257.61
1252.16
1246.93
1241.96
1237.21
1232.65
1228.26
1224.1
1220.15
1216.38
1212.77
1209.37
1206.12
1203
1199.94
1196.96
1194.13
1191.45
1188.95
1186.62
1184.37
1182.2
1180.14
1178.19
1176.2
1174.39
1172.45
1170.7
1168.23
4575.39
2841.87
2824.77
2846.81
2850.33
2852.91
2850.36
2848.26
2844.5
2840.92
2836.81
2832.35
2827.36
2821.69
2815.3
2808.26
2800.73
2792.9
2784.93
2776.88
2768.74
2760.49
2752.04
2743.34
2734.35
2725.03
2715.4
2705.45
2695.17
2684.52
2673.48
2662.01
2650.06
2637.57
2624.47
2610.69
2596.2
2580.92
2564.78
2547.68
2529.54
2510.23
2489.65
2467.62
2443.99
2418.62
2391.33
2361.91
2330.2
2296.23
2260.06
2221.91
2182.37
2141.92
2100.9
2059.79
2019.15
1979.23
1940.19
1901.47
1863.11
1825.3
1788.08
1751.63
1716.05
1681.49
1648.16
1616.22
1585.83
1557.07
1530.01
1504.74
1481.34
1459.93
1440.55
1422.98
1407.06
1392.1
1378.27
1365.04
1352.71
1341.3
1330.96
1321.39
1312.64
1304.46
1296.64
1289.07
1281.85
1275.12
1268.81
1262.81
1256.92
1251.21
1245.76
1240.64
1235.78
1231.15
1226.75
1222.59
1218.58
1214.7
1211.02
1207.59
1204.35
1201.26
1198.31
1195.47
1192.74
1190.13
1187.59
1185.14
1182.74
1180.44
1178.31
1176.36
1174.43
1172.72
1170.87
1169.23
1166.9
4579.27
2842.59
2823.9
2845.81
2849.33
2852.06
2849.61
2847.6
2843.91
2840.39
2836.35
2831.96
2827.05
2821.47
2815.16
2808.17
2800.67
2792.86
2784.89
2776.84
2768.71
2760.45
2752
2743.3
2734.3
2724.98
2715.35
2705.4
2695.11
2684.47
2673.43
2661.97
2650.03
2637.53
2624.43
2610.66
2596.16
2580.86
2564.69
2547.57
2529.41
2510.1
2489.5
2467.45
2443.8
2418.38
2391.03
2361.64
2330.13
2296.39
2260.58
2223.06
2184.27
2144.56
2104.41
2064.39
2024.73
1985.49
1946.79
1907.99
1869.78
1832.44
1795.87
1759.96
1724.72
1690.3
1656.89
1624.71
1593.95
1564.75
1537.25
1511.5
1487.61
1465.58
1445.37
1426.88
1409.99
1394.41
1380.29
1366.92
1354.62
1343.16
1332.79
1323.13
1314.08
1305.4
1297.03
1289
1281.45
1274.48
1268.04
1261.93
1256.09
1250.59
1245.44
1240.59
1235.9
1231.36
1227.01
1222.84
1218.76
1214.84
1211.13
1207.66
1204.32
1201.11
1198
1194.99
1192.17
1189.51
1186.95
1184.52
1182.19
1180.01
1178
1176.12
1174.21
1172.46
1170.55
1168.81
1166.32
4583.1
2843.4
2823.08
2844.84
2848.34
2851.2
2848.85
2846.93
2843.3
2839.84
2835.87
2831.56
2826.74
2821.24
2815
2808.08
2800.62
2792.82
2784.86
2776.81
2768.68
2760.42
2751.96
2743.26
2734.26
2724.94
2715.3
2705.35
2695.07
2684.43
2673.4
2661.94
2650
2637.52
2624.43
2610.66
2596.17
2580.87
2564.69
2547.54
2529.34
2509.99
2489.36
2467.29
2443.63
2418.23
2390.96
2361.68
2330.31
2296.85
2261.51
2224.62
2186.51
2147.6
2108.47
2069.33
2030.22
1991.48
1953.19
1915.21
1878.06
1841.5
1805.29
1769.54
1734.35
1699.83
1666.26
1633.83
1602.74
1573.11
1545.04
1518.62
1493.93
1471.01
1449.88
1430.42
1412.54
1396.3
1381.86
1368.61
1356.65
1345.15
1334.37
1324.18
1314.64
1305.67
1297.34
1289.58
1282.33
1275.54
1269.06
1262.76
1256.78
1251.16
1245.79
1240.62
1235.61
1230.82
1226.27
1221.91
1217.74
1213.82
1210.11
1206.57
1203.19
1200
1196.96
1194.06
1191.3
1188.65
1186.08
1183.64
1181.28
1179.01
1176.87
1174.86
1172.83
1170.99
1169.01
1167.22
1164.71
4586.86
2844.3
2822.31
2843.91
2847.38
2850.36
2848.09
2846.26
2842.69
2839.28
2835.38
2831.15
2826.42
2821.01
2814.85
2807.98
2800.56
2792.79
2784.84
2776.78
2768.65
2760.38
2751.93
2743.22
2734.22
2724.9
2715.26
2705.31
2695.03
2684.4
2673.38
2661.93
2650
2637.53
2624.45
2610.69
2596.2
2580.9
2564.72
2547.57
2529.36
2510
2489.37
2467.3
2443.65
2418.27
2391.06
2361.9
2330.73
2297.64
2262.81
2226.52
2189.13
2151.13
2112.81
2074.24
2035.77
1997.83
1960.49
1923.69
1886.9
1850.3
1813.98
1778.02
1742.56
1707.82
1673.99
1641.28
1609.84
1579.8
1551.25
1524.28
1498.97
1475.4
1453.77
1433.98
1416.08
1399.55
1384.39
1370.25
1357.53
1345.7
1334.73
1324.34
1314.66
1305.68
1297.51
1289.96
1282.78
1275.79
1268.84
1262.12
1255.84
1250.02
1244.52
1239.26
1234.26
1229.55
1225.05
1220.72
1216.61
1212.77
1209.06
1205.48
1202.05
1198.8
1195.7
1192.77
1190.02
1187.39
1184.87
1182.47
1180.13
1177.88
1175.8
1173.89
1171.97
1170.23
1168.28
1166.55
1164.03
4590.56
2845.29
2821.59
2843.01
2846.42
2849.52
2847.34
2845.59
2842.07
2838.72
2834.89
2830.74
2826.09
2820.77
2814.69
2807.89
2800.51
2792.76
2784.81
2776.76
2768.62
2760.36
2751.9
2743.19
2734.18
2724.86
2715.23
2705.28
2695.01
2684.38
2673.37
2661.93
2650.02
2637.56
2624.49
2610.75
2596.27
2580.98
2564.8
2547.64
2529.43
2510.07
2489.43
2467.38
2443.76
2418.44
2391.32
2362.33
2331.45
2298.76
2264.45
2228.79
2192.17
2154.92
2117.21
2079.39
2041.97
2004.93
1968.27
1931.62
1894.6
1858.01
1821.9
1786.24
1751.06
1716.43
1682.54
1649.6
1617.82
1587.37
1558.39
1530.97
1505.21
1481.23
1459.07
1438.91
1420.72
1403.83
1388.32
1373.83
1360.69
1348.42
1337.16
1326.54
1316.73
1307.67
1299.35
1291.44
1283.5
1275.53
1267.96
1261.29
1255.45
1250.03
1244.75
1239.58
1234.63
1229.91
1225.36
1221.01
1216.91
1213.02
1209.23
1205.57
1202.08
1198.73
1195.55
1192.55
1189.74
1187.02
1184.37
1181.82
1179.33
1176.94
1174.72
1172.68
1170.57
1168.67
1166.58
1164.79
1162.26
4594.19
2846.38
2820.93
2842.15
2845.49
2848.68
2846.58
2844.91
2841.44
2838.14
2834.38
2830.31
2825.75
2820.52
2814.53
2807.79
2800.46
2792.73
2784.79
2776.74
2768.6
2760.33
2751.87
2743.16
2734.16
2724.83
2715.2
2705.25
2694.99
2684.37
2673.38
2661.95
2650.05
2637.61
2624.56
2610.83
2596.37
2581.09
2564.92
2547.77
2529.56
2510.2
2489.58
2467.55
2443.98
2418.75
2391.77
2363
2332.44
2300.18
2266.4
2231.39
2195.47
2158.86
2121.92
2085.13
2048.51
2011.86
1975.37
1938.88
1902.52
1866.79
1831.45
1796.32
1761.44
1726.96
1693.06
1660
1627.97
1597.16
1567.72
1539.77
1513.39
1488.68
1465.66
1444.43
1424.95
1407.14
1391.15
1376.34
1363.02
1350.34
1338.44
1327.27
1317.18
1307.94
1299.32
1290.96
1282.68
1274.87
1268.04
1261.97
1256.16
1250.36
1244.58
1239.03
1233.77
1228.78
1224.07
1219.65
1215.47
1211.42
1207.5
1203.8
1200.27
1196.86
1193.63
1190.6
1187.73
1184.94
1182.26
1179.73
1177.34
1175.05
1172.91
1170.9
1168.82
1166.98
1164.91
1163.17
1160.7
4597.72
2847.57
2820.32
2841.34
2844.58
2847.86
2845.83
2844.24
2840.81
2837.56
2833.87
2829.87
2825.4
2820.26
2814.36
2807.69
2800.4
2792.7
2784.77
2776.72
2768.58
2760.31
2751.85
2743.14
2734.13
2724.81
2715.18
2705.24
2694.98
2684.38
2673.4
2661.99
2650.1
2637.68
2624.65
2610.95
2596.51
2581.25
2565.1
2547.97
2529.77
2510.43
2489.83
2467.85
2444.35
2419.24
2392.43
2363.91
2333.71
2301.89
2268.67
2234.28
2198.98
2163.1
2127.09
2091.05
2054.79
2018.58
1982.74
1947.25
1911.97
1876.61
1841.3
1806.08
1771.05
1736.4
1702.35
1669.08
1636.8
1605.66
1575.8
1547.34
1520.35
1494.91
1471.21
1449.16
1428.68
1410.02
1393.36
1378.1
1364.27
1351.18
1339.25
1328.29
1318.55
1309.4
1300.41
1291.56
1283.08
1275.32
1268.4
1261.96
1255.7
1249.61
1243.83
1238.39
1233.26
1228.37
1223.76
1219.41
1215.16
1211.01
1207.09
1203.46
1199.94
1196.51
1193.28
1190.23
1187.3
1184.46
1181.77
1179.25
1176.79
1174.36
1172.01
1169.81
1167.58
1165.61
1163.39
1161.5
1158.78
4601.19
2848.86
2819.77
2840.56
2843.69
2847.04
2845.08
2843.56
2840.17
2836.98
2833.35
2829.43
2825.04
2820
2814.19
2807.59
2800.35
2792.68
2784.76
2776.71
2768.57
2760.29
2751.83
2743.12
2734.11
2724.79
2715.16
2705.23
2694.99
2684.4
2673.43
2662.04
2650.17
2637.77
2624.77
2611.09
2596.68
2581.46
2565.33
2548.22
2530.05
2510.74
2490.18
2468.26
2444.87
2419.89
2393.3
2365.06
2335.22
2303.88
2271.2
2237.39
2202.77
2167.71
2132.44
2096.87
2061.26
2026.04
1991.03
1956.22
1920.95
1885.32
1849.93
1814.74
1779.76
1745.15
1711.02
1677.58
1645.01
1613.5
1583.21
1554.29
1526.8
1500.85
1476.6
1454.12
1433.64
1414.87
1397.73
1382.05
1367.81
1354.39
1342.36
1331.19
1320.84
1310.88
1301.09
1291.81
1283.39
1275.78
1268.91
1262.58
1256.37
1250.28
1244.43
1238.87
1233.57
1228.56
1223.81
1219.25
1214.77
1210.47
1206.47
1202.71
1199.01
1195.44
1192.06
1188.83
1185.71
1182.72
1179.88
1177.19
1174.55
1172.03
1169.73
1167.69
1165.65
1163.85
1161.79
1160.06
1157.65
4604.5
2850.26
2819.29
2839.83
2842.82
2846.23
2844.33
2842.88
2839.53
2836.38
2832.82
2828.97
2824.67
2819.73
2814
2807.49
2800.3
2792.66
2784.75
2776.7
2768.55
2760.28
2751.82
2743.11
2734.1
2724.78
2715.16
2705.24
2695
2684.43
2673.48
2662.11
2650.27
2637.89
2624.91
2611.27
2596.89
2581.7
2565.61
2548.54
2530.41
2511.15
2490.66
2468.82
2445.55
2420.75
2394.38
2366.45
2337
2306.11
2273.96
2240.76
2206.85
2172.5
2137.79
2102.93
2068.33
2033.8
1999.04
1964.2
1928.97
1893.88
1859.2
1824.71
1790.28
1755.98
1721.98
1688.5
1655.75
1623.94
1593.28
1563.88
1535.88
1509.43
1484.45
1461.24
1440.05
1420.61
1402.62
1385.46
1370.13
1356.2
1343.79
1332.13
1321.2
1310.75
1300.9
1291.91
1284.13
1277.05
1270.16
1263.17
1256.14
1249.48
1243.29
1237.56
1232.2
1227.16
1222.37
1217.71
1213.18
1208.96
1205.04
1201.25
1197.55
1194.08
1190.85
1187.75
1184.77
1181.94
1179.24
1176.66
1174.19
1171.87
1169.7
1167.66
1165.5
1163.54
1161.35
1159.45
1156.76
4607.8
2851.76
2818.86
2839.15
2841.98
2845.44
2843.59
2842.2
2838.89
2835.78
2832.27
2828.51
2824.3
2819.44
2813.81
2807.38
2800.25
2792.64
2784.75
2776.7
2768.55
2760.27
2751.81
2743.1
2734.1
2724.79
2715.17
2705.25
2695.03
2684.48
2673.55
2662.2
2650.38
2638.03
2625.08
2611.47
2597.13
2581.99
2565.95
2548.92
2530.84
2511.64
2491.23
2469.5
2446.37
2421.76
2395.64
2368.04
2338.98
2308.56
2276.94
2244.37
2211.13
2177.41
2143.41
2109.51
2075.58
2041.23
2006.77
1972.44
1938.27
1904.15
1869.88
1835.54
1801.12
1766.8
1732.76
1699.19
1666.29
1634.26
1603.26
1573.44
1544.93
1517.8
1492.18
1468.16
1445.67
1425.03
1406.53
1389.2
1373.36
1358.87
1346.1
1334.16
1323.03
1312.53
1302.88
1293.99
1285.82
1278
1270.08
1262.32
1255.25
1248.91
1243.14
1237.72
1232.53
1227.55
1222.72
1218.04
1213.59
1209.46
1205.47
1201.53
1197.75
1194.25
1190.91
1187.64
1184.47
1181.44
1178.52
1175.74
1173.11
1170.59
1168.19
1165.96
1163.71
1161.75
1159.58
1157.71
1155.09
4610.85
2853.39
2818.5
2838.52
2841.15
2844.65
2842.85
2841.52
2838.23
2835.17
2831.72
2828.03
2823.91
2819.15
2813.62
2807.26
2800.2
2792.62
2784.75
2776.71
2768.56
2760.28
2751.81
2743.1
2734.1
2724.8
2715.18
2705.28
2695.07
2684.53
2673.63
2662.3
2650.51
2638.2
2625.28
2611.71
2597.41
2582.32
2566.33
2549.37
2531.36
2512.24
2491.92
2470.32
2447.35
2422.95
2397.1
2369.83
2341.17
2311.22
2280.15
2248.2
2215.58
2182.55
2149.41
2116.15
2082.48
2048.65
2015.08
1981.59
1948.15
1913.96
1879.43
1844.96
1810.51
1776.15
1742.04
1708.35
1675.25
1642.93
1611.57
1581.34
1552.34
1524.61
1498.45
1473.9
1450.88
1429.64
1410.32
1393.13
1377.57
1362.91
1349.47
1336.65
1324.58
1313.44
1303.51
1294.47
1286.07
1278.06
1270.17
1262.61
1255.75
1249.43
1243.47
1237.81
1232.32
1227.04
1221.95
1217.15
1212.65
1208.39
1204.13
1199.96
1196.09
1192.56
1189.17
1185.88
1182.75
1179.83
1177.07
1174.51
1172.03
1169.63
1167.39
1165.37
1163.31
1161.43
1159.28
1157.39
1154.63
4613.93
2855.12
2818.21
2837.94
2840.36
2843.87
2842.12
2840.84
2837.57
2834.54
2831.16
2827.54
2823.51
2818.85
2813.41
2807.14
2800.14
2792.61
2784.76
2776.72
2768.57
2760.28
2751.82
2743.11
2734.11
2724.81
2715.21
2705.31
2695.12
2684.61
2673.73
2662.43
2650.67
2638.39
2625.51
2611.98
2597.73
2582.69
2566.77
2549.88
2531.94
2512.91
2492.71
2471.25
2448.46
2424.29
2398.72
2371.79
2343.54
2314.08
2283.56
2252.2
2220.25
2187.98
2155.51
2122.69
2089.69
2056.89
2023.95
1990.63
1957.01
1922.79
1888.71
1854.81
1820.9
1786.93
1753.04
1719.38
1686.16
1653.59
1621.89
1591.22
1561.71
1533.56
1506.74
1481.57
1458.44
1436.97
1416.69
1397.55
1380.47
1365
1350.88
1337.58
1325.51
1314.68
1305.25
1296.38
1287.68
1279.09
1270.49
1262.45
1255.25
1248.81
1242.91
1237.26
1231.73
1226.38
1221.26
1216.5
1212.05
1207.74
1203.47
1199.45
1195.8
1192.44
1189.17
1185.98
1182.92
1179.99
1177.17
1174.48
1171.78
1169.17
1166.67
1164.34
1161.97
1159.78
1157.41
1155.4
1152.5
4616.67
2856.99
2817.98
2837.41
2839.59
2843.1
2841.39
2840.15
2836.9
2833.91
2830.59
2827.05
2823.1
2818.54
2813.2
2807.02
2800.09
2792.6
2784.77
2776.74
2768.59
2760.3
2751.83
2743.12
2734.13
2724.84
2715.24
2705.36
2695.19
2684.7
2673.84
2662.58
2650.86
2638.61
2625.77
2612.28
2598.08
2583.1
2567.25
2550.44
2532.61
2513.69
2493.61
2472.31
2449.72
2425.79
2400.51
2373.93
2346.1
2317.12
2287.15
2256.41
2225.15
2193.56
2161.63
2129.48
2097.41
2065.12
2032.21
1999.11
1965.96
1932.83
1899.64
1866.21
1832.59
1798.79
1764.99
1731.37
1698.11
1665.42
1633.49
1602.5
1572.57
1543.87
1516.48
1490.57
1466.21
1443.54
1422.9
1403.92
1386.41
1369.93
1354.95
1341.21
1329.06
1317.95
1307.72
1297.85
1288.06
1278.62
1270.05
1262.59
1256.15
1250.1
1244.09
1238.13
1232.3
1226.76
1221.53
1216.65
1211.97
1207.4
1202.98
1198.9
1195.11
1191.5
1187.94
1184.47
1181.14
1177.99
1174.98
1172.14
1169.41
1166.88
1164.49
1162.29
1160.02
1157.93
1155.65
1153.69
1150.98
4619.47
2858.98
2817.82
2836.95
2838.84
2842.33
2840.68
2839.47
2836.22
2833.27
2830
2826.54
2822.69
2818.22
2812.99
2806.9
2800.03
2792.59
2784.79
2776.77
2768.62
2760.32
2751.85
2743.14
2734.16
2724.87
2715.29
2705.42
2695.27
2684.8
2673.98
2662.75
2651.07
2638.86
2626.07
2612.63
2598.48
2583.56
2567.79
2551.07
2533.34
2514.53
2494.6
2473.47
2451.09
2427.41
2402.44
2376.22
2348.82
2320.33
2290.92
2260.82
2230.22
2199.24
2167.98
2136.67
2105.13
2072.95
2040.56
2008.29
1975.98
1943.56
1910.28
1876.66
1842.92
1809.07
1775.22
1741.54
1708.17
1675.3
1643.12
1611.8
1581.47
1552.18
1524.28
1497.89
1472.67
1448.97
1427.31
1407.71
1390.04
1373.48
1358.12
1343.8
1330.91
1319.17
1308.36
1298.15
1288.53
1279.7
1271.86
1264.47
1257.3
1250.35
1243.58
1237.08
1230.96
1225.26
1219.96
1214.97
1210.14
1205.46
1201.08
1197.14
1193.46
1189.88
1186.36
1182.99
1179.82
1176.86
1174.03
1171.37
1168.82
1166.36
1163.9
1161.56
1159.15
1156.93
1154.53
1152.39
1149.36
4621.85
2861.11
2817.74
2836.53
2838.11
2841.58
2839.97
2838.79
2835.54
2832.62
2829.41
2826.02
2822.26
2817.9
2812.76
2806.77
2799.98
2792.59
2784.81
2776.81
2768.65
2760.36
2751.88
2743.17
2734.19
2724.92
2715.35
2705.5
2695.37
2684.93
2674.13
2662.94
2651.3
2639.14
2626.39
2613.01
2598.92
2584.07
2568.38
2551.75
2534.14
2515.47
2495.7
2474.76
2452.59
2429.18
2404.52
2378.67
2351.7
2323.72
2294.89
2265.41
2235.44
2205.11
2174.6
2143.86
2112.59
2081.09
2049.73
2018.02
1985.85
1953.22
1919.87
1886.57
1853.26
1819.8
1786.2
1752.6
1719.18
1686.13
1653.66
1621.94
1591.14
1561.4
1532.87
1505.76
1480.47
1457
1434.89
1414.23
1395.17
1377.51
1361.37
1346.62
1333.63
1321.8
1310.74
1300.34
1290.52
1281.33
1272.82
1264.8
1257.14
1249.95
1243.26
1236.93
1231
1225.43
1220.19
1215.2
1210.35
1205.72
1201.44
1197.48
1193.61
1189.72
1185.89
1182.27
1178.89
1175.72
1172.68
1169.79
1166.96
1164.22
1161.52
1159.11
1156.78
1154.74
1152.5
1150.5
1147.73
4624.28
2863.37
2817.71
2836.16
2837.43
2840.84
2839.27
2838.12
2834.86
2831.96
2828.81
2825.49
2821.81
2817.56
2812.53
2806.63
2799.93
2792.59
2784.85
2776.85
2768.7
2760.4
2751.92
2743.21
2734.24
2724.97
2715.42
2705.59
2695.48
2685.07
2674.31
2663.16
2651.56
2639.45
2626.76
2613.43
2599.4
2584.63
2569.02
2552.5
2535
2516.47
2496.86
2476.12
2454.19
2431.06
2406.73
2381.27
2354.74
2327.28
2299.03
2270.17
2240.84
2211.21
2181.3
2150.98
2120.39
2089.84
2058.83
2027.07
1995.04
1962.85
1930.61
1898.17
1865.39
1832.3
1798.95
1765.51
1732.15
1699.06
1666.47
1634.52
1603.38
1573.24
1544.17
1516.35
1490.14
1465.59
1442.77
1421.57
1402.02
1383.77
1367.25
1352.02
1338.21
1325.22
1312.76
1301.4
1291.09
1281.94
1273.73
1265.88
1258.23
1250.82
1243.8
1237.23
1231.14
1225.43
1220.04
1214.84
1209.83
1205.04
1200.54
1196.22
1191.91
1187.7
1183.77
1180.28
1177.1
1174.11
1171.2
1168.4
1165.63
1163.02
1160.54
1158.33
1156.09
1154.03
1151.75
1149.71
1146.78
4626.28
2865.8
2817.72
2835.84
2836.8
2840.14
2838.58
2837.44
2834.18
2831.3
2828.2
2824.95
2821.36
2817.2
2812.28
2806.49
2799.87
2792.6
2784.89
2776.9
2768.75
2760.45
2751.96
2743.26
2734.3
2725.04
2715.5
2705.7
2695.62
2685.23
2674.51
2663.4
2651.86
2639.8
2627.16
2613.89
2599.94
2585.24
2569.72
2553.31
2535.94
2517.57
2498.14
2477.6
2455.92
2433.07
2409.08
2384.01
2357.95
2331.01
2303.35
2275.11
2246.43
2217.41
2188.03
2158.36
2128.6
2098.42
2067.44
2036.28
2005.1
1973.77
1942.19
1909.66
1876.76
1843.62
1810.26
1776.82
1743.43
1710.27
1677.53
1645.39
1613.95
1583.33
1553.81
1525.62
1498.53
1472.67
1448.64
1426.42
1406.04
1387.21
1370.39
1354.77
1340.34
1326.66
1314.08
1303.15
1293.54
1284.61
1275.76
1266.88
1258.27
1250.25
1243.12
1236.7
1230.75
1225.05
1219.6
1214.33
1209.29
1204.55
1200.07
1195.72
1191.48
1187.51
1183.9
1180.56
1177.29
1173.98
1170.65
1167.43
1164.34
1161.49
1158.8
1156.35
1153.9
1151.66
1149.26
1147.11
1144.12
4628.22
2868.35
2817.76
2835.55
2836.22
2839.47
2837.91
2836.78
2833.49
2830.63
2827.59
2824.4
2820.9
2816.84
2812.03
2806.34
2799.81
2792.6
2784.93
2776.97
2768.81
2760.5
2752.02
2743.32
2734.36
2725.12
2715.61
2705.82
2695.77
2685.42
2674.74
2663.67
2652.17
2640.18
2627.61
2614.4
2600.52
2585.9
2570.48
2554.19
2536.95
2518.73
2499.48
2479.16
2457.74
2435.2
2411.56
2386.9
2361.31
2334.92
2307.84
2280.21
2252.16
2223.72
2194.95
2165.99
2136.68
2106.69
2076.47
2046.3
2015.56
1984.3
1952.51
1919.94
1887.3
1854.46
1821.36
1788.05
1754.67
1721.41
1688.46
1656
1624.18
1593.11
1562.99
1534.12
1506.71
1481.04
1456.82
1433.93
1412.75
1393.23
1375.54
1358.79
1343.64
1329.92
1317.62
1306.33
1295.8
1285.84
1276.03
1266.72
1258.49
1251.24
1244.58
1238.05
1231.77
1225.76
1220.06
1214.58
1209.38
1204.45
1199.72
1195.09
1190.64
1186.49
1182.65
1178.98
1175.29
1171.63
1168.11
1164.95
1162.05
1159.42
1156.94
1154.67
1152.35
1150.2
1147.87
1145.8
1142.83
4629.84
2871.07
2817.81
2835.29
2835.71
2838.83
2837.25
2836.12
2832.8
2829.97
2826.97
2823.85
2820.43
2816.47
2811.76
2806.19
2799.75
2792.61
2784.98
2777.04
2768.89
2760.57
2752.08
2743.39
2734.44
2725.22
2715.72
2705.96
2695.94
2685.63
2674.98
2663.97
2652.52
2640.59
2628.08
2614.96
2601.15
2586.62
2571.31
2555.13
2538.04
2519.99
2500.94
2480.85
2459.69
2437.46
2414.18
2389.94
2364.84
2338.99
2312.5
2285.48
2258.01
2230.17
2202.05
2173.63
2144.67
2115.44
2086.18
2056.17
2025.38
1994.28
1962.94
1931.43
1899.58
1867.26
1834.57
1801.53
1768.32
1735.11
1702.12
1669.51
1637.44
1606.06
1575.48
1545.87
1517.81
1491.44
1466.47
1442.91
1421.12
1400.94
1382.66
1365.26
1348.89
1333.53
1319.91
1307.69
1296.81
1286.79
1277.46
1268.77
1260.58
1252.64
1244.93
1237.53
1230.77
1224.48
1218.57
1212.92
1207.63
1202.64
1197.86
1193.26
1188.99
1185.16
1181.6
1178.07
1174.52
1171.07
1167.8
1164.83
1161.95
1159.19
1156.45
1153.91
1151.36
1148.99
1146.46
1144.18
1140.93
4631.38
2873.94
2817.88
2835.07
2835.24
2838.24
2836.63
2835.47
2832.11
2829.29
2826.34
2823.29
2819.95
2816.09
2811.49
2806.02
2799.68
2792.62
2785.04
2777.12
2768.97
2760.65
2752.16
2743.47
2734.53
2725.33
2715.85
2706.12
2696.13
2685.86
2675.26
2664.29
2652.9
2641.03
2628.61
2615.56
2601.84
2587.41
2572.2
2556.15
2539.21
2521.32
2502.47
2482.62
2461.74
2439.83
2416.94
2393.13
2368.53
2343.22
2317.31
2290.88
2264.01
2236.78
2209.23
2181.26
2152.97
2124.56
2095.46
2065.48
2035.39
2005.14
1974.64
1943.81
1911.93
1879.61
1846.95
1813.96
1780.79
1747.59
1714.57
1681.87
1649.61
1617.92
1587.01
1557.15
1528.29
1500.44
1474.12
1449.59
1426.99
1406.01
1386.98
1369.29
1352.91
1337.2
1323.58
1311.21
1300.01
1289.52
1279.5
1270.04
1261.01
1252.41
1244.53
1237.42
1231.01
1224.9
1219.01
1213.36
1208.08
1203.08
1198.26
1193.63
1189.35
1185.37
1181.47
1177.54
1173.7
1170.12
1166.75
1163.64
1160.54
1157.58
1154.75
1152.27
1149.83
1147.57
1145.08
1142.91
1139.84
4632.4
2876.95
2817.96
2834.86
2834.84
2837.69
2836.03
2834.83
2831.43
2828.62
2825.72
2822.73
2819.47
2815.69
2811.2
2805.84
2799.61
2792.63
2785.1
2777.21
2769.07
2760.74
2752.25
2743.56
2734.63
2725.45
2716
2706.3
2696.35
2686.11
2675.56
2664.64
2653.31
2641.51
2629.17
2616.21
2602.58
2588.26
2573.16
2557.25
2540.46
2522.76
2504.12
2484.51
2463.92
2442.35
2419.84
2396.49
2372.38
2347.62
2322.27
2296.42
2270.14
2243.49
2216.46
2189.1
2161.52
2133.41
2104.49
2075.45
2046.28
2016.37
1985.89
1954.84
1922.94
1890.82
1858.36
1825.55
1792.45
1759.23
1726.07
1693.17
1660.62
1628.54
1597.13
1566.74
1537.45
1509.43
1482.87
1457.77
1434.35
1412.45
1392.16
1373.41
1356.89
1341.94
1327.86
1314.45
1301.96
1290.37
1279.9
1270.36
1261.74
1253.67
1246.11
1238.96
1232.14
1225.63
1219.4
1213.51
1208.02
1202.76
1197.67
1192.84
1188.32
1184.03
1179.86
1175.89
1172.28
1169.04
1166
1163.12
1160.24
1157.51
1154.74
1152.14
1149.5
1147.04
1144.32
1141.97
1138.6
4633.31
2880.07
2818.04
2834.67
2834.48
2837.18
2835.45
2834.21
2830.75
2827.95
2825.09
2822.15
2818.97
2815.29
2810.91
2805.66
2799.53
2792.64
2785.17
2777.31
2769.17
2760.85
2752.35
2743.66
2734.75
2725.59
2716.17
2706.51
2696.59
2686.4
2675.89
2665.03
2653.76
2642.03
2629.77
2616.9
2603.38
2589.16
2574.2
2558.43
2541.8
2524.28
2505.85
2486.5
2466.21
2444.99
2422.89
2399.99
2376.39
2352.16
2327.37
2302.1
2276.39
2250.29
2223.84
2197.12
2169.99
2142.2
2114.17
2085.99
2056.79
2026.86
1996.58
1966
1935.12
1903.73
1871.77
1839.37
1806.53
1773.45
1740.34
1707.36
1674.66
1642.35
1610.55
1579.45
1549.6
1521.33
1494.36
1468.69
1444.55
1421.89
1400.88
1381.1
1362.7
1345.73
1330.66
1316.66
1303.91
1292.39
1282.29
1272.77
1263.62
1254.89
1246.75
1239.19
1232.16
1225.48
1219.15
1213.17
1207.59
1202.3
1197.34
1192.72
1188.36
1184.12
1179.94
1175.93
1172.17
1168.67
1165.25
1161.94
1158.62
1155.49
1152.31
1149.4
1146.55
1144
1141.3
1138.91
1135.65
4634.01
2883.32
2818.12
2834.48
2834.17
2836.71
2834.91
2833.61
2830.09
2827.29
2824.46
2821.58
2818.46
2814.88
2810.6
2805.47
2799.45
2792.65
2785.25
2777.41
2769.29
2760.97
2752.47
2743.78
2734.88
2725.74
2716.36
2706.73
2696.86
2686.71
2676.25
2665.45
2654.25
2642.59
2630.41
2617.64
2604.24
2590.14
2575.3
2559.68
2543.22
2525.91
2507.71
2488.63
2468.65
2447.78
2426.09
2403.65
2380.55
2356.85
2332.61
2307.9
2282.75
2257.22
2231.36
2205.15
2178.42
2151.36
2124.1
2095.87
2066.81
2037.7
2008.29
1978.51
1948.33
1917.01
1885.12
1852.82
1820.09
1787.1
1754.03
1721.05
1688.28
1655.81
1623.83
1592.54
1562.02
1532.39
1504.1
1477.52
1452.54
1429.02
1407.45
1387.59
1369.58
1352.4
1336.68
1321.96
1308.47
1296.11
1284.85
1274.25
1264.39
1255.55
1247.92
1240.68
1233.49
1226.4
1219.62
1213.32
1207.43
1201.91
1196.76
1191.91
1187.18
1182.49
1177.89
1173.59
1169.62
1165.96
1162.45
1159.11
1155.81
1152.74
1149.69
1147.04
1144.49
1142.16
1139.66
1137.39
1134.25
4634.47
2886.7
2818.22
2834.28
2833.89
2836.27
2834.4
2833.03
2829.44
2826.64
2823.83
2821
2817.95
2814.45
2810.28
2805.27
2799.36
2792.66
2785.33
2777.53
2769.43
2761.1
2752.6
2743.92
2735.03
2725.92
2716.57
2706.98
2697.15
2687.06
2676.65
2665.91
2654.77
2643.19
2631.1
2618.44
2605.14
2591.17
2576.48
2561.02
2544.74
2527.63
2509.66
2490.85
2471.19
2450.7
2429.43
2407.46
2384.85
2361.67
2337.98
2313.81
2289.22
2264.27
2238.96
2213.23
2187.14
2160.78
2133.66
2105.71
2077.76
2049.46
2020.29
1990.49
1960.1
1928.78
1897.08
1864.92
1832.32
1799.37
1766.25
1733.16
1700.2
1667.44
1635.09
1603.4
1572.49
1542.49
1513.76
1486.4
1460.52
1436.16
1413.46
1392.57
1373.89
1356.68
1340.5
1325.1
1310.82
1297.78
1286.28
1275.92
1266.92
1258.25
1249.64
1241.2
1232.92
1225.19
1218.23
1211.84
1205.89
1200.33
1195.14
1190.23
1185.44
1180.81
1176.45
1172.45
1168.68
1165.03
1161.41
1157.96
1154.53
1151.33
1148.21
1145.51
1142.92
1140.51
1137.93
1135.59
1132.34
4634.65
2890.22
2818.29
2834.03
2833.65
2835.86
2833.91
2832.47
2828.8
2825.99
2823.21
2820.42
2817.44
2814.02
2809.95
2805.05
2799.27
2792.67
2785.41
2777.66
2769.57
2761.25
2752.75
2744.07
2735.2
2726.11
2716.8
2707.26
2697.48
2687.43
2677.09
2666.41
2655.34
2643.84
2631.84
2619.28
2606.11
2592.28
2577.74
2562.44
2546.35
2529.46
2511.74
2493.22
2473.89
2453.78
2432.93
2411.41
2389.29
2366.63
2343.46
2319.84
2295.81
2271.41
2246.62
2221.46
2195.98
2169.94
2143.17
2116.27
2089.02
2060.55
2031.41
2001.88
1971.96
1941.62
1910.61
1878.9
1846.7
1813.99
1781.01
1747.94
1714.91
1682.01
1649.3
1617.05
1585.69
1555.68
1526.82
1498.95
1472.34
1447.26
1423.79
1401.79
1381.16
1362.13
1344.62
1328.51
1313.95
1300.96
1289.89
1279.39
1269.08
1259.13
1249.45
1240.42
1232.47
1225.39
1218.95
1212.87
1207.07
1201.57
1196.24
1191.03
1185.88
1180.97
1176.44
1172.22
1168.12
1164.12
1160.2
1156.61
1153.21
1150.18
1147.25
1144.64
1142.07
1139.63
1137
1134.7
1131.36
4634.54
2893.88
2818.35
2833.73
2833.42
2835.48
2833.46
2831.93
2828.18
2825.36
2822.59
2819.85
2816.92
2813.58
2809.6
2804.82
2799.16
2792.68
2785.5
2777.8
2769.73
2761.42
2752.91
2744.24
2735.39
2726.33
2717.05
2707.56
2697.83
2687.85
2677.57
2666.95
2655.96
2644.54
2632.64
2620.18
2607.13
2593.44
2579.06
2563.95
2548.06
2531.39
2513.93
2495.7
2476.71
2456.98
2436.56
2415.5
2393.86
2371.7
2349.06
2325.99
2302.51
2278.65
2254.41
2229.83
2204.81
2179.19
2153.27
2127
2099.53
2071.36
2043.15
2014.48
1985.29
1955.67
1924.83
1893.26
1861.22
1828.67
1795.8
1762.8
1729.8
1696.86
1664.11
1631.71
1599.82
1568.67
1538.62
1510.01
1482.84
1456.86
1432.64
1410.24
1389.82
1370.42
1352.34
1335.65
1320.7
1306.74
1293.47
1281.09
1269.65
1259.18
1249.98
1241.63
1234.24
1227.34
1220.66
1214.34
1208.32
1202.51
1196.74
1191.08
1185.62
1180.59
1176.01
1171.78
1167.75
1163.94
1160.31
1156.97
1153.7
1150.65
1147.5
1144.55
1141.58
1138.69
1135.6
1133
1129.2
4634.13
2897.7
2818.32
2833.39
2833.2
2835.13
2833.03
2831.42
2827.57
2824.73
2821.98
2819.27
2816.4
2813.13
2809.25
2804.58
2799.04
2792.67
2785.59
2777.95
2769.9
2761.6
2753.09
2744.43
2735.59
2726.57
2717.33
2707.89
2698.21
2688.29
2678.08
2667.54
2656.62
2645.29
2633.48
2621.14
2608.22
2594.68
2580.46
2565.53
2549.86
2533.42
2516.24
2498.32
2479.68
2460.33
2440.32
2419.71
2398.55
2376.89
2354.78
2332.24
2309.3
2285.99
2262.31
2238.23
2213.66
2188.72
2163.41
2137.14
2110.14
2083.22
2055.71
2027.22
1998.02
1968.2
1937.41
1906.03
1874.1
1841.65
1808.82
1775.78
1742.68
1709.56
1676.57
1643.9
1611.68
1580.08
1549.39
1519.96
1491.88
1465.16
1440.03
1416.58
1395.14
1375.29
1357.22
1340.37
1325.21
1310.91
1297.08
1283.94
1272.19
1261.53
1252.22
1243.6
1235.56
1228.08
1221.12
1214.51
1208.26
1202.23
1196.23
1190.43
1185.04
1180.12
1175.5
1171.12
1166.91
1162.9
1159.04
1155.44
1151.9
1148.59
1145.11
1141.9
1138.72
1135.7
1132.53
1129.82
1126.03
4633.4
2901.63
2818.26
2833.03
2833
2834.81
2832.65
2830.94
2827
2824.12
2821.37
2818.69
2815.87
2812.68
2808.89
2804.33
2798.92
2792.67
2785.68
2778.1
2770.09
2761.79
2753.3
2744.64
2735.82
2726.82
2717.64
2708.24
2698.63
2688.77
2678.63
2668.17
2657.34
2646.1
2634.39
2622.17
2609.37
2595.98
2581.94
2567.21
2551.75
2535.57
2518.66
2501.05
2482.76
2463.8
2444.21
2424.05
2403.36
2382.2
2360.6
2338.6
2316.2
2293.43
2270.27
2246.7
2222.72
2198.36
2173.29
2147.5
2121.65
2095.21
2067.43
2039.01
2010.12
1980.77
1950.91
1920.22
1888.69
1856.62
1824.03
1791.12
1758.04
1724.85
1691.61
1658.54
1626.06
1594.51
1563.84
1533.92
1504.92
1477.54
1451.79
1427.37
1404
1381.96
1362.36
1344.65
1328.8
1313.84
1300.03
1286.8
1274.71
1263.77
1254.43
1245.77
1237.48
1229.48
1221.86
1214.53
1207.54
1200.94
1194.61
1188.66
1183.17
1178.09
1173.27
1168.69
1164.33
1160.22
1156.3
1152.69
1149.16
1145.89
1142.55
1139.62
1136.73
1133.97
1130.97
1128.35
1124.73
4632.37
2905.64
2818.14
2832.63
2832.8
2834.51
2832.29
2830.5
2826.45
2823.53
2820.77
2818.11
2815.34
2812.22
2808.51
2804.06
2798.78
2792.65
2785.77
2778.25
2770.28
2762
2753.52
2744.87
2736.07
2727.11
2717.97
2708.63
2699.08
2689.29
2679.22
2668.85
2658.11
2646.96
2635.36
2623.26
2610.6
2597.36
2583.5
2568.97
2553.74
2537.81
2521.19
2503.91
2485.97
2467.39
2448.22
2428.5
2408.29
2387.62
2366.54
2345.07
2323.2
2300.96
2278.32
2255.28
2231.86
2207.9
2183.3
2158.45
2133.05
2106.31
2079
2051.6
2023.59
1994.93
1965.73
1935.36
1904.02
1872.17
1839.77
1807
1774.02
1740.9
1707.69
1674.53
1641.61
1609.22
1577.67
1547.17
1517.91
1489.8
1463.17
1437.98
1414.58
1392.32
1371.94
1353.02
1335.7
1318.97
1303.1
1289.12
1277.45
1267.06
1257.79
1248.46
1238.89
1229.77
1221.28
1213.47
1206.35
1199.69
1193.53
1187.96
1182.88
1178.08
1173.32
1168.69
1164.24
1160.04
1156.04
1152.32
1148.69
1145.39
1142.06
1139.08
1136.13
1133.33
1130.25
1127.53
1123.62
4631.01
2909.69
2817.98
2832.21
2832.6
2834.23
2831.96
2830.1
2825.95
2822.97
2820.19
2817.54
2814.81
2811.75
2808.13
2803.79
2798.62
2792.63
2785.85
2778.42
2770.49
2762.23
2753.76
2745.13
2736.35
2727.43
2718.33
2709.04
2699.56
2689.84
2679.86
2669.57
2658.93
2647.89
2636.4
2624.42
2611.9
2598.82
2585.14
2570.82
2555.83
2540.17
2523.84
2506.87
2489.29
2471.1
2452.35
2433.07
2413.33
2393.16
2372.59
2351.63
2330.3
2308.58
2286.46
2263.96
2241.01
2217.52
2193.66
2169.3
2143.83
2117.77
2091.77
2064.97
2037.1
2008.44
1979.07
1948.81
1917.67
1885.92
1853.59
1820.87
1787.87
1754.67
1721.34
1688
1654.78
1621.93
1589.71
1558.45
1528.49
1499.68
1472.16
1445.88
1421.65
1399.5
1379.44
1360.1
1342.09
1325.34
1309.94
1295.97
1283.61
1271.76
1260.22
1249.28
1238.97
1229.6
1221.69
1214.52
1207.58
1200.98
1195.03
1189.61
1184.41
1179.29
1174.22
1169.36
1164.73
1160.36
1156.14
1152.14
1148.18
1144.51
1140.82
1137.52
1134.31
1131.28
1128.06
1125.16
1120.95
4629.31
2913.77
2817.8
2831.79
2832.41
2833.96
2831.66
2829.74
2825.48
2822.44
2819.62
2816.98
2814.28
2811.27
2807.73
2803.49
2798.46
2792.59
2785.94
2778.58
2770.71
2762.48
2754.03
2745.41
2736.66
2727.77
2718.72
2709.5
2700.08
2690.44
2680.54
2670.34
2659.81
2648.88
2637.51
2625.65
2613.28
2600.36
2586.87
2572.76
2558.01
2542.62
2526.59
2509.95
2492.72
2474.92
2456.59
2437.76
2418.48
2398.8
2378.74
2358.3
2337.48
2316.28
2294.69
2272.69
2250.24
2227.37
2204.04
2179.87
2155.05
2130.18
2104.44
2077.33
2049.57
2021.26
1992.38
1962.96
1932.55
1901.18
1869.21
1836.75
1803.89
1770.72
1737.28
1703.75
1670.47
1637.68
1605.42
1573.77
1542.65
1512.95
1484.82
1457.93
1432.21
1407.76
1385.49
1365.01
1346.02
1328.97
1313.97
1300.12
1286.82
1273.91
1261.27
1249.76
1239.84
1231.12
1223.35
1215.92
1208.75
1202
1195.83
1190
1184.27
1178.66
1173.25
1168.14
1163.27
1158.63
1154.09
1149.75
1145.49
1141.61
1137.78
1134.44
1131.27
1128.32
1125.23
1122.37
1118.53
4627.25
2917.83
2817.64
2831.36
2832.24
2833.71
2831.39
2829.42
2825.06
2821.94
2819.08
2816.43
2813.75
2810.79
2807.32
2803.18
2798.27
2792.55
2786.01
2778.76
2770.94
2762.75
2754.32
2745.73
2737
2728.15
2719.15
2709.98
2700.63
2691.07
2681.26
2671.17
2660.73
2649.92
2638.68
2626.96
2614.74
2601.99
2588.68
2574.8
2560.3
2545.18
2529.45
2513.14
2496.27
2478.86
2460.94
2442.55
2423.75
2404.56
2384.99
2365.06
2344.75
2324.07
2302.99
2281.49
2259.59
2237.25
2214.29
2190.68
2166.82
2142.2
2116.18
2089.7
2063.02
2035.61
2007.43
1978.49
1948.61
1917.48
1885.77
1853.51
1820.83
1787.8
1754.46
1720.89
1687.27
1653.92
1621.13
1589.13
1557.95
1527.69
1498.63
1471.02
1445.07
1420.12
1396.21
1373.97
1353.99
1336.15
1319.92
1305.02
1290.74
1277.29
1264.52
1252.82
1242.37
1232.82
1224.1
1216.06
1208.73
1201.91
1195.4
1189.08
1182.79
1176.79
1171.17
1165.98
1161.14
1156.63
1152.31
1148.23
1144.22
1140.56
1136.9
1133.69
1130.65
1127.84
1124.82
1122.14
1118.3
4624.81
2921.83
2817.52
2830.95
2832.08
2833.49
2831.16
2829.14
2824.69
2821.48
2818.56
2815.89
2813.23
2810.31
2806.9
2802.85
2798.06
2792.48
2786.08
2778.93
2771.18
2763.03
2754.63
2746.07
2737.38
2728.56
2719.61
2710.51
2701.23
2691.75
2682.03
2672.04
2661.72
2651.03
2639.92
2628.35
2616.29
2603.71
2590.6
2576.93
2562.68
2547.84
2532.41
2516.43
2499.92
2482.91
2465.41
2447.47
2429.13
2410.42
2391.35
2371.91
2352.11
2331.93
2311.36
2290.39
2269.01
2247.13
2224.69
2201.86
2178.37
2153.68
2128.52
2103.34
2077.17
2049.87
2021.67
1992.67
1962.98
1932.03
1900.42
1868.23
1835.61
1802.6
1769.24
1735.56
1701.68
1667.91
1634.54
1601.86
1570.29
1539.52
1509.54
1480.86
1453.96
1429.06
1406.08
1384.14
1363.77
1344.98
1327.55
1311.22
1295.58
1281.15
1268.04
1256.38
1246.03
1236.29
1227.04
1218.21
1210.08
1202.58
1195.59
1188.89
1182.45
1176.45
1171.01
1166.06
1161.56
1157.35
1153.28
1149.29
1145.28
1141.54
1137.75
1134.39
1131.18
1128.22
1125.07
1122.19
1117.93
4621.92
2925.7
2817.48
2830.57
2831.96
2833.3
2830.97
2828.94
2824.39
2821.08
2818.07
2815.36
2812.7
2809.82
2806.47
2802.5
2797.84
2792.4
2786.14
2779.1
2771.43
2763.33
2754.97
2746.44
2737.79
2729.02
2720.11
2711.07
2701.87
2692.47
2682.85
2672.96
2662.76
2652.2
2641.24
2629.82
2617.92
2605.52
2592.61
2579.17
2565.17
2550.6
2535.49
2519.84
2503.69
2487.07
2469.99
2452.49
2434.62
2416.38
2397.79
2378.85
2359.55
2339.87
2319.82
2299.37
2278.49
2257.13
2235.31
2212.94
2189.63
2165.74
2141.74
2116.68
2090.22
2063.1
2035.34
2006.88
1977.74
1947.63
1916.46
1884.62
1852.29
1819.44
1786.15
1752.5
1718.73
1685.03
1651.55
1618.41
1585.65
1553.77
1523.4
1494.38
1466.47
1439.38
1414.14
1391.38
1370.42
1350.52
1331.84
1314.4
1298
1283.1
1269.93
1258.51
1248.33
1238.6
1229.07
1220.04
1211.84
1204.31
1197.28
1190.39
1183.83
1177.75
1172.21
1167.07
1162.25
1157.68
1153.28
1149.03
1144.8
1140.85
1136.87
1133.28
1129.88
1126.75
1123.44
1120.53
1116.33
4618.6
2929.4
2817.62
2830.23
2831.86
2833.14
2830.83
2828.79
2824.15
2820.73
2817.62
2814.84
2812.17
2809.31
2806.02
2802.13
2797.59
2792.29
2786.18
2779.26
2771.68
2763.64
2755.33
2746.84
2738.24
2729.51
2720.66
2711.68
2702.55
2693.24
2683.72
2673.94
2663.86
2653.44
2642.62
2631.37
2619.64
2607.43
2594.73
2581.51
2567.77
2553.48
2538.67
2523.36
2507.58
2491.35
2474.69
2457.63
2440.21
2422.44
2404.33
2385.88
2367.07
2347.89
2328.34
2308.4
2288.03
2267.22
2245.91
2223.9
2201.26
2178.32
2154.41
2129.12
2103.4
2077.37
2050.52
2022.74
1994
1964.62
1933.74
1902.14
1870.03
1837.39
1804.25
1770.63
1736.68
1702.67
1668.92
1635.72
1602.94
1570.78
1539.53
1509.42
1480.84
1453.22
1426.49
1401.4
1378.77
1357.91
1338.72
1321.09
1305.07
1290.42
1277
1264.76
1253.24
1242.1
1231.67
1222.06
1213.5
1205.49
1197.75
1190.37
1183.54
1177.21
1171.27
1165.66
1160.36
1155.38
1150.69
1146.23
1141.88
1137.81
1133.73
1130.01
1126.49
1123.3
1119.93
1116.86
1112.3
4614.7
2932.88
2817.9
2829.98
2831.81
2833.03
2830.72
2828.67
2823.96
2820.46
2817.23
2814.36
2811.65
2808.79
2805.54
2801.74
2797.31
2792.16
2786.2
2779.42
2771.94
2763.98
2755.72
2747.28
2738.72
2730.05
2721.25
2712.33
2703.27
2694.05
2684.64
2674.97
2665.02
2654.74
2644.07
2632.99
2621.45
2609.44
2596.94
2583.96
2570.47
2556.47
2541.98
2527.01
2511.59
2495.74
2479.5
2462.87
2445.9
2428.59
2410.95
2392.98
2374.66
2355.99
2336.95
2317.51
2297.67
2277.39
2256.54
2235.1
2213.21
2190.51
2166.61
2142.32
2117.86
2092.31
2065.57
2037.83
2009.18
1979.8
1949.14
1917.71
1885.69
1853.14
1820.04
1786.38
1752.27
1717.95
1683.73
1650.01
1617.02
1584.66
1552.53
1521.15
1491.48
1463.81
1438.42
1413.7
1390.17
1368.2
1347.98
1329.58
1312.86
1297.43
1282.97
1269.37
1256.8
1245.13
1234.32
1223.95
1214.18
1204.84
1196.32
1188.64
1181.85
1175.59
1169.58
1163.76
1158.2
1152.96
1148.08
1143.52
1139.15
1135.08
1131.04
1127.31
1123.78
1120.48
1117.04
1113.92
1109.58
4610.02
2936.1
2818.35
2829.82
2831.79
2832.93
2830.7
2828.67
2823.84
2820.23
2816.91
2813.93
2811.13
2808.24
2805.02
2801.3
2796.99
2792
2786.2
2779.57
2772.21
2764.33
2756.13
2747.75
2739.25
2730.63
2721.89
2713.03
2704.05
2694.92
2685.61
2676.06
2666.24
2656.1
2645.59
2634.68
2623.33
2611.53
2599.26
2586.52
2573.29
2559.58
2545.39
2530.76
2515.7
2500.25
2484.42
2468.22
2451.69
2434.83
2417.66
2400.17
2382.34
2364.16
2345.62
2326.69
2307.36
2287.57
2267.25
2246.44
2224.96
2202.5
2179.52
2156.31
2131.89
2106.09
2079.56
2052.31
2024.22
1995.28
1965.56
1934.68
1902.99
1870.76
1837.93
1804.52
1770.64
1736.42
1702.1
1667.84
1633.81
1600.2
1567.86
1536.92
1507.09
1478.12
1450.18
1423.93
1399.11
1375.93
1354.7
1335.42
1318
1301.81
1286.55
1271.69
1257.67
1244.99
1233.81
1223.26
1213.45
1204.3
1196.18
1189.04
1182.76
1176.76
1170.59
1164.42
1158.45
1152.81
1147.63
1142.9
1138.52
1134.51
1130.52
1126.79
1123.18
1119.77
1116.17
1113.09
1108.61
4604.62
2939.08
2818.99
2829.86
2831.85
2832.94
2830.75
2828.72
2823.83
2820.09
2816.66
2813.57
2810.67
2807.7
2804.47
2800.82
2796.63
2791.8
2786.18
2779.71
2772.49
2764.7
2756.57
2748.26
2739.81
2731.26
2722.58
2713.79
2704.88
2695.84
2686.63
2677.2
2667.51
2657.52
2647.18
2636.45
2625.29
2613.7
2601.66
2589.17
2576.21
2562.79
2548.92
2534.63
2519.93
2504.86
2489.43
2473.66
2457.56
2441.15
2424.44
2407.43
2390.09
2372.41
2354.37
2335.95
2317.13
2297.86
2278.1
2257.78
2236.68
2214.96
2192.84
2169.63
2145.08
2120.08
2094.66
2068.34
2040.97
2012.53
1983.38
1952.86
1921.43
1889.45
1856.82
1823.51
1789.6
1755.33
1720.98
1686.81
1652.85
1619.16
1586.08
1553.66
1522.13
1491.75
1462.42
1434.45
1408.77
1385.16
1363.91
1344.02
1325.65
1308.58
1292.45
1276.77
1261.57
1247.61
1235.83
1225.45
1216.13
1207.51
1199.82
1192.8
1186.12
1179.54
1172.92
1166.49
1160.29
1154.46
1149.13
1144.3
1139.86
1135.73
1131.63
1127.72
1123.9
1120.24
1116.33
1112.89
1107.8
4598.4
2941.77
2819.85
2830.08
2832.01
2833.03
2830.89
2828.86
2823.9
2820.06
2816.49
2813.3
2810.28
2807.21
2803.92
2800.31
2796.24
2791.57
2786.13
2779.84
2772.77
2765.09
2757.05
2748.8
2740.42
2731.93
2723.32
2714.6
2705.76
2696.81
2687.7
2678.4
2668.85
2659.01
2648.83
2638.28
2627.32
2615.95
2604.15
2591.91
2579.23
2566.1
2552.55
2538.59
2524.26
2509.57
2494.54
2479.19
2463.52
2447.56
2431.31
2414.77
2397.91
2380.73
2363.19
2345.28
2326.96
2308.2
2288.96
2269.1
2248.62
2227.61
2205.7
2182.61
2159.12
2135.33
2110.39
2084.2
2056.91
2028.56
1999.32
1969.16
1937.93
1906.05
1873.52
1840.26
1806.32
1771.87
1737.19
1702.67
1668.51
1634.78
1601.05
1567.72
1535.65
1504.94
1476.01
1448.36
1422.73
1398.35
1375.6
1354.2
1334.29
1315.72
1298.22
1281.91
1267.07
1253.83
1242.28
1231.55
1221.56
1212.17
1203.53
1195.4
1187.59
1180.25
1173.41
1166.98
1160.85
1155.02
1149.61
1144.65
1140.05
1135.76
1131.56
1127.43
1123.44
1119.59
1115.38
1111.73
1106.49
4591.27
2944.01
2821.04
2830.47
2832.29
2833.25
2831.16
2829.12
2824.05
2820.1
2816.42
2813.11
2809.97
2806.78
2803.42
2799.81
2795.82
2791.31
2786.06
2779.96
2773.05
2765.5
2757.55
2749.38
2741.08
2732.66
2724.12
2715.46
2706.7
2697.84
2688.84
2679.66
2670.25
2660.56
2650.54
2640.18
2629.43
2618.27
2606.71
2594.73
2582.33
2569.51
2556.28
2542.66
2528.69
2514.37
2499.74
2484.8
2469.56
2454.05
2438.26
2422.19
2405.81
2389.12
2372.08
2354.67
2336.86
2318.62
2299.87
2280.56
2260.7
2240.07
2218.46
2196.34
2173.84
2150.07
2124.94
2098.99
2072.23
2044.53
2015.85
1986.49
1955.91
1924.43
1892.33
1859.5
1825.89
1791.62
1756.88
1721.92
1686.91
1652.19
1618.3
1585.61
1553.66
1522.08
1491.55
1462.47
1435.38
1409.35
1384.63
1361.48
1340.08
1320.36
1302.24
1286.21
1271.94
1259.08
1247.12
1235.76
1225.03
1214.84
1205.27
1196.06
1187.24
1179.22
1172.16
1165.73
1159.59
1153.68
1148.02
1142.73
1137.81
1133.28
1129.04
1124.9
1120.9
1117.06
1112.66
1108.86
1103.29
4583.16
2945.6
2822.78
2831.02
2832.75
2833.67
2831.59
2829.51
2824.33
2820.23
2816.42
2812.97
2809.71
2806.42
2803
2799.36
2795.43
2791.04
2785.97
2780.08
2773.34
2765.93
2758.09
2750
2741.77
2733.43
2724.97
2716.39
2707.71
2698.93
2690.04
2680.98
2671.71
2662.17
2652.33
2642.15
2631.6
2620.67
2609.35
2597.63
2585.52
2573
2560.09
2546.81
2533.19
2519.26
2505.03
2490.5
2475.69
2460.62
2445.29
2429.68
2413.79
2397.58
2381.03
2364.12
2346.82
2329.08
2310.85
2292.1
2272.71
2252.51
2231.69
2210.35
2187.85
2164.05
2139.75
2114.93
2089.14
2062.22
2034.09
2004.94
1974.99
1943.79
1911.9
1879.24
1845.76
1811.62
1777.05
1742.31
1707.5
1672.78
1638.31
1603.9
1569.73
1536.35
1504.59
1474.53
1446.19
1419.26
1393.97
1370.57
1348.92
1329.47
1312.02
1296.15
1281.12
1266.47
1251.89
1238.4
1226.52
1215.57
1205.36
1195.45
1186.21
1177.95
1170.78
1164.26
1157.94
1151.76
1145.77
1140.07
1134.75
1129.88
1125.34
1121.03
1117.07
1113.52
1109.5
1105.7
1100.45
4574.03
2946.46
2825.13
2831.72
2833.41
2834.31
2832.21
2830.07
2824.77
2820.48
2816.47
2812.84
2809.45
2806.09
2802.62
2798.98
2795.09
2790.79
2785.88
2780.18
2773.63
2766.38
2758.65
2750.66
2742.51
2734.25
2725.87
2717.38
2708.78
2700.09
2691.3
2682.37
2673.24
2663.86
2654.19
2644.2
2633.85
2623.15
2612.06
2600.61
2588.78
2576.57
2563.98
2551.05
2537.79
2524.24
2510.39
2496.28
2481.9
2467.27
2452.39
2437.25
2421.83
2406.11
2390.05
2373.64
2356.84
2339.61
2321.91
2303.67
2284.76
2265.2
2245.04
2223.89
2201.63
2178.91
2155.77
2131.44
2105.8
2078.95
2050.94
2021.91
1992.19
1961.2
1929.43
1896.9
1863.52
1829.35
1794.61
1759.65
1724.72
1689.88
1655.04
1620.16
1586.1
1553.21
1521.78
1491.38
1461.95
1434.1
1408.08
1384.02
1361.63
1340.59
1320.91
1302.98
1286.4
1271.06
1256.55
1242.22
1229.09
1216.97
1205.92
1195.59
1186.41
1178.21
1170.94
1164.2
1157.55
1151.05
1144.77
1138.83
1133.23
1128.04
1123.13
1118.59
1114.62
1111.21
1107.62
1104.25
1099.36
4563.87
2947.19
2827.61
2832.58
2834.27
2835.13
2832.98
2830.77
2825.36
2820.86
2816.58
2812.7
2809.16
2805.73
2802.26
2798.64
2794.78
2790.57
2785.79
2780.27
2773.93
2766.85
2759.25
2751.35
2743.3
2735.12
2726.84
2718.43
2709.92
2701.32
2692.64
2683.82
2674.84
2665.62
2656.13
2646.33
2636.19
2625.7
2614.87
2603.68
2592.13
2580.22
2567.96
2555.37
2542.47
2529.3
2515.86
2502.15
2488.2
2474.01
2459.58
2444.9
2429.95
2414.71
2399.14
2383.21
2366.91
2350.19
2333
2315.27
2296.93
2277.96
2258.18
2237.43
2216.14
2194.34
2171.24
2146.78
2121.43
2095.18
2067.93
2039.61
2010.3
1980.29
1949.11
1917.06
1884.13
1850.24
1815.58
1780.4
1744.9
1709.5
1674.4
1639.92
1605.88
1572.23
1539.33
1507.42
1476.92
1447.79
1420.54
1394.83
1371.07
1348.49
1327.3
1308.08
1290.64
1274.17
1258.94
1244.95
1231.99
1219.36
1207.79
1197.42
1188.62
1180.52
1172.81
1165.43
1158.23
1151.39
1144.97
1139.02
1133.43
1128.21
1123.25
1118.67
1114.6
1110.85
1107.1
1103.6
1098.14
4552.63
2948.69
2829.56
2833.59
2835.27
2836.06
2833.87
2831.58
2826.07
2821.35
2816.78
2812.62
2808.87
2805.34
2801.86
2798.28
2794.49
2790.35
2785.69
2780.35
2774.21
2767.31
2759.86
2752.08
2744.12
2736.04
2727.85
2719.54
2711.13
2702.63
2694.05
2685.36
2676.51
2667.45
2658.14
2648.53
2638.61
2628.35
2617.75
2606.83
2595.56
2583.96
2572.03
2559.78
2547.25
2534.45
2521.4
2508.11
2494.58
2480.82
2466.84
2452.62
2438.14
2423.37
2408.28
2392.85
2377.05
2360.83
2344.15
2326.94
2309.16
2290.67
2271.36
2251.4
2230.83
2209.05
2186.05
2162.45
2138.24
2112.99
2086.52
2058.79
2029.92
2000.22
1969.35
1937.46
1904.76
1871.17
1836.79
1801.92
1766.72
1731.39
1695.84
1660.01
1624.08
1588.77
1554.51
1521.24
1489.78
1460.01
1432.41
1405.83
1380.73
1357.25
1336.01
1316.2
1297.47
1279.59
1262.73
1247.83
1234.86
1223.03
1212.45
1202.59
1193.58
1184.9
1176.34
1168.09
1160.3
1153.19
1146.83
1141.07
1135.61
1130.35
1125.17
1120.13
1115.47
1111.02
1106.69
1102.61
1096.54
4540.3
2951.01
2830.83
2834.77
2836.4
2837.08
2834.82
2832.45
2826.84
2821.92
2817.06
2812.61
2808.58
2804.92
2801.42
2797.89
2794.16
2790.11
2785.57
2780.4
2774.47
2767.78
2760.5
2752.84
2744.99
2737.01
2728.92
2720.72
2712.41
2704.01
2695.54
2686.97
2678.26
2669.37
2660.24
2650.83
2641.12
2631.09
2620.74
2610.07
2599.09
2587.8
2576.19
2564.29
2552.12
2539.7
2527.04
2514.16
2501.05
2487.72
2474.18
2460.41
2446.39
2432.09
2417.49
2402.54
2387.23
2371.51
2355.34
2338.66
2321.39
2303.42
2284.76
2265.42
2245.07
2223.65
2201.71
2179.22
2155.51
2130.42
2104.05
2076.47
2047.77
2018.07
1987.72
1956.07
1923.52
1890.03
1855.67
1820.69
1785.42
1749.87
1714.07
1678.18
1642.87
1608.07
1573.95
1540.47
1508.56
1478.18
1449.31
1421.38
1394.82
1369.89
1346.36
1324.16
1303.73
1286.34
1271.09
1256.94
1243.78
1231.34
1219.74
1208.56
1198.15
1188.45
1179.37
1170.93
1163.14
1155.96
1149.35
1143.27
1137.48
1131.95
1126.58
1121.18
1116.17
1111.52
1106.85
1102.6
1096.28
4526.74
2953.76
2831.91
2836.16
2837.65
2838.15
2835.81
2833.34
2827.65
2822.52
2817.4
2812.65
2808.35
2804.52
2800.96
2797.45
2793.79
2789.83
2785.42
2780.42
2774.7
2768.23
2761.14
2753.63
2745.89
2738.02
2730.04
2721.95
2713.75
2705.47
2697.11
2688.66
2680.1
2671.36
2662.41
2653.2
2643.71
2633.92
2623.82
2613.42
2602.72
2591.73
2580.45
2568.89
2557.08
2545.03
2532.77
2520.29
2507.59
2494.7
2481.59
2468.27
2454.7
2440.88
2426.75
2412.29
2397.47
2382.26
2366.59
2350.43
2333.67
2316.27
2298.19
2279.25
2259.38
2238.91
2217.81
2195.41
2171.67
2146.94
2121.25
2094.5
2066.67
2037.75
2007.91
1977.07
1944.98
1911.91
1877.83
1842.89
1807.4
1771.71
1735.97
1700.28
1664.69
1629.03
1593.67
1559.23
1526.24
1494.42
1463.34
1433.51
1405.44
1379.78
1355.63
1333.94
1314.74
1297.06
1280.04
1264.33
1249.82
1236.26
1223.74
1211.56
1200.2
1189.7
1180.23
1171.62
1163.79
1156.49
1149.46
1142.8
1136.47
1130.65
1125.2
1119.92
1114.86
1110.13
1105.16
1100.87
1094.6
4511.92
2956.35
2833.33
2837.77
2839.01
2839.3
2836.83
2834.25
2828.48
2823.17
2817.81
2812.77
2808.23
2804.18
2800.5
2796.97
2793.37
2789.49
2785.22
2780.39
2774.89
2768.66
2761.78
2754.44
2746.83
2739.08
2731.22
2723.25
2715.17
2707
2698.76
2690.45
2682.02
2673.44
2664.67
2655.67
2646.39
2636.84
2626.99
2616.86
2606.46
2595.77
2584.81
2573.6
2562.14
2550.47
2538.59
2526.51
2514.23
2501.75
2489.08
2476.2
2463.09
2449.72
2436.07
2422.09
2407.75
2393.03
2377.87
2362.22
2346
2329.15
2311.56
2293.16
2274.06
2254.25
2233.25
2211.07
2188.22
2164.63
2139.94
2113.97
2086.7
2058.17
2028.58
1998.27
1966.4
1933.59
1899.83
1865.26
1830.08
1794.41
1758.19
1721.6
1684.7
1647.72
1611.25
1575.89
1541.68
1508.42
1476.47
1446.4
1418.48
1392.9
1369.63
1347.55
1325.99
1305.89
1287.06
1269.78
1253.8
1238.93
1225.55
1212.75
1200.91
1189.74
1179.67
1170.49
1162.09
1154.23
1146.54
1139.17
1132.26
1126.12
1120.56
1115.37
1110.35
1105.57
1100.51
1095.84
1088.95
4495.74
2958.07
2835.72
2839.69
2840.51
2840.52
2837.9
2835.2
2829.36
2823.89
2818.29
2813
2808.22
2803.93
2800.1
2796.51
2792.92
2789.12
2784.97
2780.32
2775.04
2769.05
2762.41
2755.27
2747.81
2740.18
2732.44
2724.6
2716.66
2708.62
2700.5
2692.32
2684.03
2675.61
2667.02
2658.21
2649.16
2639.84
2630.26
2620.4
2610.28
2599.9
2589.27
2578.39
2567.29
2555.98
2544.49
2532.8
2520.93
2508.87
2496.62
2484.18
2471.52
2458.62
2445.43
2431.94
2418.09
2403.86
2389.2
2374.06
2358.37
2342.04
2324.99
2307.23
2288.73
2269.21
2248.67
2227.54
2205.71
2182.63
2158.13
2132.29
2105.23
2077.01
2047.74
2017.46
1986.2
1953.57
1919.93
1885.45
1850.26
1814.45
1778.25
1741.92
1705.57
1669.28
1633.33
1597.75
1562.7
1528.25
1495.77
1465.44
1437.13
1409.88
1383.58
1358.55
1334.99
1313.62
1294.32
1276.2
1258.69
1241.9
1227.21
1213.94
1202.02
1190.5
1179.96
1170.35
1161.49
1153.13
1145.04
1137.31
1129.96
1123.39
1117.46
1112.03
1107.09
1102.46
1097.71
1093.17
1086.71
4478.16
2958.71
2839.16
2841.91
2842.15
2841.82
2839.01
2836.19
2830.31
2824.7
2818.89
2813.34
2808.3
2803.78
2799.77
2796.08
2792.48
2788.74
2784.69
2780.21
2775.14
2769.42
2763.03
2756.1
2748.82
2741.33
2733.72
2726.02
2718.21
2710.31
2702.33
2694.28
2686.15
2677.89
2669.47
2660.86
2652.03
2642.95
2633.61
2624.03
2614.2
2604.13
2593.82
2583.28
2572.53
2561.59
2550.47
2539.18
2527.71
2516.06
2504.24
2492.24
2480.02
2467.57
2454.85
2441.83
2428.46
2414.72
2400.55
2385.92
2370.75
2354.96
2338.5
2321.31
2303.25
2284.28
2264.66
2244.28
2222.61
2199.63
2175.59
2150.52
2124.34
2097.03
2068.62
2039.03
2008.51
1976.46
1943.16
1908.98
1873.96
1838.41
1802.52
1766.23
1729.51
1692.47
1655.43
1618.43
1582.09
1546.77
1513.34
1481.59
1451.55
1422.35
1394.11
1367.67
1343.63
1321.22
1300.44
1280.7
1261.97
1244.66
1229.76
1216.59
1205.03
1193.76
1182.96
1172.84
1163.41
1154.64
1146.41
1138.61
1131.14
1124.38
1118.19
1112.51
1107.39
1102.59
1097.69
1093.1
1086.15
4459.14
2959.33
2842.6
2844.35
2843.95
2843.21
2840.18
2837.24
2831.33
2825.61
2819.61
2813.8
2808.48
2803.74
2799.52
2795.72
2792.08
2788.37
2784.41
2780.07
2775.22
2769.74
2763.62
2756.94
2749.85
2742.52
2735.05
2727.49
2719.83
2712.08
2704.25
2696.34
2688.35
2680.25
2672.01
2663.6
2654.98
2646.14
2637.07
2627.76
2618.22
2608.45
2598.46
2588.26
2577.86
2567.28
2556.53
2545.62
2534.55
2523.32
2511.92
2500.34
2488.57
2476.57
2464.32
2451.76
2438.88
2425.62
2411.95
2397.82
2383.17
2367.92
2352.01
2335.34
2317.85
2299.64
2280.63
2260.45
2239.16
2217.09
2194.17
2170.08
2144.65
2117.89
2089.89
2060.63
2030.27
1998.9
1965.84
1931.93
1897.1
1861.47
1825
1788
1750.64
1712.93
1675.2
1637.29
1600
1564.13
1530.46
1498.31
1466.94
1436.44
1407.37
1380.17
1354.74
1329.96
1307.64
1288.2
1270.71
1254.32
1239.65
1226.25
1213.96
1201.86
1190.15
1179.13
1169.03
1159.83
1151.52
1143.86
1136.52
1129.64
1122.95
1116.42
1110.28
1104.76
1099.36
1094.12
1085.97
4438.75
2960.31
2845.7
2846.91
2845.91
2844.7
2841.42
2838.35
2832.43
2826.61
2820.45
2814.39
2808.78
2803.79
2799.35
2795.41
2791.73
2788.04
2784.16
2779.94
2775.27
2770.04
2764.19
2757.76
2750.89
2743.74
2736.43
2729.02
2721.51
2713.91
2706.24
2698.49
2690.66
2682.72
2674.66
2666.45
2658.05
2649.44
2640.62
2631.58
2622.32
2612.86
2603.19
2593.32
2583.27
2573.05
2562.68
2552.15
2541.48
2530.65
2519.67
2508.52
2497.18
2485.63
2473.83
2461.73
2449.32
2436.54
2423.36
2409.73
2395.6
2380.89
2365.52
2349.42
2332.58
2314.94
2296.31
2276.7
2256.4
2235.28
2212.87
2189
2163.77
2137.3
2109.69
2080.92
2050.97
2019.91
1987.38
1953.59
1918.92
1883.55
1847.6
1811.22
1774.42
1737.19
1699.61
1661.73
1624.43
1588.45
1553.66
1519.47
1486.05
1453.89
1423.29
1394.03
1366.92
1342.71
1320.38
1300.12
1282.1
1265.38
1249.69
1234.77
1220.95
1207.96
1195.8
1184.33
1173.79
1164.13
1155.47
1147.74
1140.36
1133.19
1125.95
1118.85
1112.06
1106.16
1100.51
1094.88
1086.3
4416.89
2961.25
2848.81
2849.59
2848.02
2846.29
2842.74
2839.52
2833.6
2827.7
2821.38
2815.1
2809.2
2803.92
2799.3
2795.19
2791.42
2787.75
2783.94
2779.83
2775.32
2770.3
2764.71
2758.56
2751.94
2745
2737.85
2730.6
2723.25
2715.82
2708.31
2700.72
2693.05
2685.29
2677.41
2669.39
2661.21
2652.84
2644.26
2635.49
2626.52
2617.36
2608.01
2598.47
2588.76
2578.9
2568.89
2558.75
2548.47
2538.04
2527.47
2516.74
2505.84
2494.72
2483.37
2471.74
2459.8
2447.5
2434.8
2421.68
2408.06
2393.88
2379.06
2363.54
2347.27
2330.14
2312.13
2293.38
2273.77
2252.9
2230.72
2207.44
2183.07
2157.56
2130.88
2102.98
2073.79
2043.29
2011.87
1978.38
1944.02
1909.02
1873.23
1836.71
1799.52
1761.68
1723.04
1684.31
1646.38
1609.55
1573.13
1536.54
1501.11
1467.54
1436.78
1408.19
1382.82
1358.35
1333.99
1311.34
1291.45
1273.47
1256.4
1240.02
1224.92
1211.07
1198.44
1186.64
1175.81
1165.77
1156.51
1148.24
1140.41
1132.98
1125.71
1118.82
1112.03
1106
1100.3
1094.61
1086.3
4393.52
2962.05
2852.1
2852.41
2850.22
2847.98
2844.13
2840.74
2834.81
2828.85
2822.41
2815.91
2809.73
2804.17
2799.34
2795.07
2791.2
2787.5
2783.73
2779.73
2775.36
2770.54
2765.21
2759.34
2752.99
2746.27
2739.32
2732.23
2725.05
2717.78
2710.45
2703.04
2695.55
2687.96
2680.27
2672.45
2664.48
2656.34
2648.02
2639.51
2630.83
2621.96
2612.93
2603.72
2594.35
2584.83
2575.19
2565.43
2555.53
2545.51
2535.34
2525.03
2514.55
2503.86
2492.95
2481.77
2470.29
2458.46
2446.25
2433.62
2420.52
2406.87
2392.61
2377.66
2361.94
2345.42
2328.13
2309.97
2290.69
2270.32
2249.09
2226.9
2203.47
2178.63
2152.45
2124.96
2096.2
2066.1
2034.67
2001.86
1967.51
1932.31
1896.24
1859.43
1822.02
1783.86
1745.17
1706.44
1668.24
1630.03
1592.17
1555.06
1520.2
1487.29
1456.75
1427.62
1398.96
1372.39
1347.01
1322.64
1300.27
1280.09
1261.26
1243.53
1227.22
1212.12
1198.68
1186.4
1175.28
1164.78
1154.61
1145.14
1136.44
1128.77
1121.76
1115.35
1108.89
1102.91
1097.5
1092.1
1083.88
4368.6
2962.71
2855.49
2855.27
2852.49
2849.76
2845.57
2842
2836.05
2830.03
2823.49
2816.81
2810.38
2804.54
2799.46
2795.06
2791.09
2787.33
2783.58
2779.65
2775.41
2770.77
2765.67
2760.08
2754.01
2747.55
2740.82
2733.91
2726.9
2719.81
2712.66
2705.43
2698.12
2690.72
2683.22
2675.61
2667.85
2659.95
2651.88
2643.63
2635.23
2626.66
2617.93
2609.04
2600.01
2590.85
2581.57
2572.17
2562.66
2553.02
2543.26
2533.35
2523.29
2513.03
2502.56
2491.83
2480.81
2469.45
2457.72
2445.59
2432.99
2419.87
2406.15
2391.76
2376.63
2360.75
2344.04
2326.36
2307.73
2288.32
2267.95
2246.27
2223.11
2198.58
2172.82
2145.86
2117.69
2088.18
2057.26
2025.3
1991.5
1956.78
1921.46
1885.4
1848.4
1810.54
1772.28
1733.82
1695.29
1656.05
1617.09
1579.41
1543.92
1509.86
1476.55
1444.05
1412.09
1383.07
1356.81
1331.2
1306.81
1284.88
1264.74
1246.09
1229.21
1213.6
1199.79
1187.06
1175.37
1164.37
1153.84
1143.78
1134.42
1126.18
1118.76
1112.22
1106.04
1100.05
1094.56
1089.05
1080.68
4342.16
2963.24
2858.97
2858.12
2854.8
2851.61
2847.06
2843.29
2837.31
2831.25
2824.63
2817.8
2811.15
2805.06
2799.72
2795.13
2791.08
2787.29
2783.54
2779.66
2775.5
2770.99
2766.1
2760.77
2755
2748.83
2742.33
2735.63
2728.81
2721.9
2714.93
2707.89
2700.78
2693.58
2686.28
2678.87
2671.34
2663.67
2655.84
2647.86
2639.73
2631.46
2623.04
2614.47
2605.77
2596.95
2588.03
2579
2569.86
2560.61
2551.24
2541.73
2532.08
2522.24
2512.2
2501.91
2491.33
2480.44
2469.19
2457.54
2445.46
2432.86
2419.69
2405.87
2391.34
2376.04
2359.89
2342.88
2325.06
2306.3
2286.29
2265
2242.55
2218.98
2194.25
2168.26
2140.97
2112.28
2082.08
2050.54
2017.74
1983.1
1947.55
1911.23
1874
1835.94
1797.17
1757.95
1718.2
1677.92
1638.14
1600.05
1563.58
1527.96
1492.68
1458.72
1426.33
1395.95
1368.95
1343.52
1318.75
1295.64
1273.86
1253.7
1236.14
1220.28
1206.14
1192.62
1179.9
1168.12
1157.09
1146.54
1136.66
1128
1120.19
1113.46
1107.16
1100.8
1094.93
1089.28
1080.4
4314.16
2963.69
2862.36
2860.92
2857.15
2853.52
2848.6
2844.6
2838.59
2832.5
2825.83
2818.87
2812.06
2805.74
2800.16
2795.33
2791.14
2787.32
2783.58
2779.72
2775.62
2771.22
2766.49
2761.41
2755.94
2750.07
2743.85
2737.39
2730.76
2724.05
2717.26
2710.42
2703.5
2696.5
2689.42
2682.23
2674.92
2667.48
2659.91
2652.19
2644.33
2636.35
2628.23
2619.98
2611.61
2603.13
2594.55
2585.88
2577.11
2568.23
2559.24
2550.14
2540.88
2531.46
2521.85
2511.99
2501.87
2491.44
2480.67
2469.51
2457.92
2445.85
2433.22
2419.97
2406.02
2391.3
2375.79
2359.48
2342.26
2323.95
2304.57
2284.24
2262.85
2240.15
2216.01
2190.45
2163.53
2135.2
2105.4
2074.25
2041.6
2007.3
1971.76
1935.56
1898.54
1860.67
1822.27
1783.09
1742.87
1702
1662.07
1623.97
1587
1550.19
1513.79
1478.87
1445.38
1412.33
1382.44
1356.02
1330.97
1307.96
1286.64
1267.23
1249.72
1233.36
1218.23
1203.72
1190.08
1177.27
1165.45
1154.43
1144.15
1134.95
1126.16
1118.02
1110.29
1103.12
1096.24
1089.82
1079.44
4284.61
2964.32
2865.56
2863.69
2859.56
2855.49
2850.2
2845.93
2839.9
2833.8
2827.09
2820.05
2813.1
2806.6
2800.78
2795.71
2791.32
2787.39
2783.63
2779.81
2775.76
2771.46
2766.87
2762.01
2756.82
2751.26
2745.36
2739.16
2732.76
2726.25
2719.66
2713
2706.29
2699.51
2692.64
2685.67
2678.6
2671.4
2664.08
2656.62
2649.04
2641.34
2633.52
2625.58
2617.53
2609.38
2601.15
2592.82
2584.42
2575.91
2567.3
2558.58
2549.73
2540.71
2531.51
2522.09
2512.41
2502.43
2492.12
2481.45
2470.37
2458.82
2446.73
2434.04
2420.67
2406.57
2391.7
2375.99
2359.33
2341.73
2323.26
2303.74
2282.86
2260.5
2236.8
2211.85
2185.68
2158.18
2129.26
2098.89
2067.03
2034.24
1999.36
1963.55
1926.87
1889.37
1851.09
1811.67
1771.25
1730.59
1690.83
1651.23
1611.74
1572.78
1534.81
1497.92
1463.53
1430.73
1400.08
1372.2
1345.97
1322.23
1300.18
1279.94
1260.91
1243.12
1226.91
1211.61
1197.41
1183.78
1171.32
1160.12
1149.68
1139.94
1130.14
1120.65
1111.58
1103.76
1095.6
1088.38
1077.13
4253.42
2965.03
2868.67
2866.47
2862.03
2857.54
2851.86
2847.3
2841.22
2835.12
2828.41
2821.33
2814.29
2807.64
2801.61
2796.28
2791.65
2787.57
2783.76
2779.93
2775.94
2771.71
2767.24
2762.56
2757.63
2752.4
2746.82
2740.93
2734.79
2728.49
2722.1
2715.64
2709.14
2702.57
2695.92
2689.19
2682.35
2675.41
2668.33
2661.14
2653.83
2646.41
2638.88
2631.25
2623.52
2615.7
2607.79
2599.82
2591.76
2583.62
2575.38
2567.04
2558.58
2549.97
2541.18
2532.18
2522.94
2513.42
2503.58
2493.39
2482.8
2471.77
2460.22
2448.09
2435.3
2421.81
2407.55
2392.45
2376.49
2359.66
2341.84
2322.79
2302.45
2280.95
2258.3
2234.42
2209.2
2182.52
2154.3
2124.49
2093.01
2060.28
2025.95
1989.96
1953.02
1915.42
1876.74
1836.7
1795.74
1754.88
1714.62
1673.68
1632.59
1592.46
1554.49
1518.08
1484.72
1452.59
1420.88
1391.43
1363
1336.86
1312.77
1290.78
1269.55
1249.76
1232.08
1215.8
1201.04
1186.76
1173.73
1162.15
1151.44
1141.21
1131.18
1121.46
1112.2
1104
1095.91
1088.6
1077.85
4220.5
2965.69
2871.85
2869.31
2864.57
2859.67
2853.6
2848.71
2842.57
2836.48
2829.8
2822.71
2815.62
2808.85
2802.63
2797.07
2792.19
2787.89
2783.94
2780.08
2776.12
2771.96
2767.6
2763.08
2758.39
2753.46
2748.23
2742.67
2736.82
2730.77
2724.59
2718.34
2712.04
2705.69
2699.28
2692.78
2686.19
2679.49
2672.68
2665.75
2658.71
2651.57
2644.33
2637
2629.58
2622.08
2614.5
2606.86
2599.16
2591.37
2583.5
2575.53
2567.45
2559.24
2550.85
2542.27
2533.47
2524.39
2515.01
2505.29
2495.2
2484.68
2473.67
2462.1
2449.9
2437.01
2423.36
2408.92
2393.65
2377.45
2360.19
2341.88
2322.52
2302.01
2280.14
2256.76
2231.92
2205.62
2177.85
2148.56
2117.68
2085.6
2051.95
2016.63
1980.03
1942.77
1904.51
1864.95
1824.52
1783.73
1742.28
1700.56
1659.42
1619.76
1582.18
1544.93
1508.09
1472.76
1437.86
1405.55
1374.52
1345.95
1320.29
1297.62
1275.47
1254.43
1235.2
1217.49
1202.1
1187.15
1173.16
1160.39
1149.22
1138.94
1129.75
1121.36
1113.17
1106.32
1099.57
1092.5
1081.16
4185.77
2966.2
2875.15
2872.21
2867.2
2861.92
2855.46
2850.21
2843.97
2837.89
2831.25
2824.19
2817.08
2810.22
2803.84
2798.05
2792.9
2788.36
2784.22
2780.28
2776.32
2772.22
2767.96
2763.58
2759.1
2754.46
2749.56
2744.36
2738.84
2733.06
2727.12
2721.08
2714.99
2708.86
2702.67
2696.42
2690.07
2683.63
2677.08
2670.42
2663.65
2656.79
2649.84
2642.81
2635.69
2628.5
2621.25
2613.94
2606.57
2599.14
2591.62
2584.03
2576.32
2568.5
2560.52
2552.35
2543.97
2535.34
2526.42
2517.18
2507.58
2497.56
2487.08
2476.07
2464.45
2452.15
2439.14
2425.35
2410.71
2395.15
2378.65
2361.2
2342.61
2322.64
2301.23
2278.47
2254.49
2229.22
2202.54
2174.32
2144.45
2113.12
2080.1
2045.9
2009.86
1972.59
1934.24
1894.68
1854.4
1813.48
1771.54
1728.92
1687.08
1646.15
1606.25
1566.95
1527.4
1490.3
1454.75
1421.9
1390.82
1360.78
1332.48
1306.62
1282.24
1259.57
1239.37
1220.38
1203.81
1188
1173.47
1159.92
1148.11
1137.95
1129.22
1121.97
1114.56
1107.46
1100.9
1094.22
1082.97
)
;

boundaryField
{
    inlet
    {
        type            fixedValue;
        value           uniform 2790;
    }
    obstacle
    {
        type            zeroGradient;
    }
    bottom
    {
        type            symmetry;
    }
    outlet
    {
        type            zeroGradient;
    }
    top
    {
        type            symmetry;
    }
    defaultFaces
    {
        type            empty;
    }
    procBoundary4to5
    {
        type            processor;
        value           nonuniform List<scalar> 
121
(
4483.15
2845.16
2851.54
2872.42
2873.24
2871.09
2865.34
2861.1
2855.67
2850.68
2845.11
2839.16
2832.61
2825.5
2817.94
2810.09
2802.13
2794.15
2786.19
2778.21
2770.17
2762.02
2753.7
2745.16
2736.36
2727.28
2717.9
2708.19
2698.15
2687.77
2677.04
2665.94
2654.47
2642.58
2630.26
2617.46
2604.15
2590.3
2575.9
2560.95
2545.43
2529.31
2512.53
2495.06
2476.9
2458.1
2438.68
2418.69
2398.16
2377.16
2355.77
2334.12
2312.36
2290.72
2269.42
2248.71
2229.03
2211.52
2198.22
2189.39
2174.08
2083.6
1867.67
1688.56
1619.79
1584.7
1557.34
1532.61
1509.97
1489.57
1471.2
1454.26
1438.82
1424.27
1410.94
1398.28
1386.54
1375.48
1365.17
1355.47
1346.33
1337.61
1329.38
1321.58
1314.22
1307.23
1300.53
1294.06
1287.86
1281.98
1276.45
1271.17
1266.1
1261.24
1256.57
1252.1
1247.81
1243.73
1239.84
1236.14
1232.62
1229.24
1225.97
1222.82
1219.79
1216.89
1214.1
1211.44
1208.87
1206.46
1204.12
1201.92
1199.76
1197.72
1195.78
1193.95
1192.17
1190.46
1188.72
1187.05
1184.6
)
;
    }
    procBoundary4to6
    {
        type            processor;
        value           nonuniform List<scalar> 
121
(
4149.17
2966.52
2878.53
2875.16
2869.93
2864.31
2857.5
2851.86
2845.48
2839.36
2832.76
2825.76
2818.66
2811.75
2805.23
2799.22
2793.81
2788.99
2784.62
2780.53
2776.53
2772.47
2768.31
2764.07
2759.77
2755.38
2750.81
2745.98
2740.81
2735.36
2729.68
2723.87
2718
2712.08
2706.13
2700.11
2694.02
2687.83
2681.55
2675.15
2668.66
2662.08
2655.42
2648.68
2641.87
2634.98
2628.05
2621.06
2614.03
2606.93
2599.77
2592.53
2585.2
2577.76
2570.17
2562.41
2554.45
2546.26
2537.79
2529.02
2519.9
2510.39
2500.44
2489.98
2478.94
2467.25
2454.86
2441.7
2427.72
2412.88
2397.13
2380.35
2362.34
2343.08
2322.64
2301
2278.05
2253.6
2227.53
2199.78
2170.3
2139.28
2106.45
2072.5
2037.01
1999.69
1961.13
1921.55
1881.24
1839.83
1797.02
1753.82
1712.31
1671.25
1629.8
1589.44
1549.84
1511.84
1474.57
1438.63
1406.88
1376.21
1346.37
1318.2
1293
1270.08
1249.41
1228.89
1210.31
1193.55
1178.92
1165
1152.56
1142.05
1132.48
1123.98
1115.36
1106.54
1099.09
1092.23
1080.45
)
;
    }
}


// ************************************************************************* //
