/*--------------------------------*- C++ -*----------------------------------*\
| =========                 |                                                 |
| \\      /  F ield         | OpenFOAM: The Open Source CFD Toolbox           |
|  \\    /   O peration     | Version:  2412                                  |
|   \\  /    A nd           | Website:  www.openfoam.com                      |
|    \\/     M anipulation  |                                                 |
\*---------------------------------------------------------------------------*/
FoamFile
{
    version     2.0;
    format      ascii;
    arch        "LSB;label=32;scalar=64";
    class       volScalarField;
    location    "0.061";
    object      T;
}
// * * * * * * * * * * * * * * * * * * * * * * * * * * * * * * * * * * * * * //

dimensions      [0 0 0 1 0 0 0];

internalField   nonuniform List<scalar> 
9816
(
227.23
227.242
227.25
227.256
227.259
227.259
227.256
227.252
227.245
227.238
227.228
227.218
227.205
227.191
227.175
227.154
227.132
227.104
227.074
227.037
226.995
226.949
226.902
226.858
226.823
226.799
226.79
226.802
226.852
226.978
227.19
227.487
227.854
228.287
228.766
229.315
229.946
230.674
231.462
232.311
233.097
233.776
225.699
225.683
225.667
225.651
225.633
225.616
225.599
225.582
225.566
225.551
225.535
225.519
225.5
225.476
225.449
225.413
225.37
225.321
225.271
225.226
225.194
225.18
225.189
225.236
225.355
225.567
225.874
226.261
226.715
227.222
227.787
228.419
229.12
229.869
230.633
231.366
231.99
232.423
232.751
232.977
233.052
233.042
225.029
225.018
225.008
224.997
224.987
224.978
224.969
224.961
224.952
224.943
224.931
224.915
224.896
224.872
224.846
224.82
224.797
224.783
224.778
224.788
224.825
224.911
225.066
225.295
225.605
226.007
226.514
227.13
227.844
228.638
229.47
230.287
231.028
231.665
232.158
232.448
232.612
232.747
232.827
232.851
232.823
232.796
224.595
224.586
224.578
224.57
224.564
224.557
224.551
224.545
224.536
224.525
224.511
224.493
224.473
224.454
224.44
224.434
224.434
224.444
224.477
224.556
224.698
224.921
225.237
225.665
226.214
226.886
227.664
228.518
229.398
230.249
231.007
231.601
232.029
232.347
232.509
232.544
232.574
232.608
232.638
232.653
232.641
232.597
224.301
224.295
224.29
224.285
224.282
224.278
224.273
224.266
224.256
224.241
224.226
224.209
224.194
224.185
224.183
224.189
224.208
224.25
224.346
224.511
224.764
225.137
225.643
226.29
227.07
227.947
228.872
229.778
230.589
231.25
231.765
232.097
232.235
232.323
232.408
232.467
232.486
232.478
232.448
232.41
232.368
232.315
224.084
224.081
224.079
224.077
224.075
224.072
224.065
224.055
224.043
224.029
224.014
224.003
223.996
223.994
223.998
224.016
224.064
224.162
224.33
224.599
224.987
225.523
226.207
227.028
227.942
228.888
229.789
230.587
231.218
231.636
231.916
232.115
232.197
232.205
232.214
232.228
232.241
232.248
232.239
232.206
232.149
232.074
223.932
223.931
223.93
223.928
223.926
223.92
223.912
223.901
223.888
223.876
223.865
223.859
223.856
223.862
223.882
223.933
224.032
224.205
224.47
224.867
225.406
226.102
226.927
227.845
228.781
229.664
230.429
231.038
231.435
231.662
231.833
231.936
231.962
231.953
231.944
231.948
231.949
231.947
231.932
231.894
231.834
231.758
223.807
223.806
223.805
223.802
223.797
223.79
223.781
223.77
223.76
223.752
223.749
223.75
223.758
223.782
223.846
223.956
224.141
224.429
224.843
225.404
226.113
226.941
227.843
228.747
229.584
230.289
230.81
231.169
231.416
231.533
231.553
231.576
231.602
231.625
231.638
231.635
231.613
231.573
231.52
231.458
231.394
231.335
223.703
223.702
223.701
223.698
223.693
223.687
223.68
223.676
223.674
223.674
223.678
223.698
223.741
223.82
223.961
224.183
224.519
224.991
225.603
226.348
227.186
228.062
228.905
229.644
230.239
230.686
230.958
231.08
231.172
231.242
231.267
231.27
231.257
231.244
231.234
231.216
231.19
231.152
231.103
231.047
230.987
230.926
223.615
223.615
223.614
223.612
223.609
223.606
223.605
223.606
223.61
223.623
223.655
223.718
223.833
224.018
224.309
224.725
225.281
225.97
226.764
227.609
228.439
229.185
229.803
230.247
230.533
230.733
230.848
230.875
230.875
230.888
230.901
230.907
230.903
230.884
230.845
230.79
230.727
230.662
230.602
230.55
230.508
230.473
223.543
223.543
223.542
223.542
223.542
223.545
223.549
223.558
223.578
223.627
223.71
223.856
224.101
224.463
224.967
225.616
226.381
227.213
228.046
228.805
229.429
229.914
230.24
230.389
230.467
230.545
230.596
230.613
230.606
230.584
230.559
230.528
230.491
230.446
230.395
230.34
230.284
230.229
230.177
230.129
230.086
230.048
223.483
223.484
223.485
223.487
223.49
223.497
223.511
223.538
223.59
223.691
223.866
224.146
224.566
225.136
225.847
226.664
227.515
228.322
229.003
229.538
229.911
230.096
230.175
230.255
230.321
230.344
230.344
230.325
230.294
230.26
230.219
230.17
230.117
230.061
230.004
229.947
229.892
229.841
229.795
229.753
229.716
229.684
223.435
223.437
223.44
223.445
223.452
223.466
223.494
223.551
223.654
223.836
224.133
224.571
225.168
225.908
226.742
227.594
228.37
229.012
229.496
229.779
229.9
229.997
230.076
230.106
230.109
230.096
230.073
230.05
230.018
229.977
229.926
229.867
229.802
229.736
229.673
229.614
229.563
229.519
229.482
229.452
229.426
229.404
223.398
223.401
223.407
223.414
223.428
223.454
223.507
223.605
223.781
224.069
224.499
225.088
225.822
226.65
227.492
228.257
228.892
229.34
229.588
229.742
229.85
229.889
229.891
229.882
229.88
229.874
229.862
229.838
229.796
229.736
229.664
229.587
229.513
229.447
229.391
229.347
229.312
229.284
229.262
229.242
229.222
229.202
223.367
223.372
223.38
223.393
223.417
223.464
223.554
223.717
223.985
224.393
224.957
225.665
226.472
227.302
228.069
228.698
229.131
229.42
229.603
229.67
229.677
229.695
229.712
229.723
229.726
229.713
229.679
229.623
229.553
229.476
229.402
229.337
229.282
229.238
229.202
229.171
229.142
229.113
229.084
229.053
229.021
228.988
223.343
223.35
223.362
223.384
223.426
223.506
223.652
223.897
224.278
224.809
225.49
226.272
227.09
227.852
228.481
228.944
229.261
229.417
229.466
229.515
229.559
229.578
229.583
229.572
229.545
229.509
229.46
229.402
229.339
229.276
229.216
229.161
229.111
229.064
229.021
228.981
228.943
228.908
228.876
228.845
228.817
228.789
223.325
223.336
223.355
223.391
223.457
223.585
223.803
224.148
224.641
225.287
226.044
226.852
227.619
228.264
228.751
229.089
229.247
229.296
229.354
229.408
229.435
229.442
229.429
229.4
229.364
229.32
229.266
229.209
229.15
229.093
229.037
228.983
228.932
228.883
228.837
228.796
228.758
228.723
228.693
228.666
228.641
228.618
223.309
223.324
223.351
223.407
223.508
223.689
223.987
224.428
225.018
225.741
226.528
227.302
227.983
228.515
228.857
229.068
229.206
229.257
229.26
229.264
229.273
229.277
229.274
229.258
229.223
229.167
229.098
229.022
228.949
228.884
228.828
228.781
228.742
228.709
228.678
228.649
228.62
228.591
228.561
228.531
228.501
228.47
223.293
223.313
223.35
223.426
223.564
223.797
224.163
224.681
225.336
226.092
226.869
227.591
228.174
228.604
228.894
229.024
229.069
229.118
229.155
229.17
229.169
229.154
229.125
229.084
229.032
228.971
228.906
228.843
228.784
228.73
228.679
228.633
228.59
228.55
228.512
228.478
228.446
228.416
228.388
228.362
228.337
228.313
223.275
223.301
223.351
223.444
223.615
223.892
224.309
224.875
225.564
226.325
227.073
227.742
228.257
228.593
228.823
228.955
228.983
228.987
229.001
229.012
229.018
229.012
228.988
228.941
228.876
228.801
228.725
228.656
228.596
228.547
228.506
228.47
228.438
228.407
228.376
228.344
228.312
228.28
228.249
228.218
228.188
228.159
223.263
223.293
223.355
223.464
223.663
223.973
224.431
225.025
225.735
226.486
227.205
227.822
228.268
228.537
228.728
228.832
228.849
228.84
228.848
228.858
228.861
228.856
228.83
228.78
228.711
228.632
228.553
228.482
228.423
228.376
228.339
228.309
228.283
228.257
228.23
228.201
228.17
228.139
228.106
228.074
228.043
228.012
223.249
223.287
223.359
223.489
223.714
224.059
224.552
225.172
225.89
226.625
227.309
227.859
228.232
228.483
228.637
228.681
228.683
228.7
228.715
228.726
228.725
228.705
228.661
228.597
228.522
228.446
228.376
228.317
228.27
228.231
228.198
228.167
228.137
228.105
228.072
228.038
228.004
227.972
227.94
227.911
227.883
227.856
223.24
223.287
223.374
223.528
223.786
224.171
224.7
225.346
226.067
226.775
227.41
227.895
228.2
228.406
228.532
228.563
228.555
228.561
228.571
228.575
228.569
228.545
228.496
228.427
228.349
228.271
228.202
228.144
228.098
228.061
228.031
228.003
227.977
227.949
227.919
227.888
227.857
227.825
227.794
227.765
227.736
227.709
223.237
223.296
223.401
223.589
223.887
224.321
224.89
225.561
226.275
226.944
227.504
227.929
228.197
228.308
228.379
228.439
228.458
228.457
228.445
228.423
228.394
228.351
228.296
228.234
228.169
228.105
228.045
227.99
227.94
227.895
227.856
227.821
227.79
227.761
227.734
227.709
227.686
227.663
227.64
227.618
227.597
227.574
223.241
223.314
223.442
223.669
224.01
224.498
225.104
225.795
226.485
227.105
227.603
227.932
228.121
228.245
228.302
228.308
228.3
228.301
228.292
228.274
228.241
228.189
228.122
228.048
227.973
227.905
227.846
227.797
227.755
227.721
227.691
227.663
227.637
227.611
227.585
227.559
227.532
227.505
227.479
227.453
227.428
227.403
223.247
223.335
223.489
223.75
224.136
224.666
225.3
225.991
226.655
227.222
227.627
227.901
228.073
228.13
228.139
228.156
228.164
228.17
228.159
228.127
228.068
227.994
227.913
227.836
227.769
227.715
227.67
227.634
227.601
227.57
227.538
227.506
227.473
227.44
227.408
227.377
227.347
227.32
227.296
227.273
227.252
227.232
223.254
223.354
223.531
223.818
224.237
224.79
225.436
226.117
226.743
227.248
227.616
227.851
227.935
227.973
228.014
228.034
228.039
228.027
227.994
227.939
227.873
227.798
227.726
227.661
227.605
227.557
227.514
227.473
227.434
227.395
227.358
227.323
227.29
227.259
227.231
227.205
227.182
227.162
227.143
227.125
227.108
227.092
223.261
223.369
223.56
223.862
224.299
224.859
225.504
226.163
226.752
227.23
227.562
227.72
227.796
227.861
227.89
227.895
227.879
227.851
227.819
227.766
227.704
227.636
227.568
227.503
227.443
227.388
227.338
227.294
227.254
227.219
227.187
227.158
227.131
227.107
227.084
227.063
227.043
227.022
227.002
226.982
226.961
226.94
223.264
223.376
223.572
223.879
224.318
224.878
225.514
226.153
226.722
227.17
227.445
227.591
227.69
227.736
227.737
227.722
227.714
227.694
227.665
227.617
227.554
227.481
227.405
227.332
227.267
227.211
227.165
227.127
227.095
227.067
227.041
227.016
226.992
226.968
226.943
226.918
226.892
226.867
226.843
226.82
226.797
226.774
223.263
223.375
223.571
223.877
224.312
224.866
225.488
226.108
226.653
227.062
227.312
227.477
227.565
227.577
227.57
227.572
227.569
227.555
227.524
227.47
227.398
227.315
227.235
227.162
227.102
227.054
227.016
226.984
226.956
226.93
226.903
226.876
226.847
226.818
226.789
226.76
226.733
226.708
226.684
226.662
226.642
226.622
223.26
223.368
223.558
223.856
224.277
224.813
225.411
226.011
226.536
226.929
227.172
227.337
227.419
227.426
227.419
227.423
227.421
227.407
227.375
227.319
227.244
227.16
227.079
227.008
226.95
226.904
226.868
226.838
226.812
226.786
226.76
226.732
226.702
226.672
226.643
226.615
226.588
226.563
226.54
226.519
226.5
226.482
223.251
223.351
223.525
223.805
224.2
224.713
225.287
225.868
226.382
226.776
227.016
227.177
227.265
227.28
227.271
227.27
227.266
227.251
227.22
227.166
227.094
227.013
226.934
226.862
226.803
226.755
226.718
226.687
226.661
226.637
226.613
226.587
226.56
226.533
226.505
226.478
226.452
226.428
226.405
226.384
226.365
226.346
223.248
223.341
223.5
223.762
224.132
224.619
225.168
225.732
226.23
226.629
226.875
227.01
227.1
227.141
227.143
227.128
227.116
227.094
227.06
227.007
226.942
226.87
226.798
226.73
226.669
226.617
226.575
226.539
226.509
226.483
226.459
226.437
226.415
226.393
226.371
226.348
226.326
226.304
226.283
226.262
226.242
226.223
223.251
223.343
223.501
223.757
224.116
224.584
225.108
225.644
226.12
226.5
226.731
226.865
226.953
226.989
226.987
226.972
226.96
226.939
226.905
226.852
226.788
226.716
226.644
226.576
226.516
226.465
226.424
226.39
226.362
226.337
226.315
226.294
226.273
226.252
226.23
226.207
226.185
226.164
226.142
226.122
226.102
226.083
223.253
223.347
223.508
223.767
224.128
224.591
225.102
225.613
226.054
226.405
226.617
226.723
226.797
226.838
226.845
226.827
226.807
226.778
226.736
226.682
226.618
226.551
226.485
226.423
226.366
226.317
226.275
226.239
226.208
226.182
226.159
226.138
226.119
226.1
226.081
226.062
226.044
226.025
226.006
225.988
225.969
225.951
223.26
223.359
223.532
223.8
224.168
224.629
225.125
225.614
226.014
226.316
226.511
226.615
226.647
226.667
226.675
226.679
226.663
226.629
226.574
226.506
226.433
226.364
226.301
226.248
226.203
226.164
226.129
226.097
226.067
226.038
226.01
225.984
225.96
225.937
225.917
225.898
225.88
225.864
225.849
225.835
225.821
225.808
223.271
223.381
223.572
223.856
224.239
224.696
225.177
225.628
225.991
226.233
226.395
226.484
226.505
226.505
226.504
226.502
226.487
226.456
226.402
226.333
226.258
226.185
226.121
226.069
226.026
225.992
225.963
225.937
225.912
225.887
225.862
225.837
225.813
225.789
225.766
225.745
225.725
225.707
225.691
225.676
225.663
225.65
223.286
223.411
223.624
223.926
224.324
224.775
225.233
225.639
225.954
226.144
226.26
226.33
226.352
226.348
226.335
226.324
226.301
226.264
226.211
226.148
226.08
226.013
225.953
225.9
225.856
225.82
225.79
225.765
225.742
225.721
225.7
225.68
225.659
225.639
225.618
225.598
225.579
225.56
225.543
225.527
225.511
225.496
223.302
223.445
223.675
223.994
224.398
224.837
225.261
225.619
225.887
226.036
226.11
226.16
226.185
226.185
226.17
226.149
226.116
226.071
226.017
225.957
225.897
225.839
225.786
225.738
225.696
225.658
225.626
225.597
225.572
225.55
225.53
225.511
225.494
225.477
225.46
225.444
225.427
225.411
225.396
225.38
225.365
225.35
223.318
223.475
223.718
224.048
224.446
224.865
225.252
225.564
225.79
225.901
225.95
225.987
226.008
226.01
225.995
225.97
225.931
225.882
225.826
225.768
225.713
225.661
225.614
225.57
225.529
225.492
225.459
225.43
225.403
225.38
225.359
225.341
225.324
225.308
225.294
225.279
225.265
225.251
225.237
225.223
225.209
225.195
223.332
223.503
223.753
224.084
224.47
224.86
225.211
225.479
225.652
225.742
225.798
225.817
225.816
225.809
225.799
225.778
225.746
225.697
225.641
225.581
225.523
225.468
225.42
225.378
225.341
225.309
225.281
225.256
225.232
225.211
225.191
225.172
225.153
225.135
225.118
225.101
225.085
225.07
225.055
225.041
225.027
225.014
223.347
223.529
223.783
224.11
224.476
224.831
225.139
225.36
225.501
225.577
225.611
225.62
225.621
225.616
225.603
225.576
225.537
225.484
225.426
225.366
225.311
225.261
225.217
225.179
225.145
225.115
225.088
225.062
225.039
225.016
224.995
224.975
224.956
224.938
224.921
224.904
224.889
224.875
224.862
224.849
224.837
224.825
223.367
223.558
223.812
224.131
224.465
224.786
225.039
225.226
225.329
225.385
225.403
225.409
225.408
225.402
225.383
225.349
225.3
225.244
225.185
225.129
225.077
225.032
224.992
224.956
224.924
224.895
224.868
224.842
224.819
224.796
224.776
224.756
224.738
224.721
224.705
224.69
224.676
224.663
224.651
224.639
224.628
224.617
223.397
223.595
223.848
224.15
224.448
224.72
224.923
225.061
225.135
225.167
225.178
225.18
225.175
225.161
225.131
225.088
225.034
224.976
224.919
224.866
224.818
224.777
224.74
224.707
224.677
224.649
224.624
224.6
224.578
224.557
224.537
224.519
224.502
224.487
224.472
224.458
224.445
224.433
224.421
224.41
224.4
224.389
223.441
223.643
223.895
224.165
224.424
224.633
224.784
224.87
224.914
224.928
224.932
224.928
224.917
224.89
224.849
224.796
224.738
224.68
224.627
224.579
224.537
224.5
224.467
224.438
224.411
224.386
224.362
224.341
224.32
224.301
224.284
224.267
224.252
224.238
224.224
224.212
224.2
224.189
224.178
224.168
224.159
224.149
223.498
223.704
223.941
224.173
224.372
224.52
224.609
224.656
224.672
224.676
224.672
224.661
224.634
224.592
224.538
224.48
224.422
224.369
224.322
224.282
224.246
224.215
224.187
224.161
224.137
224.115
224.095
224.076
224.058
224.042
224.026
224.012
223.999
223.986
223.974
223.963
223.953
223.943
223.934
223.926
223.917
223.909
223.565
223.768
223.972
224.152
224.287
224.37
224.412
224.426
224.43
224.423
224.411
224.38
224.334
224.277
224.217
224.159
224.107
224.062
224.024
223.991
223.962
223.936
223.913
223.891
223.871
223.853
223.835
223.819
223.805
223.791
223.778
223.766
223.755
223.745
223.735
223.726
223.717
223.709
223.702
223.694
223.687
223.681
223.625
223.805
223.967
224.088
224.164
224.197
224.21
224.212
224.205
224.186
224.152
224.101
224.042
223.979
223.921
223.869
223.825
223.789
223.758
223.731
223.707
223.686
223.667
223.649
223.633
223.617
223.603
223.59
223.578
223.567
223.557
223.548
223.539
223.53
223.523
223.515
223.509
223.502
223.496
223.491
223.485
223.48
223.65
223.799
223.916
223.99
224.022
224.034
224.035
224.029
224.007
223.974
223.923
223.863
223.799
223.739
223.686
223.642
223.604
223.573
223.547
223.524
223.504
223.486
223.469
223.454
223.44
223.427
223.416
223.405
223.395
223.387
223.378
223.371
223.364
223.357
223.351
223.345
223.34
223.335
223.331
223.326
223.322
223.318
223.641
223.762
223.842
223.886
223.902
223.906
223.902
223.89
223.861
223.82
223.764
223.704
223.644
223.589
223.542
223.502
223.468
223.44
223.415
223.394
223.375
223.358
223.343
223.329
223.317
223.306
223.296
223.286
223.278
223.271
223.264
223.257
223.252
223.246
223.242
223.237
223.233
223.229
223.226
223.222
223.219
223.216
223.612
223.712
223.773
223.805
223.815
223.818
223.813
223.799
223.772
223.729
223.678
223.621
223.566
223.515
223.471
223.432
223.399
223.371
223.347
223.325
223.306
223.289
223.274
223.261
223.249
223.238
223.228
223.22
223.212
223.205
223.198
223.192
223.187
223.182
223.178
223.174
223.17
223.166
223.163
223.16
223.157
223.154
223.576
223.665
223.72
223.749
223.759
223.761
223.757
223.744
223.719
223.68
223.63
223.575
223.522
223.472
223.428
223.39
223.357
223.329
223.304
223.283
223.264
223.247
223.232
223.219
223.207
223.196
223.186
223.178
223.17
223.163
223.157
223.151
223.146
223.141
223.137
223.133
223.129
223.126
223.123
223.12
223.118
223.115
223.543
223.629
223.682
223.71
223.72
223.722
223.718
223.707
223.683
223.646
223.599
223.547
223.495
223.446
223.403
223.365
223.333
223.305
223.28
223.259
223.24
223.223
223.208
223.195
223.183
223.172
223.163
223.154
223.147
223.14
223.134
223.128
223.123
223.118
223.114
223.11
223.107
223.104
223.101
223.098
223.096
223.093
223.517
223.602
223.654
223.682
223.691
223.693
223.69
223.68
223.658
223.622
223.576
223.526
223.475
223.428
223.385
223.348
223.316
223.288
223.264
223.243
223.224
223.208
223.193
223.18
223.168
223.158
223.148
223.14
223.132
223.126
223.119
223.114
223.109
223.104
223.1
223.097
223.093
223.09
223.087
223.084
223.082
223.08
223.499
223.581
223.631
223.659
223.667
223.669
223.667
223.656
223.634
223.6
223.555
223.506
223.457
223.411
223.369
223.333
223.302
223.275
223.251
223.23
223.212
223.196
223.181
223.168
223.157
223.146
223.137
223.129
223.121
223.115
223.109
223.103
223.098
223.094
223.09
223.086
223.083
223.08
223.077
223.074
223.072
223.069
223.487
223.564
223.611
223.636
223.643
223.644
223.641
223.631
223.608
223.574
223.53
223.482
223.435
223.39
223.35
223.315
223.285
223.259
223.236
223.216
223.198
223.182
223.168
223.155
223.144
223.134
223.125
223.116
223.109
223.103
223.097
223.091
223.086
223.082
223.078
223.074
223.071
223.068
223.065
223.063
223.06
223.058
223.476
223.547
223.589
223.609
223.614
223.615
223.611
223.599
223.576
223.541
223.498
223.453
223.407
223.365
223.327
223.294
223.266
223.241
223.219
223.2
223.183
223.167
223.154
223.141
223.13
223.12
223.112
223.104
223.097
223.09
223.084
223.079
223.074
223.07
223.066
223.063
223.059
223.056
223.054
223.051
223.049
223.046
223.464
223.526
223.561
223.576
223.58
223.579
223.574
223.56
223.535
223.5
223.458
223.415
223.372
223.333
223.298
223.267
223.241
223.217
223.197
223.179
223.162
223.148
223.135
223.123
223.113
223.104
223.095
223.088
223.081
223.075
223.07
223.065
223.06
223.056
223.052
223.049
223.046
223.043
223.04
223.038
223.035
223.033
223.446
223.499
223.525
223.536
223.537
223.536
223.529
223.513
223.486
223.451
223.41
223.369
223.33
223.295
223.263
223.236
223.212
223.19
223.171
223.154
223.139
223.126
223.114
223.103
223.093
223.085
223.077
223.07
223.064
223.058
223.053
223.048
223.044
223.04
223.037
223.034
223.031
223.028
223.025
223.023
223.021
223.019
223.421
223.463
223.481
223.488
223.488
223.485
223.476
223.457
223.429
223.395
223.357
223.319
223.284
223.253
223.225
223.2
223.179
223.159
223.142
223.127
223.113
223.101
223.09
223.08
223.071
223.063
223.056
223.049
223.044
223.038
223.034
223.029
223.026
223.022
223.019
223.016
223.013
223.011
223.008
223.006
223.004
223.002
223.388
223.42
223.432
223.436
223.435
223.43
223.419
223.399
223.371
223.338
223.303
223.269
223.238
223.21
223.186
223.164
223.145
223.128
223.113
223.099
223.087
223.076
223.066
223.057
223.049
223.042
223.036
223.03
223.025
223.02
223.016
223.012
223.008
223.005
223.002
222.999
222.997
222.994
222.992
222.99
222.988
222.986
223.35
223.375
223.384
223.386
223.384
223.378
223.366
223.346
223.319
223.289
223.257
223.227
223.2
223.175
223.153
223.134
223.117
223.102
223.089
223.077
223.066
223.056
223.047
223.039
223.032
223.026
223.02
223.015
223.01
223.005
223.001
222.998
222.994
222.991
222.988
222.986
222.983
222.981
222.979
222.977
222.976
222.974
223.303
223.325
223.333
223.334
223.333
223.328
223.316
223.298
223.273
223.246
223.218
223.192
223.168
223.147
223.128
223.111
223.097
223.084
223.072
223.061
223.052
223.043
223.035
223.028
223.022
223.016
223.01
223.005
223.001
222.997
222.993
222.989
222.986
222.983
222.981
222.978
222.976
222.974
222.972
222.97
222.968
222.966
223.261
223.283
223.291
223.293
223.292
223.288
223.279
223.263
223.242
223.217
223.193
223.169
223.148
223.128
223.111
223.096
223.082
223.07
223.058
223.048
223.038
223.03
223.022
223.014
223.008
223.002
222.996
222.991
222.986
222.982
222.978
222.974
222.971
222.968
222.965
222.962
222.96
222.958
222.956
222.954
222.952
222.95
223.219
223.242
223.251
223.254
223.253
223.249
223.242
223.23
223.212
223.192
223.17
223.15
223.131
223.113
223.098
223.084
223.071
223.06
223.049
223.04
223.031
223.023
223.016
223.009
223.003
222.997
222.992
222.988
222.983
222.979
222.976
222.972
222.969
222.967
222.964
222.962
222.959
222.957
222.955
222.954
222.952
222.95
223.177
223.202
223.214
223.218
223.218
223.217
223.212
223.202
223.189
223.172
223.154
223.135
223.118
223.102
223.087
223.074
223.061
223.05
223.04
223.03
223.022
223.014
223.006
222.999
222.993
222.988
222.983
222.978
222.974
222.97
222.966
222.963
222.96
222.957
222.954
222.952
222.95
222.948
222.946
222.944
222.943
222.941
223.135
223.163
223.18
223.186
223.187
223.186
223.183
223.177
223.167
223.153
223.137
223.12
223.104
223.088
223.074
223.06
223.048
223.036
223.026
223.016
223.007
222.999
222.991
222.985
222.978
222.973
222.968
222.963
222.959
222.955
222.952
222.949
222.946
222.943
222.94
222.938
222.936
222.934
222.932
222.931
222.929
222.927
223.091
223.124
223.144
223.154
223.156
223.157
223.154
223.15
223.142
223.132
223.118
223.103
223.087
223.072
223.057
223.043
223.03
223.018
223.007
222.997
222.988
222.979
222.972
222.965
222.959
222.954
222.949
222.944
222.94
222.936
222.933
222.93
222.927
222.925
222.922
222.92
222.918
222.916
222.915
222.913
222.911
222.91
223.036
223.073
223.1
223.115
223.122
223.124
223.123
223.121
223.116
223.109
223.098
223.085
223.071
223.056
223.042
223.028
223.014
223.002
222.991
222.98
222.971
222.963
222.955
222.949
222.942
222.937
222.932
222.928
222.924
222.92
222.917
222.914
222.911
222.909
222.906
222.904
222.902
222.901
222.899
222.897
222.896
222.895
222.967
223.007
223.04
223.065
223.079
223.086
223.089
223.089
223.087
223.083
223.076
223.067
223.055
223.042
223.029
223.016
223.003
222.99
222.979
222.968
222.959
222.951
222.943
222.936
222.93
222.924
222.919
222.914
222.91
222.906
222.902
222.899
222.896
222.893
222.89
222.888
222.886
222.884
222.882
222.88
222.879
222.877
222.891
222.924
222.959
222.989
223.014
223.031
223.041
223.046
223.048
223.047
223.045
223.041
223.034
223.026
223.016
223.006
222.995
222.984
222.974
222.965
222.956
222.948
222.941
222.934
222.927
222.921
222.916
222.911
222.906
222.901
222.897
222.894
222.89
222.887
222.884
222.881
222.879
222.877
222.875
222.873
222.871
222.869
222.816
222.838
222.863
222.89
222.916
222.938
222.957
222.972
222.982
222.989
222.994
222.995
222.995
222.994
222.991
222.987
222.982
222.976
222.969
222.963
222.956
222.949
222.943
222.937
222.931
222.925
222.92
222.915
222.91
222.906
222.901
222.897
222.894
222.89
222.887
222.884
222.882
222.879
222.877
222.875
222.873
222.871
222.775
222.781
222.792
222.807
222.825
222.842
222.859
222.874
222.887
222.898
222.909
222.917
222.925
222.931
222.936
222.939
222.941
222.941
222.941
222.94
222.938
222.935
222.932
222.929
222.925
222.92
222.916
222.912
222.908
222.904
222.9
222.896
222.893
222.889
222.886
222.883
222.88
222.877
222.875
222.873
222.87
222.868
222.758
222.757
222.759
222.762
222.77
222.781
222.794
222.808
222.822
222.835
222.847
222.857
222.866
222.874
222.88
222.885
222.889
222.892
222.895
222.896
222.896
222.896
222.896
222.895
222.894
222.893
222.892
222.89
222.888
222.885
222.883
222.881
222.878
222.876
222.873
222.871
222.868
222.866
222.863
222.861
222.859
222.856
222.757
222.753
222.749
222.747
222.747
222.747
222.749
222.752
222.755
222.761
222.769
222.778
222.786
222.795
222.802
222.81
222.816
222.822
222.826
222.83
222.834
222.836
222.838
222.839
222.84
222.84
222.84
222.839
222.838
222.837
222.836
222.834
222.833
222.831
222.829
222.827
222.825
222.823
222.821
222.819
222.817
222.815
222.763
222.758
222.753
222.75
222.747
222.745
222.744
222.743
222.743
222.744
222.744
222.746
222.745
222.747
222.748
222.751
222.755
222.76
222.764
222.769
222.775
222.78
222.785
222.79
222.794
222.798
222.802
222.806
222.809
222.812
222.815
222.817
222.819
222.821
222.822
222.824
222.824
222.825
222.826
222.826
222.826
222.826
222.786
222.782
222.779
222.775
222.772
222.769
222.767
222.765
222.763
222.761
222.759
222.758
222.757
222.756
222.755
222.755
222.755
222.755
222.754
222.754
222.754
222.753
222.753
222.753
222.754
222.754
222.755
222.755
222.756
222.757
222.758
222.759
222.76
222.761
222.763
222.764
222.765
222.767
222.768
222.769
222.77
222.771
222.815
222.812
222.808
222.804
222.8
222.796
222.792
222.788
222.785
222.782
222.779
222.776
222.774
222.772
222.771
222.77
222.768
222.768
222.767
222.767
222.766
222.767
222.767
222.767
222.768
222.768
222.769
222.77
222.771
222.772
222.773
222.774
222.775
222.777
222.778
222.779
222.78
222.782
222.783
222.784
222.785
222.787
222.842
222.839
222.835
222.832
222.829
222.826
222.823
222.82
222.817
222.814
222.812
222.81
222.807
222.806
222.804
222.802
222.801
222.799
222.798
222.797
222.796
222.796
222.795
222.794
222.794
222.794
222.794
222.794
222.794
222.794
222.794
222.794
222.794
222.795
222.794
222.795
222.795
222.795
222.795
222.796
222.796
222.796
222.866
222.864
222.861
222.859
222.857
222.855
222.853
222.851
222.849
222.847
222.846
222.844
222.843
222.841
222.839
222.838
222.836
222.834
222.833
222.831
222.83
222.829
222.827
222.827
222.827
222.826
222.825
222.824
222.822
222.822
222.822
222.821
222.82
222.82
222.819
222.818
222.818
222.818
222.817
222.817
222.817
222.817
222.889
222.887
222.885
222.883
222.881
222.88
222.878
222.877
222.876
222.874
222.873
222.872
222.871
222.869
222.868
222.867
222.865
222.864
222.863
222.861
222.86
222.859
222.858
222.857
222.856
222.855
222.854
222.853
222.852
222.851
222.851
222.85
222.849
222.848
222.848
222.847
222.846
222.846
222.845
222.845
222.844
222.844
222.907
222.905
222.904
222.902
222.901
222.899
222.898
222.897
222.895
222.894
222.893
222.892
222.891
222.89
222.889
222.888
222.887
222.886
222.885
222.884
222.883
222.882
222.881
222.881
222.88
222.879
222.878
222.877
222.877
222.876
222.875
222.875
222.874
222.873
222.873
222.872
222.872
222.871
222.871
222.87
222.87
222.87
222.924
222.922
222.92
222.919
222.917
222.916
222.914
222.913
222.912
222.911
222.91
222.909
222.908
222.907
222.906
222.905
222.904
222.903
222.903
222.902
222.901
222.9
222.9
222.899
222.898
222.898
222.897
222.897
222.896
222.895
222.895
222.894
222.894
222.894
222.893
222.893
222.892
222.892
222.892
222.891
222.891
222.891
222.937
222.936
222.934
222.932
222.931
222.929
222.928
222.927
222.925
222.924
222.923
222.922
222.921
222.92
222.919
222.918
222.918
222.917
222.916
222.915
222.915
222.914
222.913
222.913
222.912
222.912
222.911
222.911
222.91
222.91
222.909
222.909
222.908
222.908
222.908
222.907
222.907
222.907
222.906
222.906
222.906
222.906
222.95
222.948
222.946
222.945
222.943
222.942
222.94
222.939
222.938
222.937
222.936
222.935
222.934
222.933
222.932
222.931
222.93
222.93
222.929
222.928
222.928
222.927
222.926
222.926
222.925
222.925
222.924
222.924
222.923
222.923
222.922
222.922
222.922
222.921
222.921
222.921
222.92
222.92
222.92
222.92
222.919
222.919
222.961
222.959
222.957
222.956
222.954
222.953
222.952
222.95
222.949
222.948
222.947
222.946
222.945
222.944
222.943
222.942
222.942
222.941
222.94
222.939
222.939
222.938
222.938
222.937
222.936
222.936
222.935
222.935
222.935
222.934
222.934
222.933
222.933
222.933
222.932
222.932
222.932
222.932
222.931
222.931
222.931
222.931
222.972
222.97
222.968
222.967
222.965
222.964
222.963
222.961
222.96
222.959
222.958
222.957
222.956
222.955
222.954
222.953
222.953
222.952
222.951
222.951
222.95
222.949
222.949
222.948
222.948
222.947
222.947
222.946
222.946
222.945
222.945
222.945
222.944
222.944
222.944
222.943
222.943
222.943
222.943
222.942
222.942
222.942
222.981
222.98
222.978
222.977
222.975
222.974
222.973
222.972
222.97
222.969
222.968
222.967
222.966
222.966
222.965
222.964
222.963
222.962
222.962
222.961
222.96
222.96
222.959
222.959
222.958
222.958
222.957
222.957
222.956
222.956
222.956
222.955
222.955
222.955
222.954
222.954
222.954
222.953
222.953
222.953
222.953
222.952
222.991
222.989
222.988
222.986
222.985
222.984
222.982
222.981
222.98
222.979
222.978
222.977
222.976
222.975
222.974
222.974
222.973
222.972
222.972
222.971
222.97
222.97
222.969
222.969
222.968
222.968
222.967
222.967
222.966
222.966
222.966
222.965
222.965
222.965
222.964
222.964
222.964
222.964
222.963
222.963
222.963
222.963
223
222.998
222.997
222.995
222.994
222.992
222.991
222.99
222.989
222.988
222.987
222.986
222.985
222.984
222.984
222.983
222.982
222.981
222.981
222.98
222.979
222.979
222.978
222.978
222.977
222.977
222.976
222.976
222.976
222.975
222.975
222.975
222.974
222.974
222.974
222.973
222.973
222.973
222.973
222.972
222.972
222.972
223.007
223.006
223.004
223.003
223.001
223
222.999
222.998
222.997
222.996
222.995
222.994
222.993
222.992
222.992
222.991
222.99
222.989
222.989
222.988
222.988
222.987
222.987
222.986
222.986
222.985
222.985
222.984
222.984
222.983
222.983
222.983
222.982
222.982
222.982
222.982
222.981
222.981
222.981
222.981
222.98
222.98
223.014
223.013
223.011
223.01
223.009
223.008
223.007
223.006
223.005
223.004
223.003
223.002
223.001
223
222.999
222.999
222.998
222.997
222.997
222.996
222.996
222.995
222.995
222.994
222.994
222.993
222.993
222.992
222.992
222.992
222.991
222.991
222.991
222.99
222.99
222.99
222.99
222.989
222.989
222.989
222.989
222.988
223.021
223.02
223.018
223.017
223.016
223.015
223.014
223.013
223.012
223.011
223.01
223.009
223.008
223.008
223.007
223.006
223.005
223.005
223.004
223.004
223.003
223.003
223.002
223.002
223.001
223.001
223
223
223
222.999
222.999
222.999
222.999
222.998
222.998
222.998
222.997
222.997
222.997
222.997
222.997
222.996
223.029
223.028
223.026
223.025
223.024
223.023
223.022
223.021
223.02
223.019
223.019
223.018
223.017
223.016
223.016
223.015
223.014
223.014
223.013
223.013
223.012
223.012
223.011
223.011
223.011
223.01
223.01
223.009
223.009
223.009
223.009
223.008
223.008
223.008
223.007
223.007
223.007
223.007
223.007
223.006
223.006
223.006
223.037
223.036
223.035
223.034
223.033
223.032
223.031
223.03
223.029
223.028
223.028
223.027
223.026
223.026
223.025
223.025
223.024
223.023
223.023
223.023
223.022
223.022
223.021
223.021
223.021
223.02
223.02
223.02
223.019
223.019
223.019
223.018
223.018
223.018
223.018
223.018
223.017
223.017
223.017
223.017
223.017
223.016
223.047
223.046
223.045
223.044
223.043
223.043
223.042
223.041
223.04
223.04
223.039
223.039
223.038
223.037
223.037
223.036
223.036
223.036
223.035
223.035
223.034
223.034
223.034
223.033
223.033
223.033
223.032
223.032
223.032
223.032
223.031
223.031
223.031
223.031
223.031
223.03
223.03
223.03
223.03
223.03
223.03
223.029
223.057
223.056
223.055
223.054
223.054
223.053
223.052
223.052
223.051
223.051
223.05
223.05
223.049
223.049
223.048
223.048
223.047
223.047
223.047
223.046
223.046
223.046
223.045
223.045
223.045
223.044
223.044
223.044
223.044
223.044
223.043
223.043
223.043
223.043
223.043
223.043
223.042
223.042
223.042
223.042
223.042
223.042
223.066
223.066
223.065
223.064
223.064
223.063
223.063
223.062
223.062
223.061
223.061
223.06
223.06
223.059
223.059
223.059
223.058
223.058
223.058
223.057
223.057
223.057
223.057
223.056
223.056
223.056
223.056
223.055
223.055
223.055
223.055
223.055
223.054
223.054
223.054
223.054
223.054
223.054
223.054
223.053
223.053
223.053
223.073
223.072
223.072
223.071
223.071
223.07
223.07
223.069
223.069
223.068
223.068
223.067
223.067
223.066
223.066
223.066
223.065
223.065
223.065
223.064
223.064
223.064
223.064
223.063
223.063
223.063
223.063
223.063
223.062
223.062
223.062
223.062
223.062
223.062
223.061
223.061
223.061
223.061
223.061
223.061
223.061
223.061
223.078
223.078
223.077
223.076
223.076
223.075
223.075
223.074
223.074
223.073
223.073
223.072
223.072
223.072
223.071
223.071
223.071
223.07
223.07
223.07
223.069
223.069
223.069
223.069
223.068
223.068
223.068
223.068
223.068
223.067
223.067
223.067
223.067
223.067
223.067
223.066
223.066
223.066
223.066
223.066
223.066
223.066
223.082
223.082
223.081
223.08
223.08
223.079
223.079
223.078
223.078
223.077
223.077
223.076
223.076
223.075
223.075
223.075
223.074
223.074
223.074
223.073
223.073
223.073
223.072
223.072
223.072
223.072
223.071
223.071
223.071
223.071
223.071
223.07
223.07
223.07
223.07
223.07
223.07
223.07
223.069
223.069
223.069
223.069
223.087
223.086
223.085
223.084
223.084
223.083
223.083
223.082
223.081
223.081
223.08
223.08
223.079
223.079
223.078
223.078
223.078
223.077
223.077
223.076
223.076
223.076
223.076
223.075
223.075
223.075
223.074
223.074
223.074
223.074
223.074
223.073
223.073
223.073
223.073
223.073
223.072
223.072
223.072
223.072
223.072
223.072
223.072
223.09
223.089
223.088
223.087
223.087
223.086
223.085
223.085
223.084
223.083
223.083
223.082
223.082
223.081
223.081
223.08
223.08
223.08
223.079
223.079
223.078
223.078
223.078
223.077
223.077
223.077
223.077
223.076
223.076
223.076
223.076
223.075
223.075
223.075
223.075
223.075
223.075
223.074
223.074
223.074
223.074
223.074
223.074
223.093
223.092
223.091
223.09
223.089
223.089
223.088
223.087
223.087
223.086
223.086
223.085
223.084
223.084
223.083
223.083
223.083
223.082
223.082
223.081
223.081
223.081
223.08
223.08
223.08
223.079
223.079
223.079
223.079
223.078
223.078
223.078
223.078
223.077
223.077
223.077
223.077
223.077
223.077
223.076
223.076
223.076
223.076
223.097
223.096
223.095
223.094
223.094
223.093
223.092
223.092
223.091
223.09
223.09
223.089
223.089
223.088
223.088
223.087
223.087
223.086
223.086
223.086
223.085
223.085
223.085
223.084
223.084
223.084
223.083
223.083
223.083
223.083
223.083
223.082
223.082
223.082
223.082
223.082
223.081
223.081
223.081
223.081
223.081
223.081
223.081
223.101
223.1
223.1
223.099
223.098
223.098
223.097
223.096
223.096
223.095
223.095
223.094
223.094
223.093
223.093
223.092
223.092
223.092
223.091
223.091
223.091
223.09
223.09
223.09
223.089
223.089
223.089
223.089
223.088
223.088
223.088
223.088
223.088
223.087
223.087
223.087
223.087
223.087
223.087
223.087
223.086
223.086
223.086
223.107
223.106
223.106
223.105
223.104
223.104
223.103
223.103
223.102
223.102
223.101
223.101
223.1
223.1
223.099
223.099
223.099
223.098
223.098
223.098
223.097
223.097
223.097
223.096
223.096
223.096
223.096
223.095
223.095
223.095
223.095
223.095
223.094
223.094
223.094
223.094
223.094
223.094
223.094
223.093
223.093
223.093
223.093
223.093
223.112
223.111
223.11
223.11
223.109
223.109
223.108
223.108
223.107
223.107
223.106
223.106
223.106
223.105
223.105
223.104
223.104
223.104
223.104
223.103
223.103
223.103
223.102
223.102
223.102
223.102
223.102
223.101
223.101
223.101
223.101
223.101
223.1
223.1
223.1
223.1
223.1
223.1
223.1
223.1
223.099
223.099
223.099
223.099
223.116
223.116
223.115
223.115
223.114
223.114
223.113
223.113
223.113
223.112
223.112
223.112
223.111
223.111
223.111
223.11
223.11
223.11
223.109
223.109
223.109
223.109
223.108
223.108
223.108
223.108
223.108
223.108
223.107
223.107
223.107
223.107
223.107
223.107
223.107
223.106
223.106
223.106
223.106
223.106
223.106
223.106
223.106
223.106
223.121
223.12
223.12
223.119
223.119
223.119
223.118
223.118
223.117
223.117
223.117
223.117
223.116
223.116
223.116
223.115
223.115
223.115
223.115
223.115
223.114
223.114
223.114
223.114
223.114
223.113
223.113
223.113
223.113
223.113
223.113
223.113
223.112
223.112
223.112
223.112
223.112
223.112
223.112
223.112
223.112
223.112
223.112
223.111
223.127
223.126
223.126
223.126
223.125
223.125
223.125
223.124
223.124
223.124
223.124
223.123
223.123
223.123
223.123
223.123
223.122
223.122
223.122
223.122
223.122
223.121
223.121
223.121
223.121
223.121
223.121
223.121
223.12
223.12
223.12
223.12
223.12
223.12
223.12
223.12
223.12
223.12
223.12
223.119
223.119
223.119
223.119
223.119
223.133
223.132
223.132
223.132
223.132
223.132
223.131
223.131
223.131
223.131
223.131
223.13
223.13
223.13
223.13
223.13
223.13
223.129
223.129
223.129
223.129
223.129
223.129
223.129
223.129
223.129
223.128
223.128
223.128
223.128
223.128
223.128
223.128
223.128
223.128
223.128
223.128
223.128
223.127
223.127
223.127
223.127
223.127
223.127
223.14
223.14
223.14
223.14
223.14
223.14
223.14
223.14
223.14
223.14
223.14
223.139
223.139
223.139
223.139
223.139
223.139
223.139
223.139
223.139
223.139
223.139
223.139
223.138
223.138
223.138
223.138
223.138
223.138
223.138
223.138
223.138
223.138
223.138
223.138
223.138
223.138
223.138
223.138
223.138
223.138
223.137
223.137
223.137
223.147
223.147
223.147
223.147
223.147
223.147
223.147
223.147
223.147
223.147
223.147
223.147
223.147
223.147
223.147
223.147
223.147
223.147
223.147
223.147
223.147
223.147
223.147
223.147
223.147
223.147
223.147
223.147
223.147
223.147
223.147
223.147
223.147
223.147
223.147
223.147
223.147
223.147
223.147
223.147
223.147
223.147
223.146
223.146
223.153
223.154
223.154
223.154
223.154
223.155
223.155
223.155
223.155
223.155
223.155
223.155
223.155
223.155
223.155
223.155
223.155
223.155
223.155
223.156
223.156
223.156
223.156
223.156
223.156
223.156
223.156
223.156
223.156
223.156
223.156
223.156
223.156
223.156
223.156
223.156
223.156
223.156
223.156
223.156
223.156
223.156
223.156
223.156
223.158
223.159
223.159
223.159
223.16
223.16
223.16
223.16
223.16
223.161
223.161
223.161
223.161
223.161
223.161
223.161
223.161
223.162
223.162
223.162
223.162
223.162
223.162
223.162
223.162
223.162
223.162
223.162
223.162
223.162
223.162
223.162
223.162
223.162
223.162
223.162
223.162
223.162
223.162
223.162
223.162
223.162
223.162
223.162
223.163
223.163
223.164
223.164
223.164
223.165
223.165
223.165
223.166
223.166
223.166
223.166
223.166
223.167
223.167
223.167
223.167
223.167
223.167
223.167
223.167
223.168
223.168
223.168
223.168
223.168
223.168
223.168
223.168
223.168
223.168
223.168
223.168
223.168
223.168
223.168
223.168
223.168
223.169
223.169
223.169
223.169
223.169
223.169
223.166
223.167
223.167
223.168
223.168
223.168
223.169
223.169
223.169
223.17
223.17
223.17
223.17
223.171
223.171
223.171
223.171
223.171
223.171
223.172
223.172
223.172
223.172
223.172
223.172
223.172
223.172
223.172
223.173
223.173
223.173
223.173
223.173
223.173
223.173
223.173
223.173
223.173
223.173
223.173
223.173
223.173
223.173
223.173
223.17
223.171
223.172
223.172
223.173
223.173
223.173
223.174
223.174
223.174
223.175
223.175
223.175
223.176
223.176
223.176
223.176
223.177
223.177
223.177
223.177
223.177
223.177
223.177
223.178
223.178
223.178
223.178
223.178
223.178
223.178
223.178
223.178
223.179
223.179
223.179
223.179
223.179
223.179
223.179
223.179
223.179
223.179
223.179
223.174
223.175
223.175
223.176
223.176
223.177
223.177
223.178
223.178
223.179
223.179
223.179
223.18
223.18
223.18
223.18
223.181
223.181
223.181
223.181
223.182
223.182
223.182
223.182
223.182
223.182
223.183
223.183
223.183
223.183
223.183
223.183
223.183
223.183
223.183
223.183
223.184
223.184
223.184
223.184
223.184
223.184
223.184
223.184
223.177
223.178
223.179
223.18
223.18
223.181
223.181
223.182
223.182
223.183
223.183
223.184
223.184
223.184
223.185
223.185
223.185
223.185
223.186
223.186
223.186
223.186
223.187
223.187
223.187
223.187
223.187
223.187
223.188
223.188
223.188
223.188
223.188
223.188
223.188
223.188
223.189
223.189
223.189
223.189
223.189
223.189
223.189
223.189
223.189
223.184
223.179
223.173
223.169
223.162
223.156
223.146
223.137
223.127
223.119
223.111
223.105
223.099
223.093
223.086
223.08
223.076
223.073
223.072
223.069
223.066
223.06
223.053
223.042
223.029
223.016
223.006
222.996
222.988
222.98
222.972
222.962
222.952
222.942
222.93
222.919
222.905
222.89
222.869
222.843
222.816
222.797
222.788
222.772
222.826
222.813
222.854
222.866
222.869
222.867
222.876
222.893
222.909
222.926
222.939
222.949
222.949
222.965
222.972
222.985
223
223.017
223.031
223.044
223.056
223.067
223.077
223.091
223.113
223.152
223.213
223.314
223.474
223.674
223.901
224.14
224.379
224.606
224.813
225.001
225.18
225.335
225.483
225.638
225.794
225.933
226.065
226.204
226.329
226.466
226.604
226.752
226.918
227.074
227.214
227.378
227.551
227.683
227.832
227.982
228.132
228.289
228.44
228.597
228.764
228.955
229.179
229.384
229.655
230.015
230.444
230.871
231.285
231.677
231.993
232.26
232.529
232.768
223.189
223.184
223.179
223.173
223.169
223.162
223.156
223.146
223.137
223.127
223.119
223.111
223.105
223.099
223.093
223.086
223.08
223.076
223.073
223.071
223.069
223.065
223.06
223.053
223.041
223.029
223.016
223.006
222.996
222.988
222.98
222.971
222.962
222.952
222.941
222.93
222.919
222.905
222.89
222.869
222.843
222.816
222.797
222.789
222.773
222.826
222.812
222.852
222.864
222.867
222.866
222.875
222.892
222.907
222.924
222.938
222.947
222.947
222.963
222.971
222.983
222.999
223.015
223.029
223.042
223.054
223.065
223.075
223.089
223.111
223.149
223.211
223.31
223.469
223.668
223.893
224.131
224.369
224.596
224.802
224.988
225.166
225.321
225.469
225.626
225.781
225.915
226.048
226.186
226.314
226.45
226.587
226.731
226.896
227.057
227.196
227.355
227.528
227.659
227.81
227.954
228.106
228.266
228.41
228.577
228.74
228.922
229.153
229.366
229.631
229.987
230.418
230.824
231.245
231.604
231.918
232.204
232.448
232.739
223.189
223.184
223.179
223.173
223.169
223.162
223.156
223.146
223.137
223.127
223.119
223.111
223.105
223.099
223.093
223.086
223.08
223.076
223.073
223.071
223.069
223.065
223.06
223.053
223.041
223.029
223.016
223.005
222.996
222.988
222.98
222.971
222.962
222.952
222.941
222.93
222.918
222.905
222.89
222.868
222.842
222.816
222.797
222.79
222.774
222.826
222.81
222.85
222.861
222.865
222.864
222.873
222.891
222.906
222.923
222.936
222.945
222.945
222.962
222.969
222.981
222.997
223.013
223.027
223.04
223.052
223.063
223.073
223.087
223.109
223.147
223.208
223.307
223.464
223.661
223.885
224.122
224.359
224.585
224.791
224.976
225.151
225.307
225.457
225.615
225.768
225.898
226.031
226.169
226.299
226.436
226.571
226.71
226.874
227.038
227.179
227.331
227.504
227.636
227.788
227.927
228.08
228.242
228.38
228.556
228.716
228.889
229.123
229.347
229.61
229.961
230.392
230.783
231.211
231.544
231.856
232.146
232.367
232.706
223.189
223.184
223.179
223.173
223.169
223.162
223.156
223.146
223.137
223.127
223.119
223.111
223.105
223.099
223.093
223.086
223.08
223.075
223.073
223.071
223.069
223.065
223.06
223.053
223.041
223.029
223.016
223.005
222.996
222.988
222.979
222.971
222.962
222.951
222.941
222.93
222.918
222.905
222.889
222.868
222.842
222.815
222.798
222.791
222.775
222.825
222.808
222.847
222.859
222.863
222.863
222.872
222.889
222.905
222.922
222.935
222.944
222.944
222.96
222.967
222.98
222.995
223.011
223.025
223.038
223.05
223.061
223.071
223.085
223.106
223.144
223.205
223.303
223.459
223.654
223.877
224.113
224.349
224.574
224.779
224.963
225.136
225.292
225.444
225.603
225.753
225.88
226.015
226.151
226.285
226.422
226.555
226.69
226.85
227.017
227.161
227.307
227.478
227.613
227.767
227.9
228.055
228.217
228.35
228.534
228.691
228.856
229.089
229.326
229.59
229.937
230.362
230.75
231.178
231.502
231.811
232.084
232.3
232.658
223.19
223.184
223.179
223.173
223.169
223.163
223.156
223.146
223.137
223.127
223.119
223.111
223.105
223.099
223.092
223.086
223.08
223.075
223.073
223.071
223.068
223.065
223.06
223.053
223.041
223.029
223.016
223.005
222.995
222.987
222.979
222.971
222.961
222.951
222.941
222.929
222.918
222.904
222.889
222.867
222.841
222.815
222.798
222.793
222.777
222.825
222.806
222.845
222.857
222.862
222.861
222.87
222.888
222.903
222.92
222.933
222.942
222.942
222.959
222.966
222.978
222.993
223.009
223.023
223.036
223.048
223.059
223.069
223.082
223.104
223.142
223.202
223.299
223.454
223.647
223.868
224.103
224.338
224.562
224.768
224.951
225.121
225.278
225.432
225.591
225.738
225.863
225.999
226.135
226.271
226.408
226.54
226.67
226.825
226.995
227.143
227.283
227.451
227.591
227.746
227.875
228.03
228.19
228.319
228.508
228.665
228.825
229.051
229.301
229.571
229.914
230.326
230.723
231.14
231.48
231.781
232.018
232.255
232.584
223.19
223.184
223.179
223.174
223.169
223.163
223.156
223.146
223.137
223.127
223.119
223.111
223.105
223.098
223.092
223.085
223.08
223.075
223.073
223.071
223.068
223.065
223.06
223.053
223.041
223.029
223.015
223.005
222.995
222.987
222.979
222.97
222.961
222.951
222.94
222.929
222.918
222.904
222.889
222.867
222.841
222.815
222.799
222.794
222.778
222.824
222.805
222.843
222.855
222.86
222.859
222.869
222.887
222.902
222.918
222.932
222.941
222.941
222.957
222.964
222.977
222.992
223.008
223.021
223.034
223.046
223.057
223.067
223.08
223.102
223.139
223.199
223.295
223.448
223.64
223.86
224.093
224.327
224.551
224.756
224.938
225.106
225.264
225.42
225.579
225.722
225.846
225.984
226.118
226.257
226.394
226.524
226.65
226.8
226.97
227.123
227.26
227.423
227.57
227.726
227.851
228.005
228.161
228.289
228.478
228.637
228.794
229.01
229.269
229.549
229.889
230.286
230.701
231.098
231.471
231.755
231.954
232.221
232.486
223.19
223.184
223.179
223.174
223.169
223.163
223.156
223.146
223.137
223.127
223.119
223.111
223.105
223.098
223.092
223.085
223.08
223.075
223.073
223.071
223.068
223.065
223.06
223.052
223.041
223.028
223.015
223.005
222.995
222.987
222.979
222.97
222.961
222.951
222.94
222.929
222.917
222.904
222.888
222.866
222.84
222.814
222.799
222.795
222.779
222.824
222.803
222.84
222.853
222.858
222.858
222.867
222.885
222.9
222.917
222.93
222.939
222.939
222.955
222.963
222.975
222.99
223.006
223.019
223.032
223.044
223.055
223.065
223.078
223.1
223.136
223.196
223.29
223.442
223.633
223.851
224.082
224.315
224.538
224.743
224.925
225.09
225.25
225.408
225.565
225.705
225.83
225.969
226.103
226.244
226.38
226.509
226.631
226.775
226.944
227.102
227.236
227.394
227.549
227.704
227.829
227.979
228.129
228.258
228.443
228.606
228.765
228.967
229.23
229.52
229.859
230.244
230.679
231.054
231.453
231.72
231.899
232.17
232.395
223.19
223.184
223.179
223.174
223.169
223.163
223.156
223.146
223.137
223.127
223.119
223.111
223.105
223.098
223.092
223.085
223.079
223.075
223.072
223.071
223.068
223.065
223.06
223.052
223.041
223.028
223.015
223.004
222.995
222.987
222.978
222.97
222.961
222.95
222.94
222.929
222.917
222.903
222.888
222.866
222.839
222.814
222.8
222.797
222.78
222.823
222.801
222.838
222.85
222.856
222.856
222.866
222.884
222.899
222.915
222.928
222.937
222.937
222.954
222.961
222.973
222.988
223.004
223.017
223.03
223.042
223.052
223.063
223.076
223.097
223.134
223.193
223.286
223.436
223.625
223.841
224.072
224.303
224.525
224.731
224.912
225.075
225.236
225.396
225.551
225.687
225.815
225.955
226.087
226.229
226.364
226.492
226.613
226.751
226.916
227.079
227.213
227.365
227.527
227.681
227.807
227.953
228.095
228.228
228.403
228.571
228.738
228.924
229.185
229.482
229.823
230.201
230.65
231.012
231.414
231.673
231.863
232.099
232.337
223.19
223.185
223.18
223.174
223.169
223.163
223.156
223.146
223.137
223.127
223.119
223.111
223.105
223.098
223.092
223.085
223.079
223.075
223.072
223.07
223.068
223.065
223.059
223.052
223.04
223.028
223.015
223.004
222.994
222.986
222.978
222.97
222.96
222.95
222.94
222.928
222.917
222.903
222.887
222.865
222.839
222.814
222.801
222.798
222.781
222.822
222.8
222.836
222.848
222.854
222.854
222.864
222.882
222.897
222.914
222.927
222.935
222.936
222.952
222.959
222.971
222.986
223.002
223.015
223.028
223.04
223.05
223.061
223.074
223.095
223.131
223.19
223.282
223.43
223.617
223.832
224.06
224.291
224.512
224.717
224.9
225.061
225.223
225.383
225.534
225.668
225.799
225.941
226.072
226.213
226.346
226.474
226.595
226.727
226.886
227.053
227.19
227.335
227.504
227.654
227.784
227.925
228.059
228.198
228.359
228.531
228.71
228.884
229.136
229.436
229.78
230.16
230.611
230.977
231.358
231.623
231.845
232.029
232.299
223.19
223.185
223.18
223.174
223.169
223.163
223.156
223.146
223.137
223.127
223.118
223.111
223.105
223.098
223.092
223.085
223.079
223.074
223.072
223.07
223.068
223.064
223.059
223.052
223.04
223.028
223.015
223.004
222.994
222.986
222.978
222.969
222.96
222.95
222.939
222.928
222.916
222.903
222.887
222.864
222.838
222.814
222.801
222.799
222.782
222.821
222.798
222.834
222.846
222.852
222.853
222.863
222.881
222.896
222.912
222.925
222.934
222.934
222.95
222.958
222.97
222.984
223
223.013
223.026
223.037
223.048
223.058
223.072
223.093
223.128
223.187
223.277
223.424
223.609
223.822
224.049
224.278
224.498
224.704
224.887
225.046
225.209
225.369
225.516
225.649
225.785
225.927
226.056
226.195
226.326
226.454
226.578
226.704
226.857
227.025
227.167
227.306
227.478
227.624
227.761
227.895
228.021
228.167
228.312
228.488
228.679
228.847
229.086
229.384
229.733
230.124
230.563
230.952
231.301
231.577
231.822
231.977
232.229
223.19
223.185
223.18
223.174
223.169
223.163
223.156
223.146
223.137
223.127
223.118
223.11
223.104
223.098
223.091
223.085
223.079
223.074
223.072
223.07
223.067
223.064
223.059
223.052
223.04
223.028
223.014
223.004
222.994
222.986
222.977
222.969
222.96
222.949
222.939
222.928
222.916
222.902
222.886
222.864
222.837
222.814
222.802
222.8
222.784
222.82
222.797
222.831
222.844
222.85
222.851
222.861
222.879
222.894
222.91
222.923
222.932
222.932
222.949
222.956
222.968
222.983
222.998
223.011
223.024
223.035
223.046
223.056
223.07
223.091
223.126
223.184
223.273
223.417
223.6
223.811
224.037
224.264
224.483
224.689
224.873
225.033
225.196
225.353
225.496
225.629
225.77
225.911
226.039
226.174
226.302
226.432
226.56
226.683
226.827
226.995
227.143
227.277
227.448
227.589
227.733
227.862
227.983
228.136
228.264
228.442
228.645
228.815
229.038
229.331
229.684
230.092
230.509
230.929
231.257
231.541
231.768
231.944
232.133
223.19
223.185
223.18
223.174
223.169
223.163
223.156
223.146
223.137
223.126
223.118
223.11
223.104
223.098
223.091
223.084
223.079
223.074
223.072
223.07
223.067
223.064
223.059
223.052
223.04
223.027
223.014
223.003
222.994
222.985
222.977
222.969
222.959
222.949
222.939
222.927
222.916
222.902
222.886
222.863
222.837
222.814
222.803
222.802
222.785
222.819
222.795
222.829
222.842
222.848
222.849
222.86
222.878
222.893
222.909
222.921
222.93
222.93
222.947
222.954
222.966
222.981
222.996
223.009
223.022
223.033
223.044
223.054
223.068
223.088
223.123
223.181
223.268
223.41
223.591
223.8
224.024
224.25
224.468
224.673
224.859
225.02
225.181
225.336
225.475
225.609
225.755
225.893
226.021
226.149
226.275
226.406
226.54
226.662
226.798
226.962
227.117
227.248
227.414
227.55
227.701
227.827
227.945
228.102
228.218
228.395
228.604
228.788
228.996
229.28
229.637
230.061
230.457
230.892
231.229
231.509
231.691
231.893
232.051
223.19
223.185
223.18
223.174
223.169
223.163
223.156
223.146
223.137
223.126
223.118
223.11
223.104
223.097
223.091
223.084
223.078
223.074
223.071
223.07
223.067
223.064
223.059
223.051
223.04
223.027
223.014
223.003
222.993
222.985
222.977
222.968
222.959
222.949
222.938
222.927
222.915
222.901
222.885
222.862
222.836
222.814
222.803
222.803
222.787
222.818
222.794
222.827
222.839
222.846
222.848
222.858
222.876
222.891
222.907
222.92
222.928
222.929
222.945
222.952
222.964
222.979
222.994
223.007
223.02
223.031
223.042
223.052
223.066
223.086
223.12
223.177
223.263
223.404
223.582
223.789
224.011
224.236
224.452
224.657
224.844
225.006
225.166
225.316
225.452
225.589
225.738
225.872
225.999
226.121
226.246
226.378
226.517
226.643
226.771
226.928
227.089
227.22
227.376
227.508
227.663
227.789
227.909
228.065
228.176
228.349
228.556
228.761
228.964
229.238
229.594
230.02
230.413
230.832
231.202
231.457
231.616
231.809
231.987
223.19
223.185
223.18
223.174
223.169
223.163
223.156
223.146
223.137
223.126
223.118
223.11
223.104
223.097
223.091
223.084
223.078
223.073
223.071
223.069
223.067
223.064
223.059
223.051
223.039
223.027
223.014
223.003
222.993
222.985
222.976
222.968
222.959
222.948
222.938
222.926
222.915
222.901
222.885
222.862
222.836
222.814
222.804
222.804
222.788
222.816
222.793
222.825
222.837
222.845
222.846
222.856
222.874
222.889
222.905
222.918
222.926
222.927
222.943
222.951
222.963
222.977
222.992
223.006
223.018
223.029
223.04
223.05
223.063
223.084
223.118
223.174
223.258
223.396
223.573
223.778
223.998
224.221
224.436
224.639
224.827
224.992
225.149
225.294
225.428
225.568
225.718
225.847
225.974
226.09
226.215
226.348
226.491
226.623
226.745
226.893
227.057
227.192
227.335
227.466
227.621
227.749
227.875
228.025
228.14
228.305
228.502
228.727
228.939
229.208
229.556
229.966
230.376
230.757
231.14
231.379
231.557
231.72
231.916
223.19
223.185
223.18
223.174
223.169
223.163
223.156
223.146
223.137
223.126
223.118
223.11
223.104
223.097
223.091
223.084
223.078
223.073
223.071
223.069
223.067
223.063
223.058
223.051
223.039
223.027
223.013
223.002
222.993
222.984
222.976
222.968
222.958
222.948
222.937
222.926
222.915
222.9
222.884
222.861
222.835
222.814
222.805
222.805
222.79
222.815
222.792
222.823
222.835
222.843
222.844
222.854
222.873
222.888
222.903
222.916
222.924
222.925
222.941
222.949
222.961
222.975
222.99
223.004
223.016
223.027
223.038
223.048
223.061
223.082
223.115
223.171
223.253
223.389
223.563
223.766
223.984
224.205
224.419
224.621
224.808
224.977
225.129
225.269
225.404
225.548
225.694
225.818
225.946
226.058
226.183
226.316
226.461
226.6
226.722
226.859
227.022
227.162
227.292
227.424
227.575
227.71
227.843
227.983
228.111
228.265
228.446
228.681
228.914
229.183
229.519
229.901
230.334
230.688
231.048
231.292
231.495
231.647
231.837
223.191
223.185
223.18
223.174
223.169
223.163
223.156
223.146
223.137
223.126
223.118
223.11
223.104
223.097
223.09
223.083
223.078
223.073
223.071
223.069
223.066
223.063
223.058
223.051
223.039
223.026
223.013
223.002
222.992
222.984
222.976
222.967
222.958
222.947
222.937
222.926
222.914
222.9
222.883
222.86
222.834
222.814
222.806
222.806
222.791
222.813
222.791
222.821
222.833
222.841
222.842
222.852
222.871
222.886
222.902
222.914
222.922
222.923
222.94
222.947
222.959
222.973
222.988
223.002
223.014
223.025
223.036
223.046
223.059
223.079
223.112
223.168
223.248
223.382
223.553
223.753
223.969
224.189
224.402
224.601
224.787
224.959
225.107
225.244
225.381
225.527
225.667
225.787
225.915
226.027
226.153
226.285
226.428
226.574
226.7
226.827
226.983
227.13
227.25
227.385
227.53
227.671
227.813
227.939
228.085
228.228
228.391
228.622
228.875
229.152
229.476
229.836
230.271
230.637
230.959
231.213
231.407
231.576
231.764
223.191
223.185
223.18
223.174
223.169
223.163
223.156
223.146
223.137
223.126
223.118
223.11
223.103
223.097
223.09
223.083
223.077
223.073
223.07
223.069
223.066
223.063
223.058
223.051
223.039
223.026
223.013
223.002
222.992
222.984
222.975
222.967
222.957
222.947
222.937
222.925
222.914
222.899
222.882
222.859
222.834
222.814
222.807
222.806
222.793
222.812
222.79
222.819
222.831
222.839
222.84
222.851
222.869
222.884
222.9
222.912
222.92
222.922
222.938
222.945
222.957
222.972
222.986
223
223.012
223.023
223.034
223.045
223.058
223.077
223.11
223.164
223.243
223.374
223.543
223.741
223.955
224.173
224.384
224.581
224.765
224.937
225.083
225.218
225.358
225.505
225.638
225.756
225.884
225.998
226.125
226.256
226.394
226.542
226.676
226.797
226.943
227.094
227.211
227.351
227.487
227.634
227.781
227.895
228.054
228.191
228.341
228.554
228.816
229.1
229.422
229.783
230.192
230.581
230.887
231.137
231.312
231.496
231.696
223.191
223.185
223.18
223.174
223.169
223.163
223.155
223.146
223.136
223.126
223.118
223.109
223.103
223.096
223.09
223.083
223.077
223.072
223.07
223.068
223.066
223.063
223.058
223.05
223.038
223.026
223.012
223.001
222.991
222.983
222.975
222.966
222.957
222.947
222.936
222.925
222.913
222.899
222.882
222.858
222.833
222.814
222.807
222.807
222.795
222.81
222.789
222.817
222.829
222.837
222.838
222.849
222.867
222.882
222.898
222.91
222.918
222.92
222.936
222.944
222.956
222.97
222.985
222.998
223.01
223.021
223.032
223.043
223.056
223.075
223.107
223.161
223.238
223.366
223.532
223.727
223.939
224.156
224.365
224.56
224.741
224.912
225.057
225.193
225.337
225.483
225.607
225.726
225.854
225.972
226.101
226.229
226.359
226.506
226.649
226.769
226.903
227.055
227.176
227.322
227.449
227.6
227.744
227.852
228.011
228.147
228.298
228.486
228.743
229.029
229.358
229.744
230.115
230.496
230.813
231.051
231.229
231.415
231.624
223.191
223.185
223.18
223.174
223.169
223.163
223.155
223.146
223.136
223.126
223.117
223.109
223.103
223.096
223.09
223.083
223.077
223.072
223.07
223.068
223.066
223.063
223.058
223.05
223.038
223.025
223.012
223.001
222.991
222.983
222.974
222.966
222.956
222.946
222.936
222.924
222.913
222.898
222.881
222.857
222.833
222.815
222.808
222.807
222.797
222.808
222.788
222.815
222.827
222.835
222.837
222.847
222.865
222.881
222.896
222.908
222.916
222.918
222.934
222.942
222.954
222.968
222.983
222.996
223.008
223.02
223.03
223.041
223.054
223.073
223.105
223.158
223.233
223.358
223.522
223.714
223.923
224.138
224.346
224.54
224.717
224.885
225.03
225.17
225.317
225.459
225.577
225.699
225.825
225.951
226.081
226.206
226.326
226.467
226.616
226.742
226.864
227.014
227.146
227.296
227.418
227.566
227.702
227.811
227.953
228.093
228.26
228.428
228.668
228.955
229.293
229.694
230.05
230.398
230.723
230.96
231.151
231.338
231.547
223.191
223.186
223.18
223.174
223.169
223.163
223.155
223.146
223.136
223.126
223.117
223.109
223.103
223.096
223.09
223.082
223.076
223.072
223.07
223.068
223.065
223.062
223.057
223.05
223.038
223.025
223.012
223.001
222.991
222.982
222.974
222.965
222.956
222.946
222.935
222.924
222.912
222.897
222.88
222.856
222.832
222.815
222.809
222.808
222.799
222.806
222.788
222.814
222.825
222.833
222.835
222.845
222.863
222.879
222.894
222.906
222.914
222.917
222.932
222.94
222.952
222.966
222.981
222.994
223.006
223.018
223.029
223.039
223.052
223.071
223.102
223.154
223.227
223.35
223.51
223.7
223.906
224.119
224.327
224.519
224.693
224.857
225.004
225.148
225.297
225.432
225.549
225.676
225.801
225.933
226.063
226.185
226.297
226.427
226.577
226.713
226.829
226.971
227.117
227.266
227.392
227.53
227.654
227.772
227.887
228.032
228.217
228.386
228.608
228.894
229.233
229.614
229.982
230.314
230.632
230.875
231.069
231.259
231.468
223.191
223.186
223.18
223.174
223.169
223.163
223.155
223.146
223.136
223.126
223.117
223.109
223.103
223.096
223.089
223.082
223.076
223.071
223.069
223.068
223.065
223.062
223.057
223.05
223.038
223.025
223.011
223
222.99
222.982
222.973
222.965
222.955
222.945
222.935
222.923
222.911
222.896
222.879
222.855
222.832
222.816
222.81
222.808
222.801
222.804
222.787
222.812
222.824
222.832
222.833
222.843
222.861
222.877
222.892
222.904
222.912
222.915
222.931
222.938
222.95
222.964
222.979
222.992
223.004
223.016
223.027
223.037
223.05
223.069
223.1
223.151
223.222
223.342
223.499
223.685
223.889
224.1
224.306
224.498
224.67
224.829
224.98
225.128
225.275
225.404
225.525
225.657
225.78
225.914
226.042
226.163
226.272
226.39
226.534
226.679
226.797
226.928
227.085
227.226
227.362
227.489
227.603
227.732
227.823
227.969
228.16
228.353
228.567
228.849
229.178
229.522
229.897
230.239
230.549
230.794
230.985
231.176
231.384
223.191
223.186
223.181
223.174
223.169
223.163
223.155
223.146
223.136
223.125
223.117
223.109
223.102
223.095
223.089
223.082
223.076
223.071
223.069
223.067
223.065
223.062
223.057
223.049
223.037
223.024
223.011
223
222.99
222.981
222.973
222.964
222.955
222.945
222.934
222.923
222.911
222.896
222.878
222.854
222.831
222.816
222.811
222.808
222.804
222.801
222.787
222.81
222.822
222.83
222.831
222.841
222.859
222.875
222.89
222.901
222.909
222.913
222.929
222.937
222.948
222.962
222.977
222.99
223.002
223.014
223.025
223.036
223.048
223.067
223.097
223.148
223.217
223.333
223.487
223.67
223.872
224.08
224.285
224.477
224.649
224.804
224.958
225.108
225.249
225.375
225.503
225.639
225.76
225.89
226.013
226.136
226.25
226.358
226.49
226.639
226.766
226.887
227.043
227.174
227.322
227.442
227.553
227.689
227.772
227.912
228.09
228.305
228.53
228.8
229.113
229.446
229.809
230.157
230.47
230.711
230.901
231.09
231.296
223.192
223.186
223.181
223.174
223.169
223.163
223.155
223.146
223.136
223.125
223.117
223.109
223.102
223.095
223.089
223.081
223.075
223.071
223.068
223.067
223.065
223.061
223.056
223.049
223.037
223.024
223.01
222.999
222.989
222.981
222.972
222.964
222.954
222.944
222.933
222.922
222.91
222.895
222.876
222.853
222.831
222.817
222.812
222.808
222.806
222.799
222.787
222.808
222.82
222.828
222.829
222.839
222.857
222.873
222.888
222.899
222.907
222.912
222.927
222.935
222.947
222.961
222.975
222.988
223
223.012
223.023
223.034
223.047
223.065
223.095
223.144
223.211
223.325
223.475
223.655
223.854
224.059
224.262
224.455
224.628
224.781
224.937
225.085
225.218
225.345
225.482
225.615
225.735
225.855
225.975
226.101
226.226
226.333
226.449
226.593
226.732
226.849
226.992
227.116
227.267
227.39
227.507
227.64
227.74
227.869
228.018
228.227
228.463
228.724
229.031
229.379
229.729
230.073
230.388
230.627
230.815
231.001
231.203
223.192
223.186
223.181
223.174
223.169
223.163
223.155
223.146
223.136
223.125
223.116
223.108
223.102
223.095
223.088
223.081
223.075
223.07
223.068
223.066
223.064
223.061
223.056
223.049
223.037
223.024
223.01
222.999
222.989
222.98
222.972
222.963
222.954
222.943
222.933
222.921
222.909
222.894
222.875
222.852
222.831
222.818
222.812
222.807
222.809
222.796
222.787
222.807
222.818
222.826
222.827
222.837
222.855
222.871
222.886
222.897
222.905
222.91
222.925
222.933
222.945
222.959
222.973
222.986
222.999
223.011
223.022
223.032
223.045
223.063
223.092
223.141
223.206
223.316
223.463
223.639
223.835
224.038
224.239
224.431
224.607
224.762
224.915
225.056
225.184
225.315
225.456
225.582
225.703
225.814
225.931
226.059
226.194
226.309
226.415
226.545
226.69
226.811
226.936
227.06
227.206
227.338
227.466
227.585
227.716
227.833
227.958
228.139
228.371
228.634
228.946
229.301
229.654
229.992
230.305
230.542
230.726
230.91
231.108
223.192
223.186
223.181
223.175
223.169
223.163
223.155
223.145
223.136
223.125
223.116
223.108
223.102
223.095
223.088
223.081
223.075
223.07
223.068
223.066
223.064
223.061
223.056
223.048
223.036
223.023
223.009
222.998
222.988
222.98
222.971
222.962
222.953
222.943
222.932
222.921
222.908
222.893
222.874
222.851
222.831
222.819
222.813
222.807
222.812
222.793
222.787
222.805
222.817
222.824
222.826
222.835
222.852
222.869
222.884
222.895
222.903
222.908
222.923
222.931
222.943
222.957
222.971
222.985
222.997
223.009
223.02
223.031
223.043
223.062
223.09
223.137
223.201
223.307
223.451
223.623
223.816
224.016
224.214
224.404
224.583
224.741
224.888
225.023
225.149
225.285
225.423
225.542
225.664
225.77
225.887
226.015
226.153
226.281
226.386
226.5
226.64
226.77
226.883
227.014
227.148
227.289
227.423
227.528
227.673
227.784
227.912
228.066
228.284
228.554
228.871
229.214
229.573
229.912
230.221
230.456
230.635
230.815
231.009
223.192
223.186
223.181
223.175
223.169
223.163
223.155
223.145
223.136
223.125
223.116
223.108
223.101
223.094
223.088
223.08
223.074
223.069
223.067
223.066
223.063
223.06
223.055
223.048
223.036
223.023
223.009
222.998
222.988
222.979
222.971
222.962
222.952
222.942
222.932
222.92
222.908
222.892
222.873
222.85
222.831
222.82
222.814
222.807
222.815
222.79
222.788
222.804
222.815
222.823
222.824
222.832
222.85
222.867
222.881
222.893
222.9
222.907
222.921
222.93
222.941
222.955
222.97
222.983
222.995
223.007
223.018
223.029
223.042
223.06
223.088
223.134
223.196
223.298
223.438
223.607
223.796
223.993
224.189
224.376
224.554
224.716
224.857
224.986
225.116
225.255
225.384
225.499
225.622
225.73
225.85
225.975
226.105
226.241
226.359
226.461
226.587
226.725
226.839
226.979
227.101
227.243
227.371
227.473
227.601
227.716
227.861
228.016
228.218
228.484
228.796
229.133
229.49
229.829
230.135
230.367
230.542
230.719
230.908
223.192
223.186
223.181
223.175
223.17
223.163
223.155
223.145
223.135
223.125
223.116
223.108
223.101
223.094
223.087
223.08
223.074
223.069
223.067
223.065
223.063
223.06
223.055
223.048
223.035
223.022
223.008
222.997
222.987
222.978
222.97
222.961
222.952
222.941
222.931
222.919
222.907
222.89
222.872
222.85
222.831
222.821
222.815
222.806
222.818
222.787
222.788
222.803
222.813
222.821
222.822
222.83
222.848
222.865
222.879
222.89
222.898
222.905
222.92
222.928
222.939
222.953
222.968
222.981
222.993
223.005
223.017
223.028
223.04
223.058
223.086
223.13
223.191
223.29
223.425
223.59
223.776
223.97
224.163
224.347
224.521
224.683
224.821
224.951
225.086
225.223
225.344
225.461
225.584
225.701
225.822
225.941
226.059
226.191
226.321
226.428
226.538
226.674
226.803
226.945
227.065
227.193
227.309
227.422
227.524
227.644
227.788
227.958
228.154
228.409
228.713
229.054
229.407
229.743
230.047
230.275
230.447
230.621
230.804
223.192
223.187
223.181
223.175
223.17
223.163
223.155
223.145
223.135
223.124
223.116
223.107
223.101
223.094
223.087
223.079
223.073
223.069
223.066
223.065
223.063
223.06
223.055
223.047
223.035
223.022
223.008
222.997
222.986
222.978
222.969
222.96
222.951
222.941
222.93
222.918
222.906
222.889
222.87
222.849
222.832
222.822
222.816
222.806
222.822
222.783
222.788
222.801
222.812
222.819
222.82
222.828
222.845
222.863
222.877
222.888
222.896
222.903
222.918
222.926
222.938
222.951
222.966
222.979
222.992
223.004
223.015
223.026
223.039
223.057
223.084
223.127
223.186
223.281
223.412
223.573
223.755
223.946
224.138
224.318
224.486
224.645
224.785
224.92
225.06
225.19
225.307
225.432
225.553
225.679
225.8
225.914
226.02
226.139
226.271
226.392
226.496
226.62
226.761
226.894
227.023
227.136
227.246
227.369
227.464
227.583
227.708
227.875
228.077
228.327
228.631
228.973
229.323
229.655
229.955
230.181
230.35
230.521
230.698
223.193
223.187
223.181
223.175
223.17
223.163
223.155
223.145
223.135
223.124
223.115
223.107
223.1
223.093
223.086
223.079
223.073
223.068
223.066
223.064
223.062
223.059
223.054
223.047
223.035
223.021
223.007
222.996
222.986
222.977
222.968
222.96
222.95
222.94
222.929
222.918
222.905
222.888
222.869
222.848
222.832
222.823
222.817
222.805
222.825
222.779
222.789
222.8
222.81
222.818
222.819
222.827
222.843
222.86
222.874
222.886
222.893
222.902
222.916
222.924
222.936
222.95
222.964
222.978
222.99
223.002
223.013
223.025
223.038
223.055
223.082
223.124
223.181
223.272
223.399
223.555
223.733
223.921
224.111
224.291
224.454
224.608
224.752
224.893
225.032
225.155
225.277
225.409
225.527
225.652
225.768
225.882
225.989
226.094
226.214
226.344
226.458
226.569
226.706
226.827
226.962
227.076
227.188
227.308
227.419
227.528
227.638
227.791
227.994
228.248
228.551
228.888
229.234
229.563
229.86
230.083
230.251
230.419
230.591
223.193
223.187
223.181
223.175
223.17
223.163
223.155
223.145
223.135
223.124
223.115
223.107
223.1
223.093
223.086
223.078
223.072
223.067
223.065
223.064
223.062
223.059
223.054
223.046
223.034
223.021
223.007
222.995
222.985
222.976
222.968
222.959
222.95
222.939
222.929
222.917
222.904
222.886
222.868
222.847
222.833
222.824
222.818
222.805
222.829
222.775
222.789
222.799
222.809
222.816
222.817
222.825
222.841
222.858
222.872
222.883
222.891
222.9
222.914
222.923
222.934
222.948
222.962
222.976
222.988
223.001
223.012
223.023
223.036
223.054
223.08
223.12
223.177
223.264
223.386
223.537
223.711
223.896
224.083
224.263
224.426
224.575
224.724
224.866
224.995
225.118
225.248
225.377
225.493
225.608
225.719
225.836
225.955
226.06
226.164
226.286
226.412
226.522
226.644
226.765
226.894
227.017
227.135
227.242
227.361
227.462
227.576
227.722
227.919
228.171
228.471
228.802
229.143
229.468
229.761
229.982
230.148
230.316
230.481
223.193
223.187
223.182
223.175
223.17
223.163
223.155
223.145
223.135
223.124
223.115
223.106
223.1
223.092
223.085
223.078
223.072
223.067
223.065
223.063
223.061
223.058
223.053
223.046
223.034
223.02
223.006
222.995
222.984
222.976
222.967
222.958
222.949
222.938
222.928
222.916
222.902
222.885
222.866
222.847
222.833
222.826
222.819
222.805
222.832
222.772
222.789
222.798
222.807
222.814
222.815
222.823
222.838
222.856
222.87
222.881
222.889
222.899
222.912
222.921
222.933
222.947
222.961
222.974
222.987
222.999
223.011
223.022
223.035
223.052
223.078
223.117
223.172
223.255
223.373
223.519
223.688
223.869
224.054
224.234
224.4
224.549
224.694
224.829
224.953
225.079
225.21
225.33
225.446
225.553
225.663
225.781
225.908
226.025
226.125
226.232
226.356
226.476
226.589
226.716
226.835
226.959
227.077
227.177
227.286
227.387
227.508
227.656
227.848
228.095
228.389
228.715
229.05
229.37
229.658
229.878
230.043
230.21
230.37
223.193
223.187
223.182
223.175
223.17
223.163
223.155
223.145
223.135
223.123
223.114
223.106
223.099
223.092
223.085
223.077
223.071
223.066
223.064
223.063
223.061
223.058
223.053
223.045
223.033
223.02
223.005
222.994
222.983
222.975
222.966
222.957
222.948
222.938
222.927
222.915
222.901
222.884
222.865
222.846
222.834
222.827
222.82
222.804
222.835
222.768
222.789
222.797
222.806
222.813
222.814
222.821
222.836
222.854
222.867
222.879
222.887
222.897
222.91
222.92
222.931
222.945
222.959
222.973
222.985
222.998
223.009
223.021
223.034
223.051
223.077
223.114
223.168
223.247
223.359
223.501
223.666
223.842
224.023
224.2
224.369
224.521
224.658
224.787
224.911
225.04
225.165
225.279
225.395
225.504
225.616
225.731
225.85
225.974
226.086
226.186
226.299
226.423
226.54
226.668
226.784
226.9
227.011
227.116
227.213
227.317
227.435
227.585
227.775
228.016
228.305
228.625
228.953
229.269
229.553
229.769
229.933
230.1
230.258
223.193
223.187
223.182
223.175
223.17
223.162
223.155
223.144
223.134
223.123
223.114
223.105
223.099
223.091
223.084
223.077
223.071
223.066
223.064
223.062
223.06
223.057
223.052
223.045
223.033
223.019
223.005
222.993
222.983
222.974
222.965
222.957
222.947
222.937
222.926
222.914
222.9
222.882
222.863
222.846
222.835
222.829
222.821
222.805
222.837
222.765
222.789
222.795
222.804
222.812
222.813
222.82
222.833
222.851
222.865
222.877
222.884
222.895
222.909
222.918
222.93
222.944
222.958
222.971
222.984
222.997
223.008
223.02
223.033
223.05
223.075
223.111
223.164
223.238
223.346
223.483
223.643
223.815
223.991
224.164
224.33
224.483
224.617
224.744
224.874
225.001
225.119
225.236
225.351
225.466
225.578
225.688
225.796
225.914
226.033
226.142
226.248
226.366
226.488
226.61
226.728
226.839
226.946
227.053
227.149
227.251
227.365
227.511
227.7
227.938
228.221
228.533
228.855
229.165
229.443
229.657
229.819
229.986
230.142
223.194
223.187
223.182
223.175
223.17
223.162
223.155
223.144
223.134
223.123
223.114
223.105
223.098
223.091
223.084
223.076
223.07
223.065
223.063
223.062
223.06
223.057
223.052
223.044
223.032
223.019
223.004
222.992
222.982
222.973
222.964
222.956
222.946
222.936
222.925
222.912
222.898
222.88
222.862
222.846
222.836
222.831
222.823
222.805
222.839
222.762
222.789
222.794
222.803
222.81
222.811
222.818
222.831
222.849
222.863
222.874
222.882
222.894
222.907
222.917
222.929
222.942
222.957
222.97
222.983
222.996
223.008
223.019
223.032
223.049
223.074
223.108
223.16
223.23
223.333
223.464
223.619
223.787
223.96
224.128
224.288
224.438
224.575
224.707
224.838
224.96
225.078
225.198
225.311
225.426
225.536
225.645
225.751
225.859
225.973
226.089
226.2
226.31
226.431
226.546
226.665
226.776
226.882
226.985
227.084
227.183
227.297
227.44
227.625
227.859
228.136
228.44
228.755
229.059
229.331
229.54
229.701
229.867
230.02
223.194
223.188
223.182
223.175
223.17
223.162
223.155
223.144
223.134
223.122
223.113
223.105
223.098
223.09
223.083
223.075
223.069
223.064
223.062
223.061
223.059
223.056
223.051
223.044
223.031
223.018
223.003
222.991
222.981
222.972
222.963
222.955
222.945
222.935
222.924
222.911
222.897
222.879
222.861
222.846
222.837
222.832
222.824
222.805
222.841
222.759
222.789
222.793
222.802
222.809
222.81
222.817
222.828
222.847
222.86
222.872
222.88
222.893
222.906
222.916
222.928
222.941
222.955
222.969
222.982
222.995
223.007
223.019
223.032
223.049
223.072
223.106
223.156
223.222
223.32
223.446
223.595
223.758
223.928
224.095
224.251
224.397
224.537
224.67
224.797
224.917
225.037
225.155
225.265
225.375
225.482
225.592
225.703
225.811
225.918
226.031
226.147
226.258
226.372
226.487
226.602
226.713
226.818
226.917
227.014
227.112
227.226
227.368
227.55
227.778
228.049
228.346
228.652
228.95
229.215
229.42
229.578
229.742
229.892
223.194
223.188
223.182
223.175
223.17
223.162
223.154
223.144
223.134
223.122
223.113
223.104
223.097
223.09
223.082
223.075
223.068
223.064
223.061
223.06
223.058
223.056
223.051
223.043
223.031
223.017
223.003
222.991
222.98
222.971
222.963
222.954
222.944
222.934
222.923
222.91
222.895
222.877
222.859
222.845
222.838
222.835
222.826
222.806
222.842
222.757
222.789
222.792
222.801
222.808
222.809
222.816
222.826
222.845
222.858
222.87
222.878
222.891
222.904
222.915
222.926
222.94
222.954
222.969
222.982
222.995
223.007
223.019
223.032
223.048
223.071
223.104
223.152
223.215
223.307
223.427
223.571
223.729
223.894
224.059
224.215
224.359
224.497
224.628
224.75
224.871
224.99
225.104
225.214
225.32
225.426
225.536
225.648
225.76
225.868
225.976
226.09
226.203
226.315
226.43
226.541
226.648
226.75
226.848
226.943
227.04
227.154
227.294
227.473
227.696
227.961
228.25
228.549
228.84
229.098
229.297
229.451
229.613
229.759
223.194
223.188
223.182
223.175
223.17
223.162
223.154
223.144
223.133
223.122
223.112
223.104
223.097
223.089
223.082
223.074
223.068
223.063
223.061
223.06
223.058
223.055
223.05
223.043
223.03
223.016
223.002
222.99
222.979
222.97
222.962
222.953
222.944
222.933
222.922
222.908
222.893
222.875
222.858
222.845
222.84
222.837
222.828
222.808
222.842
222.755
222.789
222.791
222.8
222.807
222.808
222.815
222.823
222.842
222.855
222.868
222.877
222.89
222.903
222.914
222.926
222.939
222.954
222.968
222.981
222.994
223.007
223.019
223.032
223.048
223.07
223.102
223.148
223.208
223.295
223.409
223.547
223.699
223.859
224.02
224.175
224.32
224.454
224.581
224.704
224.825
224.941
225.052
225.162
225.268
225.374
225.483
225.591
225.703
225.814
225.923
226.033
226.146
226.258
226.37
226.478
226.582
226.681
226.777
226.87
226.968
227.08
227.218
227.394
227.614
227.871
228.153
228.444
228.728
228.978
229.172
229.322
229.479
229.62
223.195
223.188
223.182
223.175
223.17
223.162
223.154
223.143
223.133
223.121
223.112
223.103
223.096
223.088
223.081
223.073
223.067
223.062
223.06
223.059
223.057
223.054
223.05
223.042
223.029
223.016
223.001
222.989
222.978
222.969
222.961
222.952
222.943
222.932
222.921
222.907
222.891
222.873
222.857
222.846
222.841
222.839
222.83
222.81
222.841
222.753
222.789
222.79
222.8
222.806
222.808
222.814
222.821
222.84
222.853
222.865
222.875
222.888
222.902
222.913
222.925
222.939
222.953
222.968
222.981
222.995
223.007
223.019
223.032
223.048
223.07
223.1
223.145
223.201
223.283
223.391
223.523
223.669
223.824
223.98
224.132
224.275
224.407
224.534
224.658
224.778
224.892
225.003
225.111
225.218
225.322
225.43
225.536
225.646
225.757
225.868
225.977
226.087
226.198
226.307
226.413
226.514
226.61
226.704
226.797
226.893
227.004
227.141
227.315
227.529
227.781
228.055
228.337
228.615
228.857
229.046
229.19
229.343
229.477
223.195
223.188
223.182
223.175
223.17
223.162
223.154
223.143
223.133
223.121
223.111
223.103
223.095
223.088
223.08
223.072
223.066
223.061
223.059
223.058
223.056
223.054
223.049
223.041
223.029
223.015
223
222.988
222.977
222.968
222.959
222.951
222.942
222.931
222.919
222.905
222.889
222.871
222.856
222.846
222.842
222.841
222.831
222.812
222.84
222.752
222.789
222.79
222.799
222.806
222.807
222.813
222.818
222.838
222.851
222.863
222.874
222.887
222.901
222.912
222.924
222.938
222.953
222.968
222.981
222.995
223.008
223.02
223.033
223.049
223.07
223.099
223.142
223.195
223.271
223.373
223.499
223.639
223.789
223.94
224.088
224.228
224.361
224.487
224.61
224.728
224.842
224.952
225.058
225.163
225.267
225.374
225.481
225.589
225.699
225.809
225.919
226.028
226.137
226.243
226.347
226.445
226.539
226.63
226.72
226.816
226.926
227.062
227.233
227.443
227.688
227.955
228.229
228.5
228.735
228.918
229.057
229.203
229.329
223.05
223.07
223.098
223.138
223.189
223.26
223.355
223.475
223.609
223.753
223.9
224.044
224.182
224.313
224.438
224.559
224.675
224.789
224.897
225.003
225.106
225.208
225.315
225.422
225.531
225.64
225.749
225.859
225.967
226.073
226.178
226.279
226.374
226.465
226.553
226.642
226.737
226.847
226.982
227.15
227.356
227.595
227.854
228.12
228.384
228.612
228.789
228.923
229.062
229.177
223.338
223.451
223.578
223.717
223.859
223.999
224.134
224.263
)
;

boundaryField
{
    inlet
    {
        type            fixedValue;
        value           nonuniform List<scalar> 0();
    }
    obstacle
    {
        type            zeroGradient;
    }
    bottom
    {
        type            symmetry;
    }
    outlet
    {
        type            inletOutlet;
        inletValue      uniform 223;
        value           nonuniform List<scalar> 
83
(
223.177
223.178
223.179
223.18
223.18
223.181
223.181
223.182
223.182
223.183
223.183
223.184
223.184
223.184
223.185
223.185
223.185
223.185
223.186
223.186
223.186
223.186
223.187
223.187
223.187
223.187
223.187
223.188
223.188
223.188
223.188
223.188
223.188
223.188
223.188
223.188
223.189
223.189
223.189
223.189
223.189
223.189
223.189
223.189
223.189
223.189
223.189
223.189
223.19
223.19
223.19
223.19
223.19
223.19
223.19
223.19
223.19
223.19
223.191
223.191
223.191
223.191
223.191
223.191
223.191
223.191
223.192
223.192
223.192
223.192
223.192
223.192
223.193
223.193
223.193
223.193
223.194
223.194
223.194
223.194
223.194
223.195
223.195
)
;
    }
    top
    {
        type            symmetry;
    }
    defaultFaces
    {
        type            empty;
    }
    procBoundary2to0
    {
        type            processor;
        value           nonuniform List<scalar> 
123
(
227.214
225.713
225.04
224.604
224.308
224.088
223.933
223.807
223.703
223.615
223.542
223.482
223.434
223.396
223.364
223.338
223.317
223.299
223.279
223.259
223.244
223.228
223.215
223.207
223.204
223.202
223.2
223.201
223.202
223.201
223.201
223.197
223.199
223.202
223.202
223.204
223.208
223.213
223.22
223.226
223.232
223.24
223.25
223.267
223.293
223.336
223.394
223.453
223.489
223.5
223.489
223.465
223.438
223.415
223.399
223.391
223.385
223.379
223.371
223.356
223.334
223.305
223.264
223.224
223.181
223.136
223.092
223.048
222.992
222.927
222.861
222.802
222.773
222.761
222.762
222.768
222.789
222.819
222.846
222.869
222.891
222.909
222.926
222.939
222.952
222.963
222.973
222.983
222.993
223.001
223.009
223.016
223.022
223.03
223.038
223.048
223.058
223.067
223.074
223.079
223.083
223.083
223.087
223.091
223.094
223.098
223.102
223.102
223.108
223.112
223.117
223.121
223.127
223.133
223.14
223.147
223.153
223.158
223.162
223.166
223.17
223.173
223.177
)
;
    }
    procBoundary2to1
    {
        type            processor;
        value           nonuniform List<scalar> 
42
(
227.742
227.775
227.806
227.834
227.86
227.884
227.906
227.925
227.943
227.959
227.973
227.986
227.998
228.009
228.019
228.028
228.034
228.039
228.04
228.038
228.034
228.028
228.021
228.014
228.004
227.993
227.982
227.977
227.987
228.037
228.14
228.281
228.439
228.6
228.739
228.876
229.065
229.348
229.748
230.172
230.53
230.733
)
;
    }
    procBoundary2to3
    {
        type            processor;
        value           nonuniform List<scalar> 
122
(
223.195
223.188
223.182
223.175
223.17
223.162
223.154
223.143
223.132
223.12
223.111
223.102
223.095
223.087
223.079
223.072
223.065
223.06
223.058
223.057
223.056
223.053
223.048
223.041
223.028
223.014
222.999
222.987
222.976
222.967
222.958
222.95
222.94
222.93
222.918
222.903
222.887
222.869
222.855
222.846
222.844
222.844
222.833
222.816
222.839
222.751
222.789
222.789
222.799
222.805
222.806
222.812
222.816
222.836
222.849
222.861
222.872
222.886
222.9
222.912
222.924
222.938
222.953
222.967
222.982
222.995
223.009
223.021
223.034
223.034
223.051
223.07
223.097
223.135
223.183
223.249
224.386
224.505
224.621
224.733
224.84
224.945
225.047
225.149
225.255
225.362
225.47
225.58
225.688
225.797
225.903
226.008
226.111
226.209
226.302
226.39
226.476
226.563
226.656
226.765
226.898
227.064
227.267
227.5
227.751
228.009
228.266
228.487
228.659
228.787
228.918
229.023
223.249
223.321
223.428
223.549
223.68
223.816
223.953
224.084
224.386
224.211
)
;
    }
    procBoundary2to5
    {
        type            processor;
        value           nonuniform List<scalar> 
42
(
234.272
233.055
233.055
233.078
233.089
233.062
232.993
232.884
232.764
232.662
232.558
232.445
232.345
232.266
232.193
232.123
232.055
231.989
231.921
231.849
231.773
231.692
231.607
231.517
231.422
231.324
231.222
231.117
231.009
230.899
230.785
230.668
230.547
230.426
230.306
230.188
230.067
229.935
229.79
229.635
229.472
229.304
)
;
    }
}


// ************************************************************************* //
