/*--------------------------------*- C++ -*----------------------------------*\
| =========                 |                                                 |
| \\      /  F ield         | OpenFOAM: The Open Source CFD Toolbox           |
|  \\    /   O peration     | Version:  2412                                  |
|   \\  /    A nd           | Website:  www.openfoam.com                      |
|    \\/     M anipulation  |                                                 |
\*---------------------------------------------------------------------------*/
FoamFile
{
    version     2.0;
    format      ascii;
    arch        "LSB;label=32;scalar=64";
    class       volScalarField;
    location    "0.063";
    object      p;
}
// * * * * * * * * * * * * * * * * * * * * * * * * * * * * * * * * * * * * * //

dimensions      [1 -1 -2 0 0 0 0];

internalField   nonuniform List<scalar> 
9831
(
1549.86
2482.84
1545.3
2481.22
2598.7
2595.49
2599.27
2606.03
2612.48
2618.58
2624.79
2631.24
2637.78
2644.35
2650.88
2657.35
2663.72
2669.93
2675.97
2681.92
2687.85
2693.73
2699.43
2705.01
2710.86
2717.46
2725.11
2733.84
2743.41
2753.48
2763.67
2773.68
2783.31
2792.51
2801.28
2809.68
2817.72
2825.42
2832.79
2839.88
2846.75
2853.45
2859.97
2866.3
2872.43
2878.34
2884.01
2889.44
2894.6
2899.5
2904.11
2908.42
1540.96
2479.63
2597.75
2594.65
2598.67
2605.59
2612.11
2618.23
2624.46
2630.91
2637.44
2643.99
2650.52
2656.98
2663.35
2669.57
2675.63
2681.6
2687.56
2693.46
2699.19
2704.82
2710.73
2717.4
2725.15
2733.98
2743.65
2753.79
2764.02
2774.03
2783.65
2792.83
2801.59
2809.97
2817.98
2825.66
2833
2840.08
2846.95
2853.63
2860.14
2866.47
2872.58
2878.47
2884.13
2889.54
2894.7
2899.58
2904.17
2908.47
2912.46
2916.12
1536.41
2478.09
2596.79
2593.83
2598.09
2605.18
2611.76
2617.9
2624.14
2630.58
2637.11
2643.65
2650.17
2656.62
2662.98
2669.21
2675.29
2681.28
2687.27
2693.2
2698.96
2704.62
2710.59
2717.35
2725.2
2734.13
2743.89
2754.1
2764.36
2774.38
2783.99
2793.15
2801.89
2810.25
2818.24
2825.89
2833.22
2840.28
2847.14
2853.81
2860.32
2866.63
2872.73
2878.61
2884.25
2889.65
2894.79
2899.66
2904.24
2908.52
2912.5
2916.15
2919.49
2922.51
1532.03
2476.53
2595.84
2593.02
2597.53
2604.78
2611.41
2617.58
2623.83
2630.27
2636.79
2643.32
2649.82
2656.26
2662.62
2668.86
2674.95
2680.97
2686.98
2692.94
2698.73
2704.44
2710.46
2717.3
2725.25
2734.29
2744.14
2754.41
2764.71
2774.73
2784.33
2793.47
2802.19
2810.52
2818.5
2826.12
2833.43
2840.48
2847.33
2854
2860.49
2866.79
2872.88
2878.74
2884.37
2889.76
2894.88
2899.74
2904.31
2908.58
2912.54
2916.19
2919.52
2922.54
2925.23
2927.55
2929.52
2931.15
2932.45
2933.43
2934.12
2934.44
2934.38
2934.03
2933.35
2932.35
2931.06
2929.5
2927.69
2925.64
2923.37
2920.91
2918.27
2915.46
2912.5
2909.42
2906.21
2902.92
2899.54
2896.1
2892.61
2889.08
2885.53
2881.98
2878.41
2874.88
2871.35
2867.87
2864.41
2861.01
2857.66
2854.37
2851.15
2847.99
2844.9
2841.89
2838.95
2836.09
2833.31
2830.62
2828
2825.46
2823.01
2820.63
2818.34
2816.13
2813.99
2811.93
2809.94
2808.03
2806.19
2804.43
2802.73
2801.09
2799.53
2798.02
2796.57
2795.34
2793.97
1528.37
2475.01
2594.89
2592.24
2597
2604.4
2611.08
2617.27
2623.53
2629.97
2636.47
2642.99
2649.48
2655.91
2662.27
2668.51
2674.62
2680.66
2686.7
2692.68
2698.5
2704.25
2710.34
2717.26
2725.31
2734.45
2744.39
2754.73
2765.05
2775.08
2784.66
2793.79
2802.48
2810.8
2818.75
2826.35
2833.64
2840.68
2847.51
2854.18
2860.66
2866.95
2873.02
2878.87
2884.49
2889.86
2894.98
2899.82
2904.38
2908.64
2912.59
2916.23
2919.57
2922.58
2925.26
2927.58
2929.55
2931.19
2932.52
2933.52
2934.22
2934.57
2934.54
2934.2
2933.54
2932.57
2931.33
2929.83
2928.08
2926.11
2923.92
2921.55
2918.99
2916.28
2913.42
2910.44
2907.33
2904.14
2900.87
2897.54
2894.15
2890.74
2887.3
2883.86
2880.41
2876.99
2873.58
2870.21
2866.87
2863.58
2860.35
2857.17
2854.05
2851.01
2848.03
2845.12
2842.29
2839.53
2836.85
2834.25
2831.73
2829.29
2826.93
2824.64
2822.43
2820.3
2818.25
2816.27
2814.36
2812.52
2810.76
2809.06
2807.43
2805.86
2804.36
2802.91
2801.52
2800.36
2799.04
2798.25
2795.74
1524.23
2473.53
2593.94
2591.47
2596.49
2604.04
2610.77
2616.97
2623.25
2629.68
2636.17
2642.68
2649.15
2655.57
2661.92
2668.17
2674.29
2680.35
2686.42
2692.43
2698.28
2704.07
2710.22
2717.23
2725.38
2734.62
2744.65
2755.05
2765.4
2775.42
2784.99
2794.1
2802.77
2811.07
2819
2826.58
2833.85
2840.87
2847.7
2854.35
2860.83
2867.1
2873.16
2879
2884.61
2889.97
2895.07
2899.9
2904.45
2908.7
2912.65
2916.29
2919.62
2922.63
2925.29
2927.61
2929.59
2931.26
2932.61
2933.65
2934.35
2934.72
2934.72
2934.41
2933.77
2932.86
2931.68
2930.24
2928.57
2926.68
2924.59
2922.3
2919.84
2917.23
2914.47
2911.58
2908.59
2905.5
2902.34
2899.12
2895.84
2892.55
2889.22
2885.9
2882.57
2879.26
2875.97
2872.71
2869.49
2866.32
2863.2
2860.14
2857.13
2854.2
2851.32
2848.52
2845.8
2843.14
2840.57
2838.07
2835.64
2833.29
2831.02
2828.82
2826.7
2824.65
2822.68
2820.78
2818.95
2817.18
2815.49
2813.86
2812.29
2810.79
2809.35
2807.96
2806.63
2805.55
2804.27
2803.55
2801.1
1520.61
2472.05
2592.98
2590.72
2596
2603.69
2610.46
2616.69
2622.97
2629.4
2635.88
2642.37
2648.82
2655.23
2661.58
2667.84
2673.97
2680.05
2686.15
2692.18
2698.06
2703.89
2710.11
2717.2
2725.45
2734.8
2744.92
2755.37
2765.74
2775.76
2785.32
2794.4
2803.06
2811.34
2819.24
2826.8
2834.05
2841.07
2847.88
2854.53
2860.99
2867.25
2873.3
2879.13
2884.72
2890.07
2895.17
2899.99
2904.52
2908.77
2912.71
2916.35
2919.68
2922.68
2925.34
2927.67
2929.66
2931.36
2932.74
2933.8
2934.51
2934.9
2934.93
2934.65
2934.06
2933.2
2932.09
2930.73
2929.15
2927.34
2925.34
2923.15
2920.79
2918.27
2915.61
2912.83
2909.95
2906.97
2903.92
2900.81
2897.65
2894.47
2891.26
2888.06
2884.85
2881.66
2878.49
2875.36
2872.26
2869.21
2866.2
2863.26
2860.37
2857.55
2854.79
2852.1
2849.48
2846.93
2844.45
2842.05
2839.72
2837.47
2835.29
2833.18
2831.15
2829.19
2827.29
2825.47
2823.71
2822.02
2820.4
2818.84
2817.34
2815.9
2814.53
2813.21
2811.92
2810.93
2809.68
2809.02
2806.64
1516.75
2470.58
2592.02
2590
2595.53
2603.35
2610.17
2616.41
2622.71
2629.13
2635.6
2642.07
2648.51
2654.9
2661.25
2667.51
2673.66
2679.76
2685.87
2691.94
2697.85
2703.72
2710
2717.17
2725.53
2734.98
2745.18
2755.69
2766.08
2776.1
2785.64
2794.71
2803.35
2811.6
2819.48
2827.02
2834.26
2841.26
2848.07
2854.7
2861.15
2867.4
2873.44
2879.26
2884.84
2890.18
2895.26
2900.07
2904.6
2908.84
2912.77
2916.41
2919.74
2922.74
2925.41
2927.74
2929.76
2931.48
2932.89
2933.96
2934.69
2935.11
2935.18
2934.93
2934.4
2933.61
2932.58
2931.31
2929.82
2928.11
2926.2
2924.1
2921.84
2919.42
2916.87
2914.2
2911.42
2908.55
2905.62
2902.63
2899.59
2896.53
2893.45
2890.36
2887.28
2884.22
2881.17
2878.16
2875.19
2872.26
2869.37
2866.55
2863.78
2861.07
2858.42
2855.84
2853.33
2850.89
2848.52
2846.21
2843.98
2841.83
2839.74
2837.72
2835.77
2833.89
2832.08
2830.33
2828.65
2827.03
2825.48
2823.99
2822.55
2821.17
2819.86
2818.61
2817.37
2816.42
2815.21
2814.62
2812.29
1513.59
2469.14
2591.06
2589.29
2595.09
2603.03
2609.89
2616.15
2622.45
2628.87
2635.32
2641.77
2648.2
2654.58
2660.92
2667.18
2673.35
2679.47
2685.61
2691.69
2697.63
2703.55
2709.89
2717.16
2725.62
2735.17
2745.46
2756.01
2766.42
2776.44
2785.96
2795.01
2803.63
2811.86
2819.72
2827.24
2834.46
2841.45
2848.25
2854.87
2861.31
2867.55
2873.58
2879.38
2884.95
2890.28
2895.35
2900.16
2904.68
2908.91
2912.84
2916.48
2919.81
2922.81
2925.48
2927.83
2929.88
2931.63
2933.06
2934.15
2934.9
2935.34
2935.45
2935.26
2934.8
2934.09
2933.15
2931.96
2930.56
2928.94
2927.13
2925.13
2922.97
2920.65
2918.2
2915.64
2912.98
2910.23
2907.41
2904.55
2901.63
2898.7
2895.75
2892.79
2889.84
2886.91
2883.99
2881.11
2878.26
2875.46
2872.7
2870
2867.35
2864.76
2862.23
2859.76
2857.36
2855.03
2852.76
2850.56
2848.43
2846.37
2844.37
2842.44
2840.58
2838.79
2837.06
2835.39
2833.78
2832.24
2830.75
2829.33
2827.96
2826.64
2825.39
2824.22
2823.03
2822.1
2820.95
2820.43
2818.16
1509.82
2467.72
2590.1
2588.6
2594.66
2602.71
2609.61
2615.89
2622.21
2628.62
2635.05
2641.49
2647.89
2654.26
2660.6
2666.87
2673.04
2679.18
2685.34
2691.45
2697.42
2703.38
2709.79
2717.14
2725.71
2735.37
2745.73
2756.33
2766.76
2776.77
2786.28
2795.31
2803.91
2812.11
2819.95
2827.45
2834.66
2841.63
2848.43
2855.04
2861.47
2867.7
2873.71
2879.5
2885.07
2890.39
2895.45
2900.24
2904.76
2908.99
2912.92
2916.56
2919.88
2922.89
2925.57
2927.94
2930.02
2931.79
2933.24
2934.35
2935.12
2935.61
2935.78
2935.65
2935.27
2934.65
2933.79
2932.7
2931.39
2929.86
2928.14
2926.24
2924.18
2921.97
2919.63
2917.19
2914.64
2912.02
2909.33
2906.59
2903.81
2901.01
2898.19
2895.37
2892.56
2889.76
2886.98
2884.23
2881.51
2878.84
2876.21
2873.63
2871.1
2868.63
2866.22
2863.87
2861.58
2859.35
2857.19
2855.09
2853.06
2851.1
2849.2
2847.36
2845.58
2843.87
2842.22
2840.63
2839.1
2837.63
2836.21
2834.85
2833.55
2832.29
2831.1
2830.01
2828.86
2827.97
2826.88
2826.42
2824.2
1506.95
2466.29
2589.13
2587.92
2594.25
2602.41
2609.35
2615.65
2621.97
2628.37
2634.79
2641.21
2647.59
2653.95
2660.28
2666.55
2672.74
2678.9
2685.08
2691.22
2697.22
2703.22
2709.69
2717.14
2725.81
2735.57
2746.01
2756.65
2767.09
2777.1
2786.59
2795.61
2804.18
2812.37
2820.18
2827.66
2834.85
2841.82
2848.6
2855.21
2861.63
2867.84
2873.84
2879.62
2885.18
2890.49
2895.54
2900.33
2904.84
2909.07
2913
2916.64
2919.97
2922.98
2925.67
2928.07
2930.17
2931.97
2933.44
2934.57
2935.38
2935.91
2936.14
2936.1
2935.8
2935.26
2934.49
2933.49
2932.27
2930.84
2929.22
2927.42
2925.46
2923.36
2921.14
2918.81
2916.4
2913.9
2911.35
2908.75
2906.11
2903.45
2900.77
2898.09
2895.41
2892.75
2890.11
2887.5
2884.92
2882.38
2879.88
2877.43
2875.03
2872.68
2870.39
2868.16
2865.98
2863.87
2861.81
2859.82
2857.89
2856.02
2854.22
2852.47
2850.78
2849.16
2847.59
2846.08
2844.62
2843.22
2841.87
2840.58
2839.34
2838.15
2837
2835.99
2834.89
2834.03
2833.01
2832.61
2830.45
1503.62
2464.89
2588.16
2587.27
2593.86
2602.12
2609.09
2615.41
2621.74
2628.13
2634.54
2640.94
2647.3
2653.65
2659.97
2666.24
2672.44
2678.62
2684.83
2690.99
2697.01
2703.06
2709.6
2717.14
2725.92
2735.78
2746.29
2756.98
2767.43
2777.42
2786.9
2795.9
2804.46
2812.62
2820.41
2827.87
2835.04
2842
2848.78
2855.38
2861.78
2867.98
2873.97
2879.74
2885.29
2890.59
2895.64
2900.42
2904.92
2909.15
2913.09
2916.72
2920.06
2923.08
2925.79
2928.21
2930.35
2932.17
2933.65
2934.81
2935.66
2936.25
2936.57
2936.61
2936.39
2935.94
2935.27
2934.35
2933.22
2931.88
2930.36
2928.66
2926.82
2924.84
2922.75
2920.55
2918.27
2915.92
2913.5
2911.05
2908.55
2906.04
2903.5
2900.97
2898.44
2895.93
2893.43
2890.96
2888.51
2886.11
2883.74
2881.42
2879.15
2876.93
2874.75
2872.64
2870.58
2868.57
2866.63
2864.74
2862.91
2861.14
2859.42
2857.77
2856.17
2854.62
2853.14
2851.7
2850.32
2848.99
2847.71
2846.49
2845.31
2844.18
2843.09
2842.14
2841.08
2840.26
2839.31
2838.97
2836.85
1500.87
2463.53
2587.18
2586.63
2593.48
2601.83
2608.84
2615.18
2621.52
2627.9
2634.29
2640.67
2647.02
2653.35
2659.67
2665.94
2672.15
2678.34
2684.57
2690.76
2696.81
2702.91
2709.51
2717.15
2726.03
2735.99
2746.58
2757.3
2767.76
2777.75
2787.21
2796.19
2804.72
2812.86
2820.63
2828.07
2835.24
2842.18
2848.95
2855.54
2861.93
2868.12
2874.1
2879.86
2885.4
2890.69
2895.73
2900.51
2905.01
2909.23
2913.17
2916.82
2920.15
2923.19
2925.92
2928.38
2930.53
2932.37
2933.88
2935.07
2935.98
2936.64
2937.05
2937.17
2937.02
2936.67
2936.08
2935.25
2934.21
2932.97
2931.55
2929.97
2928.25
2926.4
2924.44
2922.38
2920.24
2918.04
2915.77
2913.46
2911.12
2908.76
2906.38
2904
2901.62
2899.25
2896.9
2894.57
2892.27
2890
2887.77
2885.58
2883.44
2881.34
2879.29
2877.3
2875.35
2873.46
2871.62
2869.84
2868.11
2866.44
2864.82
2863.25
2861.74
2860.28
2858.87
2857.51
2856.2
2854.95
2853.74
2852.57
2851.46
2850.38
2849.35
2848.46
2847.46
2846.68
2845.78
2845.5
2843.44
1497.81
2462.16
2586.2
2586.01
2593.12
2601.56
2608.6
2614.96
2621.3
2627.68
2634.05
2640.41
2646.74
2653.05
2659.37
2665.64
2671.86
2678.07
2684.32
2690.53
2696.62
2702.76
2709.43
2717.16
2726.15
2736.21
2746.87
2757.62
2768.09
2778.07
2787.52
2796.47
2804.99
2813.11
2820.85
2828.27
2835.43
2842.36
2849.12
2855.7
2862.08
2868.26
2874.23
2879.98
2885.5
2890.79
2895.83
2900.6
2905.1
2909.32
2913.26
2916.91
2920.26
2923.31
2926.07
2928.55
2930.73
2932.59
2934.13
2935.37
2936.35
2937.08
2937.57
2937.79
2937.72
2937.45
2936.94
2936.2
2935.26
2934.12
2932.82
2931.37
2929.77
2928.06
2926.24
2924.34
2922.35
2920.3
2918.19
2916.04
2913.85
2911.65
2909.42
2907.19
2904.96
2902.75
2900.54
2898.36
2896.2
2894.07
2891.98
2889.92
2887.9
2885.93
2884.01
2882.13
2880.3
2878.51
2876.78
2875.1
2873.47
2871.9
2870.37
2868.89
2867.47
2866.09
2864.76
2863.48
2862.25
2861.06
2859.92
2858.82
2857.76
2856.75
2855.77
2854.94
2853.99
2853.25
2852.41
2852.19
2850.18
1495.13
2460.81
2585.22
2585.4
2592.78
2601.29
2608.37
2614.75
2621.1
2627.46
2633.82
2640.16
2646.46
2652.76
2659.07
2665.35
2671.57
2677.8
2684.08
2690.31
2696.42
2702.61
2709.36
2717.18
2726.28
2736.43
2747.16
2757.94
2768.42
2778.39
2787.82
2796.76
2805.25
2813.35
2821.07
2828.48
2835.61
2842.54
2849.29
2855.86
2862.23
2868.39
2874.35
2880.09
2885.61
2890.89
2895.92
2900.69
2905.19
2909.42
2913.36
2917.01
2920.37
2923.44
2926.23
2928.73
2930.94
2932.82
2934.4
2935.7
2936.75
2937.56
2938.12
2938.43
2938.46
2938.25
2937.83
2937.19
2936.35
2935.33
2934.15
2932.83
2931.38
2929.81
2928.15
2926.4
2924.57
2922.67
2920.72
2918.73
2916.71
2914.66
2912.59
2910.52
2908.44
2906.38
2904.32
2902.28
2900.26
2898.28
2896.32
2894.4
2892.51
2890.67
2888.86
2887.1
2885.39
2883.72
2882.1
2880.52
2878.99
2877.51
2876.08
2874.69
2873.35
2872.05
2870.8
2869.6
2868.44
2867.32
2866.24
2865.21
2864.22
2863.26
2862.33
2861.57
2860.66
2859.98
2859.18
2859.01
2857.05
1492.69
2459.47
2584.23
2584.82
2592.45
2601.03
2608.15
2614.55
2620.9
2627.26
2633.59
2639.91
2646.2
2652.48
2658.78
2665.06
2671.29
2677.54
2683.83
2690.08
2696.23
2702.46
2709.28
2717.2
2726.41
2736.66
2747.45
2758.27
2768.74
2778.7
2788.12
2797.04
2805.51
2813.58
2821.29
2828.67
2835.8
2842.72
2849.46
2856.01
2862.37
2868.52
2874.47
2880.2
2885.71
2890.99
2896.01
2900.78
2905.28
2909.51
2913.46
2917.12
2920.49
2923.58
2926.4
2928.93
2931.15
2933.07
2934.7
2936.07
2937.2
2938.08
2938.73
2939.12
2939.23
2939.1
2938.77
2938.23
2937.51
2936.62
2935.58
2934.4
2933.1
2931.69
2930.18
2928.59
2926.92
2925.19
2923.41
2921.58
2919.71
2917.82
2915.91
2914
2912.07
2910.16
2908.25
2906.36
2904.48
2902.63
2900.81
2899.02
2897.27
2895.55
2893.86
2892.22
2890.62
2889.06
2887.54
2886.07
2884.64
2883.26
2881.92
2880.62
2879.36
2878.15
2876.98
2875.85
2874.76
2873.71
2872.71
2871.74
2870.81
2869.91
2869.04
2868.33
2867.48
2866.84
2866.09
2865.94
2864.08
1489.87
2458.15
2583.23
2584.25
2592.14
2600.78
2607.93
2614.35
2620.71
2627.05
2633.37
2639.67
2645.93
2652.2
2658.49
2664.77
2671.02
2677.28
2683.59
2689.87
2696.04
2702.32
2709.22
2717.24
2726.55
2736.89
2747.74
2758.59
2769.07
2779.02
2788.42
2797.32
2805.77
2813.82
2821.5
2828.87
2835.98
2842.89
2849.62
2856.17
2862.51
2868.65
2874.59
2880.31
2885.82
2891.09
2896.11
2900.87
2905.37
2909.61
2913.56
2917.23
2920.62
2923.74
2926.58
2929.13
2931.38
2933.34
2935.02
2936.47
2937.68
2938.64
2939.35
2939.82
2940.02
2939.98
2939.74
2939.32
2938.72
2937.97
2937.07
2936.05
2934.9
2933.65
2932.31
2930.88
2929.37
2927.81
2926.18
2924.52
2922.81
2921.08
2919.33
2917.57
2915.81
2914.04
2912.28
2910.54
2908.81
2907.1
2905.41
2903.76
2902.13
2900.54
2898.98
2897.46
2895.97
2894.53
2893.12
2891.75
2890.42
2889.13
2887.89
2886.68
2885.51
2884.38
2883.29
2882.24
2881.22
2880.24
2879.3
2878.39
2877.53
2876.68
2875.87
2875.22
2874.41
2873.83
2873.12
2872.99
2871.22
1487.79
2456.84
2582.23
2583.69
2591.84
2600.54
2607.72
2614.16
2620.52
2626.86
2633.16
2639.43
2645.68
2651.93
2658.21
2664.49
2670.74
2677.02
2683.35
2689.65
2695.86
2702.19
2709.16
2717.27
2726.7
2737.13
2748.04
2758.91
2769.39
2779.33
2788.71
2797.59
2806.02
2814.05
2821.71
2829.07
2836.17
2843.07
2849.79
2856.32
2862.65
2868.78
2874.71
2880.42
2885.92
2891.18
2896.2
2900.96
2905.47
2909.7
2913.67
2917.35
2920.76
2923.9
2926.76
2929.34
2931.63
2933.63
2935.38
2936.9
2938.19
2939.23
2940.01
2940.55
2940.85
2940.92
2940.78
2940.48
2940.02
2939.42
2938.68
2937.81
2936.83
2935.74
2934.56
2933.29
2931.95
2930.55
2929.09
2927.58
2926.04
2924.47
2922.88
2921.28
2919.66
2918.05
2916.44
2914.84
2913.26
2911.69
2910.14
2908.62
2907.13
2905.66
2904.22
2902.82
2901.45
2900.11
2898.81
2897.55
2896.32
2895.13
2893.98
2892.86
2891.78
2890.73
2889.72
2888.74
2887.8
2886.89
2886.02
2885.18
2884.38
2883.59
2882.84
2882.25
2881.49
2880.95
2880.29
2880.18
2878.51
1485.29
2455.56
2581.21
2583.16
2591.56
2600.3
2607.52
2613.97
2620.34
2626.67
2632.95
2639.2
2645.42
2651.66
2657.93
2664.21
2670.47
2676.76
2683.11
2689.44
2695.68
2702.05
2709.1
2717.32
2726.85
2737.37
2748.33
2759.23
2769.71
2779.64
2789
2797.86
2806.27
2814.28
2821.92
2829.26
2836.35
2843.24
2849.95
2856.47
2862.79
2868.9
2874.82
2880.53
2886.02
2891.28
2896.29
2901.06
2905.56
2909.81
2913.78
2917.47
2920.9
2924.07
2926.96
2929.57
2931.89
2933.94
2935.77
2937.37
2938.73
2939.83
2940.69
2941.3
2941.7
2941.88
2941.87
2941.7
2941.38
2940.93
2940.35
2939.64
2938.82
2937.89
2936.88
2935.77
2934.6
2933.35
2932.06
2930.72
2929.34
2927.93
2926.5
2925.05
2923.6
2922.14
2920.68
2919.24
2917.8
2916.37
2914.97
2913.58
2912.22
2910.89
2909.58
2908.3
2907.05
2905.83
2904.64
2903.48
2902.36
2901.26
2900.2
2899.18
2898.18
2897.22
2896.29
2895.4
2894.53
2893.69
2892.89
2892.11
2891.37
2890.66
2889.95
2889.43
2888.71
2888.22
2887.6
2887.52
2885.95
1483.2
2454.29
2580.19
2582.63
2591.28
2600.07
2607.32
2613.79
2620.17
2626.48
2632.75
2638.98
2645.18
2651.39
2657.65
2663.93
2670.2
2676.51
2682.88
2689.23
2695.5
2701.92
2709.05
2717.37
2727.01
2737.61
2748.63
2759.54
2770.02
2779.94
2789.29
2798.13
2806.52
2814.5
2822.13
2829.45
2836.53
2843.41
2850.1
2856.61
2862.92
2869.03
2874.93
2880.64
2886.12
2891.38
2896.39
2901.15
2905.66
2909.91
2913.89
2917.6
2921.05
2924.24
2927.16
2929.8
2932.16
2934.28
2936.18
2937.86
2939.29
2940.46
2941.39
2942.1
2942.59
2942.91
2943.04
2943
2942.84
2942.55
2942.12
2941.57
2940.91
2940.15
2939.3
2938.36
2937.34
2936.27
2935.13
2933.96
2932.74
2931.5
2930.23
2928.94
2927.65
2926.35
2925.05
2923.75
2922.46
2921.19
2919.92
2918.68
2917.45
2916.24
2915.06
2913.9
2912.77
2911.67
2910.59
2909.54
2908.52
2907.53
2906.56
2905.63
2904.72
2903.85
2903
2902.18
2901.39
2900.63
2899.89
2899.19
2898.51
2897.87
2897.23
2896.76
2896.09
2895.65
2895.08
2895.02
2893.57
1481.26
2453.07
2579.17
2582.12
2591.01
2599.85
2607.13
2613.62
2620
2626.3
2632.55
2638.76
2644.93
2651.13
2657.38
2663.66
2669.94
2676.26
2682.65
2689.02
2695.32
2701.8
2709
2717.43
2727.17
2737.86
2748.93
2759.86
2770.34
2780.25
2789.58
2798.4
2806.77
2814.73
2822.33
2829.64
2836.71
2843.58
2850.26
2856.76
2863.05
2869.15
2875.05
2880.74
2886.22
2891.47
2896.48
2901.24
2905.76
2910.01
2914
2917.73
2921.21
2924.42
2927.37
2930.04
2932.46
2934.65
2936.62
2938.37
2939.86
2941.1
2942.11
2942.91
2943.52
2943.97
2944.25
2944.38
2944.36
2944.21
2943.95
2943.56
2943.05
2942.45
2941.76
2940.98
2940.13
2939.22
2938.25
2937.25
2936.2
2935.12
2934.02
2932.9
2931.77
2930.64
2929.49
2928.36
2927.22
2926.1
2924.98
2923.88
2922.79
2921.72
2920.67
2919.64
2918.63
2917.64
2916.68
2915.74
2914.83
2913.94
2913.08
2912.24
2911.42
2910.64
2909.87
2909.14
2908.42
2907.73
2907.07
2906.43
2905.82
2905.25
2904.66
2904.24
2903.61
2903.23
2902.7
2902.65
2901.3
1479.45
2451.88
2578.16
2581.6
2590.75
2599.63
2606.94
2613.45
2619.84
2626.13
2632.36
2638.54
2644.7
2650.88
2657.12
2663.39
2669.68
2676.01
2682.42
2688.81
2695.14
2701.68
2708.96
2717.49
2727.34
2738.11
2749.23
2760.18
2770.65
2780.55
2789.87
2798.67
2807.01
2814.95
2822.54
2829.83
2836.88
2843.74
2850.41
2856.9
2863.18
2869.27
2875.15
2880.84
2886.32
2891.56
2896.57
2901.34
2905.85
2910.12
2914.12
2917.87
2921.37
2924.61
2927.59
2930.3
2932.78
2935.04
2937.08
2938.89
2940.45
2941.76
2942.87
2943.78
2944.52
2945.1
2945.53
2945.82
2945.96
2945.97
2945.85
2945.62
2945.28
2944.83
2944.3
2943.69
2943.01
2942.27
2941.48
2940.64
2939.77
2938.86
2937.94
2936.99
2936.03
2935.06
2934.08
2933.1
2932.12
2931.15
2930.18
2929.22
2928.28
2927.34
2926.42
2925.52
2924.64
2923.77
2922.92
2922.09
2921.28
2920.5
2919.73
2918.99
2918.26
2917.56
2916.88
2916.23
2915.59
2914.97
2914.38
2913.81
2913.26
2912.78
2912.24
2911.86
2911.29
2910.97
2910.48
2910.46
2909.21
1477.46
2450.71
2577.15
2581.1
2590.49
2599.42
2606.76
2613.29
2619.68
2625.96
2632.17
2638.33
2644.46
2650.62
2656.85
2663.13
2669.42
2675.77
2682.19
2688.6
2694.97
2701.56
2708.93
2717.56
2727.51
2738.37
2749.53
2760.49
2770.97
2780.85
2790.15
2798.93
2807.25
2815.17
2822.74
2830.01
2837.06
2843.9
2850.56
2857.03
2863.31
2869.38
2875.26
2880.94
2886.41
2891.65
2896.66
2901.43
2905.95
2910.23
2914.24
2918.01
2921.53
2924.8
2927.81
2930.58
2933.11
2935.44
2937.55
2939.42
2941.04
2942.44
2943.65
2944.69
2945.56
2946.29
2946.86
2947.3
2947.6
2947.76
2947.78
2947.7
2947.51
2947.24
2946.87
2946.43
2945.92
2945.36
2944.75
2944.09
2943.39
2942.67
2941.92
2941.15
2940.36
2939.56
2938.75
2937.94
2937.12
2936.31
2935.49
2934.69
2933.88
2933.09
2932.31
2931.54
2930.78
2930.04
2929.31
2928.59
2927.9
2927.22
2926.55
2925.91
2925.28
2924.67
2924.07
2923.5
2922.94
2922.4
2921.88
2921.38
2920.9
2920.5
2920.01
2919.67
2919.17
2918.9
2918.45
2918.45
2917.32
1475.9
2449.56
2576.15
2580.6
2590.23
2599.21
2606.59
2613.13
2619.52
2625.8
2631.99
2638.13
2644.24
2650.38
2656.59
2662.87
2669.16
2675.53
2681.97
2688.4
2694.8
2701.44
2708.89
2717.63
2727.69
2738.62
2749.83
2760.81
2771.28
2781.14
2790.43
2799.19
2807.49
2815.38
2822.93
2830.19
2837.23
2844.06
2850.71
2857.17
2863.43
2869.49
2875.37
2881.04
2886.5
2891.74
2896.75
2901.52
2906.05
2910.34
2914.37
2918.16
2921.7
2925
2928.05
2930.86
2933.47
2935.86
2938.04
2939.97
2941.66
2943.16
2944.49
2945.65
2946.66
2947.54
2948.26
2948.84
2949.29
2949.6
2949.78
2949.86
2949.83
2949.72
2949.52
2949.26
2948.94
2948.56
2948.13
2947.66
2947.15
2946.61
2946.04
2945.45
2944.84
2944.22
2943.58
2942.93
2942.28
2941.62
2940.96
2940.3
2939.65
2938.99
2938.34
2937.7
2937.07
2936.45
2935.83
2935.23
2934.64
2934.07
2933.5
2932.95
2932.41
2931.89
2931.38
2930.89
2930.41
2929.94
2929.5
2929.06
2928.64
2928.33
2927.88
2927.58
2927.16
2926.94
2926.54
2926.55
2925.54
1474.45
2448.43
2575.14
2580.11
2589.98
2599.01
2606.42
2612.98
2619.37
2625.64
2631.81
2637.93
2644.01
2650.13
2656.34
2662.61
2668.91
2675.29
2681.75
2688.2
2694.63
2701.33
2708.87
2717.72
2727.87
2738.88
2750.13
2761.12
2771.59
2781.44
2790.7
2799.44
2807.72
2815.6
2823.13
2830.37
2837.39
2844.22
2850.86
2857.3
2863.55
2869.61
2875.47
2881.14
2886.6
2891.83
2896.84
2901.62
2906.15
2910.45
2914.5
2918.31
2921.88
2925.21
2928.3
2931.17
2933.83
2936.29
2938.53
2940.53
2942.3
2943.9
2945.35
2946.65
2947.8
2948.82
2949.68
2950.4
2950.99
2951.45
2951.79
2952.03
2952.17
2952.23
2952.21
2952.13
2951.99
2951.8
2951.57
2951.29
2950.97
2950.62
2950.24
2949.83
2949.4
2948.96
2948.49
2948.02
2947.53
2947.03
2946.53
2946.02
2945.51
2945
2944.5
2943.99
2943.49
2942.99
2942.5
2942.01
2941.53
2941.06
2940.6
2940.15
2939.71
2939.28
2938.86
2938.45
2938.05
2937.66
2937.29
2936.93
2936.57
2936.34
2935.94
2935.69
2935.33
2935.17
2934.81
2934.83
2933.94
1472.93
2447.32
2574.14
2579.62
2589.73
2598.81
2606.25
2612.83
2619.23
2625.48
2631.64
2637.73
2643.79
2649.9
2656.09
2662.35
2668.66
2675.05
2681.52
2688
2694.47
2701.23
2708.85
2717.8
2728.06
2739.15
2750.43
2761.43
2771.89
2781.73
2790.98
2799.7
2807.95
2815.81
2823.32
2830.55
2837.56
2844.37
2851
2857.43
2863.67
2869.71
2875.57
2881.23
2886.69
2891.92
2896.93
2901.71
2906.25
2910.56
2914.63
2918.46
2922.06
2925.42
2928.56
2931.48
2934.21
2936.73
2939.03
2941.1
2942.97
2944.68
2946.27
2947.71
2948.99
2950.15
2951.15
2952.01
2952.74
2953.35
2953.85
2954.26
2954.58
2954.82
2955
2955.11
2955.17
2955.17
2955.13
2955.05
2954.93
2954.77
2954.57
2954.36
2954.11
2953.84
2953.55
2953.25
2952.92
2952.59
2952.24
2951.89
2951.52
2951.15
2950.78
2950.4
2950.03
2949.65
2949.27
2948.9
2948.53
2948.16
2947.8
2947.45
2947.1
2946.75
2946.42
2946.09
2945.76
2945.45
2945.15
2944.85
2944.56
2944.39
2944.05
2943.85
2943.55
2943.43
2943.12
2943.17
2942.38
1471.5
2446.23
2573.13
2579.14
2589.49
2598.62
2606.09
2612.69
2619.08
2625.33
2631.47
2637.54
2643.58
2649.66
2655.84
2662.1
2668.41
2674.81
2681.31
2687.81
2694.31
2701.12
2708.83
2717.89
2728.25
2739.41
2750.73
2761.74
2772.2
2782.02
2791.25
2799.95
2808.18
2816.01
2823.5
2830.72
2837.72
2844.53
2851.14
2857.56
2863.78
2869.82
2875.67
2881.32
2886.77
2892.01
2897.02
2901.8
2906.35
2910.67
2914.76
2918.61
2922.24
2925.64
2928.83
2931.81
2934.6
2937.18
2939.54
2941.69
2943.66
2945.5
2947.22
2948.79
2950.2
2951.49
2952.62
2953.62
2954.5
2955.26
2955.93
2956.51
2957.02
2957.45
2957.82
2958.13
2958.39
2958.6
2958.75
2958.87
2958.94
2958.97
2958.97
2958.94
2958.88
2958.79
2958.68
2958.54
2958.38
2958.21
2958.02
2957.82
2957.61
2957.38
2957.15
2956.91
2956.66
2956.41
2956.15
2955.9
2955.64
2955.38
2955.13
2954.87
2954.62
2954.37
2954.12
2953.88
2953.64
2953.4
2953.18
2952.95
2952.73
2952.62
2952.34
2952.19
2951.95
2951.87
2951.62
2951.7
2951.02
1470.4
2445.14
2572.13
2578.67
2589.25
2598.44
2605.94
2612.55
2618.95
2625.18
2631.3
2637.35
2643.37
2649.43
2655.6
2661.85
2668.17
2674.58
2681.09
2687.61
2694.15
2701.02
2708.82
2717.99
2728.45
2739.67
2751.03
2762.05
2772.5
2782.31
2791.52
2800.2
2808.41
2816.21
2823.69
2830.89
2837.88
2844.67
2851.28
2857.68
2863.9
2869.92
2875.77
2881.41
2886.86
2892.09
2897.1
2901.89
2906.45
2910.78
2914.89
2918.77
2922.43
2925.87
2929.1
2932.15
2934.99
2937.63
2940.06
2942.3
2944.39
2946.35
2948.21
2949.91
2951.45
2952.86
2954.13
2955.27
2956.3
2957.24
2958.08
2958.85
2959.55
2960.18
2960.75
2961.27
2961.73
2962.14
2962.5
2962.81
2963.08
2963.31
2963.5
2963.65
2963.77
2963.86
2963.92
2963.96
2963.97
2963.96
2963.92
2963.87
2963.8
2963.72
2963.62
2963.51
2963.39
2963.26
2963.13
2962.98
2962.83
2962.68
2962.52
2962.36
2962.2
2962.04
2961.87
2961.71
2961.55
2961.39
2961.23
2961.07
2960.91
2960.87
2960.65
2960.55
2960.36
2960.3
2960.13
2960.24
2959.65
1469.25
2444.08
2571.12
2578.2
2589.02
2598.26
2605.79
2612.41
2618.81
2625.04
2631.14
2637.17
2643.16
2649.2
2655.35
2661.61
2667.93
2674.35
2680.87
2687.42
2693.99
2700.93
2708.82
2718.1
2728.65
2739.94
2751.33
2762.36
2772.8
2782.6
2791.79
2800.44
2808.63
2816.41
2823.87
2831.06
2838.04
2844.82
2851.41
2857.8
2864.01
2870.02
2875.86
2881.5
2886.94
2892.17
2897.19
2901.98
2906.55
2910.9
2915.02
2918.93
2922.62
2926.1
2929.39
2932.49
2935.39
2938.09
2940.6
2942.94
2945.14
2947.23
2949.21
2951.03
2952.69
2954.23
2955.63
2956.93
2958.12
2959.23
2960.26
2961.22
2962.11
2962.95
2963.72
2964.44
2965.1
2965.71
2966.27
2966.79
2967.25
2967.67
2968.05
2968.39
2968.69
2968.96
2969.2
2969.41
2969.58
2969.73
2969.86
2969.96
2970.04
2970.11
2970.15
2970.18
2970.19
2970.19
2970.18
2970.15
2970.12
2970.07
2970.02
2969.97
2969.9
2969.84
2969.76
2969.69
2969.61
2969.53
2969.45
2969.37
2969.29
2969.3
2969.14
2969.12
2968.98
2968.95
2968.86
2969
2968.53
1468.19
2443.01
2570.12
2577.74
2588.79
2598.08
2605.64
2612.28
2618.68
2624.9
2630.98
2636.99
2642.95
2648.98
2655.12
2661.36
2667.69
2674.12
2680.66
2687.22
2693.84
2700.84
2708.82
2718.2
2728.86
2740.21
2751.63
2762.66
2773.1
2782.88
2792.05
2800.68
2808.84
2816.61
2824.05
2831.23
2838.19
2844.96
2851.54
2857.92
2864.11
2870.12
2875.95
2881.59
2887.02
2892.25
2897.27
2902.07
2906.65
2911.01
2915.16
2919.09
2922.82
2926.35
2929.68
2932.84
2935.8
2938.57
2941.16
2943.6
2945.93
2948.14
2950.24
2952.18
2953.96
2955.63
2957.18
2958.63
2960
2961.29
2962.52
2963.68
2964.78
2965.82
2966.8
2967.72
2968.58
2969.4
2970.15
2970.86
2971.52
2972.14
2972.71
2973.23
2973.72
2974.17
2974.58
2974.95
2975.3
2975.61
2975.9
2976.15
2976.38
2976.59
2976.77
2976.93
2977.08
2977.2
2977.31
2977.4
2977.48
2977.54
2977.59
2977.63
2977.66
2977.68
2977.7
2977.7
2977.7
2977.7
2977.69
2977.69
2977.67
2977.73
2977.63
2977.66
2977.56
2977.57
2977.56
2977.71
2977.35
1467.35
2441.96
2569.11
2577.28
2588.57
2597.9
2605.5
2612.15
2618.56
2624.76
2630.83
2636.81
2642.75
2648.75
2654.88
2661.12
2667.45
2673.89
2680.45
2687.03
2693.68
2700.75
2708.83
2718.32
2729.07
2740.48
2751.93
2762.97
2773.39
2783.16
2792.32
2800.92
2809.05
2816.8
2824.22
2831.39
2838.34
2845.1
2851.67
2858.04
2864.22
2870.22
2876.04
2881.67
2887.1
2892.33
2897.35
2902.15
2906.75
2911.13
2915.3
2919.26
2923.02
2926.59
2929.98
2933.19
2936.21
2939.05
2941.73
2944.29
2946.73
2949.06
2951.27
2953.32
2955.22
2957.03
2958.73
2960.35
2961.9
2963.38
2964.8
2966.16
2967.46
2968.7
2969.88
2971
2972.07
2973.08
2974.03
2974.93
2975.79
2976.59
2977.35
2978.06
2978.74
2979.36
2979.95
2980.5
2981.02
2981.5
2981.95
2982.36
2982.75
2983.1
2983.43
2983.73
2984.01
2984.27
2984.5
2984.72
2984.91
2985.09
2985.26
2985.4
2985.54
2985.66
2985.76
2985.86
2985.95
2986.03
2986.1
2986.19
2986.24
2986.37
2986.34
2986.43
2986.39
2986.44
2986.5
2986.66
2986.45
1466.56
2440.9
2568.11
2576.83
2588.35
2597.74
2605.36
2612.03
2618.44
2624.63
2630.68
2636.64
2642.56
2648.54
2654.65
2660.89
2667.21
2673.67
2680.24
2686.85
2693.53
2700.66
2708.84
2718.44
2729.28
2740.76
2752.23
2763.27
2773.69
2783.44
2792.57
2801.15
2809.26
2816.99
2824.39
2831.55
2838.49
2845.24
2851.79
2858.15
2864.32
2870.31
2876.12
2881.75
2887.18
2892.41
2897.43
2902.24
2906.84
2911.24
2915.43
2919.42
2923.22
2926.84
2930.28
2933.55
2936.63
2939.55
2942.33
2945
2947.56
2950
2952.31
2954.48
2956.51
2958.46
2960.33
2962.13
2963.87
2965.55
2967.17
2968.73
2970.23
2971.67
2973.04
2974.36
2975.63
2976.83
2977.99
2979.09
2980.13
2981.13
2982.08
2982.98
2983.84
2984.65
2985.42
2986.15
2986.84
2987.49
2988.1
2988.67
2989.21
2989.72
2990.19
2990.63
2991.05
2991.43
2991.79
2992.13
2992.44
2992.73
2993
2993.25
2993.48
2993.69
2993.89
2994.07
2994.24
2994.39
2994.54
2994.71
2994.82
2995.01
2995.04
2995.18
2995.19
2995.28
2995.39
2995.56
2995.47
1465.75
2439.85
2567.1
2576.39
2588.14
2597.57
2605.22
2611.91
2618.32
2624.5
2630.53
2636.47
2642.36
2648.32
2654.42
2660.65
2666.98
2673.44
2680.03
2686.66
2693.39
2700.58
2708.85
2718.56
2729.5
2741.03
2752.53
2763.58
2773.98
2783.72
2792.83
2801.38
2809.47
2817.17
2824.56
2831.71
2838.64
2845.37
2851.91
2858.25
2864.41
2870.39
2876.2
2881.82
2887.25
2892.48
2897.5
2902.32
2906.94
2911.36
2915.57
2919.59
2923.43
2927.09
2930.59
2933.91
2937.06
2940.06
2942.94
2945.72
2948.39
2950.93
2953.35
2955.63
2957.8
2959.91
2961.95
2963.93
2965.86
2967.73
2969.54
2971.29
2972.98
2974.62
2976.19
2977.7
2979.16
2980.56
2981.91
2983.21
2984.45
2985.64
2986.79
2987.88
2988.93
2989.93
2990.88
2991.79
2992.65
2993.48
2994.25
2994.99
2995.69
2996.36
2996.98
2997.57
2998.13
2998.65
2999.14
2999.61
3000.04
3000.45
3000.83
3001.19
3001.53
3001.85
3002.14
3002.42
3002.68
3002.92
3003.15
3003.42
3003.6
3003.85
3003.96
3004.16
3004.26
3004.4
3004.55
3004.69
3004.82
1465.09
2438.78
2566.09
2575.95
2587.93
2597.41
2605.09
2611.79
2618.2
2624.38
2630.39
2636.3
2642.17
2648.11
2654.19
2660.42
2666.75
2673.22
2679.82
2686.47
2693.24
2700.51
2708.87
2718.69
2729.72
2741.31
2752.83
2763.88
2774.28
2783.99
2793.08
2801.61
2809.68
2817.36
2824.73
2831.86
2838.78
2845.5
2852.02
2858.36
2864.5
2870.48
2876.28
2881.9
2887.32
2892.55
2897.58
2902.41
2907.04
2911.47
2915.71
2919.76
2923.64
2927.35
2930.89
2934.27
2937.49
2940.58
2943.57
2946.46
2949.22
2951.86
2954.39
2956.8
2959.12
2961.4
2963.62
2965.79
2967.91
2969.97
2971.97
2973.91
2975.8
2977.62
2979.39
2981.1
2982.75
2984.35
2985.9
2987.4
2988.84
2990.24
2991.58
2992.87
2994.11
2995.3
2996.44
2997.53
2998.58
2999.57
3000.52
3001.43
3002.29
3003.11
3003.88
3004.62
3005.31
3005.97
3006.6
3007.19
3007.74
3008.27
3008.76
3009.23
3009.67
3010.08
3010.47
3010.84
3011.18
3011.51
3011.82
3012.16
3012.41
3012.71
3012.89
3013.14
3013.31
3013.5
3013.68
3013.85
3014.1
1464.58
2437.7
2565.07
2575.52
2587.72
2597.25
2604.96
2611.68
2618.09
2624.25
2630.25
2636.14
2641.98
2647.9
2653.97
2660.19
2666.52
2673
2679.61
2686.29
2693.1
2700.43
2708.9
2718.82
2729.94
2741.58
2753.13
2764.18
2774.57
2784.27
2793.33
2801.84
2809.88
2817.54
2824.9
2832.02
2838.92
2845.63
2852.14
2858.45
2864.59
2870.56
2876.35
2881.97
2887.39
2892.62
2897.65
2902.49
2907.13
2911.58
2915.85
2919.93
2923.85
2927.61
2931.2
2934.64
2937.94
2941.12
2944.2
2947.19
2950.05
2952.79
2955.44
2957.98
2960.46
2962.9
2965.3
2967.66
2969.95
2972.2
2974.38
2976.51
2978.57
2980.59
2982.55
2984.45
2986.3
2988.1
2989.85
2991.55
2993.2
2994.79
2996.34
2997.82
2999.26
3000.65
3001.98
3003.26
3004.49
3005.66
3006.79
3007.87
3008.89
3009.87
3010.81
3011.7
3012.54
3013.35
3014.11
3014.83
3015.52
3016.17
3016.78
3017.36
3017.91
3018.43
3018.92
3019.38
3019.82
3020.23
3020.63
3021.07
3021.38
3021.75
3022.01
3022.32
3022.57
3022.83
3023.09
3023.36
3023.66
1464.06
2436.61
2564.06
2575.1
2587.52
2597.09
2604.84
2611.57
2617.98
2624.13
2630.11
2635.98
2641.8
2647.69
2653.75
2659.96
2666.29
2672.78
2679.41
2686.11
2692.96
2700.37
2708.93
2718.96
2730.16
2741.86
2753.42
2764.48
2774.85
2784.53
2793.58
2802.06
2810.08
2817.72
2825.07
2832.17
2839.06
2845.75
2852.24
2858.55
2864.68
2870.64
2876.42
2882.03
2887.45
2892.68
2897.72
2902.57
2907.23
2911.7
2915.99
2920.1
2924.06
2927.87
2931.52
2935.02
2938.39
2941.66
2944.85
2947.93
2950.88
2953.73
2956.5
2959.19
2961.84
2964.46
2967.03
2969.56
2972.04
2974.46
2976.82
2979.13
2981.39
2983.59
2985.75
2987.85
2989.91
2991.91
2993.87
2995.78
2997.63
2999.43
3001.18
3002.88
3004.52
3006.1
3007.63
3009.1
3010.51
3011.87
3013.17
3014.42
3015.62
3016.76
3017.85
3018.89
3019.88
3020.82
3021.71
3022.57
3023.38
3024.15
3024.88
3025.57
3026.23
3026.85
3027.44
3028
3028.52
3029.03
3029.51
3030.02
3030.41
3030.84
3031.17
3031.53
3031.86
3032.17
3032.48
3032.82
3033.17
1463.66
2435.51
2563.04
2574.68
2587.32
2596.94
2604.72
2611.46
2617.87
2624.02
2629.98
2635.82
2641.61
2647.49
2653.53
2659.73
2666.07
2672.56
2679.2
2685.93
2692.82
2700.3
2708.96
2719.1
2730.38
2742.13
2753.72
2764.77
2775.14
2784.8
2793.82
2802.28
2810.28
2817.9
2825.23
2832.32
2839.19
2845.87
2852.35
2858.64
2864.76
2870.71
2876.49
2882.09
2887.51
2892.75
2897.79
2902.65
2907.32
2911.81
2916.12
2920.28
2924.28
2928.13
2931.83
2935.39
2938.85
2942.21
2945.49
2948.65
2951.71
2954.66
2957.57
2960.41
2963.22
2966.01
2968.76
2971.45
2974.09
2976.68
2979.22
2981.71
2984.15
2986.55
2988.9
2991.2
2993.47
2995.68
2997.85
2999.96
3002.03
3004.04
3006
3007.89
3009.74
3011.52
3013.24
3014.9
3016.51
3018.05
3019.53
3020.96
3022.32
3023.63
3024.88
3026.08
3027.22
3028.32
3029.36
3030.35
3031.29
3032.19
3033.05
3033.86
3034.63
3035.36
3036.05
3036.71
3037.33
3037.93
3038.5
3039.09
3039.55
3040.06
3040.46
3040.89
3041.3
3041.68
3042.06
3042.46
3042.91
1463.37
2434.39
2562.02
2574.27
2587.13
2596.79
2604.6
2611.35
2617.77
2623.9
2629.84
2635.67
2641.44
2647.29
2653.31
2659.51
2665.84
2672.35
2679
2685.75
2692.69
2700.24
2709
2719.24
2730.61
2742.4
2754.01
2765.06
2775.42
2785.06
2794.06
2802.5
2810.47
2818.08
2825.39
2832.46
2839.32
2845.98
2852.45
2858.73
2864.84
2870.78
2876.55
2882.15
2887.57
2892.8
2897.85
2902.72
2907.41
2911.92
2916.26
2920.45
2924.49
2928.39
2932.14
2935.78
2939.31
2942.77
2946.13
2949.38
2952.54
2955.61
2958.66
2961.67
2964.64
2967.59
2970.5
2973.36
2976.16
2978.92
2981.64
2984.31
2986.94
2989.54
2992.09
2994.61
2997.08
2999.51
3001.9
3004.23
3006.51
3008.73
3010.9
3013
3015.05
3017.03
3018.96
3020.81
3022.61
3024.33
3026
3027.6
3029.13
3030.61
3032.02
3033.37
3034.66
3035.89
3037.07
3038.2
3039.27
3040.29
3041.26
3042.19
3043.07
3043.91
3044.71
3045.46
3046.18
3046.88
3047.54
3048.21
3048.76
3049.34
3049.82
3050.32
3050.79
3051.25
3051.69
3052.15
3052.67
1463.18
2433.25
2561
2573.87
2586.94
2596.65
2604.48
2611.25
2617.67
2623.79
2629.72
2635.51
2641.26
2647.09
2653.1
2659.28
2665.62
2672.13
2678.8
2685.58
2692.56
2700.18
2709.05
2719.39
2730.84
2742.68
2754.3
2765.36
2775.7
2785.32
2794.3
2802.71
2810.66
2818.25
2825.55
2832.6
2839.45
2846.1
2852.55
2858.81
2864.91
2870.84
2876.61
2882.21
2887.62
2892.86
2897.92
2902.79
2907.49
2912.02
2916.39
2920.62
2924.7
2928.65
2932.46
2936.16
2939.78
2943.32
2946.76
2950.1
2953.36
2956.56
2959.76
2962.92
2966.05
2969.15
2972.21
2975.22
2978.19
2981.11
2984
2986.86
2989.69
2992.48
2995.25
2997.97
3000.66
3003.3
3005.89
3008.44
3010.93
3013.36
3015.74
3018.05
3020.31
3022.49
3024.61
3026.66
3028.64
3030.55
3032.4
3034.17
3035.88
3037.52
3039.1
3040.61
3042.06
3043.45
3044.78
3046.05
3047.26
3048.42
3049.52
3050.58
3051.58
3052.53
3053.44
3054.3
3055.12
3055.91
3056.66
3057.41
3058.04
3058.69
3059.25
3059.82
3060.37
3060.89
3061.4
3061.93
3062.54
1462.79
2432.07
2559.98
2573.48
2586.75
2596.51
2604.37
2611.15
2617.57
2623.68
2629.59
2635.36
2641.08
2646.89
2652.88
2659.06
2665.4
2671.92
2678.6
2685.4
2692.43
2700.13
2709.1
2719.55
2731.08
2742.96
2754.6
2765.65
2775.97
2785.58
2794.53
2802.92
2810.85
2818.42
2825.7
2832.74
2839.57
2846.2
2852.64
2858.89
2864.98
2870.9
2876.66
2882.26
2887.67
2892.91
2897.97
2902.86
2907.58
2912.13
2916.53
2920.79
2924.91
2928.9
2932.78
2936.55
2940.25
2943.86
2947.39
2950.83
2954.2
2957.54
2960.88
2964.19
2967.46
2970.71
2973.92
2977.08
2980.21
2983.32
2986.39
2989.44
2992.47
2995.47
2998.44
3001.38
3004.28
3007.14
3009.96
3012.72
3015.42
3018.07
3020.65
3023.17
3025.63
3028.01
3030.33
3032.57
3034.75
3036.85
3038.87
3040.83
3042.71
3044.52
3046.26
3047.93
3049.53
3051.07
3052.54
3053.94
3055.29
3056.57
3057.79
3058.96
3060.08
3061.15
3062.16
3063.13
3064.05
3064.95
3065.79
3066.63
3067.35
3068.09
3068.74
3069.39
3070.02
3070.62
3071.2
3071.81
3072.52
1462.6
2430.86
2558.96
2573.09
2586.57
2596.37
2604.26
2611.05
2617.47
2623.57
2629.46
2635.22
2640.91
2646.7
2652.67
2658.84
2665.18
2671.7
2678.4
2685.23
2692.3
2700.08
2709.15
2719.71
2731.31
2743.24
2754.89
2765.93
2776.25
2785.83
2794.76
2803.13
2811.03
2818.58
2825.85
2832.88
2839.69
2846.31
2852.73
2858.97
2865.04
2870.96
2876.71
2882.3
2887.72
2892.96
2898.03
2902.92
2907.66
2912.23
2916.66
2920.95
2925.12
2929.16
2933.09
2936.93
2940.71
2944.4
2948.01
2951.54
2955.03
2958.5
2961.99
2965.44
2968.85
2972.24
2975.58
2978.9
2982.19
2985.47
2988.73
2991.97
2995.2
2998.41
3001.59
3004.74
3007.85
3010.92
3013.94
3016.91
3019.83
3022.68
3025.47
3028.19
3030.85
3033.43
3035.94
3038.38
3040.74
3043.03
3045.24
3047.37
3049.43
3051.41
3053.32
3055.15
3056.92
3058.61
3060.23
3061.79
3063.28
3064.71
3066.07
3067.38
3068.63
3069.82
3070.95
3072.04
3073.07
3074.07
3075.01
3075.93
3076.74
3077.56
3078.29
3079.01
3079.71
3080.38
3081.03
3081.7
3082.5
1462.84
2429.62
2557.94
2572.71
2586.39
2596.23
2604.15
2610.96
2617.38
2623.47
2629.34
2635.07
2640.74
2646.5
2652.46
2658.63
2664.96
2671.49
2678.2
2685.05
2692.17
2700.03
2709.21
2719.87
2731.56
2743.52
2755.18
2766.22
2776.52
2786.08
2794.99
2803.33
2811.21
2818.74
2825.99
2833.01
2839.81
2846.41
2852.81
2859.04
2865.1
2871.01
2876.76
2882.35
2887.76
2893
2898.08
2902.99
2907.73
2912.33
2916.79
2921.12
2925.32
2929.41
2933.4
2937.32
2941.16
2944.94
2948.63
2952.27
2955.88
2959.49
2963.1
2966.69
2970.23
2973.75
2977.24
2980.72
2984.18
2987.64
2991.09
2994.54
2997.97
3001.39
3004.78
3008.13
3011.46
3014.74
3017.97
3021.15
3024.27
3027.33
3030.33
3033.25
3036.11
3038.89
3041.6
3044.23
3046.78
3049.26
3051.65
3053.97
3056.2
3058.36
3060.43
3062.43
3064.36
3066.2
3067.97
3069.67
3071.3
3072.86
3074.35
3075.77
3077.13
3078.44
3079.68
3080.88
3082.01
3083.11
3084.15
3085.17
3086.08
3086.99
3087.82
3088.64
3089.43
3090.19
3090.93
3091.7
3092.62
1463.01
2428.35
2556.91
2572.33
2586.22
2596.09
2604.04
2610.86
2617.28
2623.37
2629.22
2634.93
2640.57
2646.31
2652.26
2658.41
2664.74
2671.28
2678
2684.88
2692.05
2699.99
2709.27
2720.04
2731.8
2743.8
2755.47
2766.51
2776.79
2786.33
2795.21
2803.52
2811.39
2818.9
2826.13
2833.13
2839.92
2846.5
2852.89
2859.1
2865.16
2871.06
2876.8
2882.38
2887.8
2893.04
2898.12
2903.04
2907.81
2912.43
2916.91
2921.28
2925.52
2929.66
2933.71
2937.7
2941.61
2945.46
2949.24
2952.98
2956.71
2960.45
2964.19
2967.9
2971.56
2975.21
2978.85
2982.49
2986.12
2989.76
2993.41
2997.05
3000.68
3004.29
3007.88
3011.44
3014.97
3018.45
3021.88
3025.26
3028.58
3031.84
3035.04
3038.17
3041.22
3044.2
3047.1
3049.93
3052.67
3055.33
3057.91
3060.4
3062.82
3065.15
3067.39
3069.56
3071.65
3073.66
3075.59
3077.44
3079.22
3080.93
3082.57
3084.15
3085.65
3087.09
3088.47
3089.8
3091.05
3092.27
3093.42
3094.54
3095.55
3096.55
3097.48
3098.37
3099.23
3100.06
3100.86
3101.69
3102.69
1462.91
2427.02
2555.89
2571.97
2586.04
2595.96
2603.94
2610.77
2617.19
2623.26
2629.1
2634.79
2640.41
2646.12
2652.05
2658.19
2664.53
2671.07
2677.81
2684.71
2691.93
2699.95
2709.33
2720.2
2732.04
2744.08
2755.76
2766.79
2777.05
2786.57
2795.42
2803.71
2811.55
2819.05
2826.27
2833.25
2840.02
2846.59
2852.96
2859.17
2865.21
2871.1
2876.84
2882.42
2887.83
2893.08
2898.16
2903.09
2907.87
2912.52
2917.03
2921.43
2925.72
2929.91
2934.02
2938.07
2942.06
2945.98
2949.85
2953.7
2957.55
2961.41
2965.27
2969.09
2972.88
2976.67
2980.46
2984.26
2988.08
2991.9
2995.74
2999.57
3003.4
3007.21
3011
3014.76
3018.48
3022.16
3025.8
3029.38
3032.9
3036.36
3039.76
3043.09
3046.34
3049.52
3052.62
3055.64
3058.58
3061.42
3064.19
3066.87
3069.47
3071.98
3074.4
3076.73
3078.99
3081.16
3083.24
3085.25
3087.17
3089.02
3090.79
3092.49
3094.11
3095.67
3097.15
3098.59
3099.95
3101.27
3102.51
3103.72
3104.83
3105.92
3106.95
3107.94
3108.89
3109.81
3110.71
3111.64
3112.78
1462.51
2425.63
2554.87
2571.61
2585.87
2595.83
2603.84
2610.68
2617.1
2623.17
2628.99
2634.65
2640.24
2645.94
2651.84
2657.98
2664.31
2670.86
2677.61
2684.54
2691.81
2699.91
2709.4
2720.37
2732.28
2744.35
2756.05
2767.07
2777.32
2786.81
2795.64
2803.9
2811.72
2819.19
2826.4
2833.37
2840.12
2846.67
2853.03
2859.22
2865.26
2871.14
2876.87
2882.44
2887.86
2893.11
2898.2
2903.14
2907.94
2912.6
2917.15
2921.58
2925.9
2930.14
2934.32
2938.43
2942.49
2946.49
2950.45
2954.4
2958.37
2962.33
2966.3
2970.24
2974.15
2978.08
2982.02
2985.99
2989.98
2993.99
2998
3002.02
3006.03
3010.03
3014
3017.95
3021.86
3025.73
3029.56
3033.34
3037.06
3040.71
3044.31
3047.83
3051.29
3054.66
3057.95
3061.16
3064.29
3067.33
3070.28
3073.14
3075.92
3078.6
3081.2
3083.71
3086.13
3088.46
3090.71
3092.87
3094.95
3096.96
3098.88
3100.73
3102.5
3104.22
3105.84
3107.42
3108.91
3110.36
3111.73
3113.06
3114.29
3115.49
3116.64
3117.73
3118.77
3119.78
3120.75
3121.77
3123
1462.49
2424.2
2553.85
2571.26
2585.7
2595.7
2603.74
2610.59
2617.01
2623.07
2628.87
2634.51
2640.08
2645.75
2651.64
2657.76
2664.09
2670.65
2677.41
2684.37
2691.7
2699.88
2709.47
2720.54
2732.51
2744.63
2756.33
2767.34
2777.57
2787.05
2795.84
2804.08
2811.87
2819.33
2826.52
2833.48
2840.22
2846.75
2853.1
2859.27
2865.3
2871.17
2876.9
2882.47
2887.88
2893.13
2898.23
2903.18
2907.99
2912.68
2917.25
2921.72
2926.09
2930.38
2934.61
2938.79
2942.91
2946.99
2951.04
2955.1
2959.18
2963.25
2967.32
2971.37
2975.41
2979.48
2983.59
2987.72
2991.89
2996.07
3000.26
3004.46
3008.65
3012.83
3016.98
3021.12
3025.22
3029.28
3033.3
3037.27
3041.19
3045.05
3048.84
3052.56
3056.21
3059.78
3063.28
3066.68
3070
3073.23
3076.37
3079.42
3082.38
3085.24
3088.02
3090.7
3093.29
3095.79
3098.2
3100.52
3102.75
3104.9
3106.96
3108.95
3110.84
3112.68
3114.41
3116.1
3117.7
3119.25
3120.72
3122.13
3123.46
3124.74
3125.98
3127.15
3128.28
3129.36
3130.43
3131.54
3132.9
1463.05
2422.72
2552.83
2570.91
2585.54
2595.57
2603.64
2610.51
2616.93
2622.97
2628.76
2634.38
2639.92
2645.57
2651.44
2657.55
2663.88
2670.44
2677.22
2684.21
2691.58
2699.85
2709.55
2720.71
2732.75
2744.89
2756.61
2767.61
2777.83
2787.27
2796.04
2804.25
2812.03
2819.47
2826.64
2833.59
2840.31
2846.83
2853.16
2859.32
2865.33
2871.2
2876.92
2882.48
2887.89
2893.15
2898.25
2903.21
2908.04
2912.75
2917.35
2921.85
2926.26
2930.6
2934.89
2939.13
2943.32
2947.47
2951.62
2955.77
2959.94
2964.11
2968.28
2972.45
2976.62
2980.84
2985.1
2989.4
2993.72
2998.07
3002.43
3006.79
3011.15
3015.49
3019.82
3024.13
3028.41
3032.66
3036.87
3041.03
3045.14
3049.19
3053.18
3057.09
3060.93
3064.69
3068.38
3071.97
3075.49
3078.9
3082.23
3085.46
3088.6
3091.64
3094.58
3097.44
3100.19
3102.86
3105.43
3107.91
3110.29
3112.6
3114.81
3116.96
3119
3120.99
3122.87
3124.71
3126.45
3128.13
3129.73
3131.28
3132.74
3134.14
3135.51
3136.8
3138.05
3139.24
3140.41
3141.63
3143.14
1463.61
2421.19
2551.82
2570.58
2585.38
2595.45
2603.54
2610.42
2616.84
2622.88
2628.65
2634.24
2639.76
2645.38
2651.24
2657.34
2663.66
2670.23
2677.02
2684.04
2691.47
2699.82
2709.62
2720.88
2732.98
2745.16
2756.88
2767.88
2778.08
2787.5
2796.24
2804.43
2812.18
2819.6
2826.76
2833.69
2840.39
2846.89
2853.21
2859.36
2865.36
2871.22
2876.93
2882.49
2887.9
2893.16
2898.27
2903.24
2908.09
2912.82
2917.44
2921.97
2926.42
2930.81
2935.16
2939.46
2943.71
2947.94
2952.18
2956.43
2960.7
2964.96
2969.23
2973.52
2977.82
2982.19
2986.6
2991.05
2995.54
3000.04
3004.55
3009.07
3013.59
3018.11
3022.61
3027.1
3031.56
3036
3040.39
3044.74
3049.05
3053.29
3057.47
3061.58
3065.62
3069.57
3073.45
3077.23
3080.93
3084.53
3088.05
3091.46
3094.78
3098
3101.13
3104.15
3107.08
3109.91
3112.64
3115.28
3117.82
3120.28
3122.63
3124.92
3127.09
3129.2
3131.2
3133.15
3134.99
3136.78
3138.48
3140.11
3141.68
3143.17
3144.62
3145.99
3147.31
3148.57
3149.81
3151.09
3152.69
1463.91
2419.6
2550.81
2570.25
2585.21
2595.32
2603.45
2610.34
2616.76
2622.79
2628.54
2634.11
2639.6
2645.2
2651.04
2657.13
2663.45
2670.02
2676.83
2683.87
2691.36
2699.8
2709.7
2721.05
2733.22
2745.43
2757.16
2768.15
2778.32
2787.72
2796.43
2804.59
2812.32
2819.73
2826.87
2833.78
2840.47
2846.95
2853.26
2859.4
2865.39
2871.24
2876.94
2882.5
2887.9
2893.16
2898.28
2903.26
2908.12
2912.87
2917.52
2922.08
2926.58
2931.02
2935.42
2939.77
2944.09
2948.39
2952.71
2957.05
2961.4
2965.76
2970.13
2974.54
2978.98
2983.48
2988.03
2992.63
2997.25
3001.9
3006.55
3011.22
3015.9
3020.57
3025.24
3029.9
3034.54
3039.15
3043.72
3048.26
3052.74
3057.17
3061.54
3065.83
3070.06
3074.19
3078.26
3082.22
3086.11
3089.89
3093.58
3097.17
3100.67
3104.06
3107.35
3110.54
3113.63
3116.62
3119.51
3122.31
3125
3127.61
3130.1
3132.54
3134.86
3137.12
3139.27
3141.35
3143.35
3145.27
3147.1
3148.87
3150.57
3152.18
3153.75
3155.24
3156.68
3158.06
3159.41
3160.82
3162.6
1463.97
2417.93
2549.8
2569.93
2585.06
2595.2
2603.35
2610.26
2616.68
2622.69
2628.43
2633.98
2639.44
2645.02
2650.84
2656.92
2663.23
2669.81
2676.63
2683.71
2691.25
2699.77
2709.79
2721.23
2733.45
2745.69
2757.43
2768.41
2778.56
2787.93
2796.62
2804.76
2812.46
2819.85
2826.98
2833.87
2840.54
2847.01
2853.3
2859.42
2865.41
2871.25
2876.94
2882.5
2887.9
2893.16
2898.28
2903.27
2908.15
2912.92
2917.59
2922.19
2926.72
2931.21
2935.66
2940.07
2944.44
2948.82
2953.22
2957.65
2962.09
2966.53
2971.01
2975.54
2980.11
2984.74
2989.43
2994.16
2998.91
3003.69
3008.49
3013.31
3018.14
3022.97
3027.81
3032.64
3037.45
3042.24
3047
3051.71
3056.38
3060.99
3065.54
3070.01
3074.42
3078.74
3082.99
3087.14
3091.2
3095.16
3099.03
3102.79
3106.46
3110.02
3113.49
3116.84
3120.1
3123.25
3126.3
3129.26
3132.1
3134.86
3137.5
3140.07
3142.52
3144.9
3147.17
3149.37
3151.47
3153.49
3155.41
3157.27
3159.07
3160.78
3162.43
3164.01
3165.54
3167
3168.43
3169.91
3171.77
1463.7
2416.18
2548.79
2569.61
2584.9
2595.08
2603.26
2610.18
2616.6
2622.6
2628.32
2633.85
2639.29
2644.84
2650.64
2656.71
2663.02
2669.6
2676.43
2683.54
2691.14
2699.76
2709.87
2721.41
2733.69
2745.96
2757.69
2768.66
2778.8
2788.14
2796.8
2804.91
2812.6
2819.97
2827.08
2833.96
2840.61
2847.06
2853.33
2859.45
2865.42
2871.25
2876.94
2882.48
2887.88
2893.14
2898.27
2903.27
2908.16
2912.95
2917.65
2922.28
2926.85
2931.39
2935.88
2940.34
2944.78
2949.23
2953.71
2958.21
2962.73
2967.26
2971.84
2976.48
2981.17
2985.93
2990.74
2995.58
3000.46
3005.36
3010.29
3015.25
3020.22
3025.21
3030.2
3035.19
3040.17
3045.12
3050.05
3054.93
3059.77
3064.55
3069.27
3073.92
3078.5
3082.99
3087.41
3091.73
3095.96
3100.09
3104.12
3108.05
3111.88
3115.61
3119.23
3122.74
3126.15
3129.46
3132.65
3135.76
3138.73
3141.64
3144.42
3147.13
3149.72
3152.24
3154.64
3156.98
3159.22
3161.37
3163.44
3165.43
3167.36
3169.2
3170.97
3172.65
3174.27
3175.83
3177.35
3178.94
3180.95
1463.43
2414.34
2547.79
2569.31
2584.74
2594.96
2603.17
2610.1
2616.52
2622.52
2628.22
2633.72
2639.13
2644.66
2650.44
2656.49
2662.8
2669.39
2676.24
2683.38
2691.03
2699.74
2709.97
2721.6
2733.94
2746.22
2757.95
2768.91
2779.02
2788.35
2796.98
2805.07
2812.73
2820.09
2827.18
2834.03
2840.67
2847.1
2853.36
2859.46
2865.42
2871.24
2876.92
2882.46
2887.86
2893.12
2898.25
2903.26
2908.17
2912.98
2917.7
2922.36
2926.97
2931.55
2936.08
2940.59
2945.09
2949.61
2954.16
2958.74
2963.34
2967.96
2972.64
2977.39
2982.2
2987.06
2991.98
2996.93
3001.93
3006.96
3012.02
3017.12
3022.24
3027.38
3032.52
3037.67
3042.81
3047.92
3053.01
3058.06
3063.07
3068.01
3072.9
3077.71
3082.46
3087.12
3091.7
3096.18
3100.58
3104.87
3109.07
3113.16
3117.15
3121.03
3124.81
3128.48
3132.04
3135.5
3138.84
3142.1
3145.22
3148.27
3151.18
3154.03
3156.74
3159.38
3161.91
3164.35
3166.68
3168.93
3171.09
3173.16
3175.16
3177.08
3178.92
3180.69
3182.4
3184.05
3185.67
3187.37
3189.53
1463.75
2412.44
2546.79
2569.01
2584.59
2594.84
2603.08
2610.02
2616.44
2622.43
2628.11
2633.59
2638.98
2644.48
2650.24
2656.28
2662.59
2669.17
2676.04
2683.21
2690.93
2699.72
2710.06
2721.79
2734.18
2746.48
2758.21
2769.15
2779.25
2788.54
2797.15
2805.22
2812.86
2820.19
2827.27
2834.11
2840.72
2847.14
2853.38
2859.47
2865.42
2871.23
2876.9
2882.44
2887.83
2893.09
2898.22
2903.24
2908.16
2912.99
2917.73
2922.42
2927.07
2931.69
2936.26
2940.81
2945.37
2949.96
2954.58
2959.23
2963.9
2968.61
2973.38
2978.23
2983.13
2988.1
2993.11
2998.17
3003.27
3008.42
3013.6
3018.83
3024.09
3029.36
3034.65
3039.94
3045.23
3050.49
3055.72
3060.92
3066.07
3071.17
3076.21
3081.17
3086.07
3090.88
3095.62
3100.25
3104.8
3109.24
3113.59
3117.83
3121.97
3126
3129.92
3133.73
3137.43
3141.03
3144.5
3147.89
3151.14
3154.32
3157.36
3160.32
3163.16
3165.92
3168.57
3171.13
3173.59
3175.96
3178.25
3180.45
3182.59
3184.63
3186.61
3188.49
3190.3
3192.03
3193.72
3195.48
3197.71
1464.37
2410.48
2545.78
2568.71
2584.43
2594.72
2603
2609.95
2616.36
2622.34
2628.01
2633.47
2638.83
2644.31
2650.04
2656.07
2662.37
2668.96
2675.84
2683.04
2690.82
2699.71
2710.15
2721.97
2734.42
2746.74
2758.47
2769.39
2779.46
2788.74
2797.32
2805.36
2812.98
2820.3
2827.35
2834.17
2840.77
2847.17
2853.39
2859.47
2865.41
2871.21
2876.87
2882.4
2887.79
2893.05
2898.18
2903.21
2908.14
2912.98
2917.75
2922.47
2927.16
2931.8
2936.42
2941.01
2945.63
2950.28
2954.97
2959.68
2964.42
2969.21
2974.08
2979.02
2984.01
2989.06
2994.17
2999.32
3004.53
3009.79
3015.11
3020.46
3025.85
3031.26
3036.68
3042.11
3047.53
3052.93
3058.31
3063.64
3068.94
3074.17
3079.36
3084.47
3089.51
3094.47
3099.35
3104.12
3108.82
3113.4
3117.89
3122.28
3126.55
3130.73
3134.78
3138.74
3142.57
3146.31
3149.91
3153.43
3156.81
3160.11
3163.28
3166.36
3169.32
3172.19
3174.95
3177.61
3180.17
3182.63
3185
3187.27
3189.47
3191.56
3193.58
3195.51
3197.36
3199.15
3200.92
3202.77
3205.12
1464.98
2408.47
2544.77
2568.42
2584.28
2594.6
2602.91
2609.87
2616.29
2622.26
2627.91
2633.34
2638.67
2644.13
2649.85
2655.86
2662.16
2668.75
2675.64
2682.88
2690.72
2699.7
2710.25
2722.15
2734.65
2746.99
2758.72
2769.63
2779.68
2788.92
2797.48
2805.5
2813.1
2820.39
2827.43
2834.23
2840.81
2847.19
2853.4
2859.46
2865.39
2871.18
2876.83
2882.35
2887.74
2892.99
2898.13
2903.17
2908.11
2912.96
2917.75
2922.5
2927.22
2931.89
2936.54
2941.19
2945.86
2950.57
2955.32
2960.08
2964.89
2969.75
2974.7
2979.71
2984.79
2989.92
2995.1
3000.35
3005.66
3011.03
3016.46
3021.92
3027.43
3032.95
3038.49
3044.03
3049.57
3055.09
3060.59
3066.05
3071.47
3076.83
3082.15
3087.38
3092.56
3097.64
3102.65
3107.55
3112.38
3117.09
3121.71
3126.22
3130.63
3134.93
3139.1
3143.18
3147.13
3150.99
3154.7
3158.34
3161.83
3165.24
3168.51
3171.7
3174.76
3177.73
3180.59
3183.35
3186.01
3188.57
3191.05
3193.43
3195.74
3197.95
3200.09
3202.14
3204.12
3206.02
3207.89
3209.82
3212.32
1465.29
2406.36
2543.76
2568.14
2584.13
2594.49
2602.82
2609.8
2616.21
2622.17
2627.81
2633.22
2638.52
2643.95
2649.65
2655.65
2661.94
2668.54
2675.44
2682.71
2690.61
2699.69
2710.34
2722.33
2734.88
2747.24
2758.96
2769.86
2779.88
2789.1
2797.63
2805.62
2813.21
2820.48
2827.5
2834.28
2840.84
2847.21
2853.4
2859.45
2865.36
2871.13
2876.78
2882.29
2887.67
2892.93
2898.07
2903.11
2908.06
2912.93
2917.74
2922.51
2927.25
2931.96
2936.64
2941.33
2946.06
2950.82
2955.62
2960.44
2965.31
2970.25
2975.26
2980.35
2985.49
2990.69
2995.96
3001.3
3006.71
3012.18
3017.71
3023.28
3028.89
3034.52
3040.17
3045.82
3051.47
3057.1
3062.71
3068.28
3073.82
3079.29
3084.72
3090.07
3095.37
3100.57
3105.7
3110.72
3115.67
3120.5
3125.24
3129.87
3134.39
3138.81
3143.1
3147.3
3151.35
3155.33
3159.15
3162.9
3166.49
3170.01
3173.39
3176.67
3179.84
3182.9
3185.85
3188.7
3191.44
3194.08
3196.63
3199.08
3201.44
3203.7
3205.87
3207.95
3209.94
3211.85
3213.72
3215.68
3218.16
1465.35
2404.17
2542.75
2567.87
2583.98
2594.37
2602.74
2609.72
2616.14
2622.09
2627.71
2633.09
2638.37
2643.78
2649.45
2655.44
2661.72
2668.32
2675.24
2682.55
2690.51
2699.68
2710.43
2722.5
2735.1
2747.48
2759.2
2770.08
2780.08
2789.27
2797.77
2805.74
2813.31
2820.56
2827.56
2834.33
2840.87
2847.21
2853.39
2859.42
2865.32
2871.08
2876.72
2882.22
2887.59
2892.85
2897.99
2903.03
2907.99
2912.88
2917.71
2922.51
2927.27
2931.99
2936.71
2941.45
2946.22
2951.03
2955.88
2960.74
2965.67
2970.66
2975.73
2980.88
2986.09
2991.36
2996.7
3002.12
3007.61
3013.17
3018.78
3024.44
3030.14
3035.85
3041.59
3047.33
3053.07
3058.78
3064.49
3070.15
3075.79
3081.36
3086.9
3092.35
3097.75
3103.05
3108.28
3113.41
3118.46
3123.4
3128.24
3132.97
3137.59
3142.11
3146.49
3150.79
3154.94
3159.01
3162.92
3166.75
3170.44
3174.03
3177.5
3180.86
3184.1
3187.24
3190.27
3193.19
3196.01
3198.72
3201.35
3203.87
3206.32
3208.66
3210.93
3213.1
3215.2
3217.22
3219.22
3221.3
3224.02
1465.21
2401.85
2541.74
2567.6
2583.83
2594.26
2602.66
2609.65
2616.07
2622.01
2627.61
2632.97
2638.22
2643.6
2649.26
2655.23
2661.5
2668.1
2675.04
2682.38
2690.41
2699.66
2710.52
2722.67
2735.32
2747.72
2759.44
2770.3
2780.27
2789.43
2797.91
2805.85
2813.4
2820.64
2827.62
2834.36
2840.89
2847.21
2853.37
2859.39
2865.27
2871.02
2876.64
2882.14
2887.51
2892.76
2897.9
2902.94
2907.91
2912.81
2917.66
2922.47
2927.26
2932.01
2936.76
2941.53
2946.35
2951.2
2956.08
2960.99
2965.96
2971.01
2976.14
2981.34
2986.6
2991.94
2997.35
3002.85
3008.42
3014.05
3019.74
3025.47
3031.24
3037.03
3042.84
3048.66
3054.48
3060.27
3066.06
3071.81
3077.53
3083.19
3088.82
3094.36
3099.85
3105.24
3110.56
3115.79
3120.92
3125.95
3130.88
3135.71
3140.41
3145.02
3149.49
3153.87
3158.1
3162.26
3166.25
3170.16
3173.93
3177.6
3181.14
3184.58
3187.89
3191.1
3194.2
3197.18
3200.07
3202.84
3205.52
3208.09
3210.58
3212.95
3215.24
3217.43
3219.54
3221.55
3223.52
3225.55
3228.18
1464.86
2399.42
2540.74
2567.34
2583.68
2594.15
2602.57
2609.58
2615.99
2621.92
2627.51
2632.85
2638.07
2643.43
2649.06
2655.02
2661.28
2667.89
2674.84
2682.21
2690.3
2699.65
2710.6
2722.83
2735.53
2747.94
2759.66
2770.51
2780.46
2789.59
2798.04
2805.96
2813.48
2820.7
2827.67
2834.39
2840.9
2847.2
2853.35
2859.34
2865.21
2870.95
2876.56
2882.04
2887.4
2892.65
2897.79
2902.84
2907.81
2912.72
2917.59
2922.42
2927.21
2931.99
2936.77
2941.58
2946.44
2951.32
2956.23
2961.17
2966.19
2971.28
2976.46
2981.7
2987.02
2992.41
2997.88
3003.44
3009.07
3014.75
3020.5
3026.28
3032.1
3037.95
3043.81
3049.69
3055.57
3061.42
3067.28
3073.09
3078.89
3084.61
3090.31
3095.92
3101.48
3106.95
3112.35
3117.65
3122.85
3127.96
3132.96
3137.86
3142.63
3147.31
3151.84
3156.29
3160.59
3164.8
3168.86
3172.82
3176.65
3180.37
3183.96
3187.45
3190.82
3194.07
3197.21
3200.24
3203.17
3205.99
3208.71
3211.33
3213.86
3216.29
3218.64
3220.89
3223.06
3225.15
3227.21
3229.35
3232.16
1464.22
2396.87
2539.75
2567.08
2583.53
2594.03
2602.49
2609.51
2615.92
2621.84
2627.41
2632.72
2637.93
2643.25
2648.86
2654.8
2661.06
2667.67
2674.63
2682.04
2690.2
2699.64
2710.69
2723
2735.73
2748.17
2759.88
2770.71
2780.63
2789.74
2798.16
2806.05
2813.56
2820.76
2827.71
2834.41
2840.9
2847.18
2853.31
2859.29
2865.14
2870.87
2876.46
2881.94
2887.29
2892.53
2897.67
2902.72
2907.69
2912.61
2917.49
2922.33
2927.14
2931.94
2936.75
2941.6
2946.49
2951.39
2956.32
2961.29
2966.35
2971.49
2976.7
2981.99
2987.35
2992.79
2998.31
3003.91
3009.59
3015.32
3021.1
3026.93
3032.79
3038.68
3044.59
3050.51
3056.44
3062.35
3068.25
3074.12
3079.97
3085.76
3091.51
3097.18
3102.8
3108.33
3113.79
3119.14
3124.41
3129.57
3134.62
3139.58
3144.4
3149.14
3153.72
3158.22
3162.57
3166.83
3170.94
3174.95
3178.82
3182.58
3186.22
3189.75
3193.15
3196.44
3199.63
3202.69
3205.66
3208.51
3211.26
3213.91
3216.46
3218.9
3221.26
3223.51
3225.67
3227.74
3229.79
3231.9
3234.68
1463.77
2394.22
2538.75
2566.83
2583.38
2593.92
2602.41
2609.44
2615.85
2621.76
2627.31
2632.6
2637.78
2643.08
2648.66
2654.59
2660.84
2667.45
2674.43
2681.87
2690.1
2699.63
2710.77
2723.16
2735.94
2748.39
2760.1
2770.9
2780.8
2789.87
2798.27
2806.14
2813.63
2820.81
2827.74
2834.43
2840.89
2847.16
2853.26
2859.23
2865.06
2870.77
2876.36
2881.82
2887.16
2892.39
2897.53
2902.58
2907.55
2912.48
2917.37
2922.22
2927.04
2931.86
2936.7
2941.58
2946.49
2951.41
2956.35
2961.36
2966.44
2971.61
2976.86
2982.18
2987.57
2993.05
2998.6
3004.24
3009.93
3015.69
3021.49
3027.34
3033.22
3039.14
3045.08
3051.02
3056.98
3062.92
3068.87
3074.77
3080.66
3086.49
3092.28
3098
3103.66
3109.22
3114.72
3120.11
3125.41
3130.62
3135.7
3140.7
3145.55
3150.32
3154.93
3159.46
3163.84
3168.12
3172.26
3176.29
3180.19
3183.97
3187.63
3191.17
3194.6
3197.91
3201.1
3204.18
3207.16
3210.03
3212.8
3215.45
3218.02
3220.48
3222.87
3225.12
3227.34
3229.41
3231.53
3233.54
3236.49
1463.67
2391.49
2537.76
2566.58
2583.23
2593.81
2602.33
2609.37
2615.78
2621.68
2627.21
2632.48
2637.63
2642.9
2648.47
2654.37
2660.62
2667.22
2674.22
2681.7
2689.99
2699.62
2710.86
2723.32
2736.14
2748.6
2760.3
2771.09
2780.96
2790.01
2798.37
2806.22
2813.69
2820.86
2827.77
2834.43
2840.87
2847.12
2853.2
2859.15
2864.97
2870.66
2876.23
2881.68
2887.02
2892.24
2897.37
2902.42
2907.4
2912.33
2917.23
2922.08
2926.92
2931.75
2936.62
2941.51
2946.43
2951.37
2956.34
2961.37
2966.48
2971.67
2976.94
2982.29
2987.7
2993.2
2998.78
3004.42
3010.14
3015.9
3021.72
3027.57
3033.47
3039.4
3045.35
3051.31
3057.29
3063.26
3069.22
3075.15
3081.06
3086.91
3092.73
3098.47
3104.15
3109.74
3115.26
3120.68
3125.99
3131.22
3136.32
3141.33
3146.2
3150.99
3155.62
3160.16
3164.55
3168.84
3172.99
3177.04
3180.94
3184.74
3188.4
3191.95
3195.39
3198.7
3201.9
3204.99
3207.98
3210.84
3213.62
3216.27
3218.85
3221.29
3223.68
3225.91
3228.13
3230.15
3232.29
3234.18
3237.27
1463.91
2388.65
2536.78
2566.34
2583.08
2593.7
2602.25
2609.3
2615.71
2621.6
2627.12
2632.36
2637.48
2642.73
2648.27
2654.16
2660.39
2667
2674.01
2681.53
2689.89
2699.61
2710.95
2723.48
2736.33
2748.81
2760.5
2771.27
2781.12
2790.13
2798.47
2806.3
2813.75
2820.9
2827.78
2834.43
2840.84
2847.07
2853.14
2859.07
2864.87
2870.55
2876.1
2881.54
2886.86
2892.07
2897.2
2902.24
2907.22
2912.16
2917.06
2921.92
2926.76
2931.61
2936.49
2941.4
2946.32
2951.25
2956.23
2961.28
2966.43
2971.66
2976.95
2982.3
2987.73
2993.24
2998.82
3004.47
3010.18
3015.94
3021.75
3027.61
3033.51
3039.43
3045.39
3051.36
3057.34
3063.31
3069.29
3075.22
3081.14
3087
3092.82
3098.57
3104.25
3109.85
3115.36
3120.79
3126.11
3131.34
3136.44
3141.45
3146.33
3151.11
3155.74
3160.28
3164.67
3168.96
3173.11
3177.15
3181.05
3184.84
3188.5
3192.05
3195.47
3198.78
3201.98
3205.06
3208.04
3210.89
3213.67
3216.31
3218.89
3221.32
3223.71
3225.94
3228.16
3230.17
3232.28
3234.08
3237.23
1464.13
2385.72
2535.81
2566.1
2582.93
2593.59
2602.17
2609.23
2615.64
2621.52
2627.02
2632.24
2637.34
2642.55
2648.07
2653.94
2660.17
2666.77
2673.8
2681.36
2689.78
2699.61
2711.05
2723.64
2736.53
2749.01
2760.69
2771.44
2781.26
2790.25
2798.56
2806.37
2813.8
2820.93
2827.79
2834.41
2840.81
2847.01
2853.06
2858.97
2864.76
2870.42
2875.95
2881.37
2886.68
2891.89
2897
2902.04
2907.03
2911.96
2916.86
2921.72
2926.57
2931.44
2936.33
2941.24
2946.17
2951.11
2956.1
2961.17
2966.32
2971.54
2976.82
2982.18
2987.62
2993.12
2998.69
3004.32
3010
3015.74
3021.52
3027.35
3033.22
3039.11
3045.05
3051
3056.96
3062.92
3068.88
3074.79
3080.69
3086.53
3092.33
3098.05
3103.71
3109.28
3114.77
3120.17
3125.45
3130.65
3135.72
3140.7
3145.54
3150.28
3154.88
3159.38
3163.73
3167.98
3172.09
3176.08
3179.94
3183.69
3187.31
3190.8
3194.19
3197.45
3200.61
3203.64
3206.58
3209.39
3212.12
3214.71
3217.24
3219.63
3221.97
3224.17
3226.35
3228.35
3230.4
3232.11
3235.4
1463.83
2382.65
2534.86
2565.87
2582.79
2593.48
2602.09
2609.16
2615.57
2621.44
2626.92
2632.12
2637.19
2642.38
2647.87
2653.73
2659.94
2666.55
2673.59
2681.18
2689.68
2699.6
2711.14
2723.8
2736.72
2749.2
2760.88
2771.61
2781.4
2790.36
2798.65
2806.43
2813.84
2820.95
2827.79
2834.39
2840.76
2846.95
2852.97
2858.87
2864.63
2870.27
2875.79
2881.2
2886.49
2891.69
2896.79
2901.83
2906.81
2911.74
2916.64
2921.5
2926.35
2931.23
2936.13
2941.03
2945.95
2950.89
2955.89
2960.98
2966.14
2971.36
2976.65
2982
2987.42
2992.9
2998.44
3004.04
3009.69
3015.4
3021.16
3026.96
3032.81
3038.68
3044.6
3050.53
3056.47
3062.4
3068.33
3074.21
3080.08
3085.88
3091.64
3097.33
3102.94
3108.48
3113.93
3119.29
3124.54
3129.71
3134.75
3139.69
3144.5
3149.21
3153.78
3158.25
3162.58
3166.79
3170.87
3174.84
3178.67
3182.38
3185.97
3189.44
3192.8
3196.02
3199.15
3202.15
3205.05
3207.83
3210.52
3213.08
3215.57
3217.93
3220.21
3222.37
3224.48
3226.43
3228.38
3229.95
3233.2
1463.31
2379.45
2533.93
2565.65
2582.64
2593.37
2602.01
2609.09
2615.5
2621.36
2626.83
2632
2637.04
2642.2
2647.67
2653.51
2659.71
2666.32
2673.37
2681.01
2689.57
2699.6
2711.24
2723.96
2736.91
2749.39
2761.06
2771.77
2781.53
2790.46
2798.73
2806.49
2813.87
2820.96
2827.79
2834.36
2840.71
2846.87
2852.88
2858.75
2864.49
2870.12
2875.62
2881.01
2886.29
2891.47
2896.57
2901.59
2906.57
2911.5
2916.38
2921.25
2926.1
2930.98
2935.88
2940.78
2945.69
2950.63
2955.64
2960.73
2965.88
2971.08
2976.35
2981.68
2987.07
2992.52
2998.02
3003.58
3009.19
3014.84
3020.55
3026.3
3032.1
3037.93
3043.8
3049.67
3055.56
3061.43
3067.29
3073.11
3078.91
3084.64
3090.33
3095.94
3101.49
3106.96
3112.33
3117.63
3122.81
3127.9
3132.87
3137.75
3142.49
3147.13
3151.64
3156.04
3160.3
3164.44
3168.45
3172.35
3176.12
3179.76
3183.28
3186.69
3189.97
3193.14
3196.2
3199.14
3201.99
3204.71
3207.34
3209.85
3212.29
3214.6
3216.85
3218.98
3221.05
3222.99
3224.91
3226.36
3229.7
1462.71
2376.06
2533.01
2565.43
2582.49
2593.26
2601.93
2609.02
2615.43
2621.28
2626.73
2631.88
2636.9
2642.03
2647.47
2653.29
2659.48
2666.09
2673.16
2680.83
2689.47
2699.59
2711.33
2724.12
2737.09
2749.58
2761.23
2771.92
2781.65
2790.56
2798.8
2806.53
2813.9
2820.97
2827.77
2834.32
2840.64
2846.78
2852.77
2858.62
2864.35
2869.95
2875.44
2880.81
2886.07
2891.24
2896.32
2901.34
2906.31
2911.23
2916.11
2920.96
2925.82
2930.7
2935.59
2940.48
2945.38
2950.32
2955.33
2960.41
2965.54
2970.73
2975.97
2981.27
2986.62
2992.02
2997.48
3002.98
3008.53
3014.13
3019.79
3025.49
3031.23
3037.01
3042.81
3048.62
3054.44
3060.24
3066.02
3071.76
3077.47
3083.12
3088.72
3094.25
3099.72
3105.1
3110.4
3115.61
3120.73
3125.74
3130.65
3135.45
3140.13
3144.7
3149.15
3153.48
3157.68
3161.77
3165.72
3169.56
3173.27
3176.86
3180.32
3183.66
3186.89
3190
3192.99
3195.87
3198.65
3201.31
3203.87
3206.32
3208.67
3210.92
3213.09
3215.14
3217.14
3219.01
3220.84
3222.14
3225.46
1461.93
2372.55
2532.11
2565.21
2582.34
2593.15
2601.85
2608.96
2615.36
2621.2
2626.63
2631.76
2636.75
2641.86
2647.27
2653.07
2659.25
2665.86
2672.94
2680.65
2689.36
2699.58
2711.41
2724.26
2737.26
2749.76
2761.4
2772.06
2781.77
2790.65
2798.86
2806.58
2813.92
2820.97
2827.75
2834.27
2840.57
2846.69
2852.65
2858.48
2864.19
2869.77
2875.24
2880.59
2885.84
2890.99
2896.06
2901.06
2906.02
2910.93
2915.8
2920.65
2925.51
2930.38
2935.25
2940.13
2945.02
2949.95
2954.96
2960.02
2965.13
2970.28
2975.48
2980.73
2986.03
2991.38
2996.77
3002.21
3007.7
3013.23
3018.82
3024.44
3030.11
3035.81
3041.53
3047.24
3052.96
3058.65
3064.32
3069.95
3075.54
3081.08
3086.56
3091.98
3097.34
3102.62
3107.81
3112.92
3117.94
3122.86
3127.66
3132.37
3136.96
3141.44
3145.8
3150.04
3154.16
3158.16
3162.03
3165.78
3169.4
3172.91
3176.29
3179.56
3182.71
3185.74
3188.67
3191.48
3194.19
3196.78
3199.28
3201.66
3203.96
3206.14
3208.25
3210.25
3212.19
3214
3215.79
3216.94
3220.25
1461.09
2368.81
2531.22
2565
2582.19
2593.04
2601.77
2608.89
2615.29
2621.13
2626.54
2631.65
2636.6
2641.68
2647.07
2652.85
2659.02
2665.62
2672.72
2680.47
2689.25
2699.56
2711.49
2724.4
2737.43
2749.93
2761.56
2772.2
2781.88
2790.72
2798.91
2806.61
2813.94
2820.96
2827.71
2834.21
2840.49
2846.58
2852.53
2858.33
2864.02
2869.58
2875.02
2880.36
2885.58
2890.72
2895.77
2900.77
2905.71
2910.61
2915.47
2920.31
2925.16
2930.02
2934.88
2939.73
2944.61
2949.53
2954.52
2959.56
2964.64
2969.75
2974.9
2980.1
2985.34
2990.62
2995.95
3001.31
3006.72
3012.18
3017.68
3023.23
3028.81
3034.41
3040.02
3045.62
3051.21
3056.78
3062.32
3067.82
3073.28
3078.68
3084.04
3089.34
3094.57
3099.73
3104.8
3109.8
3114.7
3119.51
3124.21
3128.82
3133.31
3137.7
3141.96
3146.11
3150.14
3154.06
3157.85
3161.52
3165.07
3168.5
3171.81
3175
3178.07
3181.03
3183.88
3186.62
3189.25
3191.77
3194.19
3196.5
3198.72
3200.84
3202.88
3204.81
3206.68
3208.43
3210.15
3211.17
3214.43
1460.03
2364.92
2530.36
2564.79
2582.04
2592.93
2601.69
2608.82
2615.22
2621.05
2626.44
2631.53
2636.46
2641.51
2646.87
2652.63
2658.79
2665.39
2672.5
2680.29
2689.15
2699.55
2711.56
2724.53
2737.59
2750.1
2761.71
2772.33
2781.98
2790.8
2798.96
2806.63
2813.94
2820.94
2827.67
2834.15
2840.4
2846.47
2852.39
2858.17
2863.84
2869.37
2874.8
2880.11
2885.32
2890.43
2895.47
2900.45
2905.38
2910.26
2915.1
2919.94
2924.78
2929.62
2934.45
2939.29
2944.15
2949.06
2954.03
2959.03
2964.06
2969.12
2974.22
2979.36
2984.53
2989.73
2994.97
3000.25
3005.58
3010.94
3016.35
3021.79
3027.26
3032.74
3038.21
3043.67
3049.12
3054.53
3059.91
3065.25
3070.56
3075.82
3081.03
3086.18
3091.27
3096.29
3101.23
3106.1
3110.87
3115.56
3120.15
3124.64
3129.01
3133.29
3137.45
3141.5
3145.42
3149.24
3152.93
3156.51
3159.97
3163.31
3166.53
3169.64
3172.64
3175.52
3178.3
3180.97
3183.53
3185.98
3188.34
3190.59
3192.75
3194.81
3196.79
3198.66
3200.48
3202.17
3203.85
3204.76
3208
1458.82
2360.78
2529.5
2564.58
2581.9
2592.82
2601.62
2608.75
2615.15
2620.97
2626.35
2631.41
2636.31
2641.33
2646.67
2652.41
2658.55
2665.15
2672.28
2680.11
2689.04
2699.53
2711.62
2724.66
2737.75
2750.26
2761.86
2772.45
2782.07
2790.86
2799
2806.65
2813.94
2820.92
2827.62
2834.07
2840.3
2846.35
2852.24
2858
2863.64
2869.16
2874.56
2879.85
2885.04
2890.13
2895.16
2900.12
2905.03
2909.89
2914.72
2919.54
2924.36
2929.18
2933.99
2938.8
2943.64
2948.53
2953.47
2958.43
2963.41
2968.42
2973.45
2978.52
2983.61
2988.73
2993.88
2999.07
3004.29
3009.56
3014.86
3020.18
3025.52
3030.85
3036.18
3041.47
3046.75
3051.99
3057.2
3062.38
3067.52
3072.61
3077.66
3082.64
3087.57
3092.43
3097.22
3101.93
3106.56
3111.1
3115.55
3119.9
3124.15
3128.3
3132.35
3136.28
3140.11
3143.82
3147.42
3150.91
3154.28
3157.54
3160.68
3163.71
3166.64
3169.45
3172.16
3174.76
3177.26
3179.65
3181.95
3184.14
3186.24
3188.25
3190.17
3192
3193.77
3195.41
3197.04
3197.84
3201.06
1457.47
2356.52
2528.68
2564.38
2581.75
2592.71
2601.54
2608.68
2615.08
2620.89
2626.25
2631.29
2636.16
2641.16
2646.47
2652.18
2658.31
2664.91
2672.05
2679.93
2688.92
2699.51
2711.69
2724.78
2737.9
2750.41
2762
2772.57
2782.16
2790.92
2799.03
2806.67
2813.93
2820.89
2827.57
2833.99
2840.19
2846.21
2852.09
2857.82
2863.44
2868.93
2874.31
2879.57
2884.74
2889.81
2894.82
2899.76
2904.65
2909.49
2914.3
2919.11
2923.91
2928.7
2933.48
2938.27
2943.09
2947.95
2952.85
2957.76
2962.68
2967.62
2972.59
2977.57
2982.58
2987.6
2992.65
2997.73
3002.85
3008
3013.17
3018.35
3023.54
3028.7
3033.84
3038.95
3044.04
3049.09
3054.11
3059.1
3064.05
3068.96
3073.83
3078.64
3083.4
3088.09
3092.72
3097.27
3101.74
3106.13
3110.44
3114.65
3118.76
3122.78
3126.69
3130.5
3134.2
3137.8
3141.29
3144.67
3147.95
3151.11
3154.17
3157.12
3159.96
3162.71
3165.35
3167.88
3170.32
3172.66
3174.9
3177.04
3179.1
3181.05
3182.94
3184.72
3186.44
3187.98
3189.64
3190.36
3193.58
1456.28
2352.01
2527.87
2564.18
2581.6
2592.6
2601.46
2608.61
2615.01
2620.81
2626.16
2631.17
2636.02
2640.98
2646.26
2651.96
2658.08
2664.67
2671.83
2679.74
2688.81
2699.49
2711.75
2724.9
2738.05
2750.56
2762.13
2772.68
2782.24
2790.97
2799.06
2806.67
2813.92
2820.85
2827.5
2833.9
2840.07
2846.07
2851.92
2857.63
2863.22
2868.69
2874.04
2879.28
2884.42
2889.48
2894.46
2899.38
2904.25
2909.07
2913.86
2918.65
2923.43
2928.19
2932.94
2937.7
2942.49
2947.32
2952.16
2957.02
2961.88
2966.75
2971.64
2976.54
2981.45
2986.37
2991.31
2996.28
3001.28
3006.3
3011.33
3016.36
3021.36
3026.34
3031.29
3036.2
3041.09
3045.94
3050.77
3055.55
3060.31
3065.01
3069.68
3074.29
3078.85
3083.34
3087.77
3092.13
3096.42
3100.62
3104.75
3108.79
3112.74
3116.6
3120.36
3124.04
3127.61
3131.09
3134.47
3137.74
3140.92
3144
3146.97
3149.85
3152.62
3155.3
3157.89
3160.37
3162.76
3165.06
3167.26
3169.36
3171.39
3173.32
3175.18
3176.91
3178.61
3180.02
3181.72
3182.45
3185.69
1454.86
2347.38
2527.09
2563.97
2581.44
2592.49
2601.38
2608.54
2614.94
2620.73
2626.06
2631.05
2635.87
2640.8
2646.06
2651.73
2657.84
2664.43
2671.6
2679.56
2688.7
2699.46
2711.81
2725.02
2738.19
2750.71
2762.26
2772.78
2782.32
2791.02
2799.09
2806.68
2813.9
2820.8
2827.43
2833.8
2839.95
2845.92
2851.74
2857.43
2862.99
2868.44
2873.76
2878.98
2884.09
2889.13
2894.09
2898.98
2903.82
2908.62
2913.39
2918.16
2922.91
2927.63
2932.35
2937.08
2941.84
2946.62
2951.42
2956.21
2961.01
2965.8
2970.6
2975.4
2980.2
2985.01
2989.84
2994.69
2999.55
3004.43
3009.29
3014.14
3018.95
3023.72
3028.45
3033.14
3037.81
3042.45
3047.05
3051.62
3056.16
3060.65
3065.1
3069.51
3073.86
3078.15
3082.38
3086.55
3090.64
3094.66
3098.6
3102.46
3106.24
3109.93
3113.53
3117.04
3120.47
3123.8
3127.04
3130.19
3133.24
3136.21
3139.08
3141.86
3144.55
3147.16
3149.67
3152.1
3154.44
3156.68
3158.85
3160.92
3162.93
3164.83
3166.68
3168.39
3170.08
3171.43
3173.15
3173.88
3177.15
2625.97
2630.94
2635.73
2640.63
2645.86
2651.51
2657.6
2664.19
2671.38
2679.37
2688.59
2699.44
2711.87
2725.13
2738.33
2750.84
2762.39
2772.88
2782.39
2791.06
2799.1
2806.67
2813.87
2820.75
2827.35
2833.69
2839.82
2845.76
2851.56
2857.22
2862.76
2868.18
2873.47
2878.66
2883.76
2888.77
2893.7
2898.57
2903.38
2908.16
2912.91
2917.65
2922.36
2927.05
2931.73
2936.43
2941.15
2945.89
2950.63
2955.36
2960.08
2964.79
2969.5
2974.2
2978.89
2983.59
2988.3
2993.02
2997.74
3002.46
3007.15
3011.8
3016.41
3020.96
3025.47
3029.95
3034.39
3038.8
3043.18
3047.52
3051.82
3056.08
3060.29
3064.46
3068.56
3072.61
3076.6
3080.52
3084.37
3088.16
3091.86
3095.5
3099.06
3102.55
3105.96
3109.29
3112.53
3115.71
3118.79
3121.81
3124.73
3127.58
3130.35
3133.03
3135.64
3138.17
3140.62
3143
3145.29
3147.51
3149.65
3151.7
3153.7
3155.59
3157.45
3159.16
3160.87
3162.18
3163.94
3164.69
3168.07
2625.88
2630.82
2635.59
2640.46
2645.66
2651.29
2657.37
2663.95
2671.15
2679.19
2688.48
2699.43
2711.93
2725.24
2738.46
2750.97
2762.5
2772.97
2782.45
2791.1
2799.11
2806.66
2813.83
2820.69
2827.26
2833.58
2839.68
2845.61
2851.38
2857.01
2862.52
2867.91
2873.18
2878.35
2883.42
2888.4
2893.31
2898.15
2902.94
2907.69
2912.42
2917.12
2921.8
2926.45
2931.1
2935.76
2940.44
2945.13
2949.81
2954.47
2959.12
2963.75
2968.35
2972.95
2977.53
2982.11
2986.69
2991.28
2995.85
3000.39
3004.89
3009.33
3013.71
3018.04
3022.32
3026.56
3030.77
3034.94
3039.08
3043.17
3047.23
3051.24
3055.21
3059.12
3062.98
3066.78
3070.52
3074.19
3077.8
3081.34
3084.81
3088.21
3091.53
3094.79
3097.97
3101.07
3104.11
3107.07
3109.96
3112.78
3115.52
3118.2
3120.8
3123.34
3125.81
3128.22
3130.56
3132.83
3135.04
3137.19
3139.28
3141.29
3143.26
3145.14
3147
3148.73
3150.45
3151.79
3153.6
3154.32
3157.88
2625.79
2630.71
2635.45
2640.3
2645.47
2651.08
2657.14
2663.72
2670.94
2679.01
2688.38
2699.43
2711.99
2725.35
2738.58
2751.1
2762.61
2773.05
2782.5
2791.12
2799.12
2806.65
2813.79
2820.63
2827.17
2833.47
2839.54
2845.44
2851.19
2856.8
2862.28
2867.64
2872.89
2878.03
2883.07
2888.03
2892.91
2897.72
2902.48
2907.21
2911.91
2916.58
2921.22
2925.84
2930.45
2935.07
2939.71
2944.35
2948.97
2953.56
2958.12
2962.66
2967.17
2971.66
2976.13
2980.6
2985.06
2989.51
2993.93
2998.3
3002.6
3006.83
3011
3015.11
3019.17
3023.19
3027.17
3031.11
3035.01
3038.87
3042.68
3046.44
3050.14
3053.79
3057.37
3060.88
3064.33
3067.71
3071.02
3074.27
3077.44
3080.55
3083.6
3086.58
3089.49
3092.34
3095.13
3097.85
3100.51
3103.1
3105.63
3108.1
3110.51
3112.85
3115.14
3117.38
3119.56
3121.69
3123.76
3125.78
3127.76
3129.68
3131.56
3133.39
3135.19
3136.9
3138.62
3139.95
3141.75
3142.37
3146.17
2625.7
2630.6
2635.31
2640.13
2645.28
2650.86
2656.91
2663.48
2670.71
2678.83
2688.27
2699.43
2712.06
2725.45
2738.7
2751.21
2762.71
2773.13
2782.55
2791.14
2799.12
2806.62
2813.75
2820.56
2827.08
2833.35
2839.4
2845.27
2850.99
2856.57
2862.03
2867.37
2872.58
2877.69
2882.71
2887.64
2892.49
2897.28
2902.01
2906.71
2911.38
2916.01
2920.61
2925.19
2929.77
2934.35
2938.94
2943.52
2948.07
2952.59
2957.07
2961.51
2965.92
2970.3
2974.66
2979.01
2983.34
2987.64
2991.89
2996.07
3000.17
3004.18
3008.13
3012.02
3015.85
3019.64
3023.39
3027.1
3030.76
3034.38
3037.95
3041.46
3044.91
3048.29
3051.61
3054.87
3058.05
3061.17
3064.23
3067.22
3070.14
3073
3075.79
3078.52
3081.18
3083.78
3086.32
3088.79
3091.2
3093.54
3095.82
3098.04
3100.2
3102.3
3104.34
3106.33
3108.27
3110.16
3112.01
3113.81
3115.57
3117.29
3118.99
3120.65
3122.3
3123.89
3125.51
3126.77
3128.42
3128.73
3132.63
2625.61
2630.49
2635.17
2639.96
2645.08
2650.64
2656.67
2663.25
2670.49
2678.65
2688.17
2699.43
2712.12
2725.55
2738.82
2751.33
2762.8
2773.2
2782.59
2791.15
2799.11
2806.6
2813.7
2820.48
2826.98
2833.22
2839.24
2845.09
2850.78
2856.34
2861.77
2867.08
2872.26
2877.35
2882.33
2887.23
2892.06
2896.81
2901.52
2906.19
2910.82
2915.41
2919.97
2924.51
2929.05
2933.59
2938.13
2942.65
2947.13
2951.56
2955.95
2960.3
2964.61
2968.88
2973.13
2977.36
2981.55
2985.7
2989.77
2993.76
2997.65
3001.45
3005.18
3008.85
3012.47
3016.04
3019.56
3023.03
3026.46
3029.84
3033.15
3036.4
3039.58
3042.68
3045.72
3048.68
3051.58
3054.41
3057.17
3059.87
3062.51
3065.09
3067.62
3070.09
3072.5
3074.87
3077.18
3079.44
3081.65
3083.8
3085.9
3087.95
3089.93
3091.86
3093.73
3095.55
3097.31
3099.01
3100.65
3102.25
3103.79
3105.28
3106.72
3108.13
3109.49
3110.82
3112.14
3113.09
3114.41
3114.44
3118.38
2625.52
2630.38
2635.03
2639.79
2644.89
2650.42
2656.44
2663.01
2670.26
2678.46
2688.07
2699.44
2712.19
2725.65
2738.94
2751.44
2762.9
2773.27
2782.62
2791.16
2799.1
2806.56
2813.64
2820.4
2826.87
2833.08
2839.08
2844.9
2850.57
2856.1
2861.5
2866.77
2871.93
2876.98
2881.94
2886.81
2891.6
2896.32
2901
2905.63
2910.23
2914.78
2919.29
2923.79
2928.29
2932.78
2937.26
2941.71
2946.12
2950.47
2954.76
2959.01
2963.21
2967.37
2971.5
2975.6
2979.65
2983.62
2987.5
2991.26
2994.93
2998.5
3002.01
3005.44
3008.82
3012.15
3015.43
3018.66
3021.83
3024.93
3027.97
3030.94
3033.83
3036.64
3039.38
3042.06
3044.66
3047.19
3049.67
3052.08
3054.44
3056.74
3058.99
3061.18
3063.33
3065.44
3067.49
3069.5
3071.46
3073.37
3075.23
3077.04
3078.79
3080.49
3082.12
3083.69
3085.19
3086.62
3087.97
3089.25
3090.45
3091.56
3092.6
3093.56
3094.43
3095.17
3096.03
3096.39
3097.09
3096.75
3099.25
2813.58
2820.31
2826.75
2832.94
2838.91
2844.7
2850.34
2855.84
2861.21
2866.46
2871.58
2876.6
2881.53
2886.37
2891.13
2895.82
2900.46
2905.05
2909.61
2914.11
2918.59
2923.04
2927.49
2931.93
2936.35
2940.73
2945.05
2949.31
2953.51
2957.65
2961.75
2965.8
2969.82
2973.78
2977.67
2981.46
2985.13
2988.69
2992.14
2995.49
2998.77
3001.98
3005.13
3008.22
3011.25
3014.23
3017.13
3019.95
3022.69
3025.35
3027.92
3030.4
3032.8
3035.12
3037.36
3039.53
3041.62
3043.65
3045.61
3047.52
3049.37
3051.18
3052.95
3054.68
3056.37
3058.04
3059.67
3061.28
3062.85
3064.4
3065.9
3067.37
3068.78
3070.15
3071.46
3072.7
3073.87
3074.97
3075.99
3076.93
3077.8
3078.56
3079.29
3079.69
3080.49
3080.72
3081.24
3081.08
3082.29
2850.11
2855.58
2860.92
2866.13
2871.22
2876.21
2881.1
2885.91
2890.63
2895.29
2899.89
2904.45
2908.95
2913.41
2917.84
2922.25
2926.65
2931.04
2935.39
2939.69
2943.93
2948.1
2952.19
2956.23
2960.22
2964.16
2968.05
2971.86
2975.58
2979.17
2982.63
2985.96
2989.17
2992.3
2995.34
2998.31
3001.21
3004.05
3006.82
3009.51
3012.11
3014.63
3017.05
3019.38
3021.61
3023.75
3025.8
3027.76
3029.64
3031.44
3033.16
3034.81
3036.4
3037.93
3039.41
3040.84
3042.22
3043.57
3044.88
3046.17
3047.43
3048.67
3049.9
3051.12
3052.32
3053.51
3054.68
3055.83
3056.96
3058.04
3059.08
3060.07
3060.99
3061.85
3062.63
3063.27
3063.94
3064.18
3065
3065.19
3065.72
3065.72
3066.53
2855.31
2860.61
2865.79
2870.86
2875.81
2880.67
2885.43
2890.12
2894.74
2899.31
2903.82
2908.28
2912.69
2917.07
2921.44
2925.78
2930.11
2934.39
2938.61
2942.76
2946.83
2950.83
2954.77
2958.65
2962.48
2966.24
2969.9
2973.43
2976.83
2980.08
2983.2
2986.21
2989.12
2991.94
2994.69
2997.36
2999.95
3002.46
3004.88
3007.2
3009.41
3011.52
3013.51
3015.4
3017.19
3018.87
3020.45
3021.94
3023.34
3024.64
3025.86
3027.01
3028.07
3029.07
3030.01
3030.88
3031.72
3032.51
3033.27
3034.03
3034.8
3035.61
3036.46
3037.38
3038.39
3039.49
3040.7
3042
3043.4
3044.86
3046.37
3047.9
3049.4
3050.85
3052.12
3053.39
3054.18
3055.5
3055.97
3057.07
3057.19
3057.86
2855.03
2860.3
2865.45
2870.48
2875.4
2880.22
2884.95
2889.6
2894.18
2898.71
2903.17
2907.58
2911.95
2916.28
2920.59
2924.88
2929.14
2933.35
2937.49
2941.55
2945.52
2949.42
2953.26
2957.05
2960.76
2964.38
2967.88
2971.23
2974.43
2977.48
2980.39
2983.19
2985.89
2988.5
2991.02
2993.46
2995.8
2998.04
3000.17
3002.19
3004.1
3005.89
3007.56
3009.12
3010.56
3011.89
3013.12
3014.24
3015.25
3016.17
3017
3017.75
3018.42
3019.01
3019.55
3020.03
3020.45
3020.82
3021.14
3021.42
3021.71
3022.01
3022.37
3022.82
3023.4
3024.13
3025.05
3026.18
3027.5
3029.01
3030.66
3032.41
3034.11
3035.76
3037.26
3038.82
3040.1
3041.87
3043.01
3043.35
3043.99
3044.4
2854.76
2860
2865.12
2870.11
2875
2879.79
2884.48
2889.1
2893.64
2898.13
2902.55
2906.92
2911.24
2915.53
2919.79
2924.03
2928.23
2932.38
2936.44
2940.41
2944.31
2948.13
2951.89
2955.58
2959.19
2962.69
2966.03
2969.22
2972.24
2975.11
2977.84
2980.46
2982.98
2985.4
2987.72
2989.95
2992.07
2994.09
2995.98
2997.76
2999.42
3000.96
3002.37
3003.68
3004.86
3005.93
3006.9
3007.77
3008.52
3009.19
3009.76
3010.24
3010.64
3010.94
3011.17
3011.34
3011.36
3011.33
3011.16
3010.93
3010.66
3010.36
3010.09
3009.88
3009.85
3010.03
3010.58
3011.59
3013.2
3015.52
3018.54
3022.24
3026.05
3029.5
3032.6
3035.34
3038.13
3041.27
3045.27
3049.43
3053.57
3057.5
)
;

boundaryField
{
    inlet
    {
        type            fixedValue;
        value           uniform 2790;
    }
    obstacle
    {
        type            zeroGradient;
    }
    bottom
    {
        type            symmetry;
    }
    outlet
    {
        type            zeroGradient;
    }
    top
    {
        type            symmetry;
    }
    defaultFaces
    {
        type            empty;
    }
    procBoundary1to0
    {
        type            processor;
        value           nonuniform List<scalar> 
90
(
1452.89
2342.49
2526.35
2563.78
2581.3
2592.38
2601.3
2608.47
2614.87
2620.65
2620.65
2620.58
2620.51
2620.43
2620.36
2620.28
2625.43
2630.26
2634.89
2639.62
2644.69
2650.2
2656.19
2662.76
2670.03
2678.28
2687.96
2699.44
2712.25
2725.75
2739.05
2751.55
2762.99
2773.33
2782.65
2791.16
2799.08
2806.53
2806.53
2813.51
2820.22
2826.63
2832.79
2838.73
2844.49
2844.49
2849.87
2849.87
2849.62
2849.38
2851.94
2856.87
2861.66
2866.32
2870.86
2875.28
2879.6
2883.82
2887.95
2892
2895.97
2899.86
2903.68
2907.44
2911.14
2914.79
2918.36
2921.84
2925.22
2928.51
2931.73
2934.9
2938.02
2941.05
2943.95
2946.67
2949.2
2951.58
2953.8
2955.91
2957.91
2959.82
2961.64
2963.37
2964.97
2966.42
2967.71
2968.83
2969.78
2970.58
)
;
    }
    procBoundary1to2
    {
        type            processor;
        value           nonuniform List<scalar> 
42
(
2971.23
2971.74
2972.1
2972.33
2972.45
2972.44
2972.32
2972.11
2971.82
2971.45
2970.99
2970.46
2969.86
2969.19
2968.47
2967.67
2966.91
2966.08
2965.27
2964.44
2963.56
2962.65
2961.7
2960.72
2959.67
2958.59
2957.41
2956.29
2955.08
2954.03
2952.84
2951.85
2950.73
2949.8
2948.57
2947.79
2946.74
2946.03
2944.41
2943.71
2942.82
2941.86
)
;
    }
    procBoundary1to7
    {
        type            processor;
        value           nonuniform List<scalar> 
126
(
1555.03
2484.45
2599.65
2599.65
2596.35
2599.9
2606.48
2612.87
2618.94
2625.14
2631.59
2638.13
2644.71
2651.26
2657.73
2664.1
2670.3
2676.33
2682.25
2688.15
2694
2699.67
2705.21
2711.01
2717.52
2725.08
2733.7
2743.18
2753.18
2763.33
2773.32
2782.96
2792.18
2800.97
2809.39
2817.46
2825.17
2832.56
2839.67
2846.56
2853.26
2859.79
2866.14
2872.28
2878.2
2883.89
2889.33
2894.51
2899.42
2904.04
2908.38
2912.42
2912.42
2916.1
2919.46
2919.46
2922.49
2925.21
2925.21
2927.55
2929.51
2931.14
2932.41
2933.36
2934.05
2934.34
2934.26
2933.88
2933.19
2932.16
2930.84
2929.23
2927.36
2925.25
2922.92
2920.38
2917.65
2914.75
2911.7
2908.52
2905.22
2901.83
2898.34
2894.8
2891.2
2887.57
2883.9
2880.24
2876.57
2872.92
2869.28
2865.68
2862.12
2858.61
2855.15
2851.75
2848.41
2845.15
2841.95
2838.84
2835.8
2832.84
2829.96
2827.17
2824.45
2821.83
2819.28
2816.82
2814.44
2812.14
2809.92
2807.78
2805.72
2803.74
2801.83
2799.99
2798.23
2796.53
2794.91
2793.34
2791.84
2790.54
2789.12
2793.11
2793.11
2790.54
)
;
    }
}


// ************************************************************************* //
