/*--------------------------------*- C++ -*----------------------------------*\
| =========                 |                                                 |
| \\      /  F ield         | OpenFOAM: The Open Source CFD Toolbox           |
|  \\    /   O peration     | Version:  2412                                  |
|   \\  /    A nd           | Website:  www.openfoam.com                      |
|    \\/     M anipulation  |                                                 |
\*---------------------------------------------------------------------------*/
FoamFile
{
    version     2.0;
    format      ascii;
    arch        "LSB;label=32;scalar=64";
    class       volScalarField;
    location    "0.118";
    object      T;
}
// * * * * * * * * * * * * * * * * * * * * * * * * * * * * * * * * * * * * * //

dimensions      [0 0 0 1 0 0 0];

internalField   nonuniform List<scalar> 
9857
(
216.895
220.783
220.794
216.44
220.652
220.74
220.955
221.447
221.934
222.256
222.455
222.596
222.686
222.731
222.74
222.735
222.739
222.772
222.848
222.94
223.032
223.121
223.202
223.272
223.332
223.385
223.434
223.484
215.959
220.509
220.691
220.945
221.449
221.928
222.246
222.452
222.597
222.688
222.733
222.74
222.735
222.738
222.766
222.84
222.929
223.022
223.112
223.195
223.266
223.328
223.382
223.433
223.486
215.24
220.374
220.644
220.936
221.453
221.926
222.241
222.453
222.601
222.693
222.734
222.741
222.735
222.733
222.756
222.827
222.916
223.009
223.102
223.187
223.26
223.323
223.379
223.433
223.487
214.34
220.219
220.59
220.926
221.46
221.93
222.244
222.46
222.609
222.699
222.736
222.738
222.729
222.723
222.74
222.811
222.9
222.996
223.091
223.178
223.254
223.318
223.376
223.431
223.488
213.413
220.056
220.526
220.912
221.47
221.939
222.257
222.477
222.624
222.709
222.737
222.731
222.719
222.709
222.722
222.794
222.886
222.983
223.081
223.171
223.248
223.314
223.373
223.431
223.49
212.453
219.903
220.47
220.907
221.482
221.947
222.268
222.492
222.639
222.718
222.736
222.724
222.707
222.694
222.705
222.778
222.872
222.972
223.073
223.164
223.242
223.309
223.37
223.43
223.491
211.479
219.744
220.449
220.922
221.5
221.957
222.278
222.504
222.651
222.725
222.737
222.72
222.697
222.682
222.691
222.764
222.861
222.963
223.065
223.158
223.237
223.305
223.368
223.429
223.493
223.56
210.471
219.617
220.411
220.899
221.495
221.953
222.276
222.505
222.655
222.728
222.739
222.719
222.691
222.673
222.681
222.752
222.852
222.956
223.059
223.152
223.232
223.301
223.365
223.428
223.494
223.564
209.44
219.449
220.374
220.89
221.494
221.951
222.272
222.501
222.654
222.728
222.74
222.721
222.69
222.668
222.675
222.742
222.845
222.95
223.053
223.146
223.226
223.296
223.362
223.427
223.496
223.567
223.641
208.368
219.285
220.359
220.905
221.51
221.954
222.264
222.491
222.647
222.725
222.741
222.723
222.69
222.666
222.671
222.735
222.84
222.944
223.047
223.14
223.22
223.291
223.358
223.426
223.497
223.57
223.646
207.251
219.093
220.378
220.954
221.551
221.964
222.254
222.474
222.634
222.718
222.74
222.723
222.691
222.665
222.669
222.729
222.835
222.939
223.042
223.134
223.214
223.286
223.355
223.425
223.498
223.574
223.651
223.73
206.097
218.918
220.408
221.01
221.591
221.971
222.24
222.454
222.617
222.707
222.736
222.724
222.691
222.664
222.666
222.724
222.831
222.934
223.036
223.127
223.208
223.281
223.352
223.424
223.499
223.577
223.656
223.737
204.932
218.688
220.43
221.061
221.627
221.975
222.224
222.432
222.598
222.695
222.73
222.721
222.689
222.662
222.662
222.719
222.826
222.928
223.03
223.121
223.202
223.276
223.349
223.423
223.501
223.58
223.661
223.743
223.827
223.91
223.994
224.079
224.163
224.249
224.334
224.422
224.511
224.601
224.694
224.789
224.885
224.984
225.086
225.19
225.296
225.405
225.514
225.626
225.739
225.855
225.974
226.096
226.222
226.351
226.483
226.619
226.758
226.901
227.048
227.198
203.738
218.466
220.476
221.117
221.659
221.975
222.206
222.409
222.578
222.681
222.721
222.714
222.682
222.657
222.656
222.712
222.821
222.923
223.024
223.114
223.196
223.271
223.346
223.423
223.502
223.584
223.666
223.75
223.834
223.919
224.004
224.09
224.175
224.261
224.348
224.436
224.526
224.618
224.711
224.806
224.903
225.003
225.105
225.21
225.316
225.424
225.533
225.644
225.758
225.874
225.992
226.114
226.239
226.368
226.5
226.635
226.773
226.915
227.06
227.21
202.506
218.268
220.493
221.165
221.691
221.975
222.189
222.388
222.559
222.666
222.709
222.704
222.672
222.648
222.649
222.706
222.816
222.918
223.018
223.108
223.19
223.267
223.344
223.423
223.504
223.587
223.671
223.756
223.842
223.928
224.014
224.1
224.186
224.273
224.361
224.45
224.541
224.634
224.728
224.823
224.921
225.021
225.124
225.228
225.335
225.442
225.551
225.662
225.775
225.891
226.009
226.131
226.255
226.383
226.514
226.648
226.786
226.926
227.071
227.219
201.258
218.071
220.514
221.214
221.719
221.975
222.175
222.369
222.541
222.65
222.694
222.689
222.659
222.638
222.641
222.699
222.812
222.913
223.013
223.103
223.185
223.263
223.342
223.423
223.506
223.591
223.676
223.763
223.849
223.936
224.023
224.11
224.197
224.285
224.374
224.464
224.556
224.649
224.743
224.839
224.937
225.038
225.141
225.246
225.352
225.459
225.568
225.679
225.791
225.907
226.025
226.146
226.27
226.397
226.527
226.66
226.797
226.936
227.079
227.226
200.02
217.88
220.532
221.256
221.744
221.975
222.161
222.352
222.522
222.631
222.675
222.67
222.643
222.625
222.633
222.694
222.807
222.909
223.007
223.097
223.18
223.26
223.34
223.423
223.508
223.594
223.681
223.769
223.856
223.944
224.032
224.119
224.207
224.296
224.386
224.477
224.569
224.663
224.758
224.855
224.953
225.055
225.158
225.263
225.368
225.475
225.584
225.694
225.806
225.921
226.039
226.16
226.283
226.409
226.539
226.671
226.806
226.944
227.086
227.231
198.803
217.641
220.556
221.291
221.765
221.973
222.148
222.335
222.503
222.611
222.655
222.651
222.627
222.612
222.624
222.689
222.803
222.905
223.003
223.092
223.176
223.257
223.34
223.424
223.511
223.598
223.686
223.775
223.863
223.952
224.04
224.129
224.217
224.307
224.398
224.49
224.583
224.677
224.772
224.869
224.969
225.07
225.174
225.278
225.384
225.49
225.598
225.708
225.82
225.935
226.052
226.172
226.295
226.42
226.549
226.68
226.814
226.951
227.091
227.235
197.599
217.426
220.562
221.312
221.782
221.972
222.137
222.318
222.483
222.589
222.634
222.631
222.611
222.599
222.615
222.686
222.8
222.901
222.998
223.088
223.173
223.255
223.339
223.425
223.513
223.602
223.691
223.781
223.87
223.959
224.048
224.137
224.227
224.318
224.409
224.502
224.595
224.69
224.786
224.883
224.983
225.085
225.188
225.293
225.398
225.504
225.612
225.721
225.833
225.947
226.064
226.184
226.306
226.43
226.557
226.687
226.82
226.956
227.095
227.237
196.399
217.241
220.597
221.335
221.79
221.967
222.125
222.301
222.462
222.567
222.612
222.611
222.595
222.587
222.607
222.683
222.796
222.898
222.994
223.084
223.17
223.254
223.339
223.427
223.516
223.606
223.696
223.787
223.877
223.966
224.056
224.146
224.236
224.328
224.42
224.513
224.607
224.702
224.798
224.897
224.997
225.099
225.202
225.306
225.411
225.517
225.624
225.734
225.845
225.959
226.075
226.194
226.315
226.438
226.564
226.693
226.825
226.959
227.096
227.237
195.183
217.074
220.593
221.354
221.789
221.959
222.113
222.284
222.442
222.546
222.592
222.592
222.579
222.574
222.599
222.679
222.793
222.894
222.989
223.081
223.168
223.253
223.34
223.428
223.519
223.61
223.701
223.792
223.883
223.973
224.064
224.154
224.245
224.338
224.431
224.524
224.618
224.714
224.811
224.91
225.01
225.112
225.215
225.319
225.423
225.529
225.636
225.745
225.856
225.969
226.085
226.203
226.323
226.445
226.57
226.698
226.828
226.961
227.097
227.236
193.936
216.936
220.564
221.347
221.784
221.947
222.1
222.267
222.421
222.525
222.571
222.574
222.564
222.562
222.591
222.675
222.789
222.891
222.986
223.078
223.166
223.253
223.341
223.43
223.522
223.614
223.706
223.798
223.889
223.98
224.071
224.162
224.254
224.347
224.441
224.535
224.629
224.725
224.823
224.922
225.023
225.125
225.228
225.331
225.435
225.54
225.647
225.755
225.866
225.979
226.094
226.211
226.33
226.451
226.575
226.701
226.83
226.962
227.096
227.233
192.7
216.79
220.551
221.346
221.772
221.934
222.085
222.251
222.402
222.504
222.551
222.555
222.547
222.548
222.582
222.671
222.786
222.887
222.982
223.076
223.165
223.253
223.342
223.433
223.525
223.617
223.71
223.803
223.895
223.986
224.078
224.17
224.263
224.356
224.45
224.544
224.64
224.736
224.834
224.934
225.035
225.136
225.239
225.342
225.446
225.55
225.657
225.765
225.875
225.987
226.102
226.218
226.336
226.456
226.579
226.703
226.831
226.961
227.093
227.229
191.517
216.624
220.55
221.341
221.756
221.918
222.07
222.234
222.383
222.482
222.529
222.535
222.53
222.534
222.573
222.666
222.782
222.883
222.978
223.073
223.164
223.253
223.343
223.435
223.528
223.621
223.715
223.808
223.9
223.992
224.084
224.177
224.271
224.365
224.459
224.554
224.65
224.746
224.845
224.945
225.046
225.147
225.25
225.352
225.455
225.56
225.666
225.774
225.884
225.995
226.108
226.224
226.341
226.46
226.581
226.705
226.831
226.959
227.09
227.223
190.375
216.375
220.578
221.333
221.744
221.902
222.055
222.219
222.364
222.46
222.505
222.513
222.511
222.519
222.564
222.661
222.778
222.88
222.975
223.071
223.163
223.254
223.345
223.437
223.531
223.625
223.719
223.813
223.905
223.998
224.091
224.185
224.279
224.373
224.468
224.563
224.659
224.756
224.855
224.955
225.056
225.158
225.259
225.362
225.465
225.569
225.675
225.782
225.891
226.002
226.114
226.229
226.345
226.463
226.582
226.705
226.829
226.956
227.085
227.216
189.268
216.15
220.57
221.32
221.733
221.886
222.04
222.203
222.345
222.437
222.48
222.491
222.492
222.504
222.555
222.656
222.774
222.876
222.972
223.069
223.162
223.255
223.347
223.44
223.534
223.629
223.723
223.817
223.91
224.003
224.097
224.192
224.286
224.381
224.476
224.572
224.668
224.766
224.865
224.965
225.066
225.167
225.269
225.371
225.473
225.577
225.683
225.789
225.898
226.008
226.12
226.233
226.348
226.464
226.583
226.704
226.826
226.951
227.078
227.208
188.146
215.967
220.595
221.317
221.722
221.869
222.023
222.186
222.323
222.412
222.454
222.467
222.472
222.489
222.546
222.651
222.77
222.873
222.969
223.067
223.162
223.255
223.349
223.442
223.537
223.632
223.727
223.821
223.915
224.009
224.103
224.198
224.293
224.388
224.484
224.58
224.677
224.775
224.874
224.974
225.075
225.176
225.277
225.379
225.481
225.585
225.69
225.796
225.904
226.013
226.124
226.236
226.35
226.465
226.582
226.702
226.823
226.946
227.071
227.198
187.001
215.786
220.569
221.311
221.713
221.852
222.005
222.165
222.298
222.385
222.427
222.443
222.452
222.474
222.537
222.646
222.766
222.869
222.967
223.066
223.162
223.256
223.35
223.445
223.54
223.636
223.731
223.825
223.919
224.014
224.109
224.204
224.3
224.395
224.491
224.588
224.685
224.783
224.883
224.983
225.084
225.184
225.285
225.386
225.489
225.592
225.696
225.802
225.909
226.018
226.127
226.238
226.351
226.465
226.581
226.698
226.818
226.939
227.063
227.188
185.862
215.625
220.53
221.306
221.708
221.839
221.986
222.141
222.271
222.357
222.399
222.419
222.433
222.46
222.529
222.641
222.762
222.866
222.965
223.065
223.162
223.257
223.352
223.447
223.543
223.639
223.734
223.829
223.924
224.019
224.115
224.21
224.306
224.402
224.498
224.595
224.693
224.792
224.891
224.991
225.091
225.192
225.293
225.394
225.496
225.598
225.703
225.808
225.914
226.022
226.13
226.24
226.351
226.464
226.579
226.695
226.812
226.932
227.053
227.176
184.752
215.421
220.498
221.305
221.703
221.83
221.971
222.117
222.242
222.327
222.371
222.395
222.413
222.446
222.521
222.636
222.758
222.864
222.964
223.065
223.162
223.258
223.354
223.45
223.546
223.642
223.738
223.833
223.928
224.024
224.12
224.216
224.312
224.409
224.505
224.603
224.7
224.799
224.899
224.999
225.099
225.199
225.3
225.4
225.502
225.604
225.708
225.813
225.918
226.025
226.132
226.241
226.351
226.463
226.576
226.69
226.806
226.924
227.043
227.163
227.286
227.409
227.534
227.66
227.787
227.915
228.044
228.173
228.303
228.432
228.561
228.689
228.816
228.94
229.063
229.183
229.3
229.412
229.521
229.624
229.721
229.813
229.898
229.976
230.046
230.108
230.161
230.206
230.242
230.269
230.287
230.297
230.298
230.29
230.272
230.248
230.215
230.176
230.13
183.652
215.232
220.469
221.297
221.701
221.826
221.961
222.098
222.215
222.298
222.343
222.371
222.394
222.432
222.514
222.632
222.755
222.861
222.963
223.064
223.163
223.259
223.356
223.452
223.548
223.645
223.741
223.836
223.932
224.028
224.125
224.221
224.318
224.415
224.512
224.609
224.708
224.806
224.906
225.006
225.106
225.206
225.306
225.407
225.508
225.61
225.713
225.817
225.922
226.027
226.134
226.242
226.35
226.46
226.572
226.685
226.799
226.915
227.032
227.15
227.27
227.39
227.512
227.636
227.759
227.884
228.009
228.134
228.26
228.384
228.508
228.631
228.753
228.872
228.989
229.102
229.213
229.319
229.42
229.516
229.607
229.691
229.768
229.838
229.901
229.955
230.001
230.039
230.068
230.088
230.099
230.103
230.097
230.083
230.061
230.031
229.994
229.951
229.902
229.847
229.786
229.722
229.653
229.582
229.507
229.431
229.353
229.273
229.193
182.555
215.056
220.429
221.287
221.7
221.826
221.959
222.086
222.192
222.271
222.316
222.347
222.375
222.419
222.508
222.629
222.752
222.859
222.962
223.064
223.163
223.261
223.357
223.454
223.551
223.648
223.744
223.84
223.936
224.033
224.13
224.227
224.324
224.421
224.518
224.616
224.714
224.813
224.913
225.013
225.113
225.212
225.312
225.412
225.513
225.615
225.717
225.821
225.924
226.029
226.135
226.241
226.349
226.458
226.567
226.679
226.791
226.905
227.02
227.136
227.253
227.371
227.49
227.61
227.73
227.852
227.973
228.094
228.215
228.335
228.454
228.572
228.688
228.802
228.912
229.02
229.124
229.223
229.318
229.407
229.49
229.567
229.637
229.7
229.755
229.802
229.84
229.871
229.893
229.906
229.911
229.909
229.897
229.877
229.85
229.816
229.775
229.728
229.675
229.618
229.555
229.489
229.418
229.346
229.27
229.194
229.116
229.036
228.956
228.875
228.794
228.713
228.632
228.554
228.478
228.406
228.338
228.274
228.211
228.143
228.047
181.463
214.869
220.382
221.277
221.7
221.829
221.961
222.082
222.176
222.247
222.29
222.324
222.356
222.407
222.502
222.626
222.749
222.857
222.962
223.065
223.164
223.262
223.359
223.456
223.553
223.65
223.747
223.843
223.94
224.037
224.134
224.232
224.329
224.426
224.524
224.622
224.721
224.82
224.919
225.019
225.119
225.218
225.318
225.418
225.518
225.62
225.721
225.824
225.927
226.03
226.135
226.24
226.347
226.454
226.562
226.672
226.782
226.894
227.007
227.12
227.235
227.351
227.467
227.583
227.701
227.818
227.935
228.052
228.169
228.285
228.399
228.511
228.622
228.73
228.835
228.936
229.034
229.127
229.214
229.297
229.373
229.442
229.505
229.56
229.608
229.648
229.68
229.703
229.718
229.725
229.725
229.715
229.698
229.673
229.641
229.603
229.558
229.507
229.452
229.392
229.326
229.259
229.186
229.113
229.036
228.959
228.881
228.801
228.722
228.641
228.56
228.481
228.401
228.324
228.249
228.178
228.111
228.048
227.987
227.92
227.826
180.4
214.693
220.346
221.265
221.698
221.836
221.97
222.083
222.164
222.226
222.266
222.301
222.338
222.395
222.497
222.623
222.747
222.856
222.961
223.065
223.165
223.263
223.361
223.459
223.556
223.653
223.749
223.846
223.943
224.041
224.138
224.236
224.334
224.432
224.53
224.628
224.727
224.826
224.925
225.025
225.124
225.224
225.323
225.423
225.523
225.624
225.725
225.826
225.929
226.031
226.135
226.239
226.344
226.45
226.557
226.664
226.773
226.883
226.993
227.105
227.217
227.329
227.442
227.556
227.67
227.783
227.897
228.01
228.122
228.233
228.342
228.449
228.555
228.657
228.756
228.851
228.942
229.028
229.109
229.185
229.254
229.316
229.372
229.42
229.46
229.493
229.518
229.534
229.543
229.545
229.537
229.522
229.499
229.47
229.433
229.391
229.342
229.289
229.23
229.167
229.1
229.031
228.957
228.883
228.806
228.728
228.65
228.57
228.491
228.411
228.33
228.251
228.173
228.096
228.023
227.953
227.887
227.825
227.765
227.7
227.607
179.37
214.444
220.325
221.251
221.699
221.847
221.984
222.087
222.157
222.209
222.245
222.28
222.321
222.384
222.493
222.621
222.745
222.854
222.961
223.065
223.166
223.265
223.363
223.461
223.558
223.655
223.752
223.849
223.946
224.044
224.143
224.241
224.339
224.437
224.535
224.633
224.732
224.832
224.931
225.031
225.13
225.229
225.328
225.428
225.527
225.627
225.728
225.829
225.93
226.032
226.134
226.237
226.341
226.445
226.55
226.657
226.763
226.871
226.979
227.088
227.197
227.307
227.417
227.528
227.638
227.748
227.857
227.966
228.074
228.18
228.284
228.386
228.486
228.583
228.676
228.765
228.849
228.929
229.003
229.072
229.134
229.19
229.238
229.279
229.313
229.338
229.356
229.367
229.37
229.364
229.351
229.33
229.303
229.268
229.228
229.181
229.129
229.073
229.011
228.946
228.876
228.806
228.73
228.656
228.578
228.5
228.422
228.341
228.262
228.182
228.103
228.024
227.946
227.871
227.798
227.729
227.665
227.603
227.544
227.479
227.388
178.361
214.232
220.32
221.228
221.7
221.86
221.999
222.095
222.152
222.193
222.225
222.26
222.304
222.373
222.488
222.618
222.743
222.853
222.961
223.066
223.167
223.266
223.365
223.463
223.56
223.657
223.754
223.852
223.95
224.048
224.147
224.245
224.343
224.442
224.54
224.638
224.738
224.837
224.937
225.036
225.135
225.234
225.333
225.432
225.531
225.631
225.73
225.83
225.931
226.032
226.133
226.235
226.337
226.44
226.544
226.648
226.753
226.858
226.964
227.071
227.178
227.285
227.392
227.498
227.605
227.711
227.817
227.921
228.024
228.126
228.225
228.322
228.416
228.507
228.594
228.677
228.755
228.829
228.896
228.958
229.013
229.062
229.103
229.138
229.164
229.183
229.195
229.199
229.196
229.184
229.165
229.14
229.107
229.068
229.024
228.974
228.918
228.859
228.794
228.727
228.656
228.583
228.507
228.431
228.353
228.275
228.196
228.116
228.037
227.957
227.878
227.8
227.723
227.648
227.576
227.508
227.444
227.384
227.324
227.26
227.17
177.355
214.065
220.296
221.202
221.7
221.872
222.014
222.104
222.15
222.18
222.206
222.241
222.288
222.363
222.483
222.615
222.741
222.852
222.961
223.067
223.169
223.268
223.367
223.465
223.562
223.66
223.757
223.854
223.953
224.052
224.151
224.249
224.348
224.446
224.545
224.643
224.743
224.842
224.942
225.041
225.14
225.238
225.337
225.436
225.535
225.634
225.733
225.832
225.931
226.031
226.131
226.232
226.333
226.435
226.537
226.639
226.742
226.846
226.949
227.053
227.157
227.261
227.365
227.469
227.572
227.674
227.776
227.876
227.974
228.071
228.165
228.257
228.346
228.431
228.512
228.589
228.661
228.728
228.789
228.844
228.892
228.934
228.969
228.996
229.016
229.029
229.034
229.033
229.023
229.006
228.982
228.951
228.914
228.871
228.822
228.768
228.71
228.647
228.58
228.512
228.438
228.364
228.287
228.21
228.131
228.052
227.973
227.893
227.814
227.734
227.655
227.578
227.501
227.427
227.355
227.288
227.225
227.165
227.106
227.042
226.954
176.313
213.927
220.261
221.199
221.701
221.88
222.027
222.112
222.149
222.169
222.189
222.223
222.273
222.353
222.478
222.612
222.739
222.851
222.962
223.067
223.17
223.269
223.368
223.467
223.564
223.662
223.759
223.857
223.956
224.055
224.154
224.253
224.352
224.45
224.549
224.648
224.747
224.847
224.946
225.046
225.144
225.243
225.341
225.439
225.538
225.636
225.734
225.833
225.932
226.03
226.129
226.229
226.329
226.429
226.529
226.63
226.731
226.832
226.933
227.035
227.136
227.237
227.338
227.438
227.538
227.636
227.734
227.829
227.923
228.015
228.105
228.191
228.274
228.354
228.429
228.5
228.565
228.625
228.68
228.728
228.77
228.805
228.833
228.854
228.868
228.874
228.874
228.866
228.85
228.828
228.799
228.763
228.722
228.674
228.622
228.565
228.503
228.438
228.369
228.298
228.223
228.148
228.069
227.991
227.912
227.832
227.753
227.673
227.594
227.515
227.436
227.358
227.282
227.208
227.138
227.071
227.008
226.948
226.89
226.827
226.739
175.234
213.786
220.196
221.191
221.705
221.887
222.037
222.119
222.146
222.157
222.172
222.205
222.259
222.343
222.472
222.608
222.736
222.85
222.962
223.068
223.171
223.271
223.37
223.469
223.566
223.664
223.761
223.86
223.959
224.058
224.158
224.257
224.356
224.454
224.553
224.653
224.752
224.852
224.951
225.05
225.148
225.247
225.345
225.443
225.541
225.638
225.736
225.834
225.931
226.029
226.127
226.225
226.324
226.422
226.521
226.62
226.719
226.818
226.917
227.016
227.115
227.213
227.31
227.407
227.503
227.598
227.691
227.783
227.872
227.959
228.043
228.124
228.202
228.276
228.345
228.41
228.469
228.523
228.571
228.613
228.648
228.677
228.698
228.713
228.72
228.722
228.715
228.7
228.679
228.651
228.617
228.577
228.532
228.481
228.425
228.364
228.3
228.232
228.161
228.088
228.011
227.934
227.855
227.776
227.697
227.616
227.536
227.456
227.376
227.297
227.218
227.141
227.065
226.992
226.922
226.855
226.793
226.734
226.675
226.612
226.525
174.127
213.594
220.147
221.181
221.704
221.891
222.044
222.122
222.143
222.146
222.155
222.187
222.244
222.334
222.466
222.604
222.733
222.849
222.962
223.069
223.172
223.272
223.372
223.47
223.568
223.666
223.763
223.862
223.962
224.061
224.161
224.26
224.359
224.458
224.557
224.657
224.756
224.856
224.955
225.054
225.152
225.25
225.348
225.446
225.543
225.64
225.737
225.834
225.931
226.028
226.124
226.221
226.318
226.416
226.513
226.61
226.707
226.804
226.901
226.997
227.093
227.188
227.282
227.376
227.468
227.559
227.648
227.735
227.82
227.902
227.981
228.057
228.129
228.197
228.261
228.319
228.372
228.42
228.462
228.497
228.526
228.548
228.563
228.572
228.574
228.568
228.555
228.535
228.509
228.476
228.438
228.393
228.343
228.289
228.229
228.166
228.099
228.029
227.955
227.88
227.802
227.724
227.644
227.564
227.483
227.402
227.322
227.242
227.162
227.083
227.004
226.927
226.852
226.778
226.709
226.643
226.58
226.521
226.463
226.401
226.315
173.083
213.455
220.108
221.175
221.698
221.894
222.049
222.124
222.138
222.134
222.138
222.17
222.229
222.324
222.46
222.6
222.73
222.848
222.962
223.069
223.174
223.274
223.374
223.472
223.57
223.668
223.766
223.865
223.964
224.064
224.164
224.263
224.362
224.462
224.561
224.661
224.761
224.86
224.959
225.058
225.156
225.254
225.351
225.448
225.545
225.642
225.738
225.834
225.93
226.026
226.122
226.217
226.313
226.409
226.504
226.6
226.695
226.789
226.884
226.977
227.07
227.163
227.254
227.344
227.432
227.519
227.604
227.687
227.767
227.844
227.919
227.989
228.056
228.118
228.176
228.228
228.276
228.317
228.352
228.381
228.404
228.42
228.429
228.432
228.427
228.415
228.397
228.372
228.34
228.303
228.26
228.211
228.157
228.099
228.036
227.97
227.9
227.828
227.752
227.675
227.595
227.516
227.435
227.354
227.274
227.192
227.111
227.03
226.95
226.871
226.793
226.715
226.64
226.567
226.498
226.432
226.37
226.311
226.254
226.192
226.105
172.123
213.233
220.077
221.159
221.688
221.893
222.051
222.122
222.131
222.121
222.12
222.152
222.215
222.314
222.454
222.595
222.727
222.846
222.961
223.07
223.175
223.275
223.375
223.474
223.572
223.669
223.768
223.867
223.967
224.067
224.167
224.266
224.366
224.465
224.565
224.665
224.765
224.864
224.963
225.062
225.16
225.257
225.354
225.451
225.547
225.643
225.739
225.834
225.929
226.024
226.118
226.213
226.307
226.401
226.495
226.589
226.682
226.775
226.866
226.958
227.048
227.137
227.225
227.311
227.396
227.479
227.56
227.638
227.714
227.786
227.855
227.921
227.982
228.038
228.09
228.137
228.178
228.213
228.243
228.265
228.282
228.292
228.295
228.292
228.281
228.263
228.24
228.209
228.173
228.131
228.083
228.031
227.973
227.912
227.846
227.777
227.704
227.63
227.552
227.474
227.392
227.312
227.23
227.148
227.067
226.984
226.903
226.822
226.742
226.663
226.584
226.507
226.432
226.36
226.29
226.225
226.163
226.104
226.047
225.984
225.898
171.22
213.013
220.09
221.128
221.674
221.89
222.05
222.117
222.121
222.106
222.102
222.134
222.2
222.304
222.447
222.59
222.724
222.845
222.961
223.07
223.176
223.277
223.377
223.475
223.573
223.671
223.77
223.869
223.969
224.07
224.169
224.269
224.369
224.468
224.568
224.668
224.768
224.868
224.967
225.065
225.163
225.26
225.357
225.453
225.549
225.644
225.739
225.833
225.928
226.021
226.115
226.208
226.301
226.394
226.486
226.578
226.669
226.759
226.849
226.937
227.025
227.111
227.195
227.278
227.36
227.439
227.515
227.589
227.66
227.728
227.792
227.852
227.908
227.959
228.005
228.046
228.081
228.11
228.133
228.15
228.16
228.164
228.162
228.152
228.136
228.113
228.084
228.049
228.008
227.961
227.91
227.853
227.792
227.727
227.658
227.586
227.511
227.435
227.355
227.275
227.192
227.111
227.028
226.945
226.863
226.78
226.699
226.617
226.537
226.457
226.379
226.302
226.227
226.154
226.085
226.02
225.958
225.9
225.842
225.781
225.695
170.329
212.847
220.085
221.087
221.657
221.882
222.044
222.107
222.107
222.089
222.083
222.115
222.185
222.293
222.44
222.585
222.72
222.843
222.96
223.071
223.177
223.278
223.378
223.477
223.575
223.673
223.772
223.872
223.972
224.072
224.172
224.272
224.372
224.472
224.572
224.672
224.772
224.871
224.97
225.068
225.166
225.263
225.359
225.455
225.55
225.645
225.739
225.833
225.926
226.019
226.111
226.204
226.295
226.386
226.477
226.567
226.656
226.744
226.831
226.917
227.001
227.085
227.166
227.245
227.323
227.398
227.47
227.54
227.606
227.669
227.728
227.783
227.833
227.879
227.919
227.954
227.983
228.007
228.024
228.035
228.039
228.038
228.029
228.013
227.992
227.964
227.929
227.889
227.844
227.793
227.737
227.677
227.612
227.544
227.473
227.398
227.321
227.242
227.16
227.079
226.996
226.913
226.829
226.745
226.663
226.579
226.497
226.416
226.335
226.256
226.177
226.1
226.025
225.953
225.884
225.819
225.758
225.7
225.642
225.58
225.494
169.419
212.716
220.075
221.057
221.638
221.87
222.032
222.093
222.091
222.07
222.063
222.096
222.17
222.283
222.432
222.579
222.716
222.841
222.959
223.071
223.177
223.279
223.38
223.478
223.576
223.675
223.774
223.874
223.974
224.074
224.174
224.274
224.374
224.475
224.575
224.675
224.775
224.875
224.973
225.071
225.169
225.265
225.362
225.457
225.551
225.645
225.739
225.832
225.924
226.016
226.108
226.199
226.289
226.379
226.467
226.555
226.643
226.728
226.813
226.896
226.978
227.058
227.136
227.212
227.286
227.357
227.425
227.49
227.552
227.61
227.664
227.714
227.759
227.799
227.834
227.863
227.886
227.904
227.915
227.92
227.919
227.911
227.897
227.876
227.849
227.816
227.777
227.732
227.682
227.627
227.567
227.504
227.436
227.365
227.29
227.213
227.133
227.053
226.969
226.887
226.802
226.718
226.634
226.549
226.466
226.382
226.299
226.218
226.136
226.057
225.978
225.901
225.827
225.755
225.686
225.621
225.56
225.502
225.444
225.383
225.298
168.462
212.601
220.045
221.037
221.618
221.854
222.015
222.075
222.071
222.049
222.042
222.077
222.154
222.272
222.424
222.573
222.712
222.838
222.958
223.071
223.178
223.28
223.381
223.48
223.578
223.676
223.776
223.876
223.976
224.076
224.176
224.277
224.377
224.478
224.578
224.678
224.778
224.878
224.976
225.074
225.171
225.268
225.364
225.458
225.552
225.646
225.739
225.831
225.922
226.013
226.104
226.193
226.282
226.371
226.458
226.544
226.629
226.713
226.795
226.875
226.954
227.031
227.106
227.179
227.249
227.316
227.38
227.441
227.498
227.551
227.6
227.645
227.684
227.719
227.748
227.772
227.789
227.801
227.806
227.807
227.799
227.785
227.766
227.74
227.707
227.669
227.625
227.576
227.522
227.463
227.4
227.332
227.261
227.187
227.11
227.031
226.949
226.867
226.782
226.698
226.612
226.527
226.441
226.356
226.272
226.188
226.105
226.023
225.942
225.862
225.784
225.707
225.632
225.56
225.492
225.427
225.367
225.309
225.252
225.191
225.106
167.474
212.468
219.996
221.017
221.599
221.834
221.995
222.053
222.049
222.026
222.02
222.057
222.138
222.26
222.416
222.566
222.707
222.835
222.957
223.071
223.179
223.281
223.382
223.481
223.579
223.678
223.777
223.877
223.978
224.078
224.178
224.279
224.38
224.48
224.581
224.681
224.781
224.881
224.979
225.077
225.174
225.27
225.365
225.46
225.553
225.646
225.738
225.829
225.92
226.01
226.1
226.188
226.276
226.363
226.448
226.532
226.615
226.697
226.777
226.855
226.931
227.004
227.076
227.145
227.211
227.274
227.334
227.391
227.443
227.492
227.536
227.575
227.61
227.639
227.663
227.681
227.693
227.699
227.7
227.693
227.68
227.661
227.636
227.605
227.567
227.525
227.476
227.423
227.364
227.302
227.235
227.164
227.09
227.013
226.933
226.852
226.768
226.684
226.597
226.512
226.425
226.339
226.253
226.167
226.082
225.997
225.914
225.832
225.751
225.671
225.592
225.515
225.441
225.369
225.301
225.237
225.176
225.119
225.061
225
224.915
166.465
212.293
219.957
221.002
221.577
221.812
221.972
222.028
222.025
222.002
221.997
222.037
222.122
222.249
222.407
222.56
222.702
222.833
222.956
223.07
223.179
223.282
223.383
223.482
223.581
223.679
223.779
223.879
223.98
224.08
224.18
224.281
224.382
224.483
224.584
224.684
224.784
224.883
224.982
225.079
225.176
225.272
225.367
225.461
225.554
225.646
225.737
225.828
225.918
226.007
226.096
226.183
226.269
226.354
226.438
226.521
226.602
226.681
226.758
226.833
226.907
226.977
227.046
227.111
227.174
227.233
227.289
227.341
227.389
227.433
227.472
227.506
227.535
227.559
227.577
227.59
227.597
227.598
227.592
227.58
227.562
227.537
227.507
227.471
227.429
227.381
227.328
227.271
227.208
227.142
227.072
226.998
226.921
226.842
226.759
226.676
226.59
226.505
226.416
226.33
226.242
226.154
226.068
225.981
225.895
225.811
225.727
225.645
225.563
225.484
225.405
225.329
225.254
225.183
225.115
225.051
224.99
224.933
224.876
224.816
224.732
165.517
212.159
219.923
220.986
221.552
221.786
221.945
222.001
221.999
221.977
221.974
222.016
222.106
222.237
222.398
222.553
222.697
222.829
222.954
223.07
223.179
223.283
223.384
223.483
223.582
223.681
223.78
223.881
223.981
224.082
224.182
224.283
224.384
224.486
224.587
224.687
224.787
224.886
224.984
225.082
225.178
225.274
225.368
225.462
225.554
225.646
225.737
225.827
225.916
226.004
226.091
226.177
226.262
226.346
226.428
226.509
226.588
226.665
226.74
226.812
226.883
226.95
227.015
227.077
227.136
227.192
227.243
227.291
227.335
227.374
227.408
227.437
227.461
227.48
227.493
227.5
227.502
227.497
227.486
227.468
227.445
227.415
227.38
227.339
227.292
227.24
227.183
227.121
227.055
226.985
226.912
226.835
226.755
226.673
226.589
226.503
226.415
226.328
226.239
226.151
226.062
225.974
225.886
225.799
225.713
225.628
225.544
225.461
225.38
225.3
225.221
225.145
225.071
225
224.932
224.868
224.808
224.751
224.695
224.635
224.552
164.673
211.961
219.891
220.96
221.523
221.758
221.915
221.971
221.971
221.951
221.95
221.995
222.09
222.225
222.388
222.545
222.692
222.826
222.952
223.069
223.179
223.283
223.385
223.484
223.583
223.682
223.782
223.882
223.983
224.083
224.184
224.285
224.387
224.488
224.589
224.69
224.789
224.888
224.987
225.084
225.18
225.275
225.37
225.463
225.554
225.646
225.736
225.825
225.913
226.001
226.087
226.172
226.256
226.338
226.418
226.497
226.574
226.649
226.721
226.791
226.859
226.923
226.985
227.044
227.099
227.15
227.198
227.241
227.28
227.315
227.344
227.369
227.388
227.401
227.409
227.411
227.407
227.397
227.38
227.357
227.329
227.294
227.254
227.208
227.157
227.101
227.039
226.974
226.904
226.831
226.754
226.674
226.592
226.508
226.421
226.334
226.244
226.155
226.065
225.975
225.886
225.796
225.708
225.62
225.534
225.449
225.364
225.282
225.2
225.121
225.042
224.966
224.892
224.821
224.754
224.691
224.631
224.574
224.517
224.457
224.374
163.89
211.775
219.893
220.923
221.489
221.728
221.884
221.94
221.942
221.923
221.925
221.974
222.073
222.213
222.379
222.538
222.686
222.822
222.949
223.068
223.179
223.284
223.386
223.485
223.584
223.683
223.783
223.884
223.984
224.085
224.186
224.287
224.389
224.49
224.591
224.692
224.792
224.891
224.989
225.086
225.182
225.277
225.371
225.463
225.555
225.645
225.735
225.823
225.911
225.997
226.082
226.166
226.249
226.329
226.408
226.485
226.56
226.632
226.703
226.77
226.835
226.896
226.955
227.01
227.061
227.109
227.153
227.192
227.226
227.256
227.281
227.3
227.314
227.323
227.326
227.323
227.313
227.297
227.276
227.248
227.215
227.175
227.13
227.08
227.024
226.963
226.898
226.829
226.756
226.679
226.599
226.517
226.432
226.345
226.256
226.167
226.076
225.986
225.894
225.804
225.713
225.623
225.535
225.446
225.359
225.274
225.189
225.106
225.025
224.945
224.867
224.791
224.717
224.646
224.58
224.517
224.457
224.4
224.345
224.285
224.203
163.12
211.629
219.897
220.876
221.453
221.695
221.851
221.908
221.912
221.895
221.899
221.953
222.057
222.2
222.369
222.53
222.68
222.818
222.947
223.067
223.178
223.284
223.386
223.486
223.585
223.684
223.784
223.885
223.986
224.087
224.188
224.289
224.391
224.493
224.594
224.694
224.794
224.893
224.991
225.088
225.184
225.278
225.372
225.464
225.555
225.645
225.734
225.821
225.908
225.994
226.078
226.161
226.242
226.321
226.398
226.473
226.546
226.616
226.684
226.749
226.81
226.869
226.924
226.976
227.024
227.068
227.107
227.142
227.172
227.198
227.218
227.232
227.241
227.245
227.243
227.234
227.22
227.199
227.172
227.14
227.101
227.057
227.007
226.952
226.893
226.828
226.759
226.686
226.61
226.53
226.447
226.362
226.274
226.186
226.095
226.004
225.911
225.82
225.727
225.636
225.544
225.453
225.364
225.275
225.188
225.102
225.017
224.935
224.853
224.774
224.696
224.62
224.547
224.476
224.41
224.347
224.288
224.232
224.176
224.117
224.036
162.351
211.512
219.883
220.827
221.415
221.66
221.817
221.876
221.882
221.866
221.874
221.932
222.04
222.188
222.359
222.522
222.674
222.814
222.944
223.065
223.178
223.284
223.387
223.487
223.586
223.685
223.786
223.886
223.987
224.088
224.189
224.291
224.393
224.495
224.596
224.696
224.796
224.895
224.993
225.09
225.185
225.279
225.372
225.464
225.555
225.644
225.732
225.82
225.906
225.99
226.074
226.155
226.235
226.312
226.388
226.461
226.532
226.6
226.665
226.728
226.787
226.842
226.894
226.943
226.987
227.027
227.062
227.093
227.119
227.14
227.155
227.165
227.169
227.169
227.161
227.147
227.128
227.102
227.07
227.033
226.99
226.941
226.887
226.828
226.764
226.695
226.623
226.546
226.466
226.384
226.298
226.211
226.121
226.03
225.937
225.845
225.75
225.657
225.564
225.471
225.379
225.288
225.198
225.109
225.021
224.935
224.85
224.767
224.686
224.606
224.528
224.453
224.38
224.31
224.244
224.181
224.123
224.067
224.011
223.953
223.871
161.589
211.411
219.856
220.783
221.376
221.624
221.784
221.842
221.85
221.837
221.848
221.911
222.023
222.175
222.348
222.513
222.668
222.81
222.941
223.064
223.177
223.284
223.387
223.487
223.587
223.686
223.787
223.887
223.988
224.089
224.191
224.293
224.395
224.496
224.598
224.698
224.798
224.897
224.994
225.091
225.187
225.28
225.373
225.464
225.554
225.643
225.731
225.818
225.903
225.987
226.069
226.149
226.228
226.304
226.378
226.449
226.518
226.584
226.647
226.706
226.763
226.815
226.864
226.909
226.95
226.986
227.018
227.044
227.066
227.082
227.093
227.098
227.098
227.092
227.079
227.061
227.036
227.006
226.969
226.927
226.88
226.826
226.768
226.705
226.637
226.564
226.488
226.409
226.326
226.24
226.152
226.062
225.97
225.877
225.782
225.689
225.593
225.499
225.404
225.311
225.218
225.126
225.035
224.945
224.857
224.771
224.687
224.604
224.523
224.443
224.366
224.29
224.218
224.148
224.083
224.021
223.962
223.907
223.852
223.794
223.714
160.838
211.319
219.831
220.746
221.337
221.588
221.75
221.809
221.819
221.808
221.823
221.889
222.006
222.162
222.338
222.505
222.662
222.805
222.938
223.062
223.176
223.284
223.387
223.488
223.587
223.687
223.788
223.888
223.99
224.091
224.192
224.294
224.396
224.498
224.599
224.7
224.8
224.898
224.996
225.093
225.188
225.281
225.374
225.464
225.554
225.643
225.73
225.816
225.9
225.983
226.064
226.144
226.221
226.296
226.368
226.437
226.504
226.568
226.628
226.685
226.739
226.789
226.834
226.876
226.913
226.946
226.973
226.996
227.013
227.025
227.032
227.033
227.028
227.016
226.999
226.976
226.947
226.911
226.87
226.824
226.771
226.714
226.651
226.584
226.512
226.436
226.357
226.274
226.188
226.1
226.009
225.917
225.822
225.728
225.631
225.536
225.439
225.344
225.248
225.154
225.06
224.968
224.877
224.787
224.699
224.613
224.528
224.445
224.363
224.284
224.206
224.131
224.059
223.99
223.925
223.863
223.805
223.75
223.696
223.638
223.558
160.058
211.23
219.797
220.717
221.301
221.553
221.717
221.777
221.788
221.779
221.797
221.868
221.99
222.149
222.327
222.496
222.655
222.8
222.935
223.06
223.175
223.284
223.387
223.488
223.588
223.688
223.789
223.89
223.991
224.092
224.194
224.296
224.398
224.5
224.601
224.702
224.801
224.9
224.998
225.094
225.189
225.282
225.374
225.464
225.554
225.642
225.729
225.814
225.898
225.98
226.06
226.138
226.214
226.287
226.358
226.426
226.49
226.552
226.61
226.665
226.715
226.762
226.805
226.843
226.877
226.905
226.929
226.948
226.961
226.969
226.971
226.967
226.957
226.941
226.92
226.892
226.858
226.818
226.772
226.721
226.665
226.603
226.536
226.465
226.39
226.311
226.228
226.142
226.053
225.962
225.869
225.775
225.678
225.582
225.484
225.387
225.289
225.193
225.096
225.001
224.907
224.813
224.722
224.632
224.543
224.457
224.372
224.289
224.208
224.129
224.052
223.977
223.905
223.837
223.772
223.711
223.653
223.598
223.544
223.487
223.407
159.219
211.132
219.753
220.691
221.266
221.519
221.685
221.745
221.758
221.751
221.772
221.847
221.973
222.136
222.317
222.488
222.648
222.795
222.932
223.058
223.174
223.283
223.387
223.489
223.589
223.689
223.79
223.891
223.992
224.093
224.195
224.297
224.399
224.501
224.603
224.703
224.803
224.902
224.999
225.095
225.19
225.283
225.374
225.464
225.553
225.641
225.727
225.812
225.895
225.976
226.055
226.132
226.207
226.279
226.348
226.414
226.477
226.536
226.592
226.644
226.692
226.736
226.775
226.81
226.841
226.866
226.886
226.9
226.909
226.913
226.911
226.903
226.888
226.868
226.841
226.809
226.771
226.726
226.676
226.621
226.56
226.494
226.424
226.349
226.27
226.188
226.102
226.013
225.921
225.828
225.732
225.636
225.538
225.44
225.34
225.242
225.142
225.045
224.948
224.852
224.757
224.663
224.572
224.481
224.393
224.306
224.221
224.138
224.057
223.978
223.901
223.826
223.755
223.686
223.622
223.561
223.504
223.45
223.396
223.339
223.261
158.358
211.002
219.721
220.666
221.233
221.488
221.655
221.714
221.728
221.723
221.747
221.826
221.957
222.123
222.306
222.479
222.641
222.79
222.928
223.055
223.172
223.283
223.387
223.489
223.589
223.69
223.79
223.891
223.993
224.094
224.196
224.299
224.401
224.503
224.604
224.705
224.804
224.903
225
225.096
225.191
225.283
225.375
225.464
225.553
225.64
225.726
225.81
225.892
225.973
226.051
226.127
226.2
226.27
226.338
226.402
226.463
226.52
226.574
226.623
226.669
226.71
226.746
226.778
226.805
226.826
226.842
226.853
226.858
226.858
226.852
226.839
226.82
226.795
226.764
226.727
226.685
226.636
226.582
226.522
226.457
226.388
226.313
226.235
226.153
226.067
225.978
225.887
225.792
225.697
225.599
225.5
225.4
225.301
225.199
225.1
225
224.902
224.804
224.707
224.612
224.517
224.425
224.334
224.245
224.158
224.074
223.991
223.91
223.831
223.755
223.68
223.609
223.541
223.477
223.417
223.36
223.305
223.251
223.195
223.116
157.461
210.826
219.688
220.646
221.202
221.459
221.626
221.683
221.698
221.696
221.723
221.806
221.941
222.11
222.295
222.47
222.635
222.785
222.924
223.053
223.171
223.282
223.387
223.489
223.589
223.69
223.791
223.892
223.994
224.095
224.197
224.3
224.402
224.504
224.606
224.706
224.806
224.904
225.002
225.097
225.191
225.284
225.375
225.464
225.552
225.639
225.724
225.808
225.89
225.969
226.046
226.121
226.193
226.262
226.328
226.39
226.449
226.505
226.556
226.603
226.646
226.684
226.717
226.746
226.769
226.787
226.8
226.807
226.809
226.804
226.793
226.776
226.753
226.724
226.689
226.648
226.601
226.548
226.489
226.426
226.357
226.284
226.206
226.124
226.038
225.95
225.858
225.763
225.667
225.569
225.469
225.369
225.267
225.166
225.063
224.963
224.861
224.762
224.663
224.565
224.47
224.375
224.282
224.192
224.103
224.016
223.931
223.848
223.767
223.688
223.612
223.537
223.466
223.399
223.335
223.275
223.218
223.165
223.111
223.056
222.978
156.6
210.676
219.656
220.625
221.172
221.433
221.599
221.654
221.669
221.668
221.699
221.786
221.925
222.097
222.284
222.461
222.628
222.78
222.921
223.05
223.169
223.281
223.386
223.489
223.59
223.691
223.792
223.893
223.994
224.096
224.198
224.301
224.403
224.505
224.607
224.708
224.807
224.906
225.003
225.098
225.192
225.284
225.375
225.464
225.552
225.638
225.723
225.806
225.887
225.966
226.042
226.115
226.186
226.254
226.318
226.379
226.436
226.489
226.538
226.583
226.623
226.658
226.689
226.714
226.734
226.749
226.758
226.761
226.759
226.75
226.735
226.714
226.687
226.654
226.614
226.569
226.518
226.461
226.398
226.331
226.259
226.182
226.1
226.015
225.926
225.835
225.74
225.643
225.544
225.444
225.342
225.24
225.136
225.034
224.93
224.829
224.727
224.626
224.527
224.429
224.332
224.237
224.144
224.053
223.963
223.876
223.792
223.709
223.628
223.55
223.473
223.4
223.329
223.262
223.198
223.138
223.082
223.028
222.975
222.919
222.841
155.866
210.512
219.63
220.598
221.144
221.408
221.572
221.625
221.641
221.642
221.675
221.766
221.909
222.085
222.274
222.452
222.62
222.775
222.917
223.047
223.167
223.28
223.386
223.489
223.59
223.691
223.792
223.894
223.995
224.097
224.199
224.302
224.405
224.507
224.608
224.709
224.808
224.907
225.004
225.099
225.193
225.285
225.375
225.464
225.551
225.637
225.722
225.804
225.884
225.962
226.037
226.11
226.179
226.246
226.308
226.368
226.423
226.474
226.521
226.563
226.601
226.633
226.661
226.683
226.7
226.711
226.717
226.717
226.71
226.698
226.679
226.654
226.622
226.585
226.541
226.492
226.437
226.376
226.31
226.239
226.162
226.082
225.997
225.909
225.818
225.723
225.626
225.526
225.425
225.323
225.219
225.116
225.01
224.907
224.802
224.699
224.596
224.494
224.394
224.295
224.198
224.103
224.01
223.919
223.829
223.742
223.657
223.575
223.494
223.415
223.338
223.265
223.194
223.127
223.064
223.004
222.948
222.895
222.842
222.787
222.71
155.226
210.326
219.611
220.565
221.116
221.385
221.546
221.597
221.613
221.616
221.653
221.747
221.894
222.072
222.263
222.443
222.613
222.769
222.912
223.045
223.166
223.279
223.385
223.489
223.59
223.691
223.793
223.894
223.996
224.098
224.2
224.303
224.406
224.508
224.609
224.71
224.81
224.908
225.005
225.1
225.193
225.285
225.375
225.464
225.551
225.636
225.72
225.802
225.882
225.959
226.033
226.104
226.173
226.238
226.299
226.356
226.41
226.459
226.503
226.543
226.578
226.608
226.633
226.652
226.666
226.674
226.676
226.673
226.662
226.646
226.623
226.594
226.559
226.517
226.47
226.416
226.357
226.293
226.223
226.148
226.069
225.985
225.897
225.806
225.711
225.614
225.514
225.413
225.31
225.205
225.099
224.994
224.887
224.782
224.676
224.573
224.469
224.367
224.266
224.167
224.069
223.973
223.879
223.788
223.698
223.611
223.526
223.443
223.363
223.284
223.208
223.135
223.065
222.998
222.935
222.876
222.82
222.766
222.714
222.659
222.582
154.617
210.188
219.624
220.53
221.089
221.363
221.522
221.57
221.586
221.591
221.631
221.729
221.878
222.06
222.252
222.435
222.606
222.763
222.908
223.042
223.164
223.277
223.385
223.488
223.59
223.692
223.793
223.895
223.996
224.098
224.201
224.304
224.407
224.509
224.61
224.711
224.811
224.909
225.006
225.101
225.194
225.285
225.375
225.463
225.55
225.635
225.719
225.8
225.879
225.955
226.029
226.099
226.166
226.23
226.289
226.345
226.397
226.444
226.486
226.524
226.557
226.584
226.606
226.622
226.633
226.638
226.637
226.629
226.615
226.595
226.568
226.536
226.497
226.451
226.4
226.343
226.28
226.212
226.138
226.06
225.977
225.89
225.8
225.705
225.608
225.508
225.406
225.303
225.197
225.091
224.984
224.877
224.769
224.663
224.556
224.45
224.346
224.243
224.141
224.041
223.943
223.847
223.753
223.662
223.573
223.485
223.4
223.317
223.236
223.158
223.082
223.008
222.938
222.871
222.808
222.749
222.693
222.64
222.587
222.532
222.455
154.012
210.078
219.634
220.493
221.065
221.344
221.5
221.544
221.56
221.567
221.609
221.711
221.864
222.047
222.242
222.426
222.599
222.758
222.904
223.038
223.161
223.276
223.384
223.488
223.59
223.692
223.793
223.895
223.997
224.099
224.202
224.305
224.408
224.51
224.611
224.712
224.812
224.91
225.006
225.101
225.194
225.285
225.375
225.463
225.55
225.634
225.717
225.798
225.876
225.952
226.024
226.094
226.159
226.222
226.28
226.334
226.384
226.429
226.47
226.505
226.535
226.56
226.579
226.592
226.6
226.602
226.598
226.586
226.569
226.545
226.515
226.478
226.436
226.387
226.332
226.271
226.204
226.133
226.056
225.974
225.888
225.798
225.705
225.608
225.508
225.406
225.301
225.196
225.088
224.981
224.871
224.763
224.654
224.546
224.438
224.332
224.227
224.124
224.022
223.921
223.823
223.726
223.632
223.54
223.45
223.362
223.277
223.194
223.114
223.035
222.96
222.886
222.817
222.75
222.687
222.628
222.573
222.519
222.467
222.412
222.336
153.405
209.993
219.635
220.46
221.044
221.326
221.478
221.519
221.534
221.543
221.589
221.693
221.849
222.035
222.231
222.417
222.592
222.752
222.9
223.035
223.159
223.274
223.383
223.487
223.59
223.692
223.793
223.895
223.997
224.1
224.202
224.306
224.408
224.511
224.612
224.713
224.813
224.911
225.007
225.102
225.194
225.285
225.375
225.463
225.549
225.633
225.716
225.796
225.874
225.948
226.02
226.088
226.153
226.214
226.271
226.323
226.372
226.415
226.453
226.486
226.514
226.536
226.553
226.563
226.568
226.567
226.559
226.545
226.524
226.497
226.463
226.423
226.376
226.324
226.265
226.201
226.131
226.056
225.976
225.891
225.802
225.709
225.613
225.513
225.411
225.307
225.2
225.092
224.983
224.874
224.763
224.654
224.543
224.435
224.326
224.219
224.113
224.008
223.905
223.804
223.705
223.609
223.514
223.422
223.333
223.245
223.16
223.077
222.996
222.917
222.841
222.768
222.698
222.631
222.569
222.51
222.454
222.402
222.349
222.294
222.218
152.805
209.92
219.633
220.436
221.025
221.31
221.459
221.495
221.51
221.52
221.569
221.676
221.835
222.023
222.221
222.408
222.584
222.746
222.895
223.032
223.157
223.273
223.382
223.487
223.59
223.692
223.794
223.895
223.998
224.1
224.203
224.306
224.409
224.512
224.613
224.714
224.814
224.912
225.008
225.102
225.195
225.286
225.375
225.462
225.548
225.633
225.714
225.794
225.871
225.945
226.016
226.083
226.147
226.206
226.262
226.313
226.359
226.401
226.437
226.468
226.493
226.513
226.527
226.535
226.537
226.533
226.521
226.504
226.48
226.449
226.412
226.368
226.318
226.262
226.2
226.133
226.06
225.981
225.898
225.81
225.718
225.623
225.524
225.422
225.317
225.21
225.102
224.993
224.882
224.771
224.658
224.548
224.436
224.326
224.217
224.109
224.002
223.897
223.794
223.693
223.593
223.496
223.401
223.309
223.218
223.131
223.045
222.962
222.882
222.803
222.728
222.655
222.585
222.519
222.456
222.397
222.342
222.288
222.236
222.181
222.105
152.214
209.855
219.632
220.422
221.01
221.297
221.441
221.473
221.487
221.499
221.549
221.659
221.821
222.011
222.21
222.399
222.577
222.741
222.891
223.029
223.154
223.271
223.381
223.486
223.589
223.692
223.794
223.896
223.998
224.101
224.204
224.307
224.41
224.512
224.614
224.715
224.814
224.912
225.008
225.103
225.195
225.286
225.375
225.462
225.548
225.632
225.713
225.792
225.868
225.942
226.011
226.078
226.14
226.199
226.253
226.302
226.347
226.387
226.421
226.45
226.473
226.49
226.502
226.507
226.507
226.499
226.485
226.464
226.437
226.403
226.362
226.315
226.262
226.203
226.138
226.067
225.99
225.909
225.823
225.732
225.637
225.539
225.438
225.333
225.227
225.118
225.008
224.896
224.783
224.672
224.558
224.446
224.334
224.223
224.113
224.004
223.896
223.79
223.686
223.585
223.485
223.388
223.293
223.2
223.11
223.023
222.937
222.854
222.773
222.694
222.618
222.545
222.475
222.408
222.346
222.287
222.232
222.179
222.127
222.072
221.997
151.626
209.795
219.634
220.416
220.998
221.286
221.424
221.451
221.465
221.478
221.531
221.643
221.807
221.999
222.2
222.391
222.57
222.735
222.886
223.025
223.152
223.269
223.379
223.485
223.589
223.691
223.794
223.896
223.998
224.101
224.204
224.308
224.411
224.513
224.615
224.716
224.815
224.913
225.009
225.103
225.195
225.286
225.375
225.462
225.547
225.631
225.712
225.79
225.866
225.938
226.007
226.073
226.134
226.191
226.244
226.292
226.335
226.373
226.406
226.432
226.453
226.468
226.477
226.48
226.477
226.466
226.449
226.425
226.395
226.358
226.314
226.264
226.207
226.145
226.077
226.002
225.923
225.839
225.75
225.656
225.559
225.459
225.355
225.248
225.139
225.029
224.917
224.804
224.69
224.577
224.461
224.348
224.235
224.123
224.012
223.902
223.795
223.689
223.585
223.482
223.382
223.284
223.189
223.096
223.005
222.917
222.832
222.748
222.668
222.589
222.513
222.441
222.371
222.305
222.242
222.183
222.128
222.075
222.022
221.966
221.889
151.022
209.733
219.626
220.416
220.991
221.276
221.409
221.431
221.443
221.457
221.513
221.628
221.794
221.988
222.19
222.382
222.563
222.729
222.882
223.022
223.149
223.267
223.378
223.484
223.588
223.691
223.794
223.896
223.998
224.101
224.205
224.308
224.411
224.514
224.616
224.716
224.816
224.913
225.009
225.103
225.195
225.286
225.374
225.461
225.547
225.63
225.71
225.788
225.863
225.935
226.003
226.068
226.128
226.184
226.236
226.282
226.324
226.36
226.391
226.415
226.434
226.447
226.453
226.454
226.448
226.434
226.414
226.387
226.354
226.314
226.267
226.214
226.155
226.089
226.018
225.941
225.858
225.771
225.68
225.584
225.484
225.381
225.275
225.166
225.056
224.944
224.83
224.715
224.599
224.485
224.369
224.255
224.141
224.028
223.917
223.806
223.698
223.591
223.486
223.383
223.283
223.185
223.09
222.997
222.907
222.818
222.733
222.649
222.568
222.489
222.413
222.34
222.27
222.204
222.141
222.082
222.027
221.974
221.922
221.868
221.793
150.364
209.66
219.626
220.418
220.986
221.269
221.395
221.412
221.423
221.438
221.495
221.613
221.781
221.977
222.18
222.374
222.556
222.723
222.877
223.018
223.146
223.265
223.376
223.483
223.588
223.691
223.793
223.896
223.999
224.102
224.205
224.309
224.412
224.515
224.616
224.717
224.816
224.914
225.01
225.104
225.195
225.286
225.374
225.461
225.546
225.629
225.709
225.786
225.861
225.932
225.999
226.063
226.122
226.177
226.227
226.273
226.313
226.347
226.376
226.398
226.415
226.425
226.43
226.428
226.419
226.403
226.38
226.351
226.314
226.271
226.222
226.165
226.103
226.035
225.96
225.881
225.796
225.706
225.612
225.513
225.412
225.306
225.198
225.088
224.975
224.862
224.746
224.631
224.514
224.398
224.281
224.166
224.05
223.937
223.825
223.714
223.605
223.498
223.393
223.291
223.19
223.091
222.995
222.902
222.811
222.723
222.637
222.554
222.473
222.394
222.318
222.245
222.176
222.11
222.047
221.989
221.933
221.88
221.827
221.771
221.694
149.656
209.568
219.632
220.428
220.985
221.263
221.382
221.394
221.403
221.419
221.478
221.598
221.769
221.966
222.17
222.365
222.549
222.718
222.873
223.014
223.144
223.263
223.375
223.482
223.587
223.69
223.793
223.896
223.999
224.102
224.206
224.309
224.413
224.515
224.617
224.718
224.817
224.915
225.01
225.104
225.196
225.286
225.374
225.461
225.545
225.628
225.708
225.785
225.858
225.929
225.996
226.058
226.117
226.17
226.219
226.263
226.302
226.334
226.361
226.382
226.397
226.405
226.408
226.403
226.391
226.373
226.347
226.315
226.276
226.23
226.178
226.119
226.054
225.983
225.906
225.823
225.736
225.644
225.547
225.446
225.342
225.235
225.125
225.013
224.899
224.784
224.667
224.55
224.431
224.315
224.197
224.081
223.965
223.851
223.739
223.627
223.517
223.41
223.304
223.201
223.1
223.002
222.906
222.813
222.722
222.634
222.548
222.465
222.383
222.304
222.228
222.155
222.085
222.019
221.956
221.897
221.842
221.789
221.737
221.682
221.607
148.941
209.443
219.635
220.442
220.986
221.259
221.369
221.376
221.384
221.401
221.462
221.584
221.757
221.955
222.161
222.357
222.542
222.712
222.868
223.011
223.141
223.261
223.373
223.481
223.586
223.69
223.793
223.896
223.999
224.102
224.206
224.31
224.413
224.516
224.618
224.718
224.817
224.915
225.01
225.104
225.196
225.286
225.374
225.46
225.545
225.627
225.706
225.783
225.856
225.926
225.992
226.054
226.111
226.164
226.211
226.254
226.291
226.322
226.347
226.366
226.379
226.385
226.386
226.379
226.364
226.343
226.315
226.281
226.239
226.191
226.135
226.074
226.006
225.932
225.853
225.768
225.678
225.583
225.484
225.382
225.276
225.167
225.055
224.941
224.826
224.709
224.591
224.473
224.354
224.237
224.118
224.001
223.884
223.769
223.656
223.544
223.435
223.327
223.221
223.118
223.017
222.918
222.822
222.728
222.637
222.549
222.463
222.379
222.298
222.219
222.144
222.071
222.001
221.935
221.873
221.814
221.758
221.705
221.652
221.596
221.519
148.211
209.301
219.638
220.456
220.99
221.255
221.356
221.359
221.366
221.384
221.447
221.571
221.745
221.945
222.152
222.349
222.535
222.706
222.863
223.007
223.138
223.259
223.372
223.48
223.586
223.69
223.793
223.896
223.999
224.103
224.207
224.31
224.414
224.516
224.618
224.719
224.818
224.915
225.011
225.104
225.196
225.286
225.374
225.46
225.544
225.626
225.705
225.781
225.854
225.923
225.988
226.049
226.105
226.157
226.204
226.245
226.28
226.31
226.334
226.351
226.362
226.366
226.365
226.355
226.339
226.315
226.285
226.248
226.203
226.152
226.095
226.031
225.96
225.884
225.802
225.715
225.623
225.526
225.425
225.321
225.213
225.102
224.989
224.874
224.757
224.639
224.519
224.401
224.28
224.162
224.042
223.925
223.808
223.693
223.579
223.467
223.357
223.248
223.142
223.039
222.937
222.839
222.743
222.65
222.559
222.47
222.384
222.301
222.219
222.141
222.064
221.991
221.921
221.855
221.793
221.734
221.678
221.625
221.573
221.518
221.442
147.523
209.174
219.647
220.468
220.994
221.251
221.344
221.344
221.349
221.367
221.432
221.558
221.734
221.935
222.142
222.341
222.528
222.7
222.859
223.003
223.135
223.256
223.37
223.479
223.585
223.689
223.793
223.896
223.999
224.103
224.207
224.311
224.414
224.517
224.619
224.719
224.818
224.916
225.011
225.104
225.196
225.286
225.374
225.46
225.544
225.625
225.704
225.779
225.852
225.92
225.984
226.045
226.1
226.151
226.196
226.236
226.27
226.299
226.321
226.336
226.345
226.348
226.344
226.332
226.314
226.288
226.255
226.216
226.169
226.116
226.056
225.989
225.916
225.838
225.754
225.664
225.57
225.471
225.369
225.262
225.153
225.041
224.926
224.809
224.691
224.572
224.451
224.332
224.211
224.092
223.972
223.854
223.736
223.62
223.506
223.394
223.284
223.176
223.07
222.966
222.865
222.766
222.669
222.576
222.485
222.396
222.31
222.226
222.145
222.067
221.991
221.918
221.849
221.783
221.721
221.662
221.606
221.553
221.5
221.445
221.369
146.941
209.062
219.662
220.479
220.997
221.246
221.332
221.329
221.333
221.351
221.417
221.545
221.723
221.925
222.134
222.333
222.521
222.695
222.854
222.999
223.132
223.254
223.368
223.478
223.584
223.689
223.792
223.896
223.999
224.103
224.207
224.311
224.414
224.517
224.619
224.72
224.819
224.916
225.011
225.104
225.196
225.285
225.373
225.459
225.543
225.624
225.702
225.778
225.849
225.917
225.981
226.04
226.095
226.145
226.189
226.228
226.261
226.287
226.308
226.322
226.329
226.33
226.324
226.31
226.29
226.262
226.227
226.185
226.136
226.08
226.018
225.949
225.875
225.794
225.708
225.616
225.52
225.42
225.315
225.207
225.096
224.982
224.866
224.749
224.629
224.51
224.388
224.268
224.146
224.026
223.906
223.787
223.67
223.554
223.44
223.327
223.216
223.107
223.001
222.897
222.796
222.697
222.601
222.508
222.417
222.329
222.243
222.159
222.078
222
221.924
221.851
221.781
221.715
221.653
221.594
221.539
221.486
221.433
221.378
221.302
146.447
208.947
219.682
220.488
220.998
221.24
221.322
221.315
221.317
221.335
221.403
221.533
221.712
221.915
222.125
222.325
222.515
222.689
222.849
222.996
223.129
223.252
223.367
223.477
223.583
223.688
223.792
223.896
223.999
224.103
224.207
224.311
224.415
224.517
224.619
224.72
224.819
224.916
225.011
225.104
225.196
225.285
225.373
225.459
225.542
225.623
225.701
225.776
225.847
225.915
225.978
226.036
226.09
226.139
226.182
226.22
226.251
226.277
226.295
226.308
226.314
226.313
226.305
226.289
226.267
226.237
226.2
226.156
226.105
226.047
225.982
225.912
225.835
225.752
225.664
225.571
225.473
225.37
225.264
225.155
225.043
224.928
224.811
224.692
224.571
224.451
224.328
224.208
224.086
223.966
223.845
223.726
223.608
223.491
223.377
223.264
223.154
223.045
222.939
222.836
222.734
222.636
222.539
222.446
222.355
222.266
222.18
222.097
222.016
221.938
221.862
221.79
221.721
221.655
221.593
221.535
221.479
221.426
221.374
221.319
221.243
146.002
208.835
219.713
220.496
220.998
221.233
221.313
221.302
221.302
221.32
221.39
221.522
221.702
221.906
222.116
222.318
222.508
222.683
222.845
222.992
223.126
223.249
223.365
223.475
223.582
223.687
223.792
223.895
223.999
224.103
224.208
224.312
224.415
224.518
224.62
224.72
224.819
224.916
225.011
225.104
225.196
225.285
225.373
225.459
225.542
225.622
225.7
225.774
225.845
225.912
225.974
226.032
226.085
226.133
226.175
226.212
226.242
226.266
226.284
226.294
226.299
226.297
226.286
226.269
226.245
226.213
226.174
226.128
226.075
226.015
225.949
225.876
225.797
225.712
225.622
225.527
225.428
225.324
225.217
225.106
224.993
224.876
224.758
224.639
224.518
224.397
224.274
224.153
224.03
223.909
223.788
223.669
223.551
223.435
223.32
223.207
223.097
222.988
222.882
222.778
222.677
222.579
222.483
222.39
222.299
222.211
222.125
222.042
221.961
221.883
221.807
221.735
221.665
221.6
221.538
221.48
221.424
221.371
221.319
221.265
221.187
145.577
208.754
219.749
220.506
220.998
221.227
221.304
221.29
221.288
221.306
221.377
221.51
221.692
221.897
222.108
222.31
222.501
222.678
222.84
222.988
223.123
223.247
223.363
223.474
223.581
223.687
223.791
223.895
223.999
224.103
224.208
224.312
224.415
224.518
224.62
224.721
224.82
224.916
225.011
225.104
225.196
225.285
225.373
225.458
225.541
225.622
225.699
225.773
225.843
225.909
225.971
226.028
226.081
226.128
226.169
226.204
226.234
226.256
226.272
226.282
226.285
226.281
226.269
226.25
226.223
226.19
226.149
226.101
226.046
225.985
225.916
225.842
225.761
225.675
225.583
225.487
225.386
225.281
225.172
225.06
224.946
224.829
224.71
224.59
224.468
224.346
224.223
224.101
223.979
223.858
223.737
223.617
223.499
223.382
223.268
223.155
223.045
222.937
222.831
222.728
222.627
222.528
222.432
222.339
222.249
222.161
222.075
221.992
221.912
221.834
221.759
221.687
221.618
221.553
221.491
221.433
221.378
221.325
221.273
221.22
221.143
145.158
208.694
219.783
220.517
221
221.222
221.295
221.278
221.274
221.292
221.365
221.5
221.682
221.888
222.1
222.303
222.495
222.672
222.835
222.984
223.12
223.245
223.361
223.472
223.58
223.686
223.791
223.895
223.999
224.104
224.208
224.312
224.415
224.518
224.62
224.721
224.82
224.917
225.011
225.104
225.196
225.285
225.373
225.458
225.541
225.621
225.698
225.771
225.841
225.907
225.968
226.025
226.076
226.122
226.163
226.197
226.225
226.247
226.262
226.27
226.271
226.266
226.252
226.231
226.203
226.168
226.126
226.076
226.019
225.956
225.886
225.81
225.728
225.64
225.547
225.449
225.347
225.241
225.131
225.018
224.903
224.785
224.665
224.545
224.422
224.301
224.177
224.055
223.932
223.81
223.689
223.57
223.453
223.336
223.222
223.11
222.999
222.891
222.785
222.682
222.581
222.483
222.388
222.295
222.205
222.118
222.033
221.95
221.87
221.792
221.717
221.645
221.576
221.512
221.45
221.392
221.337
221.285
221.232
221.181
221.102
144.736
208.643
219.815
220.529
221.002
221.217
221.287
221.266
221.261
221.279
221.353
221.489
221.673
221.879
222.092
222.296
222.489
222.667
222.831
222.98
223.117
223.242
223.359
223.471
223.579
223.685
223.79
223.895
223.999
224.103
224.208
224.312
224.416
224.519
224.62
224.721
224.82
224.917
225.011
225.104
225.196
225.285
225.372
225.458
225.54
225.62
225.697
225.77
225.839
225.905
225.965
226.021
226.072
226.117
226.157
226.19
226.217
226.238
226.251
226.258
226.259
226.251
226.236
226.214
226.185
226.148
226.103
226.052
225.994
225.929
225.858
225.78
225.696
225.607
225.513
225.414
225.311
225.203
225.093
224.979
224.863
224.745
224.624
224.504
224.38
224.259
224.135
224.013
223.89
223.769
223.648
223.529
223.411
223.295
223.181
223.069
222.959
222.851
222.746
222.643
222.543
222.445
222.35
222.258
222.168
222.081
221.996
221.914
221.834
221.757
221.682
221.611
221.543
221.478
221.417
221.36
221.305
221.253
221.201
221.15
221.072
144.304
208.594
219.845
220.544
221.006
221.212
221.279
221.255
221.248
221.267
221.342
221.479
221.664
221.871
222.084
222.289
222.482
222.662
222.826
222.977
223.114
223.24
223.357
223.47
223.578
223.685
223.79
223.894
223.999
224.103
224.208
224.312
224.416
224.519
224.621
224.721
224.82
224.917
225.012
225.104
225.196
225.285
225.372
225.457
225.54
225.619
225.696
225.769
225.838
225.902
225.963
226.018
226.068
226.112
226.151
226.184
226.21
226.229
226.241
226.247
226.247
226.238
226.221
226.198
226.167
226.128
226.083
226.03
225.97
225.904
225.831
225.752
225.667
225.577
225.482
225.381
225.277
225.169
225.058
224.944
224.827
224.708
224.587
224.467
224.343
224.222
224.098
223.976
223.853
223.731
223.611
223.492
223.375
223.259
223.146
223.034
222.924
222.817
222.712
222.61
222.51
222.413
222.318
222.227
222.137
222.051
221.966
221.885
221.805
221.728
221.654
221.583
221.516
221.452
221.391
221.334
221.279
221.228
221.177
221.127
221.049
143.849
208.544
219.874
220.56
221.011
221.208
221.271
221.245
221.236
221.255
221.331
221.47
221.655
221.863
222.076
222.282
222.476
222.656
222.822
222.973
223.11
223.237
223.355
223.468
223.577
223.684
223.789
223.894
223.999
224.103
224.208
224.312
224.416
224.519
224.621
224.721
224.82
224.917
225.011
225.104
225.195
225.285
225.372
225.457
225.539
225.619
225.695
225.767
225.836
225.9
225.96
226.015
226.064
226.108
226.146
226.177
226.202
226.221
226.232
226.237
226.235
226.225
226.207
226.182
226.15
226.11
226.063
226.009
225.948
225.88
225.806
225.726
225.64
225.549
225.453
225.352
225.247
225.138
225.026
224.911
224.794
224.676
224.554
224.434
224.31
224.188
224.064
223.943
223.82
223.7
223.58
223.461
223.344
223.229
223.116
223.004
222.896
222.789
222.685
222.583
222.484
222.387
222.293
222.202
222.113
222.027
221.943
221.862
221.783
221.707
221.634
221.563
221.496
221.433
221.372
221.316
221.262
221.211
221.159
221.11
221.031
143.405
208.489
219.903
220.578
221.018
221.205
221.263
221.235
221.224
221.243
221.321
221.461
221.647
221.855
222.069
222.275
222.47
222.651
222.817
222.969
223.107
223.235
223.353
223.467
223.576
223.683
223.789
223.894
223.998
224.103
224.208
224.312
224.416
224.519
224.621
224.721
224.82
224.917
225.011
225.104
225.195
225.285
225.372
225.457
225.539
225.618
225.694
225.766
225.834
225.898
225.957
226.012
226.06
226.104
226.141
226.172
226.196
226.213
226.223
226.227
226.224
226.213
226.194
226.168
226.134
226.093
226.045
225.99
225.928
225.859
225.784
225.702
225.616
225.523
225.426
225.325
225.219
225.11
224.998
224.883
224.765
224.647
224.525
224.405
224.281
224.16
224.037
223.915
223.793
223.672
223.553
223.435
223.319
223.204
223.092
222.981
222.873
222.767
222.663
222.562
222.464
222.368
222.275
222.184
222.096
222.011
221.928
221.847
221.769
221.693
221.62
221.551
221.484
221.421
221.361
221.305
221.251
221.201
221.151
221.102
221.023
142.964
208.428
219.932
220.597
221.025
221.202
221.256
221.225
221.213
221.232
221.311
221.452
221.639
221.848
222.062
222.268
222.464
222.646
222.813
222.965
223.104
223.232
223.351
223.465
223.575
223.682
223.788
223.893
223.998
224.103
224.208
224.312
224.416
224.519
224.621
224.721
224.82
224.917
225.011
225.104
225.195
225.284
225.372
225.456
225.538
225.617
225.693
225.765
225.833
225.896
225.955
226.009
226.057
226.099
226.136
226.166
226.189
226.206
226.215
226.218
226.214
226.201
226.182
226.154
226.12
226.078
226.028
225.972
225.909
225.839
225.763
225.681
225.593
225.5
225.403
225.301
225.195
225.085
224.972
224.857
224.74
224.622
224.5
224.38
224.257
224.135
224.013
223.892
223.77
223.651
223.532
223.415
223.299
223.185
223.073
222.964
222.856
222.751
222.648
222.548
222.451
222.356
222.263
222.173
222.086
222.001
221.919
221.839
221.761
221.686
221.614
221.545
221.479
221.416
221.357
221.301
221.248
221.197
221.147
221.1
221.021
142.528
208.368
219.963
220.618
221.033
221.199
221.248
221.216
221.202
221.221
221.301
221.443
221.631
221.84
222.055
222.262
222.458
222.641
222.809
222.962
223.101
223.23
223.349
223.463
223.574
223.681
223.788
223.893
223.998
224.103
224.208
224.312
224.416
224.519
224.621
224.721
224.82
224.917
225.011
225.104
225.195
225.284
225.371
225.456
225.538
225.617
225.692
225.764
225.831
225.894
225.953
226.006
226.054
226.096
226.131
226.161
226.183
226.199
226.208
226.21
226.205
226.191
226.17
226.142
226.106
226.063
226.013
225.956
225.892
225.821
225.744
225.661
225.573
225.48
225.382
225.279
225.173
225.063
224.951
224.836
224.718
224.6
224.479
224.359
224.237
224.116
223.994
223.874
223.753
223.634
223.516
223.399
223.285
223.172
223.061
222.952
222.846
222.741
222.64
222.54
222.443
222.349
222.258
222.168
222.082
221.997
221.915
221.836
221.759
221.685
221.613
221.545
221.48
221.419
221.361
221.307
221.254
221.205
221.156
221.111
221.033
142.128
208.314
219.996
220.638
221.041
221.196
221.242
221.207
221.192
221.211
221.292
221.435
221.624
221.833
222.048
222.256
222.453
222.636
222.804
222.958
223.098
223.227
223.347
223.462
223.573
223.681
223.787
223.892
223.998
224.103
224.208
224.312
224.416
224.519
224.621
224.721
224.82
224.917
225.011
225.104
225.195
225.284
225.371
225.456
225.537
225.616
225.691
225.763
225.83
225.893
225.951
226.003
226.051
226.092
226.127
226.156
226.178
226.193
226.201
226.202
226.196
226.181
226.16
226.131
226.094
226.05
225.999
225.941
225.876
225.805
225.727
225.644
225.555
225.462
225.363
225.261
225.155
225.045
224.932
224.818
224.7
224.583
224.462
224.343
224.221
224.101
223.98
223.86
223.74
223.622
223.505
223.39
223.276
223.164
223.054
222.946
222.841
222.737
222.636
222.537
222.441
222.348
222.257
222.17
222.085
222.002
221.922
221.844
221.769
221.696
221.625
221.558
221.493
221.432
221.374
221.319
221.267
221.218
221.169
221.124
221.045
141.77
208.269
220.035
220.66
221.049
221.195
221.235
221.199
221.182
221.201
221.283
221.427
221.616
221.826
222.041
222.25
222.447
222.631
222.8
222.954
223.095
223.224
223.345
223.46
223.571
223.68
223.786
223.892
223.997
224.102
224.207
224.312
224.416
224.519
224.621
224.721
224.82
224.916
225.011
225.104
225.195
225.284
225.371
225.455
225.537
225.616
225.691
225.762
225.829
225.891
225.949
226.001
226.048
226.089
226.123
226.151
226.173
226.187
226.194
226.195
226.188
226.173
226.15
226.12
226.083
226.038
225.987
225.928
225.862
225.791
225.713
225.629
225.54
225.446
225.348
225.245
225.139
225.03
224.917
224.803
224.686
224.569
224.449
224.33
224.21
224.09
223.97
223.852
223.733
223.616
223.5
223.385
223.272
223.161
223.052
222.945
222.841
222.739
222.64
222.543
222.449
222.358
222.268
222.181
222.097
222.015
221.935
221.857
221.782
221.71
221.64
221.574
221.511
221.451
221.394
221.341
221.29
221.242
221.194
221.152
221.074
141.446
208.23
220.08
220.68
221.058
221.194
221.229
221.191
221.173
221.191
221.274
221.42
221.609
221.819
222.035
222.244
222.442
222.626
222.796
222.951
223.092
223.222
223.343
223.459
223.57
223.679
223.786
223.891
223.997
224.102
224.207
224.312
224.416
224.519
224.621
224.721
224.82
224.916
225.011
225.104
225.195
225.284
225.371
225.455
225.537
225.615
225.69
225.761
225.828
225.89
225.947
225.999
226.045
226.086
226.12
226.147
226.168
226.182
226.189
226.188
226.18
226.165
226.142
226.111
226.073
226.028
225.975
225.916
225.85
225.778
225.7
225.616
225.527
225.433
225.335
225.233
225.127
225.018
224.906
224.792
224.676
224.56
224.441
224.323
224.203
224.084
223.965
223.847
223.73
223.613
223.498
223.385
223.274
223.165
223.058
222.954
222.851
222.75
222.651
222.555
222.461
222.37
222.282
222.197
222.114
222.033
221.955
221.879
221.805
221.734
221.666
221.6
221.538
221.479
221.423
221.37
221.319
221.272
221.225
221.184
221.105
141.151
208.199
220.127
220.7
221.068
221.193
221.224
221.184
221.164
221.182
221.266
221.412
221.602
221.813
222.029
222.238
222.436
222.621
222.792
222.947
223.089
223.219
223.341
223.457
223.569
223.678
223.785
223.891
223.996
224.102
224.207
224.312
224.416
224.519
224.621
224.721
224.82
224.916
225.011
225.104
225.195
225.284
225.371
225.455
225.536
225.615
225.689
225.76
225.826
225.888
225.945
225.997
226.043
226.083
226.117
226.144
226.164
226.177
226.183
226.183
226.174
226.158
226.134
226.103
226.064
226.019
225.966
225.906
225.84
225.768
225.689
225.606
225.517
225.423
225.325
225.223
225.117
225.009
224.898
224.785
224.67
224.554
224.436
224.319
224.2
224.082
223.964
223.847
223.732
223.618
223.505
223.394
223.283
223.175
223.069
222.965
222.863
222.764
222.667
222.573
222.482
222.392
222.306
222.221
222.139
222.06
221.982
221.908
221.835
221.765
221.698
221.633
221.572
221.514
221.46
221.408
221.359
221.312
221.266
221.227
221.149
140.883
208.183
220.174
220.722
221.079
221.193
221.219
221.177
221.155
221.173
221.258
221.405
221.596
221.807
222.023
222.232
222.431
222.616
222.787
222.943
223.086
223.217
223.339
223.455
223.568
223.677
223.784
223.89
223.996
224.102
224.207
224.311
224.415
224.519
224.621
224.721
224.819
224.916
225.011
225.104
225.195
225.284
225.371
225.455
225.536
225.614
225.689
225.759
225.826
225.887
225.944
225.995
226.041
226.08
226.114
226.14
226.16
226.173
226.179
226.178
226.168
226.151
226.127
226.096
226.057
226.011
225.958
225.898
225.832
225.759
225.681
225.597
225.508
225.415
225.317
225.216
225.111
225.004
224.893
224.781
224.666
224.551
224.434
224.318
224.201
224.086
223.97
223.855
223.74
223.627
223.515
223.405
223.296
223.19
223.086
222.984
222.884
222.786
222.691
222.598
222.508
222.42
222.334
222.252
222.171
222.093
222.017
221.944
221.873
221.804
221.738
221.675
221.615
221.558
221.504
221.453
221.405
221.359
221.314
221.277
221.2
140.637
208.177
220.222
220.747
221.092
221.195
221.215
221.17
221.147
221.165
221.25
221.398
221.59
221.8
222.017
222.226
222.426
222.612
222.783
222.94
223.083
223.214
223.337
223.454
223.566
223.676
223.783
223.89
223.996
224.101
224.206
224.311
224.415
224.519
224.62
224.721
224.819
224.916
225.01
225.103
225.195
225.284
225.37
225.455
225.536
225.614
225.688
225.759
225.825
225.886
225.942
225.993
226.039
226.078
226.111
226.137
226.157
226.169
226.175
226.173
226.163
226.146
226.122
226.09
226.051
226.004
225.951
225.891
225.825
225.753
225.675
225.591
225.503
225.41
225.313
225.212
225.108
225.001
224.891
224.78
224.666
224.553
224.439
224.324
224.209
224.094
223.979
223.865
223.752
223.641
223.531
223.423
223.316
223.211
223.109
223.008
222.91
222.814
222.72
222.629
222.541
222.454
222.371
222.289
222.21
222.134
222.059
221.987
221.918
221.85
221.786
221.724
221.665
221.61
221.557
221.508
221.461
221.416
221.372
221.337
221.261
140.406
208.175
220.27
220.776
221.106
221.197
221.211
221.164
221.139
221.157
221.242
221.392
221.583
221.795
222.011
222.221
222.421
222.607
222.779
222.936
223.08
223.212
223.335
223.452
223.565
223.675
223.783
223.889
223.995
224.101
224.206
224.311
224.415
224.518
224.62
224.721
224.819
224.916
225.01
225.103
225.194
225.284
225.37
225.454
225.536
225.613
225.688
225.758
225.824
225.885
225.941
225.992
226.037
226.076
226.109
226.135
226.154
226.166
226.171
226.169
226.159
226.142
226.117
226.085
226.046
225.999
225.946
225.886
225.82
225.748
225.67
225.587
225.499
225.407
225.31
225.21
225.107
225.001
224.893
224.784
224.673
224.56
224.446
224.333
224.219
224.106
223.993
223.882
223.77
223.661
223.552
223.446
223.341
223.238
223.137
223.039
222.942
222.848
222.756
222.667
222.58
222.496
222.413
222.334
222.257
222.182
222.109
222.038
221.97
221.904
221.841
221.781
221.723
221.669
221.618
221.569
221.523
221.48
221.437
221.404
221.329
140.184
208.18
220.319
220.809
221.123
221.199
221.207
221.159
221.132
221.149
221.235
221.385
221.578
221.789
222.005
222.216
222.416
222.603
222.775
222.933
223.077
223.209
223.333
223.45
223.564
223.674
223.782
223.889
223.995
224.1
224.206
224.311
224.415
224.518
224.62
224.72
224.819
224.915
225.01
225.103
225.194
225.283
225.37
225.454
225.535
225.613
225.687
225.757
225.823
225.884
225.94
225.991
226.035
226.074
226.107
226.133
226.152
226.163
226.168
226.166
226.155
226.138
226.113
226.081
226.042
225.996
225.942
225.883
225.817
225.745
225.668
225.586
225.498
225.406
225.311
225.212
225.111
225.006
224.899
224.791
224.68
224.57
224.458
224.347
224.234
224.123
224.012
223.902
223.793
223.685
223.579
223.474
223.371
223.271
223.172
223.075
222.98
222.888
222.798
222.711
222.626
222.543
222.463
222.385
222.31
222.236
222.165
222.096
222.03
221.965
221.904
221.845
221.789
221.736
221.686
221.639
221.594
221.553
221.511
221.479
221.404
139.968
208.192
220.373
220.847
221.142
221.203
221.205
221.153
221.125
221.141
221.228
221.379
221.572
221.783
222
222.21
222.411
222.598
222.771
222.929
223.074
223.207
223.331
223.449
223.562
223.673
223.781
223.888
223.994
224.1
224.205
224.31
224.415
224.518
224.62
224.72
224.819
224.915
225.01
225.103
225.194
225.283
225.37
225.454
225.535
225.613
225.687
225.757
225.823
225.884
225.939
225.99
226.034
226.073
226.105
226.131
226.15
226.161
226.166
226.163
226.153
226.135
226.11
226.078
226.039
225.993
225.94
225.881
225.816
225.744
225.667
225.586
225.5
225.41
225.315
225.218
225.116
225.014
224.908
224.802
224.693
224.584
224.474
224.364
224.254
224.145
224.035
223.927
223.82
223.715
223.611
223.508
223.407
223.309
223.212
223.117
223.025
222.935
222.847
222.761
222.678
222.598
222.519
222.443
222.37
222.298
222.229
222.161
222.096
222.034
221.974
221.917
221.862
221.811
221.762
221.716
221.673
221.634
221.593
221.562
221.489
139.755
208.207
220.432
220.892
221.163
221.208
221.202
221.148
221.118
221.134
221.221
221.373
221.566
221.778
221.995
222.205
222.406
222.594
222.767
222.926
223.071
223.204
223.329
223.447
223.561
223.672
223.78
223.887
223.994
224.1
224.205
224.31
224.414
224.518
224.62
224.72
224.818
224.915
225.01
225.103
225.194
225.283
225.37
225.454
225.535
225.613
225.687
225.757
225.822
225.883
225.939
225.989
226.033
226.072
226.104
226.129
226.148
226.159
226.164
226.162
226.151
226.134
226.109
226.077
226.038
225.992
225.94
225.881
225.816
225.746
225.67
225.59
225.504
225.415
225.321
225.225
225.126
225.025
224.921
224.816
224.709
224.602
224.494
224.386
224.278
224.17
224.063
223.958
223.853
223.749
223.647
223.547
223.449
223.352
223.258
223.165
223.075
222.987
222.901
222.818
222.737
222.658
222.582
222.508
222.436
222.366
222.299
222.233
222.17
222.109
222.051
221.996
221.943
221.893
221.846
221.802
221.76
221.722
221.683
221.654
221.583
139.547
208.223
220.494
220.943
221.185
221.213
221.201
221.143
221.112
221.128
221.215
221.367
221.561
221.773
221.99
222.2
222.402
222.59
222.764
222.922
223.068
223.202
223.327
223.445
223.56
223.671
223.779
223.887
223.993
224.099
224.205
224.31
224.414
224.517
224.619
224.72
224.818
224.915
225.01
225.103
225.194
225.283
225.37
225.454
225.535
225.613
225.687
225.756
225.822
225.882
225.938
225.988
226.032
226.071
226.103
226.128
226.147
226.159
226.163
226.161
226.15
226.133
226.108
226.076
226.037
225.992
225.941
225.883
225.819
225.749
225.674
225.595
225.511
225.423
225.331
225.236
225.138
225.039
224.937
224.833
224.729
224.624
224.518
224.412
224.306
224.201
224.096
223.993
223.89
223.789
223.689
223.591
223.495
223.401
223.309
223.219
223.131
223.045
222.961
222.88
222.801
222.725
222.651
222.579
222.509
222.441
222.376
222.312
222.251
222.192
222.135
222.081
222.03
221.982
221.937
221.894
221.853
221.817
221.779
221.753
221.683
139.339
208.24
220.569
220.998
221.21
221.22
221.199
221.139
221.106
221.121
221.209
221.362
221.556
221.768
221.985
222.196
222.397
222.586
222.76
222.919
223.065
223.199
223.325
223.444
223.558
223.67
223.779
223.886
223.993
224.099
224.204
224.309
224.414
224.517
224.619
224.719
224.818
224.915
225.01
225.103
225.194
225.283
225.37
225.454
225.535
225.613
225.686
225.756
225.822
225.882
225.938
225.988
226.032
226.07
226.102
226.128
226.146
226.158
226.163
226.16
226.15
226.132
226.108
226.077
226.039
225.995
225.943
225.886
225.823
225.754
225.681
225.602
225.52
225.433
225.343
225.25
225.154
225.056
224.956
224.855
224.752
224.649
224.545
224.442
224.338
224.236
224.133
224.032
223.932
223.833
223.736
223.641
223.547
223.455
223.365
223.278
223.192
223.109
223.028
222.949
222.872
222.798
222.726
222.656
222.588
222.522
222.459
222.397
222.338
222.281
222.226
222.174
222.125
222.078
222.034
221.993
221.953
221.919
221.883
221.858
221.79
220.651
221.057
221.235
221.226
221.198
221.134
221.1
221.115
221.203
221.356
221.551
221.763
221.98
222.191
222.393
222.581
222.756
222.916
223.062
223.197
223.323
223.442
223.557
223.669
223.778
223.885
223.992
224.098
224.204
224.309
224.413
224.517
224.619
224.719
224.818
224.914
225.009
225.103
225.194
225.283
225.37
225.454
225.535
225.613
225.686
225.756
225.821
225.882
225.937
225.987
226.032
226.07
226.102
226.127
226.146
226.158
226.163
226.16
226.15
226.134
226.11
226.079
226.041
225.997
225.947
225.891
225.829
225.762
225.689
225.612
225.531
225.446
225.358
225.266
225.172
225.076
224.979
224.88
224.779
224.679
224.577
224.476
224.375
224.275
224.175
224.077
223.979
223.883
223.788
223.695
223.604
223.515
223.427
223.342
223.259
223.178
223.099
223.023
222.948
222.876
222.807
222.739
222.673
222.61
222.548
222.488
222.431
222.376
222.323
222.273
222.225
222.18
222.138
222.098
222.06
222.027
221.992
221.97
221.903
225.937
225.987
226.031
226.07
226.102
226.127
226.146
226.159
226.164
226.161
226.152
226.135
226.112
226.082
226.045
226.002
225.953
225.898
225.837
225.771
225.7
225.624
225.545
225.462
225.375
225.286
225.194
225.1
225.005
224.908
224.81
224.712
224.613
224.514
224.416
224.318
224.221
224.125
224.03
223.937
223.845
223.755
223.666
223.579
223.495
223.412
223.331
223.253
223.177
223.102
223.03
222.961
222.893
222.828
222.764
222.703
222.643
222.586
222.53
222.477
222.426
222.378
222.332
222.289
222.248
222.209
222.173
222.141
222.109
222.089
222.024
226.032
226.07
226.102
226.128
226.147
226.16
226.165
226.163
226.154
226.138
226.115
226.086
226.05
226.008
225.96
225.906
225.846
225.782
225.713
225.639
225.561
225.48
225.395
225.308
225.219
225.127
225.034
224.94
224.844
224.749
224.653
224.557
224.461
224.366
224.272
224.179
224.086
223.996
223.906
223.819
223.733
223.649
223.567
223.487
223.409
223.333
223.259
223.187
223.118
223.051
222.985
222.922
222.861
222.801
222.744
222.688
222.635
222.584
222.535
222.488
222.444
222.403
222.363
222.326
222.291
222.261
222.23
222.213
222.15
226.103
226.129
226.148
226.161
226.167
226.165
226.157
226.142
226.12
226.091
226.057
226.016
225.969
225.916
225.858
225.795
225.727
225.655
225.58
225.501
225.418
225.333
225.246
225.157
225.066
224.975
224.882
224.789
224.696
224.603
224.51
224.418
224.326
224.236
224.147
224.059
223.973
223.888
223.805
223.724
223.644
223.567
223.491
223.418
223.347
223.278
223.211
223.146
223.083
223.022
222.963
222.906
222.85
222.797
222.745
222.696
222.649
222.604
222.562
222.522
222.485
222.449
222.415
222.387
222.358
222.343
222.283
222.477
222.419
)
;

boundaryField
{
    inlet
    {
        type            fixedValue;
        value           uniform 223;
    }
    obstacle
    {
        type            zeroGradient;
    }
    bottom
    {
        type            symmetry;
    }
    outlet
    {
        type            inletOutlet;
        inletValue      nonuniform List<scalar> 0();
        value           nonuniform List<scalar> 0();
    }
    top
    {
        type            symmetry;
    }
    defaultFaces
    {
        type            empty;
    }
    procBoundary7to1
    {
        type            processor;
        value           nonuniform List<scalar> 
126
(
139.115
208.254
208.254
220.738
221.118
221.26
221.233
221.197
221.13
221.094
221.11
221.197
221.351
221.546
221.758
221.975
222.186
222.388
222.577
222.752
222.912
223.059
223.194
223.321
223.441
223.556
223.668
223.777
223.884
223.991
224.098
224.204
224.309
224.413
224.516
224.618
224.719
224.817
224.914
225.009
225.103
225.194
225.283
225.37
225.454
225.535
225.612
225.686
225.756
225.821
225.882
225.882
225.937
225.987
225.987
226.032
226.071
226.071
226.104
226.13
226.15
226.163
226.169
226.169
226.161
226.146
226.125
226.098
226.064
226.024
225.979
225.928
225.871
225.81
225.744
225.674
225.601
225.524
225.444
225.362
225.277
225.19
225.102
225.014
224.924
224.834
224.743
224.653
224.563
224.474
224.385
224.298
224.212
224.127
224.043
223.961
223.881
223.803
223.726
223.652
223.579
223.508
223.439
223.373
223.308
223.246
223.185
223.127
223.07
223.015
222.962
222.91
222.861
222.813
222.768
222.725
222.685
222.647
222.611
222.576
222.543
222.517
222.489
222.489
222.618
222.563
)
;
    }
    procBoundary7to6
    {
        type            processor;
        value           nonuniform List<scalar> 
153
(
217.35
220.885
220.859
220.969
220.969
221.455
221.948
222.274
222.466
222.599
222.685
222.728
222.738
222.734
222.739
222.775
222.855
222.949
223.042
223.13
223.209
223.278
223.336
223.387
223.435
223.483
223.538
223.541
223.544
223.548
223.552
223.556
223.556
223.63
223.636
223.636
223.717
223.724
223.724
223.811
223.819
223.819
223.901
223.984
224.067
224.151
224.235
224.32
224.407
224.495
224.584
224.676
224.77
224.866
224.964
225.066
225.169
225.276
225.384
225.494
225.605
225.719
225.835
225.955
226.077
226.203
226.332
226.465
226.602
226.742
226.886
227.034
227.185
227.353
227.363
227.371
227.376
227.38
227.382
227.383
227.381
227.378
227.373
227.366
227.359
227.349
227.339
227.327
227.314
227.301
227.301
227.427
227.554
227.683
227.814
227.945
228.078
228.211
228.345
228.479
228.612
228.745
228.877
229.007
229.136
229.262
229.385
229.504
229.619
229.73
229.835
229.934
230.026
230.112
230.189
230.259
230.32
230.373
230.417
230.451
230.476
230.492
230.499
230.497
230.486
230.466
230.439
230.403
230.361
230.078
230.078
230.02
229.958
229.89
229.821
229.746
229.671
229.593
229.513
229.433
229.111
229.111
229.029
228.947
228.866
228.786
228.709
228.635
228.566
228.5
228.436
228.367
228.269
)
;
    }
}


// ************************************************************************* //
