/*--------------------------------*- C++ -*----------------------------------*\
| =========                 |                                                 |
| \\      /  F ield         | OpenFOAM: The Open Source CFD Toolbox           |
|  \\    /   O peration     | Version:  2412                                  |
|   \\  /    A nd           | Website:  www.openfoam.com                      |
|    \\/     M anipulation  |                                                 |
\*---------------------------------------------------------------------------*/
FoamFile
{
    version     2.0;
    format      ascii;
    arch        "LSB;label=32;scalar=64";
    class       volScalarField;
    location    "0.114";
    object      p;
}
// * * * * * * * * * * * * * * * * * * * * * * * * * * * * * * * * * * * * * //

dimensions      [1 -1 -2 0 0 0 0];

internalField   nonuniform List<scalar> 
9859
(
2797.81
2798.87
2799.43
2800.04
2800.48
2800.93
2801.23
2801.67
2802.33
2803.56
2805.26
2807.24
2808.53
2808.83
2808.57
2807.63
2806.11
2804.65
2803.74
2803.32
2803.16
2803.07
2802.98
2802.82
2802.58
2802.3
2801.98
2801.68
2801.33
2801
2800.64
2800.3
2799.91
2799.53
2799.12
2798.68
2798.22
2797.71
2797.13
2796.43
2795.56
2794.5
2793.28
2791.96
2790.56
2789.13
2787.65
2786.1
2784.51
2782.82
2781.04
2779.23
2777.39
2775.5
2773.59
2771.53
2769.44
2767.33
2765.25
2762.9
2760.29
2757.56
2754.76
2751.86
2748.9
2745.95
2743.13
2740.56
2738.34
2797.74
2798.8
2799.36
2799.97
2800.41
2800.86
2801.16
2801.6
2802.27
2803.5
2805.21
2807.2
2808.51
2808.82
2808.56
2807.62
2806.09
2804.62
2803.7
2803.27
2803.11
2803.02
2802.92
2802.76
2802.52
2802.23
2801.91
2801.6
2801.25
2800.92
2800.55
2800.2
2799.81
2799.42
2799
2798.56
2798.08
2797.56
2796.97
2796.26
2795.38
2794.31
2793.09
2791.74
2790.32
2788.85
2787.36
2785.81
2784.19
2782.48
2780.69
2778.87
2777
2775.1
2773.21
2771.19
2769.12
2766.94
2764.72
2762.36
2759.83
2757.03
2754.2
2751.32
2748.36
2745.42
2742.62
2740.07
2737.87
2736.08
2734.71
2733.87
2733.62
2733.88
2734.59
2748.01
2750.32
2752.77
2755.28
2757.6
2760.03
2762.35
2764.46
2766.38
2768.13
2769.76
2771.38
2773.04
2774.81
2776.67
2778.67
2780.83
2783.07
2785.37
2787.73
2790.1
2792.43
2794.65
2796.74
2798.66
2800.31
2801.9
2803.3
2804.7
2806.12
2807.71
2809.74
2812.06
2815.03
2819.05
2823.74
2827.12
2797.66
2798.72
2799.29
2799.9
2800.33
2800.78
2801.09
2801.53
2802.19
2803.44
2805.15
2807.16
2808.48
2808.8
2808.54
2807.6
2806.07
2804.6
2803.67
2803.23
2803.07
2802.97
2802.87
2802.7
2802.45
2802.17
2801.84
2801.52
2801.17
2800.83
2800.46
2800.1
2799.7
2799.31
2798.88
2798.42
2797.93
2797.4
2796.8
2796.08
2795.19
2794.12
2792.88
2791.51
2790.06
2788.56
2787.06
2785.49
2783.85
2782.12
2780.33
2778.49
2776.59
2774.67
2772.77
2770.75
2768.69
2766.51
2764.23
2761.79
2759.26
2756.48
2753.63
2750.75
2747.8
2744.87
2742.08
2739.56
2737.39
2735.64
2734.32
2733.54
2733.33
2733.63
2734.38
2735.45
2736.53
2737.71
2738.94
2740.35
2741.97
2743.77
2745.77
2747.92
2750.24
2752.7
2755.21
2757.54
2759.96
2762.28
2764.39
2766.31
2768.06
2769.68
2771.3
2772.97
2774.74
2776.6
2778.62
2780.77
2783.02
2785.33
2787.69
2790.07
2792.39
2794.6
2796.69
2798.59
2800.21
2801.78
2803.17
2804.51
2805.93
2807.44
2809.38
2811.62
2814.4
2818.1
2822.33
2824.69
2797.58
2798.65
2799.21
2799.83
2800.26
2800.71
2801.01
2801.45
2802.12
2803.37
2805.09
2807.12
2808.45
2808.78
2808.53
2807.59
2806.06
2804.57
2803.63
2803.19
2803.02
2802.92
2802.81
2802.64
2802.39
2802.1
2801.77
2801.44
2801.08
2800.74
2800.36
2799.99
2799.59
2799.18
2798.75
2798.28
2797.78
2797.23
2796.62
2795.88
2794.98
2793.9
2792.66
2791.27
2789.79
2788.26
2786.73
2785.16
2783.5
2781.74
2779.94
2778.08
2776.16
2774.23
2772.29
2770.22
2768.14
2765.97
2763.71
2761.25
2758.65
2755.88
2753.04
2750.15
2747.2
2744.29
2741.52
2739.02
2736.88
2735.17
2733.91
2733.19
2733.03
2733.37
2734.16
2735.26
2736.34
2737.52
2738.76
2740.19
2741.83
2743.65
2745.67
2747.83
2750.16
2752.62
2755.13
2757.47
2759.89
2762.21
2764.32
2766.23
2767.98
2769.61
2771.22
2772.89
2774.67
2776.53
2778.55
2780.71
2782.98
2785.29
2787.65
2790.04
2792.35
2794.56
2796.63
2798.51
2800.11
2801.66
2803.04
2804.32
2805.71
2807.16
2808.99
2811.15
2813.74
2817.08
2820.84
2822.12
2797.49
2798.56
2799.13
2799.75
2800.18
2800.63
2800.93
2801.37
2802.04
2803.3
2805.03
2807.08
2808.42
2808.76
2808.51
2807.57
2806.04
2804.54
2803.59
2803.14
2802.96
2802.86
2802.75
2802.57
2802.32
2802.02
2801.69
2801.36
2800.99
2800.64
2800.25
2799.88
2799.46
2799.05
2798.61
2798.13
2797.61
2797.06
2796.43
2795.68
2794.76
2793.67
2792.41
2791.01
2789.5
2787.95
2786.39
2784.8
2783.12
2781.35
2779.54
2777.64
2775.7
2773.76
2771.8
2769.7
2767.58
2765.39
2763.13
2760.68
2758.05
2755.26
2752.4
2749.52
2746.58
2743.68
2740.94
2738.46
2736.36
2734.69
2733.49
2732.83
2732.72
2733.11
2733.93
2735.05
2736.13
2737.32
2738.57
2740.02
2741.68
2743.52
2745.56
2747.73
2750.08
2752.54
2755.04
2757.4
2759.81
2762.13
2764.24
2766.15
2767.9
2769.52
2771.14
2772.82
2774.6
2776.46
2778.49
2780.65
2782.94
2785.24
2787.61
2790
2792.31
2794.51
2796.56
2798.43
2800.01
2801.52
2802.91
2804.11
2805.47
2806.86
2808.59
2810.65
2813.05
2816
2819.28
2819.43
2795.07
2797.41
2798.48
2799.04
2799.66
2800.09
2800.54
2800.84
2801.29
2801.96
2803.23
2804.97
2807.03
2808.39
2808.73
2808.49
2807.55
2806.02
2804.51
2803.55
2803.09
2802.91
2802.8
2802.68
2802.5
2802.25
2801.95
2801.6
2801.26
2800.89
2800.54
2800.15
2799.76
2799.34
2798.92
2798.46
2797.97
2797.44
2796.87
2796.23
2795.46
2794.52
2793.41
2792.15
2790.73
2789.21
2787.64
2786.05
2784.42
2782.72
2780.95
2779.1
2777.17
2775.22
2773.26
2771.29
2769.17
2767.05
2764.83
2762.51
2760.05
2757.42
2754.6
2751.73
2748.86
2745.93
2743.04
2740.32
2737.88
2735.82
2734.19
2733.06
2732.46
2732.4
2732.83
2733.7
2734.84
2735.92
2737.11
2738.38
2739.85
2741.53
2743.39
2745.45
2747.63
2749.99
2752.46
2754.95
2757.33
2759.72
2762.05
2764.15
2766.06
2767.81
2769.43
2771.06
2772.74
2774.52
2776.39
2778.42
2780.59
2782.89
2785.2
2787.57
2789.96
2792.26
2794.45
2796.49
2798.33
2799.91
2801.37
2802.76
2803.89
2805.21
2806.55
2808.17
2810.11
2812.31
2814.86
2817.61
2816.61
2790.47
2797.32
2798.39
2798.96
2799.58
2800.01
2800.45
2800.75
2801.21
2801.88
2803.15
2804.9
2806.98
2808.35
2808.71
2808.46
2807.54
2805.99
2804.48
2803.51
2803.04
2802.85
2802.74
2802.61
2802.43
2802.17
2801.87
2801.52
2801.17
2800.79
2800.43
2800.03
2799.64
2799.2
2798.77
2798.3
2797.79
2797.25
2796.67
2796.02
2795.23
2794.26
2793.13
2791.85
2790.42
2788.89
2787.32
2785.69
2784.02
2782.31
2780.52
2778.64
2776.68
2774.71
2772.73
2770.75
2768.62
2766.47
2764.23
2761.87
2759.38
2756.74
2753.91
2751.03
2748.16
2745.24
2742.37
2739.68
2737.28
2735.25
2733.68
2732.62
2732.08
2732.07
2732.56
2733.46
2734.61
2735.7
2736.9
2738.19
2739.67
2741.37
2743.26
2745.33
2747.53
2749.9
2752.38
2754.86
2757.25
2759.64
2761.97
2764.06
2765.97
2767.71
2769.34
2770.96
2772.66
2774.44
2776.31
2778.35
2780.52
2782.83
2785.15
2787.52
2789.92
2792.21
2794.39
2796.41
2798.23
2799.8
2801.21
2802.6
2803.67
2804.93
2806.22
2807.72
2809.54
2811.52
2813.68
2815.86
2813.66
2785.9
2797.22
2798.3
2798.87
2799.49
2799.92
2800.36
2800.66
2801.12
2801.79
2803.07
2804.83
2806.92
2808.32
2808.69
2808.44
2807.52
2805.97
2804.45
2803.47
2802.99
2802.79
2802.67
2802.54
2802.35
2802.09
2801.78
2801.42
2801.07
2800.69
2800.32
2799.91
2799.5
2799.06
2798.62
2798.13
2797.61
2797.06
2796.46
2795.79
2794.98
2793.99
2792.82
2791.54
2790.09
2788.56
2786.96
2785.32
2783.62
2781.88
2780.06
2778.14
2776.17
2774.18
2772.17
2770.16
2768
2765.84
2763.58
2761.2
2758.69
2756.02
2753.18
2750.29
2747.43
2744.53
2741.68
2739.01
2736.65
2734.66
2733.15
2732.16
2731.69
2731.74
2732.28
2733.21
2734.38
2735.47
2736.68
2737.98
2739.49
2741.22
2743.13
2745.22
2747.43
2749.8
2752.29
2754.77
2757.17
2759.54
2761.88
2763.97
2765.87
2767.61
2769.24
2770.87
2772.57
2774.36
2776.23
2778.28
2780.46
2782.78
2785.1
2787.47
2789.87
2792.16
2794.33
2796.33
2798.12
2799.69
2801.05
2802.42
2803.44
2804.63
2805.86
2807.26
2808.92
2810.69
2812.44
2814
2810.59
2781.28
2797.12
2798.2
2798.77
2799.39
2799.82
2800.27
2800.57
2801.02
2801.7
2802.98
2804.76
2806.87
2808.28
2808.66
2808.42
2807.5
2805.95
2804.42
2803.42
2802.93
2802.73
2802.6
2802.46
2802.27
2802
2801.69
2801.33
2800.97
2800.58
2800.2
2799.78
2799.37
2798.91
2798.45
2797.95
2797.42
2796.85
2796.24
2795.56
2794.71
2793.7
2792.51
2791.2
2789.74
2788.18
2786.59
2784.91
2783.19
2781.41
2779.57
2777.62
2775.62
2773.61
2771.58
2769.55
2767.36
2765.17
2762.89
2760.48
2757.96
2755.27
2752.41
2749.52
2746.66
2743.77
2740.95
2738.31
2735.99
2734.06
2732.61
2731.69
2731.28
2731.4
2731.99
2732.96
2734.14
2735.23
2736.44
2737.77
2739.3
2741.05
2742.99
2745.1
2747.32
2749.7
2752.2
2754.67
2757.08
2759.44
2761.78
2763.87
2765.77
2767.51
2769.14
2770.77
2772.48
2774.27
2776.15
2778.2
2780.38
2782.72
2785.04
2787.42
2789.82
2792.1
2794.26
2796.24
2798.01
2799.56
2800.87
2802.23
2803.2
2804.31
2805.49
2806.77
2808.27
2809.8
2811.15
2812.04
2807.39
2776.67
2797.02
2798.1
2798.67
2799.3
2799.72
2800.17
2800.47
2800.93
2801.6
2802.89
2804.68
2806.81
2808.24
2808.63
2808.39
2807.48
2805.93
2804.38
2803.38
2802.87
2802.65
2802.52
2802.38
2802.18
2801.91
2801.59
2801.23
2800.86
2800.46
2800.08
2799.64
2799.22
2798.75
2798.28
2797.77
2797.22
2796.64
2796.01
2795.31
2794.44
2793.4
2792.19
2790.85
2789.39
2787.79
2786.16
2784.48
2782.73
2780.93
2779.04
2777.06
2775.05
2773.01
2770.94
2768.88
2766.68
2764.48
2762.17
2759.73
2757.19
2754.47
2751.6
2748.7
2745.85
2742.99
2740.19
2737.59
2735.31
2733.43
2732.05
2731.21
2730.87
2731.05
2731.69
2732.7
2733.89
2734.97
2736.21
2737.56
2739.11
2740.89
2742.85
2744.97
2747.21
2749.59
2752.11
2754.57
2756.99
2759.34
2761.68
2763.76
2765.66
2767.4
2769.03
2770.66
2772.38
2774.17
2776.07
2778.12
2780.31
2782.66
2784.98
2787.37
2789.76
2792.04
2794.18
2796.14
2797.89
2799.43
2800.69
2802.01
2802.95
2803.98
2805.08
2806.26
2807.58
2808.85
2809.8
2809.98
2804.06
2772.01
2796.91
2798
2798.57
2799.19
2799.62
2800.07
2800.37
2800.83
2801.5
2802.8
2804.6
2806.75
2808.2
2808.61
2808.37
2807.46
2805.9
2804.35
2803.33
2802.81
2802.58
2802.44
2802.29
2802.09
2801.81
2801.49
2801.12
2800.75
2800.34
2799.94
2799.5
2799.06
2798.58
2798.1
2797.57
2797.01
2796.41
2795.77
2795.04
2794.15
2793.09
2791.86
2790.49
2789
2787.38
2785.71
2784
2782.24
2780.4
2778.48
2776.49
2774.44
2772.37
2770.28
2768.2
2765.97
2763.73
2761.4
2758.94
2756.37
2753.64
2750.76
2747.85
2745.01
2742.16
2739.39
2736.82
2734.59
2732.78
2731.47
2730.73
2730.44
2730.7
2731.4
2732.43
2733.63
2734.71
2735.96
2737.33
2738.91
2740.72
2742.71
2744.85
2747.1
2749.49
2752
2754.46
2756.89
2759.23
2761.56
2763.65
2765.54
2767.28
2768.92
2770.55
2772.27
2774.07
2775.98
2778.04
2780.23
2782.59
2784.92
2787.31
2789.7
2791.97
2794.1
2796.03
2797.76
2799.29
2800.5
2801.77
2802.68
2803.63
2804.65
2805.71
2806.83
2807.84
2808.39
2807.82
2800.61
2767.36
2796.8
2797.89
2798.46
2799.09
2799.52
2799.96
2800.26
2800.72
2801.4
2802.71
2804.52
2806.69
2808.16
2808.58
2808.35
2807.44
2805.88
2804.31
2803.27
2802.74
2802.5
2802.35
2802.2
2801.99
2801.71
2801.39
2801.01
2800.63
2800.21
2799.8
2799.35
2798.89
2798.4
2797.9
2797.35
2796.78
2796.17
2795.51
2794.75
2793.83
2792.76
2791.52
2790.12
2788.6
2786.95
2785.23
2783.48
2781.71
2779.84
2777.88
2775.88
2773.8
2771.68
2769.57
2767.45
2765.2
2762.95
2760.59
2758.1
2755.5
2752.75
2749.86
2746.95
2744.12
2741.3
2738.56
2736.03
2733.86
2732.11
2730.88
2730.22
2730.01
2730.35
2731.09
2732.15
2733.36
2734.44
2735.71
2737.1
2738.71
2740.55
2742.56
2744.72
2746.99
2749.39
2751.88
2754.36
2756.79
2759.12
2761.45
2763.53
2765.42
2767.15
2768.8
2770.44
2772.16
2773.96
2775.89
2777.95
2780.15
2782.52
2784.85
2787.25
2789.64
2791.9
2794.01
2795.91
2797.62
2799.12
2800.3
2801.53
2802.39
2803.26
2804.2
2805.14
2806.05
2806.78
2806.91
2805.55
2797.07
2762.7
2796.68
2797.77
2798.35
2798.98
2799.4
2799.85
2800.15
2800.61
2801.3
2802.61
2804.44
2806.62
2808.12
2808.55
2808.32
2807.41
2805.85
2804.27
2803.22
2802.67
2802.42
2802.26
2802.1
2801.89
2801.61
2801.27
2800.89
2800.5
2800.08
2799.65
2799.18
2798.72
2798.21
2797.69
2797.13
2796.54
2795.91
2795.22
2794.44
2793.5
2792.4
2791.14
2789.72
2788.15
2786.51
2784.73
2782.96
2781.14
2779.25
2777.27
2775.22
2773.1
2770.96
2768.83
2766.69
2764.4
2762.11
2759.72
2757.21
2754.59
2751.83
2748.93
2746.01
2743.18
2740.39
2737.68
2735.2
2733.09
2731.43
2730.29
2729.72
2729.58
2729.99
2730.78
2731.86
2733.07
2734.17
2735.45
2736.87
2738.51
2740.38
2742.41
2744.59
2746.88
2749.28
2751.76
2754.25
2756.68
2758.99
2761.32
2763.39
2765.28
2767.02
2768.67
2770.31
2772.04
2773.86
2775.79
2777.86
2780.07
2782.44
2784.79
2787.18
2789.57
2791.82
2793.92
2795.79
2797.48
2798.94
2800.09
2801.25
2802.07
2802.88
2803.72
2804.53
2805.21
2805.65
2805.37
2803.18
2793.43
2758.07
2796.57
2797.65
2798.23
2798.86
2799.29
2799.73
2800.04
2800.5
2801.19
2802.51
2804.35
2806.56
2808.07
2808.53
2808.3
2807.39
2805.83
2804.24
2803.16
2802.59
2802.33
2802.17
2802
2801.79
2801.49
2801.15
2800.76
2800.37
2799.93
2799.49
2799
2798.53
2798
2797.47
2796.88
2796.27
2795.62
2794.91
2794.1
2793.14
2792.02
2790.71
2789.26
2787.67
2786.01
2784.26
2782.41
2780.56
2778.62
2776.61
2774.54
2772.37
2770.19
2768.02
2765.84
2763.53
2761.22
2758.81
2756.27
2753.62
2750.83
2747.93
2745.02
2742.21
2739.45
2736.78
2734.36
2732.3
2730.72
2729.67
2729.19
2729.13
2729.62
2730.46
2731.56
2732.78
2733.88
2735.18
2736.63
2738.3
2740.2
2742.26
2744.46
2746.76
2749.17
2751.64
2754.14
2756.56
2758.87
2761.19
2763.26
2765.14
2766.88
2768.53
2770.18
2771.92
2773.74
2775.69
2777.77
2779.99
2782.36
2784.71
2787.11
2789.49
2791.74
2793.81
2795.66
2797.31
2798.74
2799.87
2800.97
2801.74
2802.48
2803.21
2803.89
2804.33
2804.47
2803.75
2800.69
2789.7
2753.45
2796.44
2797.53
2798.11
2798.74
2799.16
2799.61
2799.92
2800.38
2801.07
2802.41
2804.26
2806.5
2808.03
2808.5
2808.27
2807.37
2805.8
2804.19
2803.1
2802.51
2802.24
2802.07
2801.9
2801.67
2801.37
2801.02
2800.63
2800.22
2799.77
2799.32
2798.81
2798.32
2797.78
2797.23
2796.62
2795.99
2795.32
2794.58
2793.74
2792.75
2791.6
2790.26
2788.76
2787.15
2785.46
2783.69
2781.85
2779.92
2777.96
2775.91
2773.77
2771.59
2769.4
2767.19
2764.97
2762.63
2760.29
2757.84
2755.28
2752.61
2749.81
2746.91
2744
2741.19
2738.46
2735.83
2733.46
2731.49
2730.01
2729.06
2728.67
2728.69
2729.26
2730.14
2731.25
2732.47
2733.59
2734.91
2736.39
2738.09
2740.03
2742.11
2744.33
2746.64
2749.05
2751.52
2754.02
2756.43
2758.72
2761.04
2763.11
2764.99
2766.73
2768.39
2770.05
2771.79
2773.63
2775.59
2777.67
2779.89
2782.27
2784.64
2787.03
2789.41
2791.65
2793.7
2795.51
2797.15
2798.53
2799.64
2800.66
2801.38
2802.06
2802.68
2803.18
2803.38
2803.24
2802.04
2798.1
2785.9
2748.83
2796.31
2797.4
2797.98
2798.61
2799.03
2799.48
2799.79
2800.26
2800.96
2802.3
2804.18
2806.43
2807.99
2808.47
2808.25
2807.35
2805.77
2804.15
2803.03
2802.43
2802.15
2801.97
2801.79
2801.56
2801.25
2800.89
2800.49
2800.07
2799.61
2799.13
2798.62
2798.1
2797.54
2796.97
2796.34
2795.69
2794.99
2794.22
2793.35
2792.34
2791.16
2789.79
2788.26
2786.6
2784.87
2783.08
2781.18
2779.27
2777.23
2775.16
2773
2770.77
2768.52
2766.26
2764.02
2761.66
2759.28
2756.81
2754.22
2751.52
2748.7
2745.8
2742.9
2740.12
2737.43
2734.85
2732.55
2730.66
2729.26
2728.42
2728.11
2728.23
2728.88
2729.81
2730.93
2732.16
2733.28
2734.63
2736.14
2737.87
2739.85
2741.96
2744.19
2746.52
2748.93
2751.4
2753.89
2756.3
2758.59
2760.9
2762.95
2764.82
2766.57
2768.23
2769.9
2771.65
2773.5
2775.48
2777.57
2779.8
2782.18
2784.56
2786.95
2789.32
2791.55
2793.58
2795.36
2796.95
2798.29
2799.39
2800.34
2801
2801.61
2802.11
2802.46
2802.37
2801.94
2800.23
2795.39
2782.04
2744.29
2796.18
2797.27
2797.85
2798.47
2798.9
2799.35
2799.66
2800.13
2800.84
2802.2
2804.09
2806.36
2807.94
2808.44
2808.21
2807.32
2805.74
2804.1
2802.96
2802.35
2802.05
2801.86
2801.67
2801.43
2801.12
2800.75
2800.33
2799.9
2799.42
2798.94
2798.4
2797.87
2797.29
2796.7
2796.05
2795.37
2794.64
2793.84
2792.94
2791.91
2790.69
2789.29
2787.73
2786.04
2784.25
2782.43
2780.5
2778.52
2776.5
2774.35
2772.14
2769.91
2767.62
2765.33
2763.02
2760.64
2758.23
2755.73
2753.11
2750.41
2747.58
2744.67
2741.78
2739.01
2736.36
2733.83
2731.6
2729.8
2728.54
2727.81
2727.59
2727.8
2728.51
2729.48
2730.6
2731.83
2732.97
2734.34
2735.89
2737.66
2739.67
2741.8
2744.05
2746.39
2748.8
2751.27
2753.75
2756.15
2758.43
2760.73
2762.78
2764.65
2766.4
2768.07
2769.75
2771.51
2773.38
2775.37
2777.46
2779.71
2782.08
2784.48
2786.86
2789.23
2791.44
2793.44
2795.2
2796.76
2798.05
2799.11
2799.98
2800.58
2801.15
2801.51
2801.66
2801.32
2800.61
2798.33
2792.58
2778.12
2739.71
2796.04
2797.13
2797.71
2798.33
2798.76
2799.21
2799.52
2800
2800.72
2802.09
2803.99
2806.29
2807.89
2808.41
2808.18
2807.29
2805.71
2804.05
2802.89
2802.26
2801.95
2801.75
2801.55
2801.3
2800.98
2800.6
2800.17
2799.72
2799.23
2798.73
2798.18
2797.63
2797.03
2796.41
2795.74
2795.03
2794.27
2793.43
2792.5
2791.44
2790.19
2788.75
2787.16
2785.43
2783.62
2781.73
2779.8
2777.76
2775.66
2773.52
2771.27
2768.94
2766.6
2764.29
2761.96
2759.55
2757.1
2754.56
2751.92
2749.18
2746.34
2743.44
2740.59
2737.84
2735.24
2732.77
2730.62
2728.92
2727.77
2727.16
2727.01
2727.33
2728.12
2729.13
2730.26
2731.49
2732.65
2734.05
2735.64
2737.44
2739.49
2741.65
2743.92
2746.27
2748.68
2751.14
2753.61
2756.01
2758.29
2760.56
2762.6
2764.46
2766.21
2767.89
2769.59
2771.36
2773.25
2775.25
2777.35
2779.61
2781.98
2784.39
2786.76
2789.12
2791.32
2793.3
2795.02
2796.53
2797.77
2798.82
2799.61
2800.16
2800.64
2800.86
2800.83
2800.22
2799.2
2796.34
2789.65
2774.16
2735.27
2795.89
2796.98
2797.56
2798.18
2798.61
2799.06
2799.38
2799.87
2800.59
2801.97
2803.89
2806.21
2807.83
2808.36
2808.14
2807.26
2805.67
2804
2802.82
2802.17
2801.84
2801.63
2801.42
2801.16
2800.83
2800.44
2799.99
2799.53
2799.02
2798.51
2797.94
2797.37
2796.74
2796.09
2795.4
2794.66
2793.86
2792.99
2792.03
2790.93
2789.65
2788.17
2786.54
2784.77
2782.92
2781
2779.02
2776.96
2774.81
2772.58
2770.31
2767.97
2765.6
2763.21
2760.82
2758.39
2755.9
2753.35
2750.69
2747.96
2745.11
2742.2
2739.35
2736.63
2734.06
2731.68
2729.63
2728.04
2727.02
2726.54
2726.49
2726.91
2727.76
2728.78
2729.91
2731.13
2732.33
2733.76
2735.39
2737.23
2739.31
2741.49
2743.78
2746.13
2748.54
2751
2753.46
2755.84
2758.11
2760.37
2762.42
2764.26
2766.03
2767.71
2769.42
2771.21
2773.12
2775.12
2777.24
2779.5
2781.87
2784.3
2786.66
2789.01
2791.18
2793.13
2794.83
2796.31
2797.51
2798.5
2799.19
2799.71
2800.11
2800.2
2799.92
2799.1
2797.71
2794.25
2786.64
2770.14
2730.74
2795.74
2796.83
2797.41
2798.03
2798.45
2798.91
2799.23
2799.73
2800.46
2801.85
2803.79
2806.12
2807.77
2808.32
2808.1
2807.23
2805.63
2803.95
2802.74
2802.07
2801.73
2801.49
2801.28
2801.01
2800.67
2800.27
2799.81
2799.33
2798.81
2798.27
2797.69
2797.09
2796.43
2795.76
2795.02
2794.26
2793.42
2792.52
2791.52
2790.38
2789.05
2787.54
2785.86
2784.06
2782.16
2780.19
2778.18
2776.06
2773.91
2771.64
2769.28
2766.87
2764.47
2762.06
2759.64
2757.18
2754.64
2752.04
2749.35
2746.59
2743.72
2740.85
2738.06
2735.39
2732.87
2730.56
2728.59
2727.13
2726.25
2725.88
2725.91
2726.44
2727.34
2728.4
2729.55
2730.78
2732.01
2733.46
2735.13
2737.01
2739.13
2741.34
2743.64
2746
2748.41
2750.86
2753.3
2755.68
2757.96
2760.18
2762.21
2764.04
2765.81
2767.51
2769.24
2771.05
2772.97
2774.99
2777.12
2779.39
2781.77
2784.2
2786.56
2788.89
2791.03
2792.97
2794.62
2796.05
2797.18
2798.15
2798.78
2799.25
2799.5
2799.47
2798.98
2797.93
2796.14
2792.06
2783.54
2766.09
2726.37
2795.58
2796.67
2797.25
2797.87
2798.3
2798.75
2799.08
2799.58
2800.32
2801.73
2803.69
2806.04
2807.7
2808.27
2808.05
2807.19
2805.59
2803.89
2802.66
2801.97
2801.6
2801.35
2801.12
2800.85
2800.5
2800.09
2799.61
2799.11
2798.57
2798.02
2797.41
2796.78
2796.09
2795.38
2794.62
2793.82
2792.95
2792.01
2790.97
2789.78
2788.41
2786.86
2785.16
2783.3
2781.35
2779.33
2777.27
2775.11
2772.89
2770.61
2768.22
2765.78
2763.29
2760.82
2758.34
2755.84
2753.27
2750.67
2747.97
2745.22
2742.37
2739.49
2736.73
2734.1
2731.63
2729.4
2727.57
2726.26
2725.49
2725.25
2725.41
2726.03
2726.98
2728.05
2729.18
2730.39
2731.68
2733.16
2734.88
2736.81
2738.96
2741.18
2743.49
2745.85
2748.27
2750.71
2753.14
2755.49
2757.76
2759.96
2762.01
2763.83
2765.61
2767.31
2769.05
2770.89
2772.83
2774.85
2777
2779.27
2781.66
2784.09
2786.44
2788.75
2790.87
2792.78
2794.4
2795.79
2796.87
2797.79
2798.3
2798.75
2798.88
2798.75
2797.95
2796.73
2794.48
2789.79
2780.39
2761.96
2722.07
2795.42
2796.51
2797.08
2797.7
2798.13
2798.59
2798.92
2799.43
2800.18
2801.6
2803.58
2805.95
2807.64
2808.22
2808.01
2807.15
2805.55
2803.83
2802.58
2801.86
2801.46
2801.2
2800.96
2800.67
2800.31
2799.89
2799.4
2798.89
2798.32
2797.74
2797.11
2796.45
2795.73
2794.98
2794.18
2793.34
2792.44
2791.47
2790.38
2789.13
2787.72
2786.13
2784.37
2782.48
2780.49
2778.42
2776.31
2774.1
2771.82
2769.47
2767.04
2764.57
2762.06
2759.54
2757.02
2754.49
2751.88
2749.23
2746.51
2743.75
2740.9
2738.05
2735.32
2732.73
2730.32
2728.2
2726.52
2725.36
2724.75
2724.6
2724.86
2725.56
2726.54
2727.64
2728.77
2730.03
2731.35
2732.86
2734.63
2736.59
2738.78
2741.03
2743.35
2745.72
2748.13
2750.56
2752.96
2755.31
2757.58
2759.74
2761.77
2763.59
2765.37
2767.1
2768.86
2770.72
2772.67
2774.71
2776.87
2779.16
2781.54
2783.97
2786.31
2788.6
2790.69
2792.59
2794.18
2795.5
2796.49
2797.38
2797.83
2798.26
2798.21
2797.94
2796.88
2795.49
2792.74
2787.43
2777.19
2757.82
2717.58
2795.25
2796.33
2796.91
2797.53
2797.96
2798.42
2798.76
2799.27
2800.03
2801.47
2803.47
2805.86
2807.57
2808.17
2807.96
2807.12
2805.5
2803.77
2802.49
2801.74
2801.32
2801.04
2800.78
2800.49
2800.12
2799.68
2799.18
2798.64
2798.06
2797.45
2796.78
2796.09
2795.33
2794.56
2793.71
2792.84
2791.9
2790.88
2789.74
2788.44
2786.98
2785.34
2783.54
2781.6
2779.55
2777.43
2775.27
2773.02
2770.68
2768.28
2765.79
2763.25
2760.68
2758.13
2755.57
2753.01
2750.36
2747.69
2744.94
2742.16
2739.31
2736.51
2733.84
2731.33
2729.01
2727.01
2725.45
2724.46
2723.99
2723.97
2724.37
2725.15
2726.16
2727.26
2728.4
2729.64
2731.01
2732.56
2734.39
2736.39
2738.6
2740.87
2743.2
2745.57
2747.97
2750.39
2752.78
2755.12
2757.36
2759.5
2761.53
2763.37
2765.14
2766.87
2768.67
2770.57
2772.52
2774.57
2776.74
2779.03
2781.42
2783.84
2786.18
2788.44
2790.5
2792.37
2793.92
2795.18
2796.15
2796.98
2797.33
2797.7
2797.48
2797.06
2795.8
2794.18
2790.93
2784.97
2773.97
2753.75
2713.26
2795.07
2796.15
2796.72
2797.35
2797.78
2798.25
2798.59
2799.12
2799.89
2801.33
2803.36
2805.77
2807.5
2808.12
2807.92
2807.08
2805.46
2803.71
2802.39
2801.61
2801.17
2800.87
2800.6
2800.29
2799.9
2799.45
2798.93
2798.38
2797.77
2797.13
2796.43
2795.7
2794.91
2794.09
2793.21
2792.29
2791.3
2790.23
2789.04
2787.69
2786.18
2784.48
2782.63
2780.64
2778.55
2776.37
2774.15
2771.85
2769.45
2767
2764.46
2761.87
2759.25
2756.64
2754.03
2751.42
2748.74
2746.05
2743.31
2740.55
2737.74
2734.97
2732.35
2729.9
2727.67
2725.79
2724.4
2723.58
2723.25
2723.35
2723.86
2724.72
2725.73
2726.84
2727.98
2729.27
2730.7
2732.26
2734.15
2736.19
2738.43
2740.72
2743.06
2745.43
2747.83
2750.22
2752.59
2754.92
2757.15
2759.26
2761.27
2763.11
2764.89
2766.63
2768.43
2770.35
2772.33
2774.41
2776.62
2778.93
2781.32
2783.72
2786.04
2788.28
2790.32
2792.16
2793.66
2794.85
2795.76
2796.48
2796.78
2797.09
2796.76
2796.16
2794.68
2792.79
2789.08
2782.44
2770.69
2749.66
2709.27
2794.88
2795.96
2796.53
2797.16
2797.59
2798.06
2798.42
2798.95
2799.73
2801.2
2803.25
2805.68
2807.43
2808.07
2807.87
2807.04
2805.41
2803.64
2802.28
2801.47
2801.01
2800.69
2800.41
2800.08
2799.68
2799.2
2798.67
2798.09
2797.45
2796.78
2796.04
2795.27
2794.44
2793.59
2792.66
2791.7
2790.65
2789.52
2788.27
2786.87
2785.31
2783.56
2781.65
2779.6
2777.46
2775.23
2772.95
2770.59
2768.13
2765.62
2763.03
2760.38
2757.71
2755.05
2752.4
2749.76
2747.06
2744.36
2741.6
2738.83
2736.04
2733.32
2730.77
2728.42
2726.31
2724.58
2723.37
2722.71
2722.53
2722.75
2723.35
2724.26
2725.28
2726.4
2727.57
2728.89
2730.37
2732
2733.92
2736
2738.26
2740.56
2742.9
2745.28
2747.66
2750.05
2752.4
2754.7
2756.9
2759.01
2760.98
2762.82
2764.61
2766.41
2768.28
2770.18
2772.15
2774.25
2776.47
2778.78
2781.16
2783.55
2785.87
2788.07
2790.08
2791.87
2793.31
2794.43
2795.32
2796.06
2796.26
2796.44
2796
2795.16
2793.54
2791.32
2787.15
2779.83
2767.42
2745.54
2705.2
2794.68
2795.77
2796.33
2796.96
2797.39
2797.87
2798.23
2798.78
2799.58
2801.06
2803.14
2805.58
2807.36
2808.01
2807.82
2806.99
2805.35
2803.56
2802.17
2801.33
2800.84
2800.5
2800.19
2799.85
2799.43
2798.94
2798.38
2797.77
2797.1
2796.39
2795.61
2794.81
2793.94
2793.03
2792.06
2791.05
2789.94
2788.75
2787.44
2785.98
2784.36
2782.55
2780.59
2778.48
2776.28
2773.99
2771.64
2769.24
2766.72
2764.14
2761.49
2758.79
2756.07
2753.37
2750.68
2748
2745.27
2742.55
2739.8
2737.06
2734.3
2731.64
2729.17
2726.91
2724.92
2723.37
2722.35
2721.87
2721.83
2722.18
2722.88
2723.82
2724.84
2725.96
2727.15
2728.51
2730.03
2731.74
2733.7
2735.81
2738.09
2740.41
2742.75
2745.13
2747.5
2749.87
2752.19
2754.45
2756.62
2758.71
2760.68
2762.54
2764.34
2766.13
2767.99
2769.95
2771.97
2774.09
2776.32
2778.64
2781.02
2783.39
2785.7
2787.88
2789.87
2791.63
2793.03
2794.1
2794.91
2795.41
2795.64
2795.75
2795.23
2794.15
2792.36
2789.75
2785.17
2777.27
2764.21
2741.54
2701.15
2794.48
2795.56
2796.12
2796.75
2797.18
2797.67
2798.04
2798.6
2799.42
2800.92
2803.02
2805.48
2807.27
2807.95
2807.77
2806.94
2805.29
2803.47
2802.04
2801.18
2800.66
2800.29
2799.97
2799.6
2799.16
2798.65
2798.06
2797.42
2796.72
2795.97
2795.15
2794.3
2793.38
2792.43
2791.4
2790.33
2789.16
2787.9
2786.53
2785.01
2783.33
2781.46
2779.44
2777.27
2775.01
2772.66
2770.24
2767.77
2765.2
2762.54
2759.84
2757.08
2754.31
2751.57
2748.84
2746.12
2743.38
2740.66
2737.92
2735.2
2732.49
2729.89
2727.51
2725.37
2723.54
2722.18
2721.36
2721.05
2721.15
2721.62
2722.39
2723.36
2724.38
2725.51
2726.75
2728.18
2729.73
2731.49
2733.5
2735.65
2737.94
2740.27
2742.59
2744.96
2747.32
2749.67
2751.96
2754.21
2756.38
2758.46
2760.43
2762.29
2764.08
2765.87
2767.74
2769.74
2771.78
2773.93
2776.17
2778.49
2780.87
2783.22
2785.5
2787.64
2789.58
2791.27
2792.6
2793.61
2794.43
2794.85
2795.03
2794.99
2794.39
2793.05
2791.16
2788.15
2783.13
2774.6
2760.88
2737.63
2697.41
2794.25
2795.33
2795.9
2796.53
2796.96
2797.45
2797.84
2798.42
2799.26
2800.78
2802.9
2805.37
2807.18
2807.87
2807.7
2806.89
2805.22
2803.37
2801.91
2801.01
2800.46
2800.07
2799.72
2799.33
2798.87
2798.33
2797.72
2797.04
2796.3
2795.51
2794.65
2793.75
2792.78
2791.77
2790.69
2789.54
2788.31
2786.99
2785.54
2783.96
2782.2
2780.27
2778.19
2775.96
2773.63
2771.21
2768.73
2766.18
2763.56
2760.83
2758.06
2755.25
2752.43
2749.64
2746.87
2744.13
2741.39
2738.67
2735.95
2733.27
2730.61
2728.09
2725.82
2723.81
2722.17
2721.01
2720.39
2720.26
2720.5
2721.08
2721.92
2722.89
2723.93
2725.06
2726.33
2727.8
2729.42
2731.24
2733.28
2735.45
2737.76
2740.1
2742.46
2744.82
2747.16
2749.49
2751.77
2753.96
2756.07
2758.1
2760.05
2761.93
2763.76
2765.59
2767.5
2769.53
2771.59
2773.76
2776.01
2778.35
2780.71
2783.05
2785.3
2787.4
2789.3
2790.93
2792.19
2793.14
2793.92
2794.23
2794.4
2794.2
2793.51
2791.93
2789.93
2786.5
2781.03
2771.91
2757.62
2733.82
2693.74
2794.02
2795.1
2795.67
2796.3
2796.73
2797.23
2797.63
2798.23
2799.09
2800.63
2802.78
2805.25
2807.09
2807.79
2807.64
2806.83
2805.15
2803.27
2801.77
2800.83
2800.23
2799.82
2799.44
2799.04
2798.55
2797.99
2797.34
2796.63
2795.84
2795.01
2794.1
2793.15
2792.12
2791.05
2789.9
2788.69
2787.38
2785.98
2784.46
2782.8
2780.97
2778.98
2776.83
2774.53
2772.14
2769.65
2767.09
2764.46
2761.79
2758.99
2756.16
2753.29
2750.41
2747.59
2744.79
2742.03
2739.29
2736.58
2733.89
2731.26
2728.66
2726.25
2724.1
2722.26
2720.82
2719.87
2719.46
2719.49
2719.87
2720.55
2721.43
2722.42
2723.46
2724.62
2725.96
2727.47
2729.15
2731.03
2733.09
2735.29
2737.6
2739.94
2742.28
2744.63
2746.95
2749.23
2751.48
2753.67
2755.77
2757.78
2759.72
2761.6
2763.45
2765.3
2767.24
2769.31
2771.39
2773.58
2775.85
2778.19
2780.55
2782.86
2785.08
2787.15
2789
2790.57
2791.77
2792.66
2793.37
2793.59
2793.72
2793.38
2792.57
2790.79
2788.61
2784.79
2778.87
2769.25
2754.3
2730.16
2690.29
2793.78
2794.85
2795.42
2796.05
2796.49
2797
2797.42
2798.03
2798.91
2800.48
2802.65
2805.12
2806.99
2807.71
2807.57
2806.76
2805.07
2803.16
2801.61
2800.63
2799.99
2799.55
2799.14
2798.71
2798.21
2797.61
2796.93
2796.17
2795.34
2794.46
2793.5
2792.49
2791.39
2790.26
2789.03
2787.75
2786.36
2784.88
2783.27
2781.53
2779.63
2777.56
2775.34
2772.98
2770.51
2767.95
2765.31
2762.61
2759.88
2757.01
2754.1
2751.19
2748.27
2745.4
2742.58
2739.82
2737.08
2734.4
2731.75
2729.19
2726.67
2724.37
2722.37
2720.72
2719.49
2718.77
2718.57
2718.75
2719.26
2720.03
2720.94
2721.94
2723
2724.19
2725.55
2727.12
2728.86
2730.8
2732.9
2735.12
2737.45
2739.79
2742.13
2744.46
2746.76
2749.02
2751.24
2753.39
2755.46
2757.45
2759.37
2761.25
2763.12
2765.01
2766.98
2769.08
2771.19
2773.41
2775.7
2778.04
2780.38
2782.67
2784.85
2786.87
2788.66
2790.17
2791.32
2792.16
2792.77
2792.91
2792.99
2792.54
2791.56
2789.62
2787.24
2783.04
2776.65
2766.61
2751.08
2726.58
2687.04
2793.52
2794.59
2795.17
2795.8
2796.24
2796.77
2797.19
2797.83
2798.74
2800.33
2802.51
2805
2806.88
2807.63
2807.49
2806.69
2804.98
2803.03
2801.43
2800.41
2799.73
2799.25
2798.81
2798.35
2797.82
2797.19
2796.47
2795.67
2794.79
2793.85
2792.83
2791.75
2790.59
2789.37
2788.07
2786.71
2785.23
2783.66
2781.97
2780.14
2778.16
2776.02
2773.72
2771.29
2768.74
2766.1
2763.39
2760.61
2757.8
2754.88
2751.9
2748.94
2745.97
2743.08
2740.24
2737.48
2734.77
2732.12
2729.54
2727.05
2724.63
2722.47
2720.65
2719.21
2718.21
2717.73
2717.71
2718.05
2718.69
2719.51
2720.45
2721.45
2722.54
2723.78
2725.19
2726.82
2728.62
2730.61
2732.73
2734.97
2737.29
2739.64
2741.97
2744.28
2746.55
2748.78
2750.95
2753.07
2755.11
2757.08
2759
2760.89
2762.79
2764.71
2766.73
2768.85
2770.99
2773.24
2775.54
2777.88
2780.19
2782.45
2784.59
2786.57
2788.29
2789.75
2790.84
2791.62
2792.13
2792.2
2792.2
2791.66
2790.49
2788.43
2785.78
2781.27
2774.38
2763.94
2747.88
2723.14
2684
2793.25
2794.32
2794.89
2795.53
2795.98
2796.52
2796.96
2797.62
2798.56
2800.17
2802.37
2804.87
2806.78
2807.53
2807.41
2806.6
2804.87
2802.89
2801.24
2800.17
2799.44
2798.92
2798.45
2797.96
2797.39
2796.73
2795.96
2795.11
2794.17
2793.17
2792.08
2790.93
2789.69
2788.4
2787.01
2785.55
2783.99
2782.33
2780.53
2778.61
2776.55
2774.33
2771.95
2769.44
2766.81
2764.09
2761.3
2758.45
2755.56
2752.59
2749.53
2746.53
2743.53
2740.62
2737.77
2735.03
2732.35
2729.76
2727.26
2724.85
2722.56
2720.57
2718.96
2717.75
2716.99
2716.75
2716.9
2717.39
2718.13
2719
2719.95
2720.97
2722.09
2723.37
2724.84
2726.54
2728.4
2730.42
2732.57
2734.82
2737.15
2739.48
2741.8
2744.09
2746.33
2748.52
2750.66
2752.74
2754.75
2756.7
2758.62
2760.52
2762.44
2764.39
2766.44
2768.59
2770.78
2773.05
2775.37
2777.72
2780.02
2782.24
2784.33
2786.25
2787.91
2789.32
2790.36
2791.07
2791.45
2791.46
2791.37
2790.76
2789.39
2787.22
2784.29
2779.52
2772.16
2761.34
2744.81
2719.85
2681.23
2792.97
2794.02
2794.61
2795.25
2795.71
2796.26
2796.72
2797.4
2798.37
2800
2802.22
2804.72
2806.66
2807.43
2807.32
2806.5
2804.75
2802.72
2801.02
2799.9
2799.12
2798.56
2798.05
2797.52
2796.91
2796.2
2795.39
2794.48
2793.48
2792.41
2791.25
2790.02
2788.7
2787.31
2785.83
2784.28
2782.61
2780.85
2778.96
2776.94
2774.78
2772.47
2770.01
2767.42
2764.71
2761.91
2759.04
2756.1
2753.13
2750.12
2746.99
2743.96
2740.92
2738.01
2735.18
2732.46
2729.84
2727.32
2724.91
2722.61
2720.47
2718.69
2717.31
2716.35
2715.85
2715.82
2716.14
2716.77
2717.58
2718.49
2719.45
2720.49
2721.65
2722.99
2724.53
2726.29
2728.21
2730.26
2732.42
2734.68
2737
2739.33
2741.63
2743.89
2746.1
2748.26
2750.35
2752.4
2754.38
2756.31
2758.22
2760.14
2762.09
2764.08
2766.17
2768.33
2770.57
2772.87
2775.2
2777.53
2779.81
2781.99
2784.03
2785.88
2787.47
2788.82
2789.79
2790.44
2790.73
2790.68
2790.48
2789.78
2788.24
2785.96
2782.71
2777.64
2769.88
2758.71
2741.83
2716.76
2678.73
2792.67
2793.71
2794.3
2794.95
2795.42
2795.98
2796.47
2797.17
2798.17
2799.83
2802.06
2804.58
2806.53
2807.31
2807.21
2806.38
2804.6
2802.53
2800.77
2799.59
2798.77
2798.16
2797.6
2797.03
2796.38
2795.62
2794.75
2793.78
2792.71
2791.56
2790.32
2789
2787.59
2786.1
2784.52
2782.86
2781.09
2779.22
2777.22
2775.1
2772.84
2770.43
2767.89
2765.21
2762.42
2759.53
2756.58
2753.57
2750.52
2747.47
2744.26
2741.21
2738.16
2735.26
2732.45
2729.78
2727.23
2724.81
2722.51
2720.35
2718.39
2716.85
2715.73
2715.04
2714.8
2714.95
2715.43
2716.18
2717.05
2717.97
2718.95
2720.02
2721.23
2722.63
2724.25
2726.07
2728.04
2730.12
2732.29
2734.54
2736.86
2739.17
2741.45
2743.68
2745.86
2747.97
2750.03
2752.04
2753.99
2755.91
2757.82
2759.75
2761.73
2763.75
2765.88
2768.09
2770.37
2772.69
2775.04
2777.37
2779.61
2781.74
2783.72
2785.5
2787.02
2788.29
2789.2
2789.78
2789.98
2789.88
2789.59
2788.77
2787.04
2784.69
2781.17
2775.79
2767.66
2756.16
2738.98
2713.86
2676.53
2792.34
2793.38
2793.97
2794.63
2795.12
2795.7
2796.21
2796.94
2797.97
2799.64
2801.9
2804.42
2806.39
2807.18
2807.09
2806.24
2804.43
2802.3
2800.49
2799.25
2798.36
2797.7
2797.09
2796.48
2795.77
2794.96
2794.02
2792.99
2791.84
2790.61
2789.27
2787.86
2786.34
2784.76
2783.06
2781.29
2779.4
2777.41
2775.3
2773.07
2770.69
2768.19
2765.55
2762.78
2759.91
2756.94
2753.9
2750.82
2747.7
2744.6
2741.35
2738.29
2735.24
2732.37
2729.6
2727.01
2724.55
2722.24
2720.07
2718.08
2716.36
2715.09
2714.25
2713.84
2713.82
2714.15
2714.79
2715.62
2716.52
2717.46
2718.47
2719.58
2720.85
2722.32
2724.01
2725.89
2727.89
2729.99
2732.17
2734.42
2736.72
2739.02
2741.27
2743.46
2745.6
2747.67
2749.69
2751.66
2753.58
2755.49
2757.4
2759.36
2761.37
2763.43
2765.59
2767.83
2770.16
2772.5
2774.86
2777.18
2779.39
2781.47
2783.39
2785.09
2786.53
2787.73
2788.57
2789.08
2789.18
2789.01
2788.64
2787.72
2785.84
2783.31
2779.52
2773.85
2765.44
2753.64
2736.27
2711.19
2674.65
2791.99
2793.02
2793.62
2794.29
2794.79
2795.4
2795.93
2796.69
2797.76
2799.46
2801.74
2804.26
2806.24
2807.03
2806.95
2806.08
2804.23
2802.04
2800.17
2798.86
2797.91
2797.19
2796.53
2795.86
2795.09
2794.22
2793.21
2792.1
2790.86
2789.53
2788.1
2786.58
2784.95
2783.25
2781.43
2779.53
2777.52
2775.41
2773.17
2770.82
2768.34
2765.72
2762.98
2760.12
2757.16
2754.11
2751
2747.85
2744.68
2741.53
2738.25
2735.19
2732.16
2729.33
2726.64
2724.14
2721.8
2719.63
2717.62
2715.84
2714.39
2713.43
2712.89
2712.73
2712.91
2713.42
2714.18
2715.06
2715.99
2716.95
2718
2719.17
2720.5
2722.05
2723.81
2725.73
2727.77
2729.88
2732.06
2734.3
2736.59
2738.86
2741.08
2743.23
2745.32
2747.35
2749.33
2751.26
2753.17
2755.06
2756.98
2758.96
2761.02
2763.1
2765.31
2767.59
2769.95
2772.32
2774.69
2776.99
2779.16
2781.18
2783.02
2784.65
2786.01
2787.13
2787.91
2788.34
2788.37
2788.12
2787.69
2786.63
2784.63
2781.95
2777.92
2771.95
2763.28
2751.21
2733.71
2708.79
2673.13
2791.62
2792.64
2793.24
2793.93
2794.45
2795.08
2795.65
2796.44
2797.53
2799.27
2801.58
2804.1
2806.07
2806.86
2806.78
2805.88
2803.99
2801.73
2799.79
2798.41
2797.39
2796.6
2795.87
2795.15
2794.32
2793.38
2792.29
2791.08
2789.75
2788.32
2786.78
2785.14
2783.39
2781.56
2779.62
2777.58
2775.43
2773.18
2770.81
2768.34
2765.73
2763.01
2760.17
2757.21
2754.16
2751.04
2747.85
2744.64
2741.44
2738.22
2734.96
2731.9
2728.93
2726.18
2723.59
2721.22
2719.01
2717.01
2715.2
2713.68
2712.55
2711.91
2711.65
2711.72
2712.09
2712.76
2713.61
2714.52
2715.47
2716.47
2717.57
2718.8
2720.2
2721.83
2723.65
2725.62
2727.67
2729.79
2731.96
2734.19
2736.45
2738.7
2740.88
2743
2745.04
2747.02
2748.95
2750.85
2752.74
2754.63
2756.56
2758.57
2760.66
2762.78
2765.03
2767.35
2769.75
2772.14
2774.51
2776.79
2778.92
2780.87
2782.64
2784.18
2785.45
2786.5
2787.22
2787.55
2787.5
2787.18
2786.66
2785.47
2783.33
2780.47
2776.25
2770.03
2761.15
2748.88
2731.32
2706.66
2671.97
2791.22
2792.24
2792.85
2793.54
2794.09
2794.74
2795.34
2796.16
2797.3
2799.07
2801.41
2803.93
2805.9
2806.67
2806.58
2805.64
2803.7
2801.35
2799.35
2797.89
2796.79
2795.93
2795.13
2794.34
2793.45
2792.43
2791.24
2789.93
2788.49
2786.94
2785.28
2783.52
2781.64
2779.67
2777.58
2775.4
2773.1
2770.7
2768.2
2765.59
2762.86
2760.03
2757.08
2754.03
2750.89
2747.69
2744.44
2741.19
2737.97
2734.69
2731.48
2728.45
2725.57
2722.92
2720.47
2718.24
2716.2
2714.4
2712.83
2711.62
2710.85
2710.53
2710.52
2710.79
2711.36
2712.15
2713.04
2713.99
2714.97
2716.02
2717.17
2718.48
2719.97
2721.67
2723.53
2725.53
2727.6
2729.71
2731.88
2734.09
2736.32
2738.53
2740.68
2742.74
2744.74
2746.67
2748.57
2750.43
2752.3
2754.19
2756.14
2758.18
2760.3
2762.46
2764.76
2767.12
2769.55
2771.96
2774.33
2776.58
2778.66
2780.54
2782.23
2783.68
2784.86
2785.83
2786.49
2786.72
2786.6
2786.21
2785.6
2784.28
2782.04
2779.02
2774.62
2768.14
2759.08
2746.65
2729.12
2704.83
2671.23
2790.78
2791.79
2792.42
2793.13
2793.7
2794.37
2795
2795.87
2797.06
2798.86
2801.23
2803.74
2805.69
2806.44
2806.35
2805.35
2803.34
2800.91
2798.83
2797.27
2796.1
2795.16
2794.28
2793.41
2792.42
2791.3
2790.02
2788.6
2787.04
2785.37
2783.58
2781.68
2779.66
2777.54
2775.3
2772.96
2770.5
2767.95
2765.29
2762.55
2759.69
2756.74
2753.69
2750.55
2747.33
2744.06
2740.76
2737.48
2734.24
2730.97
2727.82
2724.85
2722.09
2719.58
2717.29
2715.24
2713.41
2711.85
2710.59
2709.74
2709.34
2709.3
2709.5
2709.98
2710.7
2711.58
2712.5
2713.47
2714.49
2715.6
2716.83
2718.23
2719.81
2721.56
2723.46
2725.47
2727.55
2729.66
2731.81
2733.99
2736.19
2738.35
2740.46
2742.48
2744.42
2746.31
2748.16
2750.01
2751.86
2753.76
2755.73
2757.8
2759.94
2762.17
2764.49
2766.9
2769.36
2771.79
2774.14
2776.36
2778.38
2780.19
2781.79
2783.15
2784.24
2785.14
2785.73
2785.87
2785.66
2785.22
2784.51
2783.08
2780.73
2777.57
2772.99
2766.3
2757.09
2744.57
2727.14
2703.34
2670.9
2790.3
2791.32
2791.95
2792.68
2793.27
2793.97
2794.65
2795.56
2796.8
2798.64
2801.02
2803.53
2805.45
2806.18
2806.06
2804.99
2802.91
2800.38
2798.22
2796.57
2795.31
2794.28
2793.32
2792.34
2791.24
2790.01
2788.6
2787.07
2785.38
2783.58
2781.65
2779.6
2777.43
2775.15
2772.74
2770.22
2767.6
2764.88
2762.08
2759.18
2756.2
2753.13
2749.97
2746.74
2743.45
2740.13
2736.8
2733.53
2730.28
2727.05
2724
2721.13
2718.53
2716.18
2714.08
2712.25
2710.68
2709.42
2708.52
2708.07
2707.99
2708.18
2708.61
2709.27
2710.1
2711.02
2711.97
2712.97
2714.04
2715.24
2716.56
2718.04
2719.69
2721.5
2723.42
2725.44
2727.52
2729.62
2731.75
2733.89
2736.05
2738.17
2740.23
2742.2
2744.09
2745.94
2747.76
2749.57
2751.42
2753.33
2755.33
2757.42
2759.6
2761.88
2764.24
2766.69
2769.17
2771.61
2773.95
2776.12
2778.09
2779.82
2781.33
2782.59
2783.6
2784.42
2784.94
2785
2784.73
2784.23
2783.43
2781.88
2779.42
2776.11
2771.37
2764.5
2755.18
2742.64
2725.39
2702.2
2671.01
2789.77
2790.79
2791.44
2792.19
2792.8
2793.54
2794.27
2795.24
2796.54
2798.4
2800.8
2803.27
2805.17
2805.85
2805.72
2804.56
2802.37
2799.74
2797.51
2795.75
2794.39
2793.23
2792.14
2791.06
2789.86
2788.52
2787
2785.33
2783.5
2781.54
2779.45
2777.24
2774.91
2772.44
2769.86
2767.17
2764.37
2761.48
2758.51
2755.47
2752.35
2749.16
2745.91
2742.6
2739.25
2735.9
2732.57
2729.31
2726.11
2722.98
2720.04
2717.33
2714.91
2712.76
2710.9
2709.33
2708.07
2707.19
2706.7
2706.61
2706.8
2707.22
2707.84
2708.64
2709.53
2710.48
2711.47
2712.51
2713.67
2714.95
2716.36
2717.93
2719.65
2721.49
2723.43
2725.45
2727.51
2729.6
2731.69
2733.8
2735.91
2737.98
2739.99
2741.9
2743.75
2745.55
2747.34
2749.15
2751
2752.93
2754.95
2757.06
2759.29
2761.61
2764.01
2766.5
2769
2771.45
2773.76
2775.88
2777.77
2779.41
2780.83
2782
2782.91
2783.65
2784.09
2784.07
2783.73
2783.18
2782.29
2780.64
2778.08
2774.64
2769.76
2762.76
2753.38
2740.88
2723.92
2701.45
2671.57
2789.19
2790.21
2790.88
2791.65
2792.28
2793.07
2793.86
2794.89
2796.25
2798.14
2800.53
2802.98
2804.82
2805.46
2805.28
2804.03
2801.74
2798.99
2796.67
2794.78
2793.29
2791.98
2790.77
2789.55
2788.23
2786.77
2785.12
2783.3
2781.32
2779.2
2776.94
2774.55
2772.04
2769.39
2766.63
2763.74
2760.77
2757.7
2754.57
2751.37
2748.13
2744.83
2741.48
2738.11
2734.73
2731.37
2728.07
2724.87
2721.76
2718.76
2715.98
2713.48
2711.28
2709.38
2707.79
2706.54
2705.67
2705.21
2705.1
2705.31
2705.76
2706.39
2707.17
2708.05
2708.99
2709.97
2711
2712.12
2713.35
2714.72
2716.25
2717.91
2719.67
2721.52
2723.47
2725.48
2727.53
2729.59
2731.65
2733.71
2735.77
2737.78
2739.73
2741.59
2743.4
2745.17
2746.94
2748.74
2750.59
2752.54
2754.59
2756.73
2759.01
2761.37
2763.82
2766.34
2768.85
2771.28
2773.55
2775.62
2777.44
2778.99
2780.31
2781.38
2782.2
2782.86
2783.21
2783.13
2782.72
2782.1
2781.12
2779.39
2776.74
2773.19
2768.2
2761.12
2751.71
2739.3
2722.7
2701.04
2672.58
2788.54
2789.56
2790.25
2791.04
2791.71
2792.56
2793.41
2794.51
2795.92
2797.84
2800.22
2802.62
2804.39
2804.97
2804.75
2803.38
2800.97
2798.08
2795.61
2793.57
2791.96
2790.52
2789.19
2787.84
2786.38
2784.77
2782.96
2780.98
2778.82
2776.52
2774.07
2771.49
2768.78
2765.94
2762.99
2759.91
2756.75
2753.5
2750.22
2746.88
2743.51
2740.11
2736.7
2733.28
2729.89
2726.56
2723.33
2720.24
2717.27
2714.44
2711.88
2709.65
2707.7
2706.1
2704.85
2704.01
2703.57
2703.5
2703.74
2704.23
2704.9
2705.69
2706.57
2707.5
2708.47
2709.5
2710.6
2711.8
2713.14
2714.64
2716.25
2717.95
2719.73
2721.6
2723.54
2725.54
2727.57
2729.6
2731.61
2733.62
2735.62
2737.57
2739.46
2741.28
2743.04
2744.78
2746.53
2748.34
2750.21
2752.19
2754.26
2756.45
2758.76
2761.15
2763.65
2766.19
2768.7
2771.12
2773.35
2775.35
2777.09
2778.55
2779.77
2780.74
2781.47
2782.05
2782.32
2782.18
2781.71
2781.02
2779.96
2778.15
2775.43
2771.78
2766.7
2759.58
2750.19
2737.93
2721.79
2701.05
2674.03
2787.83
2788.85
2789.55
2790.36
2791.07
2791.98
2792.9
2794.07
2795.52
2797.46
2799.82
2802.18
2803.87
2804.38
2804.09
2802.57
2799.99
2796.92
2794.32
2792.14
2790.39
2788.79
2787.32
2785.8
2784.19
2782.41
2780.43
2778.26
2775.91
2773.41
2770.76
2767.98
2765.07
2762.03
2758.89
2755.61
2752.28
2748.86
2745.42
2741.95
2738.48
2735.01
2731.55
2728.13
2724.78
2721.52
2718.39
2715.46
2712.7
2710.09
2707.8
2705.88
2704.25
2703.02
2702.19
2701.78
2701.74
2702.02
2702.59
2703.32
2704.16
2705.05
2705.99
2706.97
2707.99
2709.07
2710.25
2711.58
2713.06
2714.64
2716.3
2718.04
2719.84
2721.71
2723.65
2725.62
2727.62
2729.61
2731.58
2733.53
2735.46
2737.35
2739.18
2740.95
2742.68
2744.4
2746.15
2747.97
2749.87
2751.87
2753.98
2756.22
2758.56
2760.99
2763.51
2766.07
2768.57
2770.96
2773.14
2775.06
2776.72
2778.09
2779.21
2780.08
2780.72
2781.22
2781.42
2781.23
2780.71
2779.94
2778.8
2776.93
2774.12
2770.39
2765.26
2758.15
2748.83
2736.82
2721.21
2701.45
2675.93
2787.05
2788.07
2788.78
2789.61
2790.36
2791.34
2792.33
2793.58
2795.07
2797.02
2799.34
2801.65
2803.23
2803.66
2803.24
2801.52
2798.72
2795.51
2792.79
2790.47
2788.57
2786.79
2785.14
2783.43
2781.64
2779.66
2777.49
2775.11
2772.55
2769.84
2766.98
2763.98
2760.87
2757.62
2754.28
2750.82
2747.31
2743.74
2740.17
2736.59
2733.05
2729.53
2726.08
2722.7
2719.43
2716.3
2713.34
2710.6
2708.1
2705.8
2703.85
2702.28
2701.06
2700.26
2699.89
2699.88
2700.24
2700.86
2701.68
2702.56
2703.5
2704.46
2705.45
2706.47
2707.56
2708.73
2710.05
2711.53
2713.09
2714.72
2716.43
2718.19
2720.01
2721.87
2723.78
2725.73
2727.68
2729.63
2731.54
2733.43
2735.3
2737.13
2738.91
2740.64
2742.33
2744.04
2745.79
2747.63
2749.56
2751.6
2753.76
2756.04
2758.41
2760.88
2763.42
2765.97
2768.46
2770.8
2772.91
2774.76
2776.33
2777.62
2778.64
2779.43
2779.97
2780.4
2780.52
2780.27
2779.71
2778.86
2777.66
2775.73
2772.87
2769.07
2763.91
2756.85
2747.64
2735.91
2720.92
2702.23
2678.28
2786.15
2787.16
2787.87
2788.75
2789.57
2790.64
2791.71
2793.03
2794.54
2796.51
2798.76
2800.96
2802.36
2802.69
2802.09
2800.16
2797.17
2793.82
2790.95
2788.46
2786.38
2784.4
2782.54
2780.62
2778.62
2776.42
2774.03
2771.43
2768.65
2765.7
2762.62
2759.41
2756.09
2752.65
2749.12
2745.49
2741.83
2738.12
2734.45
2730.8
2727.23
2723.72
2720.32
2717.04
2713.93
2710.99
2708.25
2705.77
2703.56
2701.66
2700.12
2698.97
2698.23
2697.88
2697.94
2698.33
2699.04
2699.91
2700.89
2701.87
2702.88
2703.88
2704.92
2706.01
2707.19
2708.53
2710.01
2711.56
2713.19
2714.88
2716.62
2718.4
2720.21
2722.05
2723.93
2725.84
2727.75
2729.64
2731.51
2733.34
2735.14
2736.91
2738.63
2740.33
2742.01
2743.71
2745.47
2747.33
2749.31
2751.4
2753.61
2755.92
2758.33
2760.83
2763.38
2765.91
2768.36
2770.63
2772.68
2774.45
2775.93
2777.13
2778.07
2778.76
2779.22
2779.57
2779.63
2779.32
2778.71
2777.79
2776.53
2774.56
2771.67
2767.82
2762.67
2755.7
2746.65
2735.28
2720.98
2703.37
2681.05
2785.11
2786.09
2786.81
2787.72
2788.65
2789.86
2791.02
2792.38
2793.9
2795.83
2797.97
2800
2801.2
2801.43
2800.66
2798.5
2795.31
2791.8
2788.76
2786.08
2783.77
2781.56
2779.46
2777.29
2775.05
2772.62
2769.98
2767.14
2764.11
2760.94
2757.63
2754.21
2750.69
2747.06
2743.36
2739.59
2735.81
2732.02
2728.29
2724.63
2721.08
2717.64
2714.37
2711.27
2708.36
2705.69
2703.25
2701.08
2699.27
2697.84
2696.77
2696.09
2695.84
2695.93
2696.41
2697.15
2698.11
2699.13
2700.2
2701.24
2702.29
2703.35
2704.44
2705.64
2707.01
2708.5
2710.06
2711.69
2713.38
2715.11
2716.87
2718.66
2720.46
2722.27
2724.12
2725.97
2727.83
2729.66
2731.46
2733.23
2734.97
2736.69
2738.38
2740.05
2741.72
2743.42
2745.21
2747.12
2749.14
2751.27
2753.52
2755.88
2758.32
2760.84
2763.38
2765.88
2768.27
2770.48
2772.44
2774.12
2775.52
2776.63
2777.48
2778.1
2778.47
2778.75
2778.75
2778.4
2777.75
2776.75
2775.44
2773.44
2770.52
2766.63
2761.52
2754.69
2745.87
2734.93
2721.38
2704.88
2684.22
2783.94
2784.89
2785.62
2786.6
2787.59
2788.89
2790.12
2791.51
2792.98
2794.85
2796.88
2798.78
2799.76
2799.89
2798.9
2796.48
2793.04
2789.34
2786.09
2783.18
2780.62
2778.15
2775.76
2773.34
2770.82
2768.13
2765.23
2762.14
2758.86
2755.46
2751.92
2748.3
2744.6
2740.82
2736.99
2733.12
2729.27
2725.45
2721.73
2718.13
2714.68
2711.41
2708.34
2705.49
2702.87
2700.51
2698.4
2696.74
2695.39
2694.44
2693.89
2693.7
2693.89
2694.4
2695.22
2696.2
2697.31
2698.43
2699.55
2700.63
2701.71
2702.84
2704.08
2705.47
2706.98
2708.55
2710.2
2711.9
2713.64
2715.39
2717.16
2718.94
2720.72
2722.5
2724.3
2726.1
2727.89
2729.66
2731.41
2733.13
2734.82
2736.49
2738.15
2739.79
2741.47
2743.21
2745.03
2746.96
2749.04
2751.24
2753.54
2755.92
2758.39
2760.91
2763.43
2765.88
2768.2
2770.33
2772.2
2773.79
2775.11
2776.14
2776.92
2777.46
2777.77
2777.97
2777.92
2777.52
2776.83
2775.75
2774.39
2772.38
2769.46
2765.57
2760.51
2753.86
2745.32
2734.86
2722.06
2706.76
2687.75
2782.6
2783.53
2784.27
2785.32
2786.4
2787.8
2789.06
2790.43
2791.81
2793.6
2795.51
2797.24
2798.01
2797.98
2796.72
2793.97
2790.26
2786.35
2782.84
2779.68
2776.83
2774.06
2771.36
2768.64
2765.81
2762.86
2759.67
2756.33
2752.8
2749.18
2745.44
2741.65
2737.79
2733.91
2730
2726.1
2722.26
2718.5
2714.88
2711.43
2708.19
2705.17
2702.38
2699.85
2697.58
2695.65
2694.02
2692.89
2692.07
2691.65
2691.58
2691.84
2692.44
2693.27
2694.3
2695.42
2696.6
2697.77
2698.92
2700.05
2701.23
2702.52
2703.95
2705.47
2707.05
2708.71
2710.44
2712.19
2713.95
2715.72
2717.48
2719.24
2721
2722.75
2724.5
2726.24
2727.97
2729.68
2731.36
2733.02
2734.67
2736.31
2737.95
2739.61
2741.3
2743.06
2744.92
2746.92
2749.05
2751.3
2753.65
2756.07
2758.55
2761.06
2763.53
2765.92
2768.15
2770.18
2771.96
2773.46
2774.69
2775.66
2776.38
2776.87
2777.11
2777.24
2777.14
2776.7
2775.96
2774.82
2773.4
2771.39
2768.48
2764.61
2759.63
2753.22
2745.03
2735.11
2723.05
2708.96
2691.6
2781.06
2781.96
2782.74
2783.86
2785.05
2786.54
2787.81
2789.11
2790.39
2792.05
2793.82
2795.34
2795.87
2795.58
2793.97
2790.84
2786.82
2782.68
2778.88
2775.44
2772.24
2769.15
2766.09
2763.05
2759.9
2756.66
2753.19
2749.62
2745.85
2742.04
2738.13
2734.21
2730.27
2726.35
2722.46
2718.63
2714.89
2711.3
2707.89
2704.7
2701.76
2699.07
2696.65
2694.52
2692.69
2691.32
2690.27
2689.67
2689.39
2689.45
2689.82
2690.46
2691.34
2692.37
2693.52
2694.71
2695.91
2697.11
2698.33
2699.6
2700.97
2702.42
2703.95
2705.54
2707.23
2708.97
2710.75
2712.53
2714.31
2716.07
2717.82
2719.56
2721.28
2722.99
2724.68
2726.35
2728.02
2729.67
2731.3
2732.93
2734.56
2736.19
2737.83
2739.48
2741.2
2743.01
2744.92
2746.98
2749.18
2751.49
2753.88
2756.32
2758.8
2761.27
2763.69
2765.98
2768.11
2770.03
2771.71
2773.13
2774.29
2775.2
2775.87
2776.31
2776.52
2776.57
2776.43
2775.96
2775.17
2773.97
2772.49
2770.49
2767.62
2763.8
2758.91
2752.76
2744.98
2735.6
2724.36
2711.46
2695.72
2779.28
2780.16
2780.97
2782.2
2783.48
2785.02
2786.25
2787.43
2788.57
2790.07
2791.65
2792.9
2793.22
2792.54
2790.49
2786.94
2782.59
2778.17
2774.05
2770.28
2766.72
2763.28
2759.84
2756.45
2752.96
2749.44
2745.71
2741.91
2737.97
2734.01
2730.01
2726.05
2722.12
2718.27
2714.5
2710.85
2707.36
2704.05
2700.97
2698.14
2695.58
2693.31
2691.36
2689.78
2688.57
2687.81
2687.35
2687.25
2687.42
2687.87
2688.56
2689.43
2690.45
2691.58
2692.78
2694.01
2695.28
2696.59
2697.98
2699.43
2700.94
2702.47
2704.08
2705.77
2707.53
2709.32
2711.12
2712.91
2714.68
2716.43
2718.16
2719.87
2721.55
2723.21
2724.85
2726.47
2728.08
2729.69
2731.29
2732.88
2734.48
2736.09
2737.74
2739.44
2741.21
2743.07
2745.07
2747.19
2749.44
2751.79
2754.2
2756.66
2759.12
2761.55
2763.89
2766.08
2768.09
2769.89
2771.47
2772.81
2773.91
2774.77
2775.41
2775.83
2776.01
2775.99
2775.81
2775.32
2774.49
2773.24
2771.68
2769.69
2766.89
2763.16
2758.38
2752.53
2745.2
2736.37
2725.96
2714.23
2700.06
2777.21
2778.07
2778.95
2780.3
2781.67
2783.2
2784.3
2785.31
2786.28
2787.57
2788.9
2789.78
2789.84
2788.68
2786.09
2782.08
2777.41
2772.64
2768.18
2764.04
2760.1
2756.27
2752.44
2748.71
2744.9
2741.11
2737.17
2733.21
2729.16
2725.16
2721.16
2717.28
2713.49
2709.84
2706.33
2703.01
2699.87
2696.97
2694.32
2691.95
2689.88
2688.17
2686.84
2685.93
2685.36
2685.15
2685.19
2685.49
2686
2686.71
2687.56
2688.54
2689.63
2690.8
2692.06
2693.4
2694.84
2696.33
2697.87
2699.42
2701.01
2702.64
2704.35
2706.11
2707.91
2709.72
2711.53
2713.31
2715.07
2716.79
2718.49
2720.16
2721.8
2723.41
2725
2726.57
2728.14
2729.7
2731.26
2732.83
2734.44
2736.08
2737.77
2739.53
2741.37
2743.3
2745.34
2747.52
2749.83
2752.23
2754.67
2757.11
2759.53
2761.89
2764.13
2766.21
2768.09
2769.77
2771.25
2772.52
2773.57
2774.4
2775.02
2775.42
2775.6
2775.54
2775.3
2774.79
2773.92
2772.65
2771.01
2769.02
2766.29
2762.68
2758.06
2752.51
2745.63
2737.42
2727.84
2717.24
2704.59
2774.78
2775.64
2776.62
2778.09
2779.48
2780.91
2781.8
2782.55
2783.31
2784.34
2785.35
2785.83
2785.51
2783.74
2780.56
2776.05
2771.06
2765.89
2761.07
2756.52
2752.19
2747.97
2743.79
2739.73
2735.67
2731.68
2727.62
2723.6
2719.57
2715.65
2711.82
2708.16
2704.66
2701.36
2698.25
2695.37
2692.71
2690.33
2688.22
2686.44
2685.08
2684.08
2683.46
2683.18
2683.14
2683.35
2683.72
2684.28
2684.96
2685.76
2686.68
2687.72
2688.87
2690.16
2691.57
2693.09
2694.68
2696.3
2697.93
2699.56
2701.25
2702.97
2704.74
2706.53
2708.35
2710.16
2711.95
2713.71
2715.44
2717.13
2718.79
2720.42
2722.02
2723.59
2725.14
2726.68
2728.21
2729.74
2731.29
2732.87
2734.5
2736.19
2737.95
2739.76
2741.65
2743.65
2745.78
2748.03
2750.38
2752.8
2755.24
2757.66
2760.02
2762.27
2764.39
2766.34
2768.11
2769.68
2771.06
2772.27
2773.28
2774.08
2774.69
2775.09
2775.28
2775.21
2774.93
2774.39
2773.49
2772.21
2770.52
2768.49
2765.85
2762.39
2758
2752.72
2746.3
2738.74
2729.99
2720.48
2709.25
2771.91
2772.8
2773.87
2775.44
2776.77
2777.97
2778.55
2778.94
2779.45
2780.17
2780.78
2780.8
2779.96
2777.43
2773.66
2768.64
2763.29
2757.71
2752.51
2747.57
2742.87
2738.3
2733.83
2729.52
2725.33
2721.26
2717.23
2713.32
2709.48
2705.81
2702.3
2699.02
2695.95
2693.13
2690.54
2688.23
2686.17
2684.44
2683.12
2682.12
2681.52
2681.22
2681.16
2681.32
2681.62
2682.09
2682.64
2683.31
2684.06
2684.92
2685.9
2687.04
2688.34
2689.79
2691.37
2693.01
2694.69
2696.39
2698.12
2699.86
2701.63
2703.41
2705.21
2707.01
2708.82
2710.61
2712.37
2714.1
2715.79
2717.43
2719.05
2720.64
2722.2
2723.74
2725.27
2726.79
2728.31
2729.84
2731.4
2733
2734.66
2736.39
2738.21
2740.12
2742.11
2744.2
2746.38
2748.68
2751.08
2753.52
2755.94
2758.3
2760.57
2762.71
2764.7
2766.52
2768.16
2769.63
2770.92
2772.06
2773.05
2773.86
2774.48
2774.89
2775.09
2775.04
2774.72
2774.15
2773.2
2771.92
2770.21
2768.14
2765.59
2762.3
2758.17
2753.14
2747.22
2740.3
2732.38
2723.9
2714.01
2768.46
2769.4
2770.55
2772.14
2773.27
2774.08
2774.29
2774.24
2774.42
2774.74
2774.95
2774.37
2772.79
2769.46
2765.09
2759.62
2753.86
2747.92
2742.35
2737.1
2732.11
2727.31
2722.68
2718.29
2714.13
2710.18
2706.39
2702.77
2699.31
2696.07
2693.04
2690.27
2687.77
2685.57
2683.66
2682.09
2680.92
2680.03
2679.54
2679.27
2679.23
2679.36
2679.63
2680.03
2680.51
2681.1
2681.74
2682.49
2683.32
2684.29
2685.41
2686.7
2688.13
2689.69
2691.36
2693.08
2694.85
2696.66
2698.48
2700.29
2702.1
2703.91
2705.71
2707.51
2709.29
2711.04
2712.76
2714.44
2716.09
2717.69
2719.27
2720.81
2722.34
2723.87
2725.39
2726.91
2728.45
2730
2731.58
2733.22
2734.94
2736.75
2738.65
2740.64
2742.72
2744.89
2747.15
2749.51
2751.93
2754.36
2756.74
2759.02
2761.18
2763.19
2765.03
2766.72
2768.24
2769.61
2770.84
2771.94
2772.91
2773.73
2774.37
2774.8
2775.01
2774.97
2774.64
2774.04
2773.07
2771.78
2770.1
2768
2765.52
2762.4
2758.53
2753.84
2748.37
2742.1
2734.99
2727.47
2718.79
2764.28
2765.28
2766.44
2767.88
2768.64
2768.92
2768.69
2768.13
2767.93
2767.75
2767.46
2766.11
2763.64
2759.58
2754.61
2748.75
2742.62
2736.44
2730.63
2725.21
2720.12
2715.28
2710.72
2706.46
2702.56
2698.94
2695.58
2692.44
2689.52
2686.84
2684.44
2682.37
2680.63
2679.25
2678.3
2677.62
2677.31
2677.15
2677.2
2677.37
2677.65
2678.03
2678.48
2679.02
2679.61
2680.3
2681.05
2681.93
2682.9
2684.02
2685.25
2686.63
2688.15
2689.78
2691.52
2693.35
2695.22
2697.09
2698.97
2700.81
2702.64
2704.45
2706.24
2708
2709.74
2711.45
2713.12
2714.75
2716.34
2717.9
2719.43
2720.95
2722.47
2723.98
2725.51
2727.05
2728.62
2730.21
2731.85
2733.55
2735.34
2737.23
2739.22
2741.31
2743.49
2745.74
2748.07
2750.46
2752.87
2755.27
2757.58
2759.77
2761.8
2763.69
2765.41
2766.98
2768.4
2769.69
2770.87
2771.93
2772.89
2773.73
2774.41
2774.88
2775.11
2775.07
2774.74
2774.12
2773.13
2771.83
2770.17
2768.1
2765.66
2762.71
2759.1
2754.77
2749.75
2744.1
2737.76
2731.14
2723.54
2759.1
2760.11
2761.15
2762.18
2762.47
2762.07
2761.29
2760.15
2759.53
2758.79
2757.79
2755.62
2752.26
2747.58
2742.11
2736.01
2729.69
2723.46
2717.64
2712.3
2707.37
2702.76
2698.53
2694.66
2691.21
2688.12
2685.36
2682.86
2680.67
2678.8
2677.3
2676.18
2675.47
2675.03
2674.9
2674.87
2675.04
2675.27
2675.61
2676
2676.47
2677
2677.59
2678.25
2678.98
2679.81
2680.71
2681.71
2682.8
2684
2685.31
2686.76
2688.35
2690.07
2691.9
2693.79
2695.71
2697.62
2699.51
2701.36
2703.19
2704.98
2706.74
2708.47
2710.16
2711.81
2713.42
2714.99
2716.54
2718.06
2719.56
2721.06
2722.58
2724.1
2725.66
2727.24
2728.86
2730.52
2732.24
2734.03
2735.91
2737.89
2739.97
2742.15
2744.41
2746.74
2749.12
2751.52
2753.91
2756.25
2758.47
2760.55
2762.46
2764.22
2765.83
2767.3
2768.66
2769.9
2771.04
2772.09
2773.05
2773.9
2774.6
2775.1
2775.36
2775.33
2775.03
2774.43
2773.44
2772.12
2770.47
2768.45
2766.06
2763.24
2759.89
2755.94
2751.35
2746.27
2740.65
2734.84
2728.2
2752.55
2753.42
2754.14
2754.55
2754.25
2752.98
2751.55
2749.86
2748.74
2747.4
2745.61
2742.66
2738.59
2733.52
2727.83
2721.73
2715.53
2709.54
2704.04
2699.06
2694.58
2690.48
2686.8
2683.54
2680.79
2678.44
2676.54
2674.97
2673.78
2672.98
2672.49
2672.27
2672.29
2672.41
2672.7
2673.02
2673.45
2673.91
2674.43
2674.98
2675.59
2676.26
2676.99
2677.81
2678.69
2679.65
2680.66
2681.76
2682.92
2684.2
2685.6
2687.13
2688.8
2690.58
2692.45
2694.37
2696.3
2698.2
2700.08
2701.92
2703.72
2705.48
2707.2
2708.88
2710.52
2712.11
2713.67
2715.2
2716.7
2718.19
2719.68
2721.17
2722.7
2724.25
2725.84
2727.48
2729.18
2730.93
2732.74
2734.63
2736.61
2738.69
2740.87
2743.13
2745.46
2747.83
2750.23
2752.62
2754.97
2757.23
2759.35
2761.31
2763.1
2764.75
2766.26
2767.67
2768.98
2770.2
2771.33
2772.38
2773.36
2774.23
2774.96
2775.48
2775.79
2775.77
2775.5
2774.93
2773.95
2772.63
2771.01
2769.06
2766.74
2764.04
2760.93
2757.32
2753.17
2748.62
2743.63
2738.52
2732.7
2744.11
2744.6
2744.83
2744.42
2743.28
2741.06
2739.03
2736.89
2735.26
2733.38
2730.94
2727.45
2723.03
2717.91
2712.39
2706.65
2700.97
2695.57
2690.72
2686.42
2682.69
2679.37
2676.57
2674.22
2672.46
2671.18
2670.33
2669.87
2669.63
2669.59
2669.7
2669.91
2670.26
2670.65
2671.16
2671.68
2672.28
2672.9
2673.57
2674.28
2675.04
2675.85
2676.72
2677.64
2678.63
2679.67
2680.77
2681.96
2683.23
2684.61
2686.1
2687.71
2689.42
2691.23
2693.1
2695
2696.9
2698.78
2700.63
2702.44
2704.21
2705.92
2707.6
2709.23
2710.81
2712.36
2713.87
2715.36
2716.85
2718.32
2719.81
2721.31
2722.85
2724.44
2726.09
2727.81
2729.59
2731.45
2733.38
2735.39
2737.48
2739.66
2741.92
2744.25
2746.63
2749.03
2751.42
2753.78
2756.06
2758.23
2760.25
2762.11
2763.8
2765.35
2766.78
2768.14
2769.43
2770.65
2771.8
2772.87
2773.86
2774.75
2775.5
2776.06
2776.41
2776.42
2776.19
2775.65
2774.72
2773.42
2771.83
2769.93
2767.72
2765.13
2762.23
2758.92
2755.19
2751.11
2746.67
2742.14
2737.01
2733.16
2733.05
2732.66
2731.15
2729.02
2726.11
2723.68
2721.3
2719.33
2717.15
2714.4
2710.78
2706.49
2701.77
2696.89
2691.93
2687.18
2682.76
2678.96
2675.72
2673.09
2670.91
2669.22
2668.03
2667.27
2666.93
2666.83
2666.93
2667.15
2667.46
2667.86
2668.31
2668.86
2669.44
2670.1
2670.77
2671.51
2672.26
2673.07
2673.91
2674.8
2675.73
2676.7
2677.71
2678.78
2679.93
2681.14
2682.42
2683.78
2685.23
2686.78
2688.42
2690.14
2691.94
2693.78
2695.63
2697.49
2699.33
2701.13
2702.9
2704.62
2706.29
2707.92
2709.5
2711.05
2712.56
2714.05
2715.52
2716.99
2718.47
2719.97
2721.49
2723.07
2724.71
2726.43
2728.23
2730.12
2732.09
2734.15
2736.28
2738.49
2740.76
2743.09
2745.45
2747.84
2750.22
2752.57
2754.85
2757.05
2759.14
2761.08
2762.87
2764.5
2765.99
2767.39
2768.73
2770.02
2771.26
2772.44
2773.54
2774.55
2775.45
2776.22
2776.81
2777.2
2777.28
2777.1
2776.6
2775.75
2774.49
2772.96
2771.1
2769.01
2766.54
2763.82
2760.75
2757.38
2753.7
2749.71
2745.66
2741.1
2719.19
2718.36
2717.09
2714.47
2711.66
2708.6
2706.15
2703.87
2701.95
2699.91
2697.4
2694.21
2690.64
2686.84
2683.1
2679.41
2676.03
2673.06
2670.6
2668.7
2667.23
2666.18
2665.35
2664.84
2664.55
2664.53
2664.69
2665.05
2665.49
2665.99
2666.58
2667.19
2667.9
2668.61
2669.41
2670.21
2671.07
2671.93
2672.83
2673.75
2674.72
2675.74
2676.82
2677.95
2679.14
2680.38
2681.66
2683.01
2684.42
2685.91
2687.48
2689.13
2690.85
2692.63
2694.43
2696.24
2698.03
2699.81
2701.56
2703.27
2704.94
2706.57
2708.15
2709.7
2711.22
2712.71
2714.2
2715.67
2717.16
2718.66
2720.19
2721.76
2723.39
2725.09
2726.89
2728.78
2730.77
2732.86
2735.03
2737.28
2739.6
2741.96
2744.35
2746.73
2749.1
2751.42
2753.69
2755.9
2758.03
2760.05
2761.94
2763.68
2765.29
2766.78
2768.18
2769.53
2770.84
2772.11
2773.31
2774.43
2775.46
2776.36
2777.15
2777.76
2778.19
2778.37
2778.25
2777.8
2777.05
2775.86
2774.42
2772.61
2770.61
2768.25
2765.69
2762.82
2759.72
2756.37
2752.74
2749.05
2744.95
2702.07
2700.47
2698.37
2695.27
2692.52
2690.03
2688.17
2686.57
2685.32
2684.06
2682.46
2680.32
2678.05
2675.68
2673.41
2671.28
2669.32
2667.72
2666.33
2665.27
2664.39
2663.75
2663.24
2662.95
2662.85
2662.97
2663.32
2663.83
2664.43
2665.08
2665.8
2666.53
2667.35
2668.18
2669.08
2669.99
2670.93
2671.88
2672.86
2673.85
2674.9
2676.01
2677.19
2678.41
2679.67
2680.96
2682.28
2683.64
2685.07
2686.56
2688.14
2689.79
2691.5
2693.25
2695.01
2696.77
2698.5
2700.22
2701.9
2703.56
2705.18
2706.77
2708.33
2709.85
2711.35
2712.84
2714.34
2715.83
2717.35
2718.89
2720.48
2722.11
2723.82
2725.61
2727.5
2729.49
2731.58
2733.76
2736.03
2738.37
2740.76
2743.18
2745.6
2747.98
2750.3
2752.55
2754.73
2756.84
2758.88
2760.84
2762.69
2764.44
2766.07
2767.61
2769.07
2770.47
2771.83
2773.15
2774.4
2775.56
2776.6
2777.52
2778.32
2778.96
2779.43
2779.71
2779.66
2779.29
2778.64
2777.54
2776.2
2774.46
2772.55
2770.29
2767.85
2765.12
2762.21
2759.1
2755.74
2752.32
2748.56
2682.93
2681.07
2678.96
2676.65
2674.99
2673.9
2673.33
2673.03
2673.02
2673.02
2672.66
2671.8
2670.8
2669.75
2668.59
2667.45
2666.23
2665.17
2664.19
2663.4
2662.74
2662.28
2661.94
2661.78
2661.77
2662
2662.45
2663.07
2663.79
2664.55
2665.38
2666.21
2667.1
2668
2668.97
2669.95
2670.97
2671.98
2673.04
2674.12
2675.24
2676.41
2677.64
2678.9
2680.19
2681.51
2682.84
2684.2
2685.62
2687.11
2688.68
2690.33
2692.03
2693.76
2695.5
2697.22
2698.9
2700.55
2702.18
2703.78
2705.36
2706.91
2708.44
2709.95
2711.45
2712.96
2714.48
2716.01
2717.58
2719.19
2720.85
2722.57
2724.38
2726.27
2728.26
2730.35
2732.53
2734.79
2737.12
2739.5
2741.92
2744.36
2746.78
2749.15
2751.44
2753.64
2755.74
2757.76
2759.73
2761.65
2763.51
2765.3
2767.01
2768.64
2770.19
2771.69
2773.13
2774.52
2775.82
2777.02
2778.09
2779.01
2779.83
2780.5
2780.99
2781.38
2781.4
2781.12
2780.57
2779.58
2778.35
2776.7
2774.86
2772.69
2770.33
2767.7
2764.89
2761.92
2758.75
2755.5
2751.94
2666.08
2665.4
2664.43
2664.03
2664.03
2664.49
2665.24
2666.12
2667.06
2667.87
2668.19
2668
2667.52
2666.9
2666.1
2665.31
2664.44
2663.69
2662.95
2662.35
2661.85
2661.52
2661.3
2661.22
2661.28
2661.57
2662.09
2662.77
2663.55
2664.39
2665.27
2666.18
2667.13
2668.1
2669.12
2670.16
2671.25
2672.33
2673.44
2674.55
2675.69
2676.86
2678.09
2679.35
2680.65
2681.96
2683.29
2684.65
2686.05
2687.53
2689.09
2690.73
2692.44
2694.17
2695.9
2697.6
2699.25
2700.86
2702.44
2703.99
2705.52
2707.04
2708.56
2710.06
2711.57
2713.1
2714.65
2716.24
2717.88
2719.57
2721.33
2723.17
2725.08
2727.09
2729.18
2731.36
2733.62
2735.94
2738.29
2740.67
2743.07
2745.47
2747.84
2750.17
2752.42
2754.59
2756.65
2758.64
2760.57
2762.48
2764.36
2766.21
2768
2769.74
2771.41
2773.02
2774.56
2776.04
2777.42
2778.68
2779.81
2780.78
2781.64
2782.36
2782.89
2783.39
2783.49
2783.33
2782.88
2782.03
2780.88
2779.36
2777.59
2775.49
2773.18
2770.59
2767.83
2764.9
2761.8
2758.59
2755.11
2657.09
2657.97
2658.28
2659.07
2660.08
2661.22
2662.45
2663.61
2664.69
2665.49
2665.89
2665.83
2665.54
2665.15
2664.59
2664.06
2663.47
2662.96
2662.42
2661.95
2661.54
2661.29
2661.14
2661.11
2661.2
2661.52
2662.05
2662.75
2663.57
2664.46
2665.39
2666.35
2667.36
2668.39
2669.47
2670.55
2671.66
2672.75
2673.86
2674.95
2676.07
2677.22
2678.42
2679.66
2680.94
2682.25
2683.58
2684.93
2686.32
2687.79
2689.35
2691
2692.72
2694.47
2696.21
2697.91
2699.56
2701.14
2702.68
2704.19
2705.68
2707.17
2708.67
2710.18
2711.72
2713.27
2714.88
2716.53
2718.25
2720.04
2721.92
2723.87
2725.91
2728.02
2730.21
2732.47
2734.78
2737.13
2739.49
2741.84
2744.18
2746.5
2748.79
2751.06
2753.28
2755.45
2757.54
2759.56
2761.52
2763.46
2765.39
2767.32
2769.23
2771.11
2772.93
2774.68
2776.36
2777.95
2779.43
2780.79
2782
2783.04
2783.95
2784.73
2785.29
2785.86
2786.06
2786.01
2785.63
2784.94
2783.88
2782.49
2780.79
2778.76
2776.47
2773.87
2771.08
2768.08
2764.93
2761.65
2758.11
2654.69
2656.03
2656.73
2657.74
2658.86
2660.06
2661.31
2662.46
2663.49
2664.23
2664.61
2664.66
2664.51
2664.29
2663.93
2663.57
2663.17
2662.81
2662.41
2662.04
2661.69
2661.48
2661.37
2661.36
2661.46
2661.77
2662.3
2663.02
2663.88
2664.82
2665.81
2666.81
2667.85
2668.89
2669.95
2671.01
2672.08
2673.13
2674.19
2675.24
2676.32
2677.43
2678.6
2679.82
2681.09
2682.39
2683.71
2685.06
2686.46
2687.93
2689.49
2691.15
2692.89
2694.67
2696.45
2698.18
2699.85
2701.43
2702.96
2704.44
2705.91
2707.38
2708.88
2710.4
2711.97
2713.58
2715.24
2716.97
2718.78
2720.67
2722.66
2724.73
2726.87
2729.08
2731.34
2733.65
2735.98
2738.32
2740.66
2742.96
2745.23
2747.47
2749.7
2751.91
2754.11
2756.29
2758.43
2760.51
2762.56
2764.58
2766.59
2768.61
2770.63
2772.63
2774.59
2776.48
2778.29
2780.01
2781.61
2783.09
2784.41
2785.56
2786.55
2787.41
2788.05
2788.68
2789.05
2789.11
2788.84
2788.3
2787.34
2786.08
2784.46
2782.49
2780.19
2777.53
2774.63
2771.49
2768.18
2764.71
2761.02
2654.13
2655.61
2656.55
2657.69
2658.9
2660.06
2661.25
2662.31
2663.23
2663.86
2664.2
2664.32
2664.25
2664.11
2663.87
2663.63
2663.34
2663.08
2662.78
2662.5
2662.21
2662.03
2661.94
2661.94
2662.05
2662.34
2662.85
2663.57
2664.45
2665.41
2666.42
2667.43
2668.44
2669.44
2670.45
2671.43
2672.42
2673.39
2674.38
2675.38
2676.41
2677.5
2678.65
2679.85
2681.11
2682.4
2683.72
2685.07
2686.48
2687.95
2689.52
2691.2
2692.96
2694.77
2696.59
2698.37
2700.08
2701.7
2703.24
2704.71
2706.16
2707.62
2709.13
2710.69
2712.31
2713.99
2715.73
2717.55
2719.45
2721.44
2723.52
2725.68
2727.91
2730.18
2732.48
2734.8
2737.12
2739.44
2741.74
2744.01
2746.25
2748.45
2750.63
2752.81
2755.01
2757.21
2759.42
2761.62
2763.78
2765.93
2768.05
2770.18
2772.32
2774.46
2776.59
2778.67
2780.67
2782.56
2784.33
2785.97
2787.44
2788.73
2789.85
2790.81
2791.54
2792.22
2792.73
2792.88
2792.7
2792.26
2791.4
2790.24
2788.66
2786.71
2784.36
2781.6
2778.55
2775.18
2771.63
2767.88
2763.96
2655.22
2656.73
2657.75
2658.88
2660.03
2661.13
2662.2
2663.12
2663.85
2664.34
2664.6
2664.7
2664.65
2664.55
2664.37
2664.22
2664.04
2663.88
2663.68
2663.47
2663.23
2663.04
2662.95
2662.95
2663.04
2663.28
2663.73
2664.39
2665.21
2666.13
2667.09
2668.05
2669.01
2669.94
2670.86
2671.76
2672.65
2673.54
2674.44
2675.38
2676.38
2677.44
2678.57
2679.77
2681.01
2682.29
2683.61
2684.97
2686.38
2687.87
2689.46
2691.15
2692.95
2694.79
2696.65
2698.48
2700.25
2701.92
2703.51
2705.01
2706.49
2707.97
2709.51
2711.12
2712.8
2714.56
2716.39
2718.3
2720.29
2722.36
2724.5
2726.72
2728.98
2731.27
2733.58
2735.88
2738.19
2740.49
2742.77
2745.04
2747.27
2749.47
2751.66
2753.86
2756.09
2758.36
2760.65
2762.95
2765.24
2767.51
2769.76
2772.02
2774.28
2776.57
2778.86
2781.11
2783.29
2785.36
2787.29
2789.09
2790.73
2792.17
2793.43
2794.51
2795.36
2796.11
2796.77
2797.04
2796.97
2796.61
2795.88
2794.78
2793.23
2791.26
2788.84
2785.95
2782.7
2779.08
2775.25
2771.19
2767.01
2657.49
2658.96
2659.93
2660.95
2661.97
2662.94
2663.85
2664.59
2665.15
2665.52
2665.69
2665.79
2665.76
2665.73
2665.64
2665.58
2665.48
2665.39
2665.23
2665.04
2664.82
2664.62
2664.47
2664.42
2664.45
2664.61
2664.93
2665.47
2666.17
2666.98
2667.84
2668.71
2669.57
2670.41
2671.25
2672.06
2672.87
2673.68
2674.53
2675.42
2676.38
2677.4
2678.51
2679.68
2680.9
2682.17
2683.47
2684.83
2686.24
2687.74
2689.35
2691.07
2692.89
2694.75
2696.63
2698.49
2700.29
2702.01
2703.66
2705.24
2706.79
2708.34
2709.94
2711.59
2713.34
2715.18
2717.1
2719.09
2721.16
2723.29
2725.49
2727.72
2730
2732.28
2734.58
2736.87
2739.15
2741.45
2743.75
2746.05
2748.34
2750.62
2752.89
2755.17
2757.46
2759.79
2762.16
2764.56
2766.97
2769.38
2771.79
2774.19
2776.61
2779.05
2781.5
2783.95
2786.33
2788.62
2790.79
2792.8
2794.65
2796.3
2797.75
2799
2800.01
2800.88
2801.66
2802.05
2802.03
2801.69
2801.02
2799.9
2798.3
2796.25
2793.7
2790.66
2787.2
2783.34
2779.23
2774.87
2770.44
2660.53
2661.89
2662.74
2663.65
2664.53
2665.36
2666.09
2666.69
2667.11
2667.42
2667.58
2667.69
2667.69
2667.72
2667.69
2667.67
2667.59
2667.49
2667.31
2667.09
2666.82
2666.54
2666.29
2666.11
2666.02
2666.04
2666.19
2666.53
2667.05
2667.69
2668.41
2669.15
2669.9
2670.64
2671.37
2672.09
2672.83
2673.58
2674.38
2675.25
2676.18
2677.2
2678.31
2679.48
2680.72
2681.99
2683.32
2684.68
2686.12
2687.64
2689.27
2691.01
2692.83
2694.71
2696.59
2698.46
2700.27
2702.03
2703.73
2705.39
2707.05
2708.71
2710.39
2712.12
2713.93
2715.83
2717.82
2719.88
2722.01
2724.19
2726.41
2728.67
2730.94
2733.23
2735.52
2737.8
2740.1
2742.41
2744.76
2747.13
2749.52
2751.92
2754.31
2756.7
2759.1
2761.52
2763.97
2766.46
2768.99
2771.55
2774.11
2776.69
2779.27
2781.87
2784.49
2787.12
2789.7
2792.2
2794.57
2796.78
2798.82
2800.65
2802.27
2803.68
2804.84
2805.83
2806.7
2807.18
2807.18
2806.85
2806.18
2805.02
2803.37
2801.22
2798.55
2795.38
2791.76
2787.72
2783.4
2778.82
2774.21
2663.94
2665.15
2665.92
2666.73
2667.49
2668.2
2668.78
2669.26
2669.6
2669.88
2670.04
2670.17
2670.18
2670.19
2670.16
2670.11
2670.01
2669.86
2669.65
2669.39
2669.07
2668.74
2668.41
2668.12
2667.92
2667.81
2667.83
2667.99
2668.33
2668.81
2669.38
2669.99
2670.63
2671.27
2671.9
2672.53
2673.17
2673.85
2674.59
2675.4
2676.29
2677.29
2678.37
2679.54
2680.76
2682.04
2683.35
2684.73
2686.18
2687.72
2689.36
2691.09
2692.9
2694.74
2696.6
2698.43
2700.23
2701.98
2703.7
2705.43
2707.19
2708.96
2710.74
2712.54
2714.41
2716.35
2718.39
2720.5
2722.67
2724.89
2727.14
2729.42
2731.72
2734.03
2736.35
2738.68
2741.02
2743.39
2745.8
2748.27
2750.78
2753.34
2755.91
2758.47
2761.02
2763.57
2766.12
2768.71
2771.35
2774.05
2776.77
2779.52
2782.29
2785.06
2787.84
2790.63
2793.39
2796.08
2798.66
2801.11
2803.38
2805.47
2807.33
2808.98
2810.35
2811.48
2812.44
2813
2813.03
2812.69
2812.01
2810.77
2809
2806.7
2803.86
2800.54
2796.78
2792.61
2788.16
2783.46
2778.74
2667.44
2668.54
2669.26
2670
2670.68
2671.3
2671.79
2672.22
2672.5
2672.75
2672.88
2672.98
2672.97
2672.92
2672.83
2672.74
2672.61
2672.45
2672.23
2671.96
2671.6
2671.23
2670.84
2670.48
2670.18
2669.97
2669.88
2669.91
2670.07
2670.38
2670.81
2671.3
2671.82
2672.35
2672.87
2673.4
2673.93
2674.51
2675.16
2675.92
2676.76
2677.73
2678.78
2679.91
2681.1
2682.36
2683.67
2685.06
2686.54
2688.1
2689.75
2691.47
2693.24
2695.02
2696.8
2698.56
2700.29
2702
2703.74
2705.51
2707.33
2709.17
2711.02
2712.89
2714.81
2716.81
2718.88
2721.03
2723.25
2725.51
2727.81
2730.13
2732.47
2734.85
2737.25
2739.67
2742.1
2744.56
2747.06
2749.62
2752.25
2754.94
2757.67
2760.41
2763.12
2765.81
2768.49
2771.2
2773.97
2776.82
2779.73
2782.68
2785.65
2788.62
2791.58
2794.52
2797.43
2800.3
2803.07
2805.73
2808.22
2810.53
2812.6
2814.44
2815.98
2817.21
2818.19
2818.8
2818.83
2818.46
2817.7
2816.35
2814.46
2812.01
2809.07
2805.66
2801.86
2797.68
2793.24
2788.54
2783.82
2670.55
2671.55
2672.21
2672.92
2673.54
2674.14
2674.58
2674.97
2675.21
2675.41
2675.49
2675.56
2675.56
2675.54
2675.46
2675.36
2675.21
2675.03
2674.81
2674.51
2674.15
2673.77
2673.39
2673.03
2672.71
2672.46
2672.32
2672.27
2672.32
2672.49
2672.79
2673.16
2673.57
2674
2674.41
2674.83
2675.27
2675.77
2676.35
2677.05
2677.84
2678.76
2679.76
2680.85
2682
2683.22
2684.52
2685.91
2687.38
2688.93
2690.54
2692.19
2693.86
2695.53
2697.18
2698.82
2700.46
2702.12
2703.85
2705.64
2707.48
2709.37
2711.27
2713.2
2715.2
2717.27
2719.4
2721.59
2723.84
2726.12
2728.42
2730.76
2733.13
2735.56
2738.04
2740.57
2743.14
2745.73
2748.36
2751.03
2753.76
2756.55
2759.41
2762.3
2765.19
2768.07
2770.95
2773.84
2776.8
2779.85
2782.97
2786.15
2789.34
2792.51
2795.65
2798.73
2801.76
2804.74
2807.64
2810.44
2813.14
2815.69
2818.04
2820.16
2821.96
2823.42
2824.48
2825.21
2825.34
2825
2824.22
2822.87
2820.92
2818.41
2815.38
2811.88
2808.01
2803.78
2799.34
2794.65
2789.95
2672.73
2673.62
2674.26
2674.99
2675.63
2676.3
2676.82
2677.32
2677.63
2677.91
2678.03
2678.12
2678.13
2678.12
2678.04
2677.93
2677.77
2677.6
2677.38
2677.16
2676.93
2676.67
2676.38
2676.07
2675.78
2675.52
2675.33
2675.22
2675.2
2675.25
2675.43
2675.69
2675.99
2676.3
2676.61
2676.92
2677.26
2677.67
2678.17
2678.8
2679.53
2680.38
2681.32
2682.34
2683.42
2684.59
2685.85
2687.2
2688.64
2690.14
2691.68
2693.24
2694.79
2696.34
2697.89
2699.47
2701.04
2702.67
2704.35
2706.08
2707.86
2709.72
2711.62
2713.58
2715.61
2717.73
2719.92
2722.19
2724.52
2726.9
2729.3
2731.68
2734.08
2736.55
2739.11
2741.75
2744.43
2747.16
2749.92
2752.72
2755.58
2758.5
2761.47
2764.5
2767.54
2770.57
2773.61
2776.67
2779.79
2783.02
2786.34
2789.72
2793.11
2796.48
2799.79
2803.05
2806.23
2809.36
2812.43
2815.46
2818.4
2821.25
2823.93
2826.38
2828.49
2830.22
2831.48
2832.36
2832.68
2832.48
2831.76
2830.5
2828.58
2826.06
2822.96
2819.35
2815.35
2811.03
2806.48
2801.71
2796.9
2674.02
2674.84
2675.48
2676.21
2676.9
2677.63
2678.24
2678.85
2679.29
2679.68
2679.91
2680.1
2680.22
2680.3
2680.34
2680.36
2680.34
2680.29
2680.19
2680.06
2679.91
2679.69
2679.43
2679.14
2678.86
2678.59
2678.38
2678.24
2678.18
2678.18
2678.27
2678.45
2678.67
2678.9
2679.13
2679.38
2679.68
2680.08
2680.59
2681.23
2681.99
2682.84
2683.75
2684.71
2685.74
2686.84
2688.04
2689.31
2690.67
2692.06
2693.48
2694.86
2696.21
2697.55
2698.93
2700.47
2701.97
2703.5
2705.09
2706.75
2708.49
2710.3
2712.18
2714.15
2716.22
2718.4
2720.68
2723.03
2725.43
2727.84
2730.2
2732.53
2734.91
2737.32
2739.85
2742.5
2745.23
2748.02
2750.88
2753.8
2756.79
2759.86
2763.02
2766.28
2769.55
2772.82
2776.07
2779.34
2782.63
2786.01
2789.49
2793.02
2796.56
2800.05
2803.5
2806.89
2810.24
2813.55
2816.81
2820.02
2823.14
2826.23
2829.19
2831.89
2834.31
2836.44
2838.2
2839.63
2840.53
2840.94
2840.59
2839.6
2837.89
2835.46
2832.35
2828.66
2824.47
2819.89
2814.97
2809.8
2804.53
2674.78
2675.64
2676.31
2677.07
2677.8
2678.58
2679.27
2679.96
2680.49
2680.96
2681.29
2681.57
2681.77
2681.96
2682.11
2682.25
2682.38
2682.48
2682.57
2682.63
2682.67
2682.67
2682.63
2682.54
2682.41
2682.26
2682.14
2682.04
2681.99
2681.99
2682.05
2682.16
2682.31
2682.47
2682.63
2682.83
2683.07
2683.41
2683.85
2684.43
2685.11
2685.9
2686.75
2687.66
2688.64
2689.7
2690.84
2692.05
2693.32
2694.62
2695.91
2697.17
2698.37
2699.5
2700.61
2701.7
2702.99
2704.38
2705.86
2707.43
2709.08
2710.82
2712.68
2714.64
2716.71
2718.92
2721.24
2723.61
2725.99
2728.38
2730.85
2733.47
2736.18
2738.83
2741.49
2744.28
2747.14
2750.09
2753.1
2756.17
2759.31
2762.5
2765.76
2769.09
2772.34
2775.57
2778.82
2782.03
2785.35
2788.75
2792.26
2795.78
2799.29
2802.76
2806.21
2809.65
2813.12
2816.59
2820.06
2823.56
2827.07
2830.74
2834.4
2837.65
2840.67
2843.54
2846.18
2848.64
2850.51
2851.7
2851.96
2851.26
2849.76
2847.38
2844.28
2840.46
2835.76
2830.51
2824.62
2818.45
2812.12
2674.51
2675.62
2676.41
2677.29
2678.14
2679.02
2679.84
2680.63
2681.29
2681.87
2682.33
2682.72
2683.04
2683.33
2683.61
2683.87
2684.11
2684.32
2684.51
2684.68
2684.84
2684.98
2685.07
2685.13
2685.16
2685.17
2685.18
2685.21
2685.27
2685.37
2685.51
2685.67
2685.85
2686.04
2686.25
2686.5
2686.81
2687.23
2687.76
2688.41
2689.16
2689.99
2690.89
2691.84
2692.85
2693.93
2695.07
2696.25
2697.48
2698.71
2699.94
2701.15
2702.34
2703.5
2704.69
2705.88
2707.11
2708.39
2709.73
2711.13
2712.59
2714.14
2715.8
2717.58
2719.47
2721.46
2723.54
2725.69
2727.89
2730.14
2732.38
2734.63
2736.87
2739.32
2741.85
2744.47
2747.21
2750.04
2752.95
2755.93
2758.95
2762.02
2765.12
2768.25
2771.71
2775.36
2779.09
2782.72
2786.44
2790.16
2793.94
2797.7
2801.48
2805.28
2809.08
2812.92
2816.81
2820.72
2824.56
2828.35
2832.1
2835.87
2839.64
2842.91
2845.81
2848.61
2851.47
2854.87
2858.12
2860.79
2862.69
2863.61
2863.52
2862.24
2859.68
2855.51
2849.85
2843.67
2836.64
2829.23
2821.34
2673.12
2674.63
2675.57
2676.62
2677.61
2678.62
2679.59
2680.52
2681.36
2682.1
2682.73
2683.29
2683.78
2684.24
2684.69
2685.11
2685.51
2685.89
2686.23
2686.57
2686.89
2687.2
2687.46
2687.69
2687.85
2687.99
2688.11
2688.23
2688.37
2688.54
2688.72
2688.92
2689.12
2689.33
2689.55
2689.82
2690.15
2690.58
2691.12
2691.77
2692.51
2693.33
2694.2
2695.13
2696.12
2697.16
2698.25
2699.38
2700.54
2701.74
2702.98
2704.24
2705.53
2706.81
2708.08
2709.32
2710.57
2711.86
2713.21
2714.62
2716.1
2717.65
2719.28
2721
2722.76
2724.54
2726.35
2728.23
2730.24
2732.47
2734.9
2737.52
2740.19
2742.82
2745.41
2748.02
2750.73
2753.54
2756.45
2759.46
2762.54
2765.68
2768.88
2772.13
2775.3
2778.43
2781.44
2784.19
2786.81
2789.43
2791.97
2794.58
2797.35
2800.35
2803.62
2807.12
2810.76
2814.6
2818.78
2823.3
2828.07
2833.05
2838.48
2844.14
2849.5
2855.01
2860.84
2867.32
2873.14
2877.83
2881.25
2883.25
2882.95
2881.51
2877.59
2872.6
2866.42
2859.02
2850.03
2840.57
2830.07
2671.05
2673.02
2674.07
2675.26
2676.35
2677.44
2678.48
2679.49
2680.42
2681.3
2682.08
2682.8
2683.44
2684.04
2684.6
2685.13
2685.62
2686.11
2686.56
2687.03
2687.47
2687.93
2688.34
2688.73
2689.07
2689.4
2689.7
2690
2690.31
2690.65
2691
2691.38
2691.78
2692.2
2692.64
2693.12
2693.65
2694.25
2694.93
2695.7
2696.54
2697.43
2698.39
2699.39
2700.44
2701.52
2702.65
2703.8
2704.98
2706.15
2707.37
2708.58
2709.82
2711.05
2712.28
2713.53
2714.81
2716.15
2717.57
2719.07
2720.66
2722.32
2724.04
2725.81
2727.58
2729.31
2731.03
2732.77
2734.55
2736.38
2738.26
2740.2
2742.2
2744.27
2746.42
2748.62
2750.89
2753.26
2755.74
2758.37
2761.16
2764.11
2767.24
2770.54
2774.01
2777.71
2781.63
2785.74
2789.87
2794.07
2798.25
2802.52
2806.85
2811.25
2815.65
2819.99
2824.29
2828.46
2832.62
2836.81
2840.91
2844.76
2848.56
2852.6
2856.66
2860.44
2864.02
2867.31
2872.23
2878.15
2884.34
2890.63
2895.47
2900.12
2899.22
2899.07
2892.17
2880.46
2868.83
2856.79
2840.17
2668.89
2671.31
2672.46
2673.79
2674.95
2676.1
2677.16
2678.23
2679.22
2680.22
2681.13
2682.03
2682.81
2683.58
2684.27
2684.94
2685.58
2686.21
2686.81
2687.44
2688.04
2688.67
2689.25
2689.81
2690.32
2690.82
2691.28
2691.72
2692.16
2692.61
2693.07
2693.56
2694.09
2694.69
2695.33
2696.04
2696.78
2697.58
2698.41
2699.3
2700.24
2701.23
2702.28
2703.38
2704.52
2705.7
2706.91
2708.13
2709.37
2710.61
2711.85
2713.09
2714.33
2715.56
2716.82
2718.08
2719.38
2720.71
2722.07
2723.47
2724.91
2726.38
2727.88
2729.41
2730.98
2732.6
2734.33
2736.12
2737.97
2739.83
2741.67
2743.49
2745.29
2747.1
2748.96
2750.87
2752.83
2754.88
2757.04
2759.32
2761.73
2764.25
2766.86
2769.53
2772.24
2775
2777.9
2781.16
2784.6
2788.05
2791.62
2795.36
2799.27
2803.39
2807.66
2812.02
2816.5
2821.15
2826.2
2831.76
2837.91
2844.67
2852.13
2861.11
2872.15
2884.35
2897.04
2908.66
2918.01
2926.15
2933.56
2940.26
2945
2947.94
2943.91
2928.53
2914.42
2900.29
2885.05
2861.97
2837.37
2667.13
2669.88
2671.1
2672.53
2673.71
2674.9
2675.94
2677.03
2678.05
2679.15
2680.17
2681.21
2682.1
2682.99
2683.74
2684.48
2685.15
2685.83
2686.46
2687.12
2687.74
2688.37
2688.96
2689.55
2690.08
2690.59
2691.05
2691.5
2691.92
2692.35
2692.8
2693.33
2693.93
2694.66
2695.46
2696.36
2697.3
2698.27
2699.25
2700.26
2701.3
2702.41
2703.6
2704.88
2706.23
2707.65
2709.11
2710.59
2712.09
2713.59
2715.08
2716.56
2718.04
2719.53
2721.03
2722.54
2724.07
2725.6
2727.14
2728.66
2730.16
2731.65
2733.14
2734.63
2736.15
2737.73
2739.37
2741.05
2742.71
2744.35
2745.95
2747.52
2749.07
2750.61
2752.17
2753.76
2755.44
2757.22
2759.12
2761.13
2763.24
2765.45
2767.76
2770.19
2772.76
2775.43
2778.24
2781.23
2784.35
2787.66
2791.16
2794.86
2798.77
2802.93
2807.39
2812.2
2817.41
2823.11
2829.19
2835.6
2842.47
2849.8
2857.47
2865.73
2874.46
2883.48
2892.76
2902.2
2912.07
2922.79
2933.6
2944.81
2955.79
2966.13
2978.42
2990.8
2986.61
2966.53
2932.75
2871.34
2846.36
2665.75
2668.62
2669.87
2671.34
2672.52
2673.72
2674.75
2675.86
2676.9
2678.06
2679.11
2680.21
2681.13
2682.05
2682.79
2683.54
2684.2
2684.86
2685.49
2686.13
2686.75
2687.39
2687.99
2688.61
2689.17
2689.74
2690.25
2690.77
2691.25
2691.78
2692.34
2693.03
2693.83
2694.79
2695.86
2697.05
2698.26
2699.51
2700.74
2702
2703.29
2704.67
2706.13
2707.71
2709.37
2711.1
2712.85
2714.62
2716.35
2718.05
2719.71
2721.34
2722.92
2724.48
2726
2727.51
2728.99
2730.45
2731.85
2733.21
2734.51
2735.77
2737.01
2738.24
2739.47
2740.73
2742
2743.25
2744.47
2745.64
2746.79
2747.9
2749
2750.07
2751.16
2752.28
2753.48
2754.77
2756.15
2757.61
2759.16
2760.8
2762.56
2764.45
2766.49
2768.67
2771.01
2773.52
2776.21
2779.14
2782.31
2785.68
2789.25
2793.06
2797.16
2801.63
2806.48
2811.7
2817.11
2822.78
2828.9
2835.61
2842.94
2850.94
2859.7
2869.5
2880.96
2894.9
2912.49
2934.53
2961.79
2995.99
3040.33
3099.28
3180.29
3292.25
3431.46
3592.21
3785.1
3974.42
4215.64
)
;

boundaryField
{
    inlet
    {
        type            fixedValue;
        value           nonuniform List<scalar> 0();
    }
    obstacle
    {
        type            zeroGradient;
    }
    bottom
    {
        type            symmetry;
    }
    outlet
    {
        type            zeroGradient;
    }
    top
    {
        type            symmetry;
    }
    defaultFaces
    {
        type            empty;
    }
    procBoundary3to2
    {
        type            processor;
        value           nonuniform List<scalar> 
122
(
2797.88
2798.94
2799.5
2800.11
2800.54
2801
2801.3
2801.74
2802.4
2803.62
2805.31
2807.27
2808.55
2808.84
2808.59
2807.64
2806.12
2804.68
2803.77
2803.36
2803.2
2803.12
2803.02
2802.87
2802.63
2802.36
2802.04
2801.75
2801.4
2801.08
2800.72
2800.39
2800.01
2799.64
2799.23
2798.8
2798.34
2797.85
2797.28
2796.59
2795.73
2794.67
2793.47
2792.17
2790.8
2789.38
2787.91
2786.37
2784.8
2783.14
2781.37
2779.57
2777.75
2775.88
2773.97
2771.92
2769.88
2767.83
2765.77
2763.33
2760.72
2758.1
2755.29
2752.37
2749.41
2746.46
2743.62
2741.03
2738.78
2736.51
2736.51
2735.09
2734.2
2733.91
2734.12
2734.8
2748.09
2750.39
2752.84
2755.35
2757.66
2760.1
2762.41
2764.52
2766.45
2768.2
2769.83
2771.45
2773.1
2774.87
2776.73
2778.73
2780.88
2783.1
2785.41
2787.76
2790.12
2792.46
2794.69
2796.79
2798.73
2800.4
2802
2803.42
2804.87
2806.31
2807.97
2810.08
2812.48
2815.64
2819.95
2825.09
2735.64
2735.64
2736.72
2737.89
2739.11
2740.51
2742.11
2743.89
2745.88
2745.88
)
;
    }
    procBoundary3to5
    {
        type            processor;
        value           nonuniform List<scalar> 
83
(
2829.43
2808.61
2804.15
2799.6
2799.6
2774.03
2768.84
2763.71
2758.63
2753.65
2748.71
2743.84
2739.01
2734.23
2729.49
2724.76
2720.12
2715.4
2710.89
2706.26
2701.75
2697.63
2693.43
2689
2685.09
2681.44
2677.68
2674.25
2670.97
2667.76
2664.82
2662.13
2659.72
2657.62
2655.85
2654.44
2653.42
2652.88
2652.82
2653.22
2654.07
2655.43
2657.28
2659.65
2662.49
2665.78
2669.5
2673.61
2678.06
2682.81
2687.79
2692.97
2698.29
2703.7
2709.14
2714.54
2719.84
2724.97
2729.87
2734.51
2738.87
2742.92
2746.67
2750.14
2753.33
2756.3
2759.12
2761.92
2764.85
2768.14
2771.82
2776.3
2781.37
2787.48
2794.39
2801.69
2808.82
2817.09
2824.13
2829.72
2824.11
2816.24
4289.1
)
;
    }
}


// ************************************************************************* //
