/*--------------------------------*- C++ -*----------------------------------*\
| =========                 |                                                 |
| \\      /  F ield         | OpenFOAM: The Open Source CFD Toolbox           |
|  \\    /   O peration     | Version:  2412                                  |
|   \\  /    A nd           | Website:  www.openfoam.com                      |
|    \\/     M anipulation  |                                                 |
\*---------------------------------------------------------------------------*/
FoamFile
{
    version     2.0;
    format      ascii;
    arch        "LSB;label=32;scalar=64";
    class       volScalarField;
    location    "0.105";
    object      T;
}
// * * * * * * * * * * * * * * * * * * * * * * * * * * * * * * * * * * * * * //

dimensions      [0 0 0 1 0 0 0];

internalField   nonuniform List<scalar> 
9763
(
228.056
229.569
227.986
229.637
227.911
229.59
227.83
229.511
227.752
229.391
227.675
229.262
227.605
229.131
227.54
229.008
227.482
228.891
227.428
228.783
227.38
228.679
227.335
228.58
227.292
228.484
227.25
228.391
227.209
228.298
227.168
228.206
227.125
228.114
227.082
228.02
227.036
227.923
226.987
227.823
226.934
227.719
226.878
227.611
226.818
227.499
226.755
227.382
226.69
227.261
226.622
227.137
226.553
227.008
226.484
226.876
226.413
226.74
226.34
226.602
226.264
226.463
226.18
226.325
226.085
226.188
225.977
226.051
225.863
225.908
225.751
225.755
225.645
225.592
225.544
225.422
225.442
225.252
225.336
225.081
224.911
224.739
224.567
248.146
220.711
222.719
223.975
224.197
224.125
223.946
223.797
223.645
223.509
223.374
223.248
223.12
222.999
222.878
222.757
222.635
222.513
222.389
222.266
222.143
222.018
221.893
221.766
221.637
221.507
221.376
221.244
221.112
220.981
220.851
220.724
220.6
220.48
220.367
220.261
220.164
220.076
219.999
219.931
219.875
219.829
219.796
219.774
219.765
219.765
219.776
219.799
219.83
219.87
219.918
219.973
220.034
220.103
220.181
220.265
220.356
220.459
220.57
220.695
220.848
221
221.173
221.356
221.538
221.724
221.906
222.087
222.27
222.452
222.638
222.824
223.012
223.201
223.391
223.582
223.773
223.963
224.15
224.334
224.514
224.692
224.865
225.04
225.213
225.385
225.555
225.718
225.876
226.031
226.182
226.33
226.472
226.609
226.74
226.865
226.984
227.096
227.202
227.301
227.393
227.48
227.56
227.636
227.709
227.78
227.855
227.932
228.015
228.102
228.192
228.294
228.399
228.501
228.587
228.649
228.682
228.689
228.67
228.673
228.499
248.024
220.726
222.706
223.961
224.187
224.119
223.942
223.794
223.643
223.507
223.373
223.247
223.12
222.999
222.878
222.756
222.634
222.51
222.386
222.262
222.137
222.012
221.885
221.757
221.627
221.496
221.364
221.231
221.097
220.965
220.834
220.705
220.578
220.457
220.341
220.232
220.132
220.042
219.961
219.891
219.831
219.782
219.746
219.721
219.708
219.706
219.714
219.733
219.762
219.799
219.844
219.897
219.956
220.022
220.096
220.178
220.267
220.368
220.478
220.6
220.751
220.9
221.07
221.249
221.428
221.611
221.791
221.971
222.152
222.333
222.518
222.703
222.89
223.078
223.264
223.451
223.636
223.82
224.001
224.181
224.355
224.529
224.697
224.867
225.034
225.204
225.378
225.548
225.715
225.876
226.028
226.171
226.304
226.431
226.551
226.665
226.774
226.876
226.973
227.063
227.147
227.225
227.297
227.365
227.431
227.495
227.566
227.64
227.724
227.816
227.914
228.026
228.148
228.275
228.396
228.503
228.587
228.647
228.683
228.705
228.712
247.976
220.72
222.697
223.953
224.181
224.114
223.938
223.791
223.64
223.505
223.372
223.246
223.119
222.998
222.877
222.755
222.632
222.508
222.383
222.258
222.132
222.005
221.878
221.749
221.618
221.486
221.352
221.218
221.083
220.949
220.816
220.685
220.557
220.433
220.314
220.203
220.1
220.006
219.923
219.849
219.786
219.734
219.693
219.666
219.65
219.644
219.649
219.665
219.691
219.725
219.767
219.817
219.873
219.936
220.007
220.086
220.172
220.27
220.377
220.495
220.642
220.787
220.952
221.126
221.301
221.48
221.657
221.835
222.012
222.189
222.369
222.548
222.73
222.912
223.093
223.274
223.453
223.631
223.807
223.981
224.15
224.317
224.479
224.641
224.802
224.964
225.13
225.293
225.452
225.606
225.752
225.888
226.015
226.135
226.247
226.354
226.456
226.551
226.642
226.726
226.805
226.878
226.945
227.007
227.068
227.127
227.191
227.258
227.337
227.422
227.514
227.625
227.746
227.875
227.998
228.107
228.194
228.258
228.303
228.337
228.362
247.977
220.712
222.688
223.945
224.175
224.109
223.934
223.788
223.638
223.504
223.371
223.245
223.119
222.998
222.877
222.755
222.631
222.506
222.38
222.254
222.127
221.999
221.871
221.74
221.609
221.476
221.341
221.205
221.069
220.934
220.799
220.666
220.536
220.41
220.289
220.175
220.069
219.972
219.886
219.809
219.742
219.687
219.643
219.612
219.593
219.584
219.586
219.598
219.621
219.653
219.692
219.739
219.792
219.853
219.92
219.996
220.08
220.175
220.279
220.394
220.537
220.676
220.836
221.005
221.175
221.35
221.523
221.697
221.871
222.043
222.217
222.389
222.562
222.736
222.909
223.083
223.257
223.432
223.604
223.774
223.939
224.102
224.259
224.415
224.568
224.722
224.879
225.029
225.177
225.318
225.451
225.577
225.692
225.801
225.903
226
226.093
226.181
226.264
226.343
226.416
226.484
226.547
226.607
226.664
226.722
226.783
226.849
226.926
227.011
227.106
227.219
227.345
227.478
227.608
227.721
227.813
227.881
227.93
227.966
227.991
247.956
220.704
222.679
223.938
224.169
224.104
223.931
223.785
223.636
223.502
223.369
223.244
223.118
222.998
222.876
222.754
222.63
222.504
222.377
222.25
222.122
221.993
221.864
221.733
221.6
221.466
221.33
221.193
221.056
220.919
220.783
220.649
220.516
220.388
220.264
220.148
220.039
219.94
219.85
219.77
219.7
219.641
219.594
219.56
219.537
219.526
219.524
219.533
219.553
219.582
219.618
219.662
219.713
219.77
219.835
219.908
219.989
220.081
220.182
220.293
220.432
220.566
220.722
220.886
221.052
221.223
221.392
221.563
221.732
221.899
222.067
222.233
222.399
222.566
222.733
222.901
223.071
223.241
223.409
223.576
223.736
223.893
224.042
224.19
224.335
224.481
224.63
224.774
224.915
225.051
225.178
225.296
225.404
225.505
225.598
225.686
225.771
225.85
225.925
225.996
226.061
226.122
226.178
226.23
226.281
226.333
226.387
226.448
226.517
226.595
226.687
226.797
226.923
227.056
227.186
227.302
227.396
227.465
227.513
227.546
227.569
247.951
220.695
222.671
223.931
224.163
224.099
223.927
223.782
223.634
223.501
223.368
223.244
223.118
222.997
222.876
222.753
222.628
222.502
222.374
222.246
222.117
221.988
221.857
221.725
221.592
221.456
221.32
221.182
221.043
220.905
220.767
220.631
220.497
220.366
220.24
220.121
220.01
219.907
219.814
219.731
219.658
219.596
219.546
219.508
219.482
219.468
219.463
219.469
219.486
219.512
219.546
219.587
219.634
219.689
219.751
219.822
219.9
219.989
220.087
220.194
220.328
220.458
220.609
220.77
220.933
221.101
221.266
221.432
221.597
221.76
221.924
222.084
222.246
222.408
222.57
222.733
222.897
223.062
223.226
223.387
223.543
223.694
223.838
223.98
224.117
224.256
224.398
224.534
224.668
224.796
224.915
225.026
225.127
225.221
225.308
225.39
225.468
225.542
225.612
225.677
225.738
225.794
225.845
225.893
225.939
225.986
226.035
226.091
226.154
226.225
226.314
226.42
226.543
226.673
226.802
226.917
227.01
227.079
227.125
227.149
227.148
247.934
220.685
222.662
223.924
224.157
224.094
223.923
223.78
223.632
223.499
223.367
223.243
223.117
222.997
222.875
222.752
222.627
222.5
222.371
222.242
222.112
221.982
221.851
221.718
221.583
221.447
221.309
221.17
221.03
220.891
220.751
220.614
220.478
220.345
220.216
220.095
219.98
219.875
219.779
219.693
219.616
219.551
219.497
219.456
219.426
219.409
219.402
219.404
219.417
219.44
219.471
219.509
219.554
219.606
219.666
219.733
219.808
219.894
219.988
220.092
220.222
220.346
220.493
220.651
220.812
220.977
221.139
221.3
221.46
221.619
221.78
221.939
222.099
222.26
222.419
222.578
222.737
222.895
223.051
223.204
223.352
223.495
223.632
223.767
223.898
224.032
224.17
224.303
224.434
224.559
224.675
224.783
224.88
224.97
225.053
225.131
225.206
225.276
225.343
225.405
225.463
225.516
225.565
225.611
225.654
225.698
225.745
225.798
225.857
225.926
226.013
226.117
226.238
226.368
226.497
226.613
226.706
226.772
226.817
226.852
226.872
247.923
220.675
222.652
223.916
224.15
224.089
223.919
223.777
223.629
223.497
223.366
223.242
223.117
222.997
222.875
222.752
222.626
222.498
222.369
222.238
222.108
221.976
221.844
221.71
221.574
221.437
221.299
221.159
221.018
220.876
220.736
220.596
220.458
220.323
220.192
220.068
219.951
219.842
219.743
219.653
219.574
219.505
219.448
219.403
219.37
219.349
219.339
219.338
219.347
219.367
219.396
219.431
219.473
219.522
219.578
219.643
219.715
219.797
219.888
219.988
220.113
220.233
220.375
220.53
220.688
220.85
221.008
221.166
221.321
221.475
221.632
221.789
221.949
222.109
222.267
222.424
222.577
222.727
222.874
223.018
223.157
223.292
223.421
223.549
223.675
223.803
223.934
224.062
224.188
224.309
224.421
224.525
224.619
224.706
224.785
224.861
224.933
225.002
225.067
225.129
225.186
225.239
225.286
225.331
225.374
225.416
225.462
225.512
225.568
225.636
225.722
225.825
225.943
226.071
226.199
226.316
226.409
226.473
226.513
226.542
226.575
247.91
220.666
222.642
223.908
224.144
224.084
223.915
223.774
223.627
223.496
223.364
223.241
223.116
222.996
222.874
222.751
222.625
222.496
222.366
222.235
222.103
221.971
221.837
221.702
221.566
221.428
221.288
221.147
221.004
220.862
220.719
220.578
220.438
220.301
220.168
220.04
219.92
219.809
219.706
219.613
219.53
219.458
219.397
219.348
219.312
219.287
219.274
219.27
219.275
219.292
219.317
219.349
219.388
219.434
219.488
219.549
219.617
219.696
219.783
219.879
220.001
220.116
220.254
220.404
220.558
220.717
220.871
221.025
221.175
221.324
221.477
221.631
221.789
221.948
222.105
222.259
222.407
222.551
222.69
222.824
222.953
223.079
223.2
223.32
223.439
223.562
223.689
223.813
223.936
224.053
224.162
224.261
224.351
224.434
224.509
224.582
224.65
224.715
224.776
224.834
224.888
224.937
224.981
225.022
225.059
225.098
225.138
225.182
225.232
225.296
225.376
225.473
225.585
225.708
225.832
225.946
226.039
226.103
226.14
226.157
226.149
247.898
220.657
222.633
223.9
224.137
224.079
223.911
223.771
223.625
223.494
223.363
223.24
223.116
222.996
222.874
222.75
222.623
222.494
222.363
222.231
222.098
221.965
221.83
221.695
221.557
221.418
221.277
221.135
220.991
220.847
220.703
220.56
220.418
220.279
220.143
220.013
219.89
219.775
219.669
219.573
219.486
219.41
219.346
219.293
219.253
219.225
219.208
219.201
219.203
219.216
219.238
219.266
219.302
219.345
219.396
219.453
219.518
219.594
219.677
219.768
219.886
219.998
220.132
220.277
220.426
220.58
220.73
220.88
221.025
221.169
221.315
221.461
221.612
221.766
221.919
222.069
222.215
222.356
222.489
222.618
222.741
222.859
222.972
223.086
223.198
223.314
223.434
223.552
223.67
223.782
223.886
223.981
224.067
224.146
224.217
224.286
224.351
224.413
224.472
224.528
224.579
224.625
224.667
224.705
224.74
224.776
224.812
224.85
224.898
224.959
225.035
225.129
225.239
225.359
225.481
225.594
225.687
225.752
225.788
225.803
225.799
247.886
220.648
222.622
223.892
224.13
224.074
223.908
223.768
223.623
223.492
223.362
223.24
223.115
222.996
222.874
222.749
222.622
222.492
222.36
222.227
222.093
221.959
221.824
221.687
221.548
221.408
221.267
221.123
220.978
220.833
220.687
220.542
220.398
220.256
220.118
219.985
219.859
219.741
219.632
219.532
219.442
219.362
219.293
219.237
219.193
219.16
219.14
219.13
219.128
219.137
219.156
219.181
219.214
219.254
219.301
219.355
219.416
219.488
219.566
219.654
219.769
219.878
220.009
220.15
220.294
220.442
220.587
220.731
220.871
221.009
221.148
221.285
221.427
221.57
221.715
221.86
222.003
222.141
222.273
222.399
222.518
222.632
222.74
222.847
222.953
223.063
223.179
223.292
223.405
223.513
223.614
223.705
223.787
223.862
223.93
223.996
224.058
224.117
224.174
224.228
224.277
224.321
224.361
224.397
224.43
224.462
224.496
224.532
224.578
224.636
224.71
224.802
224.911
225.03
225.153
225.266
225.361
225.427
225.465
225.479
225.479
247.876
220.638
222.612
223.884
224.123
224.068
223.903
223.764
223.62
223.49
223.361
223.239
223.115
222.995
222.873
222.749
222.621
222.49
222.357
222.223
222.089
221.953
221.817
221.679
221.54
221.399
221.256
221.111
220.965
220.818
220.671
220.524
220.378
220.234
220.093
219.957
219.828
219.707
219.594
219.491
219.397
219.313
219.241
219.18
219.132
219.096
219.071
219.058
219.053
219.057
219.072
219.095
219.125
219.161
219.204
219.255
219.313
219.381
219.455
219.539
219.65
219.756
219.885
220.023
220.163
220.307
220.446
220.585
220.719
220.851
220.981
221.109
221.24
221.372
221.505
221.641
221.777
221.912
222.044
222.171
222.289
222.401
222.506
222.608
222.709
222.812
222.921
223.029
223.137
223.24
223.337
223.425
223.504
223.575
223.641
223.706
223.766
223.825
223.881
223.934
223.983
224.026
224.066
224.101
224.134
224.165
224.198
224.234
224.279
224.336
224.409
224.5
224.609
224.729
224.853
224.969
225.066
225.136
225.177
225.195
225.197
247.866
220.627
222.602
223.875
224.116
224.063
223.899
223.761
223.618
223.489
223.359
223.238
223.114
222.995
222.873
222.748
222.62
222.488
222.355
222.22
222.084
221.947
221.81
221.671
221.531
221.389
221.245
221.099
220.952
220.803
220.655
220.506
220.358
220.212
220.068
219.93
219.797
219.672
219.556
219.449
219.352
219.264
219.187
219.122
219.07
219.03
219.002
218.984
218.976
218.977
218.988
219.007
219.034
219.066
219.106
219.153
219.207
219.273
219.342
219.421
219.529
219.632
219.758
219.893
220.031
220.171
220.306
220.439
220.567
220.692
220.816
220.936
221.058
221.18
221.303
221.429
221.557
221.686
221.815
221.94
222.058
222.168
222.27
222.369
222.465
222.564
222.667
222.771
222.874
222.974
223.067
223.152
223.228
223.297
223.36
223.423
223.481
223.539
223.594
223.647
223.695
223.739
223.778
223.812
223.844
223.875
223.908
223.944
223.988
224.044
224.117
224.208
224.317
224.438
224.564
224.681
224.781
224.854
224.898
224.919
224.925
247.857
220.617
222.591
223.867
224.109
224.058
223.895
223.758
223.615
223.487
223.358
223.237
223.114
222.994
222.872
222.747
222.618
222.486
222.352
222.216
222.079
221.942
221.803
221.664
221.522
221.38
221.235
221.088
220.939
220.789
220.638
220.488
220.338
220.189
220.043
219.902
219.766
219.638
219.518
219.408
219.306
219.215
219.134
219.065
219.008
218.964
218.932
218.91
218.899
218.896
218.902
218.918
218.942
218.971
219.007
219.051
219.102
219.163
219.229
219.303
219.406
219.505
219.628
219.76
219.895
220.032
220.164
220.292
220.415
220.534
220.652
220.768
220.884
221.001
221.117
221.233
221.352
221.473
221.594
221.714
221.828
221.935
222.033
222.128
222.22
222.314
222.412
222.511
222.61
222.706
222.796
222.878
222.951
223.018
223.079
223.141
223.198
223.255
223.31
223.363
223.412
223.456
223.495
223.53
223.562
223.593
223.627
223.663
223.707
223.763
223.836
223.927
224.037
224.16
224.288
224.408
224.51
224.586
224.635
224.659
224.668
247.849
220.606
222.581
223.858
224.102
224.052
223.891
223.755
223.613
223.485
223.357
223.236
223.113
222.994
222.872
222.747
222.617
222.484
222.349
222.212
222.074
221.936
221.797
221.656
221.514
221.37
221.224
221.076
220.926
220.775
220.622
220.47
220.318
220.167
220.019
219.874
219.735
219.604
219.48
219.366
219.261
219.165
219.08
219.007
218.946
218.897
218.861
218.835
218.82
218.814
218.816
218.828
218.848
218.874
218.907
218.947
218.994
219.052
219.114
219.185
219.283
219.378
219.495
219.622
219.753
219.886
220.014
220.139
220.258
220.373
220.488
220.601
220.715
220.83
220.943
221.055
221.165
221.276
221.387
221.497
221.602
221.702
221.796
221.886
221.974
222.065
222.159
222.254
222.349
222.443
222.53
222.609
222.68
222.744
222.803
222.863
222.919
222.975
223.029
223.082
223.131
223.175
223.214
223.248
223.28
223.312
223.345
223.381
223.425
223.481
223.553
223.645
223.755
223.88
224.01
224.132
224.237
224.315
224.366
224.395
224.407
247.841
220.595
222.57
223.85
224.095
224.047
223.887
223.752
223.611
223.483
223.355
223.235
223.113
222.994
222.871
222.746
222.616
222.483
222.346
222.208
222.07
221.93
221.79
221.649
221.505
221.361
221.214
221.064
220.913
220.76
220.607
220.452
220.298
220.145
219.994
219.847
219.705
219.57
219.442
219.324
219.215
219.115
219.026
218.948
218.883
218.831
218.79
218.76
218.741
218.732
218.73
218.738
218.754
218.777
218.806
218.843
218.887
218.942
219
219.066
219.159
219.25
219.362
219.483
219.606
219.733
219.857
219.979
220.095
220.207
220.318
220.427
220.538
220.652
220.763
220.873
220.981
221.085
221.188
221.287
221.382
221.473
221.559
221.643
221.726
221.812
221.902
221.994
222.087
222.178
222.262
222.338
222.406
222.468
222.526
222.583
222.638
222.693
222.747
222.8
222.849
222.893
222.932
222.967
222.999
223.03
223.064
223.1
223.144
223.2
223.272
223.364
223.476
223.602
223.734
223.86
223.967
224.047
224.101
224.132
224.147
247.837
220.583
222.56
223.841
224.088
224.041
223.883
223.749
223.608
223.482
223.354
223.235
223.112
222.993
222.871
222.745
222.615
222.481
222.344
222.205
222.065
221.925
221.784
221.641
221.497
221.351
221.203
221.053
220.9
220.746
220.591
220.435
220.279
220.123
219.97
219.819
219.674
219.535
219.405
219.282
219.169
219.066
218.972
218.89
218.82
218.763
218.718
218.684
218.661
218.648
218.643
218.646
218.659
218.678
218.704
218.737
218.779
218.829
218.884
218.946
219.035
219.121
219.228
219.342
219.458
219.577
219.694
219.811
219.925
220.034
220.142
220.246
220.353
220.462
220.57
220.679
220.784
220.885
220.982
221.075
221.162
221.245
221.324
221.401
221.48
221.561
221.647
221.736
221.827
221.915
221.996
222.069
222.134
222.194
222.249
222.304
222.357
222.411
222.464
222.516
222.564
222.608
222.647
222.682
222.713
222.744
222.777
222.813
222.856
222.912
222.984
223.076
223.188
223.316
223.45
223.578
223.688
223.771
223.826
223.858
223.874
247.829
220.572
222.549
223.832
224.081
224.036
223.878
223.745
223.606
223.48
223.353
223.234
223.112
222.993
222.871
222.744
222.614
222.479
222.341
222.201
222.061
221.919
221.777
221.634
221.489
221.342
221.193
221.041
220.888
220.732
220.575
220.417
220.259
220.101
219.945
219.792
219.644
219.501
219.367
219.241
219.124
219.016
218.918
218.831
218.757
218.696
218.646
218.608
218.581
218.564
218.556
218.555
218.563
218.579
218.602
218.632
218.67
218.717
218.768
218.826
218.91
218.991
219.093
219.203
219.313
219.426
219.535
219.646
219.754
219.859
219.962
220.059
220.158
220.259
220.36
220.464
220.566
220.666
220.762
220.853
220.937
221.015
221.088
221.159
221.232
221.309
221.392
221.478
221.566
221.651
221.729
221.798
221.86
221.916
221.969
222.021
222.072
222.125
222.176
222.228
222.276
222.319
222.357
222.392
222.423
222.455
222.487
222.522
222.565
222.621
222.693
222.785
222.897
223.027
223.163
223.294
223.406
223.491
223.548
223.581
223.598
247.83
220.559
222.538
223.823
224.074
224.03
223.874
223.742
223.603
223.478
223.351
223.233
223.111
222.992
222.87
222.744
222.613
222.477
222.338
222.198
222.056
221.914
221.771
221.626
221.48
221.333
221.183
221.03
220.875
220.718
220.56
220.4
220.24
220.08
219.921
219.765
219.613
219.468
219.329
219.199
219.078
218.966
218.864
218.773
218.694
218.628
218.574
218.531
218.5
218.479
218.467
218.463
218.467
218.479
218.498
218.525
218.56
218.603
218.65
218.704
218.784
218.861
218.958
219.064
219.172
219.28
219.384
219.487
219.587
219.685
219.781
219.871
219.962
220.052
220.142
220.235
220.329
220.426
220.521
220.614
220.7
220.778
220.85
220.917
220.986
221.059
221.137
221.219
221.303
221.385
221.46
221.527
221.585
221.639
221.689
221.738
221.786
221.837
221.887
221.937
221.984
222.026
222.064
222.097
222.127
222.158
222.189
222.223
222.266
222.321
222.392
222.484
222.595
222.725
222.863
222.996
223.11
223.197
223.254
223.288
223.305
247.821
220.547
222.527
223.814
224.066
224.025
223.87
223.739
223.601
223.476
223.35
223.232
223.111
222.992
222.87
222.743
222.611
222.475
222.336
222.194
222.052
221.908
221.764
221.619
221.472
221.324
221.173
221.019
220.863
220.704
220.544
220.383
220.221
220.058
219.897
219.738
219.583
219.434
219.292
219.158
219.032
218.916
218.809
218.714
218.63
218.559
218.501
218.454
218.419
218.393
218.378
218.371
218.37
218.378
218.394
218.417
218.449
218.489
218.533
218.582
218.658
218.73
218.821
218.923
219.03
219.138
219.238
219.334
219.425
219.514
219.603
219.687
219.772
219.853
219.932
220.012
220.094
220.181
220.272
220.364
220.453
220.533
220.605
220.671
220.738
220.806
220.88
220.958
221.038
221.116
221.187
221.25
221.306
221.356
221.403
221.449
221.495
221.544
221.593
221.641
221.687
221.728
221.765
221.797
221.826
221.855
221.886
221.92
221.962
222.017
222.087
222.177
222.288
222.417
222.556
222.691
222.807
222.895
222.952
222.985
223.002
247.823
220.535
222.515
223.805
224.059
224.019
223.866
223.736
223.598
223.474
223.349
223.231
223.11
222.992
222.869
222.742
222.61
222.473
222.333
222.191
222.047
221.903
221.758
221.612
221.464
221.314
221.162
221.008
220.85
220.691
220.529
220.366
220.202
220.037
219.873
219.712
219.553
219.4
219.254
219.116
218.987
218.866
218.755
218.655
218.566
218.491
218.428
218.376
218.336
218.307
218.288
218.277
218.273
218.276
218.289
218.309
218.338
218.374
218.414
218.46
218.532
218.597
218.682
218.778
218.882
218.987
219.084
219.176
219.26
219.342
219.426
219.507
219.59
219.669
219.742
219.811
219.879
219.953
220.033
220.119
220.203
220.282
220.354
220.42
220.486
220.552
220.622
220.697
220.773
220.847
220.914
220.974
221.025
221.072
221.116
221.158
221.202
221.248
221.294
221.341
221.384
221.424
221.459
221.489
221.517
221.545
221.574
221.608
221.649
221.703
221.772
221.86
221.969
222.097
222.236
222.372
222.489
222.578
222.635
222.667
222.683
247.818
220.522
222.504
223.796
224.051
224.013
223.861
223.732
223.596
223.473
223.347
223.23
223.109
222.991
222.869
222.742
222.609
222.472
222.331
222.187
222.043
221.898
221.752
221.605
221.456
221.306
221.153
220.997
220.838
220.677
220.514
220.349
220.183
220.016
219.85
219.685
219.524
219.367
219.217
219.075
218.941
218.816
218.701
218.595
218.502
218.422
218.354
218.298
218.254
218.22
218.197
218.183
218.175
218.175
218.183
218.2
218.225
218.259
218.295
218.339
218.404
218.463
218.542
218.63
218.728
218.828
218.923
219.012
219.094
219.172
219.252
219.331
219.413
219.491
219.563
219.626
219.686
219.747
219.814
219.886
219.961
220.034
220.102
220.166
220.23
220.293
220.36
220.431
220.503
220.572
220.636
220.691
220.739
220.782
220.823
220.862
220.903
220.947
220.991
221.035
221.076
221.114
221.147
221.176
221.202
221.228
221.256
221.289
221.33
221.382
221.449
221.535
221.642
221.769
221.907
222.044
222.162
222.251
222.307
222.339
222.353
247.82
220.51
222.493
223.787
224.044
224.008
223.857
223.729
223.593
223.471
223.346
223.229
223.109
222.991
222.868
222.741
222.608
222.47
222.328
222.184
222.039
221.893
221.746
221.598
221.448
221.297
221.143
220.986
220.826
220.664
220.499
220.332
220.164
219.995
219.826
219.659
219.494
219.334
219.18
219.033
218.895
218.766
218.646
218.536
218.438
218.353
218.28
218.22
218.171
218.133
218.105
218.087
218.076
218.072
218.076
218.09
218.111
218.142
218.175
218.215
218.275
218.329
218.404
218.484
218.572
218.662
218.751
218.838
218.92
219
219.08
219.158
219.238
219.315
219.388
219.451
219.507
219.56
219.613
219.67
219.73
219.792
219.853
219.912
219.974
220.033
220.098
220.165
220.233
220.298
220.356
220.407
220.45
220.49
220.526
220.562
220.599
220.64
220.681
220.722
220.761
220.796
220.826
220.853
220.877
220.902
220.929
220.96
221
221.051
221.116
221.201
221.305
221.43
221.567
221.704
221.824
221.912
221.968
221.998
222.011
247.822
220.497
222.481
223.777
224.036
224.002
223.852
223.726
223.591
223.469
223.344
223.228
223.108
222.99
222.868
222.74
222.607
222.468
222.326
222.181
222.034
221.887
221.74
221.591
221.44
221.288
221.133
220.975
220.814
220.65
220.484
220.315
220.145
219.974
219.803
219.632
219.464
219.3
219.142
218.992
218.85
218.716
218.591
218.476
218.374
218.283
218.206
218.141
218.087
218.045
218.013
217.991
217.976
217.969
217.97
217.979
217.997
218.025
218.054
218.091
218.146
218.196
218.269
218.345
218.424
218.504
218.584
218.666
218.747
218.829
218.908
218.982
219.057
219.131
219.203
219.269
219.327
219.378
219.423
219.468
219.512
219.559
219.608
219.658
219.715
219.77
219.831
219.896
219.96
220.02
220.074
220.12
220.159
220.193
220.225
220.257
220.291
220.327
220.365
220.403
220.439
220.471
220.499
220.523
220.545
220.568
220.593
220.623
220.662
220.711
220.775
220.857
220.959
221.081
221.218
221.356
221.477
221.567
221.621
221.648
221.66
247.823
220.485
222.469
223.768
224.028
223.996
223.848
223.722
223.588
223.467
223.343
223.227
223.108
222.99
222.868
222.74
222.606
222.467
222.323
222.177
222.03
221.882
221.734
221.584
221.433
221.279
221.123
220.964
220.802
220.637
220.469
220.299
220.127
219.953
219.779
219.606
219.435
219.267
219.105
218.95
218.804
218.665
218.536
218.417
218.309
218.213
218.131
218.061
218.003
217.956
217.92
217.894
217.876
217.865
217.862
217.868
217.882
217.906
217.932
217.966
218.017
218.063
218.136
218.21
218.286
218.361
218.433
218.508
218.584
218.661
218.734
218.801
218.866
218.932
219
219.067
219.129
219.182
219.227
219.266
219.301
219.335
219.372
219.412
219.461
219.508
219.565
219.625
219.685
219.741
219.79
219.831
219.865
219.894
219.921
219.948
219.977
220.01
220.044
220.079
220.111
220.139
220.164
220.186
220.205
220.226
220.249
220.277
220.314
220.362
220.423
220.503
220.602
220.722
220.857
220.995
221.12
221.213
221.268
221.292
221.298
247.826
220.472
222.457
223.758
224.02
223.99
223.843
223.719
223.586
223.465
223.342
223.226
223.107
222.99
222.867
222.739
222.605
222.465
222.321
222.174
222.026
221.877
221.728
221.577
221.425
221.27
221.114
220.954
220.79
220.624
220.454
220.282
220.108
219.933
219.756
219.58
219.406
219.234
219.068
218.909
218.758
218.615
218.481
218.357
218.244
218.143
218.056
217.981
217.918
217.867
217.827
217.796
217.774
217.759
217.753
217.756
217.766
217.787
217.81
217.84
217.886
217.929
218.002
218.078
218.158
218.233
218.302
218.37
218.435
218.5
218.562
218.618
218.672
218.728
218.788
218.85
218.911
218.967
219.015
219.055
219.088
219.116
219.143
219.173
219.212
219.25
219.3
219.355
219.41
219.461
219.505
219.54
219.569
219.592
219.614
219.635
219.659
219.687
219.716
219.747
219.775
219.8
219.821
219.84
219.857
219.875
219.895
219.921
219.956
220.002
220.061
220.139
220.235
220.353
220.486
220.625
220.753
220.85
220.909
220.934
220.933
247.829
220.459
222.445
223.748
224.012
223.984
223.839
223.716
223.583
223.463
223.34
223.225
223.107
222.989
222.867
222.739
222.604
222.463
222.318
222.171
222.022
221.872
221.722
221.57
221.417
221.262
221.104
220.943
220.779
220.611
220.44
220.266
220.09
219.912
219.733
219.554
219.376
219.202
219.031
218.868
218.712
218.564
218.426
218.296
218.178
218.073
217.98
217.9
217.832
217.776
217.732
217.698
217.672
217.653
217.643
217.643
217.65
217.667
217.688
217.713
217.755
217.795
217.867
217.945
218.029
218.111
218.181
218.245
218.299
218.348
218.395
218.438
218.482
218.53
218.58
218.633
218.686
218.739
218.789
218.833
218.868
218.896
218.918
218.94
218.969
218.996
219.037
219.085
219.135
219.182
219.22
219.25
219.273
219.291
219.306
219.322
219.34
219.361
219.386
219.411
219.435
219.456
219.473
219.488
219.502
219.517
219.533
219.556
219.588
219.63
219.687
219.761
219.854
219.968
220.1
220.239
220.368
220.468
220.531
220.56
220.552
247.833
220.446
222.433
223.738
224.004
223.978
223.834
223.712
223.58
223.461
223.339
223.225
223.106
222.989
222.866
222.738
222.603
222.461
222.316
222.167
222.018
221.867
221.716
221.564
221.41
221.253
221.095
220.932
220.767
220.598
220.425
220.25
220.072
219.892
219.71
219.528
219.347
219.169
218.995
218.827
218.666
218.514
218.37
218.236
218.113
218.002
217.904
217.819
217.746
217.686
217.637
217.599
217.569
217.546
217.533
217.529
217.533
217.547
217.566
217.586
217.624
217.661
217.729
217.804
217.89
217.975
218.049
218.112
218.158
218.196
218.231
218.266
218.305
218.346
218.387
218.427
218.468
218.511
218.557
218.603
218.643
218.673
218.694
218.71
218.73
218.748
218.779
218.818
218.861
218.902
218.935
218.959
218.975
218.987
218.996
219.005
219.017
219.032
219.051
219.072
219.091
219.108
219.12
219.131
219.141
219.152
219.164
219.184
219.211
219.251
219.303
219.373
219.462
219.573
219.702
219.841
219.971
220.076
220.142
220.174
220.161
247.838
220.433
222.421
223.728
223.996
223.972
223.829
223.709
223.578
223.459
223.337
223.224
223.105
222.988
222.866
222.737
222.602
222.46
222.313
222.164
222.013
221.862
221.71
221.557
221.402
221.245
221.085
220.922
220.755
220.585
220.411
220.234
220.054
219.871
219.687
219.503
219.318
219.136
218.958
218.785
218.62
218.463
218.314
218.175
218.047
217.931
217.828
217.737
217.66
217.594
217.541
217.498
217.465
217.439
217.421
217.413
217.415
217.425
217.442
217.459
217.494
217.528
217.591
217.66
217.74
217.822
217.896
217.959
218.005
218.041
218.074
218.106
218.144
218.182
218.215
218.245
218.271
218.3
218.335
218.375
218.414
218.445
218.466
218.48
218.494
218.503
218.525
218.556
218.592
218.626
218.653
218.671
218.682
218.687
218.688
218.69
218.695
218.704
218.716
218.731
218.744
218.756
218.764
218.77
218.774
218.781
218.788
218.803
218.826
218.861
218.909
218.973
219.058
219.165
219.29
219.427
219.559
219.666
219.736
219.772
219.753
247.843
220.419
222.408
223.718
223.988
223.966
223.825
223.705
223.575
223.458
223.336
223.223
223.105
222.988
222.866
222.737
222.6
222.458
222.311
222.161
222.009
221.857
221.704
221.55
221.394
221.236
221.076
220.912
220.744
220.572
220.396
220.217
220.035
219.851
219.664
219.477
219.289
219.104
218.921
218.744
218.574
218.412
218.259
218.114
217.981
217.859
217.751
217.655
217.572
217.502
217.444
217.397
217.36
217.33
217.309
217.297
217.296
217.303
217.317
217.332
217.365
217.397
217.456
217.517
217.584
217.655
217.722
217.785
217.837
217.881
217.921
217.957
217.995
218.031
218.059
218.082
218.099
218.114
218.134
218.16
218.189
218.215
218.233
218.244
218.255
218.258
218.274
218.298
218.326
218.353
218.373
218.385
218.389
218.387
218.381
218.376
218.374
218.376
218.381
218.39
218.398
218.405
218.408
218.408
218.406
218.407
218.409
218.419
218.437
218.465
218.507
218.565
218.644
218.745
218.865
218.999
219.129
219.238
219.311
219.351
219.324
247.85
220.405
222.395
223.707
223.98
223.96
223.82
223.702
223.572
223.456
223.334
223.222
223.104
222.988
222.865
222.736
222.599
222.456
222.309
222.158
222.005
221.852
221.699
221.544
221.387
221.228
221.066
220.901
220.732
220.559
220.382
220.201
220.017
219.831
219.642
219.451
219.261
219.071
218.884
218.703
218.528
218.361
218.202
218.053
217.914
217.787
217.673
217.572
217.484
217.409
217.346
217.295
217.253
217.22
217.195
217.18
217.176
217.18
217.191
217.204
217.236
217.267
217.323
217.379
217.436
217.493
217.546
217.604
217.661
217.718
217.77
217.811
217.849
217.88
217.906
217.926
217.939
217.947
217.954
217.964
217.977
217.99
218.001
218.008
218.015
218.016
218.028
218.046
218.068
218.087
218.1
218.105
218.102
218.093
218.079
218.066
218.056
218.052
218.05
218.051
218.053
218.055
218.053
218.047
218.038
218.032
218.028
218.033
218.045
218.067
218.102
218.154
218.227
218.322
218.437
218.566
218.694
218.804
218.88
218.924
218.89
247.857
220.391
222.383
223.697
223.971
223.954
223.815
223.698
223.57
223.454
223.333
223.221
223.104
222.987
222.865
222.735
222.598
222.455
222.306
222.155
222.001
221.847
221.693
221.537
221.38
221.22
221.057
220.891
220.721
220.546
220.368
220.185
220
219.811
219.619
219.426
219.232
219.039
218.848
218.662
218.482
218.31
218.146
217.991
217.847
217.714
217.595
217.489
217.396
217.315
217.247
217.192
217.146
217.11
217.081
217.062
217.055
217.057
217.064
217.075
217.105
217.135
217.191
217.247
217.302
217.352
217.396
217.444
217.5
217.562
217.62
217.663
217.695
217.719
217.742
217.763
217.779
217.787
217.786
217.782
217.777
217.774
217.773
217.773
217.777
217.778
217.787
217.801
217.816
217.828
217.834
217.832
217.821
217.803
217.782
217.762
217.745
217.733
217.724
217.719
217.714
217.709
217.702
217.691
217.675
217.661
217.65
217.649
217.655
217.671
217.698
217.743
217.809
217.897
218.006
218.13
218.255
218.364
218.441
218.488
218.45
247.867
220.376
222.369
223.686
223.962
223.948
223.81
223.695
223.567
223.452
223.331
223.22
223.103
222.987
222.864
222.735
222.597
222.453
222.304
222.151
221.997
221.843
221.687
221.531
221.372
221.212
221.048
220.881
220.709
220.534
220.354
220.17
219.982
219.79
219.596
219.4
219.203
219.006
218.811
218.621
218.436
218.259
218.089
217.929
217.779
217.641
217.516
217.404
217.306
217.22
217.148
217.088
217.038
216.997
216.966
216.944
216.933
216.932
216.936
216.945
216.974
217.002
217.057
217.117
217.178
217.231
217.273
217.315
217.362
217.416
217.468
217.504
217.527
217.543
217.562
217.586
217.608
217.62
217.619
217.608
217.589
217.571
217.557
217.549
217.549
217.547
217.554
217.564
217.573
217.578
217.577
217.567
217.547
217.521
217.493
217.465
217.442
217.422
217.406
217.394
217.383
217.373
217.36
217.343
217.322
217.299
217.279
217.272
217.272
217.281
217.301
217.339
217.396
217.477
217.58
217.698
217.818
217.924
218
218.047
218.004
247.878
220.361
222.356
223.675
223.954
223.941
223.805
223.691
223.564
223.45
223.33
223.219
223.102
222.986
222.864
222.734
222.596
222.451
222.302
222.148
221.993
221.838
221.682
221.524
221.365
221.203
221.039
220.87
220.698
220.521
220.339
220.154
219.964
219.77
219.574
219.375
219.174
218.974
218.775
218.58
218.39
218.207
218.033
217.867
217.711
217.568
217.437
217.32
217.215
217.125
217.047
216.982
216.929
216.884
216.849
216.824
216.81
216.808
216.808
216.815
216.841
216.866
216.92
216.982
217.052
217.116
217.166
217.205
217.241
217.278
217.313
217.334
217.347
217.355
217.371
217.395
217.421
217.438
217.442
217.432
217.41
217.383
217.358
217.341
217.333
217.328
217.33
217.335
217.339
217.339
217.331
217.312
217.284
217.251
217.215
217.181
217.15
217.123
217.101
217.082
217.065
217.049
217.03
217.009
216.982
216.953
216.923
216.907
216.901
216.905
216.919
216.949
217
217.074
217.171
217.285
217.401
217.504
217.579
217.627
217.58
247.891
220.346
222.343
223.664
223.945
223.935
223.8
223.687
223.562
223.448
223.328
223.218
223.102
222.986
222.864
222.733
222.595
222.45
222.299
222.145
221.989
221.833
221.676
221.518
221.358
221.195
221.029
220.86
220.686
220.508
220.325
220.138
219.946
219.75
219.551
219.349
219.146
218.941
218.738
218.538
218.344
218.156
217.976
217.804
217.643
217.493
217.357
217.234
217.124
217.028
216.945
216.876
216.818
216.77
216.731
216.703
216.686
216.681
216.679
216.684
216.708
216.731
216.781
216.841
216.915
216.989
217.052
217.095
217.121
217.138
217.154
217.161
217.167
217.172
217.185
217.205
217.227
217.244
217.253
217.25
217.235
217.209
217.18
217.154
217.136
217.122
217.118
217.117
217.116
217.11
217.095
217.07
217.035
216.995
216.952
216.91
216.872
216.839
216.81
216.786
216.763
216.741
216.718
216.691
216.659
216.623
216.586
216.56
216.547
216.545
216.553
216.576
216.619
216.686
216.777
216.885
216.996
217.095
217.168
217.215
217.163
247.905
220.331
222.329
223.653
223.936
223.928
223.795
223.684
223.559
223.446
223.327
223.216
223.101
222.985
222.863
222.733
222.594
222.448
222.297
222.142
221.985
221.828
221.67
221.511
221.35
221.187
221.02
220.85
220.675
220.496
220.311
220.122
219.928
219.73
219.529
219.324
219.117
218.909
218.702
218.497
218.298
218.104
217.919
217.741
217.574
217.419
217.276
217.147
217.032
216.93
216.842
216.768
216.706
216.654
216.612
216.581
216.561
216.554
216.55
216.553
216.575
216.596
216.642
216.695
216.761
216.836
216.906
216.958
216.982
216.989
216.994
216.994
217
217.009
217.018
217.028
217.039
217.05
217.061
217.067
217.063
217.046
217.018
216.985
216.956
216.932
216.919
216.911
216.904
216.893
216.873
216.842
216.801
216.754
216.705
216.657
216.612
216.573
216.538
216.508
216.48
216.454
216.426
216.394
216.357
216.317
216.272
216.237
216.217
216.21
216.214
216.23
216.266
216.327
216.414
216.518
216.626
216.721
216.792
216.838
216.783
247.92
220.315
222.316
223.642
223.927
223.922
223.79
223.68
223.556
223.444
223.325
223.215
223.1
222.985
222.863
222.732
222.593
222.446
222.294
222.139
221.981
221.823
221.665
221.505
221.343
221.179
221.011
220.84
220.664
220.483
220.297
220.106
219.911
219.71
219.506
219.299
219.088
218.877
218.665
218.456
218.251
218.053
217.861
217.678
217.505
217.343
217.195
217.06
216.938
216.831
216.738
216.659
216.592
216.536
216.491
216.457
216.434
216.424
216.419
216.422
216.442
216.462
216.506
216.55
216.603
216.662
216.723
216.776
216.809
216.825
216.837
216.846
216.86
216.873
216.878
216.876
216.872
216.872
216.88
216.892
216.897
216.89
216.867
216.83
216.791
216.757
216.735
216.72
216.708
216.692
216.668
216.631
216.585
216.532
216.477
216.423
216.373
216.328
216.288
216.253
216.221
216.19
216.157
216.121
216.08
216.034
215.985
215.943
215.913
215.901
215.9
215.911
215.942
215.997
216.079
216.18
216.285
216.377
216.445
216.489
216.432
247.937
220.299
222.302
223.63
223.918
223.915
223.785
223.676
223.553
223.442
223.324
223.214
223.1
222.984
222.862
222.731
222.592
222.445
222.292
222.136
221.977
221.819
221.659
221.499
221.336
221.171
221.002
220.83
220.653
220.47
220.283
220.091
219.893
219.691
219.484
219.273
219.06
218.845
218.629
218.415
218.205
218.001
217.804
217.615
217.435
217.267
217.112
216.971
216.844
216.731
216.632
216.548
216.477
216.417
216.368
216.331
216.306
216.294
216.287
216.288
216.308
216.328
216.372
216.411
216.452
216.492
216.532
216.577
216.618
216.656
216.69
216.718
216.746
216.762
216.762
216.751
216.732
216.721
216.723
216.733
216.741
216.74
216.721
216.682
216.637
216.594
216.565
216.545
216.528
216.508
216.479
216.438
216.386
216.328
216.268
216.209
216.154
216.106
216.062
216.023
215.987
215.952
215.916
215.877
215.831
215.782
215.727
215.679
215.643
215.624
215.62
215.627
215.653
215.703
215.782
215.88
215.983
216.074
216.139
216.181
216.122
247.954
220.283
222.288
223.619
223.909
223.908
223.779
223.673
223.55
223.439
223.322
223.213
223.099
222.984
222.862
222.731
222.591
222.443
222.29
222.132
221.973
221.814
221.654
221.492
221.329
221.163
220.993
220.82
220.641
220.458
220.269
220.075
219.875
219.671
219.461
219.248
219.031
218.812
218.593
218.374
218.159
217.949
217.746
217.551
217.365
217.191
217.029
216.882
216.749
216.63
216.525
216.436
216.36
216.296
216.243
216.203
216.175
216.161
216.154
216.152
216.172
216.193
216.239
216.28
216.318
216.344
216.365
216.397
216.439
216.498
216.557
216.607
216.645
216.663
216.66
216.644
216.617
216.597
216.591
216.594
216.598
216.595
216.575
216.536
216.488
216.443
216.41
216.387
216.366
216.343
216.309
216.264
216.207
216.144
216.08
216.017
215.959
215.907
215.86
215.818
215.779
215.742
215.704
215.662
215.613
215.56
215.502
215.448
215.406
215.382
215.374
215.378
215.399
215.446
215.522
215.619
215.722
215.811
215.875
215.914
215.856
247.973
220.266
222.274
223.607
223.899
223.902
223.774
223.669
223.547
223.437
223.32
223.212
223.098
222.983
222.861
222.73
222.59
222.441
222.287
222.129
221.97
221.809
221.648
221.486
221.322
221.155
220.984
220.81
220.63
220.445
220.255
220.059
219.858
219.651
219.439
219.223
219.003
218.78
218.556
218.333
218.113
217.897
217.688
217.487
217.294
217.113
216.945
216.792
216.652
216.527
216.417
216.322
216.241
216.173
216.117
216.073
216.043
216.027
216.018
216.015
216.034
216.054
216.104
216.152
216.198
216.226
216.241
216.263
216.298
216.362
216.437
216.499
216.541
216.557
216.554
216.542
216.518
216.497
216.482
216.474
216.466
216.453
216.428
216.389
216.345
216.301
216.269
216.245
216.222
216.196
216.158
216.108
216.048
215.981
215.913
215.848
215.788
215.734
215.685
215.641
215.6
215.561
215.521
215.478
215.428
215.372
215.311
215.254
215.206
215.177
215.167
215.168
215.186
215.23
215.305
215.401
215.504
215.592
215.654
215.691
215.634
247.993
220.25
222.26
223.595
223.89
223.895
223.769
223.665
223.544
223.435
223.319
223.211
223.097
222.983
222.861
222.729
222.589
222.44
222.285
222.126
221.966
221.804
221.643
221.48
221.314
221.147
220.975
220.8
220.619
220.433
220.241
220.044
219.84
219.631
219.417
219.198
218.975
218.748
218.52
218.292
218.066
217.845
217.63
217.422
217.223
217.035
216.861
216.7
216.554
216.423
216.307
216.207
216.121
216.049
215.988
215.941
215.909
215.89
215.881
215.876
215.894
215.913
215.966
216.023
216.084
216.128
216.154
216.176
216.202
216.256
216.322
216.379
216.416
216.43
216.433
216.433
216.422
216.407
216.388
216.367
216.344
216.318
216.286
216.248
216.208
216.17
216.142
216.119
216.096
216.067
216.027
215.974
215.911
215.841
215.771
215.704
215.642
215.586
215.536
215.49
215.449
215.409
215.368
215.324
215.274
215.216
215.154
215.093
215.043
215.01
214.996
214.995
215.01
215.052
215.127
215.224
215.327
215.415
215.476
215.511
215.455
248.015
220.233
222.245
223.583
223.88
223.888
223.763
223.661
223.541
223.433
223.317
223.21
223.097
222.982
222.86
222.729
222.588
222.438
222.283
222.123
221.962
221.8
221.637
221.473
221.307
221.139
220.966
220.79
220.608
220.421
220.227
220.028
219.823
219.612
219.395
219.173
218.946
218.716
218.483
218.251
218.02
217.793
217.572
217.357
217.152
216.957
216.775
216.608
216.455
216.318
216.196
216.09
216
215.922
215.858
215.807
215.772
215.751
215.742
215.735
215.751
215.77
215.823
215.884
215.96
216.027
216.079
216.115
216.136
216.168
216.204
216.236
216.259
216.272
216.289
216.307
216.315
216.312
216.294
216.265
216.23
216.193
216.155
216.118
216.084
216.052
216.029
216.009
215.987
215.957
215.915
215.86
215.795
215.724
215.653
215.585
215.522
215.466
215.414
215.368
215.327
215.287
215.247
215.204
215.153
215.096
215.032
214.97
214.917
214.881
214.864
214.862
214.877
214.918
214.992
215.09
215.194
215.283
215.344
215.377
215.323
248.038
220.216
222.231
223.57
223.87
223.881
223.758
223.657
223.538
223.431
223.315
223.208
223.096
222.982
222.86
222.728
222.586
222.436
222.28
222.12
221.958
221.795
221.632
221.467
221.3
221.131
220.957
220.78
220.597
220.408
220.214
220.013
219.806
219.592
219.373
219.148
218.918
218.684
218.447
218.21
217.973
217.741
217.513
217.292
217.08
216.878
216.689
216.514
216.355
216.211
216.083
215.972
215.876
215.794
215.726
215.671
215.634
215.61
215.6
215.594
215.608
215.627
215.678
215.737
215.816
215.899
215.981
216.044
216.068
216.076
216.076
216.076
216.084
216.098
216.129
216.166
216.191
216.198
216.186
216.159
216.122
216.083
216.043
216.007
215.977
215.951
215.932
215.915
215.895
215.866
215.824
215.768
215.702
215.631
215.56
215.492
215.429
215.372
215.32
215.274
215.232
215.193
215.154
215.111
215.061
215.003
214.939
214.875
214.82
214.782
214.764
214.761
214.775
214.816
214.891
214.991
215.097
215.187
215.248
215.28
215.229
248.061
220.198
222.216
223.558
223.86
223.873
223.752
223.653
223.535
223.428
223.314
223.207
223.095
222.981
222.859
222.727
222.585
222.435
222.278
222.117
221.954
221.79
221.626
221.461
221.293
221.123
220.949
220.77
220.586
220.396
220.2
219.998
219.788
219.573
219.351
219.123
218.89
218.652
218.411
218.169
217.927
217.689
217.455
217.227
217.007
216.798
216.602
216.42
216.253
216.102
215.968
215.851
215.75
215.664
215.591
215.533
215.493
215.467
215.456
215.45
215.464
215.484
215.534
215.587
215.657
215.738
215.835
215.922
215.962
215.959
215.939
215.918
215.92
215.939
215.978
216.022
216.053
216.067
216.064
216.049
216.022
215.989
215.953
215.918
215.89
215.867
215.852
215.839
215.821
215.794
215.752
215.696
215.629
215.558
215.487
215.42
215.358
215.302
215.251
215.207
215.168
215.132
215.095
215.054
215.006
214.949
214.885
214.821
214.765
214.726
214.706
214.702
214.716
214.757
214.833
214.934
215.042
215.134
215.195
215.225
215.175
248.087
220.181
222.201
223.545
223.85
223.866
223.746
223.649
223.532
223.426
223.312
223.206
223.094
222.981
222.859
222.726
222.584
222.433
222.276
222.114
221.95
221.786
221.621
221.455
221.286
221.115
220.94
220.76
220.575
220.384
220.186
219.982
219.771
219.553
219.329
219.098
218.862
218.62
218.375
218.128
217.881
217.636
217.396
217.161
216.935
216.718
216.514
216.324
216.15
215.992
215.851
215.728
215.622
215.531
215.455
215.393
215.349
215.323
215.31
215.305
215.318
215.342
215.392
215.44
215.497
215.563
215.649
215.741
215.802
215.811
215.799
215.784
215.795
215.823
215.863
215.897
215.92
215.933
215.941
215.943
215.935
215.917
215.887
215.852
215.824
215.802
215.79
215.779
215.765
215.741
215.702
215.647
215.582
215.513
215.443
215.376
215.315
215.259
215.209
215.165
215.126
215.09
215.054
215.013
214.964
214.907
214.843
214.779
214.724
214.685
214.666
214.662
214.677
214.72
214.797
214.901
215.012
215.105
215.167
215.197
215.15
248.113
220.163
222.186
223.532
223.84
223.859
223.74
223.645
223.529
223.424
223.31
223.205
223.093
222.98
222.858
222.726
222.583
222.431
222.273
222.111
221.946
221.781
221.615
221.448
221.279
221.107
220.931
220.75
220.564
220.371
220.173
219.967
219.754
219.534
219.307
219.073
218.833
218.588
218.339
218.087
217.834
217.584
217.337
217.096
216.862
216.637
216.425
216.227
216.045
215.88
215.732
215.603
215.491
215.395
215.315
215.25
215.203
215.175
215.16
215.155
215.17
215.196
215.25
215.298
215.346
215.392
215.452
215.531
215.602
215.645
215.669
215.686
215.72
215.756
215.789
215.805
215.812
215.818
215.832
215.853
215.865
215.862
215.84
215.806
215.777
215.754
215.744
215.738
215.728
215.708
215.671
215.616
215.55
215.481
215.413
215.349
215.291
215.239
215.192
215.152
215.117
215.084
215.051
215.014
214.972
214.919
214.858
214.794
214.737
214.695
214.673
214.668
214.682
214.725
214.806
214.915
215.03
215.127
215.189
215.218
215.172
248.141
220.145
222.17
223.519
223.829
223.851
223.734
223.641
223.526
223.422
223.308
223.204
223.093
222.979
222.857
222.725
222.582
222.43
222.271
222.108
221.942
221.777
221.61
221.442
221.272
221.099
220.922
220.74
220.553
220.359
220.159
219.952
219.737
219.515
219.285
219.049
218.806
218.557
218.303
218.046
217.788
217.531
217.278
217.03
216.788
216.556
216.336
216.13
215.939
215.766
215.611
215.475
215.357
215.257
215.173
215.104
215.055
215.025
215.007
215.002
215.017
215.046
215.106
215.163
215.213
215.251
215.288
215.342
215.409
215.487
215.561
215.622
215.681
215.723
215.746
215.747
215.74
215.738
215.753
215.786
215.814
215.824
215.809
215.776
215.745
215.722
215.713
215.71
215.704
215.688
215.655
215.607
215.546
215.48
215.415
215.354
215.299
215.249
215.205
215.168
215.135
215.106
215.075
215.04
214.997
214.943
214.882
214.819
214.762
214.724
214.704
214.701
214.715
214.759
214.841
214.951
215.069
215.167
215.23
215.258
215.215
248.17
220.127
222.155
223.506
223.819
223.844
223.728
223.636
223.523
223.419
223.307
223.202
223.092
222.979
222.857
222.724
222.581
222.428
222.269
222.105
221.939
221.772
221.605
221.436
221.266
221.092
220.914
220.731
220.542
220.347
220.145
219.937
219.72
219.495
219.263
219.024
218.778
218.525
218.267
218.005
217.741
217.479
217.219
216.964
216.715
216.474
216.246
216.031
215.832
215.651
215.488
215.344
215.221
215.115
215.027
214.955
214.903
214.872
214.853
214.846
214.862
214.892
214.956
215.027
215.094
215.144
215.178
215.217
215.272
215.367
215.477
215.575
215.656
215.702
215.72
215.714
215.701
215.695
215.707
215.744
215.779
215.797
215.788
215.758
215.726
215.703
215.696
215.699
215.701
215.693
215.665
215.619
215.56
215.498
215.436
215.38
215.327
215.28
215.238
215.203
215.173
215.145
215.118
215.086
215.046
214.995
214.936
214.875
214.817
214.778
214.758
214.755
214.769
214.814
214.899
215.012
215.134
215.233
215.297
215.324
215.283
248.2
220.109
222.14
223.493
223.808
223.836
223.722
223.632
223.519
223.417
223.305
223.201
223.091
222.978
222.856
222.723
222.58
222.426
222.266
222.102
221.935
221.767
221.599
221.43
221.259
221.084
220.905
220.721
220.531
220.335
220.132
219.921
219.703
219.476
219.242
219
218.75
218.493
218.231
217.964
217.695
217.426
217.16
216.897
216.64
216.392
216.155
215.931
215.724
215.533
215.362
215.211
215.081
214.97
214.877
214.802
214.747
214.716
214.696
214.688
214.703
214.735
214.803
214.884
214.975
215.053
215.107
215.151
215.202
215.292
215.409
215.526
215.621
215.674
215.693
215.69
215.681
215.677
215.688
215.722
215.758
215.778
215.772
215.747
215.716
215.7
215.7
215.708
215.716
215.709
215.686
215.645
215.591
215.534
215.475
215.424
215.375
215.332
215.294
215.263
215.236
215.213
215.188
215.159
215.122
215.074
215.016
214.955
214.898
214.859
214.839
214.836
214.852
214.898
214.986
215.101
215.226
215.327
215.393
215.42
215.381
248.231
220.091
222.124
223.479
223.797
223.828
223.716
223.628
223.516
223.414
223.303
223.2
223.09
222.977
222.856
222.723
222.578
222.425
222.264
222.098
221.931
221.763
221.594
221.424
221.252
221.076
220.897
220.712
220.521
220.323
220.119
219.906
219.686
219.457
219.22
218.975
218.722
218.462
218.195
217.923
217.648
217.374
217.1
216.83
216.566
216.309
216.064
215.831
215.614
215.415
215.235
215.076
214.939
214.822
214.724
214.645
214.587
214.553
214.534
214.526
214.541
214.575
214.645
214.732
214.841
214.95
215.043
215.113
215.169
215.246
215.34
215.445
215.536
215.6
215.64
215.659
215.667
215.67
215.683
215.713
215.745
215.764
215.759
215.744
215.722
215.71
215.715
215.732
215.747
215.745
215.726
215.69
215.642
215.59
215.536
215.488
215.444
215.405
215.371
215.344
215.322
215.302
215.281
215.256
215.222
215.177
215.121
215.061
215.005
214.966
214.947
214.944
214.961
215.009
215.099
215.218
215.346
215.448
215.516
215.542
215.505
248.264
220.073
222.108
223.466
223.786
223.82
223.71
223.623
223.513
223.412
223.301
223.198
223.089
222.977
222.855
222.722
222.577
222.423
222.262
222.095
221.927
221.758
221.589
221.418
221.245
221.069
220.888
220.702
220.51
220.311
220.105
219.892
219.669
219.439
219.199
218.951
218.695
218.431
218.159
217.882
217.602
217.321
217.041
216.763
216.491
216.226
215.971
215.729
215.503
215.294
215.105
214.938
214.793
214.67
214.567
214.484
214.423
214.387
214.367
214.36
214.375
214.412
214.483
214.57
214.686
214.815
214.95
215.062
215.138
215.201
215.247
215.308
215.383
215.458
215.531
215.597
215.642
215.666
215.683
215.712
215.738
215.754
215.754
215.745
215.728
215.724
215.741
215.772
215.796
215.799
215.782
215.75
215.708
215.663
215.616
215.575
215.536
215.502
215.474
215.452
215.435
215.419
215.403
215.381
215.35
215.307
215.254
215.193
215.138
215.099
215.081
215.079
215.096
215.145
215.237
215.359
215.488
215.594
215.663
215.688
215.653
248.298
220.054
222.092
223.452
223.774
223.812
223.704
223.619
223.509
223.409
223.299
223.197
223.088
222.976
222.854
222.721
222.576
222.421
222.259
222.092
221.923
221.754
221.584
221.412
221.239
221.061
220.88
220.693
220.499
220.299
220.092
219.877
219.653
219.42
219.178
218.927
218.667
218.4
218.124
217.842
217.556
217.268
216.981
216.696
216.415
216.142
215.878
215.627
215.39
215.172
214.973
214.797
214.644
214.514
214.406
214.318
214.254
214.216
214.196
214.189
214.206
214.245
214.319
214.401
214.507
214.637
214.801
214.953
215.065
215.118
215.115
215.123
215.18
215.268
215.382
215.498
215.59
215.65
215.682
215.711
215.733
215.752
215.751
215.746
215.741
215.75
215.782
215.826
215.86
215.869
215.854
215.831
215.796
215.758
215.717
215.682
215.649
215.62
215.597
215.58
215.568
215.556
215.544
215.525
215.497
215.458
215.407
215.349
215.295
215.257
215.241
215.24
215.257
215.309
215.403
215.528
215.658
215.768
215.839
215.865
215.832
248.333
220.035
222.076
223.438
223.763
223.804
223.697
223.614
223.506
223.407
223.297
223.195
223.087
222.975
222.854
222.72
222.575
222.42
222.257
222.089
221.92
221.749
221.579
221.407
221.232
221.054
220.871
220.683
220.489
220.288
220.079
219.862
219.636
219.401
219.156
218.903
218.64
218.369
218.089
217.802
217.51
217.215
216.921
216.628
216.339
216.057
215.784
215.523
215.276
215.047
214.839
214.653
214.492
214.354
214.24
214.147
214.08
214.042
214.022
214.015
214.035
214.078
214.155
214.233
214.32
214.423
214.579
214.758
214.907
214.966
214.953
214.936
214.983
215.079
215.219
215.372
215.505
215.596
215.652
215.698
215.729
215.755
215.754
215.758
215.765
215.789
215.837
215.894
215.938
215.955
215.944
215.926
215.899
215.868
215.836
215.809
215.785
215.762
215.746
215.735
215.728
215.722
215.713
215.699
215.673
215.637
215.588
215.533
215.481
215.445
215.429
215.429
215.449
215.502
215.597
215.724
215.855
215.968
216.038
216.065
216.032
248.369
220.017
222.06
223.424
223.751
223.796
223.691
223.609
223.502
223.404
223.295
223.194
223.086
222.975
222.853
222.719
222.574
222.418
222.255
222.086
221.916
221.745
221.574
221.401
221.225
221.047
220.863
220.674
220.478
220.276
220.066
219.847
219.62
219.382
219.135
218.879
218.613
218.338
218.054
217.762
217.464
217.163
216.861
216.56
216.263
215.971
215.689
215.418
215.161
214.921
214.702
214.506
214.336
214.19
214.069
213.972
213.9
213.859
213.839
213.831
213.855
213.905
213.99
214.069
214.141
214.209
214.324
214.488
214.655
214.753
214.781
214.791
214.85
214.95
215.088
215.242
215.386
215.5
215.588
215.667
215.723
215.759
215.768
215.782
215.801
215.84
215.904
215.973
216.028
216.055
216.051
216.042
216.023
216.001
215.978
215.959
215.941
215.925
215.914
215.909
215.908
215.907
215.902
215.892
215.871
215.837
215.792
215.741
215.693
215.66
215.646
215.648
215.67
215.726
215.823
215.952
216.084
216.201
216.274
216.303
216.272
248.407
219.998
222.044
223.409
223.739
223.787
223.685
223.605
223.498
223.401
223.293
223.193
223.085
222.974
222.852
222.719
222.573
222.416
222.252
222.083
221.912
221.741
221.568
221.395
221.219
221.039
220.855
220.665
220.468
220.264
220.053
219.833
219.603
219.364
219.114
218.855
218.586
218.307
218.019
217.722
217.418
217.11
216.801
216.492
216.186
215.885
215.593
215.311
215.044
214.793
214.563
214.356
214.175
214.021
213.893
213.79
213.715
213.67
213.65
213.642
213.67
213.726
213.821
213.908
213.983
214.035
214.106
214.217
214.376
214.525
214.627
214.702
214.794
214.895
215.015
215.142
215.266
215.381
215.498
215.613
215.702
215.762
215.791
215.818
215.85
215.904
215.982
216.064
216.129
216.166
216.171
216.17
216.161
216.149
216.136
216.127
216.119
216.111
216.108
216.111
216.117
216.122
216.121
216.115
216.097
216.068
216.025
215.978
215.935
215.906
215.893
215.896
215.92
215.979
216.076
216.206
216.338
216.459
216.534
216.563
216.533
248.445
219.979
222.027
223.395
223.726
223.779
223.678
223.6
223.495
223.399
223.291
223.191
223.084
222.973
222.852
222.718
222.571
222.415
222.25
222.08
221.909
221.736
221.563
221.389
221.212
221.032
220.847
220.656
220.458
220.253
220.04
219.818
219.587
219.345
219.093
218.831
218.559
218.277
217.984
217.682
217.372
217.058
216.741
216.423
216.108
215.798
215.495
215.203
214.925
214.663
214.421
214.203
214.011
213.848
213.712
213.603
213.522
213.473
213.453
213.444
213.475
213.537
213.64
213.742
213.839
213.907
213.961
214.027
214.157
214.336
214.51
214.654
214.782
214.886
214.991
215.087
215.181
215.284
215.409
215.545
215.666
215.761
215.813
215.861
215.911
215.978
216.068
216.164
216.24
216.289
216.307
216.316
216.317
216.316
216.314
216.315
216.316
216.317
216.322
216.332
216.345
216.357
216.361
216.359
216.345
216.32
216.282
216.24
216.202
216.178
216.168
216.174
216.201
216.262
216.361
216.492
216.627
216.753
216.833
216.865
216.838
248.485
219.96
222.011
223.38
223.714
223.77
223.671
223.595
223.491
223.396
223.289
223.19
223.083
222.972
222.851
222.717
222.57
222.413
222.248
222.077
221.905
221.732
221.558
221.383
221.206
221.025
220.839
220.647
220.448
220.241
220.027
219.804
219.571
219.327
219.073
218.808
218.532
218.246
217.949
217.642
217.327
217.006
216.681
216.355
216.03
215.71
215.397
215.094
214.804
214.53
214.276
214.046
213.843
213.669
213.525
213.408
213.324
213.272
213.252
213.246
213.277
213.34
213.447
213.564
213.694
213.802
213.876
213.931
214.037
214.217
214.43
214.627
214.783
214.891
214.988
215.068
215.146
215.238
215.358
215.498
215.638
215.758
215.841
215.908
215.975
216.06
216.163
216.273
216.36
216.421
216.45
216.47
216.483
216.496
216.504
216.519
216.532
216.546
216.562
216.581
216.603
216.623
216.634
216.636
216.626
216.605
216.573
216.536
216.503
216.482
216.475
216.482
216.512
216.575
216.674
216.806
216.943
217.073
217.158
217.192
217.166
248.526
219.942
221.994
223.365
223.701
223.761
223.665
223.59
223.487
223.393
223.287
223.188
223.082
222.972
222.85
222.716
222.569
222.411
222.245
222.075
221.901
221.728
221.553
221.378
221.2
221.018
220.831
220.638
220.438
220.23
220.014
219.789
219.555
219.309
219.052
218.784
218.506
218.216
217.915
217.603
217.282
216.954
216.621
216.286
215.952
215.621
215.297
214.983
214.681
214.395
214.128
213.885
213.67
213.485
213.331
213.207
213.116
213.06
213.039
213.037
213.067
213.136
213.246
213.374
213.534
213.694
213.816
213.892
213.989
214.152
214.37
214.597
214.784
214.9
214.99
215.065
215.139
215.229
215.346
215.482
215.628
215.759
215.867
215.956
216.041
216.141
216.263
216.388
216.489
216.564
216.606
216.636
216.663
216.689
216.711
216.739
216.765
216.792
216.82
216.85
216.881
216.91
216.93
216.937
216.932
216.917
216.891
216.861
216.833
216.817
216.813
216.823
216.856
216.923
217.024
217.156
217.295
217.432
217.524
217.562
217.539
248.567
219.923
221.978
223.35
223.689
223.752
223.658
223.585
223.483
223.39
223.285
223.187
223.081
222.971
222.85
222.715
222.568
222.409
222.243
222.072
221.898
221.723
221.548
221.372
221.193
221.011
220.823
220.629
220.427
220.219
220.001
219.775
219.538
219.291
219.032
218.761
218.479
218.186
217.88
217.564
217.237
216.902
216.561
216.218
215.873
215.532
215.196
214.87
214.556
214.257
213.977
213.721
213.493
213.296
213.131
212.999
212.901
212.84
212.817
212.819
212.849
212.923
213.036
213.169
213.347
213.553
213.74
213.864
213.971
214.117
214.31
214.537
214.751
214.893
214.99
215.071
215.153
215.252
215.366
215.489
215.633
215.783
215.906
216.007
216.104
216.217
216.36
216.503
216.619
216.709
216.763
216.806
216.849
216.892
216.93
216.973
217.015
217.057
217.1
217.145
217.188
217.228
217.258
217.275
217.276
217.267
217.248
217.224
217.201
217.187
217.186
217.197
217.234
217.303
217.403
217.533
217.673
217.815
217.914
217.955
217.934
248.61
219.904
221.961
223.335
223.675
223.743
223.651
223.58
223.479
223.387
223.283
223.185
223.08
222.97
222.849
222.714
222.567
222.408
222.241
222.069
221.894
221.719
221.544
221.367
221.187
221.003
220.815
220.62
220.417
220.207
219.989
219.761
219.522
219.273
219.011
218.738
218.453
218.156
217.846
217.525
217.192
216.85
216.502
216.149
215.795
215.442
215.094
214.755
214.428
214.116
213.822
213.552
213.31
213.101
212.924
212.782
212.676
212.61
212.583
212.589
212.624
212.704
212.82
212.953
213.128
213.351
213.603
213.803
213.946
214.081
214.221
214.415
214.622
214.799
214.946
215.072
215.173
215.285
215.401
215.523
215.666
215.826
215.954
216.06
216.169
216.299
216.461
216.629
216.759
216.86
216.929
216.988
217.05
217.109
217.164
217.222
217.281
217.34
217.402
217.463
217.521
217.574
217.616
217.645
217.655
217.653
217.644
217.628
217.611
217.599
217.6
217.614
217.655
217.727
217.828
217.956
218.095
218.241
218.351
218.402
218.386
248.654
219.886
221.944
223.32
223.662
223.734
223.644
223.574
223.475
223.384
223.28
223.183
223.079
222.969
222.848
222.713
222.565
222.406
222.238
222.066
221.891
221.715
221.539
221.361
221.181
220.996
220.807
220.611
220.407
220.196
219.976
219.747
219.507
219.255
218.991
218.715
218.427
218.126
217.812
217.486
217.147
216.799
216.443
216.081
215.716
215.352
214.991
214.639
214.298
213.971
213.663
213.378
213.122
212.898
212.709
212.557
212.442
212.371
212.339
212.344
212.383
212.472
212.596
212.73
212.887
213.087
213.358
213.634
213.859
214.001
214.075
214.226
214.424
214.63
214.827
215.022
215.172
215.293
215.413
215.55
215.709
215.877
216.004
216.105
216.223
216.365
216.537
216.726
216.872
216.985
217.07
217.148
217.232
217.31
217.382
217.457
217.535
217.618
217.704
217.789
217.868
217.94
217.997
218.041
218.067
218.079
218.082
218.077
218.064
218.054
218.056
218.073
218.117
218.19
218.287
218.409
218.54
218.68
218.791
218.841
218.811
248.698
219.867
221.927
223.305
223.649
223.725
223.637
223.569
223.471
223.381
223.278
223.182
223.078
222.968
222.848
222.713
222.564
222.404
222.236
222.063
221.887
221.711
221.534
221.356
221.175
220.99
220.799
220.602
220.398
220.185
219.964
219.733
219.491
219.237
218.971
218.692
218.4
218.096
217.778
217.447
217.103
216.748
216.384
216.013
215.637
215.261
214.888
214.521
214.165
213.823
213.499
213.199
212.927
212.688
212.486
212.322
212.198
212.12
212.085
212.089
212.133
212.226
212.361
212.502
212.642
212.799
213.037
213.339
213.644
213.82
213.873
213.985
214.164
214.397
214.645
214.921
215.136
215.286
215.413
215.558
215.736
215.92
216.048
216.154
216.316
216.49
216.653
216.864
217.048
217.199
217.329
217.454
217.579
217.674
217.758
217.85
217.95
218.058
218.167
218.273
218.37
218.454
218.519
218.567
218.597
218.618
218.629
218.628
218.616
218.603
218.601
218.616
218.659
218.733
218.838
218.973
219.124
219.295
219.447
219.539
219.586
248.744
219.848
221.91
223.289
223.635
223.716
223.63
223.564
223.467
223.378
223.276
223.18
223.077
222.968
222.847
222.712
222.563
222.403
222.234
222.06
221.884
221.707
221.529
221.35
221.168
220.983
220.791
220.593
220.388
220.174
219.951
219.719
219.475
219.219
218.951
218.669
218.375
218.067
217.745
217.409
217.059
216.697
216.325
215.945
215.559
215.17
214.783
214.402
214.03
213.672
213.331
213.013
212.724
212.469
212.252
212.075
211.941
211.854
211.815
211.815
211.864
211.964
212.112
212.267
212.406
212.531
212.707
212.966
213.291
213.532
213.634
213.736
213.903
214.151
214.43
214.763
215.032
215.204
215.378
215.565
215.757
215.954
216.114
216.234
216.375
216.489
216.51
216.459
216.143
215.609
214.997
214.35
213.637
212.946
212.213
211.498
210.809
210.15
209.533
208.952
208.432
207.963
207.543
207.16
206.802
206.458
206.135
205.839
205.583
205.387
205.273
205.237
205.263
205.342
205.463
205.618
205.777
205.976
206.174
206.349
206.537
248.791
219.83
221.893
223.273
223.621
223.706
223.622
223.558
223.462
223.375
223.274
223.179
223.076
222.967
222.846
222.711
222.562
222.401
222.232
222.057
221.88
221.702
221.524
221.345
221.162
220.976
220.784
220.585
220.378
220.163
219.939
219.705
219.46
219.202
218.931
218.647
218.349
218.037
217.711
217.37
217.015
216.647
216.267
215.878
215.481
215.08
214.679
214.282
213.893
213.517
213.157
212.821
212.514
212.24
212.006
211.815
211.667
211.571
211.527
211.525
211.576
211.685
211.846
212.02
212.179
212.301
212.425
212.605
212.893
213.194
213.396
213.545
213.7
213.943
214.203
214.542
214.886
215.088
215.213
215.31
215.082
214.274
212.853
211.066
209.045
206.683
203.605
200.265
197.089
194.186
191.544
189.16
187.016
185.114
183.412
181.899
180.543
179.338
178.269
177.333
176.509
175.78
175.145
174.606
174.167
173.854
173.611
173.396
173.206
173.043
172.914
172.824
172.778
172.764
172.771
172.791
172.83
172.882
172.94
172.984
172.941
248.839
219.811
221.875
223.257
223.607
223.697
223.615
223.553
223.458
223.372
223.271
223.177
223.074
222.966
222.845
222.71
222.56
222.399
222.229
222.054
221.877
221.698
221.52
221.339
221.156
220.969
220.776
220.576
220.368
220.152
219.927
219.691
219.444
219.185
218.911
218.624
218.323
218.008
217.678
217.332
216.971
216.596
216.209
215.81
215.402
214.989
214.574
214.161
213.754
213.359
212.979
212.622
212.293
212
211.747
211.538
211.377
211.269
211.219
211.217
211.27
211.387
211.56
211.752
211.949
212.113
212.234
212.351
212.571
212.883
213.19
213.47
213.607
213.825
213.943
213.825
213.074
211.316
208.564
204.502
199.319
194.104
189.381
185.229
181.592
178.818
177.799
177.374
177.083
176.821
176.575
176.34
176.112
175.89
175.674
175.467
175.267
175.076
174.894
174.725
174.569
174.424
174.277
174.116
173.943
173.773
173.609
173.453
173.303
173.165
173.047
172.959
172.909
172.888
172.886
172.894
172.913
172.937
172.96
172.98
172.889
248.888
219.792
221.858
223.241
223.593
223.687
223.608
223.547
223.453
223.369
223.269
223.175
223.073
222.965
222.844
222.709
222.559
222.397
222.227
222.051
221.873
221.694
221.515
221.334
221.15
220.962
220.768
220.568
220.359
220.141
219.915
219.677
219.429
219.167
218.892
218.602
218.298
217.979
217.645
217.294
216.928
216.546
216.151
215.743
215.325
214.898
214.469
214.039
213.614
213.198
212.797
212.417
212.064
211.747
211.472
211.244
211.067
210.945
210.887
210.884
210.938
211.066
211.252
211.458
211.699
211.948
212.114
212.225
212.43
212.722
213.103
213.528
213.453
211.826
208.311
202.353
195.381
188.938
183.606
180.464
179.566
179.155
178.834
178.533
178.244
177.959
177.67
177.393
177.122
176.868
176.624
176.39
176.165
175.948
175.738
175.534
175.338
175.147
174.962
174.782
174.608
174.442
174.286
174.14
173.996
173.848
173.697
173.543
173.392
173.252
173.134
173.048
172.998
172.978
172.978
172.99
173.017
173.049
173.078
173.098
173.01
248.937
219.774
221.84
223.225
223.578
223.677
223.6
223.541
223.449
223.365
223.266
223.174
223.072
222.964
222.843
222.708
222.558
222.396
222.225
222.048
221.87
221.69
221.51
221.329
221.144
220.955
220.761
220.559
220.349
220.131
219.903
219.664
219.414
219.15
218.873
218.58
218.273
217.951
217.612
217.257
216.884
216.496
216.093
215.676
215.247
214.808
214.363
213.916
213.472
213.035
212.61
212.204
211.826
211.482
211.181
210.929
210.732
210.596
210.527
210.521
210.578
210.717
210.92
211.139
211.404
211.765
212.041
212.245
212.502
212.639
211.117
207.038
199.55
191.435
184.82
181.805
181.021
180.6
180.239
179.877
179.527
179.181
178.858
178.544
178.239
177.946
177.665
177.389
177.129
176.877
176.634
176.402
176.179
175.965
175.757
175.556
175.362
175.175
174.994
174.822
174.656
174.498
174.346
174.199
174.053
173.906
173.755
173.601
173.449
173.311
173.198
173.118
173.074
173.058
173.062
173.081
173.116
173.155
173.188
173.208
173.119
248.988
219.756
221.823
223.208
223.564
223.668
223.592
223.535
223.444
223.362
223.264
223.172
223.071
222.963
222.842
222.707
222.556
222.394
222.222
222.046
221.866
221.686
221.505
221.323
221.138
220.949
220.753
220.551
220.34
220.12
219.891
219.651
219.399
219.133
218.854
218.559
218.248
217.922
217.579
217.219
216.841
216.447
216.036
215.609
215.169
214.717
214.258
213.793
213.329
212.869
212.419
211.987
211.579
211.205
210.874
210.593
210.371
210.215
210.133
210.122
210.182
210.331
210.555
210.79
211.076
211.612
211.99
211.96
209.09
202.069
192.995
185.559
183.012
182.306
181.863
181.429
181.022
180.616
180.228
179.86
179.5
179.163
178.84
178.531
178.234
177.945
177.664
177.397
177.136
176.887
176.648
176.42
176.2
175.989
175.785
175.588
175.396
175.209
175.027
174.852
174.684
174.526
174.375
174.23
174.085
173.937
173.785
173.63
173.477
173.337
173.222
173.141
173.096
173.079
173.081
173.098
173.134
173.179
173.221
173.251
173.177
249.039
219.739
221.805
223.192
223.549
223.658
223.585
223.529
223.44
223.359
223.262
223.17
223.07
222.962
222.842
222.706
222.555
222.392
222.22
222.043
221.863
221.682
221.501
221.318
221.132
220.942
220.746
220.542
220.331
220.11
219.879
219.637
219.384
219.117
218.835
218.537
218.224
217.894
217.547
217.182
216.799
216.397
215.978
215.543
215.091
214.627
214.152
213.67
213.185
212.702
212.225
211.763
211.323
210.915
210.549
210.234
209.981
209.798
209.699
209.679
209.742
209.895
210.167
210.466
210.636
210.391
207.391
199.704
190.48
185.184
183.906
183.322
182.815
182.329
181.857
181.41
180.981
180.584
180.204
179.837
179.489
179.152
178.832
178.527
178.232
177.947
177.671
177.4
177.143
176.896
176.659
176.433
176.215
176.005
175.804
175.611
175.425
175.245
175.07
174.902
174.74
174.583
174.433
174.288
174.146
174.003
173.854
173.701
173.549
173.41
173.295
173.214
173.169
173.152
173.154
173.169
173.202
173.239
173.275
173.298
173.22
249.091
219.722
221.787
223.175
223.534
223.647
223.577
223.523
223.435
223.355
223.259
223.168
223.068
222.961
222.841
222.705
222.554
222.39
222.218
222.04
221.86
221.678
221.496
221.313
221.126
220.935
220.738
220.534
220.321
220.099
219.867
219.624
219.369
219.1
218.816
218.516
218.2
217.866
217.515
217.145
216.756
216.348
215.921
215.476
215.014
214.536
214.045
213.545
213.039
212.532
212.027
211.533
211.059
210.612
210.205
209.849
209.555
209.337
209.213
209.184
209.255
209.437
209.703
209.777
207.77
200.577
191.122
186.286
185.095
184.449
183.886
183.327
182.795
182.286
181.821
181.378
180.966
180.566
180.186
179.823
179.472
179.142
178.829
178.528
178.236
177.955
177.682
177.419
177.16
176.912
176.675
176.448
176.229
176.019
175.817
175.623
175.434
175.253
175.079
174.912
174.753
174.602
174.457
174.319
174.183
174.046
173.904
173.758
173.612
173.477
173.364
173.286
173.246
173.233
173.241
173.265
173.309
173.357
173.398
173.423
173.348
249.144
219.706
221.769
223.157
223.518
223.637
223.569
223.516
223.43
223.352
223.257
223.166
223.067
222.96
222.84
222.703
222.552
222.389
222.216
222.037
221.856
221.674
221.492
221.308
221.121
220.929
220.731
220.526
220.312
220.089
219.856
219.611
219.354
219.084
218.797
218.495
218.176
217.839
217.483
217.109
216.714
216.299
215.864
215.41
214.936
214.445
213.939
213.42
212.892
212.359
211.824
211.296
210.783
210.293
209.838
209.431
209.085
208.817
208.663
208.632
208.706
208.827
208.274
203.592
194.386
188.187
186.513
185.734
185.089
184.459
183.848
183.285
182.759
182.263
181.798
181.36
180.941
180.547
180.169
179.806
179.464
179.137
178.823
178.522
178.23
177.951
177.682
177.419
177.166
176.923
176.688
176.463
176.247
176.039
175.84
175.648
175.46
175.277
175.1
174.929
174.765
174.609
174.461
174.32
174.181
174.04
173.896
173.75
173.606
173.473
173.362
173.284
173.243
173.23
173.238
173.263
173.309
173.36
173.407
173.434
173.36
249.197
219.69
221.751
223.14
223.503
223.627
223.561
223.51
223.425
223.348
223.254
223.164
223.066
222.959
222.839
222.702
222.551
222.387
222.213
222.034
221.853
221.67
221.487
221.303
221.115
220.922
220.724
220.518
220.303
220.079
219.844
219.598
219.34
219.067
218.779
218.474
218.152
217.811
217.452
217.073
216.672
216.25
215.808
215.344
214.859
214.355
213.832
213.294
212.743
212.183
211.617
211.051
210.494
209.955
209.444
208.972
208.554
208.225
208.039
207.983
207.927
206.289
199.602
191.475
188.355
187.252
186.479
185.758
185.06
184.413
183.819
183.258
182.735
182.238
181.778
181.339
180.926
180.529
180.152
179.793
179.449
179.123
178.809
178.504
178.209
177.925
177.654
177.396
177.148
176.911
176.68
176.459
176.246
176.044
175.85
175.665
175.485
175.312
175.144
174.982
174.826
174.676
174.532
174.394
174.257
174.118
173.973
173.825
173.679
173.544
173.431
173.352
173.308
173.293
173.299
173.322
173.364
173.411
173.453
173.478
173.406
249.251
219.674
221.733
223.122
223.487
223.616
223.553
223.503
223.42
223.345
223.251
223.163
223.064
222.958
222.838
222.701
222.549
222.385
222.211
222.032
221.85
221.667
221.483
221.297
221.109
220.916
220.717
220.51
220.294
220.069
219.833
219.586
219.326
219.051
218.761
218.454
218.128
217.785
217.421
217.037
216.631
216.202
215.752
215.278
214.782
214.264
213.725
213.167
212.593
212.004
211.403
210.797
210.192
209.594
209.013
208.457
207.953
207.563
207.309
206.947
204.423
197.557
191.569
189.267
188.155
187.283
186.475
185.723
185.036
184.397
183.801
183.245
182.723
182.23
181.766
181.328
180.91
180.516
180.141
179.782
179.44
179.112
178.795
178.491
178.2
177.923
177.658
177.403
177.157
176.919
176.687
176.463
176.249
176.045
175.849
175.659
175.476
175.299
175.13
174.969
174.816
174.67
174.532
174.399
174.267
174.135
173.997
173.855
173.713
173.582
173.474
173.4
173.362
173.351
173.363
173.393
173.444
173.498
173.545
173.57
173.502
249.305
219.66
221.715
223.105
223.471
223.606
223.544
223.497
223.415
223.341
223.249
223.161
223.063
222.957
222.836
222.7
222.548
222.383
222.209
222.029
221.846
221.663
221.478
221.292
221.103
220.91
220.71
220.502
220.286
220.059
219.822
219.573
219.311
219.035
218.743
218.433
218.105
217.758
217.391
217.001
216.59
216.155
215.696
215.214
214.706
214.174
213.618
213.04
212.441
211.822
211.186
210.535
209.876
209.21
208.543
207.891
207.301
206.774
205.999
203.033
197.082
192.53
190.394
189.168
188.168
187.266
186.45
185.703
185.017
184.385
183.8
183.241
182.723
182.226
181.764
181.323
180.907
180.509
180.136
179.782
179.439
179.113
178.802
178.504
178.22
177.948
177.686
177.433
177.188
176.95
176.719
176.496
176.282
176.078
175.882
175.693
175.51
175.333
175.162
174.997
174.839
174.688
174.544
174.406
174.271
174.135
173.995
173.851
173.707
173.574
173.463
173.386
173.345
173.333
173.343
173.372
173.424
173.482
173.532
173.559
173.486
249.36
219.645
221.697
223.086
223.455
223.595
223.536
223.49
223.409
223.337
223.246
223.159
223.061
222.955
222.835
222.699
222.547
222.381
222.207
222.026
221.843
221.659
221.474
221.288
221.098
220.904
220.703
220.494
220.277
220.049
219.811
219.561
219.298
219.02
218.725
218.413
218.082
217.732
217.36
216.966
216.549
216.108
215.641
215.149
214.63
214.085
213.512
212.913
212.289
211.639
210.964
210.266
209.546
208.802
208.042
207.293
206.544
205.51
202.8
198.091
194.068
191.742
190.297
189.148
188.15
187.248
186.423
185.679
184.999
184.364
183.772
183.221
182.706
182.214
181.751
181.312
180.895
180.502
180.133
179.778
179.439
179.111
178.797
178.495
178.204
177.926
177.658
177.403
177.16
176.928
176.704
176.487
176.279
176.078
175.885
175.7
175.522
175.352
175.187
175.03
174.878
174.734
174.596
174.463
174.332
174.2
174.063
173.921
173.778
173.645
173.533
173.454
173.411
173.397
173.405
173.433
173.482
173.538
173.588
173.615
173.545
249.416
219.632
221.678
223.068
223.439
223.584
223.527
223.483
223.404
223.334
223.243
223.157
223.06
222.954
222.834
222.698
222.545
222.38
222.205
222.024
221.84
221.655
221.47
221.283
221.092
220.897
220.696
220.487
220.268
220.04
219.8
219.549
219.284
219.004
218.708
218.394
218.06
217.706
217.33
216.932
216.509
216.061
215.587
215.085
214.555
213.996
213.406
212.787
212.137
211.455
210.741
209.993
209.206
208.382
207.529
206.627
205.459
203.224
199.499
195.831
193.283
191.576
190.262
189.152
188.143
187.242
186.429
185.678
184.982
184.343
183.755
183.203
182.683
182.19
181.731
181.29
180.879
180.489
180.118
179.761
179.414
179.083
178.765
178.462
178.173
177.898
177.635
177.383
177.141
176.909
176.683
176.466
176.255
176.053
175.859
175.674
175.496
175.325
175.161
175.002
174.85
174.706
174.569
174.438
174.31
174.182
174.048
173.91
173.77
173.64
173.531
173.457
173.421
173.413
173.426
173.461
173.518
173.58
173.633
173.662
173.602
249.471
219.619
221.66
223.049
223.422
223.573
223.518
223.476
223.399
223.33
223.24
223.154
223.058
222.953
222.833
222.696
222.544
222.378
222.202
222.021
221.837
221.652
221.466
221.278
221.087
220.891
220.689
220.479
220.26
220.03
219.79
219.537
219.27
218.989
218.691
218.374
218.038
217.68
217.301
216.898
216.47
216.015
215.533
215.022
214.481
213.908
213.302
212.661
211.985
211.271
210.516
209.715
208.861
207.953
206.972
205.781
203.967
200.981
197.69
194.991
193.021
191.518
190.264
189.151
188.171
187.271
186.446
185.697
185.011
184.371
183.778
183.223
182.705
182.211
181.745
181.302
180.884
180.486
180.106
179.741
179.4
179.078
178.77
178.478
178.198
177.929
177.668
177.418
177.177
176.945
176.72
176.503
176.293
176.09
175.896
175.712
175.536
175.366
175.202
175.043
174.89
174.743
174.603
174.47
174.338
174.207
174.071
173.929
173.785
173.65
173.535
173.456
173.414
173.402
173.411
173.443
173.499
173.561
173.612
173.638
173.572
249.527
219.607
221.642
223.031
223.405
223.561
223.509
223.469
223.393
223.326
223.238
223.152
223.057
222.951
222.832
222.695
222.542
222.376
222.2
222.018
221.834
221.648
221.461
221.273
221.082
220.885
220.682
220.471
220.251
220.021
219.779
219.525
219.257
218.974
218.674
218.355
218.016
217.655
217.272
216.864
216.431
215.97
215.48
214.96
214.408
213.821
213.198
212.537
211.835
211.088
210.291
209.435
208.514
207.507
206.334
204.763
202.393
199.522
196.807
194.621
192.918
191.502
190.265
189.175
188.18
187.281
186.469
185.721
185.033
184.397
183.805
183.243
182.723
182.227
181.763
181.322
180.905
180.502
180.121
179.763
179.425
179.101
178.79
178.489
178.199
177.92
177.654
177.4
177.159
176.929
176.708
176.495
176.288
176.087
175.893
175.707
175.529
175.359
175.195
175.038
174.889
174.749
174.615
174.487
174.362
174.236
174.104
173.967
173.828
173.697
173.586
173.509
173.469
173.459
173.469
173.503
173.561
173.626
173.68
173.708
173.64
249.583
219.596
221.625
223.011
223.387
223.55
223.5
223.461
223.387
223.322
223.235
223.15
223.055
222.95
222.83
222.694
222.541
222.374
222.198
222.016
221.831
221.644
221.457
221.268
221.076
220.879
220.676
220.464
220.243
220.012
219.769
219.513
219.244
218.959
218.657
218.336
217.994
217.63
217.243
216.831
216.392
215.925
215.427
214.898
214.335
213.735
213.095
212.413
211.685
210.905
210.064
209.154
208.157
207.026
205.63
203.755
201.263
198.664
196.352
194.454
192.867
191.497
190.28
189.181
188.198
187.302
186.476
185.723
185.03
184.383
183.781
183.216
182.692
182.198
181.737
181.296
180.88
180.485
180.115
179.76
179.414
179.077
178.753
178.446
178.156
177.88
177.618
177.369
177.129
176.898
176.674
176.459
176.251
176.05
175.858
175.678
175.505
175.339
175.178
175.023
174.873
174.731
174.594
174.464
174.337
174.209
174.076
173.938
173.798
173.667
173.557
173.482
173.445
173.437
173.451
173.49
173.551
173.62
173.679
173.709
173.648
249.639
219.585
221.607
222.991
223.369
223.538
223.491
223.454
223.382
223.318
223.232
223.148
223.053
222.949
222.829
222.692
222.539
222.372
222.196
222.013
221.828
221.641
221.453
221.264
221.071
220.873
220.669
220.457
220.235
220.003
219.759
219.502
219.231
218.944
218.64
218.317
217.973
217.606
217.215
216.798
216.354
215.88
215.375
214.837
214.263
213.649
212.993
212.29
211.536
210.722
209.838
208.872
207.79
206.516
204.911
202.837
200.463
198.141
196.095
194.351
192.848
191.509
190.32
189.249
188.258
187.352
186.523
185.755
185.043
184.389
183.785
183.222
182.701
182.208
181.743
181.294
180.869
180.468
180.09
179.73
179.383
179.052
178.743
178.452
178.174
177.906
177.648
177.4
177.16
176.929
176.704
176.489
176.281
176.083
175.894
175.715
175.543
175.376
175.213
175.058
174.909
174.768
174.633
174.504
174.377
174.249
174.116
173.978
173.836
173.701
173.586
173.505
173.463
173.451
173.462
173.498
173.557
173.624
173.679
173.709
173.649
)
;

boundaryField
{
    inlet
    {
        type            fixedValue;
        value           uniform 223;
    }
    obstacle
    {
        type            zeroGradient;
    }
    bottom
    {
        type            symmetry;
    }
    outlet
    {
        type            inletOutlet;
        inletValue      nonuniform List<scalar> 0();
        value           nonuniform List<scalar> 0();
    }
    top
    {
        type            symmetry;
    }
    defaultFaces
    {
        type            empty;
    }
    procBoundary5to2
    {
        type            processor;
        value           nonuniform List<scalar> 
42
(
229.378
228.103
227.371
227.305
227.243
227.188
227.131
227.07
227.023
226.997
226.975
226.936
226.892
226.857
226.826
226.789
226.749
226.711
226.674
226.635
226.595
226.552
226.507
226.459
226.41
226.358
226.305
226.251
226.196
226.139
226.078
226.013
225.942
225.864
225.781
225.698
225.613
225.528
225.445
225.361
225.278
225.194
)
;
    }
    procBoundary5to3
    {
        type            processor;
        value           nonuniform List<scalar> 
83
(
225.225
225.225
225.112
224.998
224.393
224.393
224.218
224.042
223.867
223.691
223.514
223.335
223.155
222.975
222.797
222.619
222.441
222.263
222.083
221.907
221.732
221.567
221.411
221.267
221.145
221.023
220.918
220.82
220.73
220.647
220.571
220.5
220.435
220.377
220.326
220.283
220.249
220.223
220.207
220.201
220.206
220.222
220.249
220.286
220.333
220.392
220.46
220.537
220.624
220.72
220.823
220.931
221.044
221.159
221.278
221.398
221.519
221.639
221.759
221.877
221.993
222.107
222.22
222.332
222.443
222.555
222.668
222.782
222.898
223.017
223.139
223.27
223.404
223.548
223.698
223.872
224.046
224.257
224.364
224.229
223.022
221.656
248.508
)
;
    }
    procBoundary5to4
    {
        type            processor;
        value           nonuniform List<scalar> 
121
(
249.695
219.576
221.589
222.971
223.351
223.526
223.481
223.446
223.376
223.314
223.229
223.145
223.051
222.947
222.828
222.691
222.538
222.371
222.194
222.011
221.825
221.637
221.449
221.259
221.066
220.868
220.663
220.45
220.227
219.994
219.749
219.49
219.218
218.93
218.624
218.298
217.952
217.582
217.187
216.766
216.317
215.837
215.324
214.777
214.192
213.565
212.892
212.168
211.387
210.54
209.613
208.586
207.413
206.008
204.269
202.144
199.925
197.823
195.956
194.328
192.876
191.586
190.411
189.333
188.35
187.439
186.597
185.825
185.113
184.454
183.845
183.279
182.754
182.254
181.784
181.335
180.909
180.502
180.122
179.759
179.414
179.086
178.775
178.477
178.187
177.908
177.641
177.387
177.144
176.913
176.692
176.481
176.278
176.081
175.889
175.703
175.523
175.35
175.184
175.026
174.878
174.738
174.606
174.48
174.357
174.234
174.107
173.974
173.836
173.706
173.595
173.52
173.482
173.475
173.489
173.53
173.595
173.667
173.725
173.754
173.694
)
;
    }
}


// ************************************************************************* //
