/*--------------------------------*- C++ -*----------------------------------*\
| =========                 |                                                 |
| \\      /  F ield         | OpenFOAM: The Open Source CFD Toolbox           |
|  \\    /   O peration     | Version:  2412                                  |
|   \\  /    A nd           | Website:  www.openfoam.com                      |
|    \\/     M anipulation  |                                                 |
\*---------------------------------------------------------------------------*/
FoamFile
{
    version     2.0;
    format      ascii;
    arch        "LSB;label=32;scalar=64";
    class       volScalarField;
    location    "0.084";
    object      p;
}
// * * * * * * * * * * * * * * * * * * * * * * * * * * * * * * * * * * * * * //

dimensions      [1 -1 -2 0 0 0 0];

internalField   nonuniform List<scalar> 
9831
(
1250.56
2432.8
1247.02
2432
2617.06
2603.42
2598.18
2599.96
2608.48
2622.9
2641.01
2660.33
2678.96
2696.16
2711.87
2725.99
2738.35
2749.02
2758.31
2766.62
2774.22
2781.23
2787.72
2793.78
2799.53
2805.03
2810.33
2815.42
2820.31
2825.02
2829.62
2834.14
2838.6
2843.03
2847.44
2851.86
2856.29
2860.69
2865.05
2869.36
2873.6
2877.75
2881.79
2885.7
2889.49
2893.14
2896.65
2900.01
2903.2
2906.22
2909.05
2911.68
1243.61
2431.27
2616.33
2602.41
2597.21
2599.24
2608.13
2622.82
2641.09
2660.48
2679.11
2696.28
2711.96
2726.06
2738.4
2749.05
2758.34
2766.66
2774.26
2781.28
2787.77
2793.83
2799.58
2805.09
2810.39
2815.48
2820.37
2825.08
2829.68
2834.2
2838.66
2843.09
2847.51
2851.94
2856.36
2860.77
2865.13
2869.44
2873.67
2877.82
2881.85
2885.76
2889.53
2893.18
2896.68
2900.03
2903.22
2906.24
2909.06
2911.68
2914.09
2916.26
1240.52
2430.62
2615.58
2601.39
2596.24
2598.54
2607.79
2622.74
2641.17
2660.61
2679.24
2696.39
2712.06
2726.13
2738.45
2749.09
2758.38
2766.7
2774.31
2781.32
2787.82
2793.88
2799.63
2805.15
2810.45
2815.54
2820.43
2825.14
2829.74
2834.26
2838.72
2843.16
2847.58
2852.01
2856.44
2860.84
2865.21
2869.51
2873.74
2877.88
2881.91
2885.81
2889.58
2893.22
2896.72
2900.06
2903.25
2906.25
2909.07
2911.69
2914.09
2916.26
2918.19
2919.87
1237.5
2430.06
2614.82
2600.36
2595.29
2597.86
2607.47
2622.66
2641.24
2660.73
2679.35
2696.5
2712.14
2726.2
2738.5
2749.12
2758.41
2766.74
2774.35
2781.37
2787.86
2793.93
2799.68
2805.2
2810.51
2815.6
2820.48
2825.2
2829.8
2834.32
2838.79
2843.22
2847.65
2852.09
2856.52
2860.92
2865.28
2869.58
2873.81
2877.94
2881.97
2885.86
2889.63
2893.26
2896.75
2900.09
2903.27
2906.27
2909.09
2911.7
2914.1
2916.27
2918.21
2919.89
2921.32
2922.49
2923.38
2924
2924.31
2924.33
2924.04
2923.46
2922.6
2921.46
2920.04
2918.37
2916.43
2914.26
2911.86
2909.25
2906.44
2903.45
2900.3
2897.01
2893.59
2890.07
2886.44
2882.75
2878.99
2875.19
2871.35
2867.51
2863.65
2859.81
2855.97
2852.18
2848.41
2844.7
2841.03
2837.43
2833.89
2830.42
2827.03
2823.71
2820.47
2817.32
2814.24
2811.26
2808.36
2805.55
2802.83
2800.19
2797.65
2795.18
2792.8
2790.51
2788.3
2786.16
2784.11
2782.14
2780.24
2778.42
2776.66
2774.98
2773.37
2771.81
2770.32
2769.07
2767.65
1234.52
2429.56
2614.04
2599.31
2594.34
2597.19
2607.16
2622.59
2641.3
2660.84
2679.46
2696.59
2712.23
2726.26
2738.54
2749.16
2758.45
2766.77
2774.39
2781.41
2787.9
2793.97
2799.73
2805.26
2810.56
2815.65
2820.54
2825.26
2829.86
2834.38
2838.85
2843.28
2847.72
2852.16
2856.59
2861
2865.36
2869.66
2873.88
2878.01
2882.02
2885.91
2889.68
2893.3
2896.79
2900.12
2903.29
2906.29
2909.1
2911.72
2914.12
2916.29
2918.23
2919.93
2921.37
2922.56
2923.46
2924.1
2924.44
2924.49
2924.22
2923.68
2922.87
2921.78
2920.42
2918.8
2916.93
2914.83
2912.5
2909.97
2907.25
2904.35
2901.3
2898.11
2894.79
2891.38
2887.86
2884.29
2880.65
2876.97
2873.25
2869.53
2865.8
2862.08
2858.38
2854.71
2851.07
2847.49
2843.95
2840.47
2837.05
2833.71
2830.43
2827.23
2824.11
2821.07
2818.11
2815.24
2812.45
2809.75
2807.13
2804.59
2802.14
2799.77
2797.48
2795.28
2793.15
2791.11
2789.14
2787.24
2785.42
2783.67
2781.99
2780.37
2778.83
2777.34
2775.91
2774.74
2773.36
2772.56
2769.97
1232.03
2429.11
2613.24
2598.26
2593.42
2596.55
2606.85
2622.52
2641.36
2660.94
2679.56
2696.69
2712.31
2726.33
2738.59
2749.19
2758.48
2766.81
2774.43
2781.44
2787.94
2794.02
2799.78
2805.31
2810.62
2815.71
2820.6
2825.32
2829.92
2834.44
2838.91
2843.35
2847.79
2852.23
2856.67
2861.08
2865.43
2869.73
2873.95
2878.07
2882.08
2885.96
2889.72
2893.34
2896.82
2900.15
2903.32
2906.32
2909.13
2911.74
2914.14
2916.32
2918.27
2919.98
2921.44
2922.64
2923.57
2924.22
2924.6
2924.68
2924.45
2923.96
2923.19
2922.15
2920.85
2919.3
2917.5
2915.47
2913.23
2910.78
2908.15
2905.36
2902.41
2899.32
2896.12
2892.81
2889.42
2885.96
2882.45
2878.9
2875.31
2871.72
2868.12
2864.53
2860.96
2857.42
2853.91
2850.46
2847.04
2843.69
2840.4
2837.18
2834.03
2830.95
2827.95
2825.02
2822.18
2819.41
2816.73
2814.13
2811.62
2809.18
2806.83
2804.55
2802.36
2800.24
2798.2
2796.24
2794.35
2792.53
2790.78
2789.1
2787.49
2785.94
2784.47
2783.06
2781.68
2780.6
2779.25
2778.52
2775.99
1229.54
2428.7
2612.42
2597.2
2592.5
2595.91
2606.56
2622.45
2641.42
2661.04
2679.67
2696.78
2712.39
2726.39
2738.63
2749.23
2758.51
2766.84
2774.46
2781.48
2787.98
2794.06
2799.83
2805.36
2810.67
2815.77
2820.65
2825.37
2829.97
2834.49
2838.97
2843.41
2847.86
2852.31
2856.75
2861.15
2865.51
2869.8
2874.01
2878.13
2882.13
2886.01
2889.77
2893.38
2896.86
2900.19
2903.35
2906.34
2909.15
2911.77
2914.17
2916.36
2918.32
2920.04
2921.52
2922.74
2923.69
2924.37
2924.78
2924.89
2924.71
2924.27
2923.55
2922.57
2921.33
2919.85
2918.13
2916.18
2914.02
2911.67
2909.14
2906.44
2903.6
2900.63
2897.54
2894.36
2891.09
2887.76
2884.37
2880.95
2877.5
2874.04
2870.57
2867.12
2863.68
2860.28
2856.91
2853.58
2850.31
2847.09
2843.92
2840.83
2837.8
2834.85
2831.96
2829.16
2826.43
2823.78
2821.21
2818.71
2816.3
2813.96
2811.71
2809.53
2807.43
2805.4
2803.45
2801.57
2799.76
2798.02
2796.34
2794.74
2793.2
2791.72
2790.31
2788.99
2787.66
2786.61
2785.32
2784.66
2782.21
1227.12
2428.37
2611.59
2596.12
2591.6
2595.29
2606.27
2622.39
2641.48
2661.15
2679.77
2696.88
2712.47
2726.45
2738.68
2749.26
2758.54
2766.87
2774.49
2781.51
2788.01
2794.1
2799.88
2805.41
2810.73
2815.82
2820.71
2825.43
2830.03
2834.55
2839.03
2843.48
2847.92
2852.38
2856.82
2861.23
2865.58
2869.87
2874.08
2878.19
2882.19
2886.06
2889.81
2893.43
2896.9
2900.22
2903.38
2906.37
2909.18
2911.8
2914.21
2916.41
2918.38
2920.12
2921.61
2922.86
2923.84
2924.55
2924.99
2925.15
2925.01
2924.62
2923.96
2923.04
2921.88
2920.46
2918.82
2916.96
2914.9
2912.65
2910.22
2907.63
2904.9
2902.05
2899.09
2896.03
2892.89
2889.69
2886.44
2883.15
2879.84
2876.52
2873.19
2869.88
2866.58
2863.31
2860.08
2856.89
2853.74
2850.66
2847.63
2844.66
2841.76
2838.92
2836.16
2833.47
2830.86
2828.32
2825.86
2823.47
2821.16
2818.93
2816.77
2814.68
2812.67
2810.73
2808.86
2807.06
2805.33
2803.67
2802.07
2800.53
2799.06
2797.64
2796.29
2795.06
2793.77
2792.74
2791.52
2790.93
2788.52
1225.31
2428.16
2610.73
2595.04
2590.71
2594.69
2605.99
2622.33
2641.54
2661.26
2679.88
2696.97
2712.54
2726.5
2738.72
2749.3
2758.57
2766.9
2774.52
2781.54
2788.04
2794.14
2799.92
2805.46
2810.78
2815.88
2820.76
2825.48
2830.08
2834.61
2839.08
2843.54
2847.99
2852.45
2856.9
2861.3
2865.65
2869.93
2874.14
2878.24
2882.24
2886.11
2889.86
2893.47
2896.94
2900.26
2903.42
2906.41
2909.22
2911.84
2914.26
2916.47
2918.45
2920.21
2921.73
2922.99
2924
2924.74
2925.23
2925.43
2925.35
2925
2924.4
2923.56
2922.46
2921.13
2919.57
2917.81
2915.84
2913.69
2911.37
2908.9
2906.29
2903.56
2900.72
2897.8
2894.79
2891.73
2888.61
2885.47
2882.3
2879.12
2875.94
2872.77
2869.61
2866.49
2863.39
2860.34
2857.33
2854.38
2851.49
2848.65
2845.88
2843.17
2840.53
2837.96
2835.47
2833.04
2830.69
2828.41
2826.21
2824.07
2822.01
2820.02
2818.1
2816.25
2814.46
2812.75
2811.09
2809.51
2807.98
2806.51
2805.1
2803.76
2802.46
2801.3
2800.06
2799.07
2797.92
2797.39
2795.05
1223.22
2428.04
2609.85
2593.94
2589.83
2594.09
2605.72
2622.27
2641.6
2661.37
2679.99
2697.06
2712.62
2726.56
2738.76
2749.33
2758.6
2766.93
2774.54
2781.56
2788.07
2794.17
2799.97
2805.51
2810.83
2815.93
2820.82
2825.54
2830.14
2834.66
2839.14
2843.6
2848.06
2852.52
2856.97
2861.38
2865.72
2870
2874.2
2878.3
2882.29
2886.16
2889.9
2893.51
2896.98
2900.29
2903.45
2906.44
2909.26
2911.88
2914.31
2916.53
2918.54
2920.31
2921.85
2923.15
2924.19
2924.96
2925.48
2925.74
2925.72
2925.43
2924.9
2924.12
2923.11
2921.86
2920.39
2918.72
2916.86
2914.82
2912.62
2910.27
2907.78
2905.18
2902.48
2899.69
2896.82
2893.9
2890.93
2887.93
2884.9
2881.87
2878.84
2875.81
2872.8
2869.82
2866.87
2863.96
2861.1
2858.28
2855.52
2852.81
2850.17
2847.59
2845.07
2842.63
2840.25
2837.93
2835.69
2833.52
2831.42
2829.38
2827.42
2825.52
2823.69
2821.93
2820.23
2818.59
2817.01
2815.5
2814.05
2812.65
2811.31
2810.02
2808.78
2807.69
2806.5
2805.55
2804.47
2804.01
2801.72
1221.26
2427.98
2608.96
2592.84
2588.96
2593.51
2605.46
2622.22
2641.67
2661.48
2680.1
2697.15
2712.69
2726.61
2738.8
2749.36
2758.62
2766.95
2774.56
2781.59
2788.1
2794.21
2800.01
2805.56
2810.88
2815.98
2820.87
2825.59
2830.19
2834.72
2839.2
2843.66
2848.13
2852.6
2857.05
2861.45
2865.79
2870.07
2874.26
2878.35
2882.34
2886.21
2889.94
2893.55
2897.02
2900.33
2903.49
2906.48
2909.3
2911.93
2914.37
2916.61
2918.63
2920.43
2921.99
2923.32
2924.39
2925.21
2925.77
2926.09
2926.13
2925.88
2925.42
2924.73
2923.79
2922.64
2921.27
2919.7
2917.95
2916.02
2913.94
2911.71
2909.36
2906.89
2904.32
2901.68
2898.95
2896.18
2893.36
2890.5
2887.63
2884.75
2881.86
2878.99
2876.13
2873.29
2870.49
2867.72
2865
2862.32
2859.7
2857.13
2854.62
2852.16
2849.77
2847.45
2845.19
2842.99
2840.86
2838.8
2836.8
2834.86
2833
2831.19
2829.45
2827.77
2826.16
2824.6
2823.11
2821.67
2820.28
2818.95
2817.68
2816.45
2815.27
2814.25
2813.11
2812.21
2811.19
2810.79
2808.56
1219.96
2427.97
2608.03
2591.72
2588.1
2592.95
2605.21
2622.17
2641.74
2661.59
2680.2
2697.24
2712.76
2726.67
2738.84
2749.38
2758.64
2766.97
2774.58
2781.61
2788.13
2794.25
2800.05
2805.61
2810.94
2816.03
2820.92
2825.64
2830.25
2834.77
2839.26
2843.73
2848.2
2852.67
2857.12
2861.53
2865.86
2870.13
2874.31
2878.41
2882.39
2886.25
2889.99
2893.59
2897.06
2900.37
2903.53
2906.52
2909.35
2911.99
2914.44
2916.69
2918.73
2920.55
2922.15
2923.5
2924.61
2925.47
2926.08
2926.46
2926.56
2926.38
2926
2925.38
2924.54
2923.48
2922.21
2920.75
2919.11
2917.3
2915.35
2913.25
2911.03
2908.71
2906.28
2903.78
2901.21
2898.58
2895.91
2893.21
2890.49
2887.77
2885.03
2882.31
2879.6
2876.92
2874.26
2871.65
2869.06
2866.53
2864.04
2861.61
2859.23
2856.9
2854.64
2852.43
2850.29
2848.21
2846.19
2844.23
2842.33
2840.5
2838.73
2837.02
2835.37
2833.78
2832.24
2830.77
2829.35
2827.98
2826.66
2825.4
2824.19
2823.03
2821.91
2820.95
2819.86
2819
2818.04
2817.7
2815.52
1218.51
2428.04
2607.09
2590.59
2587.25
2592.4
2604.97
2622.13
2641.81
2661.69
2680.3
2697.32
2712.83
2726.72
2738.88
2749.41
2758.66
2766.98
2774.6
2781.63
2788.16
2794.28
2800.1
2805.66
2810.99
2816.08
2820.97
2825.69
2830.3
2834.83
2839.32
2843.79
2848.27
2852.74
2857.2
2861.6
2865.93
2870.19
2874.37
2878.46
2882.44
2886.3
2890.03
2893.64
2897.1
2900.41
2903.57
2906.57
2909.4
2912.05
2914.51
2916.78
2918.85
2920.69
2922.31
2923.7
2924.86
2925.76
2926.42
2926.86
2927.02
2926.91
2926.61
2926.07
2925.32
2924.36
2923.2
2921.85
2920.33
2918.65
2916.82
2914.86
2912.78
2910.6
2908.32
2905.97
2903.55
2901.08
2898.57
2896.03
2893.46
2890.89
2888.32
2885.75
2883.2
2880.67
2878.17
2875.7
2873.26
2870.87
2868.52
2866.23
2863.98
2861.79
2859.65
2857.57
2855.54
2853.58
2851.67
2849.82
2848.03
2846.3
2844.62
2843.01
2841.45
2839.94
2838.49
2837.09
2835.75
2834.45
2833.21
2832.01
2830.87
2829.76
2828.7
2827.81
2826.76
2825.95
2825.06
2824.77
2822.66
1217.36
2428.22
2606.13
2589.46
2586.42
2591.87
2604.74
2622.09
2641.88
2661.8
2680.4
2697.41
2712.9
2726.77
2738.91
2749.43
2758.68
2767
2774.62
2781.66
2788.19
2794.32
2800.14
2805.7
2811.03
2816.13
2821.02
2825.75
2830.35
2834.88
2839.37
2843.85
2848.34
2852.82
2857.27
2861.67
2866
2870.25
2874.42
2878.51
2882.48
2886.34
2890.08
2893.68
2897.14
2900.45
2903.61
2906.62
2909.45
2912.11
2914.59
2916.88
2918.97
2920.84
2922.5
2923.92
2925.12
2926.07
2926.78
2927.28
2927.52
2927.49
2927.26
2926.82
2926.16
2925.31
2924.25
2923.03
2921.63
2920.08
2918.39
2916.57
2914.63
2912.6
2910.48
2908.28
2906.02
2903.71
2901.36
2898.98
2896.57
2894.16
2891.75
2889.34
2886.95
2884.57
2882.22
2879.9
2877.61
2875.37
2873.16
2871
2868.89
2866.82
2864.81
2862.85
2860.95
2859.1
2857.3
2855.56
2853.87
2852.24
2850.66
2849.14
2847.67
2846.25
2844.88
2843.56
2842.29
2841.07
2839.9
2838.77
2837.69
2836.64
2835.64
2834.81
2833.82
2833.05
2832.21
2831.99
2829.92
1216.16
2428.49
2605.14
2588.31
2585.6
2591.35
2604.52
2622.05
2641.95
2661.9
2680.5
2697.49
2712.97
2726.82
2738.94
2749.45
2758.69
2767.01
2774.64
2781.68
2788.22
2794.36
2800.18
2805.75
2811.08
2816.18
2821.07
2825.8
2830.4
2834.93
2839.43
2843.92
2848.41
2852.89
2857.34
2861.74
2866.06
2870.31
2874.48
2878.56
2882.53
2886.39
2890.12
2893.72
2897.18
2900.5
2903.66
2906.67
2909.51
2912.18
2914.68
2916.99
2919.1
2921
2922.69
2924.16
2925.39
2926.39
2927.16
2927.72
2928.04
2928.1
2927.94
2927.59
2927.04
2926.29
2925.35
2924.25
2922.98
2921.56
2920.01
2918.34
2916.55
2914.67
2912.7
2910.67
2908.57
2906.42
2904.23
2902.02
2899.78
2897.53
2895.28
2893.04
2890.8
2888.59
2886.39
2884.22
2882.09
2879.99
2877.93
2875.91
2873.93
2872
2870.12
2868.28
2866.5
2864.76
2863.08
2861.45
2859.87
2858.34
2856.86
2855.43
2854.04
2852.71
2851.43
2850.19
2848.99
2847.85
2846.74
2845.68
2844.66
2843.68
2842.73
2841.96
2841.02
2840.31
2839.52
2839.34
2837.33
1215.41
2428.82
2604.13
2587.16
2584.79
2590.85
2604.31
2622.02
2642.02
2662
2680.59
2697.57
2713.03
2726.87
2738.98
2749.47
2758.7
2767.02
2774.65
2781.7
2788.25
2794.39
2800.22
2805.8
2811.13
2816.23
2821.12
2825.85
2830.45
2834.99
2839.49
2843.98
2848.47
2852.96
2857.42
2861.81
2866.12
2870.37
2874.53
2878.61
2882.58
2886.44
2890.17
2893.77
2897.23
2900.54
2903.71
2906.72
2909.57
2912.26
2914.77
2917.1
2919.24
2921.17
2922.9
2924.4
2925.69
2926.74
2927.57
2928.19
2928.59
2928.74
2928.67
2928.42
2927.97
2927.33
2926.52
2925.54
2924.4
2923.13
2921.72
2920.2
2918.57
2916.84
2915.04
2913.17
2911.23
2909.25
2907.23
2905.19
2903.12
2901.04
2898.95
2896.88
2894.8
2892.75
2890.71
2888.69
2886.71
2884.76
2882.84
2880.96
2879.12
2877.32
2875.57
2873.86
2872.19
2870.57
2869
2867.48
2866
2864.57
2863.19
2861.85
2860.56
2859.31
2858.11
2856.95
2855.83
2854.76
2853.73
2852.73
2851.78
2850.86
2849.97
2849.27
2848.37
2847.72
2846.97
2846.81
2844.9
1214.86
2429.32
2603.09
2586
2584
2590.36
2604.11
2621.99
2642.09
2662.1
2680.68
2697.65
2713.1
2726.92
2739
2749.48
2758.71
2767.03
2774.67
2781.72
2788.28
2794.43
2800.26
2805.84
2811.18
2816.28
2821.17
2825.89
2830.5
2835.04
2839.55
2844.04
2848.54
2853.03
2857.49
2861.87
2866.18
2870.42
2874.58
2878.65
2882.63
2886.48
2890.21
2893.81
2897.27
2900.59
2903.75
2906.77
2909.63
2912.34
2914.87
2917.22
2919.39
2921.35
2923.11
2924.67
2926
2927.11
2928
2928.69
2929.16
2929.41
2929.44
2929.27
2928.93
2928.42
2927.72
2926.87
2925.88
2924.74
2923.49
2922.12
2920.64
2919.08
2917.44
2915.74
2913.97
2912.17
2910.32
2908.44
2906.54
2904.64
2902.72
2900.81
2898.9
2897.01
2895.13
2893.27
2891.44
2889.64
2887.87
2886.13
2884.43
2882.77
2881.14
2879.56
2878.02
2876.52
2875.06
2873.65
2872.28
2870.95
2869.67
2868.42
2867.22
2866.06
2864.94
2863.87
2862.82
2861.82
2860.86
2859.93
2859.05
2858.19
2857.36
2856.71
2855.86
2855.26
2854.55
2854.41
2852.6
1213.89
2429.85
2602.03
2584.84
2583.22
2589.89
2603.91
2621.97
2642.15
2662.2
2680.78
2697.73
2713.16
2726.96
2739.03
2749.5
2758.72
2767.04
2774.68
2781.74
2788.31
2794.46
2800.3
2805.89
2811.22
2816.33
2821.22
2825.94
2830.55
2835.09
2839.6
2844.11
2848.61
2853.1
2857.56
2861.94
2866.24
2870.48
2874.63
2878.7
2882.67
2886.53
2890.26
2893.86
2897.31
2900.63
2903.8
2906.83
2909.7
2912.42
2914.97
2917.35
2919.54
2921.54
2923.35
2924.94
2926.33
2927.49
2928.45
2929.22
2929.77
2930.11
2930.24
2930.18
2929.95
2929.55
2928.99
2928.28
2927.42
2926.44
2925.33
2924.12
2922.81
2921.42
2919.95
2918.42
2916.83
2915.19
2913.52
2911.82
2910.1
2908.36
2906.62
2904.88
2903.14
2901.41
2899.69
2897.99
2896.31
2894.66
2893.04
2891.44
2889.88
2888.35
2886.86
2885.4
2883.98
2882.6
2881.26
2879.95
2878.69
2877.46
2876.28
2875.13
2874.02
2872.94
2871.91
2870.91
2869.94
2869.02
2868.12
2867.26
2866.44
2865.66
2864.88
2864.29
2863.49
2862.94
2862.28
2862.17
2860.46
1213.99
2430.48
2600.95
2583.66
2582.45
2589.43
2603.72
2621.94
2642.22
2662.29
2680.86
2697.8
2713.22
2727
2739.05
2749.51
2758.72
2767.05
2774.7
2781.76
2788.34
2794.5
2800.35
2805.93
2811.27
2816.37
2821.27
2825.99
2830.6
2835.15
2839.66
2844.17
2848.68
2853.17
2857.62
2862
2866.3
2870.53
2874.68
2878.75
2882.72
2886.58
2890.3
2893.9
2897.36
2900.68
2903.85
2906.88
2909.77
2912.5
2915.08
2917.48
2919.71
2921.74
2923.59
2925.23
2926.67
2927.9
2928.92
2929.76
2930.39
2930.82
2931.07
2931.12
2930.99
2930.72
2930.29
2929.72
2929.01
2928.18
2927.23
2926.18
2925.04
2923.81
2922.52
2921.16
2919.75
2918.29
2916.8
2915.27
2913.73
2912.17
2910.6
2909.03
2907.46
2905.9
2904.34
2902.81
2901.29
2899.79
2898.32
2896.87
2895.45
2894.06
2892.7
2891.37
2890.07
2888.81
2887.58
2886.39
2885.23
2884.11
2883.02
2881.97
2880.95
2879.97
2879.01
2878.1
2877.21
2876.36
2875.53
2874.74
2873.99
2873.28
2872.56
2872.02
2871.27
2870.77
2870.15
2870.06
2868.46
1213.88
2431.24
2599.84
2582.49
2581.69
2588.99
2603.54
2621.92
2642.29
2662.38
2680.95
2697.88
2713.28
2727.04
2739.07
2749.52
2758.73
2767.06
2774.71
2781.79
2788.36
2794.53
2800.39
2805.97
2811.31
2816.42
2821.31
2826.04
2830.65
2835.2
2839.72
2844.23
2848.75
2853.24
2857.69
2862.06
2866.36
2870.58
2874.73
2878.8
2882.77
2886.62
2890.35
2893.94
2897.4
2900.72
2903.9
2906.94
2909.84
2912.59
2915.19
2917.62
2919.88
2921.95
2923.84
2925.53
2927.02
2928.32
2929.41
2930.33
2931.05
2931.58
2931.93
2932.1
2932.1
2931.95
2931.66
2931.23
2930.67
2929.99
2929.21
2928.32
2927.35
2926.31
2925.19
2924.01
2922.78
2921.5
2920.19
2918.85
2917.48
2916.1
2914.71
2913.31
2911.92
2910.52
2909.13
2907.76
2906.4
2905.05
2903.73
2902.42
2901.14
2899.89
2898.66
2897.46
2896.29
2895.15
2894.03
2892.95
2891.9
2890.88
2889.89
2888.93
2888.01
2887.11
2886.24
2885.4
2884.6
2883.82
2883.07
2882.35
2881.66
2881.03
2880.37
2879.87
2879.18
2878.74
2878.16
2878.1
2876.62
1213.45
2432.11
2598.7
2581.31
2580.94
2588.56
2603.37
2621.9
2642.35
2662.47
2681.04
2697.95
2713.33
2727.08
2739.09
2749.52
2758.73
2767.07
2774.73
2781.81
2788.39
2794.57
2800.42
2806.01
2811.36
2816.46
2821.36
2826.08
2830.7
2835.25
2839.78
2844.3
2848.82
2853.31
2857.76
2862.12
2866.41
2870.63
2874.78
2878.84
2882.81
2886.67
2890.39
2893.98
2897.44
2900.76
2903.95
2907
2909.92
2912.69
2915.31
2917.77
2920.05
2922.17
2924.1
2925.84
2927.39
2928.75
2929.92
2930.92
2931.73
2932.35
2932.81
2933.1
2933.23
2933.21
2933.05
2932.77
2932.36
2931.84
2931.22
2930.51
2929.71
2928.84
2927.9
2926.91
2925.86
2924.77
2923.64
2922.48
2921.3
2920.1
2918.89
2917.67
2916.45
2915.23
2914.01
2912.8
2911.6
2910.41
2909.24
2908.08
2906.94
2905.83
2904.74
2903.67
2902.62
2901.6
2900.61
2899.64
2898.7
2897.79
2896.9
2896.04
2895.2
2894.4
2893.61
2892.86
2892.13
2891.43
2890.75
2890.09
2889.47
2888.92
2888.31
2887.85
2887.22
2886.83
2886.3
2886.25
2884.87
1214.19
2433.11
2597.54
2580.12
2580.2
2588.15
2603.2
2621.87
2642.42
2662.56
2681.12
2698.02
2713.39
2727.12
2739.11
2749.53
2758.74
2767.08
2774.74
2781.83
2788.42
2794.6
2800.46
2806.06
2811.4
2816.51
2821.4
2826.13
2830.75
2835.3
2839.84
2844.36
2848.88
2853.38
2857.82
2862.18
2866.47
2870.68
2874.83
2878.89
2882.86
2886.71
2890.43
2894.03
2897.48
2900.81
2904
2907.06
2909.99
2912.78
2915.43
2917.92
2920.24
2922.39
2924.37
2926.16
2927.78
2929.2
2930.45
2931.53
2932.44
2933.16
2933.73
2934.14
2934.41
2934.53
2934.5
2934.37
2934.13
2933.77
2933.32
2932.78
2932.16
2931.47
2930.72
2929.91
2929.05
2928.14
2927.2
2926.23
2925.24
2924.23
2923.2
2922.16
2921.11
2920.06
2919.01
2917.96
2916.92
2915.89
2914.87
2913.87
2912.87
2911.9
2910.94
2910
2909.08
2908.18
2907.3
2906.45
2905.61
2904.8
2904.01
2903.25
2902.51
2901.79
2901.09
2900.42
2899.76
2899.14
2898.53
2897.94
2897.38
2896.92
2896.35
2895.94
2895.38
2895.05
2894.56
2894.53
2893.26
1214.44
2434.26
2596.33
2578.94
2579.47
2587.74
2603.03
2621.85
2642.48
2662.65
2681.2
2698.09
2713.44
2727.15
2739.13
2749.54
2758.75
2767.09
2774.76
2781.86
2788.45
2794.64
2800.5
2806.1
2811.44
2816.55
2821.45
2826.18
2830.8
2835.36
2839.89
2844.42
2848.95
2853.44
2857.88
2862.24
2866.52
2870.73
2874.88
2878.94
2882.9
2886.75
2890.48
2894.07
2897.52
2900.85
2904.05
2907.12
2910.07
2912.88
2915.55
2918.07
2920.43
2922.62
2924.64
2926.5
2928.17
2929.67
2930.99
2932.16
2933.16
2933.99
2934.67
2935.2
2935.59
2935.86
2935.99
2936
2935.91
2935.72
2935.45
2935.09
2934.65
2934.14
2933.57
2932.95
2932.28
2931.57
2930.82
2930.04
2929.23
2928.4
2927.56
2926.7
2925.83
2924.96
2924.08
2923.2
2922.33
2921.46
2920.59
2919.74
2918.89
2918.06
2917.24
2916.43
2915.64
2914.87
2914.11
2913.37
2912.65
2911.95
2911.26
2910.6
2909.95
2909.32
2908.71
2908.12
2907.55
2907
2906.47
2905.96
2905.46
2905.08
2904.56
2904.19
2903.7
2903.42
2902.97
2902.97
2901.81
1214.65
2435.53
2595.06
2577.75
2578.74
2587.35
2602.87
2621.83
2642.54
2662.74
2681.28
2698.16
2713.49
2727.18
2739.14
2749.54
2758.75
2767.1
2774.78
2781.88
2788.48
2794.67
2800.54
2806.14
2811.48
2816.59
2821.49
2826.22
2830.84
2835.41
2839.95
2844.49
2849.01
2853.51
2857.94
2862.3
2866.58
2870.78
2874.92
2878.98
2882.95
2886.8
2890.52
2894.1
2897.56
2900.89
2904.1
2907.19
2910.15
2912.98
2915.68
2918.23
2920.62
2922.86
2924.93
2926.84
2928.58
2930.14
2931.55
2932.81
2933.91
2934.84
2935.64
2936.3
2936.83
2937.23
2937.52
2937.7
2937.77
2937.76
2937.65
2937.47
2937.22
2936.9
2936.52
2936.09
2935.61
2935.09
2934.54
2933.95
2933.33
2932.7
2932.04
2931.36
2930.67
2929.98
2929.27
2928.56
2927.85
2927.14
2926.44
2925.73
2925.03
2924.34
2923.66
2922.98
2922.32
2921.67
2921.03
2920.4
2919.79
2919.19
2918.61
2918.04
2917.49
2916.95
2916.42
2915.92
2915.43
2914.95
2914.49
2914.05
2913.62
2913.31
2912.84
2912.52
2912.1
2911.88
2911.48
2911.48
2910.45
1215.99
2436.97
2593.73
2576.58
2578.03
2586.98
2602.71
2621.81
2642.6
2662.82
2681.36
2698.23
2713.54
2727.21
2739.15
2749.55
2758.76
2767.11
2774.8
2781.9
2788.51
2794.7
2800.58
2806.18
2811.52
2816.63
2821.53
2826.27
2830.89
2835.46
2840.01
2844.55
2849.08
2853.57
2858.01
2862.36
2866.63
2870.83
2874.97
2879.03
2882.99
2886.84
2890.55
2894.14
2897.6
2900.93
2904.15
2907.25
2910.23
2913.09
2915.81
2918.39
2920.82
2923.1
2925.23
2927.19
2928.99
2930.63
2932.12
2933.48
2934.67
2935.72
2936.63
2937.42
2938.08
2938.63
2939.07
2939.41
2939.65
2939.81
2939.88
2939.88
2939.81
2939.68
2939.5
2939.26
2938.98
2938.65
2938.29
2937.9
2937.48
2937.03
2936.56
2936.07
2935.57
2935.05
2934.52
2933.99
2933.44
2932.9
2932.35
2931.8
2931.25
2930.71
2930.16
2929.63
2929.1
2928.57
2928.06
2927.55
2927.05
2926.56
2926.08
2925.62
2925.16
2924.72
2924.28
2923.86
2923.45
2923.06
2922.68
2922.3
2921.94
2921.71
2921.3
2921.02
2920.68
2920.51
2920.15
2920.17
2919.26
1216.76
2438.53
2592.36
2575.4
2577.32
2586.61
2602.56
2621.79
2642.66
2662.9
2681.44
2698.29
2713.59
2727.24
2739.17
2749.55
2758.76
2767.12
2774.82
2781.93
2788.54
2794.74
2800.61
2806.21
2811.56
2816.67
2821.57
2826.31
2830.94
2835.51
2840.07
2844.61
2849.14
2853.64
2858.07
2862.41
2866.68
2870.88
2875.02
2879.07
2883.03
2886.87
2890.59
2894.17
2897.63
2900.98
2904.2
2907.31
2910.31
2913.19
2915.94
2918.56
2921.03
2923.35
2925.53
2927.55
2929.42
2931.14
2932.71
2934.16
2935.46
2936.62
2937.66
2938.58
2939.38
2940.08
2940.68
2941.18
2941.59
2941.92
2942.18
2942.37
2942.49
2942.55
2942.56
2942.52
2942.44
2942.31
2942.15
2941.95
2941.73
2941.48
2941.2
2940.9
2940.58
2940.24
2939.89
2939.53
2939.15
2938.77
2938.38
2937.98
2937.59
2937.18
2936.78
2936.38
2935.98
2935.58
2935.18
2934.79
2934.4
2934.02
2933.65
2933.28
2932.92
2932.56
2932.21
2931.88
2931.55
2931.23
2930.92
2930.62
2930.32
2930.15
2929.79
2929.58
2929.29
2929.16
2928.86
2928.9
2928.1
1217.58
2440.18
2590.97
2574.23
2576.62
2586.27
2602.41
2621.78
2642.72
2662.98
2681.51
2698.35
2713.64
2727.27
2739.18
2749.56
2758.77
2767.13
2774.83
2781.95
2788.57
2794.77
2800.65
2806.25
2811.6
2816.71
2821.62
2826.35
2830.99
2835.56
2840.12
2844.67
2849.21
2853.7
2858.12
2862.47
2866.73
2870.93
2875.06
2879.12
2883.07
2886.91
2890.62
2894.21
2897.67
2901.01
2904.25
2907.38
2910.4
2913.3
2916.08
2918.73
2921.24
2923.61
2925.83
2927.92
2929.86
2931.65
2933.31
2934.86
2936.26
2937.53
2938.69
2939.75
2940.69
2941.54
2942.29
2942.96
2943.54
2944.05
2944.49
2944.86
2945.18
2945.44
2945.65
2945.81
2945.92
2945.99
2946.03
2946.04
2946.01
2945.95
2945.86
2945.75
2945.62
2945.47
2945.3
2945.11
2944.91
2944.69
2944.47
2944.23
2943.98
2943.73
2943.47
2943.21
2942.95
2942.68
2942.41
2942.14
2941.87
2941.6
2941.33
2941.07
2940.8
2940.55
2940.29
2940.04
2939.8
2939.56
2939.33
2939.1
2938.88
2938.77
2938.48
2938.33
2938.09
2938
2937.76
2937.84
2937.14
1219.44
2441.92
2589.56
2573.07
2575.93
2585.93
2602.26
2621.76
2642.77
2663.05
2681.59
2698.42
2713.68
2727.29
2739.19
2749.56
2758.78
2767.15
2774.85
2781.97
2788.59
2794.8
2800.68
2806.29
2811.64
2816.75
2821.66
2826.4
2831.03
2835.62
2840.18
2844.73
2849.27
2853.76
2858.18
2862.52
2866.78
2870.98
2875.11
2879.16
2883.11
2886.94
2890.65
2894.24
2897.7
2901.05
2904.3
2907.44
2910.48
2913.41
2916.22
2918.9
2921.45
2923.87
2926.15
2928.29
2930.3
2932.18
2933.93
2935.57
2937.08
2938.47
2939.76
2940.95
2942.04
2943.04
2943.95
2944.79
2945.55
2946.24
2946.87
2947.44
2947.94
2948.4
2948.81
2949.17
2949.49
2949.77
2950.01
2950.22
2950.39
2950.53
2950.64
2950.72
2950.78
2950.81
2950.82
2950.81
2950.78
2950.73
2950.67
2950.59
2950.5
2950.39
2950.27
2950.15
2950.01
2949.87
2949.73
2949.57
2949.42
2949.26
2949.09
2948.93
2948.76
2948.59
2948.43
2948.26
2948.09
2947.93
2947.77
2947.63
2947.46
2947.41
2947.18
2947.09
2946.9
2946.84
2946.67
2946.78
2946.19
1221.04
2443.75
2588.13
2571.92
2575.24
2585.62
2602.12
2621.74
2642.83
2663.13
2681.66
2698.47
2713.73
2727.32
2739.2
2749.57
2758.79
2767.16
2774.87
2781.99
2788.62
2794.83
2800.71
2806.32
2811.68
2816.79
2821.7
2826.44
2831.08
2835.67
2840.24
2844.79
2849.33
2853.82
2858.24
2862.57
2866.83
2871.02
2875.15
2879.2
2883.14
2886.98
2890.68
2894.26
2897.73
2901.09
2904.35
2907.51
2910.57
2913.52
2916.36
2919.07
2921.66
2924.13
2926.46
2928.67
2930.75
2932.71
2934.55
2936.29
2937.91
2939.41
2940.83
2942.16
2943.39
2944.55
2945.62
2946.63
2947.57
2948.44
2949.25
2950.01
2950.72
2951.37
2951.98
2952.55
2953.07
2953.55
2954
2954.41
2954.78
2955.12
2955.43
2955.7
2955.95
2956.17
2956.37
2956.54
2956.68
2956.81
2956.91
2956.99
2957.06
2957.1
2957.14
2957.15
2957.16
2957.15
2957.13
2957.1
2957.07
2957.02
2956.97
2956.91
2956.85
2956.78
2956.7
2956.63
2956.55
2956.47
2956.39
2956.34
2956.25
2956.25
2956.09
2956.07
2955.93
2955.9
2955.82
2955.96
2955.49
1222.35
2445.59
2586.69
2570.79
2574.57
2585.31
2601.97
2621.72
2642.88
2663.2
2681.73
2698.53
2713.77
2727.34
2739.21
2749.58
2758.79
2767.17
2774.88
2782.02
2788.64
2794.86
2800.75
2806.36
2811.72
2816.83
2821.74
2826.48
2831.13
2835.72
2840.29
2844.85
2849.39
2853.88
2858.3
2862.63
2866.88
2871.07
2875.19
2879.23
2883.18
2887
2890.71
2894.29
2897.76
2901.12
2904.39
2907.57
2910.65
2913.63
2916.5
2919.25
2921.88
2924.39
2926.79
2929.06
2931.21
2933.25
2935.18
2937.02
2938.75
2940.38
2941.93
2943.4
2944.78
2946.1
2947.34
2948.52
2949.63
2950.69
2951.7
2952.65
2953.56
2954.42
2955.23
2956
2956.74
2957.43
2958.08
2958.69
2959.27
2959.81
2960.32
2960.79
2961.24
2961.65
2962.02
2962.37
2962.7
2962.99
2963.26
2963.5
2963.72
2963.92
2964.1
2964.26
2964.4
2964.52
2964.63
2964.72
2964.8
2964.86
2964.92
2964.96
2964.99
2965.02
2965.03
2965.04
2965.04
2965.04
2965.04
2965.07
2965.03
2965.09
2964.99
2965.03
2964.93
2964.94
2964.93
2965.1
2964.74
1224.46
2447.43
2585.23
2569.69
2573.92
2585.01
2601.83
2621.7
2642.93
2663.27
2681.8
2698.59
2713.81
2727.36
2739.23
2749.58
2758.8
2767.18
2774.9
2782.04
2788.67
2794.89
2800.78
2806.4
2811.75
2816.87
2821.78
2826.53
2831.17
2835.77
2840.35
2844.91
2849.45
2853.94
2858.35
2862.68
2866.93
2871.11
2875.23
2879.27
2883.21
2887.03
2890.73
2894.31
2897.78
2901.16
2904.44
2907.63
2910.74
2913.74
2916.64
2919.43
2922.1
2924.66
2927.11
2929.45
2931.68
2933.8
2935.82
2937.77
2939.61
2941.36
2943.04
2944.64
2946.18
2947.64
2949.05
2950.4
2951.7
2952.94
2954.14
2955.29
2956.39
2957.45
2958.47
2959.45
2960.39
2961.29
2962.15
2962.97
2963.76
2964.5
2965.21
2965.88
2966.52
2967.12
2967.69
2968.22
2968.72
2969.19
2969.63
2970.04
2970.42
2970.78
2971.11
2971.41
2971.69
2971.95
2972.19
2972.41
2972.61
2972.79
2972.96
2973.11
2973.25
2973.38
2973.49
2973.6
2973.69
2973.78
2973.85
2973.97
2974.01
2974.14
2974.11
2974.2
2974.17
2974.22
2974.29
2974.47
2974.26
1226.91
2449.3
2583.76
2568.61
2573.29
2584.71
2601.7
2621.68
2642.98
2663.34
2681.87
2698.65
2713.85
2727.39
2739.24
2749.59
2758.81
2767.19
2774.92
2782.06
2788.69
2794.91
2800.81
2806.43
2811.79
2816.91
2821.82
2826.57
2831.22
2835.82
2840.4
2844.97
2849.51
2854
2858.41
2862.73
2866.97
2871.15
2875.27
2879.3
2883.24
2887.05
2890.75
2894.33
2897.81
2901.19
2904.49
2907.7
2910.82
2913.85
2916.78
2919.61
2922.32
2924.93
2927.44
2929.84
2932.15
2934.35
2936.47
2938.52
2940.47
2942.35
2944.16
2945.91
2947.6
2949.23
2950.8
2952.33
2953.81
2955.24
2956.63
2957.98
2959.29
2960.56
2961.79
2962.98
2964.13
2965.24
2966.31
2967.34
2968.33
2969.29
2970.2
2971.07
2971.91
2972.7
2973.46
2974.17
2974.86
2975.5
2976.11
2976.68
2977.22
2977.73
2978.21
2978.66
2979.08
2979.47
2979.84
2980.18
2980.5
2980.8
2981.08
2981.33
2981.57
2981.79
2982
2982.19
2982.36
2982.53
2982.68
2982.88
2982.98
2983.16
2983.2
2983.34
2983.37
2983.46
2983.58
2983.76
2983.67
1228.6
2451.12
2582.27
2567.56
2572.69
2584.42
2601.56
2621.66
2643.03
2663.41
2681.93
2698.7
2713.89
2727.41
2739.25
2749.6
2758.82
2767.2
2774.93
2782.08
2788.71
2794.94
2800.84
2806.46
2811.82
2816.94
2821.86
2826.61
2831.26
2835.87
2840.46
2845.03
2849.57
2854.05
2858.46
2862.78
2867.02
2871.19
2875.3
2879.33
2883.26
2887.07
2890.77
2894.35
2897.83
2901.22
2904.53
2907.76
2910.91
2913.96
2916.92
2919.78
2922.54
2925.21
2927.77
2930.24
2932.62
2934.91
2937.12
2939.28
2941.35
2943.34
2945.29
2947.18
2949.02
2950.81
2952.55
2954.25
2955.91
2957.53
2959.11
2960.66
2962.17
2963.64
2965.08
2966.48
2967.84
2969.16
2970.45
2971.69
2972.89
2974.05
2975.17
2976.24
2977.27
2978.26
2979.21
2980.11
2980.98
2981.8
2982.59
2983.33
2984.04
2984.71
2985.34
2985.94
2986.51
2987.04
2987.54
2988.02
2988.46
2988.88
2989.27
2989.64
2989.99
2990.31
2990.62
2990.9
2991.17
2991.42
2991.66
2991.96
2992.13
2992.38
2992.5
2992.7
2992.81
2992.96
2993.11
2993.26
2993.4
1231.22
2452.9
2580.78
2566.54
2572.11
2584.14
2601.43
2621.64
2643.07
2663.48
2681.99
2698.75
2713.92
2727.43
2739.26
2749.6
2758.82
2767.21
2774.95
2782.09
2788.74
2794.97
2800.87
2806.5
2811.86
2816.98
2821.89
2826.65
2831.31
2835.92
2840.51
2845.08
2849.63
2854.11
2858.51
2862.83
2867.06
2871.23
2875.34
2879.36
2883.28
2887.09
2890.78
2894.36
2897.85
2901.25
2904.58
2907.82
2910.99
2914.07
2917.07
2919.96
2922.77
2925.48
2928.1
2930.64
2933.1
2935.47
2937.78
2940.04
2942.23
2944.35
2946.43
2948.47
2950.46
2952.41
2954.33
2956.21
2958.05
2959.86
2961.64
2963.39
2965.11
2966.79
2968.44
2970.05
2971.63
2973.16
2974.66
2976.11
2977.53
2978.9
2980.22
2981.5
2982.73
2983.92
2985.06
2986.15
2987.2
2988.2
2989.16
2990.08
2990.95
2991.77
2992.56
2993.31
2994.01
2994.69
2995.32
2995.92
2996.49
2997.03
2997.53
2998.01
2998.46
2998.89
2999.29
2999.66
3000.02
3000.35
3000.68
3001.05
3001.28
3001.59
3001.77
3002.03
3002.21
3002.41
3002.59
3002.78
3003.03
1233.85
2454.63
2579.29
2565.54
2571.55
2583.86
2601.3
2621.63
2643.12
2663.54
2682.06
2698.8
2713.96
2727.45
2739.27
2749.61
2758.83
2767.22
2774.96
2782.11
2788.76
2794.99
2800.9
2806.53
2811.89
2817.02
2821.93
2826.69
2831.35
2835.97
2840.56
2845.14
2849.68
2854.16
2858.56
2862.87
2867.1
2871.27
2875.37
2879.39
2883.3
2887.1
2890.79
2894.38
2897.87
2901.28
2904.62
2907.88
2911.07
2914.18
2917.21
2920.14
2922.99
2925.75
2928.43
2931.04
2933.57
2936.03
2938.44
2940.81
2943.11
2945.35
2947.57
2949.75
2951.89
2954.01
2956.09
2958.14
2960.17
2962.17
2964.15
2966.1
2968.02
2969.91
2971.76
2973.59
2975.37
2977.12
2978.83
2980.5
2982.12
2983.7
2985.23
2986.72
2988.15
2989.54
2990.87
2992.16
2993.39
2994.58
2995.71
2996.8
2997.84
2998.83
2999.78
3000.68
3001.54
3002.36
3003.13
3003.87
3004.57
3005.23
3005.86
3006.45
3007.01
3007.55
3008.05
3008.52
3008.97
3009.4
3009.81
3010.27
3010.58
3010.96
3011.22
3011.54
3011.8
3012.06
3012.33
3012.62
3012.93
1236.21
2456.27
2577.8
2564.58
2571.01
2583.59
2601.17
2621.61
2643.17
2663.6
2682.12
2698.85
2714
2727.47
2739.28
2749.62
2758.84
2767.23
2774.97
2782.13
2788.78
2795.02
2800.93
2806.56
2811.93
2817.05
2821.97
2826.73
2831.4
2836.02
2840.62
2845.2
2849.74
2854.22
2858.61
2862.92
2867.14
2871.3
2875.4
2879.41
2883.32
2887.11
2890.8
2894.39
2897.88
2901.31
2904.66
2907.94
2911.15
2914.29
2917.35
2920.32
2923.21
2926.02
2928.77
2931.44
2934.05
2936.6
2939.11
2941.58
2944
2946.37
2948.72
2951.05
2953.35
2955.62
2957.88
2960.11
2962.33
2964.52
2966.69
2968.85
2970.97
2973.07
2975.14
2977.18
2979.18
2981.15
2983.07
2984.95
2986.79
2988.58
2990.32
2992.01
2993.65
2995.24
2996.77
2998.25
2999.67
3001.04
3002.36
3003.62
3004.83
3005.98
3007.09
3008.14
3009.14
3010.1
3011.01
3011.88
3012.71
3013.49
3014.24
3014.95
3015.62
3016.25
3016.86
3017.43
3017.97
3018.49
3018.99
3019.52
3019.9
3020.35
3020.68
3021.05
3021.39
3021.71
3022.03
3022.38
3022.74
1238.88
2457.8
2576.31
2563.65
2570.49
2583.33
2601.05
2621.6
2643.21
2663.66
2682.17
2698.9
2714.03
2727.5
2739.29
2749.62
2758.84
2767.24
2774.99
2782.15
2788.8
2795.05
2800.96
2806.59
2811.96
2817.09
2822.01
2826.77
2831.44
2836.06
2840.67
2845.25
2849.79
2854.27
2858.66
2862.96
2867.18
2871.34
2875.42
2879.43
2883.33
2887.12
2890.8
2894.39
2897.9
2901.33
2904.7
2908
2911.23
2914.4
2917.48
2920.49
2923.43
2926.29
2929.1
2931.84
2934.53
2937.17
2939.77
2942.35
2944.88
2947.38
2949.87
2952.34
2954.79
2957.22
2959.64
2962.06
2964.45
2966.84
2969.2
2971.56
2973.89
2976.19
2978.47
2980.72
2982.93
2985.11
2987.25
2989.35
2991.4
2993.4
2995.35
2997.25
2999.09
3000.88
3002.61
3004.28
3005.9
3007.45
3008.95
3010.39
3011.77
3013.1
3014.37
3015.58
3016.74
3017.85
3018.91
3019.92
3020.88
3021.8
3022.67
3023.5
3024.29
3025.03
3025.74
3026.41
3027.05
3027.67
3028.26
3028.86
3029.33
3029.85
3030.26
3030.7
3031.12
3031.52
3031.91
3032.32
3032.78
1242.37
2459.26
2574.81
2562.74
2569.99
2583.07
2600.93
2621.58
2643.25
2663.72
2682.23
2698.95
2714.06
2727.52
2739.3
2749.63
2758.85
2767.25
2775
2782.16
2788.82
2795.07
2800.99
2806.62
2811.99
2817.12
2822.04
2826.81
2831.48
2836.11
2840.72
2845.31
2849.85
2854.32
2858.71
2863
2867.22
2871.37
2875.45
2879.44
2883.34
2887.13
2890.81
2894.4
2897.91
2901.35
2904.73
2908.05
2911.31
2914.5
2917.62
2920.66
2923.65
2926.56
2929.43
2932.24
2935.01
2937.73
2940.43
2943.12
2945.77
2948.39
2951.02
2953.63
2956.24
2958.84
2961.43
2964.02
2966.6
2969.18
2971.74
2974.3
2976.83
2979.35
2981.84
2984.3
2986.74
2989.13
2991.49
2993.8
2996.06
2998.28
3000.44
3002.55
3004.6
3006.59
3008.52
3010.39
3012.2
3013.94
3015.62
3017.24
3018.8
3020.29
3021.72
3023.09
3024.41
3025.66
3026.86
3028.01
3029.1
3030.14
3031.14
3032.08
3032.98
3033.84
3034.66
3035.43
3036.17
3036.89
3037.57
3038.26
3038.81
3039.41
3039.89
3040.41
3040.9
3041.37
3041.82
3042.29
3042.83
1245.16
2460.58
2573.33
2561.86
2569.51
2582.82
2600.81
2621.57
2643.3
2663.78
2682.29
2698.99
2714.09
2727.53
2739.31
2749.63
2758.85
2767.26
2775.01
2782.18
2788.84
2795.09
2801.02
2806.65
2812.02
2817.15
2822.08
2826.85
2831.53
2836.16
2840.77
2845.36
2849.9
2854.37
2858.75
2863.04
2867.25
2871.39
2875.47
2879.46
2883.34
2887.13
2890.81
2894.4
2897.92
2901.37
2904.77
2908.11
2911.38
2914.6
2917.75
2920.83
2923.86
2926.83
2929.75
2932.63
2935.48
2938.29
2941.09
2943.88
2946.65
2949.4
2952.15
2954.91
2957.67
2960.42
2963.19
2965.95
2968.72
2971.48
2974.24
2976.99
2979.73
2982.45
2985.15
2987.82
2990.46
2993.07
2995.64
2998.17
3000.65
3003.07
3005.45
3007.76
3010.02
3012.21
3014.35
3016.41
3018.41
3020.35
3022.21
3024.01
3025.75
3027.41
3029.02
3030.56
3032.03
3033.45
3034.8
3036.09
3037.33
3038.52
3039.64
3040.72
3041.74
3042.72
3043.65
3044.53
3045.37
3046.19
3046.96
3047.73
3048.36
3049.04
3049.61
3050.19
3050.76
3051.3
3051.82
3052.36
3052.99
1247.83
2461.73
2571.85
2561
2569.05
2582.58
2600.7
2621.56
2643.34
2663.84
2682.34
2699.04
2714.13
2727.55
2739.32
2749.64
2758.86
2767.27
2775.02
2782.19
2788.86
2795.12
2801.04
2806.68
2812.05
2817.18
2822.11
2826.89
2831.57
2836.21
2840.82
2845.41
2849.95
2854.42
2858.79
2863.08
2867.28
2871.42
2875.48
2879.46
2883.35
2887.12
2890.8
2894.4
2897.92
2901.39
2904.8
2908.16
2911.45
2914.7
2917.88
2921
2924.07
2927.09
2930.08
2933.03
2935.95
2938.85
2941.74
2944.64
2947.52
2950.4
2953.29
2956.19
2959.1
2962.02
2964.95
2967.89
2970.84
2973.8
2976.75
2979.7
2982.64
2985.57
2988.48
2991.37
2994.23
2997.05
2999.84
3002.58
3005.27
3007.92
3010.5
3013.03
3015.5
3017.9
3020.23
3022.5
3024.7
3026.82
3028.88
3030.86
3032.77
3034.61
3036.38
3038.08
3039.72
3041.28
3042.78
3044.22
3045.59
3046.9
3048.16
3049.35
3050.49
3051.59
3052.62
3053.62
3054.56
3055.49
3056.36
3057.22
3057.96
3058.72
3059.38
3060.05
3060.7
3061.32
3061.91
3062.54
3063.27
1251.38
2462.71
2570.37
2560.17
2568.6
2582.34
2600.59
2621.55
2643.38
2663.9
2682.39
2699.08
2714.16
2727.57
2739.33
2749.64
2758.86
2767.28
2775.03
2782.21
2788.88
2795.14
2801.07
2806.71
2812.08
2817.22
2822.15
2826.92
2831.61
2836.25
2840.87
2845.46
2850
2854.46
2858.83
2863.11
2867.31
2871.44
2875.5
2879.47
2883.35
2887.12
2890.79
2894.39
2897.92
2901.4
2904.83
2908.2
2911.52
2914.79
2918
2921.16
2924.27
2927.35
2930.39
2933.41
2936.41
2939.4
2942.39
2945.39
2948.39
2951.38
2954.41
2957.45
2960.51
2963.58
2966.68
2969.79
2972.92
2976.06
2979.2
2982.34
2985.49
2988.62
2991.73
2994.83
2997.9
3000.93
3003.93
3006.89
3009.79
3012.65
3015.45
3018.18
3020.86
3023.46
3026
3028.46
3030.86
3033.17
3035.42
3037.59
3039.68
3041.7
3043.65
3045.52
3047.32
3049.05
3050.71
3052.3
3053.83
3055.29
3056.68
3058.02
3059.3
3060.52
3061.68
3062.8
3063.85
3064.88
3065.85
3066.79
3067.62
3068.46
3069.22
3069.96
3070.68
3071.36
3072.03
3072.72
3073.54
1254.15
2463.57
2568.91
2559.36
2568.16
2582.1
2600.48
2621.54
2643.42
2663.95
2682.45
2699.12
2714.19
2727.59
2739.34
2749.65
2758.87
2767.28
2775.04
2782.22
2788.9
2795.16
2801.09
2806.73
2812.11
2817.25
2822.18
2826.96
2831.65
2836.29
2840.92
2845.51
2850.05
2854.51
2858.87
2863.14
2867.34
2871.46
2875.51
2879.47
2883.34
2887.11
2890.78
2894.38
2897.92
2901.41
2904.85
2908.24
2911.58
2914.88
2918.12
2921.32
2924.48
2927.6
2930.71
2933.79
2936.87
2939.95
2943.03
2946.14
2949.24
2952.36
2955.52
2958.7
2961.91
2965.15
2968.41
2971.69
2975
2978.32
2981.66
2985
2988.34
2991.67
2995
2998.3
3001.58
3004.83
3008.05
3011.22
3014.34
3017.41
3020.42
3023.37
3026.25
3029.06
3031.81
3034.47
3037.07
3039.58
3042.02
3044.37
3046.65
3048.85
3050.97
3053.01
3054.97
3056.86
3058.67
3060.41
3062.07
3063.67
3065.2
3066.66
3068.06
3069.4
3070.67
3071.9
3073.06
3074.2
3075.26
3076.31
3077.24
3078.18
3079.04
3079.88
3080.69
3081.47
3082.23
3083.02
3083.97
1257.63
2464.24
2567.46
2558.57
2567.74
2581.87
2600.37
2621.53
2643.46
2664
2682.49
2699.16
2714.22
2727.61
2739.35
2749.65
2758.87
2767.29
2775.05
2782.24
2788.91
2795.18
2801.12
2806.76
2812.14
2817.28
2822.21
2826.99
2831.69
2836.34
2840.97
2845.56
2850.1
2854.55
2858.91
2863.17
2867.36
2871.47
2875.52
2879.47
2883.33
2887.09
2890.77
2894.37
2897.92
2901.42
2904.87
2908.28
2911.64
2914.96
2918.23
2921.47
2924.67
2927.85
2931.01
2934.17
2937.32
2940.48
2943.66
2946.87
2950.09
2953.32
2956.61
2959.93
2963.28
2966.67
2970.09
2973.54
2977.02
2980.52
2984.04
2987.57
2991.11
2994.64
2998.16
3001.67
3005.16
3008.62
3012.04
3015.42
3018.75
3022.03
3025.25
3028.41
3031.5
3034.51
3037.46
3040.32
3043.12
3045.82
3048.45
3050.99
3053.46
3055.84
3058.13
3060.35
3062.48
3064.54
3066.52
3068.42
3070.24
3071.99
3073.67
3075.29
3076.83
3078.31
3079.72
3081.08
3082.37
3083.63
3084.81
3085.95
3086.99
3088.01
3088.97
3089.89
3090.78
3091.62
3092.45
3093.3
3094.33
1261.11
2464.75
2566.01
2557.8
2567.33
2581.64
2600.27
2621.52
2643.5
2664.05
2682.54
2699.2
2714.24
2727.63
2739.36
2749.65
2758.87
2767.29
2775.06
2782.25
2788.93
2795.2
2801.14
2806.79
2812.17
2817.3
2822.24
2827.03
2831.72
2836.38
2841.01
2845.61
2850.14
2854.59
2858.94
2863.2
2867.38
2871.49
2875.52
2879.47
2883.32
2887.07
2890.75
2894.35
2897.91
2901.42
2904.89
2908.31
2911.69
2915.04
2918.34
2921.61
2924.86
2928.09
2931.31
2934.53
2937.76
2941.01
2944.27
2947.58
2950.91
2954.27
2957.68
2961.14
2964.64
2968.18
2971.76
2975.38
2979.03
2982.71
2986.42
2990.14
2993.87
2997.6
3001.33
3005.04
3008.74
3012.4
3016.04
3019.63
3023.17
3026.66
3030.09
3033.46
3036.76
3039.98
3043.13
3046.2
3049.19
3052.09
3054.92
3057.65
3060.3
3062.86
3065.34
3067.73
3070.03
3072.25
3074.39
3076.44
3078.41
3080.31
3082.12
3083.87
3085.53
3087.13
3088.65
3090.13
3091.53
3092.88
3094.16
3095.4
3096.54
3097.66
3098.72
3099.74
3100.72
3101.66
3102.58
3103.54
3104.72
1263.84
2464.98
2564.58
2557.06
2566.93
2581.42
2600.17
2621.51
2643.54
2664.1
2682.59
2699.23
2714.27
2727.64
2739.37
2749.66
2758.88
2767.3
2775.07
2782.26
2788.95
2795.22
2801.16
2806.81
2812.19
2817.33
2822.27
2827.06
2831.76
2836.42
2841.06
2845.65
2850.18
2854.62
2858.97
2863.23
2867.4
2871.5
2875.52
2879.46
2883.3
2887.05
2890.72
2894.33
2897.89
2901.42
2904.9
2908.34
2911.74
2915.11
2918.44
2921.75
2925.04
2928.32
2931.6
2934.88
2938.19
2941.51
2944.87
2948.28
2951.72
2955.19
2958.73
2962.32
2965.95
2969.64
2973.37
2977.15
2980.97
2984.83
2988.71
2992.61
2996.53
3000.45
3004.37
3008.28
3012.18
3016.05
3019.88
3023.68
3027.43
3031.12
3034.76
3038.33
3041.83
3045.26
3048.61
3051.87
3055.06
3058.16
3061.17
3064.1
3066.93
3069.68
3072.33
3074.9
3077.37
3079.76
3082.07
3084.29
3086.42
3088.48
3090.45
3092.35
3094.16
3095.92
3097.59
3099.21
3100.74
3102.23
3103.64
3105
3106.26
3107.49
3108.67
3109.79
3110.86
3111.89
3112.9
3113.94
3115.21
1267.43
2465.02
2563.15
2556.33
2566.55
2581.2
2600.07
2621.51
2643.58
2664.15
2682.63
2699.27
2714.3
2727.66
2739.37
2749.66
2758.88
2767.31
2775.08
2782.27
2788.96
2795.24
2801.18
2806.83
2812.22
2817.36
2822.3
2827.09
2831.8
2836.46
2841.1
2845.69
2850.22
2854.66
2859
2863.25
2867.41
2871.51
2875.52
2879.45
2883.28
2887.02
2890.69
2894.31
2897.88
2901.41
2904.9
2908.36
2911.78
2915.17
2918.53
2921.88
2925.21
2928.54
2931.87
2935.23
2938.6
2942.01
2945.46
2948.96
2952.5
2956.09
2959.75
2963.47
2967.25
2971.08
2974.97
2978.9
2982.89
2986.91
2990.97
2995.06
2999.16
3003.27
3007.39
3011.5
3015.6
3019.67
3023.71
3027.71
3031.67
3035.57
3039.41
3043.18
3046.89
3050.52
3054.08
3057.54
3060.93
3064.22
3067.43
3070.54
3073.57
3076.5
3079.33
3082.07
3084.73
3087.28
3089.75
3092.13
3094.41
3096.62
3098.73
3100.77
3102.71
3104.59
3106.38
3108.12
3109.76
3111.35
3112.86
3114.31
3115.67
3116.99
3118.26
3119.47
3120.63
3121.74
3122.83
3123.97
3125.38
1270.27
2464.85
2561.74
2555.63
2566.17
2580.98
2599.97
2621.5
2643.62
2664.2
2682.67
2699.3
2714.32
2727.67
2739.38
2749.66
2758.88
2767.31
2775.09
2782.28
2788.97
2795.25
2801.2
2806.85
2812.24
2817.38
2822.32
2827.12
2831.83
2836.5
2841.14
2845.74
2850.26
2854.69
2859.03
2863.27
2867.43
2871.51
2875.51
2879.43
2883.25
2886.99
2890.66
2894.28
2897.86
2901.4
2904.9
2908.37
2911.81
2915.23
2918.62
2922
2925.37
2928.75
2932.14
2935.55
2939
2942.48
2946.02
2949.62
2953.26
2956.96
2960.74
2964.58
2968.48
2972.46
2976.49
2980.58
2984.72
2988.91
2993.13
2997.39
3001.67
3005.97
3010.27
3014.57
3018.86
3023.12
3027.36
3031.55
3035.71
3039.8
3043.85
3047.82
3051.73
3055.55
3059.3
3062.96
3066.54
3070.03
3073.42
3076.72
3079.93
3083.04
3086.06
3088.97
3091.8
3094.53
3097.16
3099.7
3102.15
3104.52
3106.79
3108.99
3111.08
3113.12
3115.06
3116.94
3118.72
3120.45
3122.09
3123.68
3125.18
3126.62
3128.02
3129.35
3130.63
3131.86
3133.06
3134.31
3135.87
1273.64
2464.5
2560.33
2554.95
2565.81
2580.77
2599.87
2621.49
2643.66
2664.25
2682.71
2699.34
2714.35
2727.69
2739.38
2749.66
2758.88
2767.31
2775.1
2782.29
2788.99
2795.27
2801.22
2806.87
2812.26
2817.41
2822.35
2827.15
2831.86
2836.54
2841.18
2845.78
2850.3
2854.72
2859.05
2863.29
2867.44
2871.51
2875.5
2879.41
2883.22
2886.96
2890.62
2894.24
2897.83
2901.38
2904.89
2908.38
2911.84
2915.28
2918.69
2922.11
2925.52
2928.94
2932.39
2935.87
2939.38
2942.95
2946.56
2950.25
2953.99
2957.8
2961.69
2965.66
2969.69
2973.8
2977.98
2982.22
2986.51
2990.86
2995.26
2999.69
3004.15
3008.62
3013.11
3017.59
3022.07
3026.53
3030.96
3035.35
3039.7
3044
3048.24
3052.41
3056.51
3060.54
3064.48
3068.34
3072.11
3075.79
3079.38
3082.87
3086.26
3089.55
3092.75
3095.84
3098.84
3101.74
3104.53
3107.24
3109.84
3112.36
3114.77
3117.11
3119.34
3121.51
3123.56
3125.56
3127.46
3129.3
3131.04
3132.72
3134.33
3135.87
3137.35
3138.77
3140.12
3141.42
3142.69
3144.01
3145.65
1276.65
2463.91
2558.94
2554.28
2565.45
2580.56
2599.78
2621.49
2643.69
2664.29
2682.75
2699.37
2714.37
2727.7
2739.39
2749.66
2758.88
2767.32
2775.1
2782.3
2789
2795.28
2801.23
2806.89
2812.28
2817.43
2822.37
2827.18
2831.89
2836.57
2841.22
2845.81
2850.33
2854.75
2859.07
2863.3
2867.44
2871.51
2875.49
2879.38
2883.19
2886.91
2890.58
2894.21
2897.79
2901.35
2904.88
2908.38
2911.86
2915.31
2918.76
2922.2
2925.66
2929.13
2932.63
2936.16
2939.74
2943.38
2947.07
2950.85
2954.69
2958.6
2962.6
2966.68
2970.84
2975.07
2979.38
2983.76
2988.21
2992.71
2997.26
3001.85
3006.48
3011.12
3015.78
3020.44
3025.1
3029.73
3034.35
3038.93
3043.47
3047.95
3052.38
3056.73
3061.03
3065.24
3069.38
3073.42
3077.38
3081.24
3085.01
3088.68
3092.25
3095.72
3099.09
3102.36
3105.52
3108.59
3111.55
3114.42
3117.17
3119.86
3122.42
3124.92
3127.3
3129.62
3131.82
3133.97
3136.01
3137.99
3139.86
3141.67
3143.42
3145.08
3146.68
3148.21
3149.68
3151.1
3152.49
3153.94
3155.78
1279.78
2463.11
2557.55
2553.64
2565.11
2580.35
2599.68
2621.48
2643.73
2664.34
2682.79
2699.4
2714.39
2727.71
2739.39
2749.66
2758.88
2767.32
2775.11
2782.31
2789.01
2795.3
2801.25
2806.91
2812.3
2817.45
2822.4
2827.2
2831.92
2836.61
2841.25
2845.85
2850.36
2854.77
2859.09
2863.31
2867.45
2871.5
2875.47
2879.35
2883.14
2886.87
2890.53
2894.16
2897.76
2901.32
2904.86
2908.37
2911.86
2915.34
2918.82
2922.29
2925.78
2929.3
2932.85
2936.44
2940.09
2943.79
2947.57
2951.42
2955.36
2959.37
2963.47
2967.67
2971.94
2976.3
2980.75
2985.26
2989.85
2994.5
2999.2
3003.95
3008.74
3013.55
3018.38
3023.22
3028.05
3032.87
3037.67
3042.43
3047.15
3051.82
3056.44
3060.98
3065.46
3069.86
3074.18
3078.41
3082.56
3086.6
3090.55
3094.4
3098.15
3101.8
3105.34
3108.78
3112.11
3115.34
3118.46
3121.49
3124.4
3127.24
3129.94
3132.58
3135.09
3137.54
3139.86
3142.12
3144.28
3146.35
3148.34
3150.24
3152.1
3153.86
3155.56
3157.19
3158.76
3160.26
3161.73
3163.25
3165.16
1282.8
2462.07
2556.18
2553.02
2564.78
2580.14
2599.59
2621.47
2643.76
2664.38
2682.83
2699.43
2714.41
2727.72
2739.39
2749.66
2758.88
2767.32
2775.11
2782.31
2789.02
2795.31
2801.26
2806.92
2812.31
2817.46
2822.42
2827.22
2831.95
2836.64
2841.29
2845.88
2850.39
2854.8
2859.1
2863.32
2867.44
2871.49
2875.44
2879.31
2883.1
2886.81
2890.48
2894.11
2897.71
2901.28
2904.83
2908.35
2911.86
2915.36
2918.86
2922.37
2925.89
2929.45
2933.05
2936.7
2940.4
2944.18
2948.02
2951.96
2955.99
2960.09
2964.29
2968.59
2972.97
2977.45
2982.01
2986.66
2991.38
2996.17
3001.01
3005.91
3010.85
3015.81
3020.8
3025.8
3030.79
3035.78
3040.74
3045.67
3050.57
3055.41
3060.2
3064.92
3069.58
3074.15
3078.65
3083.05
3087.37
3091.59
3095.71
3099.73
3103.65
3107.46
3111.17
3114.77
3118.26
3121.65
3124.93
3128.11
3131.17
3134.16
3137.01
3139.79
3142.45
3145.04
3147.51
3149.91
3152.21
3154.42
3156.55
3158.59
3160.57
3162.45
3164.26
3165.99
3167.65
3169.25
3170.81
3172.45
3174.51
1285.63
2460.79
2554.82
2552.41
2564.45
2579.94
2599.49
2621.47
2643.79
2664.41
2682.86
2699.45
2714.43
2727.73
2739.39
2749.66
2758.88
2767.32
2775.11
2782.32
2789.02
2795.32
2801.27
2806.94
2812.33
2817.48
2822.43
2827.25
2831.98
2836.67
2841.32
2845.91
2850.41
2854.82
2859.12
2863.32
2867.44
2871.47
2875.41
2879.27
2883.04
2886.75
2890.42
2894.05
2897.66
2901.23
2904.79
2908.32
2911.85
2915.37
2918.89
2922.43
2925.99
2929.59
2933.23
2936.93
2940.7
2944.54
2948.45
2952.47
2956.57
2960.76
2965.06
2969.46
2973.95
2978.54
2983.22
2987.99
2992.84
2997.76
3002.74
3007.78
3012.86
3017.98
3023.12
3028.28
3033.43
3038.58
3043.71
3048.81
3053.87
3058.88
3063.85
3068.74
3073.57
3078.31
3082.98
3087.55
3092.05
3096.43
3100.72
3104.91
3108.99
3112.97
3116.84
3120.6
3124.25
3127.79
3131.22
3134.56
3137.76
3140.89
3143.87
3146.79
3149.58
3152.29
3154.88
3157.38
3159.79
3162.09
3164.32
3166.44
3168.51
3170.48
3172.39
3174.21
3175.97
3177.67
3179.34
3181.09
3183.3
1288.08
2459.25
2553.47
2551.82
2564.14
2579.74
2599.4
2621.46
2643.82
2664.45
2682.89
2699.48
2714.45
2727.74
2739.39
2749.65
2758.87
2767.32
2775.11
2782.32
2789.03
2795.32
2801.28
2806.95
2812.34
2817.49
2822.45
2827.27
2832
2836.7
2841.35
2845.94
2850.44
2854.83
2859.12
2863.32
2867.43
2871.44
2875.37
2879.22
2882.98
2886.69
2890.35
2893.99
2897.59
2901.18
2904.74
2908.29
2911.82
2915.36
2918.9
2922.47
2926.06
2929.7
2933.39
2937.14
2940.96
2944.86
2948.84
2952.93
2957.11
2961.38
2965.77
2970.25
2974.85
2979.54
2984.33
2989.21
2994.17
2999.21
3004.32
3009.49
3014.7
3019.95
3025.24
3030.53
3035.83
3041.12
3046.41
3051.65
3056.87
3062.03
3067.15
3072.2
3077.19
3082.09
3086.92
3091.65
3096.29
3100.83
3105.28
3109.62
3113.86
3117.99
3122
3125.91
3129.7
3133.4
3136.96
3140.44
3143.78
3147.05
3150.16
3153.21
3156.13
3158.97
3161.69
3164.32
3166.86
3169.3
3171.65
3173.91
3176.1
3178.2
3180.22
3182.15
3184
3185.78
3187.52
3189.32
3191.61
1290.04
2457.47
2552.12
2551.25
2563.83
2579.54
2599.31
2621.45
2643.85
2664.48
2682.92
2699.5
2714.47
2727.75
2739.39
2749.65
2758.87
2767.31
2775.11
2782.32
2789.03
2795.33
2801.29
2806.96
2812.35
2817.51
2822.47
2827.28
2832.03
2836.72
2841.38
2845.97
2850.46
2854.84
2859.13
2863.32
2867.41
2871.42
2875.33
2879.16
2882.92
2886.62
2890.28
2893.91
2897.52
2901.11
2904.68
2908.24
2911.79
2915.34
2918.91
2922.5
2926.13
2929.8
2933.53
2937.32
2941.19
2945.15
2949.2
2953.35
2957.6
2961.95
2966.42
2970.99
2975.68
2980.47
2985.36
2990.34
2995.42
3000.57
3005.8
3011.09
3016.43
3021.81
3027.23
3032.66
3038.1
3043.53
3048.96
3054.35
3059.72
3065.03
3070.3
3075.49
3080.64
3085.68
3090.67
3095.55
3100.34
3105.03
3109.63
3114.12
3118.5
3122.78
3126.93
3130.99
3134.91
3138.75
3142.44
3146.06
3149.53
3152.92
3156.17
3159.33
3162.37
3165.32
3168.15
3170.88
3173.51
3176.03
3178.47
3180.81
3183.07
3185.22
3187.31
3189.3
3191.21
3193.07
3194.89
3196.8
3199.22
1292.04
2455.44
2550.79
2550.7
2563.53
2579.35
2599.22
2621.44
2643.88
2664.51
2682.95
2699.52
2714.48
2727.75
2739.39
2749.64
2758.86
2767.31
2775.11
2782.32
2789.03
2795.33
2801.3
2806.96
2812.36
2817.52
2822.48
2827.3
2832.05
2836.75
2841.41
2845.99
2850.47
2854.85
2859.13
2863.31
2867.39
2871.38
2875.28
2879.1
2882.84
2886.54
2890.2
2893.83
2897.44
2901.04
2904.61
2908.17
2911.73
2915.3
2918.89
2922.51
2926.16
2929.87
2933.64
2937.48
2941.39
2945.4
2949.51
2953.72
2958.04
2962.46
2967
2971.65
2976.41
2981.29
2986.27
2991.35
2996.52
3001.77
3007.1
3012.5
3017.95
3023.45
3028.98
3034.53
3040.1
3045.65
3051.2
3056.72
3062.22
3067.66
3073.06
3078.39
3083.66
3088.85
3093.96
3098.98
3103.91
3108.73
3113.46
3118.08
3122.59
3127
3131.28
3135.47
3139.51
3143.48
3147.29
3151.03
3154.61
3158.11
3161.48
3164.75
3167.9
3170.95
3173.9
3176.73
3179.47
3182.11
3184.66
3187.11
3189.48
3191.76
3193.95
3196.06
3198.08
3200.03
3201.94
3203.92
3206.48
1294.28
2453.2
2549.47
2550.17
2563.24
2579.15
2599.13
2621.42
2643.9
2664.54
2682.97
2699.54
2714.49
2727.76
2739.39
2749.63
2758.85
2767.3
2775.1
2782.32
2789.03
2795.33
2801.3
2806.97
2812.37
2817.52
2822.49
2827.32
2832.07
2836.77
2841.43
2846.01
2850.48
2854.85
2859.12
2863.29
2867.36
2871.34
2875.22
2879.03
2882.76
2886.45
2890.11
2893.74
2897.35
2900.95
2904.53
2908.1
2911.67
2915.26
2918.86
2922.5
2926.19
2929.92
2933.73
2937.6
2941.56
2945.62
2949.78
2954.04
2958.42
2962.91
2967.51
2972.24
2977.08
2982.03
2987.09
2992.26
2997.52
3002.87
3008.29
3013.79
3019.35
3024.95
3030.59
3036.25
3041.93
3047.6
3053.27
3058.91
3064.53
3070.09
3075.62
3081.07
3086.47
3091.77
3097.02
3102.15
3107.21
3112.16
3117.01
3121.75
3126.38
3130.91
3135.31
3139.62
3143.77
3147.86
3151.78
3155.63
3159.32
3162.92
3166.39
3169.77
3173.02
3176.16
3179.19
3182.11
3184.94
3187.65
3190.27
3192.78
3195.21
3197.53
3199.77
3201.91
3203.97
3205.95
3207.89
3209.91
3212.49
1296.34
2450.73
2548.16
2549.65
2562.96
2578.96
2599.04
2621.41
2643.92
2664.57
2682.99
2699.56
2714.5
2727.76
2739.38
2749.62
2758.84
2767.29
2775.09
2782.31
2789.02
2795.33
2801.3
2806.97
2812.37
2817.53
2822.5
2827.33
2832.08
2836.79
2841.45
2846.02
2850.49
2854.85
2859.11
2863.27
2867.33
2871.29
2875.16
2878.95
2882.67
2886.36
2890.01
2893.64
2897.26
2900.85
2904.43
2908.01
2911.59
2915.19
2918.81
2922.47
2926.19
2929.95
2933.78
2937.7
2941.7
2945.79
2950
2954.31
2958.75
2963.29
2967.95
2972.73
2977.64
2982.65
2987.79
2993.02
2998.36
3003.78
3009.29
3014.87
3020.52
3026.21
3031.94
3037.69
3043.46
3049.23
3055
3060.73
3066.46
3072.12
3077.75
3083.3
3088.81
3094.22
3099.57
3104.81
3109.97
3115.03
3119.98
3124.83
3129.56
3134.19
3138.68
3143.1
3147.35
3151.53
3155.54
3159.48
3163.27
3166.96
3170.52
3173.98
3177.31
3180.54
3183.66
3186.66
3189.56
3192.36
3195.06
3197.66
3200.18
3202.59
3204.92
3207.15
3209.3
3211.38
3213.42
3215.55
3218.32
1297.8
2448.04
2546.85
2549.15
2562.68
2578.77
2598.96
2621.4
2643.94
2664.59
2683.01
2699.58
2714.51
2727.76
2739.37
2749.61
2758.83
2767.28
2775.08
2782.3
2789.02
2795.33
2801.3
2806.97
2812.37
2817.53
2822.5
2827.34
2832.1
2836.81
2841.46
2846.03
2850.49
2854.84
2859.09
2863.25
2867.29
2871.24
2875.09
2878.86
2882.58
2886.25
2889.9
2893.53
2897.15
2900.74
2904.33
2907.91
2911.5
2915.11
2918.75
2922.43
2926.16
2929.95
2933.81
2937.76
2941.79
2945.93
2950.17
2954.53
2959.01
2963.6
2968.31
2973.15
2978.11
2983.19
2988.38
2993.68
2999.08
3004.58
3010.16
3015.81
3021.53
3027.3
3033.11
3038.94
3044.8
3050.65
3056.51
3062.34
3068.15
3073.9
3079.63
3085.27
3090.87
3096.38
3101.82
3107.15
3112.41
3117.56
3122.6
3127.54
3132.36
3137.09
3141.66
3146.16
3150.5
3154.76
3158.86
3162.87
3166.74
3170.51
3174.14
3177.67
3181.08
3184.37
3187.55
3190.62
3193.58
3196.43
3199.19
3201.83
3204.38
3206.83
3209.19
3211.44
3213.61
3215.7
3217.74
3219.85
3222.59
1298.76
2445.11
2545.56
2548.66
2562.41
2578.59
2598.87
2621.38
2643.95
2664.61
2683.03
2699.59
2714.52
2727.76
2739.36
2749.59
2758.81
2767.27
2775.07
2782.29
2789.01
2795.32
2801.29
2806.97
2812.37
2817.53
2822.51
2827.35
2832.11
2836.82
2841.47
2846.03
2850.49
2854.83
2859.07
2863.21
2867.25
2871.18
2875.01
2878.77
2882.47
2886.14
2889.79
2893.41
2897.02
2900.62
2904.2
2907.79
2911.39
2915.01
2918.66
2922.36
2926.11
2929.92
2933.81
2937.78
2941.85
2946.01
2950.29
2954.69
2959.2
2963.83
2968.59
2973.47
2978.47
2983.59
2988.83
2994.18
2999.64
3005.19
3010.82
3016.53
3022.31
3028.13
3034
3039.9
3045.82
3051.74
3057.66
3063.55
3069.43
3075.25
3081.05
3086.77
3092.44
3098.01
3103.52
3108.93
3114.26
3119.48
3124.59
3129.61
3134.49
3139.29
3143.93
3148.5
3152.9
3157.22
3161.39
3165.46
3169.39
3173.21
3176.91
3180.49
3183.95
3187.3
3190.53
3193.65
3196.67
3199.57
3202.38
3205.07
3207.68
3210.18
3212.6
3214.91
3217.14
3219.29
3221.4
3223.59
3226.46
1299.31
2441.96
2544.29
2548.19
2562.14
2578.4
2598.78
2621.36
2643.97
2664.63
2683.04
2699.6
2714.53
2727.75
2739.35
2749.58
2758.79
2767.25
2775.06
2782.28
2789
2795.31
2801.29
2806.96
2812.36
2817.53
2822.51
2827.35
2832.12
2836.83
2841.48
2846.03
2850.48
2854.81
2859.05
2863.18
2867.2
2871.11
2874.93
2878.67
2882.36
2886.02
2889.66
2893.29
2896.89
2900.49
2904.07
2907.66
2911.26
2914.89
2918.55
2922.26
2926.03
2929.86
2933.77
2937.77
2941.86
2946.06
2950.36
2954.78
2959.33
2963.99
2968.78
2973.7
2978.74
2983.9
2989.18
2994.57
3000.06
3005.65
3011.33
3017.08
3022.9
3028.77
3034.7
3040.64
3046.61
3052.58
3058.56
3064.5
3070.44
3076.32
3082.17
3087.94
3093.67
3099.3
3104.87
3110.34
3115.72
3121
3126.17
3131.24
3136.17
3141.03
3145.72
3150.34
3154.79
3159.16
3163.38
3167.49
3171.47
3175.33
3179.07
3182.69
3186.19
3189.57
3192.84
3195.99
3199.04
3201.97
3204.8
3207.52
3210.15
3212.66
3215.09
3217.4
3219.64
3221.78
3223.9
3226.07
3228.96
1299.7
2438.6
2543.02
2547.74
2561.88
2578.22
2598.7
2621.35
2643.98
2664.64
2683.06
2699.61
2714.53
2727.75
2739.33
2749.56
2758.78
2767.23
2775.04
2782.26
2788.98
2795.3
2801.28
2806.95
2812.36
2817.53
2822.51
2827.35
2832.12
2836.83
2841.48
2846.03
2850.46
2854.79
2859.02
2863.13
2867.14
2871.03
2874.83
2878.56
2882.24
2885.9
2889.53
2893.15
2896.75
2900.34
2903.92
2907.51
2911.12
2914.75
2918.42
2922.15
2925.93
2929.77
2933.7
2937.71
2941.83
2946.05
2950.38
2954.82
2959.39
2964.08
2968.89
2973.83
2978.89
2984.07
2989.37
2994.78
3000.3
3005.92
3011.62
3017.4
3023.25
3029.15
3035.09
3041.06
3047.07
3053.06
3059.07
3065.05
3071.02
3076.93
3082.81
3088.62
3094.38
3100.06
3105.66
3111.16
3116.57
3121.89
3127.09
3132.2
3137.17
3142.05
3146.78
3151.42
3155.91
3160.31
3164.55
3168.69
3172.69
3176.58
3180.34
3183.99
3187.51
3190.91
3194.2
3197.37
3200.44
3203.39
3206.24
3208.97
3211.63
3214.15
3216.61
3218.93
3221.21
3223.34
3225.52
3227.58
3230.62
1299.95
2435.06
2541.77
2547.3
2561.62
2578.03
2598.61
2621.33
2643.98
2664.66
2683.07
2699.62
2714.53
2727.74
2739.32
2749.54
2758.75
2767.21
2775.02
2782.24
2788.97
2795.28
2801.26
2806.94
2812.35
2817.52
2822.5
2827.35
2832.12
2836.83
2841.48
2846.02
2850.45
2854.77
2858.98
2863.09
2867.08
2870.95
2874.73
2878.45
2882.12
2885.76
2889.39
2893
2896.59
2900.18
2903.76
2907.35
2910.96
2914.6
2918.28
2922.01
2925.8
2929.66
2933.6
2937.63
2941.75
2945.98
2950.33
2954.8
2959.4
2964.1
2968.92
2973.87
2978.94
2984.14
2989.45
2994.88
3000.41
3006.03
3011.75
3017.54
3023.4
3029.31
3035.27
3041.26
3047.27
3053.28
3059.31
3065.3
3071.29
3077.22
3083.12
3088.95
3094.73
3100.43
3106.05
3111.58
3117.01
3122.35
3127.56
3132.69
3137.68
3142.58
3147.32
3151.98
3156.48
3160.89
3165.14
3169.29
3173.3
3177.2
3180.97
3184.61
3188.14
3191.54
3194.83
3198
3201.07
3204.02
3206.88
3209.6
3212.26
3214.77
3217.24
3219.53
3221.83
3223.91
3226.12
3228.07
3231.24
1300.07
2431.32
2540.53
2546.88
2561.37
2577.85
2598.52
2621.31
2643.99
2664.66
2683.07
2699.62
2714.53
2727.73
2739.3
2749.52
2758.73
2767.19
2775
2782.22
2788.95
2795.27
2801.25
2806.93
2812.34
2817.51
2822.49
2827.35
2832.12
2836.83
2841.47
2846
2850.42
2854.73
2858.94
2863.03
2867.01
2870.86
2874.63
2878.32
2881.98
2885.61
2889.23
2892.83
2896.43
2900
2903.58
2907.17
2910.78
2914.42
2918.1
2921.84
2925.64
2929.5
2933.45
2937.49
2941.63
2945.88
2950.23
2954.7
2959.28
2963.99
2968.82
2973.78
2978.86
2984.07
2989.39
2994.82
3000.35
3005.98
3011.7
3017.49
3023.35
3029.26
3035.22
3041.2
3047.22
3053.23
3059.26
3065.25
3071.24
3077.17
3083.08
3088.91
3094.69
3100.39
3106.01
3111.55
3116.98
3122.33
3127.55
3132.68
3137.67
3142.57
3147.32
3151.98
3156.48
3160.88
3165.14
3169.29
3173.3
3177.19
3180.95
3184.59
3188.11
3191.5
3194.79
3197.95
3201.01
3203.93
3206.78
3209.49
3212.13
3214.61
3217.06
3219.33
3221.6
3223.66
3225.8
3227.65
3230.9
1299.99
2427.39
2539.34
2546.45
2561.1
2577.67
2598.44
2621.28
2643.99
2664.67
2683.08
2699.63
2714.52
2727.71
2739.28
2749.49
2758.7
2767.16
2774.97
2782.2
2788.92
2795.24
2801.23
2806.91
2812.32
2817.5
2822.48
2827.34
2832.11
2836.82
2841.46
2845.98
2850.4
2854.7
2858.89
2862.97
2866.93
2870.77
2874.51
2878.19
2881.84
2885.46
2889.07
2892.66
2896.25
2899.82
2903.39
2906.97
2910.58
2914.22
2917.91
2921.65
2925.45
2929.32
2933.28
2937.32
2941.46
2945.71
2950.07
2954.54
2959.14
2963.85
2968.68
2973.62
2978.69
2983.87
2989.17
2994.58
3000.09
3005.69
3011.38
3017.13
3022.96
3028.84
3034.76
3040.71
3046.69
3052.66
3058.65
3064.61
3070.56
3076.45
3082.32
3088.12
3093.86
3099.53
3105.11
3110.61
3116.01
3121.32
3126.5
3131.59
3136.55
3141.41
3146.12
3150.74
3155.21
3159.57
3163.79
3167.9
3171.87
3175.72
3179.45
3183.05
3186.54
3189.9
3193.15
3196.28
3199.31
3202.21
3205.03
3207.71
3210.32
3212.79
3215.2
3217.47
3219.71
3221.77
3223.87
3225.62
3228.99
1299.69
2423.25
2538.18
2546.04
2560.83
2577.49
2598.35
2621.26
2643.99
2664.67
2683.08
2699.63
2714.52
2727.7
2739.25
2749.46
2758.68
2767.13
2774.94
2782.17
2788.9
2795.22
2801.21
2806.89
2812.3
2817.48
2822.47
2827.33
2832.1
2836.81
2841.44
2845.96
2850.36
2854.66
2858.84
2862.91
2866.85
2870.66
2874.39
2878.05
2881.68
2885.3
2888.89
2892.48
2896.05
2899.62
2903.18
2906.76
2910.36
2914
2917.69
2921.43
2925.23
2929.1
2933.06
2937.1
2941.25
2945.49
2949.85
2954.31
2958.89
2963.58
2968.39
2973.33
2978.38
2983.54
2988.82
2994.2
2999.69
3005.26
3010.91
3016.64
3022.43
3028.27
3034.16
3040.07
3046.01
3051.94
3057.9
3063.82
3069.73
3075.59
3081.42
3087.19
3092.9
3098.53
3104.08
3109.55
3114.92
3120.2
3125.35
3130.42
3135.35
3140.18
3144.87
3149.45
3153.89
3158.23
3162.42
3166.49
3170.43
3174.25
3177.94
3181.5
3184.95
3188.27
3191.48
3194.56
3197.54
3200.39
3203.16
3205.79
3208.34
3210.76
3213.11
3215.33
3217.49
3219.51
3221.52
3223.14
3226.49
1299.16
2418.92
2537.05
2545.62
2560.56
2577.31
2598.27
2621.23
2643.99
2664.68
2683.08
2699.63
2714.51
2727.68
2739.23
2749.43
2758.64
2767.1
2774.91
2782.14
2788.87
2795.2
2801.18
2806.87
2812.28
2817.46
2822.45
2827.31
2832.09
2836.8
2841.42
2845.93
2850.33
2854.61
2858.79
2862.84
2866.76
2870.55
2874.26
2877.91
2881.52
2885.12
2888.71
2892.29
2895.85
2899.4
2902.96
2906.53
2910.13
2913.76
2917.44
2921.18
2924.98
2928.85
2932.8
2936.85
2940.98
2945.22
2949.56
2954.02
2958.58
2963.26
2968.05
2972.95
2977.97
2983.1
2988.33
2993.66
2999.1
3004.61
3010.21
3015.87
3021.6
3027.37
3033.19
3039.03
3044.9
3050.76
3056.64
3062.49
3068.32
3074.11
3079.87
3085.56
3091.2
3096.76
3102.24
3107.64
3112.93
3118.14
3123.23
3128.22
3133.08
3137.84
3142.46
3146.98
3151.35
3155.61
3159.74
3163.74
3167.62
3171.37
3175
3178.5
3181.89
3185.15
3188.31
3191.33
3194.27
3197.07
3199.79
3202.38
3204.88
3207.27
3209.58
3211.77
3213.9
3215.89
3217.86
3219.36
3222.78
1298.43
2414.36
2535.94
2545.21
2560.29
2577.14
2598.18
2621.21
2643.99
2664.67
2683.08
2699.62
2714.5
2727.66
2739.2
2749.4
2758.61
2767.07
2774.88
2782.11
2788.84
2795.17
2801.16
2806.84
2812.26
2817.44
2822.43
2827.3
2832.07
2836.78
2841.39
2845.9
2850.29
2854.56
2858.72
2862.76
2866.66
2870.44
2874.12
2877.75
2881.36
2884.94
2888.52
2892.08
2895.63
2899.17
2902.72
2906.28
2909.87
2913.5
2917.17
2920.9
2924.7
2928.56
2932.51
2936.54
2940.67
2944.89
2949.22
2953.65
2958.19
2962.83
2967.59
2972.45
2977.43
2982.51
2987.69
2992.97
2998.34
3003.79
3009.32
3014.91
3020.57
3026.26
3032
3037.76
3043.55
3049.34
3055.13
3060.9
3066.65
3072.36
3078.03
3083.65
3089.2
3094.69
3100.09
3105.41
3110.64
3115.77
3120.79
3125.71
3130.51
3135.2
3139.76
3144.21
3148.52
3152.72
3156.78
3160.72
3164.53
3168.22
3171.78
3175.22
3178.53
3181.73
3184.81
3187.77
3190.63
3193.36
3196
3198.52
3200.95
3203.26
3205.49
3207.61
3209.67
3211.6
3213.49
3214.84
3218.26
1297.49
2409.57
2534.85
2544.8
2560.01
2576.96
2598.1
2621.18
2643.98
2664.67
2683.08
2699.61
2714.48
2727.64
2739.17
2749.37
2758.58
2767.03
2774.84
2782.07
2788.8
2795.13
2801.13
2806.82
2812.23
2817.41
2822.41
2827.28
2832.05
2836.75
2841.37
2845.87
2850.25
2854.51
2858.66
2862.67
2866.55
2870.31
2873.98
2877.59
2881.18
2884.75
2888.31
2891.86
2895.4
2898.93
2902.46
2906.02
2909.6
2913.21
2916.88
2920.6
2924.39
2928.24
2932.18
2936.2
2940.31
2944.51
2948.81
2953.22
2957.72
2962.33
2967.05
2971.86
2976.78
2981.8
2986.92
2992.12
2997.41
3002.78
3008.22
3013.72
3019.27
3024.87
3030.51
3036.16
3041.84
3047.51
3053.19
3058.85
3064.49
3070.08
3075.64
3081.15
3086.59
3091.97
3097.27
3102.49
3107.61
3112.64
3117.56
3122.38
3127.08
3131.68
3136.15
3140.5
3144.73
3148.83
3152.81
3156.67
3160.4
3164
3167.49
3170.85
3174.09
3177.21
3180.22
3183.12
3185.91
3188.58
3191.15
3193.6
3195.97
3198.21
3200.39
3202.45
3204.45
3206.31
3208.15
3209.35
3212.75
1296.31
2404.56
2533.8
2544.4
2559.73
2576.78
2598.01
2621.15
2643.97
2664.67
2683.08
2699.61
2714.47
2727.61
2739.14
2749.33
2758.54
2766.99
2774.81
2782.03
2788.77
2795.1
2801.09
2806.78
2812.2
2817.39
2822.39
2827.25
2832.03
2836.72
2841.33
2845.83
2850.2
2854.45
2858.59
2862.58
2866.44
2870.18
2873.83
2877.42
2880.99
2884.55
2888.1
2891.63
2895.16
2898.67
2902.19
2905.73
2909.3
2912.91
2916.56
2920.27
2924.04
2927.88
2931.8
2935.8
2939.89
2944.07
2948.34
2952.71
2957.18
2961.74
2966.4
2971.16
2976.02
2980.96
2986
2991.12
2996.32
3001.59
3006.93
3012.32
3017.77
3023.25
3028.77
3034.3
3039.85
3045.4
3050.96
3056.49
3062
3067.47
3072.9
3078.28
3083.6
3088.85
3094.03
3099.13
3104.13
3109.05
3113.86
3118.57
3123.17
3127.67
3132.03
3136.3
3140.43
3144.45
3148.34
3152.11
3155.75
3159.27
3162.68
3165.96
3169.12
3172.16
3175.09
3177.91
3180.62
3183.21
3185.71
3188.09
3190.38
3192.56
3194.66
3196.65
3198.58
3200.38
3202.15
3203.22
3206.57
1294.93
2399.25
2532.77
2544
2559.45
2576.61
2597.92
2621.12
2643.97
2664.66
2683.07
2699.59
2714.45
2727.58
2739.1
2749.29
2758.5
2766.95
2774.76
2781.99
2788.73
2795.06
2801.06
2806.75
2812.17
2817.36
2822.36
2827.22
2832
2836.69
2841.3
2845.79
2850.15
2854.39
2858.51
2862.49
2866.32
2870.04
2873.67
2877.24
2880.8
2884.34
2887.87
2891.39
2894.9
2898.4
2901.9
2905.43
2908.98
2912.57
2916.21
2919.91
2923.66
2927.49
2931.39
2935.37
2939.43
2943.58
2947.82
2952.14
2956.56
2961.07
2965.67
2970.36
2975.14
2980
2984.95
2989.97
2995.06
3000.21
3005.43
3010.7
3016.01
3021.35
3026.73
3032.12
3037.53
3042.93
3048.33
3053.7
3059.06
3064.38
3069.66
3074.89
3080.06
3085.17
3090.21
3095.17
3100.04
3104.82
3109.5
3114.09
3118.57
3122.94
3127.2
3131.35
3135.37
3139.29
3143.07
3146.75
3150.3
3153.73
3157.05
3160.24
3163.32
3166.29
3169.15
3171.89
3174.53
3177.06
3179.49
3181.8
3184.03
3186.15
3188.19
3190.12
3192
3193.74
3195.47
3196.42
3199.75
1293.4
2393.76
2531.77
2543.61
2559.17
2576.43
2597.84
2621.09
2643.96
2664.65
2683.06
2699.58
2714.43
2727.55
2739.07
2749.25
2758.45
2766.91
2774.72
2781.95
2788.69
2795.02
2801.02
2806.71
2812.13
2817.32
2822.32
2827.19
2831.97
2836.66
2841.26
2845.74
2850.09
2854.32
2858.42
2862.38
2866.2
2869.89
2873.5
2877.06
2880.6
2884.13
2887.64
2891.14
2894.63
2898.11
2901.6
2905.1
2908.64
2912.22
2915.84
2919.52
2923.25
2927.06
2930.93
2934.89
2938.92
2943.03
2947.23
2951.5
2955.87
2960.31
2964.84
2969.46
2974.15
2978.92
2983.76
2988.67
2993.64
2998.67
3003.76
3008.88
3014.05
3019.24
3024.46
3029.69
3034.94
3040.17
3045.4
3050.61
3055.8
3060.95
3066.06
3071.11
3076.12
3081.05
3085.92
3090.71
3095.43
3100.05
3104.58
3109.03
3113.36
3117.6
3121.73
3125.76
3129.67
3133.47
3137.16
3140.73
3144.19
3147.54
3150.77
3153.88
3156.89
3159.78
3162.56
3165.24
3167.81
3170.28
3172.64
3174.9
3177.07
3179.13
3181.12
3183.01
3184.83
3186.52
3188.21
3189.04
3192.36
1291.79
2387.87
2530.79
2543.22
2558.89
2576.26
2597.75
2621.05
2643.94
2664.64
2683.05
2699.57
2714.4
2727.52
2739.03
2749.21
2758.41
2766.86
2774.68
2781.91
2788.64
2794.98
2800.98
2806.67
2812.1
2817.29
2822.29
2827.16
2831.93
2836.63
2841.22
2845.69
2850.03
2854.25
2858.33
2862.27
2866.07
2869.74
2873.33
2876.87
2880.39
2883.9
2887.39
2890.87
2894.34
2897.8
2901.27
2904.76
2908.28
2911.83
2915.44
2919.09
2922.81
2926.59
2930.44
2934.36
2938.36
2942.43
2946.57
2950.8
2955.1
2959.47
2963.93
2968.45
2973.04
2977.71
2982.43
2987.21
2992.05
2996.94
3001.87
3006.84
3011.84
3016.86
3021.9
3026.95
3032.01
3037.06
3042.09
3047.11
3052.1
3057.06
3061.97
3066.84
3071.65
3076.41
3081.09
3085.71
3090.25
3094.71
3099.09
3103.37
3107.56
3111.65
3115.64
3119.53
3123.31
3126.99
3130.56
3134.02
3137.37
3140.62
3143.76
3146.79
3149.71
3152.53
3155.24
3157.85
3160.36
3162.77
3165.08
3167.28
3169.4
3171.42
3173.37
3175.21
3176.98
3178.58
3180.29
3181.04
3184.35
1290.09
2381.81
2529.85
2542.83
2558.61
2576.08
2597.66
2621.02
2643.93
2664.63
2683.03
2699.55
2714.38
2727.49
2738.99
2749.16
2758.36
2766.82
2774.63
2781.86
2788.6
2794.94
2800.94
2806.63
2812.05
2817.25
2822.25
2827.12
2831.9
2836.59
2841.18
2845.64
2849.97
2854.17
2858.23
2862.15
2865.93
2869.58
2873.15
2876.67
2880.17
2883.66
2887.14
2890.59
2894.04
2897.48
2900.93
2904.39
2907.89
2911.43
2915.01
2918.64
2922.33
2926.09
2929.9
2933.79
2937.75
2941.77
2945.86
2950.03
2954.26
2958.56
2962.92
2967.35
2971.84
2976.38
2980.98
2985.63
2990.33
2995.06
2999.83
3004.63
3009.45
3014.29
3019.14
3024
3028.85
3033.69
3038.53
3043.33
3048.11
3052.85
3057.54
3062.19
3066.79
3071.32
3075.8
3080.2
3084.53
3088.79
3092.96
3097.06
3101.07
3104.99
3108.82
3112.56
3116.2
3119.75
3123.19
3126.54
3129.79
3132.94
3135.99
3138.94
3141.79
3144.54
3147.2
3149.75
3152.21
3154.57
3156.84
3159.01
3161.1
3163.09
3165.02
3166.8
3168.55
3170.01
3171.77
3172.52
3175.87
1288.06
2375.26
2528.93
2542.44
2558.32
2575.91
2597.57
2620.98
2643.92
2664.62
2683.02
2699.53
2714.35
2727.45
2738.95
2749.11
2758.31
2766.76
2774.58
2781.81
2788.55
2794.89
2800.89
2806.59
2812.01
2817.2
2822.21
2827.08
2831.86
2836.54
2841.13
2845.58
2849.9
2854.08
2858.13
2862.03
2865.78
2869.41
2872.96
2876.46
2879.95
2883.42
2886.87
2890.3
2893.72
2897.14
2900.56
2904.01
2907.48
2911
2914.55
2918.16
2921.82
2925.54
2929.33
2933.17
2937.08
2941.06
2945.09
2949.19
2953.34
2957.56
2961.83
2966.15
2970.52
2974.94
2979.4
2983.9
2988.43
2992.99
2997.58
3002.19
3006.82
3011.45
3016.09
3020.73
3025.36
3029.98
3034.58
3039.15
3043.69
3048.19
3052.65
3057.06
3061.43
3065.74
3069.99
3074.18
3078.3
3082.35
3086.32
3090.22
3094.03
3097.77
3101.42
3104.98
3108.46
3111.85
3115.14
3118.35
3121.47
3124.5
3127.44
3130.29
3133.05
3135.73
3138.31
3140.8
3143.21
3145.53
3147.76
3149.9
3151.97
3153.93
3155.84
3157.61
3159.36
3160.75
3162.54
3163.29
3166.67
2683
2699.5
2714.32
2727.42
2738.9
2749.07
2758.26
2766.71
2774.52
2781.75
2788.5
2794.84
2800.84
2806.54
2811.96
2817.16
2822.17
2827.04
2831.82
2836.5
2841.08
2845.52
2849.82
2853.99
2858.02
2861.9
2865.63
2869.24
2872.77
2876.25
2879.72
2883.16
2886.59
2890
2893.4
2896.79
2900.19
2903.61
2907.06
2910.55
2914.08
2917.66
2921.29
2924.98
2928.72
2932.53
2936.39
2940.31
2944.28
2948.3
2952.38
2956.51
2960.68
2964.89
2969.14
2973.43
2977.74
2982.08
2986.45
2990.84
2995.24
2999.66
3004.08
3008.5
3012.92
3017.33
3021.73
3026.1
3030.45
3034.77
3039.05
3043.29
3047.49
3051.64
3055.74
3059.77
3063.76
3067.67
3071.53
3075.32
3079.04
3082.69
3086.27
3089.78
3093.22
3096.59
3099.87
3103.09
3106.22
3109.28
3112.26
3115.17
3117.99
3120.74
3123.41
3126
3128.52
3130.95
3133.31
3135.59
3137.8
3139.92
3141.98
3143.93
3145.85
3147.62
3149.38
3150.73
3152.57
3153.34
3156.84
2682.98
2699.48
2714.29
2727.38
2738.86
2749.02
2758.21
2766.66
2774.47
2781.7
2788.45
2794.79
2800.79
2806.49
2811.92
2817.11
2822.13
2827
2831.77
2836.45
2841.02
2845.46
2849.75
2853.9
2857.91
2861.77
2865.48
2869.07
2872.58
2876.04
2879.49
2882.91
2886.31
2889.7
2893.07
2896.44
2899.81
2903.21
2906.63
2910.09
2913.59
2917.14
2920.74
2924.39
2928.1
2931.86
2935.67
2939.53
2943.44
2947.39
2951.38
2955.42
2959.48
2963.58
2967.7
2971.85
2976.01
2980.19
2984.38
2988.58
2992.79
2996.99
3001.19
3005.39
3009.57
3013.73
3017.88
3021.99
3026.08
3030.12
3034.13
3038.1
3042.02
3045.89
3049.71
3053.48
3057.19
3060.84
3064.42
3067.95
3071.41
3074.8
3078.13
3081.39
3084.58
3087.7
3090.75
3093.74
3096.65
3099.5
3102.28
3105
3107.65
3110.23
3112.75
3115.22
3117.61
3119.95
3122.22
3124.43
3126.58
3128.66
3130.69
3132.64
3134.55
3136.34
3138.13
3139.51
3141.39
3142.14
3145.83
2682.97
2699.46
2714.26
2727.34
2738.81
2748.97
2758.16
2766.61
2774.42
2781.65
2788.39
2794.74
2800.74
2806.44
2811.87
2817.07
2822.08
2826.96
2831.73
2836.41
2840.97
2845.39
2849.67
2853.8
2857.79
2861.64
2865.33
2868.9
2872.39
2875.83
2879.25
2882.65
2886.03
2889.39
2892.73
2896.08
2899.43
2902.8
2906.19
2909.62
2913.1
2916.61
2920.18
2923.79
2927.46
2931.17
2934.93
2938.73
2942.57
2946.44
2950.35
2954.29
2958.26
2962.24
2966.23
2970.24
2974.25
2978.27
2982.29
2986.3
2990.32
2994.32
2998.31
3002.28
3006.23
3010.16
3014.06
3017.91
3021.74
3025.51
3029.25
3032.93
3036.57
3040.14
3043.66
3047.12
3050.51
3053.84
3057.11
3060.32
3063.47
3066.56
3069.58
3072.55
3075.45
3078.29
3081.07
3083.8
3086.46
3089.06
3091.61
3094.1
3096.53
3098.9
3101.23
3103.5
3105.72
3107.9
3110.02
3112.09
3114.12
3116.1
3118.04
3119.92
3121.78
3123.55
3125.33
3126.71
3128.58
3129.22
3133.16
2682.94
2699.43
2714.23
2727.3
2738.76
2748.91
2758.1
2766.55
2774.36
2781.59
2788.34
2794.68
2800.69
2806.39
2811.82
2817.02
2822.03
2826.91
2831.68
2836.35
2840.91
2845.32
2849.58
2853.7
2857.68
2861.5
2865.17
2868.72
2872.19
2875.61
2879.01
2882.39
2885.74
2889.07
2892.38
2895.7
2899.02
2902.37
2905.73
2909.13
2912.57
2916.06
2919.58
2923.16
2926.78
2930.44
2934.14
2937.88
2941.65
2945.45
2949.27
2953.11
2956.97
2960.83
2964.69
2968.55
2972.4
2976.25
2980.08
2983.91
2987.71
2991.5
2995.26
2999
3002.71
3006.39
3010.03
3013.62
3017.18
3020.69
3024.15
3027.56
3030.91
3034.21
3037.45
3040.63
3043.75
3046.82
3049.82
3052.76
3055.64
3058.46
3061.21
3063.9
3066.53
3069.09
3071.6
3074.04
3076.42
3078.75
3081.02
3083.23
3085.38
3087.49
3089.54
3091.55
3093.51
3095.42
3097.3
3099.14
3100.94
3102.71
3104.46
3106.17
3107.87
3109.52
3111.21
3112.5
3114.22
3114.55
3118.6
2682.92
2699.4
2714.19
2727.25
2738.71
2748.86
2758.04
2766.49
2774.3
2781.53
2788.28
2794.63
2800.63
2806.34
2811.77
2816.97
2821.98
2826.86
2831.63
2836.3
2840.84
2845.24
2849.49
2853.59
2857.55
2861.36
2865.01
2868.54
2871.99
2875.39
2878.76
2882.11
2885.43
2888.73
2892.02
2895.31
2898.6
2901.91
2905.25
2908.62
2912.03
2915.47
2918.96
2922.49
2926.06
2929.67
2933.31
2936.98
2940.68
2944.4
2948.13
2951.87
2955.61
2959.35
2963.08
2966.79
2970.48
2974.16
2977.81
2981.44
2985.04
2988.61
2992.15
2995.66
2999.13
3002.56
3005.94
3009.28
3012.56
3015.8
3018.98
3022.11
3025.17
3028.17
3031.11
3033.99
3036.81
3039.56
3042.26
3044.9
3047.48
3050.01
3052.48
3054.9
3057.26
3059.57
3061.84
3064.05
3066.21
3068.32
3070.38
3072.39
3074.34
3076.25
3078.1
3079.91
3081.66
3083.37
3085.02
3086.63
3088.19
3089.71
3091.19
3092.63
3094.03
3095.4
3096.76
3097.73
3099.11
3099.13
3103.22
2682.9
2699.37
2714.15
2727.21
2738.66
2748.8
2757.99
2766.43
2774.24
2781.47
2788.22
2794.57
2800.58
2806.28
2811.71
2816.91
2821.93
2826.81
2831.58
2836.24
2840.77
2845.16
2849.4
2853.48
2857.42
2861.21
2864.84
2868.35
2871.78
2875.15
2878.5
2881.82
2885.11
2888.38
2891.64
2894.9
2898.16
2901.44
2904.74
2908.08
2911.44
2914.85
2918.29
2921.78
2925.3
2928.85
2932.43
2936.03
2939.65
2943.29
2946.92
2950.55
2954.18
2957.78
2961.36
2964.91
2968.43
2971.92
2975.38
2978.79
2982.17
2985.51
2988.81
2992.06
2995.26
2998.42
3001.52
3004.57
3007.56
3010.51
3013.39
3016.21
3018.97
3021.67
3024.31
3026.89
3029.41
3031.88
3034.28
3036.63
3038.92
3041.16
3043.34
3045.46
3047.54
3049.57
3051.55
3053.48
3055.36
3057.2
3058.98
3060.71
3062.39
3064.02
3065.59
3067.1
3068.55
3069.94
3071.26
3072.52
3073.7
3074.81
3075.86
3076.83
3077.71
3078.48
3079.37
3079.74
3080.49
3080.12
3082.8
2849.3
2853.37
2857.29
2861.06
2864.67
2868.16
2871.56
2874.91
2878.22
2881.51
2884.77
2888.01
2891.24
2894.47
2897.7
2900.94
2904.21
2907.51
2910.83
2914.2
2917.6
2921.03
2924.5
2927.99
2931.5
2935.03
2938.57
2942.12
2945.65
2949.17
2952.67
2956.14
2959.58
2962.97
2966.32
2969.62
2972.88
2976.09
2979.24
2982.35
2985.4
2988.4
2991.34
2994.22
2997.04
2999.8
3002.5
3005.13
3007.69
3010.19
3012.61
3014.96
3017.25
3019.47
3021.62
3023.7
3025.72
3027.67
3029.57
3031.4
3033.19
3034.92
3036.61
3038.25
3039.86
3041.42
3042.94
3044.43
3045.87
3047.29
3048.66
3049.99
3051.27
3052.51
3053.69
3054.82
3055.9
3056.91
3057.85
3058.73
3059.54
3060.26
3060.94
3061.3
3062.1
3062.31
3062.88
3062.69
3064.02
2871.33
2874.65
2877.94
2881.2
2884.42
2887.63
2890.83
2894.02
2897.21
2900.42
2903.65
2906.91
2910.19
2913.51
2916.86
2920.24
2923.65
2927.08
2930.53
2933.98
2937.44
2940.89
2944.32
2947.73
2951.1
2954.43
2957.71
2960.94
2964.1
2967.21
2970.25
2973.23
2976.15
2979
2981.79
2984.51
2987.16
2989.74
2992.25
2994.7
2997.07
2999.37
3001.59
3003.74
3005.83
3007.84
3009.78
3011.65
3013.44
3015.16
3016.81
3018.4
3019.92
3021.38
3022.79
3024.15
3025.45
3026.71
3027.92
3029.09
3030.22
3031.32
3032.39
3033.43
3034.44
3035.43
3036.39
3037.33
3038.23
3039.1
3039.93
3040.7
3041.43
3042.11
3042.73
3043.26
3043.81
3044.04
3044.65
3044.78
3045.28
3045.21
3046.15
2874.39
2877.64
2880.87
2884.07
2887.24
2890.4
2893.56
2896.72
2899.89
2903.08
2906.29
2909.53
2912.8
2916.1
2919.42
2922.77
2926.13
2929.51
2932.88
2936.26
2939.61
2942.94
2946.23
2949.48
2952.67
2955.8
2958.86
2961.85
2964.77
2967.6
2970.37
2973.06
2975.67
2978.2
2980.66
2983.04
2985.34
2987.56
2989.71
2991.77
2993.74
2995.63
2997.43
2999.16
3000.8
3002.36
3003.83
3005.22
3006.53
3007.76
3008.92
3010.01
3011.03
3011.99
3012.9
3013.74
3014.52
3015.26
3015.94
3016.59
3017.22
3017.83
3018.45
3019.09
3019.76
3020.47
3021.23
3022.06
3022.95
3023.9
3024.89
3025.92
3026.96
3027.98
3028.95
3029.96
3030.57
3031.6
3032.12
3032.83
3032.8
3034.07
2874.12
2877.34
2880.53
2883.7
2886.83
2889.96
2893.08
2896.2
2899.33
2902.48
2905.65
2908.84
2912.06
2915.3
2918.57
2921.85
2925.15
2928.45
2931.75
2935.03
2938.29
2941.52
2944.7
2947.82
2950.88
2953.87
2956.77
2959.59
2962.32
2964.97
2967.52
2969.99
2972.36
2974.65
2976.84
2978.94
2980.95
2982.87
2984.7
2986.43
2988.07
2989.62
2991.08
2992.46
2993.77
2994.97
2996.09
2997.12
2998.07
2998.94
2999.73
3000.45
3001.09
3001.66
3002.19
3002.65
3003.05
3003.4
3003.69
3003.91
3004.08
3004.23
3004.37
3004.55
3004.78
3005.09
3005.5
3006.05
3006.72
3007.54
3008.49
3009.54
3010.65
3011.78
3012.86
3013.92
3014.87
3015.71
3016.83
3017.58
3018.04
3018.38
2873.85
2877.05
2880.2
2883.33
2886.44
2889.53
2892.61
2895.7
2898.79
2901.9
2905.02
2908.17
2911.35
2914.54
2917.75
2920.98
2924.21
2927.45
2930.68
2933.89
2937.07
2940.2
2943.28
2946.29
2949.22
2952.07
2954.82
2957.48
2960.03
2962.48
2964.83
2967.09
2969.23
2971.29
2973.24
2975.09
2976.85
2978.52
2980.09
2981.56
2982.94
2984.23
2985.42
2986.53
2987.58
2988.5
2989.36
2990.13
2990.82
2991.43
2991.96
2992.41
2992.8
2993.1
2993.36
2993.54
2993.63
2993.66
2993.54
2993.37
2993.09
2992.77
2992.43
2992.11
2991.84
2991.69
2991.69
2991.94
2992.48
2993.43
2994.8
2996.57
2998.6
3001.03
3003.38
3005.62
3007.69
3009.97
3012.43
3015.47
3019.02
3022.8
)
;

boundaryField
{
    inlet
    {
        type            fixedValue;
        value           uniform 2790;
    }
    obstacle
    {
        type            zeroGradient;
    }
    bottom
    {
        type            symmetry;
    }
    outlet
    {
        type            zeroGradient;
    }
    top
    {
        type            symmetry;
    }
    defaultFaces
    {
        type            empty;
    }
    procBoundary1to0
    {
        type            processor;
        value           nonuniform List<scalar> 
90
(
1285.28
2368.53
2528.05
2542.05
2558.04
2575.74
2597.47
2620.95
2643.9
2664.61
2664.61
2664.59
2664.58
2664.56
2664.55
2664.53
2682.87
2699.34
2714.11
2727.16
2738.61
2748.75
2757.92
2766.37
2774.18
2781.41
2788.16
2794.51
2800.52
2806.22
2811.65
2816.86
2821.88
2826.76
2831.52
2836.17
2840.7
2845.08
2845.08
2849.19
2853.25
2857.16
2860.9
2864.49
2867.95
2867.95
2871.09
2871.09
2870.85
2870.62
2870.91
2873.79
2876.61
2879.39
2882.12
2884.83
2887.51
2890.18
2892.83
2895.47
2898.1
2900.73
2903.36
2905.99
2908.61
2911.24
2913.86
2916.46
2919.06
2921.62
2924.16
2926.65
2929.1
2931.48
2933.8
2936.04
2938.19
2940.26
2942.22
2944.08
2945.8
2947.4
2948.89
2950.25
2951.47
2952.54
2953.46
2954.24
2954.9
2955.45
)
;
    }
    procBoundary1to2
    {
        type            processor;
        value           nonuniform List<scalar> 
42
(
2955.86
2956.14
2956.3
2956.32
2956.21
2956.02
2955.73
2955.37
2954.93
2954.41
2953.81
2953.14
2952.4
2951.6
2950.74
2949.82
2948.87
2947.82
2946.96
2945.95
2944.97
2943.96
2942.92
2941.86
2940.78
2939.66
2938.52
2937.34
2936.13
2934.97
2933.79
2932.72
2931.55
2930.53
2929.32
2928.4
2927.14
2926.28
2924.92
2924.17
2922.78
2922.38
)
;
    }
    procBoundary1to7
    {
        type            processor;
        value           nonuniform List<scalar> 
126
(
1254.29
2433.61
2617.78
2617.78
2604.42
2599.17
2600.69
2608.85
2622.99
2640.92
2660.17
2678.81
2696.03
2711.76
2725.92
2738.3
2748.98
2758.27
2766.58
2774.17
2781.18
2787.67
2793.73
2799.47
2804.97
2810.27
2815.36
2820.24
2824.96
2829.56
2834.08
2838.54
2842.96
2847.37
2851.79
2856.21
2860.61
2864.98
2869.29
2873.53
2877.68
2881.73
2885.65
2889.44
2893.09
2896.61
2899.98
2903.18
2906.21
2909.05
2911.69
2914.09
2914.09
2916.26
2918.19
2918.19
2919.86
2921.29
2921.29
2922.45
2923.32
2923.92
2924.21
2924.21
2923.88
2923.27
2922.37
2921.18
2919.72
2917.99
2916
2913.76
2911.29
2908.6
2905.71
2902.64
2899.4
2896.02
2892.49
2888.87
2885.13
2881.33
2877.46
2873.54
2869.59
2865.62
2861.64
2857.68
2853.73
2849.81
2845.92
2842.08
2838.29
2834.57
2830.91
2827.32
2823.81
2820.37
2817.02
2813.76
2810.58
2807.48
2804.48
2801.57
2798.74
2796.01
2793.36
2790.81
2788.34
2785.95
2783.65
2781.44
2779.31
2777.26
2775.28
2773.39
2771.56
2769.81
2768.14
2766.52
2764.96
2763.64
2762.18
2766.78
2766.78
2764.12
)
;
    }
}


// ************************************************************************* //
