/*--------------------------------*- C++ -*----------------------------------*\
| =========                 |                                                 |
| \\      /  F ield         | OpenFOAM: The Open Source CFD Toolbox           |
|  \\    /   O peration     | Version:  2412                                  |
|   \\  /    A nd           | Website:  www.openfoam.com                      |
|    \\/     M anipulation  |                                                 |
\*---------------------------------------------------------------------------*/
FoamFile
{
    version     2.0;
    format      ascii;
    arch        "LSB;label=32;scalar=64";
    class       volScalarField;
    location    "0.042";
    object      p;
}
// * * * * * * * * * * * * * * * * * * * * * * * * * * * * * * * * * * * * * //

dimensions      [1 -1 -2 0 0 0 0];

internalField   nonuniform List<scalar> 
9859
(
2784.12
2783.37
2783.14
2782.73
2782.23
2781.6
2780.82
2779.9
2778.86
2777.92
2777.27
2777.01
2777.03
2777.22
2777.45
2777.62
2777.7
2777.76
2777.9
2778.2
2778.72
2779.42
2780.19
2780.96
2781.7
2782.45
2783.29
2784.24
2785.26
2786.28
2787.23
2788.11
2788.96
2789.86
2790.82
2791.81
2792.73
2793.57
2794.34
2795.12
2795.93
2796.77
2797.54
2798.21
2798.79
2799.33
2799.87
2800.39
2800.85
2801.19
2801.45
2801.68
2801.91
2802.11
2802.24
2802.25
2802.2
2802.1
2801.97
2801.79
2801.5
2801.06
2800.46
2799.69
2798.71
2797.52
2796.15
2794.58
2792.81
2784.07
2783.31
2783.07
2782.64
2782.13
2781.47
2780.67
2779.72
2778.65
2777.68
2776.99
2776.7
2776.7
2776.87
2777.09
2777.24
2777.31
2777.35
2777.48
2777.77
2778.28
2778.97
2779.73
2780.5
2781.23
2781.98
2782.82
2783.76
2784.79
2785.81
2786.76
2787.65
2788.51
2789.42
2790.39
2791.39
2792.33
2793.17
2793.96
2794.75
2795.59
2796.44
2797.23
2797.91
2798.5
2799.06
2799.62
2800.16
2800.63
2800.99
2801.27
2801.52
2801.77
2801.99
2802.13
2802.16
2802.12
2802.04
2801.93
2801.76
2801.48
2801.06
2800.46
2799.7
2798.72
2797.53
2796.15
2794.58
2792.78
2791.21
2790.85
2791.1
2792.05
2792.84
2794.83
2801.63
2802.15
2802.64
2803.17
2803.65
2804.18
2804.66
2805.14
2805.57
2806
2806.45
2806.85
2807.29
2807.52
2807.58
2807.73
2807.69
2807.43
2806.91
2806.11
2804.99
2803.56
2801.86
2799.81
2797.22
2793.94
2790.06
2785.56
2780.67
2776.28
2772.48
2770.3
2770.44
2772.7
2778.14
2785.13
2790.81
2784.03
2783.26
2783
2782.56
2782.03
2781.35
2780.51
2779.53
2778.43
2777.43
2776.71
2776.39
2776.36
2776.51
2776.71
2776.84
2776.9
2776.93
2777.04
2777.32
2777.82
2778.5
2779.26
2780.01
2780.74
2781.49
2782.32
2783.27
2784.29
2785.32
2786.28
2787.17
2788.04
2788.96
2789.94
2790.95
2791.9
2792.77
2793.57
2794.38
2795.23
2796.09
2796.9
2797.6
2798.21
2798.78
2799.36
2799.92
2800.41
2800.79
2801.09
2801.36
2801.63
2801.86
2802.02
2802.07
2802.04
2801.97
2801.88
2801.73
2801.47
2801.06
2800.47
2799.71
2798.74
2797.54
2796.15
2794.56
2792.76
2791.08
2790.77
2791.31
2791.94
2792.9
2794.97
2796.68
2798.22
2799.09
2799.76
2800.22
2800.62
2800.93
2801.48
2801.93
2802.49
2803
2803.5
2804.03
2804.54
2805.06
2805.53
2805.97
2806.45
2806.89
2807.32
2807.75
2808
2808.08
2808.26
2808.23
2807.99
2807.5
2806.73
2805.64
2804.25
2802.59
2800.58
2798.03
2794.8
2790.95
2786.44
2781.52
2777.04
2773.14
2770.71
2770.55
2772.52
2777.52
2783.9
2788.52
2783.98
2783.2
2782.93
2782.47
2781.92
2781.21
2780.35
2779.34
2778.21
2777.17
2776.41
2776.06
2776
2776.13
2776.31
2776.43
2776.47
2776.49
2776.59
2776.86
2777.35
2778.01
2778.76
2779.51
2780.23
2780.98
2781.81
2782.75
2783.78
2784.81
2785.77
2786.67
2787.55
2788.48
2789.48
2790.5
2791.46
2792.34
2793.16
2793.98
2794.85
2795.73
2796.55
2797.27
2797.9
2798.49
2799.09
2799.67
2800.18
2800.58
2800.9
2801.19
2801.48
2801.73
2801.9
2801.97
2801.96
2801.91
2801.84
2801.7
2801.45
2801.06
2800.48
2799.73
2798.76
2797.56
2796.14
2794.52
2792.73
2791.02
2790.74
2791.39
2791.78
2792.96
2795.1
2796.88
2798.39
2799.33
2800.01
2800.49
2800.9
2801.24
2801.78
2802.25
2802.82
2803.31
2803.86
2804.41
2804.94
2805.46
2805.95
2806.41
2806.88
2807.36
2807.79
2808.23
2808.51
2808.62
2808.81
2808.8
2808.58
2808.11
2807.37
2806.32
2804.97
2803.35
2801.38
2798.89
2795.7
2791.88
2787.37
2782.42
2777.85
2773.85
2771.16
2770.67
2772.33
2776.86
2782.62
2786.09
2783.93
2783.13
2782.86
2782.38
2781.81
2781.08
2780.18
2779.13
2777.97
2776.9
2776.11
2775.72
2775.63
2775.73
2775.89
2776
2776.02
2776.03
2776.12
2776.38
2776.85
2777.51
2778.25
2778.99
2779.71
2780.45
2781.28
2782.22
2783.25
2784.27
2785.24
2786.15
2787.04
2787.98
2788.99
2790.02
2791
2791.9
2792.73
2793.57
2794.46
2795.35
2796.2
2796.93
2797.57
2798.19
2798.8
2799.41
2799.94
2800.36
2800.7
2801.01
2801.32
2801.6
2801.79
2801.87
2801.88
2801.85
2801.79
2801.67
2801.44
2801.06
2800.49
2799.75
2798.79
2797.58
2796.13
2794.47
2792.67
2790.81
2790.65
2791.55
2791.62
2793.06
2795.27
2797.05
2798.59
2799.57
2800.28
2800.77
2801.2
2801.55
2802.09
2802.6
2803.2
2803.71
2804.25
2804.8
2805.35
2805.89
2806.38
2806.85
2807.37
2807.85
2808.3
2808.75
2809.05
2809.17
2809.39
2809.39
2809.19
2808.76
2808.05
2807.04
2805.72
2804.14
2802.22
2799.78
2796.64
2792.86
2788.34
2783.36
2778.69
2774.6
2771.64
2770.79
2772.14
2776.16
2781.25
2783.51
2764.97
2783.88
2783.07
2782.78
2782.29
2781.7
2780.94
2780
2778.92
2777.72
2776.62
2775.79
2775.36
2775.24
2775.32
2775.46
2775.55
2775.56
2775.56
2775.63
2775.88
2776.34
2776.98
2777.72
2778.45
2779.16
2779.9
2780.72
2781.67
2782.69
2783.72
2784.7
2785.61
2786.51
2787.46
2788.48
2789.53
2790.53
2791.43
2792.28
2793.14
2794.04
2794.96
2795.82
2796.57
2797.24
2797.87
2798.51
2799.14
2799.69
2800.13
2800.49
2800.83
2801.16
2801.46
2801.67
2801.77
2801.8
2801.79
2801.75
2801.65
2801.44
2801.07
2800.51
2799.78
2798.82
2797.61
2796.14
2794.46
2792.75
2790.86
2790.65
2791.55
2791.52
2793.16
2795.47
2797.25
2798.78
2799.83
2800.56
2801.07
2801.52
2801.86
2802.45
2802.98
2803.56
2804.08
2804.64
2805.21
2805.78
2806.34
2806.85
2807.34
2807.85
2808.35
2808.82
2809.28
2809.62
2809.76
2809.99
2810.02
2809.84
2809.44
2808.76
2807.78
2806.52
2804.97
2803.1
2800.71
2797.62
2793.87
2789.36
2784.36
2779.58
2775.4
2772.16
2770.92
2771.95
2775.43
2779.8
2780.82
2760.8
2783.84
2783.01
2782.71
2782.2
2781.58
2780.79
2779.82
2778.71
2777.47
2776.33
2775.45
2774.99
2774.84
2774.89
2775.01
2775.08
2775.08
2775.06
2775.12
2775.35
2775.81
2776.44
2777.16
2777.89
2778.6
2779.33
2780.15
2781.09
2782.12
2783.15
2784.13
2785.05
2785.96
2786.92
2787.96
2789.02
2790.03
2790.95
2791.82
2792.7
2793.62
2794.55
2795.43
2796.21
2796.89
2797.55
2798.21
2798.86
2799.43
2799.9
2800.29
2800.64
2801
2801.31
2801.55
2801.67
2801.72
2801.73
2801.71
2801.63
2801.43
2801.08
2800.54
2799.81
2798.86
2797.65
2796.12
2794.33
2792.59
2790.61
2790.76
2791.42
2791.44
2793.3
2795.64
2797.48
2799
2800.09
2800.85
2801.38
2801.84
2802.18
2802.81
2803.35
2803.96
2804.5
2805.06
2805.65
2806.25
2806.8
2807.33
2807.84
2808.38
2808.89
2809.37
2809.85
2810.21
2810.36
2810.63
2810.67
2810.52
2810.14
2809.5
2808.57
2807.34
2805.84
2804.01
2801.68
2798.65
2794.93
2790.42
2785.4
2780.53
2776.24
2772.72
2771.06
2771.76
2774.65
2778.25
2778.04
2756.61
2783.79
2782.95
2782.63
2782.1
2781.46
2780.64
2779.64
2778.48
2777.21
2776.02
2775.11
2774.6
2774.42
2774.44
2774.53
2774.59
2774.58
2774.54
2774.59
2774.81
2775.25
2775.88
2776.59
2777.31
2778.01
2778.74
2779.56
2780.5
2781.53
2782.56
2783.54
2784.47
2785.39
2786.36
2787.41
2788.49
2789.51
2790.45
2791.34
2792.23
2793.17
2794.13
2795.03
2795.82
2796.53
2797.21
2797.89
2798.57
2799.17
2799.66
2800.07
2800.45
2800.83
2801.17
2801.42
2801.57
2801.64
2801.67
2801.67
2801.61
2801.43
2801.1
2800.56
2799.84
2798.9
2797.69
2796.14
2794.28
2792.56
2790.6
2790.9
2791.26
2791.44
2793.49
2795.85
2797.72
2799.22
2800.37
2801.16
2801.71
2802.15
2802.57
2803.19
2803.74
2804.37
2804.92
2805.49
2806.11
2806.72
2807.3
2807.85
2808.37
2808.91
2809.44
2809.94
2810.45
2810.84
2811.01
2811.29
2811.36
2811.24
2810.89
2810.28
2809.39
2808.21
2806.75
2804.96
2802.69
2799.71
2796.03
2791.54
2786.5
2781.53
2777.14
2773.33
2771.22
2771.57
2773.84
2776.62
2775.19
2752.34
2783.74
2782.88
2782.55
2782
2781.33
2780.48
2779.44
2778.25
2776.93
2775.71
2774.75
2774.2
2773.99
2773.98
2774.04
2774.08
2774.05
2774.01
2774.04
2774.25
2774.68
2775.29
2776
2776.71
2777.41
2778.13
2778.95
2779.89
2780.91
2781.95
2782.94
2783.87
2784.79
2785.78
2786.84
2787.93
2788.98
2789.93
2790.84
2791.75
2792.71
2793.69
2794.61
2795.42
2796.15
2796.86
2797.57
2798.27
2798.9
2799.41
2799.85
2800.26
2800.66
2801.02
2801.3
2801.46
2801.55
2801.61
2801.63
2801.6
2801.44
2801.12
2800.59
2799.89
2798.95
2797.7
2796.06
2794.1
2792.32
2790.57
2790.96
2791.02
2791.47
2793.63
2796.08
2797.99
2799.46
2800.66
2801.48
2802.06
2802.43
2802.99
2803.58
2804.16
2804.8
2805.37
2805.96
2806.61
2807.23
2807.82
2808.37
2808.92
2809.49
2810.03
2810.55
2811.08
2811.49
2811.67
2811.99
2812.08
2811.98
2811.67
2811.1
2810.25
2809.11
2807.7
2805.96
2803.74
2800.83
2797.19
2792.71
2787.65
2782.59
2778.08
2773.99
2771.4
2771.37
2773
2774.89
2772.25
2748
2783.69
2782.82
2782.47
2781.9
2781.2
2780.32
2779.24
2778.01
2776.65
2775.38
2774.38
2773.79
2773.54
2773.49
2773.53
2773.56
2773.51
2773.45
2773.47
2773.67
2774.08
2774.69
2775.38
2776.09
2776.78
2777.5
2778.32
2779.25
2780.28
2781.32
2782.31
2783.24
2784.18
2785.18
2786.25
2787.36
2788.42
2789.4
2790.32
2791.25
2792.23
2793.23
2794.17
2795.01
2795.77
2796.5
2797.24
2797.96
2798.62
2799.16
2799.62
2800.06
2800.48
2800.87
2801.17
2801.36
2801.47
2801.55
2801.6
2801.58
2801.45
2801.14
2800.63
2799.93
2798.99
2797.73
2796.06
2794.02
2792.17
2790.68
2790.88
2790.82
2791.57
2793.82
2796.3
2798.28
2799.71
2800.96
2801.81
2802.42
2802.77
2803.41
2803.99
2804.59
2805.25
2805.84
2806.44
2807.11
2807.76
2808.36
2808.95
2809.5
2810.07
2810.64
2811.17
2811.73
2812.18
2812.38
2812.71
2812.84
2812.77
2812.49
2811.96
2811.15
2810.06
2808.69
2806.99
2804.83
2801.99
2798.4
2793.93
2788.87
2783.7
2779.08
2774.69
2771.61
2771.18
2772.12
2773.09
2769.23
2743.53
2783.64
2782.75
2782.39
2781.8
2781.06
2780.15
2779.04
2777.76
2776.36
2775.04
2773.99
2773.35
2773.06
2772.99
2773
2773.01
2772.94
2772.87
2772.88
2773.06
2773.47
2774.06
2774.75
2775.45
2776.14
2776.85
2777.66
2778.6
2779.63
2780.66
2781.66
2782.6
2783.55
2784.56
2785.65
2786.77
2787.84
2788.84
2789.78
2790.73
2791.73
2792.75
2793.72
2794.58
2795.37
2796.12
2796.89
2797.65
2798.33
2798.9
2799.39
2799.85
2800.31
2800.72
2801.04
2801.26
2801.4
2801.5
2801.57
2801.58
2801.46
2801.17
2800.67
2799.98
2799.04
2797.74
2796
2793.82
2791.9
2790.99
2790.59
2790.67
2791.7
2794.02
2796.55
2798.58
2799.98
2801.28
2802.16
2802.77
2803.13
2803.84
2804.43
2805.05
2805.72
2806.33
2806.97
2807.66
2808.32
2808.94
2809.53
2810.11
2810.7
2811.29
2811.84
2812.41
2812.9
2813.11
2813.48
2813.63
2813.59
2813.35
2812.86
2812.09
2811.05
2809.72
2808.08
2805.98
2803.2
2799.66
2795.22
2790.14
2784.89
2780.12
2775.44
2771.86
2770.99
2771.21
2771.19
2766.08
2739.01
2783.6
2782.69
2782.3
2781.69
2780.93
2779.98
2778.82
2777.5
2776.06
2774.69
2773.59
2772.9
2772.57
2772.46
2772.45
2772.43
2772.36
2772.27
2772.27
2772.44
2772.83
2773.41
2774.09
2774.79
2775.47
2776.18
2776.99
2777.93
2778.95
2779.99
2780.99
2781.94
2782.89
2783.91
2785.02
2786.16
2787.25
2788.26
2789.22
2790.2
2791.22
2792.26
2793.25
2794.14
2794.95
2795.74
2796.54
2797.33
2798.04
2798.64
2799.16
2799.65
2800.13
2800.57
2800.92
2801.16
2801.32
2801.45
2801.55
2801.58
2801.49
2801.21
2800.73
2800.04
2799.09
2797.76
2795.96
2793.7
2791.63
2791.42
2790.13
2790.57
2791.84
2794.24
2796.8
2798.91
2800.28
2801.61
2802.52
2803.13
2803.53
2804.3
2804.89
2805.54
2806.22
2806.85
2807.5
2808.21
2808.9
2809.54
2810.16
2810.76
2811.37
2811.98
2812.55
2813.14
2813.64
2813.88
2814.27
2814.46
2814.46
2814.26
2813.8
2813.07
2812.08
2810.8
2809.2
2807.16
2804.46
2800.97
2796.56
2791.48
2786.14
2781.22
2776.25
2772.16
2770.8
2770.26
2769.22
2762.81
2734.46
2783.55
2782.62
2782.22
2781.59
2780.79
2779.8
2778.6
2777.24
2775.74
2774.33
2773.18
2772.44
2772.06
2771.92
2771.88
2771.84
2771.75
2771.64
2771.63
2771.79
2772.17
2772.74
2773.41
2774.11
2774.78
2775.49
2776.3
2777.23
2778.25
2779.3
2780.3
2781.25
2782.22
2783.25
2784.37
2785.52
2786.63
2787.66
2788.64
2789.64
2790.69
2791.76
2792.77
2793.69
2794.53
2795.35
2796.18
2797
2797.74
2798.37
2798.92
2799.44
2799.95
2800.42
2800.79
2801.06
2801.25
2801.4
2801.53
2801.59
2801.52
2801.25
2800.78
2800.1
2799.15
2797.81
2795.94
2793.61
2791.39
2791.84
2789.56
2790.53
2792.04
2794.49
2797.05
2799.25
2800.59
2801.96
2802.89
2803.5
2803.96
2804.78
2805.37
2806.04
2806.73
2807.4
2808.07
2808.81
2809.52
2810.19
2810.83
2811.44
2812.06
2812.69
2813.29
2813.9
2814.43
2814.7
2815.11
2815.33
2815.36
2815.21
2814.79
2814.1
2813.16
2811.93
2810.39
2808.4
2805.77
2802.35
2797.97
2792.89
2787.47
2782.36
2777.11
2772.51
2770.61
2769.28
2767.18
2759.45
2729.86
2783.51
2782.56
2782.14
2781.48
2780.64
2779.61
2778.37
2776.96
2775.42
2773.96
2772.75
2771.96
2771.53
2771.36
2771.28
2771.22
2771.11
2771
2770.97
2771.11
2771.48
2772.04
2772.71
2773.4
2774.07
2774.78
2775.59
2776.52
2777.54
2778.58
2779.59
2780.55
2781.52
2782.57
2783.7
2784.87
2786
2787.05
2788.05
2789.07
2790.14
2791.23
2792.27
2793.22
2794.09
2794.94
2795.81
2796.66
2797.44
2798.1
2798.68
2799.23
2799.77
2800.27
2800.67
2800.96
2801.18
2801.37
2801.52
2801.61
2801.55
2801.3
2800.85
2800.17
2799.19
2797.82
2795.9
2793.53
2791.16
2792.16
2789.05
2790.55
2792.23
2794.74
2797.31
2799.59
2800.92
2802.32
2803.26
2803.93
2804.42
2805.27
2805.89
2806.58
2807.29
2807.98
2808.68
2809.44
2810.17
2810.85
2811.5
2812.15
2812.79
2813.45
2814.07
2814.7
2815.24
2815.54
2815.98
2816.25
2816.32
2816.2
2815.82
2815.18
2814.29
2813.1
2811.62
2809.69
2807.13
2803.78
2799.44
2794.37
2788.87
2783.58
2778.03
2772.92
2770.44
2768.26
2765.09
2756.01
2725.29
2783.47
2782.5
2782.06
2781.37
2780.49
2779.42
2778.14
2776.68
2775.09
2773.57
2772.31
2771.46
2770.98
2770.77
2770.66
2770.58
2770.45
2770.32
2770.29
2770.42
2770.77
2771.33
2771.99
2772.67
2773.35
2774.05
2774.85
2775.78
2776.8
2777.85
2778.86
2779.83
2780.81
2781.87
2783.01
2784.2
2785.35
2786.42
2787.44
2788.48
2789.58
2790.7
2791.77
2792.74
2793.65
2794.53
2795.44
2796.32
2797.14
2797.83
2798.44
2799.02
2799.59
2800.12
2800.55
2800.87
2801.12
2801.34
2801.52
2801.63
2801.6
2801.36
2800.92
2800.24
2799.23
2797.84
2795.88
2793.47
2791.08
2792.21
2788.62
2790.63
2792.45
2795.01
2797.57
2799.95
2801.28
2802.72
2803.64
2804.33
2804.93
2805.79
2806.44
2807.14
2807.87
2808.58
2809.3
2810.08
2810.84
2811.57
2812.24
2812.9
2813.56
2814.24
2814.89
2815.54
2816.09
2816.45
2816.9
2817.21
2817.31
2817.24
2816.91
2816.31
2815.47
2814.34
2812.91
2811.04
2808.54
2805.27
2800.98
2795.92
2790.36
2784.85
2779
2773.41
2770.26
2767.2
2762.96
2752.5
2720.64
2783.43
2782.44
2781.98
2781.26
2780.34
2779.23
2777.9
2776.39
2774.75
2773.18
2771.86
2770.95
2770.42
2770.16
2770.02
2769.91
2769.77
2769.63
2769.58
2769.7
2770.04
2770.59
2771.25
2771.92
2772.59
2773.3
2774.1
2775.03
2776.05
2777.1
2778.11
2779.09
2780.08
2781.15
2782.31
2783.51
2784.68
2785.77
2786.81
2787.88
2789
2790.15
2791.25
2792.26
2793.19
2794.11
2795.06
2795.98
2796.83
2797.56
2798.2
2798.81
2799.41
2799.97
2800.43
2800.79
2801.07
2801.32
2801.53
2801.67
2801.66
2801.44
2801.01
2800.33
2799.3
2797.85
2795.86
2793.45
2791.18
2791.88
2788.35
2790.72
2792.7
2795.31
2797.85
2800.3
2801.66
2803.14
2804.04
2804.77
2805.47
2806.33
2807.01
2807.72
2808.51
2809.23
2809.98
2810.78
2811.54
2812.29
2812.99
2813.68
2814.39
2815.08
2815.75
2816.42
2816.99
2817.4
2817.86
2818.21
2818.36
2818.34
2818.05
2817.49
2816.7
2815.63
2814.24
2812.44
2810.01
2806.82
2802.59
2797.55
2791.93
2786.22
2780.03
2773.97
2770.11
2766.13
2760.75
2748.91
2716.07
2783.4
2782.39
2781.91
2781.16
2780.19
2779.03
2777.65
2776.09
2774.4
2772.77
2771.39
2770.41
2769.83
2769.53
2769.36
2769.22
2769.06
2768.9
2768.84
2768.95
2769.28
2769.82
2770.48
2771.15
2771.82
2772.52
2773.32
2774.25
2775.28
2776.32
2777.34
2778.33
2779.33
2780.41
2781.59
2782.81
2783.99
2785.1
2786.17
2787.26
2788.41
2789.58
2790.72
2791.76
2792.73
2793.69
2794.67
2795.64
2796.52
2797.28
2797.96
2798.6
2799.23
2799.83
2800.32
2800.71
2801.02
2801.3
2801.56
2801.72
2801.73
2801.53
2801.11
2800.44
2799.37
2797.87
2795.83
2793.41
2791.54
2791.22
2788.25
2790.83
2792.98
2795.64
2798.16
2800.65
2802.07
2803.6
2804.46
2805.26
2806.03
2806.89
2807.61
2808.33
2809.12
2809.88
2810.66
2811.49
2812.3
2813.07
2813.79
2814.51
2815.22
2815.95
2816.65
2817.35
2817.94
2818.38
2818.88
2819.27
2819.46
2819.48
2819.25
2818.73
2818
2816.98
2815.65
2813.9
2811.54
2808.43
2804.27
2799.25
2793.58
2787.65
2781.12
2774.61
2769.98
2765.05
2758.47
2745.2
2711.43
2783.37
2782.34
2781.83
2781.05
2780.04
2778.83
2777.4
2775.79
2774.04
2772.35
2770.91
2769.87
2769.23
2768.88
2768.68
2768.51
2768.33
2768.16
2768.09
2768.18
2768.5
2769.03
2769.68
2770.36
2771.03
2771.73
2772.53
2773.46
2774.48
2775.54
2776.56
2777.55
2778.56
2779.66
2780.85
2782.09
2783.29
2784.42
2785.51
2786.63
2787.8
2789.01
2790.18
2791.26
2792.27
2793.27
2794.29
2795.29
2796.21
2797.01
2797.72
2798.39
2799.06
2799.69
2800.22
2800.64
2800.99
2801.31
2801.59
2801.78
2801.82
2801.63
2801.23
2800.55
2799.45
2797.9
2795.79
2793.33
2792.17
2790.38
2788.31
2790.96
2793.3
2796.02
2798.51
2800.98
2802.52
2804.09
2804.99
2805.77
2806.61
2807.47
2808.23
2808.99
2809.82
2810.6
2811.4
2812.25
2813.09
2813.88
2814.64
2815.38
2816.11
2816.87
2817.6
2818.32
2818.94
2819.43
2819.95
2820.37
2820.61
2820.67
2820.5
2820.03
2819.35
2818.38
2817.11
2815.43
2813.14
2810.1
2806.02
2801.02
2795.31
2789.17
2782.32
2775.31
2769.89
2763.97
2756.17
2741.46
2706.84
2783.35
2782.29
2781.77
2780.95
2779.88
2778.62
2777.14
2775.48
2773.67
2771.92
2770.41
2769.31
2768.61
2768.21
2767.97
2767.77
2767.57
2767.39
2767.3
2767.39
2767.7
2768.22
2768.87
2769.55
2770.22
2770.92
2771.72
2772.65
2773.67
2774.73
2775.76
2776.76
2777.78
2778.89
2780.1
2781.35
2782.58
2783.73
2784.85
2785.99
2787.2
2788.43
2789.63
2790.75
2791.8
2792.84
2793.9
2794.95
2795.91
2796.74
2797.48
2798.2
2798.9
2799.56
2800.13
2800.59
2800.97
2801.32
2801.64
2801.85
2801.92
2801.75
2801.38
2800.7
2799.58
2797.96
2795.76
2793.18
2792.79
2789.52
2788.47
2791.11
2793.65
2796.44
2798.91
2801.28
2803
2804.59
2805.47
2806.33
2807.23
2808.09
2808.9
2809.67
2810.49
2811.33
2812.17
2813.05
2813.91
2814.74
2815.53
2816.29
2817.05
2817.84
2818.61
2819.35
2819.99
2820.53
2821.07
2821.54
2821.82
2821.91
2821.8
2821.38
2820.77
2819.86
2818.64
2817.01
2814.79
2811.84
2807.84
2802.88
2797.11
2790.76
2783.58
2776.11
2769.82
2762.91
2753.85
2737.65
2702.16
2783.33
2782.25
2781.7
2780.85
2779.73
2778.41
2776.88
2775.17
2773.3
2771.48
2769.9
2768.73
2767.97
2767.52
2767.24
2767.01
2766.79
2766.6
2766.5
2766.58
2766.87
2767.38
2768.03
2768.71
2769.38
2770.09
2770.89
2771.82
2772.85
2773.91
2774.94
2775.95
2776.98
2778.11
2779.33
2780.61
2781.85
2783.03
2784.17
2785.34
2786.58
2787.85
2789.09
2790.25
2791.34
2792.42
2793.52
2794.61
2795.61
2796.48
2797.26
2798
2798.75
2799.45
2800.05
2800.55
2800.97
2801.35
2801.7
2801.95
2802.03
2801.89
2801.54
2800.86
2799.71
2798.03
2795.75
2793.01
2793.21
2788.76
2788.74
2791.3
2794.03
2796.9
2799.37
2801.57
2803.52
2805.13
2805.98
2806.94
2807.86
2808.74
2809.58
2810.39
2811.24
2812.11
2812.98
2813.89
2814.79
2815.64
2816.46
2817.25
2818.04
2818.85
2819.65
2820.43
2821.1
2821.68
2822.26
2822.77
2823.07
2823.21
2823.15
2822.8
2822.24
2821.39
2820.24
2818.68
2816.53
2813.65
2809.73
2804.8
2799.01
2792.46
2784.94
2776.95
2769.81
2761.87
2751.49
2733.86
2697.5
2783.32
2782.22
2781.64
2780.75
2779.58
2778.2
2776.61
2774.85
2772.92
2771.03
2769.37
2768.13
2767.31
2766.81
2766.49
2766.24
2765.99
2765.78
2765.67
2765.74
2766.02
2766.52
2767.17
2767.85
2768.53
2769.24
2770.05
2770.98
2772.01
2773.07
2774.11
2775.13
2776.18
2777.32
2778.56
2779.85
2781.12
2782.32
2783.49
2784.69
2785.96
2787.27
2788.54
2789.74
2790.88
2792.01
2793.15
2794.28
2795.31
2796.22
2797.04
2797.82
2798.6
2799.34
2799.99
2800.52
2800.98
2801.4
2801.78
2802.06
2802.17
2802.06
2801.74
2801.05
2799.88
2798.13
2795.75
2792.93
2793.43
2788.19
2789.06
2791.54
2794.46
2797.41
2799.91
2801.87
2804.08
2805.7
2806.56
2807.58
2808.52
2809.43
2810.31
2811.15
2812.02
2812.93
2813.84
2814.78
2815.71
2816.59
2817.44
2818.26
2819.07
2819.92
2820.75
2821.55
2822.27
2822.9
2823.51
2824.04
2824.4
2824.57
2824.57
2824.28
2823.8
2823
2821.9
2820.4
2818.34
2815.53
2811.71
2806.81
2800.97
2794.24
2786.39
2777.87
2769.85
2760.89
2749.15
2730.06
2692.72
2783.33
2782.19
2781.59
2780.65
2779.43
2777.99
2776.35
2774.53
2772.53
2770.57
2768.84
2767.52
2766.64
2766.08
2765.72
2765.44
2765.17
2764.94
2764.83
2764.88
2765.15
2765.64
2766.29
2766.97
2767.66
2768.37
2769.18
2770.12
2771.15
2772.22
2773.27
2774.3
2775.36
2776.52
2777.78
2779.09
2780.38
2781.61
2782.81
2784.04
2785.34
2786.69
2788
2789.25
2790.43
2791.6
2792.79
2793.96
2795.03
2795.98
2796.83
2797.65
2798.47
2799.26
2799.94
2800.51
2801.01
2801.47
2801.89
2802.19
2802.32
2802.26
2801.96
2801.27
2800.05
2798.24
2795.79
2792.99
2793.31
2787.89
2789.35
2791.85
2794.92
2797.95
2800.53
2802.22
2804.7
2806.33
2807.16
2808.25
2809.22
2810.16
2811.07
2811.95
2812.86
2813.79
2814.74
2815.71
2816.67
2817.59
2818.47
2819.33
2820.17
2821.05
2821.92
2822.75
2823.49
2824.17
2824.83
2825.39
2825.8
2826.01
2826.05
2825.83
2825.39
2824.68
2823.66
2822.22
2820.24
2817.48
2813.73
2808.88
2803.02
2796.14
2787.94
2778.83
2769.96
2759.98
2746.84
2726.31
2688.04
2783.34
2782.17
2781.54
2780.56
2779.28
2777.79
2776.09
2774.21
2772.15
2770.11
2768.29
2766.9
2765.95
2765.34
2764.94
2764.62
2764.33
2764.09
2763.96
2764
2764.26
2764.74
2765.39
2766.08
2766.77
2767.49
2768.31
2769.25
2770.29
2771.37
2772.43
2773.47
2774.54
2775.71
2776.99
2778.33
2779.65
2780.9
2782.13
2783.39
2784.73
2786.12
2787.47
2788.76
2789.99
2791.21
2792.44
2793.65
2794.76
2795.75
2796.64
2797.5
2798.36
2799.19
2799.91
2800.53
2801.07
2801.56
2802.01
2802.35
2802.51
2802.48
2802.21
2801.51
2800.24
2798.39
2795.87
2793.19
2792.85
2787.8
2789.65
2792.23
2795.43
2798.52
2801.21
2802.63
2805.39
2806.91
2807.81
2808.96
2809.94
2810.91
2811.88
2812.8
2813.74
2814.71
2815.69
2816.69
2817.69
2818.65
2819.56
2820.45
2821.33
2822.23
2823.13
2824
2824.79
2825.51
2826.21
2826.8
2827.25
2827.53
2827.6
2827.44
2827.1
2826.43
2825.45
2824.08
2822.2
2819.52
2815.86
2811.06
2805.14
2798.11
2789.58
2779.94
2770.14
2759.15
2744.55
2722.56
2683.35
2783.36
2782.16
2781.49
2780.48
2779.13
2777.58
2775.83
2773.89
2771.76
2769.64
2767.73
2766.26
2765.24
2764.58
2764.13
2763.78
2763.47
2763.21
2763.07
2763.1
2763.35
2763.83
2764.47
2765.16
2765.86
2766.59
2767.42
2768.36
2769.41
2770.5
2771.57
2772.63
2773.72
2774.91
2776.21
2777.57
2778.91
2780.2
2781.45
2782.75
2784.13
2785.56
2786.96
2788.29
2789.57
2790.84
2792.11
2793.36
2794.51
2795.54
2796.46
2797.37
2798.27
2799.14
2799.91
2800.57
2801.15
2801.68
2802.16
2802.52
2802.72
2802.74
2802.5
2801.78
2800.43
2798.53
2796.02
2793.51
2792.31
2787.88
2789.97
2792.68
2795.99
2799.13
2801.97
2803.13
2806.14
2807.55
2808.52
2809.7
2810.72
2811.74
2812.72
2813.69
2814.67
2815.67
2816.69
2817.73
2818.76
2819.76
2820.71
2821.63
2822.54
2823.47
2824.42
2825.32
2826.15
2826.92
2827.65
2828.28
2828.78
2829.11
2829.24
2829.13
2828.83
2828.27
2827.37
2826.07
2824.25
2821.62
2818.01
2813.26
2807.37
2800.23
2791.28
2781.11
2770.4
2758.36
2742.33
2718.9
2678.74
2783.39
2782.16
2781.46
2780.4
2778.99
2777.38
2775.57
2773.58
2771.38
2769.17
2767.17
2765.6
2764.52
2763.8
2763.32
2762.93
2762.6
2762.33
2762.17
2762.19
2762.43
2762.89
2763.53
2764.24
2764.95
2765.69
2766.52
2767.47
2768.53
2769.63
2770.72
2771.79
2772.9
2774.11
2775.43
2776.82
2778.19
2779.5
2780.79
2782.12
2783.54
2785.01
2786.46
2787.84
2789.17
2790.49
2791.81
2793.1
2794.29
2795.35
2796.31
2797.26
2798.21
2799.12
2799.94
2800.63
2801.25
2801.82
2802.33
2802.72
2802.96
2803.04
2802.83
2802.09
2800.69
2798.74
2796.13
2793.88
2791.84
2788.09
2790.36
2793.21
2796.61
2799.76
2802.85
2803.75
2806.88
2808.22
2809.27
2810.47
2811.51
2812.58
2813.62
2814.63
2815.64
2816.68
2817.74
2818.82
2819.89
2820.93
2821.92
2822.87
2823.82
2824.79
2825.77
2826.71
2827.59
2828.4
2829.17
2829.83
2830.39
2830.76
2830.96
2830.91
2830.67
2830.15
2829.31
2828.11
2826.39
2823.84
2820.29
2815.58
2809.68
2802.35
2793.13
2782.52
2770.81
2757.61
2740.17
2715.31
2674.2
2783.44
2782.17
2781.43
2780.32
2778.86
2777.19
2775.32
2773.27
2771
2768.71
2766.6
2764.94
2763.78
2763.01
2762.48
2762.07
2761.72
2761.43
2761.26
2761.27
2761.49
2761.95
2762.59
2763.3
2764.02
2764.77
2765.61
2766.58
2767.65
2768.76
2769.86
2770.95
2772.08
2773.31
2774.66
2776.07
2777.48
2778.83
2780.15
2781.52
2782.98
2784.49
2785.99
2787.42
2788.8
2790.16
2791.52
2792.85
2794.09
2795.19
2796.19
2797.18
2798.17
2799.13
2799.99
2800.73
2801.38
2801.99
2802.53
2802.96
2803.25
2803.38
2803.22
2802.47
2801
2798.89
2796.33
2794.2
2791.55
2788.48
2790.83
2793.84
2797.31
2800.47
2803.75
2804.61
2807.58
2808.96
2810.07
2811.29
2812.42
2813.5
2814.57
2815.62
2816.68
2817.75
2818.85
2819.98
2821.09
2822.17
2823.19
2824.18
2825.16
2826.17
2827.19
2828.18
2829.1
2829.96
2830.77
2831.47
2832.07
2832.5
2832.75
2832.77
2832.6
2832.15
2831.37
2830.25
2828.58
2826.07
2822.56
2817.92
2812.05
2804.59
2795.14
2783.96
2771.38
2756.89
2738.13
2711.83
2669.76
2783.52
2782.2
2781.42
2780.26
2778.74
2777.01
2775.08
2772.97
2770.64
2768.25
2766.04
2764.27
2763.02
2762.2
2761.64
2761.2
2760.82
2760.52
2760.34
2760.34
2760.56
2761
2761.64
2762.36
2763.09
2763.86
2764.71
2765.68
2766.76
2767.89
2769.01
2770.12
2771.27
2772.52
2773.9
2775.34
2776.78
2778.17
2779.53
2780.94
2782.44
2784
2785.54
2787.03
2788.45
2789.86
2791.27
2792.65
2793.92
2795.06
2796.11
2797.13
2798.17
2799.18
2800.08
2800.86
2801.55
2802.18
2802.75
2803.22
2803.57
2803.77
2803.66
2802.93
2801.39
2799.08
2796.4
2794.52
2791.48
2789.07
2791.4
2794.55
2798.09
2801.32
2804.64
2805.6
2808.32
2809.74
2810.9
2812.21
2813.28
2814.43
2815.57
2816.67
2817.77
2818.88
2820.03
2821.19
2822.35
2823.48
2824.53
2825.56
2826.58
2827.63
2828.69
2829.72
2830.68
2831.58
2832.44
2833.19
2833.83
2834.31
2834.61
2834.7
2834.58
2834.23
2833.55
2832.5
2830.88
2828.41
2824.95
2820.37
2814.49
2806.89
2797.22
2785.68
2772.13
2756.29
2736.15
2708.46
2665.45
2783.61
2782.24
2781.43
2780.22
2778.63
2776.84
2774.85
2772.7
2770.29
2767.81
2765.49
2763.61
2762.26
2761.38
2760.77
2760.31
2759.92
2759.6
2759.41
2759.41
2759.61
2760.05
2760.69
2761.42
2762.17
2762.94
2763.8
2764.79
2765.88
2767.02
2768.16
2769.3
2770.48
2771.75
2773.15
2774.63
2776.11
2777.54
2778.95
2780.4
2781.94
2783.54
2785.13
2786.66
2788.14
2789.6
2791.06
2792.47
2793.78
2794.96
2796.04
2797.12
2798.21
2799.25
2800.2
2801.02
2801.74
2802.41
2803.01
2803.53
2803.95
2804.21
2804.15
2803.45
2801.88
2799.4
2796.33
2794.76
2791.66
2789.83
2792.09
2795.35
2798.99
2802.36
2805.61
2806.54
2809.13
2810.66
2811.81
2813.07
2814.27
2815.45
2816.63
2817.77
2818.92
2820.08
2821.27
2822.48
2823.69
2824.85
2825.95
2827.02
2828.08
2829.17
2830.27
2831.34
2832.35
2833.3
2834.19
2834.99
2835.67
2836.22
2836.58
2836.72
2836.66
2836.39
2835.78
2834.82
2833.25
2830.84
2827.46
2822.93
2817.06
2809.35
2799.42
2787.38
2773.06
2755.78
2734.4
2705.25
2660.99
2783.74
2782.32
2781.45
2780.2
2778.54
2776.69
2774.65
2772.44
2769.97
2767.4
2764.96
2762.95
2761.5
2760.54
2759.9
2759.42
2759.01
2758.69
2758.49
2758.47
2758.67
2759.1
2759.74
2760.48
2761.24
2762.04
2762.91
2763.91
2765.02
2766.17
2767.34
2768.5
2769.7
2771.01
2772.44
2773.95
2775.47
2776.94
2778.4
2779.89
2781.48
2783.12
2784.77
2786.35
2787.88
2789.38
2790.88
2792.34
2793.69
2794.9
2796.03
2797.15
2798.27
2799.37
2800.36
2801.22
2801.97
2802.67
2803.3
2803.88
2804.38
2804.7
2804.68
2804.01
2802.47
2799.93
2796.15
2794.99
2792.02
2790.77
2792.95
2796.25
2799.98
2803.61
2806.65
2807.54
2809.98
2811.45
2812.73
2814.06
2815.3
2816.54
2817.76
2818.94
2820.13
2821.34
2822.58
2823.84
2825.09
2826.3
2827.44
2828.56
2829.66
2830.79
2831.94
2833.05
2834.1
2835.1
2836.03
2836.88
2837.61
2838.2
2838.61
2838.81
2838.81
2838.59
2838.12
2837.21
2835.67
2833.32
2830.02
2825.55
2819.68
2811.88
2801.78
2789.36
2774.11
2755.56
2732.81
2702.23
2656.66
2783.9
2782.42
2781.51
2780.21
2778.5
2776.57
2774.47
2772.2
2769.67
2767.03
2764.47
2762.32
2760.74
2759.7
2759.01
2758.51
2758.1
2757.77
2757.57
2757.55
2757.74
2758.16
2758.8
2759.55
2760.33
2761.14
2762.03
2763.04
2764.16
2765.34
2766.53
2767.71
2768.95
2770.29
2771.76
2773.31
2774.86
2776.38
2777.88
2779.44
2781.07
2782.77
2784.45
2786.08
2787.66
2789.21
2790.76
2792.25
2793.64
2794.9
2796.07
2797.22
2798.39
2799.53
2800.56
2801.45
2802.24
2802.96
2803.64
2804.29
2804.86
2805.24
2805.25
2804.58
2803.01
2800.32
2796.39
2795.32
2792.63
2791.91
2794
2797.33
2801.15
2805.03
2807.48
2808.65
2810.9
2812.41
2813.75
2815.11
2816.41
2817.69
2818.96
2820.18
2821.42
2822.68
2823.96
2825.28
2826.58
2827.84
2829.02
2830.18
2831.32
2832.5
2833.7
2834.86
2835.96
2837
2837.97
2838.86
2839.63
2840.28
2840.75
2841.01
2841.07
2840.91
2840.5
2839.66
2838.16
2835.89
2832.66
2828.26
2822.38
2814.49
2804.21
2791.41
2775.29
2755.52
2731.49
2699.56
2653.23
2784.11
2782.57
2781.61
2780.24
2778.48
2776.51
2774.35
2772.01
2769.42
2766.69
2764.03
2761.74
2760.01
2758.85
2758.11
2757.6
2757.19
2756.86
2756.65
2756.63
2756.81
2757.24
2757.87
2758.63
2759.43
2760.27
2761.18
2762.2
2763.34
2764.54
2765.75
2766.97
2768.23
2769.61
2771.12
2772.72
2774.32
2775.88
2777.43
2779.03
2780.71
2782.45
2784.19
2785.88
2787.5
2789.09
2790.67
2792.22
2793.65
2794.94
2796.14
2797.34
2798.55
2799.72
2800.79
2801.72
2802.54
2803.3
2804.02
2804.74
2805.38
2805.82
2805.85
2805.15
2803.47
2800.62
2797.14
2795.85
2793.45
2793.18
2795.28
2798.62
2802.43
2806.37
2808.39
2809.85
2811.9
2813.45
2814.85
2816.23
2817.58
2818.92
2820.23
2821.5
2822.79
2824.1
2825.44
2826.8
2828.15
2829.46
2830.69
2831.89
2833.08
2834.31
2835.54
2836.75
2837.9
2838.98
2840
2840.94
2841.75
2842.46
2842.98
2843.3
2843.42
2843.32
2842.99
2842.17
2840.74
2838.53
2835.38
2831.02
2825.14
2817.18
2806.77
2793.63
2776.74
2755.8
2730.54
2696.77
2649.13
2784.38
2782.76
2781.75
2780.33
2778.51
2776.49
2774.28
2771.89
2769.22
2766.4
2763.64
2761.22
2759.34
2758.04
2757.22
2756.68
2756.27
2755.95
2755.75
2755.73
2755.9
2756.32
2756.96
2757.73
2758.55
2759.41
2760.34
2761.38
2762.54
2763.76
2765.01
2766.26
2767.57
2768.99
2770.54
2772.18
2773.83
2775.44
2777.04
2778.69
2780.42
2782.22
2784
2785.73
2787.39
2789.03
2790.66
2792.24
2793.7
2795.03
2796.27
2797.5
2798.75
2799.96
2801.07
2802.03
2802.88
2803.68
2804.47
2805.26
2805.96
2806.44
2806.48
2805.76
2804.01
2801.06
2798.12
2796.61
2794.46
2794.59
2796.8
2800.13
2803.86
2807.59
2809.5
2811.09
2812.98
2814.57
2816.01
2817.44
2818.84
2820.23
2821.58
2822.9
2824.24
2825.6
2827
2828.42
2829.82
2831.17
2832.45
2833.69
2834.94
2836.21
2837.5
2838.75
2839.95
2841.08
2842.13
2843.12
2843.98
2844.73
2845.31
2845.7
2845.86
2845.81
2845.54
2844.77
2843.39
2841.27
2838.18
2833.85
2827.97
2819.95
2809.43
2795.97
2778.34
2756.36
2729.75
2694.77
2646.04
2784.71
2783.02
2781.94
2780.47
2778.58
2776.51
2774.26
2771.83
2769.11
2766.21
2763.31
2760.76
2758.74
2757.3
2756.36
2755.77
2755.35
2755.05
2754.87
2754.85
2755.03
2755.44
2756.07
2756.85
2757.7
2758.57
2759.52
2760.58
2761.76
2763.02
2764.3
2765.6
2766.95
2768.4
2770
2771.69
2773.4
2775.07
2776.73
2778.42
2780.19
2782.03
2783.87
2785.64
2787.35
2789.04
2790.7
2792.3
2793.8
2795.17
2796.44
2797.71
2798.99
2800.25
2801.39
2802.39
2803.27
2804.11
2804.96
2805.83
2806.58
2807.1
2807.15
2806.42
2804.61
2801.67
2799.17
2797.56
2795.77
2796.19
2798.53
2801.8
2805.44
2808.73
2810.68
2812.38
2814.18
2815.78
2817.26
2818.73
2820.18
2821.62
2823.02
2824.39
2825.78
2827.2
2828.65
2830.12
2831.58
2832.98
2834.31
2835.6
2836.9
2838.23
2839.56
2840.86
2842.1
2843.28
2844.38
2845.41
2846.32
2847.11
2847.75
2848.2
2848.4
2848.39
2848.16
2847.43
2846.13
2844.08
2841.04
2836.74
2830.85
2822.8
2812.2
2798.41
2780.2
2757.42
2729.4
2692.94
2643.27
2785.13
2783.35
2782.21
2780.67
2778.73
2776.6
2774.3
2771.84
2769.09
2766.13
2763.13
2760.4
2758.21
2756.63
2755.58
2754.91
2754.46
2754.15
2753.98
2753.98
2754.17
2754.59
2755.23
2756.03
2756.89
2757.79
2758.76
2759.84
2761.04
2762.33
2763.65
2764.99
2766.39
2767.9
2769.54
2771.28
2773.04
2774.77
2776.47
2778.21
2780.04
2781.92
2783.8
2785.62
2787.38
2789.1
2790.78
2792.43
2793.96
2795.36
2796.67
2797.97
2799.29
2800.58
2801.75
2802.79
2803.72
2804.61
2805.52
2806.46
2807.26
2807.8
2807.87
2807.12
2805.28
2802.54
2800.38
2798.73
2797.36
2798.04
2800.44
2803.57
2807.12
2810.01
2811.95
2813.71
2815.47
2817.08
2818.6
2820.12
2821.63
2823.11
2824.56
2825.99
2827.43
2828.9
2830.41
2831.94
2833.44
2834.9
2836.28
2837.63
2838.98
2840.36
2841.74
2843.09
2844.38
2845.61
2846.75
2847.81
2848.77
2849.61
2850.31
2850.8
2851.04
2851.06
2850.85
2850.17
2848.94
2846.96
2843.96
2839.67
2833.77
2825.71
2815.08
2801.07
2782.31
2758.75
2729.53
2691.69
2641.2
2785.64
2783.77
2782.56
2780.97
2778.97
2776.78
2774.43
2771.93
2769.15
2766.15
2763.09
2760.22
2757.82
2756.05
2754.86
2754.11
2753.65
2753.33
2753.14
2753.13
2753.31
2753.74
2754.39
2755.21
2756.11
2757.05
2758.04
2759.15
2760.38
2761.7
2763.06
2764.45
2765.9
2767.46
2769.14
2770.92
2772.73
2774.52
2776.29
2778.09
2779.95
2781.88
2783.82
2785.68
2787.46
2789.21
2790.93
2792.6
2794.17
2795.6
2796.94
2798.28
2799.63
2800.96
2802.17
2803.25
2804.22
2805.16
2806.15
2807.14
2807.98
2808.54
2808.62
2807.87
2806.06
2803.67
2801.8
2800.17
2799.23
2800.09
2802.49
2805.45
2808.79
2811.43
2813.34
2815.13
2816.87
2818.5
2820.06
2821.62
2823.17
2824.7
2826.2
2827.69
2829.18
2830.72
2832.28
2833.86
2835.42
2836.93
2838.36
2839.77
2841.17
2842.61
2844.04
2845.45
2846.79
2848.06
2849.24
2850.34
2851.35
2852.23
2852.98
2853.51
2853.78
2853.83
2853.63
2852.99
2851.81
2849.9
2846.93
2842.65
2836.73
2828.66
2818.01
2803.73
2784.61
2760.53
2730.19
2690.94
2639.72
2786.28
2784.3
2783.02
2781.36
2779.3
2777.07
2774.68
2772.14
2769.33
2766.29
2763.17
2760.22
2757.67
2755.67
2754.26
2753.37
2752.86
2752.57
2752.41
2752.39
2752.55
2752.95
2753.59
2754.41
2755.34
2756.31
2757.35
2758.49
2759.74
2761.1
2762.51
2763.96
2765.46
2767.08
2768.82
2770.66
2772.53
2774.37
2776.19
2778.03
2779.95
2781.93
2783.9
2785.79
2787.61
2789.39
2791.14
2792.84
2794.43
2795.89
2797.28
2798.64
2800.03
2801.4
2802.65
2803.77
2804.79
2805.79
2806.84
2807.89
2808.76
2809.34
2809.43
2808.69
2807.03
2805.01
2803.36
2801.88
2801.43
2802.39
2804.62
2807.44
2810.52
2812.93
2814.84
2816.65
2818.39
2820.03
2821.63
2823.23
2824.83
2826.41
2827.97
2829.51
2831.06
2832.65
2834.27
2835.91
2837.53
2839.09
2840.58
2842.04
2843.5
2844.99
2846.49
2847.95
2849.34
2850.65
2851.87
2853.01
2854.06
2854.99
2855.77
2856.34
2856.63
2856.7
2856.51
2855.91
2854.77
2852.89
2849.94
2845.66
2839.71
2831.66
2821.01
2806.6
2787.21
2762.62
2731.24
2690.76
2638.82
2787.06
2784.97
2783.61
2781.88
2779.77
2777.49
2775.07
2772.5
2769.66
2766.59
2763.41
2760.38
2757.72
2755.57
2753.94
2752.83
2752.16
2751.83
2751.71
2751.72
2751.89
2752.28
2752.9
2753.72
2754.66
2755.67
2756.74
2757.91
2759.2
2760.6
2762.07
2763.57
2765.14
2766.81
2768.61
2770.5
2772.4
2774.29
2776.16
2778.06
2780.03
2782.04
2784.03
2785.96
2787.82
2789.62
2791.39
2793.11
2794.74
2796.24
2797.66
2799.07
2800.5
2801.9
2803.2
2804.36
2805.44
2806.5
2807.61
2808.69
2809.59
2810.19
2810.3
2809.63
2808.19
2806.53
2805.12
2803.9
2803.79
2804.84
2806.79
2809.54
2812.34
2814.56
2816.47
2818.31
2820.05
2821.7
2823.33
2824.97
2826.62
2828.25
2829.86
2831.46
2833.07
2834.72
2836.4
2838.1
2839.77
2841.39
2842.93
2844.45
2845.97
2847.52
2849.07
2850.59
2852.04
2853.4
2854.66
2855.84
2856.92
2857.88
2858.69
2859.29
2859.61
2859.68
2859.5
2858.92
2857.8
2855.94
2853.01
2848.71
2842.74
2834.69
2823.99
2809.41
2789.89
2764.99
2732.83
2691.43
2638.74
2788.01
2785.81
2784.37
2782.56
2780.38
2778.06
2775.6
2773.02
2770.18
2767.09
2763.87
2760.75
2757.97
2755.69
2753.92
2752.62
2751.76
2751.27
2751.07
2751.08
2751.25
2751.63
2752.25
2753.08
2754.04
2755.09
2756.2
2757.41
2758.74
2760.19
2761.71
2763.27
2764.88
2766.58
2768.42
2770.36
2772.34
2774.29
2776.21
2778.16
2780.15
2782.2
2784.24
2786.2
2788.07
2789.9
2791.7
2793.46
2795.12
2796.66
2798.12
2799.57
2801.04
2802.49
2803.83
2805.05
2806.18
2807.3
2808.45
2809.57
2810.5
2811.12
2811.27
2810.71
2809.53
2808.2
2807.04
2806.12
2806.23
2807.59
2809.18
2811.75
2814.25
2816.34
2818.25
2820.09
2821.83
2823.5
2825.17
2826.86
2828.55
2830.24
2831.9
2833.56
2835.23
2836.93
2838.67
2840.43
2842.16
2843.83
2845.43
2847.01
2848.6
2850.21
2851.82
2853.4
2854.9
2856.31
2857.61
2858.82
2859.94
2860.93
2861.76
2862.38
2862.72
2862.8
2862.63
2862.05
2860.93
2859.05
2856.1
2851.78
2845.8
2837.79
2827.07
2812.39
2792.76
2767.67
2734.98
2693.01
2639.71
2789.18
2786.85
2785.31
2783.43
2781.19
2778.82
2776.34
2773.74
2770.9
2767.81
2764.57
2761.38
2758.48
2756.05
2754.13
2752.71
2751.71
2751.07
2750.76
2750.7
2750.83
2751.16
2751.72
2752.5
2753.46
2754.52
2755.66
2756.9
2758.26
2759.75
2761.33
2762.96
2764.65
2766.43
2768.32
2770.31
2772.35
2774.36
2776.33
2778.3
2780.35
2782.44
2784.5
2786.49
2788.4
2790.26
2792.08
2793.87
2795.57
2797.16
2798.66
2800.15
2801.67
2803.17
2804.56
2805.83
2807.01
2808.18
2809.38
2810.53
2811.48
2812.14
2812.37
2811.95
2811.04
2810.06
2809.22
2808.6
2808.39
2809.92
2811.67
2814.04
2816.29
2818.28
2820.19
2822.03
2823.77
2825.47
2827.17
2828.9
2830.64
2832.38
2834.11
2835.83
2837.55
2839.31
2841.1
2842.92
2844.7
2846.43
2848.1
2849.74
2851.39
2853.07
2854.75
2856.38
2857.94
2859.39
2860.74
2861.99
2863.13
2864.15
2864.99
2865.63
2865.98
2866.06
2865.88
2865.3
2864.15
2862.24
2859.26
2854.91
2848.92
2840.89
2830.1
2815.38
2795.81
2770.64
2737.56
2695.3
2641.65
2790.6
2788.13
2786.5
2784.53
2782.22
2779.8
2777.3
2774.71
2771.88
2768.81
2765.56
2762.33
2759.33
2756.74
2754.65
2753.06
2751.92
2751.19
2750.79
2750.67
2750.75
2751.03
2751.52
2752.24
2753.15
2754.2
2755.35
2756.61
2757.99
2759.51
2761.13
2762.82
2764.57
2766.42
2768.36
2770.38
2772.44
2774.49
2776.53
2778.56
2780.63
2782.74
2784.85
2786.88
2788.82
2790.7
2792.56
2794.39
2796.13
2797.76
2799.32
2800.86
2802.42
2803.96
2805.41
2806.73
2807.96
2809.18
2810.42
2811.59
2812.56
2813.27
2813.61
2813.37
2812.71
2811.99
2811.29
2810.91
2811.82
2812.55
2814.29
2816.4
2818.47
2820.39
2822.29
2824.13
2825.89
2827.62
2829.36
2831.13
2832.92
2834.71
2836.49
2838.27
2840.05
2841.86
2843.71
2845.58
2847.43
2849.22
2850.95
2852.66
2854.37
2856.11
2857.85
2859.55
2861.16
2862.66
2864.06
2865.34
2866.51
2867.54
2868.4
2869.05
2869.4
2869.47
2869.27
2868.65
2867.46
2865.49
2862.46
2858.08
2852.09
2844.07
2833.22
2818.47
2798.95
2773.8
2740.61
2698.32
2644.58
2792.31
2789.7
2787.97
2785.91
2783.53
2781.07
2778.54
2775.96
2773.15
2770.11
2766.89
2763.64
2760.57
2757.85
2755.6
2753.82
2752.51
2751.61
2751.09
2750.89
2750.93
2751.16
2751.61
2752.29
2753.17
2754.2
2755.35
2756.61
2758.01
2759.54
2761.18
2762.9
2764.68
2766.54
2768.51
2770.57
2772.68
2774.77
2776.83
2778.9
2781.02
2783.18
2785.31
2787.37
2789.35
2791.26
2793.16
2795.02
2796.81
2798.5
2800.1
2801.69
2803.29
2804.88
2806.38
2807.76
2809.04
2810.3
2811.57
2812.77
2813.75
2814.5
2814.97
2815.04
2814.77
2814.39
2813.98
2813.93
2814.28
2815.39
2817.01
2818.86
2820.83
2822.7
2824.58
2826.42
2828.2
2829.96
2831.74
2833.56
2835.4
2837.24
2839.08
2840.92
2842.75
2844.62
2846.52
2848.45
2850.35
2852.2
2853.99
2855.77
2857.55
2859.35
2861.16
2862.91
2864.58
2866.14
2867.58
2868.89
2870.09
2871.14
2872.01
2872.66
2872.99
2873.03
2872.79
2872.11
2870.85
2868.82
2865.73
2861.29
2855.25
2847.18
2836.26
2821.56
2802.22
2777.21
2744.14
2702.13
2648.54
2794.37
2791.61
2789.78
2787.63
2785.18
2782.68
2780.13
2777.55
2774.78
2771.78
2768.6
2765.36
2762.24
2759.43
2757.03
2755.08
2753.58
2752.5
2751.82
2751.5
2751.45
2751.62
2752
2752.6
2753.43
2754.43
2755.57
2756.83
2758.23
2759.77
2761.43
2763.17
2764.98
2766.87
2768.86
2770.95
2773.08
2775.22
2777.33
2779.43
2781.58
2783.76
2785.94
2788.04
2790.05
2791.99
2793.92
2795.82
2797.66
2799.4
2801.05
2802.68
2804.33
2805.96
2807.51
2808.93
2810.26
2811.56
2812.86
2814.11
2815.16
2815.88
2816.21
2816.37
2816.46
2816.52
2816.51
2816.55
2817.07
2818.28
2819.83
2821.48
2823.36
2825.21
2827.08
2828.93
2830.74
2832.53
2834.36
2836.22
2838.1
2840
2841.89
2843.79
2845.68
2847.6
2849.55
2851.53
2853.49
2855.39
2857.25
2859.1
2860.95
2862.81
2864.67
2866.49
2868.21
2869.82
2871.31
2872.66
2873.87
2874.94
2875.82
2876.47
2876.75
2876.74
2876.43
2875.66
2874.34
2872.23
2869.04
2864.53
2858.44
2850.31
2839.34
2824.71
2805.57
2780.79
2748.07
2706.61
2653.54
2796.84
2793.93
2792
2789.76
2787.24
2784.69
2782.13
2779.56
2776.82
2773.88
2770.75
2767.54
2764.41
2761.52
2759.01
2756.91
2755.23
2753.97
2753.1
2752.61
2752.45
2752.53
2752.82
2753.34
2754.09
2755.04
2756.15
2757.4
2758.79
2760.32
2761.98
2763.73
2765.56
2767.47
2769.48
2771.59
2773.74
2775.91
2778.05
2780.19
2782.37
2784.58
2786.77
2788.9
2790.95
2792.93
2794.88
2796.82
2798.7
2800.49
2802.18
2803.85
2805.53
2807.21
2808.8
2810.28
2811.66
2813
2814.32
2815.58
2816.75
2817.66
2818.24
2818.61
2818.83
2818.95
2819.09
2819.4
2820.05
2821.23
2822.75
2824.29
2826.11
2827.95
2829.82
2831.68
2833.52
2835.36
2837.22
2839.13
2841.07
2843.01
2844.96
2846.91
2848.85
2850.82
2852.82
2854.85
2856.86
2858.82
2860.75
2862.66
2864.58
2866.5
2868.42
2870.28
2872.06
2873.73
2875.26
2876.64
2877.88
2878.96
2879.84
2880.46
2880.68
2880.6
2880.19
2879.33
2877.91
2875.71
2872.41
2867.76
2861.56
2853.34
2842.35
2827.82
2808.89
2784.44
2752.31
2711.76
2659.64
2799.78
2796.72
2794.7
2792.37
2789.79
2787.19
2784.61
2782.06
2779.36
2776.47
2773.4
2770.24
2767.12
2764.2
2761.6
2759.37
2757.54
2756.1
2755.04
2754.36
2754.04
2754
2754.19
2754.61
2755.26
2756.14
2757.2
2758.42
2759.77
2761.28
2762.92
2764.67
2766.51
2768.43
2770.44
2772.55
2774.73
2776.91
2779.08
2781.24
2783.43
2785.66
2787.87
2790.03
2792.1
2794.1
2796.09
2798.05
2799.97
2801.79
2803.53
2805.23
2806.95
2808.66
2810.3
2811.83
2813.26
2814.65
2816.01
2817.26
2818.34
2819.23
2820.07
2820.73
2821.2
2821.54
2821.88
2822.36
2823.16
2824.35
2825.8
2827.32
2829.1
2830.95
2832.82
2834.71
2836.58
2838.46
2840.37
2842.33
2844.31
2846.31
2848.31
2850.31
2852.31
2854.32
2856.36
2858.43
2860.49
2862.51
2864.5
2866.48
2868.46
2870.44
2872.4
2874.32
2876.15
2877.87
2879.43
2880.85
2882.11
2883.2
2884.07
2884.66
2884.79
2884.63
2884.09
2883.1
2881.57
2879.24
2875.78
2870.99
2864.63
2856.28
2845.23
2830.81
2812.16
2788.17
2756.85
2717.52
2666.84
2803.27
2800.06
2797.95
2795.53
2792.88
2790.24
2787.66
2785.12
2782.47
2779.64
2776.65
2773.55
2770.46
2767.52
2764.86
2762.53
2760.58
2758.98
2757.74
2756.86
2756.34
2756.15
2756.21
2756.51
2757.05
2757.83
2758.82
2759.98
2761.29
2762.74
2764.35
2766.07
2767.9
2769.81
2771.82
2773.92
2776.09
2778.28
2780.45
2782.63
2784.82
2787.05
2789.27
2791.44
2793.52
2795.55
2797.55
2799.54
2801.48
2803.35
2805.12
2806.86
2808.6
2810.35
2812.03
2813.62
2815.1
2816.53
2817.94
2819.3
2820.5
2821.51
2822.38
2823.12
2823.74
2824.3
2824.87
2825.53
2826.43
2827.62
2829.06
2830.6
2832.36
2834.24
2836.12
2838.04
2839.95
2841.88
2843.84
2845.85
2847.88
2849.93
2851.98
2854.03
2856.07
2858.13
2860.21
2862.31
2864.41
2866.48
2868.52
2870.56
2872.61
2874.64
2876.65
2878.61
2880.48
2882.24
2883.85
2885.3
2886.57
2887.66
2888.5
2889.02
2889.08
2888.81
2888.13
2886.98
2885.3
2882.79
2879.14
2874.15
2867.6
2859.08
2847.98
2833.68
2815.35
2791.92
2761.63
2723.88
2675.09
2807.39
2804.03
2801.83
2799.34
2796.63
2793.95
2791.37
2788.84
2786.23
2783.47
2780.56
2777.54
2774.49
2771.56
2768.86
2766.46
2764.41
2762.69
2761.29
2760.23
2759.5
2759.1
2759.01
2759.17
2759.56
2760.21
2761.09
2762.17
2763.4
2764.79
2766.33
2768.01
2769.8
2771.69
2773.68
2775.76
2777.91
2780.08
2782.25
2784.42
2786.6
2788.81
2791.02
2793.19
2795.29
2797.32
2799.33
2801.34
2803.31
2805.2
2807.01
2808.78
2810.54
2812.32
2814.05
2815.68
2817.23
2818.7
2820.1
2821.43
2822.71
2823.9
2824.94
2825.82
2826.6
2827.34
2828.08
2828.9
2829.91
2831.16
2832.6
2834.18
2835.94
2837.85
2839.76
2841.72
2843.68
2845.66
2847.67
2849.72
2851.8
2853.9
2856
2858.09
2860.18
2862.27
2864.39
2866.52
2868.65
2870.76
2872.86
2874.95
2877.04
2879.13
2881.17
2883.16
2885.07
2886.87
2888.51
2889.98
2891.26
2892.32
2893.12
2893.55
2893.53
2893.16
2892.31
2890.98
2889.08
2886.34
2882.46
2877.25
2870.48
2861.77
2850.57
2836.4
2818.46
2795.74
2766.67
2730.75
2684.23
2812.2
2808.71
2806.43
2803.86
2801.1
2798.4
2795.81
2793.3
2790.74
2788.05
2785.22
2782.29
2779.31
2776.4
2773.68
2771.24
2769.1
2767.28
2765.76
2764.53
2763.61
2763.01
2762.72
2762.71
2762.95
2763.43
2764.17
2765.12
2766.25
2767.54
2768.99
2770.59
2772.32
2774.17
2776.11
2778.15
2780.26
2782.4
2784.54
2786.68
2788.83
2791.01
2793.19
2795.35
2797.45
2799.49
2801.5
2803.51
2805.5
2807.42
2809.25
2811.04
2812.83
2814.63
2816.39
2818.07
2819.67
2821.21
2822.71
2824.13
2825.45
2826.66
2827.78
2828.81
2829.76
2830.67
2831.59
2832.57
2833.68
2835
2836.48
2838.1
2839.89
2841.82
2843.78
2845.78
2847.79
2849.83
2851.89
2853.99
2856.12
2858.26
2860.41
2862.54
2864.67
2866.8
2868.94
2871.09
2873.24
2875.38
2877.52
2879.66
2881.79
2883.91
2885.99
2888
2889.94
2891.77
2893.43
2894.91
2896.18
2897.18
2897.91
2898.22
2898.16
2897.67
2896.64
2895.09
2892.92
2889.88
2885.71
2880.24
2873.22
2864.31
2853.05
2839.03
2821.51
2799.59
2771.89
2738
2694.08
2817.8
2814.19
2811.83
2809.2
2806.4
2803.67
2801.09
2798.6
2796.08
2793.47
2790.72
2787.88
2784.98
2782.12
2779.4
2776.93
2774.74
2772.84
2771.21
2769.85
2768.77
2767.97
2767.47
2767.27
2767.34
2767.65
2768.21
2769
2769.99
2771.15
2772.48
2773.97
2775.61
2777.37
2779.25
2781.21
2783.25
2785.33
2787.42
2789.51
2791.6
2793.73
2795.88
2798.02
2800.1
2802.13
2804.14
2806.15
2808.13
2810.06
2811.91
2813.71
2815.51
2817.33
2819.13
2820.87
2822.51
2824.08
2825.59
2827.06
2828.49
2829.82
2831.05
2832.19
2833.29
2834.36
2835.45
2836.57
2837.81
2839.21
2840.75
2842.42
2844.25
2846.21
2848.22
2850.27
2852.34
2854.43
2856.54
2858.69
2860.87
2863.06
2865.24
2867.42
2869.58
2871.73
2873.89
2876.05
2878.21
2880.37
2882.54
2884.71
2886.88
2889.03
2891.12
2893.14
2895.09
2896.93
2898.6
2900.07
2901.3
2902.22
2902.84
2903.05
2902.92
2902.31
2901.1
2899.3
2896.79
2893.39
2888.89
2883.11
2875.84
2866.74
2855.44
2841.58
2824.52
2803.46
2777.22
2745.5
2704.44
2824.26
2820.54
2818.12
2815.43
2812.6
2809.86
2807.28
2804.82
2802.34
2799.8
2797.14
2794.4
2791.59
2788.79
2786.1
2783.61
2781.38
2779.42
2777.71
2776.25
2775.02
2774.06
2773.37
2772.97
2772.85
2772.98
2773.35
2773.95
2774.77
2775.78
2776.95
2778.28
2779.79
2781.43
2783.19
2785.06
2786.99
2788.98
2790.99
2793.01
2795.04
2797.11
2799.2
2801.29
2803.34
2805.35
2807.34
2809.33
2811.31
2813.24
2815.09
2816.9
2818.69
2820.5
2822.31
2824.09
2825.81
2827.5
2829.09
2830.56
2832.01
2833.42
2834.76
2836.02
2837.26
2838.49
2839.72
2841
2842.35
2843.84
2845.46
2847.18
2849.06
2851.07
2853.13
2855.23
2857.36
2859.5
2861.67
2863.87
2866.09
2868.32
2870.54
2872.75
2874.94
2877.12
2879.28
2881.44
2883.6
2885.77
2887.96
2890.15
2892.33
2894.49
2896.58
2898.6
2900.54
2902.36
2904.01
2905.44
2906.6
2907.43
2907.92
2908.03
2907.82
2907.04
2905.64
2903.55
2900.68
2896.89
2892.01
2885.9
2878.36
2869.09
2857.75
2844.07
2827.47
2807.3
2782.58
2753.14
2715.13
2831.67
2827.84
2825.37
2822.63
2819.79
2817.04
2814.48
2812.04
2809.61
2807.14
2804.57
2801.92
2799.21
2796.48
2793.84
2791.36
2789.11
2787.1
2785.33
2783.78
2782.45
2781.34
2780.48
2779.89
2779.58
2779.53
2779.72
2780.13
2780.75
2781.57
2782.56
2783.72
2785.04
2786.52
2788.13
2789.83
2791.62
2793.47
2795.37
2797.28
2799.22
2801.21
2803.23
2805.27
2807.29
2809.27
2811.22
2813.18
2815.13
2817.05
2818.91
2820.72
2822.51
2824.32
2826.12
2827.87
2829.57
2831.29
2833.01
2834.6
2836.11
2837.58
2839
2840.39
2841.75
2843.12
2844.5
2845.91
2847.39
2848.97
2850.68
2852.46
2854.39
2856.45
2858.56
2860.71
2862.89
2865.09
2867.31
2869.55
2871.81
2874.08
2876.34
2878.58
2880.8
2882.99
2885.15
2887.3
2889.45
2891.62
2893.8
2895.99
2898.17
2900.32
2902.4
2904.39
2906.28
2908.04
2909.63
2911
2912.07
2912.79
2913.14
2913.16
2912.8
2911.83
2910.18
2907.78
2904.52
2900.31
2895.02
2888.57
2880.76
2871.33
2859.98
2846.47
2830.36
2811.11
2787.95
2760.85
2726.01
2840.09
2836.17
2833.66
2830.88
2828.03
2825.29
2822.75
2820.34
2817.96
2815.55
2813.07
2810.52
2807.91
2805.28
2802.7
2800.25
2797.99
2795.96
2794.15
2792.53
2791.11
2789.88
2788.88
2788.12
2787.61
2787.38
2787.38
2787.6
2788.02
2788.64
2789.42
2790.37
2791.48
2792.76
2794.17
2795.69
2797.3
2798.98
2800.72
2802.49
2804.3
2806.16
2808.08
2810.03
2811.99
2813.93
2815.85
2817.78
2819.7
2821.6
2823.45
2825.26
2827.05
2828.87
2830.69
2832.48
2834.19
2835.78
2837.43
2839.16
2840.78
2842.33
2843.85
2845.35
2846.84
2848.33
2849.85
2851.4
2852.99
2854.66
2856.45
2858.31
2860.29
2862.39
2864.55
2866.76
2868.99
2871.24
2873.5
2875.78
2878.07
2880.38
2882.67
2884.94
2887.18
2889.37
2891.53
2893.66
2895.79
2897.94
2900.1
2902.27
2904.43
2906.55
2908.58
2910.51
2912.31
2913.98
2915.47
2916.73
2917.68
2918.3
2918.51
2918.4
2917.83
2916.59
2914.64
2911.87
2908.2
2903.56
2897.88
2891.1
2883.04
2873.47
2862.13
2848.81
2833.2
2814.91
2793.32
2768.57
2736.9
2849.6
2845.59
2843.05
2840.25
2837.4
2834.68
2832.17
2829.8
2827.47
2825.12
2822.72
2820.28
2817.77
2815.24
2812.73
2810.32
2808.07
2806.03
2804.19
2802.53
2801.04
2799.73
2798.61
2797.7
2797.03
2796.61
2796.43
2796.47
2796.69
2797.09
2797.65
2798.36
2799.23
2800.26
2801.44
2802.74
2804.14
2805.62
2807.18
2808.79
2810.46
2812.18
2813.97
2815.8
2817.65
2819.5
2821.35
2823.21
2825.09
2826.96
2828.8
2830.61
2832.4
2834.21
2836.03
2837.85
2839.64
2841.39
2842.94
2844.49
2846.16
2847.82
2849.42
2851.02
2852.61
2854.22
2855.86
2857.52
2859.22
2860.98
2862.84
2864.78
2866.8
2868.94
2871.15
2873.4
2875.67
2877.96
2880.26
2882.58
2884.9
2887.23
2889.55
2891.85
2894.1
2896.3
2898.44
2900.54
2902.64
2904.76
2906.89
2909.02
2911.12
2913.17
2915.13
2916.95
2918.62
2920.14
2921.49
2922.61
2923.44
2923.93
2924.01
2923.72
2922.83
2921.25
2918.92
2915.74
2911.65
2906.6
2900.55
2893.45
2885.18
2875.51
2864.21
2851.14
2836.09
2818.78
2798.74
2776.24
2747.67
2860.24
2856.16
2853.59
2850.78
2847.96
2845.26
2842.79
2840.48
2838.2
2835.92
2833.6
2831.25
2828.86
2826.43
2824
2821.64
2819.42
2817.38
2815.53
2813.84
2812.31
2810.93
2809.72
2808.7
2807.88
2807.29
2806.92
2806.76
2806.79
2806.96
2807.29
2807.75
2808.36
2809.13
2810.05
2811.11
2812.29
2813.55
2814.89
2816.31
2817.79
2819.34
2820.96
2822.66
2824.39
2826.14
2827.9
2829.67
2831.46
2833.27
2835.07
2836.85
2838.62
2840.42
2842.24
2844.06
2845.85
2847.58
2849.29
2850.94
2852.55
2854.2
2855.85
2857.5
2859.17
2860.87
2862.6
2864.35
2866.15
2867.99
2869.92
2871.92
2873.98
2876.16
2878.4
2880.68
2882.99
2885.31
2887.63
2889.97
2892.32
2894.67
2897.01
2899.32
2901.58
2903.76
2905.89
2907.97
2910.03
2912.11
2914.18
2916.24
2918.25
2920.19
2922.01
2923.69
2925.2
2926.54
2927.7
2928.65
2929.31
2929.64
2929.56
2928.97
2927.69
2925.7
2922.93
2919.33
2914.83
2909.41
2903.03
2895.64
2887.18
2877.45
2866.28
2853.54
2839.11
2822.81
2804.26
2783.86
2758.22
2872.07
2867.94
2865.35
2862.53
2859.75
2857.1
2854.68
2852.41
2850.19
2847.98
2845.74
2843.49
2841.21
2838.89
2836.55
2834.25
2832.06
2830.03
2828.17
2826.48
2824.93
2823.52
2822.24
2821.13
2820.19
2819.45
2818.91
2818.55
2818.37
2818.33
2818.41
2818.62
2818.96
2819.45
2820.1
2820.89
2821.82
2822.84
2823.96
2825.17
2826.46
2827.83
2829.27
2830.78
2832.35
2833.96
2835.6
2837.26
2838.95
2840.68
2842.41
2844.14
2845.87
2847.63
2849.41
2851.21
2853
2854.74
2856.48
2858.19
2859.85
2861.5
2863.18
2864.87
2866.59
2868.35
2870.14
2871.97
2873.83
2875.74
2877.72
2879.77
2881.87
2884.06
2886.33
2888.62
2890.95
2893.29
2895.63
2897.98
2900.34
2902.7
2905.05
2907.36
2909.61
2911.78
2913.88
2915.93
2917.96
2919.97
2921.97
2923.92
2925.79
2927.57
2929.22
2930.72
2932.03
2933.16
2934.1
2934.8
2935.22
2935.32
2934.97
2933.98
2932.27
2929.83
2926.63
2922.62
2917.78
2912.03
2905.35
2897.72
2889.09
2879.34
2868.36
2856.04
2842.31
2827.03
2809.9
2791.44
2768.54
2885.14
2880.96
2878.36
2875.54
2872.81
2870.23
2867.87
2865.66
2863.5
2861.35
2859.19
2857.04
2854.87
2852.65
2850.41
2848.18
2846.03
2844.02
2842.18
2840.5
2838.95
2837.53
2836.22
2835.04
2834.01
2833.13
2832.42
2831.87
2831.46
2831.19
2831.03
2830.99
2831.07
2831.29
2831.66
2832.18
2832.85
2833.62
2834.5
2835.47
2836.53
2837.69
2838.93
2840.25
2841.64
2843.09
2844.59
2846.11
2847.68
2849.29
2850.94
2852.6
2854.26
2855.96
2857.69
2859.44
2861.2
2862.94
2864.67
2866.4
2868.09
2869.77
2871.46
2873.17
2874.92
2876.71
2878.54
2880.41
2882.33
2884.28
2886.29
2888.37
2890.5
2892.69
2894.96
2897.26
2899.58
2901.92
2904.27
2906.63
2908.98
2911.33
2913.67
2915.96
2918.19
2920.33
2922.4
2924.41
2926.38
2928.32
2930.21
2932.01
2933.71
2935.29
2936.73
2938
2939.1
2939.98
2940.63
2941
2941.08
2940.8
2939.98
2938.53
2936.38
2933.53
2929.95
2925.61
2920.47
2914.48
2907.58
2899.76
2891.01
2881.29
2870.54
2858.67
2845.67
2831.42
2815.65
2798.97
2778.59
2899.48
2895.26
2892.65
2889.85
2887.2
2884.69
2882.41
2880.26
2878.15
2876.07
2874
2871.94
2869.88
2867.77
2865.62
2863.46
2861.36
2859.37
2857.55
2855.88
2854.35
2852.94
2851.62
2850.41
2849.3
2848.31
2847.45
2846.71
2846.09
2845.58
2845.19
2844.9
2844.74
2844.69
2844.79
2845.02
2845.4
2845.92
2846.55
2847.28
2848.12
2849.05
2850.07
2851.18
2852.36
2853.62
2854.94
2856.31
2857.74
2859.22
2860.75
2862.31
2863.9
2865.51
2867.16
2868.84
2870.55
2872.26
2873.96
2875.67
2877.36
2879.04
2880.73
2882.45
2884.2
2886
2887.85
2889.74
2891.68
2893.66
2895.67
2897.76
2899.91
2902.08
2904.32
2906.6
2908.9
2911.22
2913.56
2915.9
2918.23
2920.55
2922.85
2925.1
2927.28
2929.38
2931.4
2933.35
2935.23
2937.06
2938.81
2940.44
2941.95
2943.3
2944.5
2945.52
2946.34
2946.9
2947.16
2947.11
2946.7
2945.84
2944.45
2942.5
2939.93
2936.71
2932.82
2928.21
2922.88
2916.73
2909.72
2901.83
2893.08
2883.45
2872.96
2861.56
2849.25
2835.97
2821.46
2806.42
2788.33
2915.12
2910.86
2908.26
2905.49
2902.93
2900.52
2898.31
2896.23
2894.18
2892.16
2890.16
2888.2
2886.24
2884.24
2882.18
2880.1
2878.05
2876.1
2874.3
2872.67
2871.17
2869.79
2868.48
2867.25
2866.09
2865
2863.99
2863.07
2862.24
2861.51
2860.89
2860.37
2859.97
2859.68
2859.52
2859.49
2859.59
2859.83
2860.19
2860.67
2861.25
2861.94
2862.73
2863.61
2864.58
2865.63
2866.76
2867.95
2869.21
2870.54
2871.93
2873.37
2874.85
2876.35
2877.9
2879.49
2881.11
2882.75
2884.41
2886.06
2887.72
2889.38
2891.04
2892.73
2894.47
2896.25
2898.09
2899.98
2901.91
2903.89
2905.9
2907.95
2910.09
2912.24
2914.43
2916.65
2918.91
2921.19
2923.49
2925.78
2928.07
2930.33
2932.57
2934.75
2936.85
2938.87
2940.8
2942.65
2944.42
2946.1
2947.69
2949.14
2950.44
2951.55
2952.46
2953.15
2953.56
2953.68
2953.45
2952.83
2951.78
2950.28
2948.32
2945.9
2942.94
2939.4
2935.24
2930.43
2924.95
2918.74
2911.75
2903.94
2895.34
2885.94
2875.79
2864.87
2853.19
2840.78
2827.4
2813.8
2797.75
2932.05
2927.78
2925.19
2922.48
2920.02
2917.72
2915.59
2913.57
2911.58
2909.62
2907.71
2905.83
2903.96
2902.06
2900.11
2898.11
2896.11
2894.2
2892.43
2890.82
2889.36
2888.01
2886.73
2885.5
2884.3
2883.13
2881.99
2880.92
2879.91
2878.98
2878.14
2877.41
2876.78
2876.25
2875.85
2875.56
2875.39
2875.36
2875.45
2875.66
2875.99
2876.44
2876.99
2877.63
2878.36
2879.19
2880.09
2881.09
2882.16
2883.32
2884.54
2885.82
2887.16
2888.54
2889.95
2891.42
2892.92
2894.47
2896.03
2897.61
2899.2
2900.8
2902.42
2904.06
2905.75
2907.49
2909.29
2911.14
2913.04
2914.99
2916.98
2918.97
2921.06
2923.18
2925.28
2927.43
2929.61
2931.82
2934.04
2936.25
2938.45
2940.62
2942.75
2944.82
2946.81
2948.71
2950.51
2952.22
2953.83
2955.35
2956.74
2957.98
2959.03
2959.85
2960.38
2960.6
2960.51
2960.04
2959.16
2957.86
2956.15
2954.06
2951.6
2948.74
2945.44
2941.63
2937.27
2932.32
2926.77
2920.57
2913.7
2906.11
2897.81
2888.77
2879.05
2868.64
2857.58
2845.95
2833.58
2821.2
2806.89
2950.26
2946
2943.43
2940.8
2938.46
2936.27
2934.23
2932.27
2930.33
2928.45
2926.6
2924.81
2923.02
2921.21
2919.35
2917.44
2915.51
2913.65
2911.91
2910.32
2908.9
2907.58
2906.33
2905.1
2903.88
2902.65
2901.43
2900.22
2899.05
2897.94
2896.91
2895.97
2895.13
2894.4
2893.78
2893.26
2892.85
2892.56
2892.38
2892.33
2892.39
2892.56
2892.86
2893.26
2893.75
2894.34
2895.02
2895.79
2896.66
2897.6
2898.63
2899.72
2900.88
2902.09
2903.35
2904.66
2906.02
2907.42
2908.87
2910.34
2911.84
2913.35
2914.89
2916.47
2918.08
2919.74
2921.46
2923.24
2925.08
2926.98
2928.91
2930.84
2932.8
2934.87
2936.87
2938.89
2940.96
2943.05
2945.15
2947.24
2949.3
2951.33
2953.31
2955.22
2957.06
2958.8
2960.45
2961.98
2963.4
2964.69
2965.82
2966.75
2967.44
2967.82
2967.85
2967.52
2966.78
2965.64
2964.09
2962.15
2959.88
2957.28
2954.36
2951.12
2947.5
2943.46
2938.97
2933.97
2928.44
2922.36
2915.69
2908.4
2900.48
2891.9
2882.68
2872.84
2862.4
2851.52
2840.04
2828.67
2815.76
2969.71
2965.48
2962.95
2960.44
2958.2
2956.14
2954.17
2952.28
2950.4
2948.58
2946.8
2945.08
2943.37
2941.65
2939.87
2938.05
2936.2
2934.38
2932.67
2931.11
2929.69
2928.39
2927.16
2925.94
2924.71
2923.46
2922.18
2920.9
2919.61
2918.36
2917.16
2916.04
2915.01
2914.08
2913.26
2912.54
2911.92
2911.39
2910.97
2910.65
2910.45
2910.36
2910.39
2910.53
2910.77
2911.11
2911.55
2912.09
2912.71
2913.42
2914.22
2915.08
2916.02
2917.02
2918.08
2919.2
2920.39
2921.63
2922.92
2924.26
2925.63
2927.03
2928.47
2929.94
2931.46
2933.02
2934.63
2936.3
2938.03
2939.82
2941.66
2943.51
2945.29
2947.22
2949.11
2950.98
2952.89
2954.81
2956.73
2958.64
2960.52
2962.35
2964.14
2965.85
2967.49
2969.03
2970.46
2971.73
2972.84
2973.77
2974.47
2974.9
2975.05
2974.88
2974.32
2973.35
2971.99
2970.26
2968.16
2965.74
2963.02
2960.01
2956.72
2953.14
2949.25
2945.03
2940.46
2935.48
2930.08
2924.2
2917.82
2910.89
2903.39
2895.3
2886.62
2877.37
2867.58
2857.4
2846.71
2836.16
2824.35
2990.27
2986.09
2983.64
2981.25
2979.12
2977.18
2975.27
2973.44
2971.62
2969.87
2968.16
2966.51
2964.87
2963.22
2961.53
2959.79
2958.02
2956.27
2954.59
2953.03
2951.61
2950.3
2949.07
2947.86
2946.63
2945.38
2944.1
2942.78
2941.44
2940.09
2938.76
2937.49
2936.29
2935.19
2934.19
2933.29
2932.49
2931.77
2931.13
2930.58
2930.12
2929.77
2929.53
2929.4
2929.39
2929.47
2929.65
2929.93
2930.29
2930.74
2931.27
2931.88
2932.56
2933.31
2934.14
2935.03
2936
2937.04
2938.15
2939.31
2940.53
2941.8
2943.1
2944.45
2945.83
2947.25
2948.72
2950.24
2951.8
2953.42
2955.08
2956.77
2958.42
2960.06
2961.81
2963.54
2965.24
2966.94
2968.65
2970.33
2971.97
2973.56
2975.09
2976.55
2977.9
2979.13
2980.18
2981.02
2981.64
2982
2982.11
2981.92
2981.44
2980.64
2979.52
2978.06
2976.25
2974.12
2971.65
2968.88
2965.82
2962.49
2958.89
2955.05
2950.95
2946.59
2941.98
2937.07
2931.83
2926.2
2920.14
2913.6
2906.55
2898.96
2890.81
2882.15
2872.98
2863.46
2853.45
2843.54
2832.63
3011.65
3007.53
3005.18
3002.95
3000.92
2999.09
2997.25
2995.49
2993.74
2992.06
2990.42
2988.82
2987.24
2985.66
2984.05
2982.41
2980.72
2979.03
2977.38
2975.81
2974.36
2973.02
2971.77
2970.55
2969.34
2968.1
2966.84
2965.54
2964.2
2962.83
2961.45
2960.08
2958.76
2957.51
2956.35
2955.29
2954.32
2953.43
2952.62
2951.87
2951.2
2950.62
2950.13
2949.74
2949.45
2949.27
2949.18
2949.18
2949.26
2949.42
2949.66
2949.97
2950.37
2950.84
2951.4
2952.04
2952.76
2953.57
2954.45
2955.41
2956.43
2957.51
2958.65
2959.82
2961.03
2962.27
2963.54
2964.84
2966.18
2967.56
2968.98
2970.44
2971.9
2973.35
2974.85
2976.38
2977.86
2979.32
2980.75
2982.13
2983.44
2984.68
2985.82
2986.85
2987.73
2988.42
2988.87
2989.07
2989.03
2988.71
2988.13
2987.29
2986.19
2984.88
2983.33
2981.51
2979.42
2977.03
2974.36
2971.4
2968.17
2964.69
2960.95
2956.98
2952.79
2948.39
2943.78
2938.94
2933.85
2928.46
2922.7
2916.54
2909.92
2902.81
2895.18
2887.07
2878.47
2869.55
2860.15
2850.81
2840.68
3033.51
3029.52
3027.34
3025.28
3023.33
3021.59
3019.8
3018.12
3016.45
3014.84
3013.26
3011.71
3010.18
3008.66
3007.13
3005.56
3003.96
3002.32
3000.69
2999.11
2997.63
2996.25
2994.97
2993.74
2992.55
2991.35
2990.13
2988.89
2987.6
2986.27
2984.91
2983.52
2982.14
2980.8
2979.52
2978.32
2977.2
2976.16
2975.19
2974.28
2973.43
2972.65
2971.95
2971.33
2970.79
2970.34
2969.97
2969.68
2969.46
2969.32
2969.25
2969.27
2969.36
2969.53
2969.8
2970.16
2970.6
2971.14
2971.76
2972.46
2973.22
2974.06
2974.95
2975.87
2976.83
2977.81
2978.82
2979.85
2980.92
2982.02
2983.18
2984.39
2985.62
2986.84
2988.06
2989.28
2990.46
2991.58
2992.61
2993.54
2994.35
2995.03
2995.56
2995.93
2996.12
2996.11
2995.88
2995.42
2994.73
2993.81
2992.67
2991.33
2989.83
2988.17
2986.32
2984.28
2982.01
2979.49
2976.73
2973.71
2970.44
2966.92
2963.15
2959.16
2954.96
2950.57
2945.99
2941.24
2936.27
2931.06
2925.55
2919.69
2913.44
2906.76
2899.61
2892.01
2883.96
2875.59
2866.78
2858.02
2848.63
3055.95
3052.16
3050.17
3048.19
3046.25
3044.53
3042.8
3041.18
3039.58
3038.01
3036.48
3034.97
3033.49
3032.02
3030.56
3029.07
3027.55
3025.97
3024.38
3022.8
3021.29
3019.88
3018.57
3017.34
3016.15
3014.99
3013.82
3012.64
3011.42
3010.18
3008.89
3007.57
3006.23
3004.88
3003.56
3002.27
3001.04
2999.87
2998.76
2997.71
2996.71
2995.77
2994.89
2994.07
2993.31
2992.61
2991.97
2991.39
2990.87
2990.41
2990.03
2989.72
2989.49
2989.35
2989.3
2989.34
2989.48
2989.69
2989.98
2990.35
2990.78
2991.27
2991.82
2992.41
2993.03
2993.69
2994.38
2995.11
2995.87
2996.68
2997.52
2998.39
2999.27
3000.12
3000.93
3001.7
3002.38
3002.96
3003.39
3003.67
3003.78
3003.72
3003.49
3003.09
3002.53
3001.82
3000.97
2999.95
2998.76
2997.43
2995.97
2994.38
2992.63
2990.72
2988.67
2986.47
2984.13
2981.58
2978.84
2975.87
2972.65
2969.21
2965.52
2961.6
2957.47
2953.15
2948.64
2943.96
2939.09
2934.01
2928.67
2923.05
2917.1
2910.78
2904.05
2896.94
2889.41
2881.61
2873.41
2865.23
2856.55
3078.15
3074.42
3072.48
3070.45
3068.5
3066.82
3065.18
3063.63
3062.11
3060.6
3059.11
3057.64
3056.22
3054.83
3053.46
3052.07
3050.64
3049.15
3047.61
3046.06
3044.54
3043.09
3041.73
3040.47
3039.27
3038.12
3036.98
3035.85
3034.72
3033.57
3032.39
3031.18
3029.94
3028.68
3027.41
3026.15
3024.9
3023.68
3022.5
3021.35
3020.24
3019.16
3018.12
3017.12
3016.15
3015.23
3014.34
3013.5
3012.7
3011.95
3011.25
3010.62
3010.06
3009.59
3009.19
3008.88
3008.64
3008.46
3008.34
3008.28
3008.29
3008.35
3008.46
3008.61
3008.81
3009.06
3009.35
3009.67
3010.01
3010.37
3010.72
3011.06
3011.35
3011.59
3011.75
3011.82
3011.78
3011.63
3011.33
3010.89
3010.31
3009.58
3008.7
3007.7
3006.58
3005.37
3004.07
3002.72
3001.3
2999.78
2998.19
2996.48
2994.68
2992.78
2990.74
2988.55
2986.21
2983.71
2981.04
2978.17
2975.08
2971.78
2968.23
2964.44
2960.41
2956.16
2951.71
2947.08
2942.26
2937.26
2932.04
2926.58
2920.86
2914.84
2908.5
2901.84
2894.83
2887.6
2880.04
2872.47
2864.46
3095.52
3091.65
3089.67
3087.65
3085.84
3084.25
3082.77
3081.35
3079.96
3078.57
3077.18
3075.79
3074.43
3073.09
3071.77
3070.45
3069.09
3067.68
3066.22
3064.72
3063.22
3061.76
3060.39
3059.11
3057.91
3056.77
3055.67
3054.59
3053.53
3052.46
3051.39
3050.29
3049.17
3048.02
3046.86
3045.69
3044.54
3043.39
3042.26
3041.15
3040.04
3038.93
3037.81
3036.7
3035.6
3034.52
3033.47
3032.44
3031.44
3030.48
3029.56
3028.69
3027.87
3027.11
3026.4
3025.73
3025.09
3024.5
3023.95
3023.45
3022.99
3022.57
3022.18
3021.84
3021.55
3021.29
3021.05
3020.82
3020.59
3020.36
3020.1
3019.81
3019.47
3019.06
3018.59
3018.04
3017.42
3016.72
3015.95
3015.1
3014.18
3013.16
3012.06
3010.88
3009.61
3008.27
3006.86
3005.41
3003.9
3002.31
3000.65
2998.88
2996.99
2995
2992.93
2990.77
2988.5
2986.1
2983.54
2980.81
2977.87
2974.72
2971.33
2967.68
2963.76
2959.6
2955.21
2950.62
2945.83
2940.87
2935.72
2930.38
2924.83
2919.05
2913.04
2906.79
2900.29
2893.6
2886.64
2879.66
2872.27
3103.21
3099.48
3097.46
3095.41
3093.74
3092.16
3090.76
3089.37
3088.03
3086.67
3085.32
3083.98
3082.66
3081.38
3080.12
3078.87
3077.6
3076.28
3074.91
3073.48
3072.04
3070.63
3069.27
3068.01
3066.84
3065.75
3064.71
3063.71
3062.74
3061.78
3060.81
3059.84
3058.83
3057.81
3056.78
3055.75
3054.73
3053.73
3052.74
3051.76
3050.78
3049.8
3048.81
3047.8
3046.8
3045.78
3044.75
3043.72
3042.7
3041.68
3040.69
3039.72
3038.77
3037.84
3036.91
3036
3035.11
3034.24
3033.4
3032.59
3031.81
3031.06
3030.34
3029.66
3029
3028.36
3027.73
3027.1
3026.46
3025.82
3025.17
3024.49
3023.79
3023.06
3022.29
3021.48
3020.62
3019.72
3018.77
3017.79
3016.75
3015.67
3014.53
3013.33
3012.07
3010.74
3009.35
3007.9
3006.4
3004.82
3003.16
3001.4
2999.53
2997.58
2995.54
2993.43
2991.22
2988.91
2986.47
2983.87
2981.09
2978.11
2974.88
2971.38
2967.6
2963.55
2959.23
2954.68
2949.92
2944.97
2939.86
2934.58
2929.15
2923.55
2917.8
2911.89
2905.81
2899.61
2893.2
2886.76
2879.93
3104.43
3101.04
3098.82
3096.61
3094.84
3093.2
3091.73
3090.32
3088.99
3087.67
3086.37
3085.09
3083.86
3082.66
3081.49
3080.34
3079.17
3077.96
3076.7
3075.37
3074.01
3072.64
3071.31
3070.07
3068.92
3067.88
3066.92
3066.03
3065.17
3064.33
3063.49
3062.64
3061.77
3060.88
3059.97
3059.06
3058.16
3057.27
3056.4
3055.53
3054.66
3053.78
3052.88
3051.97
3051.05
3050.11
3049.17
3048.23
3047.31
3046.38
3045.45
3044.52
3043.59
3042.64
3041.69
3040.73
3039.76
3038.8
3037.84
3036.91
3035.98
3035.08
3034.19
3033.33
3032.49
3031.66
3030.83
3030.01
3029.18
3028.36
3027.53
3026.69
3025.84
3024.97
3024.08
3023.16
3022.23
3021.27
3020.3
3019.3
3018.29
3017.25
3016.18
3015.08
3013.93
3012.74
3011.49
3010.18
3008.8
3007.34
3005.8
3004.16
3002.42
3000.59
2998.67
2996.66
2994.54
2992.3
2989.94
2987.45
2984.79
2981.95
2978.87
2975.54
2971.93
2968.02
2963.83
2959.36
2954.66
2949.75
2944.67
2939.43
2934.06
2928.58
2922.99
2917.31
2911.54
2905.71
2899.74
2893.73
2887.38
3104.02
3101.08
3098.8
3096.55
3094.78
3093.09
3091.64
3090.26
3088.97
3087.69
3086.46
3085.25
3084.08
3082.94
3081.83
3080.73
3079.64
3078.51
3077.33
3076.09
3074.78
3073.46
3072.16
3070.93
3069.82
3068.82
3067.93
3067.11
3066.33
3065.57
3064.81
3064.05
3063.26
3062.46
3061.63
3060.8
3059.96
3059.14
3058.32
3057.5
3056.67
3055.83
3054.96
3054.06
3053.15
3052.21
3051.26
3050.29
3049.32
3048.34
3047.36
3046.36
3045.36
3044.33
3043.29
3042.25
3041.2
3040.15
3039.11
3038.09
3037.09
3036.1
3035.14
3034.21
3033.3
3032.41
3031.52
3030.65
3029.79
3028.93
3028.08
3027.22
3026.35
3025.47
3024.58
3023.67
3022.75
3021.82
3020.88
3019.94
3019
3018.06
3017.1
3016.13
3015.14
3014.13
3013.08
3011.99
3010.83
3009.59
3008.28
3006.87
3005.37
3003.77
3002.06
3000.24
2998.28
2996.18
2993.96
2991.59
2989.07
2986.38
2983.48
2980.34
2976.92
2973.19
2969.15
2964.81
2960.19
2955.34
2950.29
2945.07
2939.72
2934.26
2928.73
2923.15
2917.53
2911.93
2906.25
2900.58
2894.61
3102.62
3100.66
3098.56
3096.26
3094.4
3092.59
3091.08
3089.68
3088.41
3087.19
3086.01
3084.85
3083.71
3082.59
3081.49
3080.4
3079.32
3078.21
3077.06
3075.85
3074.59
3073.3
3072.02
3070.8
3069.68
3068.66
3067.74
3066.89
3066.09
3065.31
3064.55
3063.79
3063.03
3062.25
3061.45
3060.63
3059.79
3058.94
3058.08
3057.22
3056.34
3055.44
3054.53
3053.58
3052.62
3051.64
3050.64
3049.64
3048.62
3047.6
3046.56
3045.51
3044.44
3043.36
3042.27
3041.17
3040.06
3038.96
3037.87
3036.8
3035.76
3034.75
3033.77
3032.82
3031.9
3031
3030.13
3029.27
3028.43
3027.62
3026.82
3026.03
3025.26
3024.49
3023.72
3022.95
3022.17
3021.38
3020.59
3019.79
3018.98
3018.16
3017.32
3016.48
3015.63
3014.79
3013.94
3013.06
3012.15
3011.19
3010.16
3009.06
3007.88
3006.61
3005.22
3003.7
3002.04
3000.24
2998.29
2996.17
2993.89
2991.42
2988.74
2985.83
2982.64
2979.14
2975.3
2971.14
2966.65
2961.89
2956.88
2951.67
2946.29
2940.79
2935.2
2929.58
2923.95
2918.37
2912.79
2907.28
2901.58
3100.48
3099.66
3098.26
3096.04
3094.06
3092.05
3090.4
3088.93
3087.64
3086.44
3085.3
3084.18
3083.07
3081.97
3080.89
3079.81
3078.74
3077.65
3076.52
3075.36
3074.16
3072.93
3071.7
3070.5
3069.36
3068.31
3067.32
3066.41
3065.53
3064.69
3063.85
3063.02
3062.19
3061.35
3060.48
3059.59
3058.65
3057.68
3056.69
3055.68
3054.66
3053.64
3052.63
3051.62
3050.61
3049.59
3048.56
3047.51
3046.44
3045.36
3044.26
3043.14
3042.01
3040.88
3039.74
3038.61
3037.48
3036.37
3035.28
3034.21
3033.17
3032.16
3031.18
3030.23
3029.3
3028.4
3027.51
3026.66
3025.84
3025.05
3024.3
3023.57
3022.89
3022.24
3021.62
3021.02
3020.43
3019.84
3019.27
3018.69
3018.1
3017.5
3016.88
3016.25
3015.6
3014.92
3014.21
3013.47
3012.72
3011.96
3011.19
3010.39
3009.54
3008.63
3007.62
3006.51
3005.27
3003.88
3002.35
3000.65
2998.75
2996.65
2994.34
2991.81
2989
2985.86
2982.37
2978.49
2974.21
2969.57
2964.61
2959.38
2953.94
2948.33
2942.58
2936.74
2930.88
2925.09
2919.38
2913.82
2908.22
3097.99
3097.89
3097.53
3095.99
3094.04
3091.81
3089.97
3088.38
3087.02
3085.8
3084.66
3083.56
3082.48
3081.41
3080.34
3079.27
3078.2
3077.12
3076.02
3074.9
3073.76
3072.59
3071.4
3070.21
3069.04
3067.93
3066.86
3065.84
3064.86
3063.89
3062.94
3062.01
3061.08
3060.15
3059.2
3058.22
3057.2
3056.13
3055.02
3053.88
3052.72
3051.57
3050.42
3049.28
3048.15
3047.01
3045.86
3044.7
3043.52
3042.33
3041.13
3039.92
3038.71
3037.51
3036.32
3035.15
3033.99
3032.87
3031.77
3030.69
3029.65
3028.63
3027.64
3026.67
3025.72
3024.79
3023.89
3023.02
3022.18
3021.4
3020.67
3020
3019.38
3018.81
3018.29
3017.81
3017.36
3016.95
3016.56
3016.19
3015.83
3015.47
3015.12
3014.76
3014.37
3013.94
3013.47
3012.97
3012.43
3011.85
3011.27
3010.67
3010.06
3009.44
3008.79
3008.09
3007.32
3006.45
3005.45
3004.31
3002.99
3001.45
2999.69
2997.69
2995.43
2992.84
2989.88
2986.48
2982.61
2978.27
2973.49
2968.32
2962.81
2957.02
2951
2944.82
2938.56
2932.34
2926.2
2920.28
2914.5
3095.21
3095.5
3095.75
3095.46
3094.17
3091.98
3089.95
3088.1
3086.59
3085.3
3084.14
3083.07
3082.03
3080.99
3079.93
3078.86
3077.79
3076.72
3075.65
3074.57
3073.47
3072.33
3071.15
3069.94
3068.71
3067.49
3066.29
3065.13
3063.99
3062.87
3061.76
3060.68
3059.6
3058.54
3057.46
3056.37
3055.24
3054.07
3052.85
3051.59
3050.31
3049.02
3047.73
3046.45
3045.18
3043.92
3042.66
3041.39
3040.11
3038.82
3037.53
3036.24
3034.96
3033.71
3032.47
3031.27
3030.1
3028.96
3027.85
3026.77
3025.71
3024.68
3023.67
3022.68
3021.72
3020.77
3019.85
3018.95
3018.08
3017.25
3016.47
3015.74
3015.06
3014.44
3013.89
3013.42
3013.01
3012.66
3012.37
3012.12
3011.92
3011.75
3011.62
3011.52
3011.43
3011.34
3011.24
3011.11
3010.93
3010.7
3010.43
3010.11
3009.75
3009.35
3008.93
3008.47
3007.99
3007.5
3006.98
3006.4
3005.71
3004.87
3003.81
3002.52
3001.02
2999.26
2997.14
2994.57
2991.45
2987.73
2983.37
2978.43
2972.96
2967.04
2960.74
2954.13
2947.29
2940.36
2933.46
2926.78
2920.42
3092.12
3092.48
3093.24
3093.71
3093.6
3092.19
3090.3
3088.33
3086.51
3084.95
3083.67
3082.59
3081.58
3080.58
3079.56
3078.51
3077.43
3076.35
3075.26
3074.16
3073.03
3071.85
3070.61
3069.31
3067.98
3066.63
3065.29
3063.97
3062.67
3061.38
3060.1
3058.82
3057.56
3056.3
3055.05
3053.8
3052.54
3051.26
3049.95
3048.6
3047.23
3045.84
3044.44
3043.03
3041.63
3040.24
3038.85
3037.47
3036.1
3034.74
3033.4
3032.09
3030.81
3029.55
3028.33
3027.15
3025.99
3024.86
3023.76
3022.67
3021.61
3020.58
3019.57
3018.58
3017.61
3016.66
3015.72
3014.8
3013.9
3013.01
3012.16
3011.36
3010.62
3009.94
3009.32
3008.77
3008.28
3007.85
3007.48
3007.18
3006.94
3006.77
3006.65
3006.61
3006.63
3006.7
3006.83
3007
3007.2
3007.41
3007.62
3007.78
3007.87
3007.9
3007.86
3007.75
3007.59
3007.42
3007.25
3007.07
3006.89
3006.69
3006.41
3005.91
3005.21
3004.28
3003.06
3001.43
2999.28
2996.52
2993.06
2988.84
2983.84
2978.09
2971.66
2964.64
2957.17
2949.44
2941.6
2933.83
2926.45
3088.95
3088.95
3090.03
3090.92
3091.45
3091.45
3090.46
3088.79
3087.02
3085.32
3083.76
3082.35
3081.12
3080.02
3078.98
3077.94
3076.88
3075.78
3074.65
3073.48
3072.25
3070.97
3069.61
3068.19
3066.71
3065.2
3063.69
3062.2
3060.72
3059.24
3057.76
3056.28
3054.78
3053.29
3051.81
3050.35
3048.9
3047.47
3046.05
3044.62
3043.2
3041.77
3040.33
3038.89
3037.43
3035.98
3034.54
3033.12
3031.72
3030.38
3029.08
3027.82
3026.61
3025.44
3024.3
3023.19
3022.11
3021.06
3020.03
3019.03
3018.06
3017.12
3016.2
3015.3
3014.42
3013.55
3012.68
3011.83
3010.99
3010.16
3009.32
3008.47
3007.62
3006.78
3005.97
3005.19
3004.48
3003.86
3003.32
3002.86
3002.48
3002.15
3001.87
3001.67
3001.56
3001.53
3001.59
3001.76
3002.02
3002.37
3002.8
3003.28
3003.81
3004.35
3004.86
3005.33
3005.73
3006.06
3006.29
3006.47
3006.6
3006.72
3006.87
3006.98
3007
3006.91
3006.68
3006.19
3005.28
3003.82
3001.67
2998.61
2994.54
2989.43
2983.29
2976.21
2968.37
2959.92
2951.09
2942.01
2933.22
3086.18
3085.58
3086.34
3087.19
3088.19
3088.97
3089.27
3088.69
3087.33
3085.76
3084.17
3082.63
3081.16
3079.77
3078.47
3077.25
3076.05
3074.84
3073.58
3072.26
3070.88
3069.42
3067.89
3066.28
3064.6
3062.88
3061.15
3059.43
3057.74
3056.06
3054.4
3052.72
3051.05
3049.39
3047.75
3046.15
3044.59
3043.08
3041.61
3040.19
3038.8
3037.43
3036.07
3034.71
3033.35
3031.99
3030.64
3029.31
3028.03
3026.81
3025.66
3024.59
3023.58
3022.62
3021.69
3020.78
3019.87
3018.98
3018.1
3017.23
3016.37
3015.52
3014.68
3013.85
3013.04
3012.23
3011.43
3010.64
3009.85
3009.06
3008.25
3007.42
3006.57
3005.71
3004.84
3003.96
3003.1
3002.25
3001.44
3000.68
2999.97
2999.35
2998.81
2998.37
2998.04
2997.83
2997.73
2997.73
2997.82
2998.05
2998.39
2998.86
2999.45
3000.14
3000.92
3001.74
3002.58
3003.41
3004.21
3004.96
3005.61
3006.17
3006.74
3007.42
3008.03
3008.46
3008.85
3009.16
3009.15
3008.86
3008.02
3006.34
3003.68
2999.8
2994.64
2988.12
2980.5
2971.78
2962.22
2951.89
2941.41
3084.5
3082.99
3083.05
3083.18
3083.98
3085.17
3086.16
3086.72
3086.63
3085.7
3084.28
3082.71
3081.1
3079.51
3077.94
3076.41
3074.9
3073.4
3071.86
3070.28
3068.64
3066.94
3065.15
3063.3
3061.38
3059.42
3057.46
3055.54
3053.67
3051.87
3050.13
3048.42
3046.74
3045.09
3043.49
3041.93
3040.44
3039
3037.63
3036.31
3035.05
3033.83
3032.65
3031.51
3030.39
3029.31
3028.28
3027.3
3026.38
3025.5
3024.64
3023.78
3022.92
3022.04
3021.17
3020.31
3019.45
3018.61
3017.78
3016.96
3016.16
3015.37
3014.59
3013.8
3013.01
3012.21
3011.4
3010.61
3009.81
3009.02
3008.22
3007.42
3006.59
3005.76
3004.9
3004.05
3003.19
3002.34
3001.52
3000.73
2999.97
2999.23
2998.51
2997.82
2997.19
2996.64
2996.2
2995.86
2995.67
2995.64
2995.77
2996.1
2996.61
2997.29
2998.15
2999.16
3000.3
3001.52
3002.76
3003.94
3005.05
3006.08
3007.09
3008.07
3008.87
3009.38
3009.93
3010.76
3011.8
3013.09
3013.74
3013.44
3011.92
3008.93
3004.75
2999.35
2992.69
2984.31
2974.22
2962.65
2950.28
3085.3
3081.89
3080.85
3080.32
3080.37
3080.77
3081.63
3082.71
3083.47
3083.72
3083.2
3082.01
3080.45
3078.73
3076.9
3075.01
3073.07
3071.1
3069.12
3067.12
3065.12
3063.1
3061.08
3059.05
3057.01
3054.99
3053.02
3051.12
3049.33
3047.65
3046.06
3044.55
3043.08
3041.66
3040.28
3038.96
3037.7
3036.49
3035.34
3034.26
3033.23
3032.25
3031.32
3030.45
3029.62
3028.84
3028.07
3027.32
3026.55
3025.77
3024.97
3024.14
3023.29
3022.42
3021.56
3020.72
3019.89
3019.08
3018.26
3017.42
3016.57
3015.68
3014.78
3013.87
3012.96
3012.07
3011.2
3010.36
3009.54
3008.75
3007.97
3007.2
3006.43
3005.66
3004.88
3004.09
3003.31
3002.54
3001.77
3001.03
3000.31
2999.63
2998.97
2998.35
2997.78
2997.28
2996.85
2996.51
2996.23
2996.03
2995.91
2995.85
2995.88
2996
2996.23
2996.64
2997.21
2997.95
2998.89
3000.04
3001.44
3003.14
3005.2
3007.35
3009.6
3011.85
3014.14
3016.62
3019.15
3021.49
3022.74
3022.4
3020.34
3016.89
3013.63
3010.47
3005.72
2998.31
2987.69
2974.87
2960.43
3088.27
3083.87
3081.69
3079.55
3078.29
3077.72
3077.52
3077.68
3078.12
3078.67
3078.91
3078.6
3077.57
3075.98
3074.06
3071.97
3069.77
3067.54
3065.32
3063.12
3060.96
3058.87
3056.83
3054.85
3052.92
3051.06
3049.28
3047.62
3046.09
3044.71
3043.44
3042.26
3041.14
3040.07
3039.04
3038.04
3037.07
3036.12
3035.19
3034.28
3033.4
3032.57
3031.77
3031.01
3030.28
3029.58
3028.89
3028.2
3027.47
3026.72
3025.93
3025.12
3024.29
3023.46
3022.63
3021.8
3020.97
3020.14
3019.3
3018.45
3017.58
3016.69
3015.78
3014.88
3013.99
3013.12
3012.29
3011.48
3010.68
3009.89
3009.1
3008.33
3007.58
3006.85
3006.14
3005.43
3004.75
3004.08
3003.44
3002.82
3002.23
3001.67
3001.15
3000.67
3000.23
2999.85
2999.55
2999.32
2999.16
2999.06
2999.05
2999.13
2999.31
2999.63
3000.12
3000.81
3001.68
3002.77
3004.03
3005.48
3007.08
3008.79
3010.55
3012.2
3014
3015.92
3017.67
3019.52
3021.4
3024.01
3027.03
3028.97
3030.37
3031.22
3031.73
3029.33
3023.11
3014.25
3003.21
2987.47
2969.01
3092.56
3087.76
3084.88
3081.99
3079.6
3077.4
3075.53
3074.07
3072.98
3072.24
3071.71
3071.24
3070.61
3069.64
3068.29
3066.68
3064.91
3063.05
3061.16
3059.27
3057.4
3055.56
3053.77
3052.04
3050.38
3048.8
3047.33
3045.97
3044.75
3043.68
3042.74
3041.9
3041.12
3040.38
3039.64
3038.89
3038.13
3037.37
3036.59
3035.8
3035.01
3034.22
3033.44
3032.65
3031.86
3031.06
3030.25
3029.42
3028.57
3027.71
3026.85
3026
3025.14
3024.29
3023.43
3022.57
3021.7
3020.81
3019.91
3019
3018.1
3017.19
3016.29
3015.4
3014.52
3013.65
3012.8
3011.93
3011.06
3010.22
3009.4
3008.61
3007.86
3007.13
3006.42
3005.76
3005.13
3004.51
3003.89
3003.29
3002.74
3002.21
3001.72
3001.25
3000.82
3000.42
3000.07
2999.79
2999.57
2999.4
2999.31
2999.32
2999.45
2999.7
3000.09
3000.66
3001.44
3002.49
3003.87
3005.66
3007.93
3010.77
3014.17
3018.37
3023.44
3029.43
3035.75
3041.77
3046.97
3051.35
3055.26
3058.08
3058.13
3055.18
3047.25
3038.27
3029.91
3021.35
3013.74
2985.68
2962.87
3096.42
3092.08
3088.99
3085.49
3082.17
3078.98
3076.01
3073.09
3070.18
3067.48
3065.15
3063.28
3061.87
3060.8
3059.93
3059.11
3058.27
3057.37
3056.39
3055.34
3054.22
3053.06
3051.87
3050.69
3049.54
3048.42
3047.36
3046.35
3045.42
3044.58
3043.8
3043.07
3042.35
3041.63
3040.87
3040.09
3039.27
3038.42
3037.55
3036.64
3035.73
3034.8
3033.87
3032.95
3032.03
3031.12
3030.22
3029.33
3028.44
3027.57
3026.7
3025.84
3025
3024.16
3023.31
3022.46
3021.61
3020.74
3019.87
3019
3018.13
3017.26
3016.38
3015.5
3014.62
3013.76
3012.93
3012.12
3011.35
3010.65
3009.97
3009.29
3008.61
3007.93
3007.27
3006.64
3006.04
3005.47
3004.95
3004.49
3004.06
3003.69
3003.34
3003.04
3002.8
3002.61
3002.48
3002.42
3002.42
3002.51
3002.72
3003.05
3003.52
3004.16
3004.96
3005.95
3007.16
3008.65
3010.42
3012.48
3014.84
3017.54
3020.43
3023.79
3027.51
3031.63
3036.27
3041.15
3046.46
3052.22
3058.75
3066.67
3075.07
3082.94
3087.86
3083.23
3070.82
3046.79
3022.21
2991.02
2972.5
3098.73
3095.09
3092.47
3089.2
3085.58
3081.46
3077.2
3072.98
3069.09
3065.51
3062.3
3059.48
3057.01
3054.91
3053.22
3051.92
3050.96
3050.3
3049.91
3049.75
3049.76
3049.87
3050
3050.08
3050.04
3049.82
3049.43
3048.9
3048.29
3047.64
3046.96
3046.25
3045.5
3044.68
3043.82
3042.9
3041.95
3040.97
3039.97
3038.97
3037.95
3036.93
3035.89
3034.85
3033.8
3032.74
3031.69
3030.65
3029.62
3028.62
3027.65
3026.69
3025.74
3024.8
3023.84
3022.86
3021.88
3020.89
3019.92
3018.98
3018.07
3017.19
3016.35
3015.52
3014.72
3013.92
3013.18
3012.5
3011.65
3010.81
3010.02
3009.26
3008.56
3007.91
3007.33
3006.83
3006.38
3005.97
3005.59
3005.23
3004.89
3004.59
3004.33
3004.1
3003.91
3003.76
3003.61
3003.47
3003.38
3003.31
3003.35
3003.46
3003.64
3003.91
3004.3
3004.83
3005.56
3006.47
3007.61
3008.95
3010.53
3012.37
3014.57
3017.31
3020.75
3025.03
3030.62
3037.97
3048
3061.18
3078.37
3102.02
3134.35
3176.68
3233.05
3303.84
3392.42
3494.82
3607.35
3723.24
3867.17
)
;

boundaryField
{
    inlet
    {
        type            fixedValue;
        value           nonuniform List<scalar> 0();
    }
    obstacle
    {
        type            zeroGradient;
    }
    bottom
    {
        type            symmetry;
    }
    outlet
    {
        type            zeroGradient;
    }
    top
    {
        type            symmetry;
    }
    defaultFaces
    {
        type            empty;
    }
    procBoundary3to2
    {
        type            processor;
        value           nonuniform List<scalar> 
122
(
2784.17
2783.43
2783.21
2782.8
2782.33
2781.71
2780.96
2780.08
2779.06
2778.15
2777.53
2777.3
2777.34
2777.56
2777.81
2777.99
2778.08
2778.15
2778.3
2778.61
2779.14
2779.85
2780.63
2781.41
2782.15
2782.91
2783.75
2784.7
2785.72
2786.74
2787.68
2788.55
2789.4
2790.29
2791.24
2792.21
2793.12
2793.94
2794.7
2795.46
2796.27
2797.08
2797.84
2798.5
2799.06
2799.58
2800.11
2800.62
2801.05
2801.38
2801.62
2801.84
2802.05
2802.23
2802.34
2802.34
2802.27
2802.16
2802.02
2801.82
2801.51
2801.07
2800.46
2799.68
2798.7
2797.51
2796.14
2794.58
2792.84
2791.35
2791.35
2790.9
2791.01
2792.16
2792.82
2794.74
2801.34
2801.85
2802.33
2802.84
2803.33
2803.76
2804.31
2804.75
2805.17
2805.63
2806.02
2806.42
2806.85
2807.07
2807.09
2807.23
2807.16
2806.89
2806.35
2805.52
2804.37
2802.9
2801.17
2799.08
2796.43
2793.12
2789.22
2784.72
2779.87
2775.56
2771.86
2769.91
2770.33
2772.87
2778.73
2786.3
2796.51
2796.51
2798
2798.86
2799.51
2799.97
2800.33
2800.64
2801.19
2801.19
)
;
    }
    procBoundary3to5
    {
        type            processor;
        value           nonuniform List<scalar> 
83
(
2792.95
2777.51
2773.33
2769.14
2769.14
2748.56
2743.87
2739.16
2734.47
2729.72
2724.79
2719.73
2714.76
2709.85
2705.05
2700.29
2695.48
2690.58
2685.38
2680.07
2674.89
2669.77
2664.84
2659.88
2655.06
2650
2645.25
2640.41
2635.99
2631.04
2627.02
2623.08
2619.35
2616.29
2613.67
2611.69
2610.37
2609.98
2610.67
2612.37
2615.32
2619.5
2624.99
2631.85
2640.06
2649.55
2660.11
2671.51
2683.51
2695.91
2708.51
2721.1
2733.48
2745.56
2757.28
2768.62
2779.5
2789.92
2799.89
2809.43
2818.53
2827.24
2835.66
2843.97
2852.23
2860.47
2868.58
2876.5
2884.18
2891.59
2898.67
2905.36
2911.52
2917.12
2922.6
2928.61
2935.91
2943.8
2952.51
2957.94
2954.43
2948.82
3907.71
)
;
    }
}


// ************************************************************************* //
