/*--------------------------------*- C++ -*----------------------------------*\
| =========                 |                                                 |
| \\      /  F ield         | OpenFOAM: The Open Source CFD Toolbox           |
|  \\    /   O peration     | Version:  2412                                  |
|   \\  /    A nd           | Website:  www.openfoam.com                      |
|    \\/     M anipulation  |                                                 |
\*---------------------------------------------------------------------------*/
FoamFile
{
    version     2.0;
    format      ascii;
    arch        "LSB;label=32;scalar=64";
    class       volScalarField;
    location    "0.056";
    object      p;
}
// * * * * * * * * * * * * * * * * * * * * * * * * * * * * * * * * * * * * * //

dimensions      [1 -1 -2 0 0 0 0];

internalField   nonuniform List<scalar> 
9922
(
4102.68
2906.07
2886.51
2906.55
2906.22
2910.09
2909.44
2910.27
2911.33
2911.56
2910.28
2907.54
2903.16
2897.26
2890.24
2882.63
2874.77
2866.81
2858.76
2850.53
2841.96
2832.86
2823.03
2812.39
2800.96
2788.71
2775.59
2761.6
2746.79
2731.24
2715
2698.03
2680.27
2661.6
2641.94
2621.18
2599.21
2575.88
2550.99
2524.35
2495.69
2464.69
2430.94
2393.95
2353.2
2308.17
2258.47
2203.94
2145.14
2083.99
2022.71
1962.78
1904.77
1848.94
1795.57
1744.86
1696.48
1650.08
1605.84
1563.77
1523.52
1484.67
1447.12
1411.27
1377.78
1347.23
1319.75
1295.13
1272.88
1252.52
1233.32
1215.88
1200.34
1186.27
1173.38
1161.39
1150.21
1139.66
1129.77
1120.37
1111.54
1103.13
1095.25
1087.77
1080.73
1074.01
1067.63
1061.53
1055.74
1050.23
1045.01
1040.02
1035.23
1030.66
1026.29
1022.09
1018.04
1014.16
1010.44
1006.9
1003.49
1000.22
997.076
994.072
991.195
988.457
985.813
983.294
980.857
978.566
976.349
974.257
972.211
970.287
968.511
966.768
965.15
963.511
962.026
960.532
958.296
4104.41
2905.55
2884.98
2905.32
2905.31
2909.43
2908.94
2909.9
2911.06
2911.31
2910.04
2907.27
2902.86
2896.92
2889.88
2882.27
2874.42
2866.49
2858.46
2850.26
2841.73
2832.64
2822.83
2812.2
2800.76
2788.5
2775.38
2761.36
2746.52
2730.93
2714.63
2697.62
2679.8
2661.07
2641.34
2620.48
2598.38
2574.89
2549.81
2522.94
2494
2462.68
2428.58
2391.24
2350.17
2304.9
2255.13
2200.87
2142.85
2082.92
2023.08
1964.4
1907.51
1853.05
1801.33
1751.85
1704.1
1657.88
1613.05
1569.91
1528.91
1490.26
1453.61
1418.65
1385.38
1354.08
1325.07
1298.71
1275.24
1254.54
1236.25
1219.31
1203.59
1189.11
1175.77
1163.37
1151.89
1141.2
1131.35
1122.1
1113.46
1105.19
1097.33
1089.8
1082.66
1075.85
1069.39
1063.23
1057.42
1051.9
1046.65
1041.62
1036.8
1032.19
1027.76
1023.5
1019.41
1015.51
1011.78
1008.2
1004.74
1001.44
998.268
995.234
992.325
989.557
986.881
984.322
981.84
979.496
977.22
975.066
972.951
970.938
969.057
967.211
965.489
963.738
962.083
960.437
957.994
4106.13
2905.06
2883.43
2904.06
2904.39
2908.77
2908.42
2909.52
2910.78
2911.06
2909.78
2906.99
2902.54
2896.57
2889.51
2881.9
2874.06
2866.16
2858.17
2849.99
2841.49
2832.43
2822.62
2812
2800.56
2788.3
2775.16
2761.12
2746.25
2730.62
2714.28
2697.21
2679.34
2660.55
2640.74
2619.79
2597.58
2573.94
2548.68
2521.59
2492.4
2460.8
2426.4
2388.76
2347.44
2302.01
2252.29
2198.32
2140.98
2082.17
2023.63
1966.21
1910.72
1857.55
1806.44
1757.37
1710.39
1665.16
1621.35
1578.65
1537.02
1496.89
1459
1423.69
1390.79
1360.06
1331.4
1304.86
1280.49
1258.27
1238.33
1220.85
1205.1
1190.68
1177.42
1165.08
1153.6
1142.82
1132.76
1123.25
1114.33
1105.82
1097.79
1090.14
1082.94
1076.08
1069.61
1063.47
1057.67
1052.15
1046.87
1041.82
1036.98
1032.35
1027.9
1023.63
1019.57
1015.7
1011.97
1008.4
1004.98
1001.74
998.633
995.665
992.809
990.085
987.464
984.971
982.557
980.279
978.071
976.006
973.989
972.085
970.291
968.53
966.898
965.277
963.695
962.085
959.679
4107.84
2904.6
2881.87
2902.79
2903.47
2908.09
2907.89
2909.13
2910.49
2910.8
2909.52
2906.7
2902.22
2896.21
2889.13
2881.52
2873.71
2865.83
2857.87
2849.72
2841.24
2832.2
2822.42
2811.8
2800.36
2788.09
2774.94
2760.88
2745.98
2730.31
2713.92
2696.8
2678.88
2660.04
2640.16
2619.12
2596.8
2573.02
2547.6
2520.32
2490.9
2459.05
2424.39
2386.51
2344.98
2299.46
2249.75
2196.06
2139.56
2082.09
2024.86
1968.79
1914.39
1861.66
1810.9
1762.34
1715.65
1670.67
1627.39
1585.71
1545.27
1505.78
1467.37
1430.56
1396.09
1364.34
1335.34
1308.92
1284.84
1262.93
1242.77
1224.28
1207.58
1192.39
1178.55
1165.81
1154.1
1143.18
1133.07
1123.56
1114.73
1106.36
1098.53
1091.03
1083.9
1077.05
1070.55
1064.37
1058.51
1052.9
1047.54
1042.43
1037.54
1032.86
1028.36
1024.08
1020.01
1016.11
1012.33
1008.71
1005.27
1002
998.882
995.881
992.974
990.191
987.527
984.999
982.55
980.223
977.957
975.838
973.778
971.846
970.019
968.23
966.567
964.97
963.518
962.046
959.749
4109.53
2904.18
2880.29
2901.5
2902.54
2907.42
2907.35
2908.73
2910.2
2910.52
2909.24
2906.41
2901.89
2895.85
2888.75
2881.14
2873.34
2865.5
2857.56
2849.45
2841
2831.98
2822.21
2811.59
2800.15
2787.87
2774.71
2760.64
2745.71
2730
2713.57
2696.4
2678.43
2659.53
2639.58
2618.47
2596.04
2572.14
2546.57
2519.11
2489.49
2457.42
2422.54
2384.45
2342.77
2297.15
2247.48
2194.29
2138.9
2082.74
2026.77
1971.92
1918.58
1866.94
1817.28
1769.5
1723.23
1678.11
1634.18
1591.81
1551.28
1512.53
1475.19
1439.1
1404.44
1371.57
1340.95
1312.98
1287.81
1265.38
1245.44
1227.35
1210.82
1195.63
1181.6
1168.57
1156.57
1145.45
1135.21
1125.59
1116.62
1108.07
1100.02
1092.33
1085.07
1078.16
1071.64
1065.42
1059.49
1053.83
1048.44
1043.3
1038.4
1033.72
1029.26
1025.01
1020.93
1017.02
1013.25
1009.66
1006.26
1003.03
999.936
996.967
994.084
991.318
988.668
986.161
983.741
981.439
979.186
977.067
974.995
973.047
971.199
969.387
967.64
965.942
964.366
962.808
960.455
4111.2
2903.79
2878.7
2900.2
2901.61
2906.73
2906.8
2908.33
2909.89
2910.24
2908.96
2906.11
2901.56
2895.48
2888.36
2880.76
2872.98
2865.16
2857.26
2849.18
2840.75
2831.75
2821.99
2811.38
2799.94
2787.66
2774.49
2760.4
2745.44
2729.7
2713.22
2696.01
2677.98
2659.03
2639.02
2617.82
2595.3
2571.29
2545.58
2517.96
2488.16
2455.9
2420.83
2382.57
2340.74
2295.05
2245.62
2193.19
2138.86
2083.66
2028.64
1974.68
1922.16
1871.69
1823.22
1776.28
1730.76
1686.46
1643.13
1600.63
1559.09
1519.04
1481.01
1445.11
1411.11
1378.85
1348.43
1320.04
1293.89
1270.04
1248.53
1229.37
1212.26
1196.84
1182.76
1169.74
1157.71
1146.49
1136.06
1126.21
1116.98
1108.21
1099.98
1092.17
1084.88
1077.96
1071.44
1065.2
1059.25
1053.57
1048.18
1043.05
1038.16
1033.49
1029.05
1024.8
1020.7
1016.76
1012.98
1009.41
1006
1002.76
999.648
996.667
993.788
991.03
988.396
985.905
983.509
981.24
979.02
976.939
974.904
973.016
971.258
969.565
967.922
966.324
964.802
963.294
961.034
4112.85
2903.43
2877.1
2898.88
2900.67
2906.04
2906.25
2907.93
2909.59
2909.96
2908.67
2905.8
2901.21
2895.1
2887.97
2880.37
2872.61
2864.82
2856.95
2848.9
2840.5
2831.53
2821.78
2811.17
2799.73
2787.44
2774.26
2760.16
2745.18
2729.4
2712.88
2695.62
2677.54
2658.53
2638.46
2617.19
2594.59
2570.47
2544.63
2516.86
2486.91
2454.48
2419.25
2380.83
2338.88
2293.26
2244.27
2192.56
2139
2084.6
2030.66
1977.81
1926.49
1876.71
1828.33
1781.57
1736.41
1692.63
1650.17
1608.81
1568.26
1528.38
1489.43
1452
1416.72
1383.86
1353.38
1325.16
1299.18
1275.45
1253.83
1234.14
1216.2
1199.88
1185.03
1171.44
1159.05
1147.65
1137.19
1127.41
1118.32
1109.66
1101.49
1093.69
1086.37
1079.41
1072.83
1066.55
1060.59
1054.92
1049.53
1044.4
1039.49
1034.82
1030.36
1026.07
1021.93
1017.98
1014.23
1010.66
1007.21
1003.9
1000.72
997.695
994.808
992.055
989.405
986.871
984.427
982.121
979.873
977.745
975.632
973.645
971.797
970.035
968.334
966.685
965.099
963.545
961.262
4114.48
2903.11
2875.49
2897.55
2899.72
2905.33
2905.7
2907.53
2909.28
2909.67
2908.38
2905.48
2900.86
2894.72
2887.57
2879.97
2872.24
2864.48
2856.64
2848.62
2840.25
2831.29
2821.56
2810.96
2799.51
2787.22
2774.03
2759.92
2744.91
2729.1
2712.54
2695.23
2677.11
2658.04
2637.91
2616.57
2593.89
2569.67
2543.72
2515.82
2485.73
2453.16
2417.77
2379.22
2337.23
2291.8
2243.22
2192.06
2139.25
2086.02
2033.33
1981.54
1931.04
1881.97
1834.47
1788.48
1743.64
1699.71
1656.79
1615.19
1575.07
1536.2
1498.31
1461.35
1425.57
1391.4
1359.33
1329.77
1302.85
1278.57
1256.74
1237.08
1219.24
1202.98
1188.08
1174.34
1161.74
1150.09
1139.33
1129.22
1119.81
1110.89
1102.52
1094.54
1087.05
1079.91
1073.19
1066.82
1060.83
1055.15
1049.72
1044.53
1039.59
1034.89
1030.38
1026.05
1021.91
1017.99
1014.25
1010.67
1007.22
1003.9
1000.73
997.724
994.887
992.189
989.577
987.058
984.618
982.335
980.141
978.09
976.051
974.136
972.335
970.608
968.968
967.389
965.859
964.344
962.146
4116.07
2902.83
2873.88
2896.21
2898.75
2904.6
2905.15
2907.14
2908.98
2909.38
2908.09
2905.16
2900.5
2894.32
2887.16
2879.57
2871.86
2864.13
2856.33
2848.34
2839.99
2831.06
2821.33
2810.74
2799.29
2786.99
2773.8
2759.67
2744.65
2728.81
2712.21
2694.85
2676.68
2657.56
2637.37
2615.97
2593.2
2568.9
2542.85
2514.83
2484.61
2451.91
2416.4
2377.77
2335.82
2290.62
2242.44
2191.95
2140.17
2088.24
2036.55
1985.67
1936.11
1888.04
1841.5
1796.22
1751.99
1708.63
1665.92
1623.84
1582.65
1542.84
1504.74
1468.34
1433.39
1399.82
1367.81
1337.65
1309.65
1284.01
1260.82
1240.01
1221.35
1204.52
1189.28
1175.35
1162.58
1150.78
1139.85
1129.63
1120.19
1111.33
1103.12
1095.31
1087.94
1080.83
1074.06
1067.62
1061.59
1055.83
1050.34
1045.09
1040.12
1035.37
1030.81
1026.44
1022.3
1018.36
1014.57
1010.92
1007.4
1004.03
1000.82
997.777
994.904
992.162
989.5
986.923
984.428
982.098
979.863
977.769
975.679
973.69
971.792
969.965
968.257
966.619
965.076
963.568
961.301
4117.64
2902.58
2872.27
2894.86
2897.76
2903.87
2904.61
2906.75
2908.67
2909.08
2907.78
2904.83
2900.13
2893.92
2886.75
2879.17
2871.48
2863.79
2856.01
2848.06
2839.74
2830.82
2821.11
2810.51
2799.06
2786.76
2773.56
2759.42
2744.39
2728.52
2711.88
2694.48
2676.26
2657.09
2636.84
2615.37
2592.54
2568.15
2542
2513.88
2483.56
2450.74
2415.13
2376.47
2334.61
2289.64
2241.94
2192.32
2141.63
2090.43
2039.29
1989.15
1940.42
1893.17
1847.11
1802.18
1758.43
1715.73
1673.97
1632.95
1592.45
1552.43
1513.2
1475.38
1439.49
1405.66
1373.83
1343.95
1316.1
1290.42
1266.94
1245.61
1226.26
1208.69
1192.75
1178.25
1165.09
1153.06
1142.03
1131.76
1122.27
1113.33
1104.98
1097
1089.44
1082.18
1075.34
1068.81
1062.65
1056.76
1051.15
1045.83
1040.79
1035.98
1031.39
1027.02
1022.87
1018.91
1015.09
1011.44
1007.95
1004.64
1001.47
998.461
995.58
992.822
990.17
987.626
985.168
982.852
980.615
978.526
976.464
974.518
972.658
970.845
969.107
967.425
965.852
964.326
962.034
4119.16
2902.37
2870.66
2893.49
2896.75
2903.11
2904.07
2906.37
2908.35
2908.78
2907.47
2904.49
2899.75
2893.51
2886.33
2878.76
2871.1
2863.44
2855.7
2847.77
2839.48
2830.58
2820.88
2810.29
2798.83
2786.52
2773.32
2759.17
2744.12
2728.23
2711.56
2694.12
2675.84
2656.62
2636.32
2614.8
2591.89
2567.43
2541.2
2512.99
2482.56
2449.66
2413.98
2375.33
2333.61
2289
2241.96
2193.11
2143.08
2092.42
2042.25
1993.25
1945.37
1898.64
1853.13
1808.75
1765.28
1722.56
1680.67
1639.81
1600.05
1561.15
1522.91
1485.33
1448.7
1413.48
1380.17
1349.14
1320.55
1294.42
1270.65
1249.11
1229.58
1211.86
1195.73
1180.97
1167.48
1155.07
1143.63
1132.95
1123.07
1113.79
1105.16
1096.98
1089.31
1082.01
1075.16
1068.63
1062.43
1056.5
1050.9
1045.6
1040.59
1035.8
1031.23
1026.89
1022.75
1018.76
1014.92
1011.28
1007.82
1004.54
1001.39
998.36
995.442
992.654
990.006
987.489
985.064
982.757
980.51
978.421
976.393
974.528
972.783
971.096
969.438
967.824
966.256
964.68
962.278
4120.66
2902.19
2869.05
2892.11
2895.72
2902.35
2903.54
2905.99
2908.03
2908.46
2907.14
2904.13
2899.36
2893.09
2885.9
2878.34
2870.71
2863.08
2855.38
2847.48
2839.21
2830.33
2820.64
2810.06
2798.6
2786.28
2773.07
2758.92
2743.86
2727.95
2711.25
2693.76
2675.44
2656.17
2635.81
2614.23
2591.27
2566.73
2540.43
2512.14
2481.63
2448.65
2412.95
2374.35
2332.84
2288.64
2242.24
2193.99
2144.52
2094.91
2046.07
1998.09
1951.14
1905.43
1860.78
1817.03
1774.07
1731.68
1689.73
1648.28
1607.62
1568.14
1530.04
1493.24
1457.53
1422.89
1389.5
1357.72
1327.94
1300.47
1275.44
1252.83
1232.48
1214.09
1197.46
1182.37
1168.67
1156.16
1144.67
1134.03
1124.22
1115.03
1106.49
1098.36
1090.73
1083.45
1076.59
1070
1063.75
1057.8
1052.23
1046.95
1041.91
1037.09
1032.48
1028.09
1023.86
1019.82
1015.98
1012.33
1008.86
1005.54
1002.34
999.268
996.316
993.499
990.826
988.285
985.836
983.502
981.213
979.064
976.96
975.007
973.187
971.454
969.754
968.133
966.515
964.903
962.455
4122.09
2902.05
2867.44
2890.71
2894.66
2901.57
2903.02
2905.62
2907.7
2908.13
2906.81
2903.77
2898.96
2892.67
2885.46
2877.92
2870.32
2862.73
2855.06
2847.19
2838.95
2830.09
2820.41
2809.82
2798.36
2786.04
2772.82
2758.67
2743.6
2727.67
2710.94
2693.42
2675.05
2655.73
2635.32
2613.69
2590.66
2566.06
2539.7
2511.34
2480.77
2447.75
2412.06
2373.57
2332.34
2288.61
2242.66
2194.99
2146.51
2098.14
2050.12
2002.64
1956.26
1911.11
1867.04
1823.81
1781.38
1739.71
1698.65
1658.04
1617.75
1577.81
1538.55
1500.55
1464.2
1429.58
1396.59
1365.22
1335.63
1308.04
1282.59
1259.37
1238.28
1219.17
1201.89
1186.29
1172.21
1159.36
1147.53
1136.5
1126.29
1116.73
1107.86
1099.46
1091.58
1084.06
1076.99
1070.25
1063.94
1057.97
1052.38
1047.05
1041.94
1037.03
1032.35
1027.86
1023.57
1019.5
1015.66
1012
1008.47
1005.08
1001.82
998.695
995.726
992.907
990.222
987.653
985.18
982.837
980.56
978.438
976.358
974.418
972.6
970.868
969.177
967.591
966.02
964.514
962.295
4123.51
2901.94
2865.84
2889.29
2893.58
2900.79
2902.52
2905.26
2907.36
2907.78
2906.45
2903.39
2898.55
2892.23
2885.02
2877.5
2869.92
2862.37
2854.73
2846.89
2838.68
2829.84
2820.17
2809.58
2798.12
2785.79
2772.57
2758.41
2743.33
2727.39
2710.64
2693.08
2674.67
2655.3
2634.85
2613.16
2590.08
2565.43
2539
2510.59
2479.98
2446.94
2411.29
2372.96
2332.02
2288.73
2243.3
2196.43
2148.94
2101.2
2053.52
2006.75
1961.28
1916.82
1873.16
1830.29
1788.13
1746.59
1705.68
1665.54
1626.16
1587.34
1548.91
1510.95
1473.73
1437.7
1403.36
1371.06
1340.93
1313.02
1287.33
1263.81
1242.33
1222.83
1205.18
1189.1
1174.44
1161.03
1148.73
1137.34
1126.92
1117.24
1108.37
1100.02
1092.21
1084.76
1077.71
1070.98
1064.7
1058.76
1053.17
1047.79
1042.62
1037.65
1032.9
1028.37
1024.09
1020.05
1016.19
1012.48
1008.89
1005.45
1002.15
999.009
996.038
993.202
990.469
987.833
985.291
982.882
980.548
978.359
976.198
974.161
972.238
970.419
968.663
967.046
965.426
963.929
961.831
4124.84
2901.87
2864.24
2887.86
2892.49
2900.01
2902.02
2904.9
2907.01
2907.42
2906.08
2902.99
2898.12
2891.78
2884.57
2877.06
2869.52
2862
2854.41
2846.6
2838.41
2829.58
2819.92
2809.34
2797.87
2785.54
2772.31
2758.15
2743.07
2727.12
2710.34
2692.75
2674.3
2654.89
2634.39
2612.66
2589.53
2564.83
2538.36
2509.91
2479.27
2446.24
2410.69
2372.57
2331.98
2289.06
2244.26
2198.2
2151.3
2104.01
2057.29
2011.77
1967.2
1923.51
1880.75
1838.63
1796.95
1755.62
1714.55
1673.86
1633.83
1594.75
1556.75
1519.7
1483.44
1447.94
1413.42
1380.25
1348.86
1319.64
1292.75
1268.22
1245.98
1225.82
1207.55
1191.08
1176.33
1163.04
1150.93
1139.65
1129.26
1119.53
1110.53
1102
1094
1086.36
1079.17
1072.32
1065.88
1059.76
1053.97
1048.42
1043.12
1038.05
1033.23
1028.68
1024.41
1020.36
1016.46
1012.72
1009.15
1005.77
1002.56
999.522
996.621
993.82
991.093
988.471
985.967
983.621
981.362
979.251
977.147
975.158
973.252
971.423
969.651
968.035
966.395
964.866
962.586
4126.16
2901.83
2862.66
2886.42
2891.4
2899.23
2901.53
2904.53
2906.65
2907.05
2905.7
2902.59
2897.69
2891.33
2884.12
2876.63
2869.12
2861.64
2854.08
2846.3
2838.13
2829.33
2819.68
2809.1
2797.63
2785.28
2772.05
2757.89
2742.8
2726.84
2710.05
2692.43
2673.95
2654.5
2633.95
2612.18
2589.01
2564.27
2537.76
2509.28
2478.64
2445.65
2410.2
2372.3
2332.08
2289.66
2245.49
2199.99
2153.63
2107.37
2062
2017.37
1973.43
1930.37
1888.04
1846.3
1805.13
1764.45
1724.14
1684.06
1644.15
1604.48
1565.38
1527.35
1490.72
1455.48
1421.52
1388.86
1357.71
1328.34
1300.98
1275.76
1252.75
1231.84
1212.85
1195.81
1180.55
1166.6
1153.74
1141.77
1130.83
1120.63
1111.26
1102.4
1094.21
1086.45
1079.23
1072.36
1065.91
1059.76
1053.95
1048.39
1043.11
1038.06
1033.29
1028.79
1024.54
1020.44
1016.48
1012.7
1009.11
1005.7
1002.46
999.364
996.388
993.516
990.748
988.117
985.631
983.307
981.056
978.952
976.856
974.882
972.998
971.191
969.411
967.727
966.039
964.465
962.152
4127.36
2901.81
2861.08
2884.99
2890.32
2898.46
2901.04
2904.16
2906.29
2906.67
2905.31
2902.17
2897.24
2890.86
2883.65
2876.19
2868.72
2861.27
2853.75
2846
2837.86
2829.07
2819.43
2808.85
2797.37
2785.02
2771.79
2757.62
2742.54
2726.57
2709.77
2692.13
2673.61
2654.13
2633.54
2611.73
2588.52
2563.75
2537.22
2508.73
2478.1
2445.19
2409.92
2372.3
2332.39
2290.46
2246.82
2201.87
2156.43
2111.3
2066.52
2022.11
1978.55
1935.95
1894.11
1852.84
1812.01
1771.61
1731.67
1692.25
1653.31
1614.68
1576.26
1538.12
1500.54
1463.95
1428.8
1395.4
1363.91
1334.37
1306.85
1281.37
1257.88
1236.43
1217.03
1199.36
1183.15
1168.38
1155.1
1143.04
1132.18
1122.05
1112.74
1103.92
1095.79
1088.09
1080.88
1074
1067.49
1061.28
1055.4
1049.79
1044.42
1039.31
1034.47
1029.89
1025.51
1021.3
1017.28
1013.48
1009.85
1006.37
1003.01
999.769
996.644
993.653
990.826
988.158
985.619
983.206
980.83
978.582
976.358
974.265
972.279
970.402
968.543
966.823
965.062
963.399
961.047
4128.55
2901.82
2859.53
2883.56
2889.26
2897.7
2900.53
2903.78
2905.92
2906.29
2904.91
2901.74
2896.79
2890.39
2883.18
2875.74
2868.31
2860.9
2853.42
2845.7
2837.58
2828.8
2819.17
2808.6
2797.12
2784.76
2771.52
2757.35
2742.27
2726.3
2709.49
2691.84
2673.29
2653.77
2633.15
2611.3
2588.07
2563.27
2536.72
2508.24
2477.66
2444.84
2409.74
2372.43
2332.91
2291.43
2248.3
2204.1
2159.58
2115.01
2070.53
2026.94
1984.44
1942.78
1901.72
1861.1
1820.71
1780.47
1740.36
1700.52
1661.18
1622.57
1584.77
1547.63
1511.01
1474.91
1439.5
1405.17
1372.38
1341.55
1312.89
1286.47
1262.24
1240.12
1220.03
1201.9
1185.73
1171.39
1158.42
1146.26
1135.04
1124.43
1114.64
1105.42
1096.93
1088.91
1081.44
1074.35
1067.71
1061.41
1055.44
1049.74
1044.29
1039.12
1034.24
1029.6
1025.11
1020.83
1016.8
1013.02
1009.38
1005.87
1002.48
999.224
996.11
993.161
990.391
987.758
985.229
982.811
980.437
978.208
976.011
973.957
972.035
970.24
968.459
966.836
965.128
963.567
961.334
4129.62
2901.85
2858
2882.13
2888.21
2896.94
2900.02
2903.38
2905.54
2905.89
2904.5
2901.31
2896.32
2889.91
2882.71
2875.29
2867.89
2860.53
2853.08
2845.4
2837.3
2828.54
2818.91
2808.34
2796.86
2784.49
2771.25
2757.08
2742
2726.03
2709.22
2691.55
2672.99
2653.44
2632.79
2610.91
2587.65
2562.84
2536.3
2507.83
2477.31
2444.63
2409.77
2372.71
2333.57
2292.54
2250.01
2206.57
2162.64
2118.55
2075.13
2032.85
1991.26
1950.18
1909.61
1869.44
1829.56
1789.91
1750.43
1711
1671.62
1632.37
1593.58
1555.68
1518.91
1483.23
1448.51
1414.79
1382.29
1351.32
1322.15
1294.98
1269.97
1247.07
1226.11
1207.31
1190.61
1175.28
1161.1
1148.06
1136.27
1125.33
1115.42
1106.15
1097.69
1089.68
1082.24
1075.19
1068.6
1062.34
1056.36
1050.63
1045.17
1040.01
1035.07
1030.33
1025.76
1021.44
1017.39
1013.54
1009.82
1006.27
1002.91
999.739
996.72
993.857
991.126
988.496
985.926
983.453
981.048
978.807
976.616
974.579
972.671
970.884
969.097
967.467
965.722
964.115
961.772
4130.65
2901.88
2856.49
2880.71
2887.17
2896.18
2899.48
2902.96
2905.14
2905.48
2904.08
2900.86
2895.84
2889.42
2882.23
2874.83
2867.48
2860.16
2852.75
2845.09
2837.01
2828.27
2818.65
2808.08
2796.59
2784.22
2770.97
2756.8
2741.72
2725.77
2708.95
2691.28
2672.7
2653.13
2632.46
2610.56
2587.28
2562.46
2535.93
2507.51
2477.08
2444.55
2409.91
2373.15
2334.39
2293.85
2251.93
2209.08
2165.72
2122.63
2080.44
2038.62
1997.16
1956.3
1916.08
1876.29
1836.78
1797.51
1758.52
1719.84
1681.42
1643.13
1604.88
1566.76
1529.03
1492.1
1456.36
1422.06
1389.37
1358.37
1329.16
1301.82
1276.35
1252.9
1231.49
1211.91
1193.96
1177.67
1163.27
1150.46
1138.87
1128
1118.03
1108.58
1099.86
1091.57
1083.83
1076.53
1069.69
1063.19
1056.98
1051.09
1045.53
1040.27
1035.22
1030.36
1025.75
1021.41
1017.3
1013.36
1009.55
1005.93
1002.53
999.314
996.277
993.401
990.657
988.005
985.394
982.879
980.444
978.186
975.986
973.929
971.979
970.13
968.265
966.552
964.744
963.078
960.676
4131.57
2901.92
2855.02
2879.31
2886.16
2895.43
2898.94
2902.53
2904.72
2905.05
2903.64
2900.39
2895.35
2888.92
2881.73
2874.37
2867.06
2859.78
2852.41
2844.79
2836.73
2827.99
2818.39
2807.82
2796.32
2783.95
2770.69
2756.52
2741.45
2725.5
2708.69
2691.02
2672.43
2652.85
2632.16
2610.24
2586.95
2562.14
2535.64
2507.27
2476.92
2444.6
2410.18
2373.74
2335.37
2295.32
2253.94
2211.67
2169.19
2127.14
2085.32
2043.67
2002.9
1962.89
1923.47
1884.34
1845.29
1806.2
1767.11
1728.18
1689.59
1651.53
1614.01
1576.93
1540.16
1503.68
1467.64
1432.41
1398.45
1366.19
1335.9
1307.66
1281.48
1257.34
1235.28
1215.23
1197.11
1181.3
1167.16
1153.76
1141.33
1129.79
1119.31
1109.48
1100.47
1091.95
1084.09
1076.72
1069.86
1063.35
1057.18
1051.34
1045.85
1040.64
1035.59
1030.76
1026.19
1021.89
1017.77
1013.81
1009.98
1006.36
1002.89
999.567
996.344
993.233
990.233
987.341
984.583
982.001
979.557
977.301
975.103
973.047
971.114
969.301
967.49
965.849
964.088
962.503
960.315
4132.44
2901.97
2853.59
2877.93
2885.16
2894.69
2898.4
2902.08
2904.29
2904.61
2903.19
2899.91
2894.85
2888.4
2881.24
2873.91
2866.64
2859.41
2852.08
2844.48
2836.44
2827.72
2818.12
2807.55
2796.05
2783.67
2770.41
2756.24
2741.17
2725.23
2708.43
2690.77
2672.18
2652.59
2631.89
2609.96
2586.67
2561.87
2535.4
2507.11
2476.93
2444.76
2410.59
2374.47
2336.5
2296.92
2256.08
2214.54
2172.92
2131.38
2089.88
2049.32
2009.69
1970.57
1931.78
1893.18
1854.64
1816.08
1777.49
1738.83
1700.1
1661.42
1623.07
1585.42
1548.65
1512.71
1477.46
1442.91
1409.29
1376.93
1346.14
1317.14
1290.14
1265.19
1242.25
1221.55
1202.93
1185.64
1169.82
1155.58
1142.92
1131.42
1121.07
1111.32
1102.37
1093.87
1085.99
1078.54
1071.56
1064.93
1058.62
1052.63
1046.95
1041.53
1036.31
1031.36
1026.69
1022.27
1018.05
1014.04
1010.24
1006.65
1003.23
999.989
996.889
993.878
990.914
988.047
985.332
982.785
980.359
978.098
975.876
973.787
971.821
969.981
968.136
966.469
964.676
963.047
960.63
4133.14
2902.03
2852.22
2876.57
2884.17
2893.95
2897.84
2901.62
2903.84
2904.15
2902.71
2899.41
2894.33
2887.88
2880.73
2873.44
2866.21
2859.03
2851.74
2844.17
2836.15
2827.44
2817.84
2807.28
2795.78
2783.39
2770.12
2755.95
2740.89
2724.97
2708.18
2690.52
2671.94
2652.35
2631.65
2609.72
2586.44
2561.67
2535.26
2507.06
2477.01
2445.03
2411.13
2375.33
2337.75
2298.64
2258.4
2217.6
2176.59
2135.55
2095.18
2055.83
2016.57
1977.6
1938.88
1900.5
1862.3
1824.18
1786.16
1748.28
1710.48
1672.65
1634.72
1596.79
1559.12
1522.04
1485.89
1450.9
1417.21
1384.94
1354.22
1325.15
1297.81
1272.33
1248.77
1227.15
1207.55
1189.53
1173.61
1159.46
1146.61
1134.63
1123.63
1113.31
1103.89
1095.01
1086.8
1079.03
1071.78
1064.92
1058.49
1052.42
1046.68
1041.2
1035.97
1031.04
1026.36
1021.9
1017.63
1013.57
1009.72
1006.06
1002.58
999.281
996.163
993.185
990.335
987.621
985.025
982.557
980.152
977.879
975.62
973.454
971.381
969.425
967.443
965.634
963.738
962.032
959.58
4133.76
2902.08
2850.92
2875.22
2883.21
2893.22
2897.28
2901.14
2903.38
2903.67
2902.23
2898.9
2893.8
2887.35
2880.22
2872.96
2865.78
2858.65
2851.4
2843.86
2835.86
2827.15
2817.56
2807
2795.5
2783.11
2769.84
2755.67
2740.61
2724.7
2707.93
2690.29
2671.72
2652.13
2631.44
2609.52
2586.26
2561.53
2535.17
2507.1
2477.19
2445.42
2411.79
2376.32
2339.13
2300.52
2260.9
2220.72
2180.31
2140.21
2100.9
2061.61
2022.42
1983.95
1945.96
1908.32
1870.64
1832.77
1794.76
1756.78
1719
1681.56
1644.44
1607.56
1570.81
1534.16
1497.75
1461.87
1426.98
1393.51
1361.74
1331.83
1303.8
1277.66
1253.48
1231.26
1211.15
1193.82
1177.76
1162.65
1148.83
1136.17
1124.78
1114.33
1104.96
1096.14
1087.99
1080.22
1072.94
1066.08
1059.66
1053.58
1047.8
1042.29
1037.04
1032.07
1027.32
1022.79
1018.47
1014.37
1010.44
1006.67
1003.04
999.515
996.048
992.714
989.606
986.715
984.027
981.485
979.022
976.685
974.373
972.159
970.075
968.15
966.223
964.496
962.659
960.994
958.736
4134.25
2902.13
2849.69
2873.92
2882.26
2892.5
2896.71
2900.66
2902.9
2903.19
2901.73
2898.38
2893.25
2886.81
2879.71
2872.49
2865.35
2858.27
2851.06
2843.55
2835.56
2826.87
2817.28
2806.72
2795.22
2782.83
2769.55
2755.38
2740.33
2724.43
2707.68
2690.06
2671.51
2651.94
2631.26
2609.36
2586.13
2561.44
2535.18
2507.21
2477.47
2445.92
2412.55
2377.41
2340.63
2302.52
2263.49
2223.93
2184.33
2145.16
2106.14
2067.05
2029.06
1991.65
1954.54
1917.48
1880.3
1842.93
1805.32
1767.53
1729.58
1691.59
1653.78
1616.48
1579.85
1543.81
1508.23
1473.11
1438.64
1405.15
1372.95
1342.29
1313.4
1286.45
1261.55
1238.74
1217.62
1197.99
1180.63
1165.28
1151.64
1139.24
1127.88
1117.29
1107.58
1098.36
1089.8
1081.7
1074.18
1067.07
1060.38
1054.04
1048.02
1042.36
1037.02
1031.97
1027.17
1022.64
1018.36
1014.3
1010.37
1006.61
1002.99
999.518
996.174
993.014
990.053
987.234
984.536
981.946
979.43
977.049
974.726
972.534
970.504
968.641
966.764
965.075
963.238
961.581
959.131
4134.63
2902.16
2848.56
2872.66
2881.33
2891.78
2896.13
2900.15
2902.41
2902.69
2901.22
2897.84
2892.7
2886.26
2879.18
2872
2864.92
2857.88
2850.72
2843.24
2835.27
2826.58
2816.99
2806.43
2794.93
2782.54
2769.26
2755.09
2740.05
2724.17
2707.44
2689.84
2671.31
2651.77
2631.11
2609.24
2586.05
2561.43
2535.26
2507.41
2477.84
2446.52
2413.42
2378.61
2342.26
2304.66
2266.21
2227.36
2188.56
2149.9
2111.24
2073.43
2036.51
1999.33
1962.35
1925.36
1888.48
1851.56
1814.56
1777.54
1740.45
1703.21
1665.75
1628.18
1590.72
1553.66
1517.27
1481.77
1447.31
1413.99
1381.97
1351.37
1322.29
1294.84
1269.14
1245.51
1224.05
1204.18
1186.34
1170.4
1155.81
1142.34
1130.03
1118.79
1108.57
1099.04
1090.36
1082.24
1074.81
1067.77
1061.12
1054.76
1048.74
1043.09
1037.75
1032.68
1027.86
1023.29
1018.89
1014.66
1010.62
1006.83
1003.19
999.716
996.408
993.258
990.236
987.338
984.556
981.899
979.348
976.959
974.647
972.452
970.381
968.442
966.472
964.678
962.773
961.023
958.491
4134.83
2902.19
2847.52
2871.45
2880.43
2891.07
2895.54
2899.63
2901.91
2902.17
2900.69
2897.28
2892.13
2885.7
2878.65
2871.52
2864.49
2857.5
2850.38
2842.93
2834.97
2826.29
2816.7
2806.14
2794.65
2782.25
2768.96
2754.8
2739.77
2723.9
2707.2
2689.63
2671.13
2651.62
2630.99
2609.16
2586.02
2561.48
2535.39
2507.69
2478.31
2447.21
2414.38
2379.92
2343.99
2306.91
2269.08
2230.94
2192.77
2154.63
2116.98
2080.21
2043.03
2005.98
1969.41
1933
1896.67
1860.09
1823.23
1786.25
1749.36
1712.6
1675.98
1639.44
1602.88
1566.28
1529.71
1493.44
1457.86
1423.4
1390.37
1358.95
1329.2
1301.15
1274.85
1250.49
1228.41
1208.9
1190.66
1173.76
1158.29
1144.46
1132.17
1121.08
1110.88
1101.36
1092.66
1084.42
1076.77
1069.43
1062.46
1055.8
1049.55
1043.66
1038.14
1032.94
1028.03
1023.33
1018.75
1014.36
1010.23
1006.35
1002.59
998.98
995.537
992.289
989.192
986.206
983.344
980.613
978.005
975.566
973.22
970.997
968.918
966.985
965.033
963.264
961.376
959.633
957.18
4134.9
2902.2
2846.58
2870.3
2879.55
2890.37
2894.95
2899.1
2901.39
2901.64
2900.14
2896.71
2891.55
2885.13
2878.12
2871.03
2864.05
2857.12
2850.04
2842.62
2834.68
2825.99
2816.41
2805.85
2794.35
2781.95
2768.67
2754.5
2739.48
2723.63
2706.95
2689.42
2670.96
2651.48
2630.9
2609.11
2586.04
2561.57
2535.61
2508.05
2478.86
2447.98
2415.44
2381.33
2345.84
2309.3
2272.11
2234.62
2197.05
2159.72
2123
2086.23
2049.29
2013.46
1977.79
1942.22
1906.49
1870.39
1833.9
1797.07
1760.01
1722.81
1685.66
1648.82
1612.43
1576.45
1540.74
1505.27
1470.22
1435.86
1402.52
1370.44
1339.85
1311.02
1284.13
1259.07
1235.51
1213.77
1194.62
1177.66
1162.61
1148.87
1136.04
1124.08
1113.03
1102.9
1093.73
1085.1
1077.1
1069.48
1062.38
1055.7
1049.51
1043.7
1038.27
1033.14
1028.24
1023.51
1018.95
1014.65
1010.57
1006.65
1002.82
999.222
995.873
992.693
989.602
986.591
983.693
980.93
978.29
975.83
973.475
971.245
969.175
967.246
965.281
963.484
961.595
959.882
957.328
4134.79
2902.21
2845.75
2869.2
2878.7
2889.67
2894.34
2898.56
2900.86
2901.1
2899.58
2896.13
2890.96
2884.55
2877.57
2870.53
2863.61
2856.73
2849.7
2842.31
2834.38
2825.7
2816.11
2805.55
2794.05
2781.66
2768.38
2754.21
2739.2
2723.37
2706.72
2689.22
2670.8
2651.37
2630.83
2609.1
2586.1
2561.73
2535.88
2508.49
2479.49
2448.84
2416.59
2382.84
2347.8
2311.82
2275.24
2238.38
2201.53
2165.01
2128.64
2092.14
2056.65
2021.7
1986.24
1950.87
1915.27
1879.57
1843.68
1807.59
1771.31
1734.77
1697.93
1660.86
1623.76
1586.87
1550.42
1514.59
1479.55
1445.41
1412.33
1380.44
1349.8
1320.53
1292.83
1267.15
1243.57
1221.75
1201.79
1183.69
1167.11
1151.97
1138.16
1125.72
1114.57
1104.57
1095.48
1086.8
1078.74
1071.06
1063.97
1057.25
1050.95
1044.97
1039.33
1033.95
1028.77
1023.82
1019.18
1014.85
1010.76
1006.83
1003.03
999.471
996.114
992.891
989.756
986.723
983.821
981.054
978.414
975.946
973.556
971.244
969.058
966.997
964.905
962.983
961
959.166
956.479
4134.51
2902.21
2845.03
2868.16
2877.87
2888.98
2893.73
2898
2900.31
2900.54
2899
2895.52
2890.34
2883.97
2877.03
2870.04
2863.17
2856.35
2849.36
2842
2834.08
2825.4
2815.81
2805.25
2793.75
2781.36
2768.08
2753.92
2738.92
2723.1
2706.48
2689.02
2670.64
2651.27
2630.79
2609.13
2586.2
2561.93
2536.22
2508.99
2480.18
2449.78
2417.83
2384.46
2349.89
2314.46
2278.5
2242.31
2206.18
2170.21
2134.27
2098.92
2064.34
2028.92
1993.62
1958.55
1923.37
1888.09
1852.48
1816.58
1780.61
1744.63
1708.63
1672.55
1636.34
1599.96
1563.44
1526.99
1490.96
1455.74
1421.68
1388.97
1357.69
1327.86
1299.57
1273.08
1248.83
1226.79
1206.42
1187.51
1170.29
1155.1
1141.71
1129.54
1118.19
1107.58
1097.76
1088.46
1079.95
1071.88
1064.47
1057.45
1050.93
1044.79
1039.07
1033.65
1028.46
1023.56
1018.97
1014.57
1010.23
1006.05
1002.13
998.518
995.09
991.757
988.533
985.455
982.534
979.761
977.119
974.639
972.205
969.829
967.588
965.493
963.37
961.443
959.419
957.564
954.997
4134.02
2902.21
2844.41
2867.18
2877.06
2888.28
2893.1
2897.43
2899.75
2899.97
2898.4
2894.9
2889.72
2883.37
2876.47
2869.54
2862.73
2855.96
2849.03
2841.69
2833.78
2825.1
2815.5
2804.94
2793.44
2781.06
2767.79
2753.63
2738.64
2722.85
2706.25
2688.83
2670.5
2651.18
2630.77
2609.18
2586.35
2562.19
2536.61
2509.55
2480.95
2450.8
2419.16
2386.18
2352.1
2317.22
2281.88
2246.36
2210.86
2175.43
2140.32
2105.84
2070.96
2035.86
2001.77
1967.49
1933.1
1898.39
1863.16
1827.43
1791.35
1755.05
1718.66
1682.38
1646.36
1610.59
1574.92
1539.31
1503.9
1468.94
1434.73
1401.49
1369.47
1338.95
1310.08
1282.86
1257.2
1233.46
1212.03
1192.98
1176.01
1160.39
1145.79
1132.37
1120.1
1108.85
1098.75
1089.43
1081.02
1072.98
1065.57
1058.54
1052.06
1045.96
1040.23
1034.72
1029.47
1024.55
1019.94
1015.52
1011.07
1006.81
1002.87
999.184
995.582
992.084
988.783
985.687
982.768
980.001
977.362
974.866
972.409
970.02
967.788
965.715
963.611
961.715
959.703
957.922
955.285
4133.35
2902.2
2843.91
2866.27
2876.27
2887.59
2892.46
2896.84
2899.18
2899.38
2897.79
2894.26
2889.08
2882.76
2875.92
2869.04
2862.29
2855.58
2848.69
2841.39
2833.49
2824.8
2815.2
2804.63
2793.13
2780.75
2767.49
2753.35
2738.37
2722.59
2706.03
2688.65
2670.37
2651.11
2630.77
2609.27
2586.53
2562.49
2537.06
2510.17
2481.78
2451.89
2420.58
2388.01
2354.42
2320.12
2285.4
2250.51
2215.62
2180.89
2146.57
2112.29
2077.7
2044.2
2010.8
1976.7
1942.59
1908.17
1873.46
1838.41
1803.02
1767.31
1731.21
1694.78
1658.18
1621.61
1585.26
1549.28
1513.84
1479.1
1445.2
1412.26
1380.3
1349.44
1319.93
1292.2
1266.38
1242.42
1220.28
1199.91
1181.16
1163.97
1148.46
1134.81
1122.84
1111.88
1101.82
1092.3
1083.51
1075.04
1067.2
1059.81
1052.98
1046.52
1040.43
1034.62
1029.2
1024.18
1019.49
1015
1010.75
1006.78
1002.96
999.249
995.58
992.079
988.815
985.75
982.833
980.043
977.338
974.754
972.228
969.777
967.482
965.352
963.169
961.173
959.057
957.119
954.326
4132.45
2902.19
2843.51
2865.41
2875.49
2886.88
2891.81
2896.23
2898.59
2898.77
2897.16
2893.61
2888.43
2882.14
2875.36
2868.54
2861.85
2855.2
2848.35
2841.08
2833.19
2824.5
2814.89
2804.31
2792.82
2780.45
2767.2
2753.07
2738.1
2722.34
2705.81
2688.47
2670.25
2651.06
2630.8
2609.38
2586.75
2562.83
2537.55
2510.85
2482.68
2453.07
2422.1
2389.95
2356.86
2323.12
2289.02
2254.75
2220.5
2186.48
2152.63
2118.7
2085.36
2052.56
2018.59
1984.71
1950.9
1916.77
1882.42
1847.72
1812.74
1777.61
1742.33
1706.85
1671.13
1635.13
1598.86
1562.44
1526.17
1490.43
1455.56
1421.78
1389.2
1357.82
1327.73
1299.25
1272.67
1248.17
1225.54
1204.5
1185.28
1168.27
1153.33
1139.56
1126.75
1114.68
1103.7
1093.39
1084.26
1075.61
1067.78
1060.43
1053.68
1047.25
1041.18
1035.44
1030.11
1025.03
1019.99
1015.09
1010.49
1006.25
1002.2
998.243
994.423
990.893
987.635
984.551
981.574
978.683
975.842
973.13
970.52
968.027
965.724
963.629
961.495
959.586
957.514
955.619
953.02
4131.32
2902.19
2843.23
2864.61
2874.74
2886.18
2891.15
2895.61
2897.98
2898.15
2896.51
2892.94
2887.77
2881.52
2874.79
2868.04
2861.41
2854.81
2848.02
2840.78
2832.9
2824.2
2814.57
2803.99
2792.5
2780.14
2766.9
2752.79
2737.84
2722.1
2705.6
2688.3
2670.14
2651.02
2630.84
2609.52
2587
2563.22
2538.1
2511.58
2483.65
2454.33
2423.72
2392
2359.42
2326.26
2292.76
2259.11
2225.52
2192.08
2158.72
2125.65
2093.12
2059.8
2026.23
1993.48
1960.31
1926.86
1892.99
1858.54
1823.56
1788.23
1752.7
1717.12
1681.6
1646.17
1610.71
1575.15
1539.6
1504.27
1469.44
1435.32
1402.16
1370.19
1339.52
1310.27
1282.63
1256.82
1233.1
1211.69
1192.46
1174.64
1158.04
1142.74
1129
1116.49
1105.57
1095.42
1086.46
1077.91
1069.97
1062.39
1055.28
1048.53
1042.18
1036.24
1030.66
1025.3
1020.19
1015.46
1011.12
1006.99
1002.82
998.704
994.867
991.402
988.157
985.011
981.91
978.883
975.925
973.151
970.535
968.05
965.779
963.745
961.686
959.85
957.828
956.02
953.335
4129.95
2902.17
2843.06
2863.88
2874.01
2885.47
2890.47
2894.97
2897.36
2897.51
2895.84
2892.25
2887.09
2880.89
2874.22
2867.54
2860.97
2854.43
2847.68
2840.47
2832.6
2823.9
2814.26
2803.67
2792.18
2779.83
2766.61
2752.51
2737.58
2721.87
2705.4
2688.15
2670.05
2651
2630.91
2609.69
2587.29
2563.65
2538.69
2512.38
2484.69
2455.67
2425.43
2394.16
2362.1
2329.51
2296.6
2263.58
2230.6
2197.73
2165.05
2132.75
2100.24
2067.26
2035.31
2003.2
1970.26
1937.23
1903.8
1869.93
1835.57
1800.76
1765.52
1729.87
1693.92
1657.83
1621.74
1585.78
1550.14
1514.98
1480.46
1446.7
1413.69
1381.51
1350.43
1320.83
1292.83
1266.6
1242.21
1219.59
1198.62
1179.2
1161.64
1146.19
1132.88
1120.68
1109.56
1098.8
1088.74
1079.34
1070.83
1062.83
1055.48
1048.63
1042.35
1036.45
1030.78
1025.32
1020.26
1015.62
1011.25
1006.88
1002.53
998.452
994.77
991.395
988.13
984.917
981.746
978.673
975.701
972.94
970.311
967.783
965.425
963.255
961.01
958.977
956.836
954.895
952.087
4128.31
2902.18
2842.99
2863.22
2873.3
2884.75
2889.78
2894.32
2896.73
2896.86
2895.15
2891.54
2886.4
2880.25
2873.65
2867.04
2860.54
2854.05
2847.35
2840.17
2832.31
2823.6
2813.95
2803.35
2791.86
2779.52
2766.32
2752.24
2737.34
2721.65
2705.22
2688.01
2669.97
2650.99
2630.99
2609.89
2587.61
2564.11
2539.33
2513.23
2485.8
2457.1
2427.25
2396.44
2364.9
2332.87
2300.56
2268.15
2235.77
2203.52
2171.51
2139.59
2107.4
2075.74
2044.37
2011.66
1978.94
1946.2
1913.06
1879.6
1845.72
1811.51
1777.04
1742.28
1707.2
1671.74
1635.89
1599.7
1563.42
1527.38
1491.93
1457.31
1423.65
1390.97
1359.34
1329.03
1300.31
1273.4
1248.38
1225.16
1203.8
1184.65
1167.72
1151.94
1137.31
1123.76
1111.73
1100.63
1090.65
1081.24
1072.76
1064.78
1057.4
1050.44
1043.85
1037.53
1031.42
1025.74
1020.54
1015.64
1010.72
1006
1001.56
997.555
993.932
990.478
987.039
983.629
980.303
977.156
974.171
971.427
968.791
966.247
963.848
961.644
959.388
957.359
955.197
953.255
950.552
4126.41
2902.27
2842.94
2862.61
2872.61
2884.03
2889.07
2893.66
2896.08
2896.19
2894.45
2890.82
2885.7
2879.6
2873.08
2866.54
2860.1
2853.68
2847.02
2839.87
2832.02
2823.3
2813.64
2803.02
2791.53
2779.2
2766.03
2751.98
2737.1
2721.45
2705.05
2687.89
2669.91
2651.02
2631.11
2610.12
2587.97
2564.63
2540.03
2514.16
2487
2458.63
2429.17
2398.84
2367.82
2336.35
2304.62
2272.8
2241.02
2209.41
2177.97
2146.48
2115.16
2084.21
2052.21
2019.88
1988.2
1956.02
1923.4
1890.3
1856.58
1822.34
1787.76
1752.98
1718.11
1683.16
1648.06
1612.74
1577.24
1541.76
1506.54
1471.8
1437.77
1404.63
1372.46
1341.42
1311.85
1284.01
1258.06
1234.21
1212.53
1192.41
1173.6
1156.11
1140.35
1126.24
1113.88
1102.54
1092.75
1083.28
1074.47
1066.11
1058.3
1050.88
1043.86
1037.3
1031.38
1026
1021.01
1016.16
1011.37
1006.76
1002.45
998.513
994.75
991.05
987.363
983.814
980.493
977.435
974.556
971.858
969.19
966.611
964.16
961.912
959.638
957.573
955.351
953.363
950.395
4124.21
2902.48
2842.9
2862.04
2871.93
2883.29
2888.35
2892.98
2895.41
2895.5
2893.73
2890.08
2884.98
2878.95
2872.5
2866.04
2859.67
2853.3
2846.69
2839.57
2831.73
2823.01
2813.32
2802.69
2791.2
2778.89
2765.74
2751.72
2736.88
2721.25
2704.9
2687.79
2669.87
2651.06
2631.25
2610.38
2588.37
2565.19
2540.79
2515.14
2488.27
2460.25
2431.21
2401.35
2370.85
2339.94
2308.78
2277.56
2246.39
2215.37
2184.44
2153.6
2122.99
2091.95
2060.31
2029.59
1998.61
1966.72
1934.61
1902.02
1868.88
1835.13
1800.82
1766.07
1730.91
1695.46
1659.81
1624.07
1588.41
1553.02
1518.07
1483.69
1449.86
1416.62
1384.26
1353.05
1323.11
1294.65
1267.92
1243.01
1219.81
1198.14
1178.31
1160.76
1145.51
1131.54
1118.68
1106.45
1095.06
1084.83
1075.9
1067.5
1059.64
1052.2
1045.3
1038.94
1033.05
1027.42
1021.95
1016.69
1011.6
1006.83
1002.42
998.314
994.269
990.324
986.605
983.176
980.018
977.086
974.222
971.449
968.657
965.974
963.367
960.958
958.536
956.328
953.975
951.838
948.801
4121.69
2902.75
2842.87
2861.52
2871.27
2882.54
2887.62
2892.28
2894.74
2894.8
2892.99
2889.33
2884.26
2878.29
2871.93
2865.54
2859.25
2852.93
2846.37
2839.28
2831.45
2822.72
2813.01
2802.36
2790.87
2778.57
2765.45
2751.47
2736.66
2721.08
2704.76
2687.71
2669.86
2651.13
2631.43
2610.68
2588.82
2565.81
2541.61
2516.21
2489.63
2461.97
2433.35
2403.97
2374
2343.63
2313.04
2282.4
2251.83
2221.39
2191.06
2160.87
2130.58
2099.82
2069.52
2039.38
2007.87
1976.15
1944.36
1912.14
1879.5
1846.34
1812.76
1778.82
1744.49
1709.72
1674.45
1638.7
1602.63
1566.53
1530.73
1495.49
1460.98
1427.25
1394.33
1362.44
1331.84
1302.73
1275.35
1249.8
1226.16
1204.72
1185.57
1167.75
1150.94
1135.6
1122
1109.8
1098.78
1088.28
1078.75
1069.72
1061.35
1053.56
1046.36
1039.59
1033.15
1027.03
1021.21
1015.72
1010.65
1006.06
1001.82
997.7
993.501
989.412
985.589
982.125
978.963
975.995
973.037
970.126
967.213
964.476
961.854
959.533
957.248
955.227
953.028
951.088
948.371
4118.92
2903.07
2842.86
2861.02
2870.61
2881.77
2886.87
2891.58
2894.04
2894.08
2892.24
2888.56
2883.52
2877.62
2871.35
2865.05
2858.82
2852.57
2846.05
2838.98
2831.17
2822.43
2812.7
2802.04
2790.53
2778.25
2765.16
2751.22
2736.46
2720.92
2704.65
2687.65
2669.88
2651.23
2631.64
2611.02
2589.31
2566.48
2542.49
2517.35
2491.08
2463.79
2435.61
2406.71
2377.25
2347.42
2317.4
2287.35
2257.37
2227.51
2197.78
2168.07
2138.15
2108.27
2078.65
2047.88
2016.59
1985.8
1954.52
1922.72
1890.35
1857.34
1823.81
1789.93
1755.83
1721.52
1686.94
1652.01
1616.76
1581.34
1545.96
1510.83
1476.15
1442.12
1408.77
1376.25
1344.94
1315.2
1287.12
1260.84
1236.55
1214.03
1192.87
1173.19
1155.08
1139.03
1124.66
1111.81
1100.37
1089.7
1079.82
1070.51
1062.21
1054.52
1047.41
1040.63
1034.12
1027.89
1021.95
1016.54
1011.75
1007.3
1002.91
998.566
994.217
990.119
986.349
982.911
979.681
976.555
973.4
970.358
967.417
964.71
962.162
959.894
957.6
955.519
953.256
951.19
948.207
4115.84
2903.43
2842.88
2860.56
2869.94
2880.98
2886.1
2890.86
2893.34
2893.34
2891.47
2887.78
2882.77
2876.95
2870.77
2864.56
2858.41
2852.21
2845.73
2838.69
2830.89
2822.14
2812.4
2801.71
2790.2
2777.93
2764.87
2750.98
2736.26
2720.78
2704.57
2687.62
2669.92
2651.37
2631.89
2611.4
2589.85
2567.21
2543.44
2518.57
2492.63
2465.72
2437.97
2409.55
2380.61
2351.31
2321.85
2292.38
2262.99
2233.71
2204.53
2175.31
2146.01
2116.82
2087.05
2056.57
2026.82
1996.87
1965.96
1934.67
1902.81
1870.31
1837.1
1803.31
1769.08
1734.43
1699.41
1664.09
1628.62
1593.19
1557.99
1523.18
1488.72
1454.64
1421.23
1388.74
1357.19
1326.71
1297.69
1270.43
1244.91
1220.98
1198.74
1178.93
1161.5
1145.61
1130.76
1117.1
1104.53
1093.05
1082.83
1073.37
1064.88
1056.78
1049.12
1041.93
1035.2
1028.93
1023.18
1017.79
1012.61
1007.62
1002.68
997.939
993.541
989.554
985.882
982.395
978.94
975.511
972.126
969.004
966.043
963.293
960.669
958.316
955.938
953.738
951.383
949.199
946.117
4112.47
2903.84
2842.93
2860.13
2869.28
2880.16
2885.32
2890.12
2892.62
2892.59
2890.68
2886.99
2882.01
2876.27
2870.19
2864.07
2858
2851.85
2845.41
2838.4
2830.61
2821.86
2812.1
2801.39
2789.87
2777.61
2764.58
2750.74
2736.08
2720.65
2704.5
2687.63
2670.01
2651.55
2632.19
2611.83
2590.45
2567.99
2544.46
2519.87
2494.26
2467.75
2440.45
2412.5
2384.06
2355.31
2326.41
2297.51
2268.71
2240.01
2211.36
2182.67
2153.98
2125.06
2095.56
2066.39
2037.38
2007.04
1976.26
1945.32
1913.92
1882.02
1849.48
1816.43
1782.96
1749
1714.47
1679.34
1643.7
1607.79
1571.9
1536.28
1501.15
1466.58
1432.59
1399.36
1367.18
1336.21
1306.71
1278.8
1252.74
1228.81
1207.29
1187.25
1168.27
1150.79
1134.98
1120.85
1107.92
1095.97
1085.16
1075.07
1065.99
1057.41
1049.63
1042.42
1035.76
1029.38
1023.28
1017.56
1012.06
1006.92
1002.06
997.514
993.283
989.366
985.628
981.963
978.266
974.64
971.161
968.046
965.122
962.398
959.807
957.504
955.174
953.002
950.677
948.613
945.607
4108.78
2904.3
2843
2859.71
2868.6
2879.32
2884.52
2889.37
2891.88
2891.83
2889.89
2886.18
2881.25
2875.59
2869.62
2863.59
2857.59
2851.5
2845.1
2838.12
2830.33
2821.58
2811.8
2801.07
2789.54
2777.28
2764.29
2750.5
2735.91
2720.55
2704.46
2687.67
2670.12
2651.77
2632.53
2612.32
2591.1
2568.85
2545.56
2521.26
2496.01
2469.89
2443.03
2415.56
2387.62
2359.39
2331.06
2302.73
2274.5
2246.36
2218.24
2190.12
2161.88
2133.31
2104.67
2076.22
2046.64
2016.31
1986.27
1955.82
1924.8
1893.17
1860.84
1827.95
1794.72
1761.2
1727.29
1692.91
1658.09
1622.91
1587.6
1552.31
1517.23
1482.53
1448.28
1414.58
1381.8
1350.37
1320.32
1291.75
1264.93
1239.81
1216.19
1194.03
1173.68
1155.36
1138.99
1124.19
1110.67
1098.49
1087.63
1077.49
1068.36
1059.75
1051.96
1044.52
1037.45
1030.76
1024.28
1018.19
1012.87
1007.85
1003.05
998.477
994.118
990.052
986.162
982.39
978.636
975.021
971.611
968.556
965.632
962.858
960.129
957.591
954.994
952.551
949.997
947.711
944.352
4104.76
2904.79
2843.11
2859.31
2867.92
2878.46
2883.71
2888.62
2891.13
2891.05
2889.08
2885.37
2880.48
2874.91
2869.04
2863.12
2857.2
2851.16
2844.8
2837.83
2830.06
2821.3
2811.51
2800.76
2789.21
2776.97
2764
2750.27
2735.74
2720.45
2704.45
2687.73
2670.28
2652.03
2632.91
2612.85
2591.81
2569.78
2546.74
2522.75
2497.85
2472.13
2445.71
2418.7
2391.27
2363.58
2335.8
2308.06
2280.39
2252.8
2225.23
2197.62
2169.81
2141.83
2113.88
2085.3
2055.88
2026.93
1997.87
1967.88
1937.36
1906.19
1874.26
1841.59
1808.35
1774.65
1740.44
1705.75
1670.69
1635.43
1600.19
1565.13
1530.25
1495.53
1461.24
1427.73
1394.88
1362.7
1331.59
1302.07
1274.24
1247.95
1223.31
1201
1181.31
1163.2
1146.31
1130.76
1116.45
1103.46
1091.62
1080.54
1070.62
1061.34
1052.97
1045.05
1037.85
1031.25
1025.28
1019.48
1013.67
1008.08
1002.8
997.898
993.349
989.076
984.961
980.985
977.177
973.657
970.382
967.386
964.392
961.505
958.597
955.89
953.172
950.691
948.081
945.781
942.595
4100.39
2905.3
2843.24
2858.9
2867.22
2877.57
2882.89
2887.85
2890.38
2890.26
2888.26
2884.55
2879.7
2874.22
2868.47
2862.65
2856.81
2850.83
2844.5
2837.55
2829.79
2821.03
2811.22
2800.45
2788.9
2776.65
2763.72
2750.04
2735.58
2720.38
2704.46
2687.83
2670.48
2652.34
2633.35
2613.45
2592.6
2570.78
2548.02
2524.34
2499.8
2474.48
2448.49
2421.95
2395.02
2367.86
2340.64
2313.46
2286.36
2259.31
2232.26
2205.13
2177.85
2150.46
2122.78
2094.43
2066.25
2038.26
2009.04
1979.19
1949.02
1918.34
1887.09
1855.12
1822.56
1789.52
1755.88
1721.53
1686.53
1651.04
1615.33
1579.62
1544.13
1508.95
1474.12
1439.74
1406.19
1373.7
1342.43
1312.44
1283.92
1257.47
1233.37
1210.91
1189.47
1169.51
1151.23
1134.73
1119.76
1106.21
1093.87
1082.55
1072.63
1063.28
1054.92
1047.06
1039.83
1032.83
1026.02
1019.56
1013.4
1007.82
1002.85
998.205
993.724
989.369
985.073
980.973
977.132
973.632
970.344
967.264
964.179
961.281
958.413
955.814
953.209
950.797
948.149
945.8
942.398
4095.63
2905.82
2843.38
2858.51
2866.51
2876.67
2882.06
2887.08
2889.61
2889.46
2887.44
2883.73
2878.92
2873.54
2867.9
2862.19
2856.43
2850.5
2844.2
2837.28
2829.52
2820.76
2810.94
2800.16
2788.59
2776.35
2763.44
2749.81
2735.43
2720.31
2704.49
2687.96
2670.71
2652.7
2633.85
2614.11
2593.45
2571.87
2549.38
2526.02
2501.84
2476.92
2451.36
2425.28
2398.85
2372.24
2345.59
2318.97
2292.42
2265.91
2239.37
2212.74
2185.99
2159.04
2131.68
2104.17
2076.81
2048.37
2018.98
1989.66
1959.93
1929.64
1898.72
1867.04
1834.78
1802.12
1769.03
1735.38
1701.13
1666.41
1631.36
1596.16
1560.92
1525.79
1490.89
1456.28
1422.3
1389.39
1357.56
1326.93
1297.76
1270.12
1243.9
1219.17
1196.23
1175.5
1156.91
1140.15
1124.91
1111.04
1098.45
1086.82
1076.21
1066.06
1057.04
1048.56
1040.73
1033.31
1026.54
1020.41
1014.74
1009.27
1003.94
998.881
994.012
989.384
984.969
980.869
977.09
973.601
970.189
966.911
963.643
960.607
957.566
954.809
952.08
949.571
946.807
944.28
940.823
4090.51
2906.35
2843.54
2858.11
2865.79
2875.76
2881.22
2886.31
2888.85
2888.66
2886.61
2882.9
2878.14
2872.85
2867.33
2861.73
2856.06
2850.18
2843.91
2837
2829.26
2820.49
2810.67
2799.87
2788.29
2776.06
2763.18
2749.6
2735.29
2720.26
2704.54
2688.12
2670.99
2653.1
2634.4
2614.83
2594.38
2573.04
2550.84
2527.8
2503.99
2479.46
2454.32
2428.71
2402.79
2376.72
2350.62
2324.56
2298.55
2272.56
2246.54
2220.41
2194.15
2167.62
2140.84
2114.05
2086.6
2058.17
2029.96
2001.65
1972.48
1942.7
1912.18
1880.85
1848.75
1816.06
1782.83
1748.97
1714.52
1679.66
1644.6
1609.51
1574.41
1539.27
1504.32
1469.95
1436.07
1402.48
1369.57
1337.95
1307.96
1279.37
1252.34
1227.52
1205.37
1184.78
1165.38
1147.42
1130.9
1115.81
1102.11
1089.53
1078.22
1067.77
1058.75
1050.16
1042.24
1034.88
1028.2
1021.68
1015.23
1009.16
1003.44
998.155
993.228
988.543
984.07
979.929
976.117
972.544
968.959
965.484
962.06
958.937
955.889
953.282
950.764
948.48
945.989
943.768
940.603
4084.96
2906.87
2843.72
2857.73
2865.08
2874.84
2880.39
2885.54
2888.08
2887.86
2885.79
2882.07
2877.36
2872.16
2866.77
2861.29
2855.7
2849.87
2843.63
2836.73
2828.99
2820.23
2810.4
2799.6
2788.01
2775.78
2762.92
2749.39
2735.16
2720.23
2704.61
2688.31
2671.3
2653.55
2635.01
2615.63
2595.39
2574.3
2552.39
2529.68
2506.22
2482.07
2457.37
2432.23
2406.83
2381.3
2355.76
2330.25
2304.78
2279.3
2253.77
2228.15
2202.35
2176.32
2150.14
2123.62
2096.34
2069.07
2041.98
2013.8
1984.84
1955.42
1925.4
1894.74
1863.32
1831.24
1798.58
1765.19
1731.01
1696.17
1660.89
1625.39
1589.83
1554.34
1518.91
1483.61
1448.88
1415.1
1382.45
1350.71
1319.95
1290.99
1264.32
1239.18
1215.06
1192.32
1171.37
1152.26
1135.05
1119.62
1105.89
1093.31
1082.1
1071.56
1061.9
1052.52
1043.91
1035.94
1028.56
1021.58
1015.22
1009.44
1004.21
999.234
994.341
989.601
985.048
980.846
976.922
973.202
969.457
965.875
962.392
959.249
956.21
953.557
950.891
948.381
945.752
943.351
939.91
4079.02
2907.4
2843.93
2857.35
2864.36
2873.93
2879.56
2884.77
2887.31
2887.07
2884.96
2881.25
2876.58
2871.48
2866.21
2860.85
2855.35
2849.57
2843.35
2836.46
2828.73
2819.97
2810.14
2799.33
2787.74
2775.52
2762.68
2749.2
2735.04
2720.21
2704.7
2688.53
2671.66
2654.06
2635.68
2616.49
2596.48
2575.65
2554.02
2531.64
2508.53
2484.78
2460.5
2435.85
2410.97
2385.99
2360.99
2336.02
2311.06
2286.09
2261.07
2235.93
2210.62
2185.12
2159.38
2133.15
2106.69
2080.35
2052.99
2024.56
1995.96
1966.9
1937.27
1907.01
1875.99
1844.3
1812.11
1779.33
1745.84
1711.72
1677.14
1642.23
1607.09
1571.8
1536.5
1501.28
1466.36
1432.18
1398.73
1366.25
1335.04
1305.1
1276.3
1248.94
1223.35
1200.09
1179.24
1160.14
1142.58
1126.45
1111.6
1097.74
1085.41
1073.9
1063.51
1053.8
1045.28
1037.31
1030.09
1023.41
1017.17
1011.13
1005.2
999.583
994.174
989.124
984.494
980.215
976.142
972.234
968.378
964.788
961.272
958.02
954.77
951.863
949.04
946.427
943.701
941.209
937.677
4072.58
2907.9
2844.16
2856.99
2863.65
2873.02
2878.74
2884.01
2886.55
2886.28
2884.15
2880.43
2875.81
2870.81
2865.66
2860.42
2855.02
2849.29
2843.08
2836.2
2828.47
2819.72
2809.89
2799.08
2787.5
2775.28
2762.47
2749.03
2734.94
2720.2
2704.82
2688.77
2672.05
2654.61
2636.41
2617.42
2597.64
2577.07
2555.74
2533.67
2510.92
2487.57
2463.73
2439.57
2415.21
2390.77
2366.32
2341.88
2317.44
2292.97
2268.43
2243.77
2218.96
2193.94
2168.6
2142.96
2117.26
2090.87
2063.41
2035.91
2008.26
1979.84
1950.74
1920.89
1890.2
1858.68
1826.49
1793.63
1760.04
1725.8
1691.15
1656.26
1621.17
1585.86
1550.48
1515.44
1480.73
1446.02
1411.58
1378.16
1346.13
1315.45
1286.11
1258.97
1234.3
1211
1188.82
1167.98
1148.78
1131.38
1115.59
1101.3
1088.84
1077.22
1066.91
1057.19
1048.21
1039.61
1031.67
1024.33
1017.47
1010.95
1004.7
998.903
993.588
988.737
984.189
979.827
975.582
971.556
967.712
964.238
960.862
957.737
954.559
951.693
948.897
946.274
943.484
941.012
937.303
4065.69
2908.37
2844.41
2856.63
2862.92
2872.11
2877.93
2883.27
2885.81
2885.5
2883.34
2879.63
2875.05
2870.14
2865.12
2860
2854.69
2849.01
2842.82
2835.95
2828.22
2819.47
2809.65
2798.85
2787.27
2775.06
2762.28
2748.88
2734.86
2720.22
2704.95
2689.04
2672.48
2655.2
2637.2
2618.42
2598.87
2578.57
2557.53
2535.78
2513.39
2490.44
2467.06
2443.4
2419.57
2395.66
2371.74
2347.81
2323.86
2299.89
2275.85
2251.68
2227.36
2202.8
2177.95
2152.93
2127.5
2101.22
2074.83
2048.55
2021.3
1993.19
1964.48
1935.11
1905.05
1874.19
1842.57
1810.23
1777.05
1743.06
1708.44
1673.41
1638.11
1602.61
1566.9
1531
1495.31
1460.49
1426.71
1393.53
1360.81
1329.45
1300.24
1272.41
1245.51
1219.93
1196.2
1174.48
1154.89
1137.48
1121.72
1107.29
1093.82
1081.09
1069.79
1059.2
1049.65
1040.73
1032.72
1025.3
1018.54
1012.2
1006.16
1000.43
994.965
989.817
984.843
980.156
975.734
971.66
967.859
964.418
960.99
957.732
954.302
951.135
947.989
945.045
942.026
939.39
935.557
4058.25
2908.81
2844.67
2856.26
2862.19
2871.2
2877.13
2882.55
2885.08
2884.75
2882.56
2878.83
2874.3
2869.48
2864.59
2859.59
2854.37
2848.74
2842.58
2835.7
2827.97
2819.22
2809.41
2798.63
2787.06
2774.87
2762.12
2748.77
2734.8
2720.26
2705.11
2689.34
2672.93
2655.84
2638.03
2619.47
2600.17
2580.13
2559.38
2537.96
2515.94
2493.41
2470.49
2447.33
2424.02
2400.65
2377.24
2353.82
2330.38
2306.9
2283.33
2259.65
2235.8
2211.71
2187.41
2162.82
2137.65
2112.2
2086.82
2060.46
2033
2005.12
1976.71
1947.71
1918.09
1887.71
1856.54
1824.69
1792.12
1758.79
1724.84
1690.42
1655.6
1620.42
1585
1549.48
1513.96
1478.74
1443.84
1409.66
1376.7
1344.73
1313.57
1283.55
1255.41
1229.77
1206.45
1184.69
1164.16
1145.13
1127.62
1111.96
1097.5
1084.33
1072.89
1062.17
1052.73
1043.75
1035.32
1027.48
1020.33
1013.63
1007.13
1000.95
995.032
989.402
984.07
979.103
974.482
970.273
966.392
962.883
959.381
956.093
952.676
949.645
946.655
943.806
940.822
938.243
934.569
4050.29
2909.2
2844.92
2855.87
2861.43
2870.3
2876.36
2881.87
2884.39
2884.02
2881.79
2878.06
2873.56
2868.84
2864.06
2859.19
2854.06
2848.49
2842.33
2835.45
2827.72
2818.97
2809.18
2798.42
2786.88
2774.72
2761.99
2748.68
2734.79
2720.33
2705.3
2689.67
2673.43
2656.52
2638.91
2620.58
2601.52
2581.75
2561.3
2540.22
2518.58
2496.48
2474.04
2451.38
2428.59
2405.73
2382.83
2359.9
2336.95
2313.94
2290.87
2267.67
2244.3
2220.71
2196.89
2172.68
2148.11
2123.47
2098.08
2071.56
2044.81
2017.78
1990.04
1961.6
1932.41
1902.39
1871.46
1839.68
1807.11
1773.74
1739.74
1705.28
1670.45
1635.23
1599.71
1564.23
1528.89
1493.31
1457.76
1422.87
1389.03
1356.38
1324.97
1295.61
1268.45
1242.33
1217.08
1193.33
1171.32
1151.28
1133.28
1117.61
1103.22
1089.76
1077.25
1065.52
1055.18
1045.27
1036.13
1027.68
1020.17
1013.31
1006.94
1001.04
995.544
990.234
985.021
980.058
975.365
971.059
966.995
963.263
959.589
956.278
952.868
949.788
946.675
943.573
940.263
937.323
933.168
4041.73
2909.54
2845.15
2855.46
2860.66
2869.4
2875.62
2881.22
2883.74
2883.32
2881.05
2877.32
2872.85
2868.21
2863.54
2858.79
2853.76
2848.24
2842.1
2835.22
2827.47
2818.74
2808.96
2798.22
2786.71
2774.59
2761.9
2748.65
2734.83
2720.45
2705.53
2690.04
2673.96
2657.24
2639.84
2621.73
2602.92
2583.43
2563.29
2542.56
2521.31
2499.66
2477.7
2455.54
2433.25
2410.9
2388.5
2366.07
2343.6
2321.08
2298.48
2275.75
2252.86
2229.76
2206.38
2182.67
2158.77
2134.38
2109.05
2083.54
2057.98
2031.58
2004.28
1976.27
1947.55
1918.13
1887.85
1856.63
1824.54
1791.58
1757.85
1723.53
1688.75
1653.56
1617.9
1581.76
1545.51
1509.92
1475.15
1440.73
1406.42
1373.03
1341.37
1310.91
1281.1
1252.73
1226.22
1202.05
1180.24
1160.24
1141.58
1124.3
1108.39
1093.8
1080.51
1068.38
1057.88
1047.84
1038.78
1030.23
1022.57
1015.55
1009.01
1002.78
996.612
990.73
985.194
980.053
975.243
970.71
966.27
962.099
958.042
954.442
950.766
947.485
944.3
941.291
938.094
935.216
931.214
4032.61
2909.86
2845.34
2855.01
2859.88
2868.55
2874.96
2880.66
2883.14
2882.66
2880.34
2876.59
2872.16
2867.59
2863.04
2858.4
2853.46
2848
2841.88
2834.99
2827.24
2818.5
2808.75
2798.04
2786.57
2774.49
2761.85
2748.67
2734.91
2720.61
2705.8
2690.45
2674.53
2658
2640.81
2622.94
2604.39
2585.18
2565.36
2544.99
2524.16
2502.95
2481.47
2459.81
2438.02
2416.16
2394.25
2372.29
2350.3
2328.25
2306.13
2283.88
2261.48
2238.85
2215.95
2192.8
2169.31
2145.16
2120.69
2096.2
2070.78
2044.27
2017.12
1989.38
1961.01
1932
1902.24
1871.53
1839.92
1807.52
1774.38
1740.62
1706.32
1671.5
1636.25
1600.71
1564.93
1528.99
1492.89
1457.28
1422.74
1389.03
1355.81
1323.47
1292.9
1264.83
1238.8
1213.82
1190.19
1168.29
1148.26
1129.97
1113.76
1099.19
1085.88
1073.11
1061.44
1050.57
1041.01
1031.95
1023.79
1016.24
1009.08
1002.39
996.085
990.301
985.113
980.18
975.294
970.526
965.823
961.453
957.252
953.499
949.753
946.575
943.578
940.797
937.682
934.808
930.578
4022.81
2910.05
2845.5
2854.56
2859.12
2867.74
2874.36
2880.16
2882.61
2882.06
2879.67
2875.9
2871.5
2867
2862.55
2858.01
2853.16
2847.76
2841.67
2834.77
2827.01
2818.28
2808.55
2797.88
2786.46
2774.43
2761.86
2748.73
2735.04
2720.84
2706.13
2690.92
2675.16
2658.81
2641.83
2624.2
2605.91
2587
2567.51
2547.53
2527.12
2506.36
2485.36
2464.18
2442.88
2421.5
2400.07
2378.6
2357.08
2335.51
2313.85
2292.08
2270.15
2247.99
2225.6
2202.93
2179.8
2156.29
2132.66
2108.2
2082.64
2056.65
2030.26
2003.19
1975.39
1946.86
1917.51
1887.14
1855.69
1823.36
1790.25
1756.5
1722.2
1687.33
1651.95
1616.29
1580.51
1544.39
1508.17
1472.33
1436.97
1402.42
1369.08
1337.56
1308.03
1279.02
1250.85
1223.9
1198.93
1176.52
1156.52
1138.15
1121.08
1105.04
1090.35
1076.45
1064.19
1053.18
1043.52
1034.07
1025.01
1016.61
1009.37
1002.97
997.242
991.757
986.282
980.924
975.647
970.623
965.789
961.297
956.881
952.831
948.749
945.263
941.985
938.917
935.629
932.572
928.277
4012.33
2910.14
2845.63
2854.09
2858.37
2866.96
2873.85
2879.78
2882.14
2881.5
2879.04
2875.25
2870.86
2866.43
2862.06
2857.63
2852.87
2847.53
2841.46
2834.56
2826.79
2818.07
2808.36
2797.73
2786.36
2774.39
2761.9
2748.84
2735.23
2721.12
2706.53
2691.45
2675.85
2659.69
2642.92
2625.53
2607.52
2588.92
2569.78
2550.19
2530.2
2509.9
2489.36
2468.66
2447.83
2426.92
2405.96
2384.96
2363.91
2342.81
2321.62
2300.33
2278.87
2257.2
2235.29
2213.06
2190.46
2167.64
2144.22
2119.84
2095.19
2070.35
2044.73
2018.22
1990.92
1962.87
1934.07
1904.37
1873.51
1841.65
1808.97
1775.59
1741.57
1706.95
1671.67
1635.68
1599.31
1563.26
1527.67
1492.16
1456.68
1421.68
1387.84
1354.68
1322.04
1291.02
1262.44
1235.98
1211.08
1187.7
1165.73
1145.5
1127.02
1110.23
1095.36
1081.55
1069.25
1057.55
1047
1037.24
1028.41
1019.92
1012.17
1004.87
997.891
991.407
985.253
979.405
973.88
968.714
963.858
959.386
955.048
951.148
947.265
943.961
940.802
937.835
934.744
931.947
927.805
4001.09
2910.1
2845.73
2853.64
2857.7
2866.35
2873.59
2879.53
2881.76
2880.99
2878.45
2874.62
2870.25
2865.88
2861.59
2857.25
2852.57
2847.3
2841.26
2834.36
2826.59
2817.87
2808.19
2797.61
2786.29
2774.4
2761.97
2749
2735.49
2721.48
2707
2692.06
2676.62
2660.64
2644.1
2626.96
2609.22
2590.94
2572.16
2552.96
2533.4
2513.55
2493.47
2473.23
2452.86
2432.42
2411.93
2391.39
2370.81
2350.18
2329.46
2308.63
2287.64
2266.46
2245.02
2223.27
2201.26
2178.82
2155.64
2132.15
2108.52
2083.99
2058.39
2032.01
2004.96
1977.22
1948.8
1919.6
1889.3
1857.89
1825.67
1792.76
1759.18
1724.94
1690.11
1654.8
1619.04
1582.71
1545.84
1509.14
1473.25
1438.07
1403.17
1368.9
1336.01
1305.26
1276.18
1248.29
1221.66
1196.83
1173.88
1153.28
1134.62
1117.49
1101.6
1086.78
1073.41
1060.44
1049.04
1038.5
1029.24
1020.87
1012.91
1005.15
997.831
991.352
985.288
979.477
974.054
969.086
964.503
960.264
956.041
952.144
948.083
944.392
940.769
937.371
933.993
930.86
926.288
3989.11
2909.98
2845.83
2853.21
2857.18
2866.05
2873.61
2879.43
2881.44
2880.54
2877.89
2874.03
2869.68
2865.36
2861.14
2856.87
2852.27
2847.06
2841.06
2834.18
2826.39
2817.68
2808.03
2797.5
2786.25
2774.44
2762.09
2749.21
2735.8
2721.91
2707.56
2692.75
2677.48
2661.69
2645.37
2628.49
2611.05
2593.09
2574.67
2555.87
2536.73
2517.31
2497.68
2477.89
2457.98
2438
2417.96
2397.88
2377.76
2357.59
2337.34
2316.98
2296.47
2275.76
2254.8
2233.57
2212.03
2189.95
2167.48
2144.81
2121.26
2096.65
2071.47
2045.76
2019.37
1992.24
1964.32
1935.56
1905.75
1874.63
1842.56
1809.77
1776.28
1742.05
1707.09
1671.56
1635.61
1599.28
1562.88
1526.53
1490.01
1453.85
1418.75
1385.42
1353.43
1321.57
1289.87
1260.12
1233.01
1208.16
1185.03
1163.18
1142.54
1123.77
1106.86
1091.79
1078.44
1065.52
1053.67
1042.47
1032.23
1022.9
1014.65
1006.84
999.527
992.543
985.784
979.703
974.33
969.462
964.86
960.435
955.934
951.736
947.376
943.39
939.771
936.491
933.16
930.155
925.701
3976.34
2909.73
2845.89
2852.83
2856.9
2866.01
2873.85
2879.52
2881.2
2880.15
2877.38
2873.47
2869.14
2864.86
2860.7
2856.49
2851.97
2846.82
2840.87
2833.99
2826.22
2817.51
2807.89
2797.41
2786.24
2774.51
2762.26
2749.48
2736.19
2722.41
2708.19
2693.54
2678.43
2662.85
2646.75
2630.13
2612.99
2595.36
2577.31
2558.89
2540.16
2521.17
2501.98
2482.63
2463.17
2443.64
2424.07
2404.45
2384.79
2365.08
2345.29
2325.39
2305.35
2285.12
2264.65
2243.91
2222.78
2201.28
2179.5
2157.03
2133.61
2109.84
2085.73
2060.89
2035.15
2008.57
1981.16
1952.92
1923.76
1893.33
1861.75
1829.42
1796.39
1762.59
1727.96
1692.46
1656.37
1620.23
1584.03
1547.65
1511.31
1475.14
1439.35
1403.69
1368.79
1336.03
1305.35
1275.9
1247.73
1220.5
1195.16
1171.82
1150.47
1131.47
1114.28
1098.36
1083.7
1069.86
1057.42
1045.78
1035.58
1026.02
1016.89
1008.32
1000.21
992.552
985.94
980.334
975.346
970.455
965.495
960.722
956.08
951.893
947.724
943.898
940.219
936.709
933.052
929.827
924.946
3962.83
2909.41
2845.93
2852.47
2856.81
2866.21
2874.38
2879.74
2881.02
2879.81
2876.9
2872.94
2868.63
2864.39
2860.27
2856.12
2851.65
2846.58
2840.67
2833.82
2826.05
2817.36
2807.78
2797.36
2786.26
2774.61
2762.47
2749.81
2736.63
2722.99
2708.91
2694.42
2679.5
2664.12
2648.26
2631.9
2615.06
2597.76
2580.07
2562.03
2543.71
2525.14
2506.37
2487.46
2468.45
2449.37
2430.24
2411.07
2391.86
2372.6
2353.27
2333.85
2314.28
2294.52
2274.54
2254.26
2233.64
2212.73
2191.31
2169.12
2146.61
2123.82
2100.15
2075.44
2049.86
2023.53
1996.42
1968.53
1939.77
1909.95
1878.78
1846.78
1814.11
1780.68
1746.5
1711.65
1676.09
1639.69
1602.5
1565.19
1528.36
1491.93
1455.64
1419.66
1384.66
1350.91
1319.28
1288.6
1259.34
1231.33
1205.72
1182.57
1160.98
1140.5
1121.31
1103.73
1088.22
1074.36
1062.13
1050.08
1038.49
1027.57
1017.78
1009.07
1001.68
995.012
988.843
982.785
976.676
970.831
965.227
960.079
955.277
950.855
946.449
942.209
938.122
934.275
930.24
926.624
921.369
3948.53
2909.01
2845.97
2852.15
2856.88
2866.78
2875.22
2880.1
2880.9
2879.52
2876.45
2872.43
2868.15
2863.95
2859.86
2855.74
2851.33
2846.31
2840.46
2833.65
2825.91
2817.24
2807.68
2797.32
2786.31
2774.76
2762.72
2750.18
2737.14
2723.64
2709.72
2695.4
2680.66
2665.5
2649.88
2633.79
2617.24
2600.28
2582.94
2565.28
2547.35
2529.18
2510.84
2492.36
2473.79
2455.15
2436.47
2417.75
2399
2380.19
2361.32
2342.36
2323.26
2303.98
2284.47
2264.67
2244.59
2224.13
2203.08
2181.66
2159.94
2137.3
2113.64
2089.29
2064.33
2038.67
2012.21
1984.87
1956.62
1927.37
1896.7
1864.94
1832.47
1799.19
1764.98
1729.91
1694.17
1658.06
1621.8
1585.15
1547.85
1510.61
1474.28
1439.14
1404.69
1369.77
1335.35
1303.45
1273.91
1246.01
1219.16
1193.77
1170.17
1148.6
1128.83
1111.12
1095.02
1080.13
1066.69
1053.79
1042.03
1031.05
1021.74
1013.18
1005.17
997.503
990.028
982.922
976.001
969.533
963.576
958.182
953.251
948.761
944.398
940.393
936.652
933.067
929.212
925.706
920.871
3933.49
2908.55
2846.05
2851.93
2857.24
2867.76
2876.34
2880.58
2880.86
2879.24
2875.99
2871.94
2867.69
2863.54
2859.47
2855.37
2851
2846.04
2840.25
2833.49
2825.78
2817.14
2807.62
2797.33
2786.39
2774.95
2763.03
2750.62
2737.71
2724.36
2710.6
2696.46
2681.93
2666.98
2651.61
2635.79
2619.55
2602.91
2585.91
2568.62
2551.08
2533.32
2515.4
2497.35
2479.21
2461.01
2442.77
2424.49
2406.17
2387.82
2369.41
2350.91
2332.28
2313.48
2294.45
2275.15
2255.55
2235.52
2215.09
2194.34
2172.81
2150.39
2127.52
2104.19
2080.14
2055.2
2029.34
2002.55
1974.8
1946.1
1916.22
1885.01
1853.01
1820.26
1786.55
1751.85
1716.39
1680.41
1643.88
1607.01
1570.1
1533.09
1495.71
1457.99
1421.54
1387.32
1354.16
1321.41
1289.48
1259.42
1231.03
1204.69
1180.62
1158.61
1137.93
1118.91
1101.54
1085.36
1071.11
1057.73
1045.83
1034.88
1024.77
1015.34
1006.44
998.167
990.454
983.321
976.702
970.314
964.216
958.748
953.911
949.644
945.465
941.594
937.845
934.247
930.386
926.834
921.501
3917.67
2908.03
2846.14
2851.87
2858.06
2869.25
2877.66
2881.17
2880.9
2878.96
2875.55
2871.48
2867.27
2863.15
2859.1
2855.01
2850.66
2845.74
2840.02
2833.32
2825.66
2817.06
2807.59
2797.37
2786.52
2775.18
2763.38
2751.1
2738.34
2725.15
2711.56
2697.61
2683.28
2668.56
2653.43
2637.89
2621.95
2605.63
2588.98
2572.05
2554.89
2537.54
2520.02
2502.4
2484.69
2466.93
2449.12
2431.29
2413.42
2395.51
2377.55
2359.51
2341.35
2323.02
2304.47
2285.66
2266.52
2247.02
2227.2
2206.78
2185.62
2164.1
2142.16
2119.36
2095.52
2070.76
2045.16
2018.67
1991.26
1962.89
1933.54
1902.8
1871.07
1838.61
1805.32
1771.12
1735.98
1699.79
1662.77
1625.41
1588.05
1550.7
1513.3
1476.21
1439.33
1403.04
1368.37
1335.05
1302.82
1272.87
1244.95
1218.22
1192.47
1168.43
1146.3
1126.57
1109.07
1092.91
1077.91
1063.46
1050.71
1038.6
1027.91
1018
1008.81
1000.36
992.544
985.022
977.804
971.262
965.46
960.337
955.588
951.121
946.606
942.368
938.308
934.44
930.421
926.68
921.229
3901.12
2907.49
2846.26
2851.93
2859.43
2871.32
2879.1
2881.7
2880.93
2878.66
2875.12
2871.03
2866.86
2862.79
2858.75
2854.65
2850.31
2845.43
2839.77
2833.15
2825.56
2817.02
2807.61
2797.44
2786.68
2775.45
2763.78
2751.65
2739.04
2726.01
2712.6
2698.83
2684.72
2670.23
2655.36
2640.09
2624.45
2608.45
2592.14
2575.58
2558.8
2541.84
2524.74
2507.53
2490.24
2472.91
2455.53
2438.13
2420.69
2403.23
2385.73
2368.15
2350.46
2332.61
2314.54
2296.2
2277.56
2258.61
2239.21
2219.22
2198.86
2178.07
2156.36
2133.66
2110.18
2086.03
2061.14
2035.38
2008.61
1980.81
1952.02
1922.04
1890.7
1858.49
1825.35
1791.16
1756.15
1720.61
1684.56
1647.73
1610.11
1572.41
1535.22
1498.46
1461.83
1424.88
1388.58
1354.14
1321.47
1289.88
1259.48
1230.54
1203.77
1179.21
1157.2
1136.52
1117.18
1099.34
1083.42
1068.54
1055.8
1043.47
1032.03
1021.14
1010.95
1001.69
993.146
985.219
978.061
971.878
966.412
961.109
955.651
950.533
945.468
940.575
936.064
931.888
927.649
923.827
917.962
3883.84
2906.95
2846.45
2852.27
2861.43
2873.95
2880.6
2882.1
2880.92
2878.36
2874.7
2870.6
2866.48
2862.45
2858.42
2854.31
2849.95
2845.1
2839.49
2832.96
2825.46
2817
2807.66
2797.57
2786.9
2775.78
2764.24
2752.25
2739.8
2726.94
2713.71
2700.14
2686.24
2671.98
2657.36
2642.38
2627.03
2611.35
2595.39
2579.18
2562.78
2546.21
2529.52
2512.72
2495.85
2478.94
2462
2445.02
2428.03
2411.02
2393.97
2376.85
2359.62
2342.23
2324.64
2306.79
2288.65
2270.18
2251.24
2231.92
2212.18
2191.62
2170.22
2148.28
2125.79
2102.56
2078.43
2053.3
2027.09
1999.79
1971.47
1942.19
1911.53
1879.81
1847.21
1813.58
1778.95
1743.36
1706.93
1670.06
1632.9
1595.16
1556.59
1517.75
1479.91
1443.73
1408.04
1372.54
1337.94
1304.48
1273.06
1244.16
1217.56
1192.11
1168.06
1145.53
1124.65
1105.7
1089.18
1074.05
1060.5
1047.25
1034.64
1022.65
1012.16
1002.73
994.432
986.992
980.17
973.452
966.669
960.286
954.016
948.045
942.414
937.076
932.381
928.156
923.84
919.806
913.693
3865.91
2906.56
2846.86
2853.04
2864.06
2876.89
2881.98
2882.33
2880.85
2878.04
2874.26
2870.17
2866.1
2862.13
2858.11
2853.98
2849.59
2844.74
2839.2
2832.77
2825.37
2817.01
2807.75
2797.74
2787.17
2776.17
2764.76
2752.92
2740.63
2727.94
2714.9
2701.53
2687.84
2673.82
2659.46
2644.75
2629.71
2614.35
2598.72
2582.88
2566.85
2550.67
2534.37
2517.98
2501.53
2485.03
2468.51
2451.96
2435.4
2418.83
2402.23
2385.57
2368.81
2351.89
2334.78
2317.42
2299.77
2281.77
2263.4
2244.65
2225.26
2205.16
2184.64
2163.59
2141.66
2118.71
2094.78
2069.92
2044.05
2017.12
1989.14
1960.17
1930.15
1898.77
1866.44
1833.13
1798.7
1763.17
1726.8
1689.78
1652.23
1614.36
1576.56
1538.85
1500.46
1461.99
1424.65
1388.63
1354.26
1321.61
1290.23
1259.86
1230.71
1203.63
1178.59
1155.67
1134.29
1114.04
1095.58
1078.82
1064.12
1050.49
1038.42
1027.1
1016.98
1007.34
998.127
989.482
981.107
973.164
965.703
958.879
952.391
946.353
940.859
935.663
931.079
926.842
922.502
918.475
912.985
3847.33
2906.38
2847.64
2854.4
2867.2
2879.69
2883.07
2882.54
2880.75
2877.66
2873.8
2869.74
2865.75
2861.84
2857.83
2853.66
2849.23
2844.37
2838.87
2832.55
2825.28
2817.04
2807.88
2797.97
2787.5
2776.61
2765.34
2753.65
2741.53
2729.02
2716.17
2703.01
2689.54
2675.75
2661.65
2647.21
2632.47
2617.43
2602.14
2586.65
2570.99
2555.19
2539.29
2523.3
2507.25
2491.17
2475.07
2458.95
2442.84
2426.71
2410.55
2394.34
2378.04
2361.59
2344.95
2328.07
2310.91
2293.43
2275.6
2257.29
2238.4
2219.09
2199.26
2178.5
2156.75
2134.19
2110.92
2086.84
2061.78
2035.62
2008.32
1979.96
1950.64
1919.94
1887.95
1855.02
1821.13
1786.37
1750.67
1713.99
1676.53
1638.79
1600.89
1562.7
1524.66
1486.63
1448.8
1411.74
1375.6
1340.32
1306.44
1274.56
1244.55
1217.03
1190.73
1166.4
1143.8
1122.67
1103.6
1086.23
1070.4
1055.71
1042.82
1030.82
1019.9
1009.54
999.644
990.466
981.925
974.126
966.885
960.003
953.41
947.587
942.45
937.484
933.016
928.88
924.528
920.575
914.646
3828.09
2906.54
2848.89
2856.46
2870.76
2882.04
2883.79
2882.87
2880.67
2877.26
2873.32
2869.3
2865.4
2861.56
2857.57
2853.37
2848.88
2843.99
2838.53
2832.31
2825.19
2817.09
2808.06
2798.26
2787.89
2777.12
2765.98
2754.44
2742.49
2730.17
2717.51
2704.57
2691.32
2677.78
2663.92
2649.77
2635.32
2620.6
2605.64
2590.5
2575.21
2559.79
2544.27
2528.67
2513.02
2497.35
2481.67
2465.98
2450.29
2434.61
2418.9
2403.14
2387.29
2371.31
2355.15
2338.75
2322.09
2305.12
2287.78
2269.98
2251.76
2233.03
2213.5
2193.13
2172.15
2150.57
2128.21
2104.89
2080.47
2054.85
2028.04
2000.11
1971.17
1941.27
1909.86
1877.36
1843.7
1808.9
1773.12
1736.64
1699.39
1661.24
1622.13
1582.72
1543.84
1505.68
1468.01
1430.34
1393.11
1357.17
1323.48
1291.67
1260.8
1231.12
1202.79
1176.96
1153.97
1133.08
1113.63
1095.29
1078.42
1062.45
1048.48
1035.53
1023.88
1012.97
1002.96
993.909
985.531
977.655
969.948
962.764
956.38
950.86
945.735
940.692
935.998
931.545
926.839
922.377
915.422
3808.01
2906.96
2850.63
2859.24
2874.64
2883.82
2884.53
2883.28
2880.58
2876.83
2872.82
2868.88
2865.08
2861.3
2857.33
2853.09
2848.53
2843.6
2838.17
2832.05
2825.08
2817.16
2808.28
2798.61
2788.36
2777.7
2766.7
2755.31
2743.53
2731.38
2718.93
2706.19
2693.18
2679.88
2666.29
2652.41
2638.25
2623.84
2609.22
2594.42
2579.48
2564.43
2549.29
2534.09
2518.84
2503.58
2488.32
2473.06
2457.81
2442.56
2427.29
2411.98
2396.58
2381.06
2365.37
2349.46
2333.29
2316.82
2299.99
2282.77
2265.11
2246.78
2227.77
2208.26
2188.14
2167.12
2145.05
2121.97
2097.86
2072.65
2046.29
2018.8
1990.26
1960.71
1929.93
1897.73
1864.39
1830.04
1794.58
1758.1
1720.81
1683.21
1645.44
1607.11
1567.88
1528.19
1488.84
1450.62
1413.91
1378.3
1343.11
1308.63
1275.93
1245.59
1217.63
1191.14
1166.14
1143.11
1121.69
1102.04
1084.85
1069.07
1055.04
1041.61
1029.33
1017.57
1006.48
996.364
987.243
979.156
971.673
964.648
958.094
952.173
946.63
941.235
936.278
931.562
926.815
922.199
915.404
3786.91
2907.53
2852.87
2862.68
2878.65
2885.41
2885.45
2883.7
2880.38
2876.33
2872.32
2868.48
2864.76
2861.06
2857.1
2852.82
2848.2
2843.22
2837.8
2831.78
2824.97
2817.23
2808.55
2799.03
2788.9
2778.37
2767.49
2756.25
2744.63
2732.66
2720.41
2707.89
2695.11
2682.05
2668.72
2655.12
2641.27
2627.17
2612.87
2598.41
2583.82
2569.14
2554.38
2539.56
2524.71
2509.85
2495.01
2480.17
2465.35
2450.53
2435.7
2420.83
2405.89
2390.83
2375.61
2360.19
2344.52
2328.55
2312.26
2295.58
2278.38
2260.62
2242.37
2223.52
2203.74
2182.98
2161.39
2139.03
2115.8
2091.5
2066
2039.29
2011.4
1982.41
1952.59
1921.14
1888.43
1854.66
1819.69
1783.67
1746.77
1709.01
1670.46
1631.53
1592.56
1553.59
1514.6
1475.59
1436.57
1398.18
1361.15
1325.94
1293.36
1262.31
1233.01
1204.93
1178.43
1154.09
1131.74
1110.67
1091.16
1073.4
1058.14
1043.82
1030.93
1018.71
1007.48
997.153
987.974
979.628
971.721
964.422
957.371
950.787
944.498
938.402
932.996
927.891
923.26
918.762
911.899
3764.6
2908.24
2855.66
2866.63
2882.54
2887.12
2886.57
2884.03
2880.04
2875.78
2871.82
2868.09
2864.47
2860.82
2856.89
2852.58
2847.89
2842.85
2837.43
2831.49
2824.84
2817.31
2808.84
2799.5
2789.52
2779.11
2768.37
2757.28
2745.81
2734.02
2721.96
2709.65
2697.1
2684.29
2671.23
2657.9
2644.34
2630.54
2616.57
2602.44
2588.2
2573.88
2559.49
2545.06
2530.61
2516.17
2501.74
2487.32
2472.93
2458.54
2444.15
2429.72
2415.22
2400.62
2385.88
2370.94
2355.76
2340.3
2324.53
2308.36
2291.72
2274.61
2256.94
2238.45
2219.15
2199.18
2178.56
2157.09
2134.58
2110.87
2085.88
2059.63
2032.21
2003.64
1973.95
1943.12
1910.65
1877
1842.28
1806.49
1769.52
1731.4
1692.53
1653.18
1613.5
1573.8
1534.36
1494.98
1455.91
1417.98
1382.05
1346.66
1311.93
1278.14
1247.13
1218.39
1191.37
1165.91
1142.14
1120.41
1099.79
1080.56
1063.87
1048.18
1034.2
1021.37
1010.18
999.709
989.766
980.488
971.609
963.581
955.843
948.579
941.685
935.169
929.323
923.774
918.602
913.646
905.804
3740.96
2909.14
2859.08
2870.93
2885.93
2889.03
2887.79
2884.29
2879.62
2875.19
2871.33
2867.72
2864.18
2860.58
2856.68
2852.35
2847.61
2842.51
2837.08
2831.2
2824.7
2817.39
2809.15
2800.03
2790.22
2779.95
2769.34
2758.39
2747.08
2735.46
2723.58
2711.48
2699.16
2686.59
2673.78
2660.74
2647.46
2633.98
2620.32
2606.52
2592.63
2578.67
2564.66
2550.62
2536.56
2522.52
2508.5
2494.5
2480.53
2466.56
2452.6
2438.61
2424.56
2410.43
2396.15
2381.7
2367.02
2352.07
2336.82
2321.18
2305.13
2288.57
2271.35
2253.46
2234.99
2215.84
2195.74
2174.59
2152.37
2129.06
2104.59
2078.92
2052.08
2024.06
1994.84
1964.64
1932.99
1899.88
1865.62
1830.18
1793.85
1756.86
1719.05
1680.33
1640.79
1600.5
1560.05
1520.09
1481.08
1442.12
1403.35
1365.79
1330.03
1296.33
1264.03
1233.34
1204.4
1176.99
1152.05
1130.13
1110.2
1091.01
1073.01
1055.72
1040.56
1026.76
1014.83
1003.58
992.967
983.151
973.853
965.144
956.755
948.982
941.664
934.884
928.571
922.62
917.045
911.728
904.183
3716.08
2910.28
2863.26
2875.36
2888.47
2890.79
2888.74
2884.38
2879.18
2874.61
2870.84
2867.37
2863.91
2860.35
2856.47
2852.14
2847.35
2842.2
2836.74
2830.92
2824.56
2817.47
2809.48
2800.59
2790.98
2780.88
2770.41
2759.59
2748.43
2736.98
2725.29
2713.39
2701.28
2688.95
2676.4
2663.62
2650.64
2637.46
2624.11
2610.65
2597.1
2583.5
2569.86
2556.21
2542.55
2528.91
2515.3
2501.72
2488.16
2474.62
2461.08
2447.52
2433.92
2420.24
2406.44
2392.47
2378.28
2363.85
2349.11
2334.03
2318.52
2302.48
2285.87
2268.71
2250.87
2232.1
2212.37
2191.81
2170.42
2148.07
2124.58
2099.84
2073.85
2046.6
2018.06
1988.22
1957.61
1925.03
1891.24
1856.26
1819.99
1782.43
1743.97
1704.85
1665.31
1625.58
1585.65
1545.11
1504.13
1463.56
1423.92
1386.87
1350.66
1315.5
1281.35
1248.91
1219.11
1192.14
1166.16
1142.44
1120.36
1100.2
1082.05
1064.59
1049.29
1035.05
1022.58
1010.82
999.879
989.412
979.276
969.891
961.02
952.885
945.106
937.908
931.03
924.946
919.308
914.04
906.237
3690.3
2911.8
2868.29
2879.83
2890.08
2891.71
2889.2
2884.31
2878.73
2874.08
2870.4
2867.04
2863.65
2860.13
2856.27
2851.95
2847.13
2841.93
2836.45
2830.67
2824.44
2817.54
2809.81
2801.18
2791.81
2781.88
2771.56
2760.89
2749.88
2738.59
2727.08
2715.38
2703.48
2691.38
2679.08
2666.57
2653.87
2640.99
2627.96
2614.83
2601.63
2588.39
2575.12
2561.85
2548.58
2535.33
2522.12
2508.94
2495.79
2482.66
2469.55
2456.43
2443.28
2430.06
2416.72
2403.24
2389.55
2375.63
2361.42
2346.87
2331.9
2316.44
2300.47
2283.88
2266.49
2248.28
2229.38
2209.75
2189.21
2167.51
2144.53
2120.23
2094.65
2067.82
2039.73
2010.32
1979.68
1947.71
1914.22
1879.44
1843.4
1806.32
1768.25
1729.16
1689.27
1648.71
1607.73
1566.88
1526.56
1487.56
1448.41
1409.19
1370.43
1333.73
1299.22
1267.26
1235.95
1207.23
1179.92
1154.59
1131.2
1109.36
1089.86
1071.74
1056.01
1041.06
1027.75
1015.18
1003.65
992.804
982.589
973.239
964.62
956.864
949.347
942.435
935.644
929.437
923.506
917.879
908.83
3664.24
2914.03
2874.02
2884.09
2890.82
2892.01
2889.17
2883.98
2878.26
2873.59
2870.02
2866.77
2863.44
2859.93
2856.08
2851.76
2846.93
2841.69
2836.18
2830.44
2824.32
2817.62
2810.13
2801.78
2792.66
2782.96
2772.81
2762.28
2751.42
2740.3
2728.96
2717.45
2705.76
2693.89
2681.83
2669.59
2657.16
2644.58
2631.87
2619.06
2606.2
2593.31
2580.41
2567.51
2554.63
2541.77
2528.96
2516.18
2503.44
2490.73
2478.04
2465.35
2452.64
2439.87
2427.01
2414.01
2400.83
2387.41
2373.73
2359.71
2345.3
2330.44
2315.03
2298.95
2282.2
2264.8
2246.65
2227.55
2207.35
2186.05
2163.62
2140
2115.19
2089.17
2061.9
2033.26
2003.26
1972.29
1939.52
1905.47
1870.38
1834.11
1796.56
1757.98
1718.46
1678.11
1637.09
1595.96
1554.77
1512.95
1471.4
1430.51
1392.28
1355.3
1319.15
1285.1
1251.82
1221.17
1193.04
1166.58
1142.25
1119.36
1097.37
1077.08
1059.74
1043.42
1028.76
1015.25
1003.2
992.269
982.412
973.47
965.309
958.086
951.011
944.479
937.965
931.702
925.558
919.627
910.271
3638.58
2917.36
2880.05
2887.95
2891.17
2891.68
2888.56
2883.43
2877.9
2873.29
2869.74
2866.55
2863.26
2859.75
2855.89
2851.57
2846.75
2841.5
2835.97
2830.25
2824.22
2817.71
2810.46
2802.38
2793.54
2784.08
2774.13
2763.76
2753.06
2742.09
2730.93
2719.62
2708.14
2696.49
2684.67
2672.67
2660.53
2648.24
2635.83
2623.35
2610.82
2598.28
2585.74
2573.21
2560.71
2548.23
2535.81
2523.42
2511.08
2498.78
2486.51
2474.26
2461.99
2449.68
2437.29
2424.78
2412.09
2399.19
2386.03
2372.55
2358.7
2344.4
2329.55
2314.1
2298.06
2281.28
2263.58
2244.95
2225.46
2205.08
2183.66
2161.03
2137.1
2111.86
2085.28
2057.29
2027.83
1996.99
1965
1931.07
1895.73
1859.14
1821.44
1782.72
1743.09
1702.87
1662.26
1620.73
1578.53
1536.08
1495.67
1455.72
1416.04
1376.68
1338.71
1303.02
1270.34
1237.79
1207.29
1178.3
1151.82
1128.56
1107.56
1087.25
1068.69
1050.48
1033.79
1018.34
1004.47
992.225
981.652
972.221
963.555
956.056
948.93
942.58
936.585
930.888
925.381
919.561
910.748
3613.56
2922.17
2885.81
2891.09
2891.13
2890.57
2887.41
2882.83
2877.72
2873.14
2869.54
2866.36
2863.11
2859.59
2855.7
2851.37
2846.55
2841.31
2835.78
2830.09
2824.18
2817.83
2810.8
2802.98
2794.41
2785.22
2775.5
2765.33
2754.78
2743.97
2732.98
2721.86
2710.59
2699.16
2687.57
2675.83
2663.95
2651.94
2639.84
2627.67
2615.48
2603.28
2591.09
2578.92
2566.78
2554.69
2542.65
2530.66
2518.73
2506.84
2494.99
2483.16
2471.34
2459.49
2447.57
2435.54
2423.35
2410.96
2398.32
2385.38
2372.09
2358.34
2344.09
2329.29
2313.82
2297.56
2280.51
2262.71
2244.12
2224.51
2203.66
2181.47
2157.96
2133.15
2107.07
2079.65
2050.81
2020.52
1988.93
1955.83
1921.26
1885.63
1848.62
1810.21
1770.7
1730.09
1688.48
1646.67
1605.36
1564.23
1522.4
1480.01
1438.35
1398.44
1361.02
1323.59
1288.57
1255
1222.78
1192.69
1164.8
1138.69
1116.07
1095.16
1076.15
1057.62
1040.59
1024.32
1009.08
995.301
983.772
973.488
963.874
955.339
947.088
939.716
932.909
926.76
921.127
915.84
906.522
3588.7
2929.06
2891.05
2892.89
2890.33
2888.87
2886.04
2882.38
2877.76
2873.15
2869.4
2866.17
2862.94
2859.41
2855.47
2851.12
2846.34
2841.15
2835.66
2830.02
2824.21
2818
2811.17
2803.59
2795.3
2786.37
2776.9
2766.95
2756.59
2745.94
2735.12
2724.18
2713.11
2701.9
2690.55
2679.05
2667.43
2655.71
2643.9
2632.04
2620.17
2608.3
2596.46
2584.65
2572.87
2561.15
2549.48
2537.88
2526.34
2514.86
2503.43
2492.04
2480.66
2469.27
2457.82
2446.28
2434.59
2422.71
2410.59
2398.2
2385.45
2372.29
2358.63
2344.41
2329.52
2313.94
2297.65
2280.57
2262.49
2243.32
2223.01
2201.56
2178.94
2155.11
2130.02
2103.58
2075.69
2046.26
2015.32
1983.42
1949.26
1913.83
1877.16
1839.32
1800.26
1760.18
1719.23
1677.39
1634.42
1590.82
1547.11
1505.11
1464.01
1423.07
1382.93
1344.12
1306.91
1272.79
1240.52
1209.81
1181.76
1155.03
1129.64
1106.18
1084.45
1064.23
1046.34
1030.35
1016.89
1003.81
991.331
979.482
968.031
957.751
948.285
940.147
932.42
925.068
918.643
912.321
902.104
3562.54
2938.15
2896.74
2893.2
2888.5
2886.96
2884.81
2882.04
2877.89
2873.26
2869.34
2865.98
2862.74
2859.19
2855.19
2850.82
2846.09
2840.98
2835.58
2830.03
2824.3
2818.22
2811.58
2804.22
2796.17
2787.52
2778.32
2768.6
2758.44
2747.97
2737.33
2726.56
2715.69
2704.7
2693.57
2682.32
2670.95
2659.5
2647.98
2636.43
2624.86
2613.32
2601.82
2590.35
2578.94
2567.58
2556.3
2545.09
2533.95
2522.88
2511.87
2500.9
2489.97
2479.03
2468.05
2456.99
2445.8
2434.43
2422.84
2410.98
2398.79
2386.2
2373.13
2359.5
2345.26
2330.36
2314.69
2298.14
2280.66
2262.29
2242.98
2222.52
2200.77
2177.65
2153.16
2127.24
2099.83
2070.85
2040.26
2008.18
1974.7
1939.37
1902.82
1865.1
1826.06
1785.92
1744.87
1702.71
1659.71
1617.17
1575.45
1532.89
1489.67
1447.01
1405.51
1367.2
1329.17
1292.6
1258.41
1225.87
1196.01
1169.72
1144.79
1121.32
1099.42
1078.69
1060.46
1043.36
1028.28
1014
1000.42
987.667
975.441
964.146
953.423
943.772
934.624
926.592
919.313
912.467
902.36
3533.27
2947.95
2903.1
2893.22
2886.31
2884.91
2883.46
2881.57
2878.01
2873.47
2869.32
2865.76
2862.46
2858.9
2854.86
2850.46
2845.8
2840.82
2835.54
2830.09
2824.47
2818.52
2812.05
2804.9
2797.07
2788.66
2779.72
2770.26
2760.33
2750.06
2739.59
2729
2718.32
2707.54
2696.63
2685.61
2674.5
2663.32
2652.08
2640.82
2629.56
2618.34
2607.17
2596.05
2584.99
2574
2563.09
2552.26
2541.51
2530.85
2520.26
2509.73
2499.24
2488.76
2478.25
2467.68
2456.99
2446.13
2435.06
2423.74
2412.11
2400.08
2387.6
2374.58
2360.97
2346.68
2331.61
2315.75
2299.11
2281.59
2262.96
2243.02
2221.73
2199.14
2175.3
2150.13
2123.59
2095.58
2066.07
2035.08
2002.57
1968.3
1932.34
1895.19
1856.73
1816.88
1775.59
1733.41
1691.19
1648.08
1603.71
1558.88
1515.44
1473.87
1432.13
1390.47
1350.94
1312.48
1277.35
1244.37
1211.54
1181.26
1153.95
1129.39
1107.42
1087.05
1069.21
1051.76
1035.94
1020.76
1006.49
993.175
980.892
969.678
959.101
949.414
939.997
931.583
924.013
916.823
905.513
3499.68
2957.32
2909.82
2893.53
2884.32
2882.77
2881.86
2880.71
2877.91
2873.64
2869.31
2865.49
2862.08
2858.5
2854.46
2850.07
2845.48
2840.65
2835.55
2830.23
2824.71
2818.9
2812.59
2805.62
2798
2789.81
2781.1
2771.89
2762.2
2752.16
2741.89
2731.49
2720.99
2710.4
2699.71
2688.92
2678.06
2667.13
2656.17
2645.2
2634.24
2623.33
2612.48
2601.7
2590.99
2580.37
2569.83
2559.39
2549.05
2538.79
2528.62
2518.53
2508.48
2498.46
2488.42
2478.33
2468.14
2457.79
2447.25
2436.46
2425.38
2413.92
2402.03
2389.62
2376.62
2362.95
2348.58
2333.46
2317.5
2300.54
2282.47
2263.26
2242.91
2221.38
2198.59
2174.43
2148.8
2121.57
2092.68
2062.11
2029.84
1996.57
1960.84
1923.9
1885.73
1846.3
1805.71
1763.85
1720.39
1675.58
1631.03
1588.13
1544.82
1500.67
1457.18
1414.35
1373.75
1334.65
1296.63
1262.36
1229.08
1196.11
1165.33
1137.46
1112.9
1091.12
1072.42
1054.72
1038.65
1023.43
1009.3
995.863
983.763
972.672
962.483
953.193
944.21
935.754
927.805
920.142
907.833
)
;

boundaryField
{
    inlet
    {
        type            fixedValue;
        value           uniform 2790;
    }
    obstacle
    {
        type            zeroGradient;
    }
    bottom
    {
        type            symmetry;
    }
    outlet
    {
        type            zeroGradient;
    }
    top
    {
        type            symmetry;
    }
    defaultFaces
    {
        type            empty;
    }
    procBoundary4to5
    {
        type            processor;
        value           nonuniform List<scalar> 
121
(
4100.94
2906.62
2888.02
2907.77
2907.13
2910.74
2909.93
2910.63
2911.59
2911.79
2910.52
2907.8
2903.46
2897.59
2890.6
2882.99
2875.11
2867.13
2859.05
2850.79
2842.2
2833.07
2823.23
2812.59
2801.15
2788.91
2775.81
2761.84
2747.07
2731.56
2715.36
2698.44
2680.73
2662.13
2642.55
2621.9
2600.07
2576.9
2552.23
2525.84
2497.48
2466.83
2433.47
2396.9
2356.53
2311.82
2262.3
2207.67
2148.16
2085.67
2022.78
1961.26
1902.08
1845.36
1791.22
1739.87
1691.17
1644.92
1600.63
1557.87
1516.47
1476.57
1438.95
1404.26
1372.54
1343.46
1316.7
1292.03
1269.31
1248.69
1230.49
1214.13
1199.2
1185.49
1172.81
1160.92
1149.76
1139.23
1129.35
1119.97
1111.11
1102.68
1094.79
1087.35
1080.39
1073.78
1067.5
1061.48
1055.74
1050.25
1045.03
1040.06
1035.29
1030.72
1026.36
1022.19
1018.16
1014.29
1010.59
1007.05
1003.65
1000.39
997.242
994.235
991.333
988.557
985.865
983.3
980.816
978.468
976.183
974.009
971.885
969.856
967.956
966.061
964.261
962.478
960.914
959.313
956.865
)
;
    }
    procBoundary4to6
    {
        type            processor;
        value           nonuniform List<scalar> 
121
(
3461.2
2965.86
2916.56
2894.39
2882.64
2880.37
2879.74
2879.21
2877.31
2873.63
2869.26
2865.17
2861.59
2858.01
2854.02
2849.67
2845.17
2840.5
2835.58
2830.43
2825.06
2819.38
2813.21
2806.41
2798.97
2790.97
2782.47
2773.49
2764.05
2754.24
2744.18
2733.98
2723.68
2713.29
2702.8
2692.24
2681.61
2670.94
2660.24
2649.55
2638.89
2628.29
2617.76
2607.32
2596.96
2586.7
2576.53
2566.47
2556.52
2546.68
2536.93
2527.27
2517.67
2508.11
2498.54
2488.94
2479.24
2469.41
2459.39
2449.13
2438.6
2427.72
2416.41
2404.6
2392.22
2379.21
2365.52
2351.04
2335.69
2319.43
2302.24
2284.01
2264.57
2243.74
2221.49
2197.8
2172.63
2145.94
2117.68
2087.83
2056.3
2023.27
1988.66
1951.86
1913.79
1874.54
1833.87
1791.79
1748.99
1706.22
1662.74
1617.9
1572.25
1527.02
1483.62
1441.09
1398.92
1358.01
1317.31
1279.4
1245.85
1214.33
1183.91
1154.8
1127.02
1101.17
1078.35
1057.92
1039.8
1023.39
1008.65
995.031
983.026
972.237
962.612
953.872
945.43
937.351
929.487
921.562
909.277
)
;
    }
}


// ************************************************************************* //
