/*--------------------------------*- C++ -*----------------------------------*\
| =========                 |                                                 |
| \\      /  F ield         | OpenFOAM: The Open Source CFD Toolbox           |
|  \\    /   O peration     | Version:  2412                                  |
|   \\  /    A nd           | Website:  www.openfoam.com                      |
|    \\/     M anipulation  |                                                 |
\*---------------------------------------------------------------------------*/
FoamFile
{
    version     2.0;
    format      ascii;
    arch        "LSB;label=32;scalar=64";
    class       volScalarField;
    location    "0.044";
    object      T;
}
// * * * * * * * * * * * * * * * * * * * * * * * * * * * * * * * * * * * * * //

dimensions      [0 0 0 1 0 0 0];

internalField   nonuniform List<scalar> 
9922
(
244.022
224.581
225.214
225.825
225.928
225.934
225.873
225.775
225.685
225.603
225.514
225.399
225.258
225.094
224.914
224.723
224.523
224.314
224.099
223.877
223.648
223.411
223.16
222.891
222.595
222.267
221.902
221.498
221.052
220.561
220.022
219.434
218.796
218.115
217.395
216.645
215.871
215.075
214.254
213.4
212.499
211.535
210.489
209.346
208.098
206.748
205.316
203.834
202.329
200.831
199.344
197.867
196.411
194.974
193.555
192.158
190.781
189.392
187.97
186.566
185.23
183.92
182.61
181.317
180.079
178.928
177.876
176.918
176.045
175.244
174.497
173.815
173.196
172.627
172.108
171.621
171.173
170.744
170.339
169.952
169.59
169.245
168.917
168.6
168.29
167.991
167.707
167.44
167.186
166.942
166.705
166.475
166.253
166.04
165.834
165.637
165.447
165.265
165.088
164.919
164.756
164.601
164.453
164.314
164.177
164.042
163.899
163.748
163.59
163.439
163.313
163.234
163.201
163.199
163.226
163.295
163.408
163.527
163.624
163.671
163.599
244.059
224.575
225.183
225.793
225.906
225.916
225.859
225.764
225.676
225.596
225.508
225.393
225.252
225.087
224.907
224.716
224.515
224.307
224.091
223.869
223.639
223.401
223.15
222.879
222.582
222.253
221.886
221.48
221.031
220.536
219.993
219.401
218.759
218.074
217.351
216.599
215.824
215.026
214.204
213.347
212.443
211.476
210.428
209.287
208.045
206.71
205.305
203.858
202.39
200.93
199.484
198.045
196.617
195.202
193.79
192.382
190.993
189.638
188.283
186.887
185.485
184.144
182.865
181.616
180.395
179.219
178.109
177.086
176.158
175.33
174.588
173.909
173.289
172.718
172.195
171.7
171.241
170.8
170.383
169.985
169.613
169.261
168.925
168.601
168.287
167.988
167.709
167.446
167.194
166.951
166.713
166.483
166.261
166.049
165.845
165.649
165.46
165.279
165.105
164.938
164.777
164.624
164.478
164.341
164.208
164.076
163.935
163.786
163.63
163.481
163.357
163.28
163.248
163.247
163.276
163.347
163.461
163.584
163.681
163.728
163.656
244.096
224.57
225.152
225.759
225.882
225.897
225.845
225.753
225.668
225.589
225.501
225.387
225.245
225.08
224.9
224.708
224.508
224.299
224.083
223.86
223.63
223.392
223.14
222.868
222.57
222.239
221.871
221.462
221.01
220.511
219.964
219.367
218.722
218.034
217.309
216.555
215.778
214.98
214.156
213.297
212.391
211.422
210.374
209.236
208.003
206.69
205.314
203.895
202.46
201.033
199.619
198.206
196.806
195.422
194.046
192.666
191.272
189.876
188.521
187.189
185.83
184.45
183.104
181.829
180.622
179.47
178.376
177.348
176.391
175.506
174.701
173.98
173.335
172.749
172.216
171.713
171.247
170.801
170.388
169.996
169.632
169.285
168.947
168.619
168.302
168.004
167.726
167.461
167.203
166.953
166.708
166.474
166.248
166.033
165.828
165.631
165.442
165.261
165.086
164.917
164.755
164.6
164.453
164.316
164.183
164.05
163.908
163.758
163.6
163.45
163.324
163.245
163.212
163.214
163.246
163.323
163.444
163.573
163.674
163.724
163.658
244.133
224.566
225.12
225.725
225.859
225.879
225.83
225.742
225.659
225.582
225.495
225.38
225.238
225.073
224.892
224.701
224.5
224.291
224.075
223.852
223.622
223.382
223.129
222.856
222.557
222.225
221.855
221.444
220.988
220.486
219.935
219.334
218.685
217.994
217.266
216.511
215.734
214.935
214.11
213.251
212.343
211.373
210.326
209.193
207.974
206.68
205.327
203.933
202.528
201.129
199.735
198.341
196.959
195.594
194.241
192.9
191.56
190.193
188.796
187.426
186.105
184.786
183.454
182.13
180.855
179.658
178.548
177.52
176.571
175.696
174.889
174.151
173.481
172.873
172.32
171.803
171.329
170.88
170.467
170.073
169.701
169.342
168.993
168.657
168.341
168.045
167.767
167.5
167.238
166.985
166.741
166.508
166.285
166.073
165.869
165.674
165.486
165.305
165.131
164.962
164.798
164.643
164.496
164.359
164.226
164.092
163.949
163.797
163.636
163.482
163.352
163.268
163.23
163.228
163.258
163.334
163.454
163.585
163.689
163.74
163.676
244.17
224.561
225.088
225.691
225.834
225.86
225.815
225.731
225.65
225.575
225.488
225.374
225.231
225.066
224.885
224.693
224.493
224.284
224.067
223.843
223.612
223.372
223.119
222.845
222.544
222.211
221.839
221.425
220.967
220.461
219.906
219.301
218.649
217.954
217.225
216.469
215.691
214.892
214.067
213.207
212.299
211.33
210.286
209.161
207.957
206.68
205.345
203.982
202.612
201.244
199.883
198.524
197.166
195.815
194.465
193.116
191.782
190.466
189.128
187.745
186.361
185.032
183.743
182.466
181.2
179.967
178.793
177.703
176.708
175.803
174.982
174.239
173.565
172.95
172.387
171.859
171.371
170.908
170.482
170.076
169.697
169.331
168.98
168.645
168.333
168.039
167.759
167.486
167.218
166.962
166.719
166.488
166.269
166.059
165.856
165.661
165.473
165.293
165.117
164.947
164.783
164.629
164.485
164.349
164.216
164.082
163.939
163.787
163.627
163.474
163.344
163.262
163.229
163.23
163.262
163.342
163.467
163.6
163.708
163.76
163.698
244.207
224.557
225.055
225.655
225.81
225.84
225.8
225.719
225.641
225.567
225.482
225.367
225.224
225.058
224.877
224.686
224.485
224.276
224.059
223.835
223.603
223.363
223.108
222.833
222.531
222.196
221.823
221.406
220.945
220.436
219.877
219.268
218.612
217.915
217.185
216.428
215.65
214.851
214.026
213.167
212.26
211.292
210.253
209.136
207.943
206.684
205.378
204.052
202.713
201.373
200.042
198.712
197.381
196.058
194.735
193.4
192.05
190.702
189.386
188.071
186.715
185.337
183.991
182.704
181.465
180.264
179.104
178.002
176.971
176.017
175.143
174.35
173.642
173.008
172.433
171.896
171.401
170.935
170.512
170.115
169.745
169.386
169.039
168.707
168.394
168.095
167.804
167.521
167.247
166.988
166.743
166.511
166.287
166.074
165.867
165.669
165.48
165.297
165.119
164.947
164.784
164.631
164.487
164.351
164.217
164.082
163.94
163.788
163.627
163.472
163.338
163.252
163.214
163.211
163.24
163.317
163.442
163.576
163.683
163.735
163.671
244.245
224.553
225.022
225.619
225.785
225.821
225.784
225.708
225.632
225.56
225.475
225.36
225.216
225.05
224.869
224.678
224.477
224.268
224.05
223.826
223.594
223.353
223.097
222.821
222.518
222.182
221.806
221.388
220.923
220.41
219.847
219.235
218.576
217.877
217.145
216.388
215.61
214.812
213.988
213.13
212.224
211.259
210.226
209.119
207.94
206.701
205.427
204.126
202.808
201.492
200.181
198.867
197.552
196.249
194.956
193.662
192.355
191.017
189.655
188.321
187.015
185.695
184.352
183.011
181.711
180.477
179.315
178.221
177.198
176.244
175.362
174.554
173.822
173.163
172.567
172.013
171.504
171.024
170.584
170.169
169.78
169.408
169.054
168.717
168.397
168.089
167.789
167.501
167.23
166.976
166.734
166.503
166.279
166.065
165.859
165.662
165.473
165.291
165.114
164.945
164.785
164.634
164.49
164.354
164.22
164.087
163.948
163.799
163.639
163.485
163.352
163.266
163.23
163.231
163.263
163.343
163.471
163.61
163.718
163.77
163.703
244.282
224.549
224.989
225.583
225.76
225.801
225.768
225.696
225.623
225.552
225.468
225.353
225.209
225.043
224.861
224.67
224.469
224.26
224.042
223.817
223.585
223.343
223.086
222.809
222.505
222.167
221.789
221.369
220.901
220.385
219.818
219.202
218.54
217.839
217.106
216.349
215.572
214.775
213.953
213.096
212.193
211.232
210.204
209.106
207.945
206.732
205.478
204.193
202.9
201.611
200.325
199.038
197.746
196.458
195.17
193.88
192.597
191.313
189.996
188.635
187.276
185.961
184.669
183.374
182.078
180.801
179.573
178.423
177.361
176.384
175.487
174.673
173.928
173.247
172.629
172.058
171.535
171.044
170.593
170.168
169.779
169.414
169.07
168.738
168.415
168.102
167.8
167.514
167.247
166.995
166.754
166.521
166.295
166.077
165.869
165.671
165.479
165.295
165.117
164.949
164.787
164.634
164.486
164.345
164.209
164.075
163.935
163.785
163.624
163.467
163.329
163.239
163.199
163.198
163.228
163.309
163.44
163.581
163.692
163.745
163.677
244.319
224.546
224.955
225.546
225.735
225.78
225.752
225.685
225.614
225.545
225.461
225.346
225.201
225.035
224.853
224.662
224.461
224.251
224.034
223.808
223.576
223.333
223.075
222.797
222.491
222.152
221.773
221.35
220.879
220.359
219.789
219.169
218.504
217.801
217.068
216.311
215.535
214.74
213.92
213.066
212.166
211.209
210.189
209.104
207.96
206.765
205.527
204.271
203.016
201.758
200.499
199.242
197.978
196.713
195.443
194.156
192.853
191.555
190.275
188.978
187.636
186.269
184.929
183.636
182.376
181.136
179.923
178.755
177.649
176.62
175.675
174.808
174.03
173.337
172.717
172.144
171.618
171.124
170.673
170.246
169.853
169.479
169.122
168.779
168.449
168.132
167.831
167.549
167.287
167.037
166.792
166.554
166.324
166.106
165.898
165.698
165.504
165.318
165.141
164.973
164.811
164.655
164.505
164.364
164.23
164.098
163.96
163.811
163.651
163.494
163.355
163.264
163.222
163.218
163.247
163.326
163.454
163.595
163.706
163.76
163.693
244.357
224.543
224.922
225.508
225.709
225.759
225.736
225.673
225.605
225.537
225.454
225.338
225.193
225.027
224.845
224.654
224.452
224.243
224.025
223.799
223.566
223.323
223.064
222.785
222.478
222.136
221.755
221.33
220.857
220.334
219.76
219.136
218.469
217.764
217.03
216.274
215.501
214.708
213.89
213.038
212.142
211.191
210.179
209.109
207.979
206.8
205.59
204.371
203.144
201.902
200.661
199.42
198.173
196.929
195.689
194.439
193.168
191.863
190.541
189.242
187.955
186.643
185.3
183.952
182.637
181.376
180.171
179.019
177.926
176.896
175.937
175.051
174.244
173.522
172.868
172.264
171.713
171.2
170.731
170.286
169.871
169.477
169.111
168.764
168.436
168.123
167.828
167.549
167.285
167.029
166.777
166.531
166.294
166.07
165.858
165.655
165.459
165.273
165.098
164.931
164.769
164.611
164.46
164.319
164.187
164.057
163.92
163.772
163.613
163.456
163.317
163.225
163.183
163.181
163.212
163.294
163.423
163.568
163.682
163.739
163.677
244.394
224.539
224.888
225.47
225.683
225.738
225.72
225.662
225.596
225.529
225.447
225.331
225.185
225.018
224.837
224.645
224.444
224.235
224.016
223.79
223.557
223.312
223.053
222.772
222.464
222.121
221.738
221.311
220.835
220.308
219.73
219.104
218.434
217.728
216.994
216.239
215.467
214.677
213.862
213.014
212.123
211.178
210.177
209.118
208.003
206.846
205.667
204.471
203.252
202.026
200.804
199.584
198.36
197.131
195.901
194.666
193.429
192.177
190.886
189.554
188.224
186.926
185.637
184.336
183.021
181.714
180.445
179.243
178.119
177.074
176.102
175.211
174.392
173.634
172.946
172.319
171.758
171.239
170.77
170.326
169.915
169.526
169.165
168.823
168.497
168.183
167.882
167.594
167.316
167.048
166.788
166.538
166.299
166.073
165.858
165.652
165.458
165.276
165.104
164.939
164.777
164.62
164.471
164.332
164.201
164.07
163.932
163.782
163.622
163.462
163.32
163.223
163.174
163.168
163.196
163.275
163.402
163.546
163.658
163.716
163.656
244.431
224.536
224.854
225.432
225.656
225.716
225.703
225.65
225.586
225.521
225.439
225.323
225.177
225.01
224.828
224.637
224.436
224.226
224.008
223.781
223.547
223.302
223.042
222.76
222.449
222.105
221.72
221.291
220.812
220.282
219.701
219.071
218.399
217.692
216.958
216.205
215.436
214.649
213.837
212.993
212.106
211.169
210.179
209.132
208.035
206.903
205.745
204.56
203.363
202.171
200.982
199.794
198.597
197.387
196.169
194.932
193.679
192.428
191.183
189.91
188.587
187.239
185.91
184.618
183.346
182.08
180.826
179.602
178.43
177.329
176.31
175.371
174.516
173.749
173.075
172.456
171.891
171.36
170.877
170.415
169.988
169.582
169.206
168.848
168.507
168.181
167.873
167.578
167.294
167.021
166.763
166.52
166.288
166.068
165.855
165.651
165.458
165.275
165.097
164.926
164.76
164.601
164.453
164.314
164.18
164.047
163.909
163.761
163.602
163.442
163.299
163.199
163.15
163.145
163.175
163.258
163.39
163.538
163.651
163.706
163.642
244.467
224.533
224.819
225.393
225.63
225.693
225.686
225.639
225.577
225.513
225.432
225.316
225.169
225.001
224.819
224.628
224.427
224.217
223.999
223.772
223.537
223.292
223.03
222.747
222.435
222.089
221.702
221.27
220.789
220.256
219.672
219.039
218.365
217.657
216.924
216.173
215.406
214.622
213.815
212.976
212.095
211.167
210.186
209.153
208.075
206.962
205.82
204.66
203.501
202.338
201.166
199.992
198.813
197.626
196.435
195.229
193.995
192.729
191.45
190.187
188.922
187.624
186.289
184.944
183.623
182.344
181.107
179.909
178.754
177.653
176.617
175.653
174.767
173.966
173.234
172.567
171.97
171.414
170.91
170.433
170.004
169.602
169.236
168.883
168.541
168.213
167.903
167.607
167.323
167.053
166.8
166.56
166.328
166.104
165.886
165.677
165.477
165.286
165.1
164.922
164.752
164.592
164.442
164.301
164.164
164.028
163.889
163.742
163.583
163.421
163.274
163.168
163.113
163.103
163.13
163.212
163.345
163.497
163.614
163.672
163.613
244.504
224.53
224.785
225.354
225.602
225.67
225.668
225.628
225.568
225.505
225.424
225.308
225.16
224.992
224.81
224.619
224.418
224.209
223.99
223.763
223.528
223.281
223.019
222.734
222.42
222.072
221.684
221.25
220.766
220.23
219.642
219.007
218.331
217.623
216.891
216.142
215.378
214.598
213.795
212.961
212.087
211.168
210.198
209.179
208.119
207.023
205.904
204.777
203.641
202.486
201.322
200.163
199.002
197.831
196.654
195.47
194.275
193.057
191.797
190.498
189.2
187.922
186.643
185.344
184.022
182.696
181.398
180.156
178.98
177.87
176.826
175.856
174.963
174.128
173.355
172.667
172.061
171.499
170.994
170.519
170.093
169.69
169.309
168.939
168.584
168.246
167.929
167.628
167.343
167.074
166.821
166.581
166.344
166.114
165.89
165.676
165.471
165.276
165.089
164.912
164.745
164.587
164.438
164.296
164.159
164.024
163.889
163.747
163.591
163.432
163.285
163.179
163.124
163.116
163.145
163.23
163.366
163.523
163.644
163.704
163.641
244.54
224.527
224.751
225.314
225.574
225.647
225.652
225.617
225.559
225.497
225.416
225.299
225.152
224.983
224.801
224.61
224.409
224.2
223.981
223.754
223.518
223.271
223.007
222.721
222.406
222.056
221.665
221.229
220.742
220.203
219.613
218.975
218.298
217.589
216.859
216.112
215.352
214.576
213.778
212.95
212.084
211.174
210.215
209.211
208.166
207.092
206
204.893
203.764
202.622
201.487
200.359
199.231
198.08
196.911
195.726
194.524
193.319
192.108
190.862
189.566
188.241
186.929
185.644
184.368
183.088
181.806
180.54
179.313
178.146
177.055
176.041
175.109
174.269
173.535
172.846
172.213
171.622
171.089
170.588
170.136
169.706
169.306
168.928
168.577
168.245
167.93
167.63
167.344
167.072
166.813
166.564
166.319
166.083
165.857
165.643
165.437
165.24
165.054
164.878
164.71
164.549
164.397
164.251
164.11
163.974
163.839
163.697
163.543
163.383
163.231
163.122
163.065
163.056
163.088
163.176
163.317
163.479
163.605
163.669
163.606
244.576
224.523
224.718
225.274
225.545
225.624
225.636
225.605
225.551
225.488
225.408
225.291
225.143
224.974
224.792
224.601
224.401
224.191
223.972
223.744
223.508
223.26
222.995
222.708
222.391
222.039
221.646
221.208
220.718
220.177
219.583
218.943
218.265
217.556
216.827
216.084
215.328
214.557
213.764
212.943
212.085
211.183
210.236
209.246
208.22
207.168
206.096
205.001
203.893
202.787
201.685
200.58
199.469
198.337
197.192
196.029
194.837
193.614
192.379
191.152
189.913
188.635
187.317
185.98
184.661
183.374
182.116
180.882
179.677
178.514
177.406
176.364
175.392
174.497
173.681
172.949
172.289
171.682
171.138
170.631
170.177
169.748
169.358
168.991
168.645
168.313
167.99
167.681
167.386
167.106
166.836
166.577
166.329
166.096
165.876
165.665
165.458
165.262
165.076
164.899
164.728
164.566
164.411
164.264
164.123
163.987
163.85
163.706
163.547
163.383
163.227
163.112
163.051
163.04
163.069
163.155
163.294
163.455
163.58
163.644
163.583
244.61
224.52
224.684
225.233
225.515
225.602
225.619
225.594
225.542
225.48
225.399
225.282
225.134
224.965
224.782
224.592
224.391
224.182
223.963
223.735
223.498
223.249
222.984
222.694
222.375
222.022
221.627
221.186
220.694
220.15
219.554
218.912
218.232
217.525
216.798
216.058
215.306
214.54
213.753
212.938
212.089
211.197
210.262
209.287
208.28
207.247
206.191
205.118
204.041
202.96
201.868
200.768
199.666
198.551
197.424
196.288
195.134
193.95
192.725
191.464
190.2
188.946
187.684
186.393
185.073
183.741
182.425
181.153
179.934
178.77
177.658
176.612
175.642
174.733
173.88
173.125
172.452
171.836
171.279
170.754
170.276
169.821
169.405
169.016
168.654
168.31
167.98
167.665
167.367
167.085
166.816
166.56
166.318
166.089
165.866
165.648
165.435
165.232
165.039
164.857
164.682
164.517
164.361
164.214
164.075
163.941
163.805
163.658
163.497
163.333
163.181
163.073
163.016
163.007
163.036
163.12
163.259
163.419
163.544
163.607
163.542
244.644
224.517
224.65
225.193
225.487
225.581
225.603
225.582
225.533
225.472
225.391
225.273
225.124
224.955
224.773
224.582
224.382
224.173
223.954
223.725
223.488
223.238
222.971
222.681
222.36
222.004
221.607
221.164
220.67
220.122
219.524
218.881
218.2
217.494
216.769
216.033
215.286
214.525
213.745
212.938
212.096
211.214
210.291
209.332
208.343
207.328
206.293
205.247
204.188
203.113
202.031
200.954
199.879
198.789
197.672
196.536
195.386
194.225
193.05
191.835
190.569
189.272
187.981
186.708
185.437
184.152
182.854
181.56
180.291
179.071
177.914
176.826
175.819
174.911
174.082
173.306
172.596
171.946
171.358
170.808
170.31
169.842
169.428
169.042
168.686
168.345
168.014
167.697
167.395
167.109
166.837
166.579
166.331
166.095
165.866
165.647
165.437
165.237
165.044
164.859
164.683
164.518
164.361
164.213
164.073
163.937
163.797
163.646
163.482
163.316
163.163
163.052
162.994
162.983
163.01
163.094
163.233
163.397
163.525
163.592
163.53
244.675
224.513
224.617
225.153
225.459
225.561
225.587
225.569
225.523
225.463
225.382
225.264
225.115
224.945
224.763
224.573
224.373
224.164
223.945
223.716
223.478
223.227
222.959
222.667
222.344
221.986
221.587
221.141
220.645
220.095
219.495
218.85
218.169
217.464
216.742
216.009
215.267
214.513
213.739
212.94
212.106
211.235
210.325
209.382
208.41
207.415
206.402
205.372
204.324
203.27
202.221
201.177
200.128
199.059
197.961
196.84
195.692
194.515
193.326
192.135
190.926
189.674
188.376
187.056
185.745
184.457
183.187
181.93
180.689
179.476
178.305
177.191
176.135
175.142
174.241
173.435
172.71
172.052
171.461
170.911
170.417
169.95
169.526
169.12
168.736
168.374
168.03
167.704
167.394
167.102
166.825
166.562
166.312
166.075
165.849
165.635
165.43
165.23
165.034
164.847
164.67
164.503
164.344
164.195
164.054
163.919
163.78
163.63
163.468
163.303
163.15
163.038
162.98
162.971
162.999
163.085
163.224
163.387
163.511
163.574
163.509
244.706
224.51
224.583
225.113
225.432
225.541
225.57
225.556
225.514
225.454
225.373
225.255
225.105
224.935
224.753
224.563
224.363
224.154
223.935
223.706
223.468
223.216
222.947
222.653
222.328
221.968
221.567
221.118
220.619
220.067
219.465
218.819
218.138
217.434
216.716
215.988
215.251
214.503
213.736
212.944
212.12
211.259
210.363
209.436
208.482
207.507
206.51
205.494
204.47
203.447
202.423
201.39
200.345
199.287
198.209
197.115
196.002
194.856
193.669
192.449
191.221
189.995
188.754
187.48
186.17
184.84
183.517
182.225
180.974
179.765
178.597
177.482
176.434
175.451
174.53
173.69
172.933
172.243
171.617
171.032
170.505
170.007
169.557
169.131
168.743
168.383
168.048
167.729
167.423
167.132
166.854
166.59
166.338
166.099
165.87
165.652
165.44
165.233
165.032
164.842
164.661
164.489
164.325
164.171
164.028
163.891
163.751
163.6
163.436
163.267
163.108
162.989
162.923
162.911
162.94
163.03
163.174
163.345
163.479
163.55
163.492
244.735
224.507
224.55
225.074
225.405
225.521
225.553
225.542
225.504
225.445
225.364
225.246
225.095
224.925
224.743
224.553
224.354
224.145
223.926
223.696
223.457
223.205
222.935
222.639
222.312
221.949
221.546
221.095
220.594
220.039
219.435
218.788
218.108
217.406
216.691
215.968
215.237
214.495
213.736
212.952
212.137
211.288
210.406
209.495
208.559
207.6
206.619
205.625
204.627
203.621
202.603
201.58
200.551
199.514
198.45
197.362
196.26
195.144
194.005
192.825
191.593
190.328
189.062
187.807
186.547
185.267
183.965
182.655
181.358
180.096
178.885
177.731
176.645
175.646
174.721
173.86
173.069
172.347
171.697
171.099
170.567
170.07
169.627
169.208
168.826
168.463
168.116
167.784
167.467
167.167
166.882
166.612
166.355
166.111
165.877
165.655
165.438
165.228
165.028
164.84
164.659
164.486
164.322
164.17
164.029
163.895
163.758
163.611
163.45
163.281
163.118
162.993
162.924
162.909
162.939
163.028
163.172
163.344
163.48
163.55
163.488
244.762
224.504
224.518
225.035
225.379
225.502
225.535
225.528
225.494
225.436
225.355
225.236
225.085
224.914
224.732
224.543
224.344
224.135
223.916
223.687
223.447
223.194
222.922
222.625
222.296
221.931
221.524
221.071
220.567
220.011
219.405
218.758
218.078
217.379
216.667
215.949
215.225
214.49
213.738
212.962
212.156
211.319
210.452
209.557
208.638
207.695
206.734
205.762
204.778
203.782
202.786
201.791
200.794
199.783
198.739
197.662
196.559
195.43
194.287
193.135
191.958
190.736
189.465
188.167
186.87
185.588
184.316
183.047
181.782
180.533
179.312
178.137
177.011
175.944
174.963
174.067
173.259
172.53
171.875
171.265
170.712
170.186
169.71
169.262
168.856
168.472
168.113
167.776
167.457
167.151
166.855
166.576
166.312
166.065
165.831
165.609
165.393
165.185
164.986
164.796
164.612
164.436
164.269
164.115
163.972
163.835
163.697
163.552
163.392
163.222
163.054
162.923
162.846
162.826
162.851
162.939
163.086
163.269
163.414
163.49
163.432
244.787
224.501
224.486
224.998
225.352
225.482
225.517
225.514
225.484
225.427
225.346
225.226
225.074
224.904
224.722
224.532
224.334
224.126
223.907
223.677
223.436
223.182
222.909
222.61
222.279
221.912
221.502
221.047
220.541
219.982
219.375
218.727
218.049
217.352
216.645
215.932
215.214
214.486
213.742
212.975
212.18
211.355
210.503
209.624
208.72
207.795
206.853
205.896
204.925
203.957
202.993
202.02
201.034
200.031
199.004
197.953
196.879
195.774
194.628
193.451
192.261
191.066
189.851
188.599
187.307
185.988
184.667
183.364
182.092
180.849
179.637
178.464
177.344
176.284
175.286
174.36
173.512
172.734
172.025
171.371
170.785
170.235
169.752
169.306
168.908
168.529
168.171
167.831
167.498
167.176
166.87
166.586
166.321
166.075
165.842
165.62
165.406
165.201
165.003
164.812
164.627
164.45
164.282
164.126
163.979
163.837
163.696
163.548
163.388
163.216
163.045
162.91
162.829
162.808
162.833
162.922
163.072
163.258
163.404
163.481
163.415
244.81
224.499
224.457
224.961
225.326
225.462
225.499
225.501
225.474
225.418
225.336
225.216
225.064
224.893
224.711
224.522
224.324
224.116
223.897
223.667
223.426
223.171
222.896
222.595
222.262
221.892
221.48
221.022
220.513
219.953
219.345
218.697
218.021
217.326
216.624
215.917
215.205
214.485
213.749
212.991
212.207
211.395
210.557
209.693
208.806
207.898
206.971
206.029
205.085
204.145
203.192
202.224
201.245
200.252
199.242
198.204
197.147
196.074
194.974
193.83
192.635
191.406
190.17
188.937
187.694
186.427
185.131
183.817
182.504
181.213
179.958
178.75
177.596
176.509
175.489
174.541
173.666
172.861
172.137
171.486
170.911
170.369
169.879
169.414
168.985
168.579
168.2
167.839
167.496
167.175
166.885
166.615
166.352
166.098
165.853
165.621
165.4
165.188
164.98
164.78
164.591
164.413
164.246
164.088
163.937
163.793
163.653
163.506
163.345
163.172
163
162.862
162.778
162.752
162.772
162.85
162.987
163.16
163.296
163.366
163.301
244.831
224.496
224.429
224.926
225.299
225.441
225.483
225.488
225.463
225.409
225.327
225.205
225.053
224.882
224.7
224.511
224.314
224.106
223.887
223.657
223.415
223.159
222.883
222.581
222.245
221.872
221.458
220.997
220.486
219.924
219.315
218.667
217.993
217.302
216.604
215.903
215.199
214.486
213.758
213.01
212.237
211.439
210.615
209.766
208.894
208.001
207.09
206.171
205.251
204.321
203.375
202.429
201.475
200.51
199.523
198.496
197.438
196.359
195.262
194.15
193.008
191.818
190.579
189.309
188.032
186.762
185.495
184.224
182.948
181.675
180.419
179.194
178.009
176.879
175.821
174.842
173.939
173.118
172.378
171.693
171.065
170.475
169.946
169.451
169.012
168.606
168.234
167.88
167.548
167.239
166.95
166.673
166.398
166.132
165.879
165.642
165.418
165.203
164.988
164.781
164.586
164.405
164.234
164.072
163.917
163.768
163.622
163.468
163.3
163.118
162.94
162.799
162.714
162.691
162.715
162.799
162.944
163.125
163.27
163.35
163.291
244.849
224.494
224.403
224.891
225.271
225.42
225.467
225.476
225.453
225.399
225.316
225.195
225.042
224.87
224.689
224.501
224.303
224.096
223.877
223.647
223.404
223.147
222.87
222.566
222.228
221.852
221.435
220.971
220.458
219.894
219.285
218.638
217.965
217.278
216.586
215.891
215.194
214.489
213.77
213.032
212.271
211.486
210.676
209.842
208.985
208.107
207.215
206.317
205.41
204.491
203.576
202.661
201.726
200.776
199.804
198.8
197.766
196.701
195.6
194.467
193.318
192.157
190.972
189.747
188.48
187.18
185.868
184.564
183.279
182.014
180.769
179.551
178.372
177.241
176.162
175.151
174.215
173.352
172.555
171.816
171.154
170.555
170.037
169.552
169.117
168.702
168.309
167.938
167.592
167.268
166.961
166.667
166.381
166.107
165.845
165.602
165.375
165.159
164.95
164.748
164.555
164.374
164.204
164.043
163.89
163.745
163.603
163.455
163.293
163.119
162.947
162.81
162.727
162.704
162.725
162.803
162.94
163.114
163.251
163.323
163.25
244.864
224.493
224.379
224.858
225.245
225.399
225.451
225.464
225.442
225.388
225.306
225.184
225.03
224.859
224.678
224.49
224.293
224.086
223.867
223.637
223.393
223.135
222.856
222.55
222.21
221.832
221.411
220.945
220.429
219.864
219.254
218.608
217.938
217.256
216.569
215.881
215.192
214.495
213.785
213.058
212.309
211.537
210.741
209.921
209.078
208.216
207.343
206.46
205.568
204.678
203.792
202.882
201.952
201.007
200.044
199.059
198.047
197.014
195.953
194.848
193.694
192.504
191.301
190.094
188.875
187.626
186.345
185.039
183.722
182.413
181.127
179.874
178.665
177.507
176.405
175.368
174.405
173.519
172.713
171.988
171.342
170.732
170.174
169.646
169.173
168.727
168.324
167.954
167.613
167.284
166.957
166.643
166.35
166.078
165.819
165.577
165.353
165.14
164.932
164.73
164.535
164.35
164.175
164.01
163.854
163.708
163.565
163.415
163.251
163.073
162.894
162.744
162.646
162.611
162.622
162.692
162.826
163.002
163.144
163.219
163.155
244.876
224.492
224.357
224.826
225.219
225.379
225.435
225.452
225.431
225.378
225.295
225.173
225.019
224.847
224.666
224.478
224.282
224.076
223.857
223.626
223.382
223.123
222.843
222.535
222.193
221.811
221.387
220.918
220.399
219.833
219.223
218.579
217.912
217.234
216.554
215.873
215.192
214.504
213.804
213.087
212.35
211.59
210.808
210.001
209.173
208.328
207.471
206.605
205.737
204.873
203.991
203.084
202.175
201.251
200.309
199.341
198.332
197.299
196.249
195.178
194.073
192.92
191.717
190.478
189.226
187.974
186.72
185.455
184.178
182.895
181.615
180.354
179.122
177.933
176.803
175.742
174.75
173.833
173
172.232
171.517
170.851
170.256
169.713
169.245
168.805
168.413
168.04
167.68
167.331
166.99
166.67
166.387
166.121
165.862
165.614
165.382
165.162
164.948
164.742
164.544
164.356
164.179
164.011
163.854
163.706
163.559
163.403
163.227
163.034
162.843
162.686
162.588
162.556
162.576
162.655
162.798
162.983
163.133
163.216
163.153
244.884
224.493
224.338
224.796
225.193
225.359
225.419
225.439
225.419
225.367
225.284
225.161
225.007
224.835
224.654
224.467
224.271
224.065
223.847
223.616
223.371
223.11
222.829
222.519
222.174
221.79
221.363
220.89
220.37
219.802
219.192
218.55
217.887
217.214
216.54
215.868
215.194
214.515
213.825
213.119
212.394
211.647
210.877
210.084
209.271
208.442
207.601
206.756
205.911
205.056
204.18
203.307
202.428
201.523
200.601
199.652
198.662
197.638
196.582
195.496
194.39
193.266
192.115
190.922
189.685
188.41
187.116
185.818
184.529
183.251
181.985
180.734
179.51
178.321
177.172
176.08
175.056
174.104
173.215
172.392
171.66
171.006
170.419
169.865
169.359
168.883
168.458
168.056
167.677
167.324
167.011
166.725
166.443
166.165
165.892
165.631
165.384
165.15
164.928
164.716
164.512
164.319
164.135
163.962
163.8
163.649
163.502
163.349
163.184
163.008
162.833
162.686
162.592
162.56
162.576
162.647
162.779
162.956
163.1
163.178
163.107
244.89
224.495
224.321
224.767
225.168
225.339
225.404
225.427
225.408
225.356
225.273
225.149
224.995
224.823
224.642
224.456
224.26
224.055
223.837
223.605
223.36
223.098
222.815
222.503
222.156
221.769
221.338
220.862
220.339
219.77
219.161
218.521
217.862
217.195
216.528
215.863
215.199
214.529
213.849
213.155
212.441
211.706
210.949
210.17
209.371
208.558
207.736
206.91
206.08
205.236
204.392
203.548
202.671
201.772
200.857
199.921
198.958
197.965
196.942
195.878
194.767
193.619
192.453
191.277
190.084
188.862
187.603
186.313
185.003
183.688
182.382
181.098
179.844
178.629
177.458
176.341
175.291
174.318
173.422
172.599
171.861
171.176
170.54
169.949
169.42
168.936
168.517
168.115
167.742
167.396
167.071
166.756
166.446
166.152
165.872
165.611
165.365
165.133
164.914
164.708
164.51
164.32
164.137
163.966
163.805
163.651
163.5
163.345
163.18
163.002
162.813
162.644
162.529
162.484
162.49
162.553
162.684
162.866
163.015
163.095
163.033
244.894
224.498
224.306
224.741
225.144
225.319
225.388
225.414
225.396
225.344
225.261
225.137
224.982
224.811
224.63
224.444
224.249
224.044
223.827
223.595
223.348
223.085
222.8
222.487
222.137
221.747
221.313
220.834
220.308
219.738
219.129
218.492
217.838
217.177
216.518
215.862
215.206
214.546
213.877
213.193
212.491
211.768
211.023
210.257
209.473
208.677
207.873
207.065
206.249
205.43
204.612
203.766
202.89
202.01
201.11
200.189
199.239
198.252
197.246
196.217
195.152
194.038
192.874
191.673
190.451
189.222
187.985
186.734
185.465
184.183
182.893
181.609
180.343
179.105
177.91
176.771
175.695
174.691
173.766
172.904
172.077
171.32
170.673
170.089
169.569
169.074
168.615
168.179
167.783
167.415
167.066
166.731
166.41
166.106
165.824
165.563
165.317
165.086
164.869
164.663
164.46
164.266
164.084
163.917
163.756
163.601
163.446
163.288
163.118
162.933
162.744
162.585
162.483
162.448
162.465
162.539
162.68
162.87
163.025
163.111
163.044
244.893
224.502
224.294
224.716
225.12
225.3
225.372
225.402
225.385
225.333
225.249
225.125
224.969
224.798
224.618
224.432
224.238
224.034
223.816
223.584
223.337
223.072
222.786
222.47
222.118
221.725
221.288
220.805
220.277
219.706
219.098
218.463
217.814
217.16
216.509
215.862
215.215
214.565
213.906
213.234
212.543
211.832
211.099
210.347
209.578
208.799
208.012
207.221
206.425
205.629
204.815
203.973
203.131
202.28
201.399
200.499
199.565
198.586
197.575
196.537
195.476
194.392
193.276
192.12
190.918
189.676
188.405
187.122
185.837
184.555
183.276
182.006
180.749
179.515
178.31
177.147
176.038
174.993
174.015
173.123
172.318
171.569
170.887
170.251
169.676
169.139
168.658
168.217
167.83
167.461
167.106
166.764
166.433
166.128
165.857
165.602
165.359
165.128
164.908
164.694
164.483
164.282
164.095
163.921
163.754
163.594
163.439
163.283
163.118
162.941
162.759
162.6
162.491
162.449
162.455
162.517
162.646
162.83
162.982
163.066
162.995
244.887
224.513
224.282
224.692
225.097
225.28
225.357
225.389
225.373
225.32
225.236
225.112
224.957
224.785
224.605
224.42
224.226
224.023
223.806
223.574
223.325
223.059
222.771
222.453
222.099
221.703
221.262
220.776
220.245
219.673
219.066
218.435
217.791
217.145
216.502
215.864
215.227
214.587
213.939
213.277
212.597
211.898
211.178
210.439
209.686
208.923
208.154
207.38
206.605
205.821
205.014
204.204
203.393
202.547
201.675
200.787
199.874
198.926
197.94
196.917
195.852
194.749
193.624
192.482
191.321
190.129
188.898
187.632
186.339
185.029
183.716
182.412
181.126
179.867
178.639
177.454
176.325
175.264
174.271
173.338
172.503
171.731
171.015
170.355
169.782
169.253
168.785
168.34
167.923
167.522
167.141
166.79
166.475
166.188
165.913
165.644
165.384
165.138
164.902
164.676
164.46
164.261
164.074
163.897
163.727
163.565
163.408
163.25
163.079
162.891
162.694
162.518
162.395
162.345
162.35
162.413
162.551
162.746
162.907
162.996
162.934
244.878
224.524
224.272
224.671
225.075
225.261
225.341
225.377
225.361
225.308
225.223
225.099
224.943
224.772
224.593
224.408
224.215
224.011
223.795
223.563
223.314
223.046
222.756
222.436
222.079
221.68
221.236
220.747
220.213
219.64
219.034
218.407
217.769
217.13
216.496
215.868
215.241
214.611
213.973
213.322
212.653
211.966
211.258
210.534
209.796
209.05
208.298
207.544
206.784
206.01
205.228
204.446
203.631
202.783
201.928
201.051
200.15
199.22
198.256
197.266
196.242
195.17
194.049
192.889
191.703
190.502
189.287
188.055
186.803
185.53
184.242
182.948
181.661
180.389
179.142
177.937
176.786
175.698
174.678
173.713
172.79
171.963
171.233
170.564
169.956
169.381
168.872
168.392
167.954
167.545
167.172
166.827
166.514
166.214
165.909
165.614
165.336
165.077
164.835
164.608
164.394
164.191
163.994
163.806
163.631
163.472
163.323
163.173
163.009
162.827
162.635
162.463
162.345
162.301
162.312
162.382
162.524
162.72
162.882
162.971
162.897
244.865
224.538
224.264
224.651
225.054
225.242
225.326
225.364
225.349
225.295
225.21
225.085
224.93
224.759
224.58
224.395
224.203
224
223.784
223.552
223.302
223.033
222.74
222.418
222.059
221.656
221.209
220.717
220.181
219.607
219.002
218.379
217.747
217.117
216.492
215.873
215.257
214.637
214.01
213.369
212.711
212.036
211.341
210.631
209.909
209.18
208.446
207.708
206.962
206.207
205.449
204.669
203.855
203.038
202.21
201.349
200.465
199.545
198.58
197.588
196.573
195.531
194.455
193.339
192.177
190.972
189.732
188.471
187.198
185.919
184.637
183.356
182.08
180.814
179.567
178.347
177.163
176.029
174.966
173.995
173.098
172.247
171.454
170.722
170.068
169.469
168.969
168.494
168.06
167.646
167.253
166.882
166.533
166.199
165.882
165.586
165.315
165.063
164.829
164.61
164.4
164.195
163.992
163.804
163.633
163.476
163.326
163.172
163.001
162.809
162.601
162.411
162.276
162.219
162.22
162.28
162.416
162.611
162.772
162.86
162.789
244.848
224.555
224.26
224.634
225.033
225.223
225.31
225.352
225.337
225.282
225.196
225.071
224.916
224.746
224.567
224.383
224.191
223.989
223.773
223.541
223.29
223.019
222.725
222.4
222.038
221.633
221.182
220.686
220.148
219.573
218.97
218.351
217.726
217.104
216.488
215.88
215.274
214.665
214.048
213.418
212.772
212.108
211.426
210.731
210.025
209.313
208.596
207.874
207.145
206.409
205.661
204.885
204.103
203.32
202.502
201.654
200.787
199.889
198.949
197.967
196.947
195.893
194.811
193.708
192.582
191.424
190.228
188.992
187.724
186.43
185.121
183.809
182.505
181.213
179.942
178.701
177.505
176.364
175.28
174.249
173.302
172.429
171.629
170.897
170.257
169.654
169.111
168.589
168.12
167.677
167.272
166.898
166.552
166.229
165.924
165.634
165.36
165.102
164.86
164.633
164.412
164.197
163.99
163.794
163.607
163.43
163.257
163.083
162.896
162.694
162.485
162.298
162.169
162.119
162.129
162.201
162.346
162.549
162.716
162.813
162.745
244.828
224.575
224.259
224.619
225.013
225.203
225.294
225.34
225.325
225.269
225.182
225.057
224.902
224.732
224.554
224.37
224.178
223.977
223.762
223.53
223.278
223.006
222.709
222.381
222.016
221.608
221.155
220.656
220.115
219.54
218.939
218.324
217.705
217.092
216.487
215.888
215.293
214.695
214.088
213.469
212.834
212.182
211.514
210.834
210.144
209.448
208.748
208.042
207.33
206.609
205.869
205.117
204.365
203.582
202.761
201.926
201.071
200.189
199.278
198.328
197.343
196.315
195.24
194.124
192.978
191.81
190.623
189.416
188.185
186.929
185.652
184.361
183.065
181.773
180.491
179.235
178.019
176.855
175.747
174.692
173.696
172.777
171.943
171.162
170.444
169.781
169.197
168.659
168.2
167.764
167.369
166.993
166.629
166.287
165.961
165.652
165.357
165.083
164.831
164.595
164.368
164.147
163.93
163.725
163.534
163.36
163.196
163.034
162.861
162.675
162.477
162.295
162.162
162.104
162.1
162.157
162.288
162.481
162.642
162.73
162.651
244.805
224.598
224.26
224.607
224.993
225.183
225.278
225.327
225.313
225.255
225.167
225.042
224.888
224.718
224.54
224.357
224.166
223.965
223.751
223.518
223.266
222.992
222.693
222.362
221.994
221.583
221.126
220.625
220.082
219.506
218.907
218.297
217.686
217.082
216.487
215.899
215.314
214.726
214.13
213.522
212.898
212.259
211.605
210.939
210.265
209.586
208.902
208.213
207.516
206.807
206.085
205.358
204.609
203.822
203.025
202.215
201.372
200.501
199.597
198.652
197.681
196.683
195.649
194.575
193.457
192.294
191.092
189.86
188.607
187.339
186.062
184.779
183.493
182.209
180.932
179.669
178.426
177.221
176.075
175.008
174.011
173.064
172.176
171.347
170.609
169.949
169.371
168.822
168.316
167.842
167.414
167.007
166.622
166.264
165.932
165.623
165.337
165.073
164.825
164.583
164.345
164.118
163.909
163.718
163.541
163.373
163.202
163.025
162.833
162.628
162.412
162.213
162.066
161.993
161.98
162.036
162.176
162.385
162.562
162.664
162.6
244.777
224.625
224.266
224.597
224.974
225.163
225.262
225.315
225.3
225.241
225.152
225.027
224.874
224.704
224.527
224.344
224.153
223.953
223.739
223.507
223.254
222.978
222.676
222.343
221.972
221.558
221.098
220.593
220.049
219.473
218.876
218.271
217.668
217.073
216.488
215.911
215.336
214.759
214.174
213.577
212.965
212.338
211.698
211.047
210.39
209.727
209.059
208.385
207.702
207.008
206.306
205.589
204.843
204.083
203.324
202.53
201.701
200.849
199.961
199.028
198.054
197.048
196.012
194.951
193.864
192.744
191.586
190.388
189.151
187.882
186.589
185.282
183.97
182.661
181.359
180.077
178.827
177.619
176.455
175.338
174.29
173.317
172.433
171.626
170.884
170.175
169.523
168.92
168.39
167.908
167.484
167.076
166.685
166.319
165.989
165.688
165.405
165.128
164.858
164.6
164.352
164.12
163.899
163.689
163.487
163.296
163.108
162.922
162.735
162.541
162.342
162.161
162.025
161.963
161.96
162.025
162.17
162.374
162.544
162.638
162.556
244.746
224.655
224.277
224.591
224.956
225.141
225.246
225.302
225.287
225.226
225.136
225.012
224.859
224.69
224.513
224.33
224.14
223.941
223.727
223.495
223.241
222.964
222.659
222.323
221.949
221.531
221.068
220.562
220.016
219.44
218.846
218.246
217.651
217.065
216.491
215.924
215.361
214.794
214.22
213.634
213.034
212.42
211.794
211.159
210.517
209.87
209.218
208.559
207.891
207.214
206.525
205.816
205.091
204.365
203.613
202.817
202.001
201.164
200.299
199.399
198.456
197.471
196.444
195.377
194.275
193.145
191.991
190.813
189.608
188.376
187.117
185.838
184.545
183.246
181.945
180.655
179.389
178.159
176.974
175.839
174.761
173.748
172.804
171.917
171.093
170.338
169.676
169.081
168.555
168.052
167.585
167.153
166.766
166.409
166.074
165.75
165.426
165.115
164.814
164.536
164.285
164.056
163.84
163.636
163.444
163.266
163.093
162.922
162.745
162.553
162.348
162.153
161.995
161.911
161.894
161.948
162.078
162.276
162.446
162.544
162.472
244.711
224.69
224.295
224.59
224.937
225.119
225.229
225.29
225.275
225.212
225.12
224.996
224.844
224.676
224.499
224.317
224.127
223.928
223.715
223.483
223.229
222.95
222.642
222.303
221.925
221.504
221.039
220.53
219.983
219.408
218.817
218.223
217.635
217.059
216.495
215.94
215.387
214.832
214.268
213.694
213.106
212.505
211.893
211.273
210.647
210.016
209.379
208.734
208.081
207.419
206.741
206.049
205.35
204.632
203.872
203.09
202.295
201.468
200.612
199.728
198.803
197.846
196.857
195.828
194.757
193.64
192.481
191.285
190.06
188.813
187.547
186.27
184.982
183.689
182.395
181.103
179.818
178.558
177.342
176.184
175.086
174.045
173.063
172.15
171.336
170.601
169.916
169.264
168.676
168.125
167.642
167.204
166.812
166.439
166.078
165.732
165.392
165.076
164.796
164.547
164.319
164.098
163.881
163.671
163.466
163.27
163.076
162.886
162.69
162.481
162.259
162.051
161.889
161.814
161.809
161.878
162.029
162.248
162.431
162.538
162.463
244.671
224.729
224.319
224.591
224.918
225.095
225.212
225.277
225.262
225.196
225.103
224.98
224.829
224.661
224.485
224.303
224.114
223.915
223.703
223.471
223.216
222.935
222.625
222.282
221.9
221.476
221.008
220.497
219.949
219.376
218.789
218.201
217.622
217.056
216.503
215.958
215.416
214.872
214.319
213.756
213.18
212.593
211.996
211.391
210.78
210.164
209.542
208.912
208.273
207.624
206.962
206.289
205.602
204.884
204.143
203.398
202.625
201.811
200.97
200.094
199.174
198.215
197.226
196.21
195.165
194.087
192.971
191.813
190.614
189.378
188.111
186.82
185.515
184.2
182.882
181.572
180.283
179.02
177.79
176.6
175.464
174.399
173.42
172.519
171.659
170.842
170.09
169.405
168.822
168.282
167.795
167.333
166.902
166.489
166.097
165.74
165.418
165.125
164.863
164.61
164.356
164.109
163.861
163.621
163.394
163.188
163.003
162.831
162.654
162.46
162.246
162.041
161.883
161.806
161.793
161.851
161.989
162.197
162.37
162.467
162.384
244.627
224.772
224.349
224.594
224.898
225.068
225.194
225.264
225.249
225.181
225.086
224.964
224.813
224.647
224.471
224.289
224.101
223.902
223.69
223.458
223.203
222.92
222.607
222.261
221.875
221.448
220.976
220.464
219.916
219.345
218.762
218.181
217.611
217.056
216.512
215.979
215.448
214.914
214.373
213.821
213.258
212.684
212.101
211.511
210.916
210.314
209.706
209.091
208.466
207.831
207.185
206.527
205.847
205.146
204.44
203.714
202.943
202.144
201.322
200.469
199.579
198.64
197.66
196.643
195.59
194.503
193.387
192.242
191.068
189.865
188.631
187.372
186.092
184.796
183.489
182.18
180.878
179.599
178.35
177.142
175.981
174.877
173.828
172.836
171.906
171.058
170.326
169.653
169.018
168.419
167.888
167.391
166.957
166.559
166.191
165.839
165.509
165.192
164.887
164.595
164.31
164.044
163.796
163.571
163.367
163.182
163.012
162.84
162.651
162.44
162.204
161.977
161.796
161.697
161.671
161.73
161.876
162.097
162.287
162.397
162.326
244.578
224.82
224.385
224.598
224.875
225.04
225.176
225.251
225.235
225.166
225.069
224.947
224.798
224.632
224.456
224.276
224.087
223.889
223.677
223.446
223.19
222.905
222.589
222.239
221.85
221.418
220.944
220.43
219.883
219.314
218.736
218.163
217.602
217.057
216.525
216.002
215.482
214.959
214.429
213.889
213.338
212.778
212.21
211.635
211.054
210.467
209.873
209.271
208.661
208.04
207.409
206.762
206.098
205.422
204.731
203.998
203.232
202.45
201.641
200.8
199.934
199.025
198.078
197.095
196.072
195.005
193.894
192.741
191.553
190.333
189.088
187.824
186.544
185.251
183.948
182.638
181.326
180.027
178.754
177.52
176.334
175.202
174.127
173.121
172.222
171.394
170.598
169.845
169.161
168.543
168.025
167.532
167.08
166.651
166.255
165.887
165.537
165.205
164.877
164.571
164.292
164.03
163.787
163.557
163.334
163.128
162.933
162.746
162.556
162.35
162.125
161.908
161.734
161.642
161.628
161.695
161.845
162.061
162.249
162.354
162.266
244.522
224.87
224.425
224.602
224.85
225.01
225.159
225.238
225.222
225.15
225.051
224.93
224.782
224.617
224.442
224.262
224.074
223.876
223.664
223.432
223.176
222.89
222.571
222.217
221.823
221.388
220.911
220.396
219.849
219.284
218.712
218.146
217.595
217.06
216.54
216.028
215.519
215.007
214.488
213.96
213.422
212.875
212.321
211.761
211.194
210.621
210.041
209.453
208.857
208.251
207.633
207.001
206.355
205.695
205.003
204.279
203.544
202.785
201.986
201.158
200.297
199.396
198.454
197.484
196.484
195.45
194.378
193.264
192.109
190.912
189.678
188.414
187.127
185.82
184.5
183.177
181.86
180.557
179.275
178.025
176.819
175.667
174.587
173.571
172.601
171.674
170.815
170.046
169.393
168.774
168.189
167.635
167.137
166.67
166.261
165.883
165.529
165.202
164.906
164.621
164.338
164.062
163.788
163.535
163.308
163.099
162.908
162.73
162.55
162.351
162.121
161.889
161.689
161.576
161.545
161.594
161.729
161.942
162.136
162.247
162.168
244.46
224.924
224.468
224.603
224.82
224.982
225.142
225.225
225.209
225.135
225.034
224.912
224.766
224.602
224.428
224.248
224.06
223.862
223.65
223.419
223.161
222.874
222.552
222.194
221.796
221.357
220.877
220.361
219.816
219.254
218.689
218.132
217.591
217.067
216.558
216.057
215.559
215.058
214.55
214.034
213.509
212.976
212.436
211.89
211.337
210.778
210.211
209.637
209.054
208.462
207.858
207.242
206.612
205.959
205.279
204.587
203.881
203.133
202.35
201.541
200.699
199.819
198.891
197.922
196.919
195.881
194.808
193.702
192.563
191.392
190.189
188.956
187.697
186.414
185.112
183.796
182.475
181.161
179.864
178.594
177.359
176.166
175.023
173.931
172.897
171.946
171.12
170.352
169.618
168.926
168.297
167.725
167.243
166.794
166.384
165.994
165.623
165.271
164.94
164.625
164.327
164.053
163.799
163.559
163.322
163.094
162.88
162.682
162.481
162.263
162.021
161.788
161.598
161.498
161.475
161.535
161.682
161.905
162.102
162.218
162.13
244.395
224.981
224.512
224.605
224.79
224.957
225.126
225.21
225.195
225.12
225.016
224.894
224.749
224.587
224.413
224.234
224.047
223.848
223.636
223.404
223.146
222.857
222.533
222.171
221.768
221.325
220.843
220.325
219.782
219.225
218.667
218.12
217.59
217.077
216.578
216.089
215.602
215.112
214.616
214.111
213.599
213.08
212.554
212.021
211.482
210.936
210.383
209.822
209.253
208.675
208.086
207.484
206.865
206.225
205.57
204.901
204.194
203.447
202.679
201.887
201.062
200.21
199.315
198.376
197.402
196.387
195.327
194.223
193.078
191.895
190.68
189.438
188.174
186.89
185.587
184.27
182.943
181.617
180.303
179.012
177.754
176.539
175.377
174.282
173.279
172.349
171.445
170.587
169.804
169.103
168.505
167.941
167.426
166.939
166.497
166.077
165.674
165.289
164.918
164.583
164.292
164.022
163.763
163.509
163.255
163.022
162.814
162.628
162.439
162.233
162.008
161.791
161.605
161.487
161.44
161.483
161.608
161.813
161.999
162.109
162.016
244.328
225.046
224.557
224.608
224.765
224.934
225.111
225.194
225.181
225.105
224.998
224.876
224.732
224.571
224.399
224.22
224.033
223.834
223.622
223.39
223.131
222.84
222.513
222.147
221.74
221.293
220.807
220.29
219.749
219.197
218.647
218.11
217.591
217.089
216.602
216.124
215.647
215.169
214.684
214.192
213.693
213.187
212.674
212.155
211.629
211.096
210.556
210.009
209.454
208.89
208.315
207.726
207.121
206.499
205.861
205.195
204.489
203.762
203.017
202.235
201.421
200.577
199.697
198.773
197.818
196.831
195.806
194.739
193.629
192.477
191.284
190.055
188.797
187.511
186.203
184.88
183.549
182.22
180.9
179.602
178.337
177.11
175.933
174.81
173.729
172.694
171.722
170.849
170.093
169.381
168.706
168.072
167.509
166.986
166.519
166.077
165.663
165.279
164.94
164.637
164.358
164.082
163.801
163.528
163.276
163.05
162.845
162.645
162.432
162.203
161.956
161.716
161.501
161.365
161.318
161.371
161.509
161.728
161.93
162.053
161.97
244.264
225.121
224.601
224.611
224.748
224.916
225.095
225.177
225.166
225.091
224.981
224.858
224.715
224.556
224.384
224.206
224.019
223.82
223.607
223.374
223.115
222.822
222.492
222.122
221.711
221.259
220.771
220.254
219.715
219.169
218.627
218.101
217.593
217.104
216.629
216.162
215.697
215.229
214.756
214.276
213.79
213.297
212.797
212.291
211.777
211.258
210.731
210.197
209.656
209.106
208.544
207.97
207.379
206.773
206.145
205.485
204.804
204.112
203.386
202.619
201.824
200.995
200.129
199.216
198.262
197.274
196.25
195.188
194.09
192.956
191.787
190.586
189.354
188.094
186.806
185.496
184.169
182.836
181.505
180.187
178.889
177.623
176.396
175.213
174.081
173.027
172.09
171.213
170.37
169.584
168.873
168.224
167.668
167.144
166.658
166.197
165.781
165.396
165.041
164.706
164.378
164.065
163.766
163.488
163.237
163.007
162.784
162.565
162.345
162.126
161.895
161.659
161.444
161.322
161.286
161.334
161.461
161.67
161.862
161.976
161.881
244.201
225.209
224.645
224.615
224.739
224.901
225.079
225.158
225.151
225.078
224.965
224.84
224.698
224.54
224.369
224.192
224.005
223.806
223.592
223.358
223.097
222.803
222.47
222.096
221.68
221.225
220.735
220.217
219.682
219.143
218.61
218.094
217.599
217.122
216.658
216.203
215.749
215.293
214.832
214.364
213.89
213.41
212.923
212.429
211.928
211.421
210.908
210.388
209.86
209.323
208.775
208.215
207.639
207.045
206.427
205.788
205.136
204.456
203.731
202.98
202.203
201.393
200.554
199.673
198.747
197.782
196.776
195.726
194.63
193.492
192.316
191.106
189.868
188.602
187.311
185.998
184.667
183.326
181.985
180.653
179.343
178.063
176.825
175.643
174.543
173.502
172.49
171.515
170.618
169.821
169.142
168.495
167.889
167.314
166.795
166.312
165.881
165.474
165.081
164.707
164.351
164.025
163.73
163.46
163.217
162.994
162.775
162.563
162.354
162.136
161.888
161.623
161.38
161.231
161.169
161.203
161.328
161.55
161.759
161.889
161.814
244.135
225.305
224.692
224.622
224.734
224.886
225.061
225.14
225.137
225.065
224.948
224.821
224.68
224.524
224.354
224.178
223.991
223.792
223.577
223.342
223.079
222.783
222.447
222.069
221.649
221.19
220.698
220.181
219.65
219.117
218.595
218.091
217.608
217.143
216.691
216.247
215.805
215.36
214.911
214.455
213.994
213.525
213.051
212.569
212.081
211.587
211.086
210.579
210.065
209.542
209.008
208.461
207.898
207.317
206.715
206.098
205.455
204.771
204.057
203.325
202.561
201.764
200.936
200.076
199.169
198.227
197.251
196.234
195.173
194.069
192.922
191.735
190.514
189.26
187.976
186.666
185.337
183.997
182.654
181.32
180.006
178.716
177.461
176.242
175.06
173.915
172.835
171.848
170.984
170.167
169.399
168.679
168.012
167.382
166.827
166.323
165.889
165.482
165.095
164.733
164.404
164.09
163.792
163.517
163.258
163.011
162.768
162.534
162.304
162.067
161.809
161.549
161.319
161.177
161.127
161.179
161.313
161.529
161.732
161.858
161.763
244.062
225.408
224.742
224.632
224.728
224.868
225.04
225.122
225.125
225.052
224.931
224.801
224.661
224.507
224.339
224.163
223.977
223.777
223.561
223.324
223.06
222.761
222.423
222.041
221.617
221.155
220.66
220.144
219.618
219.093
218.582
218.091
217.619
217.167
216.727
216.295
215.864
215.431
214.993
214.549
214.1
213.643
213.181
212.711
212.236
211.754
211.267
210.773
210.272
209.762
209.241
208.708
208.159
207.591
207.007
206.401
205.762
205.093
204.413
203.705
202.957
202.178
201.364
200.514
199.621
198.683
197.709
196.697
195.645
194.552
193.422
192.257
191.058
189.828
188.564
187.271
185.95
184.612
183.264
181.914
180.57
179.243
177.947
176.683
175.463
174.31
173.272
172.297
171.342
170.438
169.611
168.865
168.203
167.58
167.017
166.497
166.045
165.618
165.213
164.829
164.46
164.119
163.805
163.515
163.244
162.989
162.75
162.526
162.309
162.086
161.838
161.574
161.323
161.153
161.083
161.116
161.227
161.428
161.624
161.747
161.652
243.977
225.515
224.792
224.643
224.721
224.846
225.016
225.103
225.112
225.039
224.912
224.781
224.642
224.491
224.325
224.149
223.963
223.762
223.545
223.306
223.04
222.739
222.397
222.012
221.584
221.118
220.622
220.108
219.587
219.071
218.571
218.092
217.634
217.194
216.767
216.346
215.927
215.505
215.079
214.646
214.208
213.764
213.313
212.856
212.392
211.924
211.449
210.968
210.48
209.983
209.476
208.956
208.42
207.867
207.296
206.7
206.077
205.439
204.782
204.083
203.35
202.589
201.795
200.968
200.105
199.193
198.239
197.244
196.204
195.117
193.988
192.819
191.617
190.381
189.114
187.816
186.493
185.151
183.796
182.439
181.093
179.769
178.47
177.209
176.013
174.875
173.756
172.676
171.662
170.744
169.934
169.178
168.46
167.792
167.208
166.665
166.183
165.719
165.278
164.869
164.496
164.167
163.873
163.586
163.304
163.038
162.784
162.546
162.31
162.064
161.784
161.494
161.224
161.05
160.981
161.018
161.135
161.347
161.555
161.688
161.593
243.879
225.627
224.843
224.656
224.711
224.819
224.987
225.084
225.098
225.024
224.893
224.76
224.623
224.474
224.309
224.134
223.948
223.747
223.529
223.287
223.018
222.714
222.369
221.981
221.549
221.08
220.584
220.072
219.557
219.051
218.562
218.096
217.652
217.225
216.81
216.401
215.993
215.582
215.167
214.746
214.319
213.886
213.447
213.002
212.551
212.095
211.633
211.165
210.69
210.206
209.712
209.205
208.683
208.144
207.584
207.002
206.402
205.782
205.124
204.428
203.712
202.966
202.185
201.374
200.53
199.643
198.713
197.746
196.737
195.684
194.586
193.447
192.269
191.056
189.805
188.521
187.209
185.874
184.523
183.168
181.817
180.478
179.156
177.859
176.587
175.355
174.169
173.071
172.089
171.165
170.265
169.417
168.635
167.934
167.337
166.77
166.25
165.767
165.34
164.953
164.607
164.264
163.915
163.584
163.26
162.958
162.686
162.439
162.204
161.966
161.703
161.434
161.179
161.006
160.924
160.943
161.043
161.243
161.448
161.576
161.472
243.767
225.746
224.899
224.673
224.7
224.788
224.954
225.061
225.083
225.009
224.874
224.738
224.603
224.457
224.294
224.12
223.934
223.732
223.511
223.268
222.995
222.688
222.34
221.948
221.513
221.042
220.545
220.037
219.529
219.033
218.556
218.103
217.673
217.259
216.856
216.459
216.062
215.662
215.258
214.848
214.433
214.011
213.583
213.15
212.712
212.268
211.819
211.364
210.901
210.431
209.949
209.455
208.946
208.42
207.874
207.309
206.725
206.109
205.458
204.789
204.099
203.371
202.608
201.811
200.978
200.107
199.185
198.224
197.223
196.179
195.093
193.968
192.808
191.612
190.38
189.113
187.81
186.48
185.13
183.765
182.392
181.021
179.667
178.339
177.046
175.814
174.678
173.593
172.524
171.504
170.543
169.671
168.92
168.251
167.641
167.041
166.485
165.966
165.501
165.06
164.64
164.248
163.873
163.516
163.183
162.879
162.608
162.363
162.132
161.895
161.629
161.348
161.068
160.868
160.772
160.793
160.895
161.102
161.326
161.468
161.364
243.638
225.874
224.963
224.695
224.687
224.756
224.919
225.035
225.064
224.992
224.855
224.717
224.583
224.44
224.279
224.105
223.919
223.716
223.494
223.247
222.971
222.66
222.308
221.912
221.475
221.002
220.506
220.002
219.502
219.017
218.554
218.115
217.697
217.296
216.906
216.52
216.134
215.745
215.352
214.953
214.548
214.138
213.722
213.301
212.875
212.443
212.007
211.564
211.115
210.656
210.188
209.706
209.21
208.697
208.166
207.616
207.041
206.437
205.814
205.177
204.503
203.791
203.048
202.27
201.458
200.612
199.718
198.776
197.792
196.763
195.687
194.568
193.411
192.216
190.983
189.714
188.414
187.084
185.73
184.364
182.999
181.643
180.3
178.977
177.699
176.455
175.236
174.047
172.916
171.875
170.946
170.085
169.28
168.53
167.848
167.199
166.618
166.068
165.56
165.077
164.636
164.238
163.885
163.548
163.219
162.909
162.621
162.354
162.098
161.846
161.577
161.293
161.013
160.816
160.723
160.727
160.809
161.004
161.224
161.366
161.251
243.492
226.011
225.041
224.721
224.672
224.729
224.882
225.007
225.044
224.976
224.838
224.697
224.563
224.423
224.264
224.09
223.904
223.7
223.475
223.225
222.945
222.629
222.273
221.875
221.434
220.961
220.467
219.968
219.476
219.003
218.554
218.129
217.725
217.337
216.958
216.583
216.209
215.831
215.448
215.06
214.666
214.267
213.863
213.454
213.04
212.621
212.196
211.766
211.329
210.883
210.427
209.959
209.475
208.976
208.458
207.921
207.359
206.777
206.178
205.547
204.876
204.176
203.448
202.685
201.889
201.059
200.193
199.276
198.318
197.318
196.273
195.185
194.056
192.888
191.68
190.432
189.148
187.832
186.49
185.129
183.756
182.38
181.009
179.652
178.309
176.986
175.709
174.512
173.424
172.373
171.362
170.42
169.555
168.755
168.042
167.382
166.783
166.202
165.67
165.176
164.733
164.325
163.952
163.597
163.26
162.948
162.662
162.399
162.15
161.898
161.618
161.319
161.02
160.795
160.671
160.666
160.752
160.95
161.172
161.322
161.212
243.325
226.157
225.133
224.755
224.662
224.706
224.846
224.977
225.021
224.959
224.821
224.677
224.544
224.406
224.248
224.075
223.888
223.683
223.456
223.202
222.917
222.596
222.236
221.834
221.392
220.919
220.428
219.935
219.453
218.992
218.556
218.145
217.755
217.38
217.013
216.65
216.286
215.919
215.547
215.169
214.786
214.399
214.006
213.609
213.207
212.8
212.388
211.97
211.545
211.111
210.668
210.212
209.741
209.255
208.751
208.226
207.682
207.118
206.527
205.899
205.246
204.572
203.863
203.119
202.339
201.523
200.671
199.77
198.82
197.829
196.794
195.717
194.599
193.444
192.251
191.017
189.742
188.432
187.093
185.73
184.344
182.95
181.558
180.181
178.827
177.521
176.295
175.114
173.938
172.798
171.739
170.779
169.916
169.108
168.352
167.636
166.977
166.343
165.775
165.253
164.787
164.352
163.946
163.576
163.241
162.93
162.647
162.384
162.125
161.858
161.561
161.253
160.957
160.748
160.649
160.668
160.755
160.936
161.131
161.259
161.123
243.134
226.306
225.239
224.798
224.659
224.686
224.81
224.946
224.997
224.941
224.806
224.659
224.524
224.388
224.232
224.059
223.873
223.666
223.436
223.178
222.887
222.561
222.196
221.79
221.347
220.875
220.389
219.904
219.433
218.985
218.563
218.166
217.789
217.427
217.072
216.719
216.366
216.009
215.648
215.281
214.909
214.533
214.152
213.766
213.376
212.981
212.581
212.175
211.762
211.341
210.909
210.466
210.008
209.534
209.043
208.534
208.005
207.453
206.871
206.266
205.645
204.995
204.305
203.581
202.822
202.026
201.194
200.323
199.397
198.424
197.407
196.345
195.24
194.095
192.907
191.678
190.412
189.111
187.773
186.413
185.044
183.671
182.298
180.926
179.574
178.244
176.924
175.637
174.406
173.27
172.231
171.254
170.305
169.398
168.555
167.773
167.074
166.424
165.872
165.364
164.914
164.482
164.066
163.689
163.347
163.024
162.715
162.422
162.137
161.846
161.537
161.217
160.909
160.685
160.576
160.58
160.66
160.856
161.067
161.209
161.093
242.914
226.458
225.358
224.856
224.664
224.669
224.776
224.915
224.971
224.921
224.791
224.641
224.503
224.369
224.216
224.044
223.856
223.648
223.415
223.152
222.855
222.523
222.152
221.742
221.299
220.83
220.35
219.875
219.416
218.982
218.573
218.19
217.827
217.476
217.133
216.791
216.449
216.102
215.751
215.395
215.034
214.669
214.299
213.925
213.547
213.164
212.776
212.382
211.981
211.572
211.152
210.721
210.275
209.815
209.337
208.842
208.327
207.787
207.225
206.647
206.042
205.396
204.717
204.006
203.262
202.482
201.667
200.818
199.919
198.971
197.98
196.945
195.869
194.751
193.591
192.387
191.14
189.854
188.535
187.186
185.808
184.411
183.008
181.606
180.208
178.819
177.458
176.17
174.995
173.849
172.705
171.626
170.616
169.67
168.818
168.044
167.364
166.744
166.221
165.702
165.193
164.699
164.234
163.819
163.454
163.119
162.8
162.496
162.196
161.891
161.568
161.234
160.9
160.644
160.516
160.521
160.617
160.832
161.053
161.202
161.084
242.66
226.609
225.488
224.93
224.677
224.652
224.744
224.882
224.94
224.898
224.776
224.624
224.483
224.35
224.2
224.028
223.84
223.629
223.392
223.124
222.821
222.481
222.104
221.692
221.248
220.783
220.312
219.847
219.401
218.982
218.588
218.218
217.868
217.53
217.197
216.867
216.534
216.198
215.858
215.512
215.162
214.808
214.45
214.087
213.72
213.349
212.973
212.59
212.201
211.803
211.395
210.976
210.543
210.095
209.631
209.15
208.648
208.125
207.584
207.019
206.416
205.782
205.124
204.435
203.71
202.949
202.15
201.312
200.436
199.501
198.52
197.496
196.43
195.322
194.173
192.98
191.742
190.463
189.148
187.8
186.421
185.023
183.615
182.206
180.807
179.442
178.142
176.858
175.582
174.345
173.156
172.032
171.034
170.107
169.218
168.371
167.639
166.985
166.424
165.861
165.301
164.773
164.291
163.846
163.448
163.086
162.742
162.421
162.114
161.808
161.483
161.147
160.809
160.54
160.388
160.367
160.442
160.641
160.855
161.007
160.874
242.368
226.757
225.628
225.02
224.699
224.639
224.714
224.843
224.901
224.87
224.76
224.607
224.463
224.331
224.183
224.012
223.822
223.609
223.367
223.093
222.784
222.437
222.053
221.637
221.194
220.735
220.273
219.822
219.39
218.985
218.606
218.25
217.913
217.586
217.265
216.945
216.623
216.297
215.967
215.632
215.292
214.949
214.602
214.251
213.896
213.536
213.171
212.8
212.422
212.036
211.64
211.233
210.812
210.377
209.926
209.458
208.971
208.465
207.938
207.38
206.795
206.191
205.562
204.895
204.192
203.453
202.676
201.86
201.006
200.101
199.142
198.139
197.093
196.004
194.871
193.692
192.472
191.209
189.903
188.564
187.206
185.83
184.437
183.035
181.632
180.227
178.827
177.452
176.12
174.885
173.737
172.577
171.482
170.474
169.56
168.705
167.972
167.278
166.637
166.009
165.413
164.87
164.398
163.947
163.51
163.101
162.713
162.348
162.008
161.686
161.361
161.022
160.674
160.387
160.218
160.187
160.262
160.463
160.691
160.852
160.75
242.034
226.901
225.775
225.123
224.731
224.631
224.683
224.796
224.856
224.838
224.744
224.593
224.444
224.312
224.166
223.995
223.803
223.587
223.341
223.061
222.743
222.389
221.999
221.579
221.137
220.685
220.235
219.798
219.383
218.993
218.629
218.287
217.962
217.647
217.337
217.027
216.715
216.399
216.079
215.754
215.426
215.093
214.757
214.417
214.073
213.724
213.371
213.011
212.645
212.27
211.885
211.49
211.081
210.659
210.221
209.767
209.295
208.804
208.289
207.749
207.19
206.61
205.99
205.332
204.642
203.917
203.155
202.355
201.517
200.643
199.707
198.726
197.704
196.641
195.534
194.38
193.177
191.931
190.646
189.323
187.957
186.558
185.142
183.714
182.281
180.843
179.42
178.071
176.792
175.516
174.267
173.062
171.919
170.884
169.986
169.148
168.357
167.583
166.863
166.192
165.596
165.046
164.552
164.067
163.584
163.137
162.727
162.34
161.993
161.677
161.362
161.028
160.677
160.383
160.203
160.166
160.236
160.436
160.669
160.839
160.73
241.657
227.039
225.928
225.241
224.776
224.629
224.649
224.738
224.805
224.803
224.725
224.578
224.426
224.293
224.148
223.977
223.783
223.562
223.311
223.024
222.699
222.337
221.94
221.517
221.078
220.633
220.197
219.777
219.38
219.007
218.657
218.329
218.016
217.712
217.412
217.112
216.809
216.504
216.194
215.879
215.561
215.239
214.914
214.585
214.252
213.915
213.572
213.224
212.868
212.505
212.131
211.748
211.351
210.942
210.517
210.077
209.619
209.142
208.643
208.124
207.583
207.007
206.395
205.755
205.086
204.382
203.641
202.861
202.041
201.18
200.268
199.3
198.29
197.239
196.143
195
193.809
192.571
191.291
189.971
188.616
187.236
185.833
184.41
182.985
181.578
180.202
178.83
177.448
176.086
174.801
173.631
172.516
171.447
170.44
169.497
168.608
167.746
166.954
166.234
165.628
165.073
164.559
164.047
163.546
163.099
162.718
162.383
162.08
161.785
161.473
161.134
160.77
160.459
160.263
160.216
160.285
160.48
160.707
160.864
160.716
241.234
227.17
226.085
225.373
224.839
224.63
224.611
224.676
224.751
224.765
224.702
224.564
224.41
224.273
224.129
223.957
223.76
223.535
223.278
222.984
222.651
222.281
221.878
221.453
221.016
220.581
220.159
219.758
219.38
219.024
218.69
218.375
218.074
217.781
217.491
217.2
216.908
216.612
216.311
216.007
215.699
215.388
215.074
214.756
214.434
214.107
213.775
213.437
213.093
212.74
212.378
212.006
211.622
211.225
210.814
210.387
209.943
209.481
208.999
208.496
207.964
207.401
206.816
206.206
205.563
204.882
204.164
203.407
202.608
201.767
200.889
199.949
198.961
197.934
196.861
195.741
194.575
193.36
192.098
190.794
189.459
188.093
186.698
185.282
183.848
182.398
180.937
179.478
178.064
176.736
175.465
174.215
173.029
171.904
170.844
169.862
168.944
168.061
167.255
166.508
165.875
165.281
164.726
164.203
163.723
163.293
162.911
162.553
162.206
161.872
161.534
161.181
160.809
160.486
160.275
160.214
160.272
160.456
160.685
160.846
160.707
240.764
227.291
226.244
225.518
224.921
224.637
224.576
224.617
224.693
224.723
224.676
224.551
224.395
224.253
224.107
223.934
223.734
223.504
223.24
222.938
222.597
222.219
221.812
221.385
220.953
220.53
220.124
219.741
219.382
219.045
218.728
218.426
218.136
217.854
217.573
217.292
217.009
216.722
216.432
216.138
215.84
215.539
215.235
214.928
214.616
214.301
213.979
213.652
213.318
212.976
212.626
212.265
211.893
211.509
211.11
210.697
210.268
209.821
209.354
208.864
208.347
207.81
207.251
206.657
206.023
205.355
204.65
203.909
203.127
202.304
201.44
200.527
199.561
198.554
197.504
196.405
195.254
194.056
192.814
191.529
190.191
188.809
187.397
185.965
184.514
183.05
181.593
180.188
178.833
177.458
176.094
174.784
173.57
172.403
171.301
170.265
169.296
168.384
167.568
166.796
166.121
165.486
164.914
164.409
163.962
163.523
163.081
162.676
162.299
161.932
161.563
161.185
160.798
160.458
160.227
160.147
160.189
160.348
160.562
160.733
160.585
240.246
227.4
226.403
225.672
225.021
224.655
224.544
224.558
224.63
224.675
224.647
224.539
224.381
224.231
224.083
223.909
223.706
223.47
223.198
222.887
222.538
222.153
221.741
221.315
220.89
220.479
220.09
219.727
219.388
219.071
218.769
218.481
218.203
217.93
217.66
217.388
217.114
216.837
216.556
216.271
215.984
215.693
215.399
215.102
214.801
214.495
214.185
213.868
213.544
213.213
212.874
212.524
212.165
211.793
211.408
211.008
210.593
210.161
209.708
209.233
208.738
208.22
207.671
207.083
206.464
205.816
205.134
204.415
203.656
202.853
202.006
201.121
200.175
199.182
198.147
197.065
195.932
194.748
193.513
192.233
190.918
189.572
188.19
186.772
185.338
183.899
182.47
181.02
179.552
178.115
176.749
175.455
174.188
172.963
171.796
170.64
169.595
168.64
167.798
167.011
166.311
165.653
165.083
164.57
164.098
163.625
163.146
162.715
162.311
161.918
161.522
161.122
160.715
160.346
160.085
159.985
160.018
160.166
160.371
160.536
160.363
239.679
227.494
226.558
225.833
225.138
224.691
224.517
224.495
224.562
224.623
224.614
224.526
224.368
224.209
224.057
223.882
223.675
223.431
223.15
222.829
222.471
222.08
221.667
221.244
220.828
220.43
220.06
219.717
219.398
219.1
218.814
218.54
218.273
218.011
217.75
217.487
217.222
216.954
216.682
216.407
216.129
215.849
215.565
215.278
214.987
214.692
214.391
214.084
213.771
213.451
213.122
212.785
212.437
212.077
211.705
211.319
210.918
210.5
210.063
209.605
209.127
208.62
208.082
207.517
206.928
206.308
205.652
204.958
204.223
203.444
202.619
201.751
200.842
199.875
198.866
197.81
196.704
195.546
194.337
193.081
191.781
190.436
189.054
187.64
186.198
184.724
183.231
181.726
180.252
178.867
177.493
176.097
174.751
173.472
172.308
171.211
170.196
169.234
168.36
167.536
166.793
166.097
165.473
164.883
164.311
163.764
163.227
162.73
162.275
161.85
161.437
161.027
160.615
160.244
159.986
159.891
159.928
160.07
160.277
160.442
160.288
239.065
227.575
226.706
225.996
225.27
224.743
224.494
224.432
224.489
224.565
224.578
224.508
224.355
224.189
224.031
223.852
223.639
223.386
223.094
222.763
222.397
222.001
221.588
221.172
220.767
220.385
220.033
219.711
219.412
219.131
218.862
218.602
218.347
218.095
217.843
217.589
217.333
217.074
216.811
216.546
216.278
216.006
215.732
215.455
215.174
214.889
214.598
214.302
213.999
213.689
213.371
213.045
212.709
212.362
212.003
211.631
211.244
210.84
210.418
209.976
209.511
209.02
208.505
207.967
207.398
206.79
206.145
205.464
204.744
203.982
203.175
202.323
201.435
200.489
199.496
198.457
197.368
196.226
195.036
193.796
192.501
191.155
189.769
188.35
186.903
185.435
183.965
182.53
181.11
179.642
178.18
176.764
175.439
174.122
172.866
171.727
170.664
169.67
168.755
167.892
167.102
166.35
165.658
164.993
164.359
163.776
163.237
162.74
162.308
161.906
161.503
161.097
160.684
160.316
160.054
159.948
159.976
160.115
160.328
160.5
160.324
238.405
227.641
226.845
226.158
225.413
224.813
224.485
224.375
224.411
224.498
224.534
224.484
224.344
224.173
224.005
223.818
223.597
223.333
223.03
222.688
222.314
221.916
221.506
221.1
220.709
220.345
220.012
219.71
219.43
219.166
218.912
218.666
218.423
218.181
217.939
217.694
217.447
217.196
216.943
216.687
216.428
216.166
215.901
215.634
215.362
215.087
214.806
214.52
214.227
213.928
213.621
213.306
212.982
212.648
212.302
211.942
211.569
211.18
210.773
210.346
209.896
209.424
208.93
208.406
207.845
207.25
206.625
205.967
205.273
204.537
203.756
202.928
202.054
201.143
200.174
199.157
198.092
196.972
195.795
194.57
193.306
192.004
190.654
189.258
187.828
186.379
184.91
183.412
181.891
180.37
178.931
177.517
176.111
174.783
173.508
172.288
171.151
170.111
169.142
168.23
167.384
166.576
165.823
165.105
164.447
163.87
163.397
162.956
162.525
162.112
161.695
161.275
160.847
160.448
160.147
160.015
160.03
160.16
160.373
160.543
160.348
237.7
227.694
226.97
226.314
225.563
224.9
224.486
224.323
224.332
224.421
224.48
224.453
224.332
224.158
223.978
223.78
223.546
223.271
222.954
222.602
222.222
221.824
221.421
221.028
220.655
220.311
219.998
219.714
219.451
219.203
218.965
218.731
218.5
218.27
218.037
217.801
217.563
217.321
217.077
216.829
216.58
216.327
216.072
215.814
215.552
215.285
215.014
214.738
214.455
214.167
213.871
213.568
213.256
212.934
212.6
212.254
211.895
211.52
211.127
210.715
210.282
209.828
209.348
208.836
208.295
207.729
207.133
206.502
205.833
205.121
204.365
203.561
202.711
201.818
200.879
199.886
198.847
197.753
196.606
195.406
194.152
192.843
191.489
190.097
188.665
187.192
185.687
184.16
182.661
181.222
179.737
178.246
176.817
175.479
174.202
172.973
171.826
170.726
169.677
168.685
167.768
166.889
166.078
165.325
164.686
164.116
163.622
163.147
162.671
162.226
161.791
161.349
160.889
160.46
160.133
159.985
159.984
160.103
160.315
160.497
160.324
236.952
227.731
227.08
226.46
225.715
225.003
224.505
224.282
224.251
224.34
224.42
224.415
224.317
224.14
223.946
223.732
223.485
223.196
222.867
222.506
222.122
221.728
221.336
220.959
220.607
220.284
219.992
219.724
219.478
219.244
219.019
218.799
218.579
218.359
218.136
217.91
217.68
217.447
217.212
216.974
216.733
216.489
216.243
215.994
215.741
215.485
215.223
214.957
214.685
214.407
214.122
213.83
213.53
213.22
212.899
212.566
212.22
211.859
211.481
211.085
210.668
210.229
209.763
209.272
208.758
208.214
207.633
207.014
206.357
205.66
204.921
204.135
203.303
202.425
201.512
200.538
199.513
198.437
197.307
196.122
194.883
193.595
192.258
190.872
189.446
187.99
186.524
185.068
183.594
182.059
180.512
179.049
177.629
176.208
174.813
173.483
172.25
171.088
169.976
168.932
167.952
167.017
166.166
165.399
164.781
164.207
163.674
163.173
162.68
162.215
161.764
161.315
160.84
160.384
160.017
159.829
159.804
159.919
160.126
160.31
160.1
236.16
227.75
227.169
226.589
225.865
225.122
224.549
224.255
224.181
224.257
224.353
224.37
224.29
224.115
223.906
223.673
223.41
223.107
222.766
222.398
222.014
221.628
221.251
220.894
220.564
220.264
219.992
219.742
219.51
219.29
219.077
218.868
218.659
218.449
218.236
218.019
217.799
217.575
217.348
217.119
216.887
216.652
216.415
216.175
215.932
215.684
215.432
215.176
214.914
214.647
214.373
214.092
213.804
213.506
213.198
212.878
212.545
212.198
211.835
211.454
211.052
210.628
210.182
209.712
209.214
208.681
208.112
207.513
206.882
206.214
205.504
204.749
203.946
203.095
202.199
201.265
200.268
199.218
198.113
196.955
195.75
194.497
193.191
191.832
190.426
188.978
187.496
185.975
184.422
182.863
181.39
179.889
178.378
176.913
175.542
174.214
172.873
171.612
170.443
169.361
168.345
167.395
166.556
165.793
165.131
164.483
163.871
163.319
162.8
162.292
161.779
161.284
160.78
160.298
159.9
159.689
159.659
159.767
159.982
160.156
159.948
235.322
227.748
227.228
226.698
226.007
225.253
224.619
224.248
224.128
224.177
224.275
224.311
224.247
224.078
223.853
223.6
223.318
223.001
222.651
222.279
221.9
221.526
221.169
220.835
220.53
220.253
220
219.767
219.549
219.341
219.138
218.939
218.74
218.54
218.336
218.129
217.917
217.703
217.485
217.264
217.041
216.815
216.587
216.356
216.122
215.884
215.642
215.396
215.144
214.887
214.625
214.355
214.078
213.793
213.497
213.19
212.871
212.537
212.188
211.821
211.435
211.028
210.6
210.146
209.661
209.147
208.606
208.036
207.432
206.789
206.102
205.369
204.589
203.761
202.887
201.97
200.999
199.971
198.892
197.755
196.559
195.302
193.995
192.641
191.236
189.783
188.29
186.769
185.275
183.805
182.259
180.682
179.176
177.715
176.252
174.838
173.513
172.271
171.074
169.934
168.866
167.9
167.049
166.231
165.477
164.754
164.096
163.505
162.962
162.431
161.885
161.356
160.834
160.342
159.937
159.72
159.687
159.789
160.014
160.198
159.987
234.438
227.713
227.251
226.783
226.143
225.399
224.72
224.268
224.092
224.1
224.183
224.234
224.186
224.023
223.785
223.51
223.207
222.876
222.52
222.149
221.78
221.425
221.091
220.783
220.503
220.249
220.016
219.799
219.595
219.397
219.204
219.013
218.823
218.632
218.437
218.239
218.036
217.831
217.622
217.41
217.196
216.979
216.76
216.538
216.313
216.085
215.852
215.616
215.375
215.128
214.877
214.618
214.353
214.08
213.796
213.502
213.195
212.875
212.54
212.188
211.818
211.427
211.015
210.576
210.112
209.623
209.105
208.552
207.96
207.33
206.659
205.945
205.186
204.38
203.526
202.625
201.688
200.679
199.617
198.503
197.335
196.118
194.843
193.508
192.119
190.692
189.241
187.774
186.269
184.698
183.101
181.57
180.036
178.493
176.987
175.519
174.101
172.77
171.561
170.406
169.317
168.344
167.458
166.587
165.766
164.994
164.315
163.684
163.108
162.574
162.068
161.57
161.054
160.562
160.142
159.893
159.836
159.923
160.138
160.323
160.063
233.501
227.643
227.251
226.853
226.272
225.553
224.85
224.327
224.077
224.021
224.083
224.136
224.098
223.943
223.695
223.397
223.073
222.731
222.374
222.012
221.659
221.327
221.02
220.74
220.486
220.254
220.04
219.838
219.646
219.459
219.274
219.091
218.909
218.725
218.539
218.349
218.155
217.959
217.759
217.556
217.351
217.143
216.932
216.72
216.504
216.286
216.063
215.837
215.606
215.37
215.129
214.882
214.628
214.366
214.095
213.813
213.52
213.213
212.892
212.555
212.199
211.825
211.428
211.008
210.565
210.093
209.589
209.05
208.479
207.876
207.236
206.554
205.827
205.054
204.233
203.362
202.442
201.477
200.442
199.357
198.218
197.022
195.769
194.459
193.094
191.67
190.199
188.687
187.128
185.559
184.044
182.459
180.846
179.299
177.846
176.409
175.012
173.629
172.357
171.172
170.06
169.041
168.086
167.151
166.293
165.468
164.717
164.014
163.387
162.819
162.291
161.772
161.236
160.728
160.282
159.993
159.897
159.965
160.162
160.338
160.076
232.486
227.52
227.229
226.911
226.4
225.719
225.006
224.424
224.081
223.949
223.971
224.005
223.973
223.826
223.573
223.257
222.915
222.566
222.216
221.87
221.541
221.236
220.958
220.707
220.479
220.268
220.07
219.883
219.703
219.525
219.349
219.174
218.998
218.821
218.642
218.461
218.275
218.087
217.896
217.702
217.506
217.307
217.106
216.902
216.696
216.487
216.274
216.058
215.837
215.612
215.382
215.146
214.903
214.653
214.394
214.124
213.843
213.55
213.243
212.92
212.58
212.22
211.84
211.439
211.012
210.556
210.071
209.558
209.016
208.441
207.824
207.163
206.455
205.7
204.899
204.049
203.151
202.204
201.194
200.123
198.994
197.808
196.566
195.265
193.907
192.495
191.039
189.547
188.067
186.565
184.966
183.335
181.783
180.244
178.678
177.152
175.712
174.346
172.992
171.749
170.571
169.475
168.447
167.47
166.585
165.71
164.889
164.118
163.459
162.875
162.347
161.816
161.255
160.725
160.27
159.986
159.878
159.922
160.086
160.262
159.986
231.386
227.33
227.18
226.96
226.526
225.886
225.172
224.547
224.108
223.881
223.829
223.834
223.798
223.659
223.41
223.088
222.736
222.388
222.051
221.73
221.431
221.157
220.91
220.687
220.483
220.29
220.108
219.934
219.764
219.596
219.428
219.26
219.091
218.921
218.749
218.574
218.397
218.217
218.034
217.849
217.662
217.472
217.28
217.085
216.889
216.689
216.487
216.28
216.07
215.855
215.635
215.41
215.178
214.939
214.692
214.434
214.166
213.886
213.592
213.284
212.958
212.615
212.251
211.866
211.456
211.02
210.559
210.069
209.545
208.983
208.381
207.739
207.054
206.325
205.551
204.729
203.857
202.931
201.965
200.921
199.827
198.686
197.483
196.214
194.883
193.503
192.078
190.608
189.088
187.495
185.879
184.335
182.74
181.118
179.538
178.045
176.562
175.068
173.613
172.32
171.096
169.919
168.825
167.8
166.872
165.951
165.096
164.313
163.655
163.053
162.498
161.938
161.346
160.777
160.276
159.958
159.84
159.881
160.035
160.196
159.903
230.284
227.127
227.108
226.979
226.631
226.04
225.334
224.666
224.139
223.808
223.662
223.618
223.565
223.433
223.2
222.888
222.54
222.201
221.887
221.598
221.333
221.092
220.875
220.68
220.496
220.321
220.153
219.99
219.83
219.671
219.511
219.35
219.188
219.024
218.858
218.691
218.521
218.349
218.174
217.998
217.819
217.638
217.455
217.27
217.082
216.892
216.699
216.503
216.302
216.097
215.888
215.673
215.453
215.225
214.989
214.744
214.488
214.221
213.94
213.646
213.336
213.008
212.66
212.292
211.9
211.485
211.042
210.568
210.06
209.52
208.948
208.338
207.687
206.99
206.246
205.454
204.613
203.718
202.768
201.762
200.684
199.555
198.369
197.124
195.815
194.436
193
191.51
189.964
188.426
186.911
185.298
183.652
182.054
180.487
178.893
177.33
175.81
174.353
172.975
171.68
170.441
169.298
168.216
167.215
166.246
165.383
164.6
163.928
163.287
162.677
162.093
161.508
160.947
160.433
160.087
159.95
159.997
160.155
160.329
160.018
229.308
227.002
227.029
226.958
226.682
226.144
225.443
224.733
224.138
223.716
223.465
223.356
223.276
223.15
222.944
222.663
222.337
222.02
221.735
221.481
221.253
221.046
220.859
220.686
220.519
220.359
220.203
220.051
219.9
219.749
219.597
219.443
219.287
219.13
218.971
218.81
218.647
218.483
218.316
218.148
217.978
217.806
217.631
217.455
217.277
217.096
216.913
216.726
216.535
216.341
216.141
215.937
215.727
215.51
215.286
215.053
214.809
214.554
214.287
214.007
213.711
213.398
213.067
212.715
212.342
211.945
211.519
211.064
210.582
210.07
209.524
208.937
208.304
207.624
206.898
206.125
205.304
204.431
203.502
202.522
201.47
200.36
199.196
197.97
196.678
195.326
193.922
192.473
191.005
189.502
187.894
186.251
184.667
183.045
181.382
179.716
178.103
176.548
175.038
173.518
172.105
170.772
169.57
168.447
167.405
166.42
165.565
164.755
164.016
163.311
162.641
162.028
161.452
160.901
160.385
160.055
159.948
160.028
160.196
160.366
160.05
228.437
226.89
226.921
226.89
226.671
226.175
225.478
224.744
224.104
223.594
223.241
223.054
222.941
222.819
222.649
222.418
222.137
221.854
221.602
221.385
221.193
221.019
220.857
220.701
220.55
220.403
220.259
220.116
219.974
219.83
219.685
219.539
219.39
219.239
219.087
218.932
218.777
218.619
218.461
218.301
218.139
217.975
217.809
217.642
217.473
217.301
217.127
216.949
216.768
216.584
216.394
216.2
216.001
215.795
215.582
215.36
215.129
214.887
214.633
214.366
214.085
213.787
213.472
213.137
212.781
212.401
211.995
211.563
211.104
210.611
210.08
209.51
208.899
208.248
207.553
206.814
206.027
205.189
204.295
203.347
202.352
201.273
200.139
198.948
197.689
196.367
194.975
193.533
192.038
190.466
188.872
187.302
185.648
183.95
182.277
180.653
179.031
177.407
175.847
174.328
172.899
171.532
170.267
169.066
167.971
166.979
166.115
165.252
164.423
163.633
162.88
162.169
161.502
160.885
160.312
159.93
159.774
159.844
160.053
160.258
159.931
227.416
226.612
226.674
226.691
226.552
226.127
225.443
224.69
224.005
223.424
222.984
222.719
222.572
222.459
222.334
222.172
221.955
221.72
221.503
221.317
221.157
221.012
220.868
220.727
220.589
220.453
220.319
220.184
220.05
219.914
219.776
219.637
219.495
219.35
219.205
219.057
218.908
218.758
218.607
218.455
218.301
218.145
217.988
217.829
217.669
217.507
217.342
217.173
217.002
216.827
216.647
216.463
216.274
216.079
215.877
215.666
215.447
215.217
214.976
214.723
214.456
214.174
213.874
213.556
213.217
212.855
212.47
212.058
211.615
211.141
210.634
210.094
209.517
208.898
208.232
207.519
206.756
205.942
205.072
204.146
203.157
202.109
200.986
199.814
198.575
197.262
195.88
194.444
192.96
191.471
189.952
188.305
186.61
184.965
183.317
181.616
179.937
178.298
176.738
175.184
173.681
172.287
170.969
169.688
168.514
167.455
166.507
165.575
164.711
163.93
163.228
162.543
161.83
161.128
160.497
160.057
159.855
159.871
160.058
160.266
159.951
)
;

boundaryField
{
    inlet
    {
        type            fixedValue;
        value           uniform 223;
    }
    obstacle
    {
        type            zeroGradient;
    }
    bottom
    {
        type            symmetry;
    }
    outlet
    {
        type            inletOutlet;
        inletValue      nonuniform List<scalar> 0();
        value           nonuniform List<scalar> 0();
    }
    top
    {
        type            symmetry;
    }
    defaultFaces
    {
        type            empty;
    }
    procBoundary4to5
    {
        type            processor;
        value           nonuniform List<scalar> 
121
(
243.986
224.587
225.245
225.857
225.951
225.952
225.887
225.785
225.693
225.61
225.52
225.405
225.265
225.101
224.921
224.73
224.53
224.322
224.107
223.885
223.657
223.42
223.171
222.902
222.607
222.28
221.917
221.516
221.073
220.586
220.051
219.467
218.834
218.156
217.439
216.692
215.92
215.126
214.307
213.455
212.558
211.598
210.557
209.415
208.161
206.797
205.342
203.828
202.287
200.753
199.234
197.731
196.257
194.806
193.375
191.953
190.523
189.083
187.683
186.337
184.984
183.614
182.277
181.021
179.854
178.761
177.738
176.787
175.904
175.083
174.342
173.688
173.097
172.549
172.045
171.566
171.118
170.687
170.279
169.89
169.524
169.178
168.852
168.54
168.239
167.947
167.665
167.397
167.142
166.899
166.665
166.439
166.22
166.009
165.806
165.611
165.423
165.241
165.066
164.898
164.737
164.584
164.437
164.298
164.163
164.027
163.884
163.734
163.577
163.43
163.308
163.233
163.203
163.204
163.235
163.308
163.422
163.541
163.638
163.683
163.616
)
;
    }
    procBoundary4to6
    {
        type            processor;
        value           nonuniform List<scalar> 
121
(
225.864
225.869
226.122
226.253
226.215
225.915
225.291
224.533
223.822
223.197
222.694
222.366
222.193
222.097
222.023
221.938
221.8
221.623
221.441
221.28
221.146
221.019
220.89
220.761
220.634
220.508
220.382
220.256
220.129
220
219.87
219.737
219.601
219.464
219.324
219.184
219.042
218.899
218.755
218.611
218.465
218.318
218.169
218.018
217.866
217.713
217.556
217.397
217.235
217.069
216.899
216.725
216.546
216.361
216.17
215.971
215.764
215.546
215.318
215.079
214.826
214.558
214.274
213.972
213.65
213.307
212.939
212.546
212.124
211.674
211.195
210.68
210.123
209.521
208.873
208.181
207.442
206.655
205.815
204.92
203.965
202.959
201.876
200.725
199.513
198.239
196.906
195.514
194.077
192.576
190.963
189.314
187.707
186.03
184.313
182.602
180.973
179.358
177.718
176.118
174.596
173.133
171.751
170.428
169.192
168.049
166.977
165.952
165.006
164.14
163.37
162.668
161.981
161.31
160.69
160.247
160.029
160.021
160.186
160.385
160.039
)
;
    }
}


// ************************************************************************* //
