/*--------------------------------*- C++ -*----------------------------------*\
| =========                 |                                                 |
| \\      /  F ield         | OpenFOAM: The Open Source CFD Toolbox           |
|  \\    /   O peration     | Version:  2412                                  |
|   \\  /    A nd           | Website:  www.openfoam.com                      |
|    \\/     M anipulation  |                                                 |
\*---------------------------------------------------------------------------*/
FoamFile
{
    version     2.0;
    format      ascii;
    arch        "LSB;label=32;scalar=64";
    class       volScalarField;
    location    "0.044";
    object      p;
}
// * * * * * * * * * * * * * * * * * * * * * * * * * * * * * * * * * * * * * //

dimensions      [1 -1 -2 0 0 0 0];

internalField   nonuniform List<scalar> 
9763
(
2814.21
2873.95
2813.68
2871.87
2814.59
2871.02
2815.51
2868.98
2815.55
2867.56
2814.47
2865.74
2813.35
2864
2813.11
2862.36
2813.41
2860.69
2813.03
2858.87
2812.31
2856.91
2811.89
2854.91
2811.54
2852.97
2811.06
2850.82
2810.53
2848.67
2810.01
2846.39
2809.47
2844.1
2808.89
2841.67
2808.29
2839.23
2807.65
2836.67
2806.99
2834.08
2806.28
2831.39
2805.54
2828.67
2804.75
2825.85
2803.93
2822.98
2803.07
2820.01
2802.16
2816.98
2801.23
2813.86
2800.25
2810.66
2799.25
2807.38
2798.21
2804.02
2797.13
2800.6
2795.98
2797.14
2794.76
2793.64
2793.46
2790.08
2792.07
2786.49
2790.59
2782.85
2789.01
2779.17
2787.32
2775.43
2785.54
2771.65
2767.81
2763.92
2759.95
3919.1
2942.83
2954.45
2959.97
2955.35
2948.97
2941.41
2933.02
2925.13
2918.33
2912.51
2906.89
2901.13
2894.86
2888.11
2881.04
2873.77
2866.39
2858.83
2851.06
2842.99
2834.65
2826.09
2817.38
2808.61
2799.79
2790.95
2782.05
2773.07
2763.96
2754.68
2745.24
2735.69
2726.11
2716.59
2707.18
2697.91
2688.8
2679.98
2671.57
2663.77
2656.71
2650.49
2645.16
2640.71
2637.16
2634.45
2632.69
2631.54
2631.22
2631.92
2633.15
2634.63
2636.82
2639.47
2642.07
2645.32
2648.93
2652.73
2656.83
2660.68
2664.98
2669.34
2674.07
2678.86
2683.52
2688.07
2692.44
2696.88
2701.43
2706.01
2710.52
2714.98
2719.43
2723.81
2728.16
2732.49
2736.87
2741.26
2745.69
2750.09
2754.5
2758.82
2763.09
2767.27
2771.41
2775.5
2779.57
2783.56
2787.5
2791.2
2794.72
2798.08
2801.28
2804.32
2807.21
2809.96
2812.54
2814.97
2817.22
2819.33
2821.22
2822.96
2824.48
2825.83
2826.99
2827.94
2828.73
2829.38
2829.83
2830.12
2830.22
2830.11
2829.71
2828.89
2827.72
2826.12
2824.08
2821.47
2820.64
2812.62
3918.81
2942.61
2953.88
2959.57
2955.05
2948.73
2941.18
2932.79
2924.92
2918.14
2912.34
2906.73
2900.97
2894.69
2887.93
2880.83
2873.54
2866.13
2858.55
2850.74
2842.65
2834.27
2825.67
2816.92
2808.08
2799.19
2790.26
2781.27
2772.18
2762.95
2753.52
2743.92
2734.19
2724.42
2714.69
2705.08
2695.6
2686.29
2677.26
2668.65
2660.64
2653.38
2646.99
2641.51
2636.95
2633.3
2630.53
2628.71
2627.53
2627.16
2627.84
2629.13
2630.67
2632.97
2635.8
2638.6
2642.04
2645.83
2649.62
2653.75
2657.45
2661.42
2665.53
2669.96
2674.74
2679.51
2684.26
2688.81
2693.31
2697.78
2702.24
2706.62
2711.02
2715.41
2719.75
2724.06
2728.38
2732.71
2737.06
2741.45
2745.82
2750.21
2754.51
2758.76
2762.91
2767.01
2771.04
2775
2778.85
2782.55
2786.05
2789.38
2792.55
2795.55
2798.38
2801.06
2803.59
2805.96
2808.18
2810.26
2812.2
2814
2815.68
2817.22
2818.63
2819.94
2821.09
2822.1
2823.01
2823.79
2824.44
2824.97
2825.38
2825.72
2825.95
2826.11
2826.17
2826.15
2826.13
2826.24
2826.01
3918.45
2942.43
2953.35
2959.32
2954.78
2948.49
2940.95
2932.57
2924.72
2917.97
2912.17
2906.58
2900.82
2894.53
2887.75
2880.63
2873.32
2865.87
2858.27
2850.44
2842.32
2833.91
2825.27
2816.47
2807.57
2798.6
2789.59
2780.49
2771.29
2761.92
2752.34
2742.57
2732.65
2722.67
2712.73
2702.89
2693.2
2683.68
2674.42
2665.59
2657.35
2649.88
2643.28
2637.64
2632.95
2629.2
2626.36
2624.45
2623.23
2622.86
2623.52
2624.78
2626.32
2628.64
2631.51
2634.38
2637.88
2641.7
2645.48
2649.56
2653.24
2657.18
2661.2
2665.5
2670.13
2674.83
2679.53
2683.98
2688.46
2692.84
2697.19
2701.44
2705.68
2709.95
2714.12
2718.22
2722.32
2726.46
2730.64
2734.87
2739.1
2743.34
2747.47
2751.53
2755.45
2759.28
2763
2766.63
2770.14
2773.53
2776.75
2779.81
2782.7
2785.44
2788.03
2790.47
2792.77
2794.91
2796.91
2798.78
2800.51
2802.1
2803.59
2804.94
2806.2
2807.35
2808.36
2809.31
2810.14
2810.92
2811.59
2812.21
2812.73
2813.21
2813.61
2813.97
2814.28
2814.56
2814.81
2815.1
2815.57
3917.93
2942.28
2952.83
2959.04
2954.52
2948.26
2940.73
2932.37
2924.52
2917.79
2912.02
2906.44
2900.67
2894.38
2887.58
2880.44
2873.1
2865.64
2858
2850.15
2842.01
2833.57
2824.89
2816.04
2807.08
2798.04
2788.94
2779.75
2770.44
2760.94
2751.22
2741.28
2731.18
2721
2710.84
2700.79
2690.88
2681.14
2671.67
2662.62
2654.16
2646.47
2639.68
2633.87
2629.05
2625.21
2622.29
2620.3
2619.06
2618.66
2619.3
2620.53
2622.09
2624.46
2627.42
2630.38
2633.9
2637.65
2641.43
2645.55
2649.3
2653.24
2657.2
2661.34
2665.85
2670.35
2674.89
2679.16
2683.54
2687.77
2692.06
2696.25
2700.47
2704.73
2708.81
2712.77
2716.69
2720.56
2724.46
2728.39
2732.33
2736.28
2740.13
2743.91
2747.54
2751.04
2754.37
2757.56
2760.6
2763.51
2766.29
2768.95
2771.49
2773.91
2776.21
2778.39
2780.45
2782.38
2784.19
2785.88
2787.46
2788.92
2790.28
2791.53
2792.71
2793.78
2794.75
2795.65
2796.47
2797.23
2797.92
2798.55
2799.13
2799.67
2800.17
2800.64
2801.08
2801.51
2801.91
2802.3
2802.83
3917.8
2942.12
2952.36
2958.76
2954.25
2948.03
2940.51
2932.16
2924.34
2917.63
2911.87
2906.3
2900.53
2894.23
2887.42
2880.26
2872.9
2865.41
2857.75
2849.87
2841.7
2833.24
2824.53
2815.63
2806.61
2797.51
2788.33
2779.05
2769.62
2760
2750.14
2740.04
2729.76
2719.38
2709.02
2698.75
2688.62
2678.68
2668.99
2659.72
2651.04
2643.14
2636.15
2630.16
2625.22
2621.28
2618.29
2616.24
2614.96
2614.55
2615.15
2616.36
2617.96
2620.39
2623.39
2626.37
2629.91
2633.63
2637.48
2641.63
2645.47
2649.44
2653.24
2657.09
2661.31
2665.59
2670.09
2674.36
2678.82
2683.04
2687.32
2691.44
2695.57
2699.71
2703.6
2707.37
2711.04
2714.64
2718.26
2721.88
2725.52
2729.17
2732.73
2736.25
2739.62
2742.88
2745.97
2748.93
2751.72
2754.37
2756.87
2759.24
2761.49
2763.61
2765.62
2767.51
2769.28
2770.93
2772.46
2773.88
2775.2
2776.42
2777.55
2778.6
2779.58
2780.47
2781.32
2782.09
2782.83
2783.51
2784.16
2784.77
2785.35
2785.9
2786.42
2786.93
2787.41
2787.88
2788.32
2788.72
2789.28
3917.57
2941.96
2951.87
2958.49
2953.99
2947.8
2940.3
2931.96
2924.16
2917.46
2911.72
2906.16
2900.39
2894.09
2887.26
2880.08
2872.7
2865.18
2857.5
2849.6
2841.41
2832.92
2824.17
2815.23
2806.15
2796.98
2787.73
2778.35
2768.82
2759.07
2749.07
2738.82
2728.36
2717.79
2707.21
2696.73
2686.39
2676.23
2666.33
2656.84
2647.95
2639.83
2632.64
2626.48
2621.41
2617.37
2614.32
2612.2
2610.9
2610.47
2611.06
2612.26
2613.91
2616.38
2619.38
2622.34
2625.9
2629.57
2633.42
2637.57
2641.47
2645.45
2649.21
2652.97
2657.05
2661.14
2665.54
2669.75
2674.2
2678.32
2682.53
2686.55
2690.62
2694.71
2698.48
2702.1
2705.59
2708.98
2712.36
2715.73
2719.1
2722.48
2725.8
2729.08
2732.23
2735.26
2738.11
2740.82
2743.35
2745.76
2748.02
2750.16
2752.19
2754.11
2755.92
2757.63
2759.21
2760.69
2762.06
2763.31
2764.47
2765.53
2766.51
2767.4
2768.21
2768.95
2769.63
2770.25
2770.82
2771.33
2771.82
2772.27
2772.68
2773.09
2773.46
2773.83
2774.19
2774.55
2774.9
2775.14
2775
3917.32
2941.83
2951.36
2958.2
2953.73
2947.57
2940.08
2931.76
2923.97
2917.3
2911.58
2906.02
2900.26
2893.94
2887.1
2879.9
2872.49
2864.96
2857.25
2849.33
2841.11
2832.6
2823.81
2814.82
2805.69
2796.46
2787.12
2777.66
2768.02
2758.15
2748.01
2737.59
2726.96
2716.19
2705.4
2694.7
2684.14
2673.76
2663.64
2653.92
2644.8
2636.47
2629.07
2622.74
2617.52
2613.39
2610.27
2608.1
2606.78
2606.33
2606.89
2608.05
2609.74
2612.26
2615.27
2618.23
2621.78
2625.35
2629.14
2633.26
2637.27
2641.33
2645.13
2648.89
2652.84
2656.74
2660.97
2665.08
2669.47
2673.5
2677.59
2681.46
2685.39
2689.35
2692.99
2696.49
2699.84
2703.1
2706.35
2709.53
2712.7
2715.86
2718.96
2722.03
2725
2727.89
2730.61
2733.2
2735.63
2737.92
2740.05
2742.07
2743.95
2745.72
2747.38
2748.92
2750.37
2751.7
2752.94
2754.07
2755.13
2756.09
2756.99
2757.81
2758.57
2759.25
2759.89
2760.47
2761.01
2761.49
2761.95
2762.36
2762.76
2763.14
2763.49
2763.83
2764.16
2764.51
2764.87
2765.27
2765.74
3917.14
2941.65
2950.83
2957.91
2953.46
2947.34
2939.86
2931.55
2923.79
2917.14
2911.43
2905.88
2900.12
2893.8
2886.94
2879.72
2872.29
2864.73
2857
2849.05
2840.82
2832.28
2823.46
2814.42
2805.23
2795.93
2786.52
2776.96
2767.21
2757.21
2746.93
2736.35
2725.53
2714.56
2703.56
2692.63
2681.84
2671.23
2660.89
2650.94
2641.6
2633.04
2625.43
2618.91
2613.55
2609.31
2606.13
2603.91
2602.56
2602.08
2602.6
2603.76
2605.51
2608.08
2611.09
2614.05
2617.51
2620.95
2624.72
2628.86
2633.02
2637.12
2640.93
2644.62
2648.43
2652.21
2656.28
2660.27
2664.53
2668.43
2672.37
2676.09
2679.88
2683.72
2687.26
2690.67
2693.93
2697.09
2700.22
2703.27
2706.26
2709.23
2712.11
2714.96
2717.7
2720.38
2722.9
2725.31
2727.58
2729.73
2731.73
2733.63
2735.39
2737.05
2738.6
2740.05
2741.39
2742.64
2743.8
2744.87
2745.86
2746.78
2747.63
2748.41
2749.14
2749.79
2750.4
2750.95
2751.45
2751.9
2752.33
2752.7
2753.05
2753.37
2753.66
2753.93
2754.16
2754.39
2754.64
2754.99
2755.89
3917.02
2941.45
2950.29
2957.61
2953.18
2947.1
2939.64
2931.35
2923.6
2916.97
2911.28
2905.74
2899.98
2893.65
2886.78
2879.54
2872.09
2864.5
2856.74
2848.77
2840.52
2831.95
2823.09
2814.01
2804.77
2795.4
2785.9
2776.25
2766.39
2756.27
2745.84
2735.09
2724.09
2712.91
2701.68
2690.52
2679.49
2668.65
2658.06
2647.88
2638.3
2629.5
2621.68
2614.97
2609.45
2605.1
2601.85
2599.58
2598.22
2597.72
2598.21
2599.35
2601.16
2603.74
2606.71
2609.63
2613.03
2616.41
2620.17
2624.27
2628.45
2632.57
2636.46
2640.15
2643.91
2647.61
2651.52
2655.34
2659.38
2663.1
2666.86
2670.44
2674.06
2677.76
2681.18
2684.48
2687.63
2690.71
2693.74
2696.67
2699.53
2702.35
2705.04
2707.68
2710.21
2712.68
2715.01
2717.25
2719.36
2721.36
2723.23
2724.97
2726.6
2728.11
2729.49
2730.77
2731.94
2733.03
2734.03
2734.95
2735.8
2736.59
2737.31
2737.98
2738.59
2739.13
2739.63
2740.07
2740.46
2740.8
2741.1
2741.35
2741.57
2741.74
2741.89
2742.01
2742.1
2742.17
2742.24
2742.36
2742.2
3916.6
2941.24
2949.74
2957.29
2952.9
2946.86
2939.41
2931.14
2923.41
2916.8
2911.13
2905.6
2899.84
2893.5
2886.61
2879.36
2871.88
2864.26
2856.48
2848.49
2840.21
2831.62
2822.73
2813.6
2804.3
2794.86
2785.29
2775.54
2765.57
2755.31
2744.73
2733.82
2722.63
2711.23
2699.77
2688.37
2677.1
2666.01
2655.18
2644.75
2634.92
2625.9
2617.85
2610.94
2605.25
2600.78
2597.46
2595.15
2593.77
2593.25
2593.71
2594.83
2596.67
2599.2
2602.17
2605.11
2608.47
2611.8
2615.49
2619.52
2623.7
2627.79
2631.76
2635.49
2639.26
2642.89
2646.65
2650.29
2654.1
2657.64
2661.23
2664.69
2668.2
2671.77
2675.11
2678.29
2681.32
2684.28
2687.17
2689.95
2692.66
2695.29
2697.76
2700.16
2702.42
2704.61
2706.7
2708.71
2710.62
2712.45
2714.17
2715.78
2717.28
2718.66
2719.92
2721.07
2722.13
2723.09
2723.97
2724.78
2725.52
2726.19
2726.81
2727.38
2727.89
2728.35
2728.76
2729.12
2729.43
2729.69
2729.92
2730.09
2730.24
2730.35
2730.44
2730.49
2730.52
2730.52
2730.51
2730.44
2730.34
3916.5
2941.03
2949.19
2956.98
2952.62
2946.61
2939.18
2930.93
2923.22
2916.64
2910.98
2905.46
2899.69
2893.34
2886.44
2879.17
2871.67
2864.03
2856.22
2848.21
2839.9
2831.28
2822.36
2813.19
2803.83
2794.32
2784.66
2774.82
2764.74
2754.35
2743.62
2732.53
2721.14
2709.54
2697.84
2686.19
2674.67
2663.33
2652.24
2641.56
2631.47
2622.2
2613.92
2606.81
2600.95
2596.35
2592.95
2590.6
2589.21
2588.67
2589.11
2590.21
2592.08
2594.54
2597.52
2600.48
2603.81
2607.1
2610.72
2614.66
2618.79
2622.83
2626.83
2630.59
2634.44
2638.04
2641.69
2645.21
2648.81
2652.16
2655.57
2658.9
2662.26
2665.66
2668.85
2671.84
2674.69
2677.46
2680.16
2682.78
2685.34
2687.84
2690.17
2692.41
2694.5
2696.51
2698.42
2700.25
2702
2703.69
2705.25
2706.73
2708.09
2709.35
2710.48
2711.52
2712.46
2713.32
2714.11
2714.82
2715.47
2716.07
2716.61
2717.11
2717.56
2717.96
2718.32
2718.63
2718.9
2719.13
2719.33
2719.49
2719.63
2719.72
2719.81
2719.85
2719.89
2719.89
2719.88
2719.82
2719.74
3916.36
2940.81
2948.62
2956.65
2952.33
2946.36
2938.95
2930.71
2923.03
2916.47
2910.82
2905.31
2899.55
2893.19
2886.28
2878.98
2871.46
2863.79
2855.96
2847.92
2839.6
2830.95
2822
2812.78
2803.36
2793.78
2784.04
2774.1
2763.91
2753.38
2742.5
2731.24
2719.65
2707.83
2695.89
2683.99
2672.2
2660.6
2649.26
2638.31
2627.97
2618.45
2609.94
2602.61
2596.58
2591.85
2588.36
2585.96
2584.55
2584.01
2584.44
2585.53
2587.43
2589.81
2592.77
2595.73
2599.06
2602.34
2605.88
2609.66
2613.66
2617.72
2621.8
2625.64
2629.6
2633.18
2636.71
2640.02
2643.4
2646.58
2649.88
2653.11
2656.37
2659.63
2662.7
2665.55
2668.24
2670.8
2673.3
2675.71
2678.1
2680.42
2682.58
2684.65
2686.56
2688.38
2690.08
2691.76
2693.33
2694.84
2696.26
2697.61
2698.85
2700.01
2701.07
2702.04
2702.93
2703.74
2704.47
2705.14
2705.75
2706.31
2706.81
2707.27
2707.69
2708.06
2708.4
2708.7
2708.96
2709.18
2709.38
2709.55
2709.69
2709.81
2709.92
2709.99
2710.05
2710.1
2710.12
2710.13
2710.1
3916.17
2940.59
2948.06
2956.33
2952.04
2946.11
2938.71
2930.49
2922.84
2916.3
2910.67
2905.17
2899.4
2893.03
2886.11
2878.79
2871.24
2863.55
2855.7
2847.64
2839.29
2830.62
2821.63
2812.37
2802.89
2793.24
2783.42
2773.38
2763.07
2752.42
2741.37
2729.94
2718.16
2706.11
2693.93
2681.76
2669.71
2657.84
2646.23
2635.02
2624.41
2614.63
2605.89
2598.35
2592.13
2587.26
2583.68
2581.22
2579.8
2579.27
2579.7
2580.78
2582.7
2584.98
2587.95
2590.98
2594.29
2597.56
2601.03
2604.67
2608.53
2612.59
2616.74
2620.65
2624.58
2628.03
2631.45
2634.69
2637.97
2641.08
2644.29
2647.37
2650.47
2653.55
2656.44
2659.13
2661.65
2664.01
2666.31
2668.51
2670.71
2672.85
2674.87
2676.82
2678.62
2680.34
2681.94
2683.48
2684.9
2686.26
2687.53
2688.74
2689.85
2690.91
2691.87
2692.78
2693.6
2694.37
2695.06
2695.7
2696.28
2696.81
2697.29
2697.73
2698.13
2698.49
2698.82
2699.11
2699.37
2699.6
2699.81
2699.99
2700.16
2700.3
2700.43
2700.55
2700.64
2700.73
2700.8
2700.86
2700.91
3915.97
2940.36
2947.48
2955.99
2951.74
2945.86
2938.48
2930.28
2922.64
2916.12
2910.52
2905.02
2899.25
2892.88
2885.93
2878.6
2871.03
2863.32
2855.44
2847.35
2838.98
2830.28
2821.26
2811.96
2802.43
2792.71
2782.8
2772.67
2762.24
2751.45
2740.25
2728.64
2716.66
2704.39
2691.96
2679.53
2667.21
2655.06
2643.17
2631.69
2620.81
2610.78
2601.79
2594.04
2587.64
2582.63
2578.94
2576.42
2574.98
2574.44
2574.87
2575.95
2577.92
2580.16
2583.14
2586.24
2589.51
2592.74
2596.17
2599.67
2603.41
2607.45
2611.61
2615.61
2619.52
2622.89
2626.19
2629.39
2632.58
2635.61
2638.72
2641.64
2644.6
2647.52
2650.23
2652.79
2655.18
2657.39
2659.51
2661.52
2663.49
2665.42
2667.26
2669.02
2670.69
2672.31
2673.78
2675.18
2676.45
2677.67
2678.79
2679.87
2680.87
2681.82
2682.72
2683.56
2684.35
2685.09
2685.76
2686.38
2686.95
2687.46
2687.94
2688.38
2688.78
2689.15
2689.49
2689.79
2690.07
2690.33
2690.56
2690.77
2690.96
2691.14
2691.3
2691.46
2691.59
2691.72
2691.85
2691.97
2692.08
3915.86
2940.13
2946.91
2955.65
2951.44
2945.6
2938.24
2930.06
2922.45
2915.95
2910.36
2904.88
2899.11
2892.72
2885.76
2878.41
2870.82
2863.08
2855.18
2847.06
2838.67
2829.95
2820.9
2811.55
2801.96
2792.17
2782.18
2771.95
2761.41
2750.49
2739.13
2727.34
2715.16
2702.67
2689.99
2677.29
2664.69
2652.26
2640.09
2628.32
2617.17
2606.87
2597.65
2589.68
2583.09
2577.93
2574.13
2571.54
2570.07
2569.52
2569.96
2571.06
2573.09
2575.32
2578.28
2581.4
2584.59
2587.87
2591.33
2594.75
2598.4
2602.41
2606.54
2610.56
2614.43
2617.75
2620.91
2624.1
2627.22
2630.18
2633.14
2635.9
2638.69
2641.42
2643.93
2646.34
2648.6
2650.72
2652.69
2654.56
2656.37
2658.09
2659.72
2661.34
2662.88
2664.36
2665.72
2667.01
2668.16
2669.26
2670.25
2671.2
2672.08
2672.94
2673.75
2674.53
2675.27
2675.96
2676.6
2677.19
2677.74
2678.24
2678.71
2679.15
2679.55
2679.93
2680.28
2680.6
2680.9
2681.18
2681.43
2681.67
2681.89
2682.1
2682.29
2682.48
2682.65
2682.82
2682.98
2683.15
2683.32
3915.77
2939.89
2946.32
2955.3
2951.14
2945.34
2938
2929.83
2922.25
2915.78
2910.21
2904.73
2898.96
2892.57
2885.59
2878.22
2870.61
2862.85
2854.91
2846.78
2838.37
2829.62
2820.54
2811.15
2801.5
2791.64
2781.57
2771.24
2760.59
2749.53
2738.02
2726.05
2713.66
2700.94
2688.02
2675.05
2662.16
2649.44
2636.99
2624.94
2613.51
2602.95
2593.47
2585.28
2578.5
2573.19
2569.28
2566.61
2565.09
2564.54
2564.97
2566.11
2568.18
2570.42
2573.36
2576.56
2579.7
2583.05
2586.6
2589.97
2593.55
2597.51
2601.54
2605.58
2609.38
2612.65
2615.77
2618.94
2621.94
2624.78
2627.54
2630.13
2632.77
2635.3
2637.67
2639.95
2642.06
2644.08
2645.95
2647.67
2649.3
2650.83
2652.29
2653.72
2655.09
2656.42
2657.65
2658.81
2659.85
2660.82
2661.7
2662.54
2663.33
2664.11
2664.85
2665.57
2666.25
2666.9
2667.51
2668.08
2668.6
2669.1
2669.56
2669.99
2670.4
2670.79
2671.15
2671.49
2671.81
2672.1
2672.38
2672.65
2672.89
2673.13
2673.34
2673.56
2673.76
2673.96
2674.15
2674.35
2674.57
3915.7
2939.64
2945.73
2954.95
2950.83
2945.07
2937.76
2929.61
2922.05
2915.6
2910.05
2904.58
2898.81
2892.41
2885.42
2878.04
2870.4
2862.61
2854.66
2846.5
2838.06
2829.29
2820.18
2810.74
2801.04
2791.11
2780.96
2770.53
2759.77
2748.57
2736.9
2724.76
2712.17
2699.22
2686.04
2672.8
2659.62
2646.61
2633.86
2621.52
2609.81
2598.98
2589.25
2580.83
2573.86
2568.39
2564.36
2561.61
2560.04
2559.48
2559.9
2561.08
2563.2
2565.48
2568.4
2571.67
2574.79
2578.2
2581.87
2585.26
2588.81
2592.64
2596.53
2600.59
2604.37
2607.67
2610.79
2613.92
2616.74
2619.38
2621.89
2624.33
2626.82
2629.19
2631.41
2633.52
2635.49
2637.36
2639.11
2640.74
2642.25
2643.63
2644.94
2646.21
2647.42
2648.59
2649.68
2650.72
2651.64
2652.51
2653.29
2654.05
2654.75
2655.45
2656.11
2656.76
2657.37
2657.96
2658.52
2659.04
2659.53
2660
2660.44
2660.86
2661.26
2661.65
2662.01
2662.36
2662.68
2662.99
2663.28
2663.57
2663.82
2664.08
2664.31
2664.55
2664.76
2664.98
2665.2
2665.41
2665.66
3915.63
2939.39
2945.14
2954.59
2950.52
2944.81
2937.51
2929.39
2921.85
2915.43
2909.89
2904.44
2898.67
2892.26
2885.26
2877.85
2870.19
2862.38
2854.4
2846.22
2837.76
2828.97
2819.82
2810.34
2800.59
2790.59
2780.35
2769.83
2758.95
2747.62
2735.8
2723.47
2710.68
2697.51
2684.07
2670.55
2657.07
2643.76
2630.72
2618.09
2606.09
2594.99
2585
2576.35
2569.18
2563.55
2559.39
2556.56
2554.93
2554.34
2554.76
2555.98
2558.13
2560.47
2563.36
2566.69
2569.83
2573.36
2577.18
2580.63
2584.18
2587.87
2591.61
2595.65
2599.43
2602.79
2605.94
2609
2611.61
2614.03
2616.29
2618.6
2621
2623.28
2625.38
2627.31
2629.1
2630.79
2632.38
2633.91
2635.29
2636.54
2637.7
2638.78
2639.82
2640.81
2641.75
2642.64
2643.45
2644.22
2644.92
2645.6
2646.23
2646.84
2647.42
2647.99
2648.52
2649.04
2649.53
2650.01
2650.45
2650.88
2651.29
2651.69
2652.08
2652.45
2652.81
2653.16
2653.48
2653.8
2654.09
2654.38
2654.65
2654.92
2655.16
2655.41
2655.63
2655.87
2656.09
2656.32
2656.58
3915.6
2939.12
2944.54
2954.23
2950.21
2944.54
2937.27
2929.16
2921.65
2915.25
2909.74
2904.29
2898.52
2892.1
2885.09
2877.66
2869.98
2862.14
2854.14
2845.93
2837.46
2828.64
2819.47
2809.95
2800.14
2790.07
2779.75
2769.13
2758.14
2746.67
2734.69
2722.19
2709.2
2695.79
2682.1
2668.29
2654.52
2640.9
2627.55
2614.63
2602.34
2590.96
2580.72
2571.83
2564.45
2558.65
2554.36
2551.43
2549.75
2549.13
2549.54
2550.8
2552.98
2555.37
2558.25
2561.67
2564.87
2568.5
2572.47
2576.02
2579.62
2583.22
2586.82
2590.75
2594.44
2597.86
2601.05
2604.1
2606.55
2608.79
2610.81
2613.02
2615.32
2617.49
2619.46
2621.2
2622.83
2624.3
2625.73
2627.1
2628.35
2629.47
2630.49
2631.44
2632.32
2633.15
2633.94
2634.69
2635.38
2636.05
2636.67
2637.27
2637.81
2638.34
2638.83
2639.3
2639.74
2640.17
2640.59
2640.99
2641.38
2641.76
2642.13
2642.49
2642.85
2643.2
2643.54
2643.87
2644.19
2644.49
2644.78
2645.06
2645.32
2645.59
2645.83
2646.07
2646.29
2646.53
2646.75
2646.98
2647.24
3915.57
2938.85
2943.93
2953.86
2949.89
2944.27
2937.02
2928.93
2921.45
2915.08
2909.58
2904.14
2898.38
2891.95
2884.92
2877.48
2869.77
2861.91
2853.88
2845.65
2837.15
2828.32
2819.11
2809.55
2799.69
2789.55
2779.15
2768.44
2757.33
2745.73
2733.6
2720.91
2707.71
2694.08
2680.14
2666.04
2651.96
2638.03
2624.38
2611.15
2598.58
2586.91
2576.41
2567.28
2559.69
2553.7
2549.28
2546.25
2544.5
2543.84
2544.24
2545.53
2547.73
2550.18
2553.1
2556.62
2559.88
2563.62
2567.71
2571.37
2575.03
2578.57
2582.07
2585.91
2589.49
2592.92
2596.11
2599.14
2601.5
2603.63
2605.51
2607.64
2609.81
2611.86
2613.69
2615.29
2616.75
2618.02
2619.28
2620.47
2621.57
2622.54
2623.41
2624.2
2624.9
2625.56
2626.18
2626.77
2627.34
2627.9
2628.43
2628.94
2629.4
2629.83
2630.22
2630.6
2630.95
2631.3
2631.63
2631.97
2632.29
2632.62
2632.94
2633.25
2633.58
2633.89
2634.21
2634.51
2634.81
2635.09
2635.37
2635.63
2635.88
2636.13
2636.36
2636.59
2636.8
2637.02
2637.23
2637.45
2637.7
3915.62
2938.57
2943.32
2953.48
2949.57
2944
2936.77
2928.71
2921.25
2914.9
2909.43
2904
2898.23
2891.8
2884.75
2877.29
2869.57
2861.68
2853.62
2845.38
2836.85
2828
2818.76
2809.16
2799.24
2789.04
2778.56
2767.74
2756.52
2744.79
2732.5
2719.64
2706.24
2692.37
2678.17
2663.79
2649.4
2635.15
2621.18
2607.64
2594.77
2582.83
2572.07
2562.69
2554.88
2548.7
2544.13
2540.99
2539.16
2538.47
2538.85
2540.18
2542.41
2544.91
2547.88
2551.51
2554.84
2558.69
2562.9
2566.72
2570.49
2573.98
2577.34
2581.06
2584.52
2587.91
2590.98
2594
2596.35
2598.47
2600.3
2602.3
2604.3
2606.17
2607.83
2609.32
2610.64
2611.77
2612.83
2613.84
2614.79
2615.61
2616.36
2617.01
2617.57
2618.07
2618.53
2618.98
2619.42
2619.86
2620.28
2620.67
2621.03
2621.36
2621.66
2621.94
2622.2
2622.45
2622.71
2622.96
2623.22
2623.48
2623.74
2624.01
2624.28
2624.55
2624.83
2625.1
2625.36
2625.61
2625.86
2626.1
2626.33
2626.55
2626.77
2626.98
2627.17
2627.37
2627.57
2627.78
2628
3915.6
2938.28
2942.7
2953.1
2949.25
2943.72
2936.52
2928.48
2921.04
2914.73
2909.27
2903.85
2898.08
2891.64
2884.59
2877.11
2869.36
2861.45
2853.37
2845.1
2836.55
2827.68
2818.41
2808.78
2798.8
2788.53
2777.97
2767.06
2755.72
2743.86
2731.41
2718.37
2704.76
2690.67
2676.21
2661.53
2646.83
2632.26
2617.97
2604.12
2590.96
2578.73
2567.7
2558.08
2550.04
2543.67
2538.93
2535.67
2533.76
2533.02
2533.38
2534.74
2536.99
2539.54
2542.6
2546.35
2549.76
2553.72
2558.06
2562.04
2565.93
2569.39
2572.52
2576.02
2579.39
2582.75
2585.73
2588.74
2591.12
2593.25
2595.1
2596.95
2598.78
2600.44
2601.9
2603.28
2604.5
2605.54
2606.45
2607.32
2608.11
2608.78
2609.39
2609.88
2610.29
2610.64
2610.96
2611.26
2611.57
2611.87
2612.16
2612.43
2612.68
2612.9
2613.1
2613.28
2613.45
2613.62
2613.79
2613.97
2614.15
2614.34
2614.53
2614.74
2614.95
2615.17
2615.39
2615.6
2615.82
2616.03
2616.24
2616.44
2616.64
2616.83
2617.02
2617.2
2617.38
2617.55
2617.72
2617.92
2618.11
3915.74
2937.98
2942.07
2952.7
2948.92
2943.44
2936.26
2928.24
2920.84
2914.55
2909.12
2903.71
2897.94
2891.49
2884.42
2876.92
2869.15
2861.22
2853.11
2844.82
2836.26
2827.36
2818.07
2808.39
2798.37
2788.03
2777.38
2766.37
2754.92
2742.93
2730.32
2717.1
2703.29
2688.97
2674.24
2659.28
2644.26
2629.36
2614.74
2600.58
2587.1
2574.59
2563.28
2553.41
2545.14
2538.57
2533.66
2530.28
2528.28
2527.49
2527.82
2529.2
2531.49
2534.1
2537.26
2541.11
2544.6
2548.65
2553.12
2557.26
2561.27
2564.72
2567.64
2570.95
2574.2
2577.5
2580.45
2583.48
2585.89
2588
2589.82
2591.55
2593.26
2594.72
2595.98
2597.21
2598.31
2599.26
2600.08
2600.8
2601.45
2601.97
2602.45
2602.81
2603.09
2603.31
2603.48
2603.65
2603.81
2603.97
2604.12
2604.26
2604.39
2604.5
2604.6
2604.68
2604.75
2604.82
2604.9
2604.99
2605.09
2605.2
2605.31
2605.44
2605.58
2605.73
2605.88
2606.04
2606.19
2606.35
2606.51
2606.66
2606.81
2606.96
2607.12
2607.26
2607.41
2607.55
2607.69
2607.85
2608.03
3915.74
2937.67
2941.43
2952.31
2948.59
2943.16
2936.01
2928.01
2920.64
2914.38
2908.97
2903.57
2897.79
2891.34
2884.25
2876.73
2868.94
2860.99
2852.86
2844.54
2835.96
2827.04
2817.72
2808.01
2797.93
2787.53
2776.8
2765.69
2754.13
2742
2729.24
2715.83
2701.82
2687.27
2672.28
2657.03
2641.69
2626.46
2611.5
2597.02
2583.24
2570.43
2558.85
2548.72
2540.21
2533.43
2528.34
2524.83
2522.74
2521.88
2522.18
2523.57
2525.89
2528.54
2531.79
2535.76
2539.36
2543.55
2548.14
2552.3
2556.41
2559.91
2562.73
2565.93
2569.07
2572.3
2575.23
2578.21
2580.6
2582.71
2584.48
2586.18
2587.82
2589.12
2590.22
2591.27
2592.22
2593.05
2593.78
2594.38
2594.85
2595.23
2595.57
2595.8
2595.96
2596.06
2596.1
2596.12
2596.13
2596.13
2596.12
2596.12
2596.12
2596.12
2596.1
2596.07
2596.04
2596.01
2595.98
2595.97
2595.97
2595.99
2596.01
2596.05
2596.1
2596.17
2596.25
2596.33
2596.41
2596.5
2596.59
2596.69
2596.79
2596.89
2596.99
2597.09
2597.2
2597.3
2597.4
2597.49
2597.65
3915.93
2937.36
2940.79
2951.9
2948.25
2942.87
2935.75
2927.78
2920.43
2914.21
2908.81
2903.42
2897.65
2891.18
2884.08
2876.55
2868.74
2860.76
2852.61
2844.27
2835.66
2826.72
2817.38
2807.63
2797.5
2787.03
2776.22
2765.02
2753.34
2741.07
2728.15
2714.57
2700.36
2685.57
2670.32
2654.77
2639.11
2623.54
2608.25
2593.43
2579.34
2566.23
2554.36
2543.97
2535.22
2528.22
2522.96
2519.3
2517.11
2516.19
2516.45
2517.84
2520.19
2522.9
2526.23
2530.32
2534
2538.34
2543.03
2547.18
2551.37
2554.91
2557.75
2560.91
2563.99
2567.21
2570.11
2573.02
2575.34
2577.45
2579.16
2580.89
2582.51
2583.72
2584.69
2585.52
2586.28
2586.98
2587.61
2588.07
2588.39
2588.61
2588.78
2588.88
2588.92
2588.88
2588.78
2588.66
2588.49
2588.33
2588.17
2588.04
2587.9
2587.77
2587.63
2587.49
2587.34
2587.19
2587.05
2586.93
2586.81
2586.72
2586.63
2586.57
2586.52
2586.5
2586.48
2586.48
2586.49
2586.5
2586.52
2586.55
2586.58
2586.61
2586.67
2586.71
2586.77
2586.84
2586.95
2587.12
2586.99
3915.99
2937.03
2940.14
2951.48
2947.9
2942.59
2935.49
2927.54
2920.23
2914.03
2908.66
2903.28
2897.5
2891.02
2883.91
2876.36
2868.53
2860.53
2852.35
2843.99
2835.37
2826.4
2817.04
2807.25
2797.07
2786.53
2775.64
2764.34
2752.55
2740.15
2727.08
2713.31
2698.89
2683.88
2668.36
2652.51
2636.52
2620.61
2604.98
2589.84
2575.42
2562.01
2549.85
2539.19
2530.19
2522.97
2517.51
2513.71
2511.41
2510.42
2510.65
2512.04
2514.41
2517.16
2520.57
2524.77
2528.51
2532.93
2537.64
2541.88
2546.13
2549.75
2552.73
2555.95
2559
2562.2
2565.08
2567.92
2570.16
2572.27
2573.94
2575.76
2577.36
2578.53
2579.4
2580.05
2580.61
2581.15
2581.64
2581.95
2582.12
2582.16
2582.16
2582.1
2581.99
2581.82
2581.58
2581.29
2580.96
2580.63
2580.31
2580.03
2579.74
2579.47
2579.19
2578.91
2578.63
2578.35
2578.09
2577.83
2577.59
2577.37
2577.16
2576.99
2576.83
2576.7
2576.59
2576.5
2576.41
2576.35
2576.29
2576.24
2576.21
2576.18
2576.17
2576.15
2576.16
2576.19
2576.28
2576.46
2576.15
3916.22
2936.69
2939.49
2951.06
2947.56
2942.29
2935.22
2927.31
2920.03
2913.86
2908.51
2903.13
2897.36
2890.87
2883.74
2876.17
2868.32
2860.3
2852.1
2843.72
2835.07
2826.09
2816.7
2806.87
2796.64
2786.04
2775.07
2763.67
2751.76
2739.23
2726
2712.05
2697.43
2682.18
2666.4
2650.25
2633.93
2617.67
2601.69
2586.21
2571.48
2557.75
2545.3
2534.35
2525.1
2517.64
2511.98
2508.03
2505.62
2504.55
2504.75
2506.14
2508.53
2511.32
2514.8
2519.13
2522.99
2527.5
2532.17
2536.43
2540.73
2544.46
2547.69
2551.08
2554.07
2557.22
2560.05
2562.85
2565.04
2567.2
2568.85
2570.75
2572.29
2573.4
2574.18
2574.68
2575.07
2575.45
2575.8
2575.97
2576.02
2575.89
2575.71
2575.48
2575.21
2574.89
2574.5
2574.05
2573.56
2573.07
2572.59
2572.14
2571.7
2571.26
2570.84
2570.42
2570
2569.58
2569.17
2568.77
2568.38
2568.01
2567.67
2567.36
2567.07
2566.83
2566.6
2566.4
2566.22
2566.06
2565.91
2565.78
2565.66
2565.56
2565.46
2565.38
2565.32
2565.28
2565.33
2565.53
2565
3916.34
2936.35
2938.82
2950.63
2947.2
2942
2934.96
2927.07
2919.82
2913.68
2908.35
2902.99
2897.21
2890.71
2883.57
2875.98
2868.11
2860.07
2851.85
2843.44
2834.78
2825.77
2816.35
2806.49
2796.22
2785.55
2774.5
2763.01
2750.98
2738.31
2724.92
2710.8
2695.97
2680.48
2664.44
2647.99
2631.34
2614.73
2598.39
2582.58
2567.52
2553.48
2540.72
2529.49
2519.96
2512.25
2506.39
2502.27
2499.74
2498.6
2498.76
2500.13
2502.53
2505.38
2508.93
2513.38
2517.36
2521.96
2526.58
2530.87
2535.17
2539.05
2542.59
2546.23
2549.21
2552.32
2555.06
2557.83
2560
2562.23
2563.93
2565.85
2567.28
2568.28
2569
2569.44
2569.71
2569.95
2570.17
2570.24
2570.16
2569.89
2569.53
2569.11
2568.66
2568.17
2567.61
2566.99
2566.34
2565.68
2565.03
2564.4
2563.79
2563.19
2562.61
2562.04
2561.47
2560.89
2560.33
2559.77
2559.23
2558.71
2558.22
2557.75
2557.33
2556.94
2556.59
2556.26
2555.96
2555.69
2555.44
2555.21
2555
2554.81
2554.62
2554.46
2554.32
2554.21
2554.2
2554.4
2553.65
3916.6
2936
2938.15
2950.19
2946.84
2941.7
2934.69
2926.83
2919.61
2913.51
2908.2
2902.84
2897.06
2890.55
2883.4
2875.8
2867.91
2859.84
2851.6
2843.17
2834.48
2825.46
2816.01
2806.12
2795.79
2785.06
2773.93
2762.34
2750.2
2737.4
2723.85
2709.54
2694.5
2678.79
2662.48
2645.72
2628.73
2611.77
2595.08
2578.92
2563.53
2549.17
2536.11
2524.57
2514.76
2506.8
2500.71
2496.41
2493.76
2492.53
2492.65
2494.02
2496.42
2499.34
2502.97
2507.54
2511.6
2516.27
2520.82
2525.2
2529.6
2533.62
2537.45
2541.36
2544.37
2547.45
2550.09
2552.81
2555.06
2557.33
2559.15
2560.98
2562.27
2563.15
2563.82
2564.25
2564.46
2564.62
2564.69
2564.64
2564.45
2564.06
2563.55
2562.97
2562.34
2561.67
2560.95
2560.16
2559.35
2558.52
2557.7
2556.89
2556.1
2555.34
2554.59
2553.85
2553.11
2552.38
2551.65
2550.92
2550.22
2549.53
2548.88
2548.26
2547.67
2547.14
2546.63
2546.16
2545.72
2545.31
2544.93
2544.58
2544.25
2543.95
2543.66
2543.4
2543.16
2542.97
2542.89
2543.09
2542.12
3916.8
2935.64
2937.46
2949.74
2946.48
2941.39
2934.42
2926.59
2919.41
2913.33
2908.04
2902.69
2896.91
2890.4
2883.23
2875.61
2867.7
2859.61
2851.34
2842.89
2834.19
2825.14
2815.68
2805.75
2795.37
2784.58
2773.36
2761.68
2749.42
2736.48
2722.78
2708.29
2693.04
2677.09
2660.52
2643.46
2626.13
2608.8
2591.75
2575.24
2559.52
2544.84
2531.47
2519.63
2509.52
2501.29
2494.96
2490.47
2487.67
2486.36
2486.43
2487.78
2490.19
2493.19
2496.89
2501.56
2505.74
2510.53
2514.98
2519.44
2523.97
2528.18
2532.27
2536.37
2539.38
2542.46
2545.09
2547.8
2550.2
2552.47
2554.44
2556.1
2557.27
2558.06
2558.74
2559.18
2559.41
2559.51
2559.45
2559.28
2558.95
2558.46
2557.84
2557.12
2556.32
2555.48
2554.59
2553.65
2552.67
2551.68
2550.68
2549.69
2548.72
2547.79
2546.86
2545.95
2545.03
2544.12
2543.2
2542.31
2541.43
2540.58
2539.76
2538.96
2538.21
2537.5
2536.82
2536.19
2535.57
2535
2534.45
2533.94
2533.44
2533
2532.55
2532.16
2531.77
2531.46
2531.28
2531.45
2530.13
3917.08
2935.27
2936.77
2949.29
2946.11
2941.09
2934.14
2926.34
2919.2
2913.15
2907.88
2902.54
2896.76
2890.24
2883.06
2875.42
2867.49
2859.38
2851.09
2842.62
2833.89
2824.83
2815.34
2805.37
2794.95
2784.09
2772.8
2761.02
2748.65
2735.57
2721.71
2707.04
2691.58
2675.39
2658.55
2641.18
2623.51
2605.82
2588.41
2571.54
2555.48
2540.48
2526.79
2514.64
2504.23
2495.7
2489.12
2484.41
2481.45
2480.05
2480.06
2481.4
2483.83
2486.92
2490.71
2495.47
2499.78
2504.8
2509.21
2513.64
2518.36
2522.82
2527.09
2531.29
2534.27
2537.3
2540.06
2542.85
2545.36
2547.59
2549.68
2551.22
2552.33
2553.07
2553.81
2554.24
2554.51
2554.53
2554.35
2554.06
2553.61
2553.05
2552.36
2551.54
2550.6
2549.6
2548.54
2547.44
2546.31
2545.15
2543.98
2542.83
2541.7
2540.59
2539.49
2538.39
2537.27
2536.18
2535.07
2534.01
2532.95
2531.93
2530.94
2529.97
2529.05
2528.16
2527.3
2526.49
2525.7
2524.96
2524.23
2523.55
2522.89
2522.28
2521.68
2521.14
2520.61
2520.16
2519.86
2520
2518.38
3917.36
2934.88
2936.07
2948.82
2945.73
2940.78
2933.87
2926.1
2918.99
2912.97
2907.72
2902.39
2896.61
2890.08
2882.89
2875.23
2867.28
2859.15
2850.84
2842.34
2833.6
2824.51
2815
2805
2794.53
2783.61
2772.24
2760.36
2747.87
2734.66
2720.64
2705.79
2690.12
2673.7
2656.58
2638.91
2620.9
2602.84
2585.05
2567.83
2551.43
2536.1
2522.09
2509.62
2498.9
2490.07
2483.21
2478.27
2475.12
2473.6
2473.54
2474.86
2477.31
2480.51
2484.38
2489.24
2493.63
2498.92
2503.47
2507.87
2512.76
2517.5
2521.88
2526.16
2529.12
2532.11
2535.1
2537.97
2540.53
2542.78
2544.84
2546.36
2547.48
2548.17
2548.97
2549.35
2549.64
2549.63
2549.42
2549.03
2548.47
2547.84
2547.08
2546.19
2545.16
2544.04
2542.84
2541.59
2540.31
2539
2537.68
2536.37
2535.08
2533.81
2532.53
2531.25
2529.94
2528.66
2527.37
2526.13
2524.88
2523.69
2522.51
2521.36
2520.25
2519.17
2518.14
2517.15
2516.17
2515.24
2514.32
2513.46
2512.61
2511.83
2511.05
2510.34
2509.65
2509.05
2508.62
2508.67
2506.77
3917.68
2934.49
2935.36
2948.34
2945.35
2940.46
2933.58
2925.85
2918.77
2912.79
2907.56
2902.24
2896.45
2889.92
2882.71
2875.04
2867.07
2858.92
2850.58
2842.07
2833.3
2824.2
2814.66
2804.63
2794.12
2783.13
2771.68
2759.7
2747.1
2733.75
2719.58
2704.54
2688.66
2672
2654.61
2636.63
2618.27
2599.84
2581.68
2564.08
2547.34
2531.68
2517.35
2504.55
2493.51
2484.36
2477.21
2472.01
2468.66
2467.01
2466.86
2468.15
2470.63
2473.94
2477.91
2482.93
2487.48
2493
2497.59
2502.07
2507.13
2512.06
2516.55
2520.97
2524.04
2527.04
2530.27
2533.24
2535.85
2538.12
2540.06
2541.62
2542.77
2543.41
2544.18
2544.54
2544.84
2544.9
2544.69
2544.23
2543.58
2542.87
2542.04
2541.09
2539.99
2538.77
2537.45
2536.09
2534.67
2533.23
2531.77
2530.33
2528.89
2527.46
2526.02
2524.57
2523.09
2521.64
2520.18
2518.77
2517.34
2515.97
2514.6
2513.28
2511.99
2510.71
2509.49
2508.31
2507.15
2506.04
2504.94
2503.89
2502.87
2501.9
2500.96
2500.07
2499.21
2498.43
2497.82
2497.67
2495.58
3918.02
2934.08
2934.64
2947.86
2944.96
2940.14
2933.3
2925.6
2918.56
2912.61
2907.4
2902.09
2896.3
2889.76
2882.54
2874.85
2866.86
2858.68
2850.33
2841.79
2833.01
2823.88
2814.32
2804.26
2793.7
2782.65
2771.12
2759.04
2746.33
2732.85
2718.51
2703.29
2687.2
2670.29
2652.63
2634.34
2615.64
2596.85
2578.3
2560.33
2543.23
2527.24
2512.58
2499.46
2488.08
2478.6
2471.13
2465.66
2462.08
2460.27
2460
2461.25
2463.77
2467.18
2471.26
2476.48
2481.25
2486.99
2491.67
2496.35
2501.5
2506.56
2511.15
2515.77
2519
2522.13
2525.55
2528.6
2531.26
2533.49
2535.36
2537
2538.09
2538.74
2539.42
2539.84
2540.2
2540.33
2540.16
2539.68
2538.97
2538.18
2537.27
2536.27
2535.11
2533.83
2532.43
2530.98
2529.46
2527.91
2526.32
2524.75
2523.17
2521.6
2520.01
2518.4
2516.79
2515.19
2513.59
2512.01
2510.41
2508.87
2507.31
2505.81
2504.33
2502.86
2501.47
2500.1
2498.78
2497.49
2496.24
2495.03
2493.87
2492.74
2491.67
2490.62
2489.63
2488.71
2487.94
2487.61
2485.38
3918.39
2933.66
2933.91
2947.36
2944.57
2939.82
2933.01
2925.34
2918.34
2912.42
2907.24
2901.93
2896.15
2889.59
2882.36
2874.66
2866.65
2858.45
2850.07
2841.51
2832.71
2823.57
2813.99
2803.89
2793.28
2782.17
2770.55
2758.38
2745.55
2731.94
2717.44
2702.04
2685.74
2668.59
2650.65
2632.05
2613.01
2593.84
2574.9
2556.56
2539.1
2522.76
2507.77
2494.31
2482.58
2472.76
2464.96
2459.18
2455.34
2453.36
2452.94
2454.15
2456.71
2460.24
2464.44
2469.88
2474.86
2480.83
2485.8
2490.65
2495.83
2501.02
2505.76
2510.58
2513.98
2517.31
2520.89
2523.95
2526.66
2528.85
2530.79
2532.46
2533.53
2534.28
2534.88
2535.32
2535.71
2535.88
2535.77
2535.35
2534.65
2533.81
2532.82
2531.77
2530.56
2529.23
2527.76
2526.25
2524.66
2523.03
2521.36
2519.66
2517.96
2516.24
2514.52
2512.78
2511.06
2509.34
2507.62
2505.89
2504.15
2502.44
2500.71
2499.04
2497.38
2495.73
2494.16
2492.62
2491.11
2489.65
2488.25
2486.87
2485.56
2484.27
2483.05
2481.85
2480.71
2479.62
2478.7
2478.18
2475.74
3918.79
2933.22
2933.17
2946.85
2944.17
2939.49
2932.72
2925.09
2918.12
2912.24
2907.07
2901.78
2895.99
2889.43
2882.18
2874.47
2866.44
2858.22
2849.82
2841.24
2832.41
2823.25
2813.65
2803.52
2792.86
2781.69
2769.99
2757.73
2744.78
2731.03
2716.37
2700.79
2684.28
2666.88
2648.67
2629.76
2610.38
2590.83
2571.51
2552.78
2534.95
2518.26
2502.93
2489.13
2477.05
2466.86
2458.7
2452.59
2448.47
2446.29
2445.7
2446.84
2449.42
2453.08
2457.4
2463.08
2468.27
2474.49
2479.79
2484.94
2490.16
2495.43
2500.39
2505.42
2509.01
2512.56
2516.28
2519.28
2522.03
2524.23
2526.35
2528.07
2529.22
2530.08
2530.63
2531.04
2531.45
2531.64
2531.6
2531.27
2530.64
2529.8
2528.77
2527.65
2526.39
2525.02
2523.52
2521.96
2520.33
2518.65
2516.91
2515.12
2513.31
2511.47
2509.63
2507.78
2505.96
2504.15
2502.34
2500.49
2498.63
2496.78
2494.92
2493.1
2491.29
2489.5
2487.75
2486.07
2484.41
2482.79
2481.26
2479.73
2478.29
2476.87
2475.52
2474.2
2472.94
2471.73
2470.67
2469.98
2467.45
3919.22
2932.76
2932.42
2946.33
2943.76
2939.15
2932.42
2924.82
2917.9
2912.05
2906.91
2901.62
2895.83
2889.26
2882
2874.27
2866.22
2857.98
2849.56
2840.96
2832.11
2822.93
2813.31
2803.15
2792.45
2781.21
2769.43
2757.07
2744.01
2730.12
2715.31
2699.53
2682.81
2665.17
2646.69
2627.47
2607.74
2587.82
2568.1
2548.98
2530.77
2513.73
2498.04
2483.89
2471.44
2460.88
2452.33
2445.86
2441.44
2439.03
2438.26
2439.31
2441.92
2445.72
2450.18
2456.12
2461.53
2467.99
2473.66
2479.22
2484.57
2489.93
2495.15
2500.33
2504.13
2507.87
2511.66
2514.59
2517.41
2519.7
2522.06
2523.86
2525.13
2526.11
2526.63
2526.99
2527.4
2527.58
2527.64
2527.4
2526.9
2526.12
2525.1
2523.94
2522.65
2521.24
2519.7
2518.1
2516.43
2514.73
2512.96
2511.13
2509.24
2507.31
2505.37
2503.44
2501.53
2499.64
2497.74
2495.8
2493.83
2491.87
2489.91
2487.97
2486.05
2484.11
2482.24
2480.43
2478.63
2476.87
2475.2
2473.56
2471.98
2470.45
2468.98
2467.55
2466.19
2464.87
2463.69
2462.83
2460.22
3919.69
2932.28
2931.66
2945.8
2943.34
2938.81
2932.12
2924.56
2917.68
2911.86
2906.74
2901.47
2895.68
2889.1
2881.82
2874.07
2866.01
2857.74
2849.3
2840.68
2831.81
2822.61
2812.97
2802.78
2792.03
2780.73
2768.87
2756.41
2743.23
2729.21
2714.24
2698.28
2681.35
2663.46
2644.7
2625.17
2605.09
2584.8
2564.7
2545.18
2526.59
2509.18
2493.13
2478.61
2465.78
2454.82
2445.86
2439
2434.24
2431.56
2430.58
2431.54
2434.2
2438.11
2442.7
2448.91
2454.57
2461.37
2467.4
2473.47
2479.04
2484.48
2489.97
2495.27
2499.29
2503.22
2507.09
2509.95
2512.85
2515.28
2517.89
2519.83
2521.28
2522.38
2522.9
2523.24
2523.62
2523.79
2523.92
2523.77
2523.42
2522.77
2521.81
2520.65
2519.36
2517.94
2516.38
2514.74
2513.03
2511.32
2509.54
2507.7
2505.77
2503.8
2501.79
2499.81
2497.84
2495.9
2493.92
2491.92
2489.88
2487.87
2485.84
2483.84
2481.84
2479.81
2477.88
2475.95
2474.08
2472.23
2470.45
2468.73
2467.02
2465.4
2463.8
2462.28
2460.81
2459.39
2458.11
2457.07
2454.43
3920.18
2931.78
2930.89
2945.26
2942.91
2938.47
2931.82
2924.29
2917.45
2911.67
2906.58
2901.31
2895.52
2888.93
2881.64
2873.87
2865.79
2857.51
2849.04
2840.4
2831.51
2822.29
2812.63
2802.41
2791.61
2780.25
2768.31
2755.75
2742.46
2728.29
2713.17
2697.03
2679.88
2661.75
2642.7
2622.86
2602.45
2581.79
2561.29
2541.38
2522.39
2504.59
2488.17
2473.27
2460.04
2448.66
2439.27
2431.98
2426.86
2423.87
2422.66
2423.51
2426.22
2430.26
2435.01
2441.47
2447.42
2454.65
2461.06
2467.71
2473.56
2479.1
2484.89
2490.3
2494.49
2498.65
2502.62
2505.46
2508.43
2511.03
2513.88
2515.94
2517.6
2518.79
2519.34
2519.71
2520.12
2520.33
2520.51
2520.41
2520.19
2519.69
2518.85
2517.75
2516.47
2515.06
2513.5
2511.85
2510.12
2508.42
2506.67
2504.86
2502.95
2500.97
2498.94
2496.91
2494.88
2492.88
2490.82
2488.76
2486.66
2484.59
2482.5
2480.44
2478.39
2476.3
2474.3
2472.29
2470.35
2468.41
2466.54
2464.77
2462.99
2461.33
2459.68
2458.11
2456.6
2455.11
2453.78
2452.6
2450.01
3920.69
2931.27
2930.11
2944.71
2942.48
2938.12
2931.51
2924.02
2917.22
2911.48
2906.41
2901.16
2895.36
2888.76
2881.45
2873.67
2865.57
2857.27
2848.78
2840.11
2831.21
2821.97
2812.28
2802.04
2791.2
2779.77
2767.75
2755.09
2741.68
2727.38
2712.09
2695.77
2678.4
2660.03
2640.7
2620.55
2599.8
2578.77
2557.89
2537.58
2518.19
2500
2483.19
2467.89
2454.24
2442.42
2432.57
2424.82
2419.29
2415.96
2414.5
2415.2
2417.94
2422.1
2427.03
2433.72
2439.91
2447.64
2454.58
2461.93
2468.18
2473.8
2479.9
2485.41
2489.68
2494.17
2498.23
2501.17
2504.22
2506.94
2509.92
2512.14
2513.94
2515.18
2515.85
2516.42
2516.99
2517.27
2517.51
2517.39
2517.23
2516.85
2516.11
2515.1
2513.88
2512.54
2511.04
2509.45
2507.74
2506.06
2504.34
2502.57
2500.68
2498.73
2496.72
2494.7
2492.68
2490.68
2488.65
2486.59
2484.49
2482.43
2480.32
2478.26
2476.19
2474.08
2472.05
2470.02
2468.07
2466.11
2464.23
2462.44
2460.63
2458.91
2457.2
2455.56
2454.01
2452.46
2451.07
2449.78
2447.21
3921.24
2930.74
2929.31
2944.14
2942.04
2937.76
2931.2
2923.75
2916.99
2911.29
2906.25
2901
2895.2
2888.58
2881.27
2873.47
2865.35
2857.03
2848.52
2839.83
2830.91
2821.65
2811.94
2801.66
2790.78
2779.29
2767.19
2754.43
2740.9
2726.46
2711.01
2694.51
2676.93
2658.3
2638.7
2618.24
2597.14
2575.76
2554.49
2533.77
2513.97
2495.38
2478.16
2462.44
2448.36
2436.07
2425.72
2417.48
2411.5
2407.78
2406.06
2406.59
2409.32
2413.63
2418.76
2425.71
2432.23
2440.39
2447.85
2456.02
2462.8
2468.6
2475.02
2480.58
2484.97
2489.88
2494.01
2496.98
2500.19
2502.79
2506
2508.33
2510.28
2511.53
2512.35
2513.11
2513.84
2514.28
2514.7
2514.65
2514.53
2514.27
2513.6
2512.68
2511.55
2510.3
2508.92
2507.45
2505.84
2504.24
2502.59
2500.91
2499.13
2497.27
2495.33
2493.33
2491.29
2489.24
2487.15
2485.03
2482.86
2480.71
2478.56
2476.46
2474.38
2472.28
2470.22
2468.2
2466.23
2464.27
2462.36
2460.53
2458.7
2456.98
2455.27
2453.64
2452.08
2450.51
2449.09
2447.7
2445.22
3921.82
2930.19
2928.51
2943.56
2941.59
2937.4
2930.88
2923.48
2916.76
2911.1
2906.08
2900.84
2895.03
2888.41
2881.08
2873.27
2865.13
2856.79
2848.26
2839.55
2830.6
2821.33
2811.6
2801.29
2790.36
2778.81
2766.63
2753.77
2740.12
2725.54
2709.93
2693.24
2675.45
2656.57
2636.69
2615.91
2594.49
2572.74
2551.09
2529.97
2509.76
2490.75
2473.1
2456.95
2442.4
2429.61
2418.75
2409.98
2403.49
2399.3
2397.3
2397.64
2400.3
2404.8
2410.17
2417.42
2424.41
2432.97
2440.93
2449.91
2457.07
2463.2
2470.09
2475.82
2480.6
2486.01
2490.23
2492.98
2496.05
2498.66
2502.18
2504.42
2506.39
2507.85
2508.78
2509.82
2510.78
2511.42
2511.93
2512.09
2512.05
2511.9
2511.33
2510.49
2509.46
2508.29
2507.06
2505.78
2504.34
2502.86
2501.32
2499.72
2498.03
2496.25
2494.41
2492.54
2490.63
2488.68
2486.72
2484.69
2482.6
2480.47
2478.35
2476.26
2474.19
2472.09
2469.97
2467.96
2465.97
2464.08
2462.23
2460.47
2458.71
2457.03
2455.37
2453.75
2452.18
2450.62
2449.17
2447.77
2445.34
3922.44
2929.62
2927.69
2942.97
2941.14
2937.03
2930.56
2923.2
2916.53
2910.91
2905.91
2900.68
2894.87
2888.24
2880.89
2873.07
2864.91
2856.55
2847.99
2839.26
2830.29
2821
2811.25
2800.91
2789.94
2778.32
2766.07
2753.11
2739.34
2724.62
2708.85
2691.97
2673.96
2654.84
2634.67
2613.59
2591.83
2569.73
2547.7
2526.17
2505.54
2486.09
2468
2451.38
2436.34
2423.03
2411.61
2402.27
2395.22
2390.52
2388.26
2388.32
2390.84
2395.57
2401.23
2408.87
2416.35
2425.28
2433.84
2443.52
2451.13
2457.86
2465.31
2471.21
2476.43
2482.16
2486.45
2489.13
2492.19
2494.99
2498.52
2500.59
2502.34
2503.72
2505.05
2506.66
2507.79
2508.48
2509.37
2509.82
2509.79
2509.73
2509.3
2508.59
2507.67
2506.57
2505.52
2504.46
2503.25
2501.93
2500.52
2499.08
2497.59
2496.05
2494.4
2492.65
2490.84
2488.99
2487.11
2485.17
2483.17
2481.1
2479.07
2477.04
2475.05
2473.04
2470.98
2469.07
2467.12
2465.27
2463.43
2461.64
2459.87
2458.15
2456.47
2454.83
2453.28
2451.72
2450.32
2448.89
2446.59
3923.09
2929.04
2926.86
2942.36
2940.67
2936.66
2930.23
2922.91
2916.3
2910.71
2905.74
2900.51
2894.7
2888.06
2880.7
2872.86
2864.69
2856.3
2847.73
2838.97
2829.99
2820.68
2810.9
2800.54
2789.52
2777.84
2765.5
2752.44
2738.55
2723.69
2707.77
2690.7
2672.48
2653.1
2632.65
2611.26
2589.17
2566.72
2544.31
2522.39
2501.33
2481.43
2462.87
2445.76
2430.19
2416.32
2404.32
2394.37
2386.7
2381.45
2378.86
2378.58
2380.88
2385.82
2391.82
2399.93
2407.93
2417.22
2426.54
2436.92
2445.18
2452.85
2460.7
2466.7
2472.36
2478.11
2482.36
2485.18
2488.68
2491.73
2495.08
2496.98
2498.64
2500.08
2501.99
2503.75
2504.95
2506.04
2507.21
2507.89
2507.74
2507.74
2507.47
2506.91
2506.07
2505.06
2504.2
2503.37
2502.45
2501.38
2500.18
2498.98
2497.7
2496.34
2494.89
2493.33
2491.67
2489.95
2488.19
2486.36
2484.48
2482.52
2480.58
2478.65
2476.76
2474.85
2472.87
2471.03
2469.12
2467.3
2465.49
2463.75
2462.04
2460.36
2458.71
2457.08
2455.51
2453.93
2452.45
2450.96
2448.71
3923.77
2928.44
2926.02
2941.74
2940.19
2936.28
2929.9
2922.63
2916.06
2910.52
2905.57
2900.35
2894.53
2887.88
2880.51
2872.65
2864.46
2856.06
2847.46
2838.68
2829.68
2820.35
2810.55
2800.16
2789.1
2777.36
2764.94
2751.78
2737.77
2722.77
2706.68
2689.42
2670.98
2651.36
2630.63
2608.93
2586.51
2563.71
2540.93
2518.6
2497.11
2476.75
2457.69
2440.05
2423.93
2409.46
2396.82
2386.22
2377.87
2372.06
2369.01
2368.32
2370.41
2375.54
2381.91
2390.56
2399.17
2408.9
2419.08
2430.16
2439.03
2447.68
2455.97
2462.23
2468.33
2474.09
2478.42
2481.59
2485.39
2488.66
2491.76
2493.65
2495.55
2497.48
2499.39
2501.16
2502.63
2504.07
2505.31
2506.17
2505.99
2506.06
2505.87
2505.45
2504.77
2503.96
2503.26
2502.63
2502.05
2501.25
2500.26
2499.28
2498.28
2497.2
2496.01
2494.69
2493.26
2491.76
2490.21
2488.58
2486.88
2485.12
2483.35
2481.56
2479.77
2478
2476.18
2474.4
2472.57
2470.73
2468.89
2467.1
2465.37
2463.68
2462.03
2460.43
2458.89
2457.4
2455.85
2454.39
2452.16
3924.48
2927.82
2925.17
2941.1
2939.71
2935.9
2929.56
2922.34
2915.82
2910.32
2905.39
2900.18
2894.36
2887.7
2880.32
2872.44
2864.23
2855.81
2847.19
2838.4
2829.37
2820.02
2810.21
2799.78
2788.68
2776.88
2764.38
2751.11
2736.98
2721.84
2705.58
2688.14
2669.49
2649.62
2628.6
2606.59
2583.85
2560.7
2537.56
2514.84
2492.91
2472.06
2452.49
2434.3
2417.57
2402.46
2389.15
2377.82
2368.78
2362.34
2358.7
2357.52
2359.37
2364.65
2371.41
2380.62
2389.91
2400.28
2411.39
2423.15
2432.74
2442.38
2451.12
2457.8
2464.39
2470.2
2474.66
2478.04
2482.02
2485.48
2488.61
2490.68
2492.28
2494.21
2495.93
2498.02
2500.16
2502.24
2503.81
2504.94
2504.96
2504.66
2504.15
2503.89
2503.37
2502.91
2502.39
2501.98
2501.76
2501.25
2500.56
2499.88
2499.22
2498.49
2497.65
2496.63
2495.45
2494.17
2492.8
2491.33
2489.79
2488.19
2486.53
2484.83
2483.08
2481.37
2479.61
2477.84
2476.01
2474.12
2472.26
2470.42
2468.65
2466.89
2465.18
2463.47
2461.81
2460.05
2458.45
2456.98
2454.54
3925.23
2927.19
2924.3
2940.45
2939.21
2935.51
2929.22
2922.05
2915.58
2910.11
2905.21
2900.01
2894.19
2887.52
2880.12
2872.23
2864.01
2855.56
2846.93
2838.11
2829.06
2819.69
2809.85
2799.41
2788.26
2776.4
2763.81
2750.45
2736.19
2720.91
2704.49
2686.86
2667.99
2647.87
2626.57
2604.26
2581.19
2557.7
2534.2
2511.08
2488.71
2467.37
2447.25
2428.46
2411.1
2395.3
2381.24
2369.15
2359.35
2352.19
2347.86
2346.14
2347.74
2353.08
2360.29
2370.1
2380.13
2391.27
2403.42
2415.89
2426.35
2437.09
2446.24
2453.35
2460.46
2466.45
2470.74
2474.11
2478.51
2482.42
2485.89
2487.89
2487.98
2489.26
2490.9
2493.71
2496.97
2499.8
2502.13
2504.3
2504.92
2504.65
2503.37
2503.06
2502.71
2502.63
2502.14
2501.8
2501.43
2501.19
2501.15
2501.07
2501.09
2501.11
2500.93
2500.55
2500.02
2499.35
2498.62
2497.81
2496.92
2495.96
2494.87
2493.64
2492.24
2490.76
2489.11
2487.39
2485.51
2483.53
2481.63
2479.73
2477.86
2475.98
2473.89
2471.99
2470.02
2468.5
2467.36
2466.38
2465.09
3926.01
2926.54
2923.41
2939.78
2938.71
2935.11
2928.87
2921.75
2915.33
2909.91
2905.03
2899.84
2894.01
2887.33
2879.92
2872.02
2863.77
2855.32
2846.66
2837.81
2828.74
2819.36
2809.5
2799.03
2787.84
2775.92
2763.25
2749.78
2735.4
2719.98
2703.39
2685.57
2666.48
2646.11
2624.54
2601.92
2578.53
2554.71
2530.86
2507.34
2484.52
2462.68
2442
2422.59
2404.54
2387.99
2373.13
2360.2
2349.55
2341.56
2336.44
2334.16
2335.39
2340.68
2348.4
2358.86
2369.68
2381.63
2395.02
2408.38
2419.62
2431.49
2441.21
2448.68
2456.65
2463.21
2466.65
2469.49
2474.29
2479.02
2483.67
2485.47
2483.71
2484.15
2486.26
2489.81
2493.68
2497.21
2500.83
2503.31
2503.9
2502.5
2497.44
2492.02
2487.78
2482.95
2478.83
2474.17
2469.51
2465.24
2461.19
2457.43
2454.05
2451.38
2449.47
2448.28
2447.52
2446.99
2447.22
2447.94
2448.86
2450.19
2451.88
2453.78
2455.82
2457.9
2459.83
2461.38
2462.33
2462.7
2462.67
2462.15
2461.37
2460.77
2460.32
2460.57
2460.43
2461.4
2462.11
2462.06
2464.81
3926.82
2925.88
2922.51
2939.1
2938.2
2934.7
2928.52
2921.45
2915.08
2909.7
2904.85
2899.67
2893.84
2887.14
2879.72
2871.8
2863.54
2855.07
2846.39
2837.52
2828.43
2819.02
2809.15
2798.64
2787.42
2775.43
2762.68
2749.11
2734.61
2719.04
2702.29
2684.28
2664.98
2644.36
2622.5
2599.58
2575.87
2551.73
2527.52
2503.61
2480.34
2457.98
2436.71
2416.64
2397.87
2380.52
2364.79
2350.93
2339.34
2330.4
2324.37
2321.52
2322.24
2327.34
2335.61
2346.85
2358.67
2371.51
2386.09
2400.54
2412.61
2425.76
2435.96
2443.22
2452.49
2460.6
2463.02
2465.43
2471.1
2477.06
2482.17
2480.12
2466.12
2447.22
2419.13
2381.04
2332.94
2277.97
2219.76
2162.17
2107.23
2052.95
1992.89
1932.3
1876.78
1827.02
1783.37
1745.08
1711.82
1683.51
1659.92
1640.39
1624.58
1612.09
1602.69
1596.27
1592.65
1591.47
1592.55
1595.49
1600.27
1606.81
1614.89
1624.29
1634.95
1646.8
1659.92
1674.24
1689.81
1706.48
1724.13
1742.44
1761.22
1780.08
1798.73
1816.85
1834.3
1851.12
1867.26
1883.07
1903.94
3927.66
2925.21
2921.6
2938.4
2937.68
2934.29
2928.16
2921.14
2914.83
2909.49
2904.67
2899.49
2893.66
2886.95
2879.52
2871.58
2863.31
2854.82
2846.11
2837.23
2828.11
2818.69
2808.79
2798.26
2786.99
2774.95
2762.12
2748.45
2733.82
2718.11
2701.19
2682.99
2663.46
2642.6
2620.47
2597.25
2573.23
2548.75
2524.2
2499.91
2476.19
2453.3
2431.42
2410.67
2391.12
2372.91
2356.24
2341.39
2328.73
2318.69
2311.62
2308.18
2308.28
2312.94
2321.72
2333.89
2346.95
2360.85
2376.93
2392.37
2405.34
2420.44
2431.95
2439.49
2449.86
2457.55
2447.37
2417.2
2355.42
2267.69
2159.43
2028.11
1876.38
1730.07
1597.86
1482.38
1383.6
1300.83
1230.43
1170.31
1121.25
1083.96
1065.12
1053.93
1045.31
1037.56
1030.11
1022.87
1015.77
1008.87
1002.14
995.618
989.25
983.099
977.116
971.357
965.784
960.415
955.207
950.166
945.298
940.575
936.026
931.599
927.327
923.158
919.13
915.236
911.497
907.897
904.421
901.076
897.907
894.914
892.151
889.568
887.254
885.127
883.29
881.786
878.883
3928.53
2924.52
2920.67
2937.69
2937.14
2933.86
2927.8
2920.83
2914.58
2909.28
2904.48
2899.32
2893.48
2886.76
2879.31
2871.36
2863.08
2854.56
2845.84
2836.93
2827.8
2818.35
2808.44
2797.88
2786.57
2774.47
2761.55
2747.78
2733.03
2717.17
2700.09
2681.7
2661.95
2640.84
2618.43
2594.92
2570.58
2545.79
2520.89
2496.21
2472.04
2448.62
2426.12
2404.64
2384.28
2365.15
2347.46
2331.5
2317.66
2306.36
2298.16
2293.89
2293.23
2297.46
2306.6
2319.9
2334.42
2349.02
2366.13
2384.44
2401.19
2416.28
2416.26
2371.37
2275.93
2128.18
1914.39
1701.79
1516.75
1367.35
1247.49
1175.79
1157.2
1145.84
1135.69
1125.79
1116.12
1106.74
1097.72
1089.08
1080.78
1072.67
1064.73
1056.63
1049.03
1041.62
1034.32
1027.2
1020.22
1013.47
1006.89
1000.51
994.276
988.236
982.329
976.602
971.019
965.66
960.496
955.539
950.772
946.177
941.771
937.512
933.429
929.459
925.631
921.922
918.359
914.935
911.639
908.446
905.321
902.256
899.33
896.494
893.827
891.163
888.636
886.336
881.669
3929.43
2923.83
2919.72
2936.96
2936.6
2933.43
2927.43
2920.52
2914.32
2909.07
2904.3
2899.14
2893.3
2886.57
2879.11
2871.14
2862.84
2854.31
2845.56
2836.63
2827.48
2818.01
2808.08
2797.49
2786.14
2773.98
2760.99
2747.11
2732.24
2716.24
2698.98
2680.4
2660.44
2639.08
2616.4
2592.59
2567.94
2542.83
2517.6
2492.54
2467.92
2443.97
2420.82
2398.6
2377.38
2357.27
2338.47
2321.27
2306.1
2293.42
2283.92
2278.43
2276.86
2280.63
2290.02
2304.21
2320.09
2337.26
2357.91
2371.3
2337.16
2209.86
1967.14
1689.41
1459.04
1292.85
1237.23
1219
1205.55
1192.9
1181.01
1169.32
1158.47
1147.71
1137.46
1127.48
1117.84
1108.55
1099.59
1090.91
1082.43
1074.21
1066.1
1058.43
1050.86
1043.48
1036.25
1029.25
1022.41
1015.81
1009.4
1003.2
997.155
991.313
985.596
980.051
974.623
969.364
964.24
959.282
954.472
949.814
945.323
940.979
936.815
932.789
928.928
925.196
921.619
918.195
914.942
911.835
908.805
905.855
902.999
900.295
897.802
895.483
893.383
891.59
887.975
3930.36
2923.12
2918.75
2936.21
2936.06
2932.99
2927.06
2920.2
2914.06
2908.85
2904.11
2898.96
2893.11
2886.38
2878.9
2870.92
2862.6
2854.05
2845.29
2836.33
2827.16
2817.67
2807.72
2797.11
2785.72
2773.5
2760.42
2746.44
2731.45
2715.3
2697.88
2679.1
2658.92
2637.32
2614.37
2590.26
2565.32
2539.89
2514.31
2488.88
2463.82
2439.32
2415.52
2392.52
2370.38
2349.22
2329.21
2310.64
2293.98
2279.76
2268.7
2261.69
2259.12
2262.12
2271.35
2288.03
2308.76
2321.38
2283.21
2092.19
1743.3
1456.78
1317.39
1286.34
1267.88
1251.44
1235.77
1220.8
1207.02
1193.96
1181.66
1170.03
1158.86
1148.31
1138.09
1128.22
1118.75
1109.61
1100.66
1091.87
1083.34
1075.16
1067.31
1059.67
1052.22
1045
1037.93
1031.06
1024.34
1017.82
1011.45
1005.31
999.346
993.632
988.092
982.767
977.594
972.624
967.804
963.155
958.644
954.267
950.024
945.888
941.896
938.01
934.277
930.639
927.137
923.746
920.512
917.393
914.377
911.424
908.573
905.798
903.134
900.511
898.043
895.804
891.378
3931.33
2922.39
2917.77
2935.45
2935.5
2932.55
2926.68
2919.88
2913.8
2908.64
2903.92
2898.78
2892.93
2886.18
2878.69
2870.7
2862.36
2853.79
2845.01
2836.03
2826.84
2817.33
2807.36
2796.72
2785.29
2773.01
2759.85
2745.77
2730.66
2714.36
2696.77
2677.8
2657.4
2635.56
2612.34
2587.94
2562.7
2536.95
2511.05
2485.25
2459.75
2434.7
2410.24
2386.43
2363.33
2341.04
2319.7
2299.61
2281.24
2265.15
2252.09
2243.17
2239.61
2242.32
2253.55
2268.48
2268.7
2118.17
1733.72
1428.73
1359.58
1331.59
1309.07
1288.72
1269.62
1252.18
1236.08
1221.22
1207.44
1194.4
1182.27
1170.61
1159.68
1149.02
1138.82
1129
1119.66
1110.74
1102.13
1093.66
1085.27
1077.11
1069.19
1061.6
1054.23
1047.05
1040.02
1033.2
1026.55
1020.07
1013.72
1007.54
1001.51
995.69
990.039
984.626
979.393
974.387
969.55
964.916
960.45
956.162
952.04
948.055
944.227
940.518
936.973
933.529
930.226
927.026
923.977
921.031
918.222
915.521
912.931
910.451
908.093
905.814
903.724
901.83
898.339
3932.32
2921.66
2916.77
2934.68
2934.93
2932.09
2926.29
2919.56
2913.53
2908.42
2903.73
2898.6
2892.74
2885.98
2878.48
2870.47
2862.12
2853.53
2844.73
2835.73
2826.51
2816.99
2806.99
2796.33
2784.86
2772.52
2759.29
2745.1
2729.86
2713.43
2695.67
2676.5
2655.88
2633.79
2610.31
2585.63
2560.08
2534.03
2507.8
2481.63
2455.69
2430.11
2404.96
2380.32
2356.21
2332.69
2309.9
2288.09
2267.74
2249.4
2233.8
2222.58
2218.17
2220.88
2227.85
2193.1
1915.39
1551.65
1430.23
1389.69
1361.26
1334.76
1310.82
1289.13
1270.08
1252.79
1236.92
1222.02
1208.15
1195.04
1182.82
1171.27
1160.18
1149.59
1139.42
1129.58
1120.13
1111.04
1102.36
1094.1
1086.12
1078.4
1070.83
1063.44
1056.25
1049.26
1042.43
1035.8
1029.31
1023.01
1016.85
1010.9
1005.11
999.501
994.026
988.737
983.574
978.591
973.729
969.03
964.458
960.037
955.763
951.631
947.653
943.808
940.126
936.569
933.166
929.881
926.739
923.697
920.822
918.079
915.481
912.967
910.55
908.282
906.221
904.395
900.619
3933.34
2920.93
2915.75
2933.88
2934.35
2931.62
2925.9
2919.23
2913.27
2908.2
2903.54
2898.42
2892.55
2885.78
2878.26
2870.24
2861.88
2853.27
2844.44
2835.43
2826.19
2816.65
2806.63
2795.94
2784.43
2772.03
2758.72
2744.43
2729.07
2712.49
2694.56
2675.2
2654.36
2632.03
2608.28
2583.32
2557.48
2531.13
2504.58
2478.05
2451.67
2425.54
2399.72
2374.22
2349.05
2324.25
2299.88
2276.15
2253.46
2232.21
2213.28
2199.25
2192.85
2190.88
2132.25
1838.45
1556.42
1470.07
1428.01
1394.41
1363.59
1336.09
1311.74
1290.37
1271
1253.44
1237.41
1222.58
1208.83
1195.78
1183.58
1171.91
1160.95
1150.35
1140.29
1130.6
1121.26
1112.17
1103.29
1094.71
1086.45
1078.58
1071.02
1063.74
1056.66
1049.82
1043.17
1036.72
1030.39
1024.21
1018.14
1012.29
1006.62
1001.17
995.888
990.812
985.877
981.132
976.515
972.078
967.772
963.623
959.606
955.721
951.971
948.327
944.822
941.418
938.163
934.998
931.953
928.975
926.136
923.394
920.778
918.212
915.706
913.277
911.029
908.921
904.927
3934.4
2920.18
2914.71
2933.07
2933.75
2931.15
2925.5
2918.9
2912.99
2907.98
2903.34
2898.23
2892.36
2885.57
2878.04
2870.01
2861.63
2853.01
2844.16
2835.12
2825.86
2816.3
2806.26
2795.55
2784
2771.54
2758.15
2743.76
2728.27
2711.55
2693.45
2673.89
2652.84
2630.26
2606.26
2581.02
2554.89
2528.24
2501.37
2474.48
2447.67
2421.01
2394.49
2368.12
2341.86
2315.68
2289.62
2263.75
2238.27
2213.55
2191.34
2174.4
2158.98
2094.93
1841.23
1608.93
1520.33
1471.46
1432.13
1396.87
1365.32
1337.47
1313.19
1291.46
1272.05
1254.33
1238.12
1223.23
1209.44
1196.41
1184.21
1172.65
1161.68
1151.1
1141.1
1131.51
1122.37
1113.57
1105.04
1096.75
1088.64
1080.77
1073.12
1065.75
1058.57
1051.64
1044.9
1038.39
1032.04
1025.88
1019.85
1014.02
1008.35
1002.86
997.526
992.388
987.394
982.6
977.95
973.495
969.188
965.055
961.071
957.241
953.563
950.009
946.6
943.308
940.18
937.155
934.263
931.451
928.808
926.218
923.784
921.476
919.28
917.19
915.271
913.552
910.434
3935.48
2919.42
2913.65
2932.24
2933.15
2930.66
2925.1
2918.56
2912.72
2907.75
2903.15
2898.04
2892.16
2885.37
2877.82
2869.78
2861.38
2852.74
2843.88
2834.81
2825.54
2815.95
2805.89
2795.15
2783.57
2771.05
2757.57
2743.08
2727.47
2710.6
2692.33
2672.59
2651.31
2628.5
2604.23
2578.73
2552.32
2525.37
2498.18
2470.94
2443.71
2416.51
2389.31
2362.06
2334.67
2307.08
2279.21
2250.94
2222.25
2193.88
2167.78
2141.23
2082.02
1887.37
1682.13
1578.92
1520.35
1475.24
1435.37
1399.31
1367.39
1339.39
1314.57
1292.78
1273.19
1255.42
1239.01
1223.88
1210.06
1197.04
1184.76
1172.87
1161.82
1151.25
1141.22
1131.58
1122.35
1113.5
1105
1096.87
1089.08
1081.57
1074.27
1067.22
1060.34
1053.67
1047.16
1040.84
1034.66
1028.65
1022.79
1017.13
1011.62
1006.29
1001.08
996.052
991.146
986.42
981.819
977.393
973.089
968.941
964.915
961.029
957.274
953.638
950.13
946.736
943.493
940.354
937.35
934.441
931.693
928.988
926.405
923.947
921.631
919.398
917.318
915.422
911.608
3936.58
2918.66
2912.57
2931.39
2932.53
2930.16
2924.68
2918.21
2912.44
2907.52
2902.94
2897.85
2891.96
2885.15
2877.6
2869.54
2861.13
2852.48
2843.59
2834.51
2825.21
2815.6
2805.52
2794.76
2783.13
2770.56
2757
2742.41
2726.67
2709.66
2691.22
2671.28
2649.78
2626.73
2602.21
2576.44
2549.75
2522.51
2495.01
2467.41
2439.76
2412.04
2384.16
2356.02
2327.49
2298.44
2268.64
2237.78
2205.87
2173.7
2139.85
2087.87
1949.13
1769.26
1648.14
1576.6
1523.61
1478.67
1437.81
1401.75
1369.95
1341.62
1316.5
1294.07
1274.3
1256.53
1240.2
1224.89
1210.79
1197.74
1185.65
1173.92
1162.72
1152.11
1142.12
1132.56
1123.41
1114.55
1105.95
1097.64
1089.61
1081.9
1074.46
1067.34
1060.45
1053.83
1047.41
1041.19
1035.13
1029.26
1023.55
1018.02
1012.64
1007.43
1002.36
997.466
992.718
988.165
983.745
979.507
975.392
971.444
967.615
963.932
960.373
956.936
953.625
950.419
947.349
944.378
941.551
938.809
936.208
933.633
931.193
928.842
926.621
924.432
922.374
920.396
916.597
3937.72
2917.9
2911.48
2930.53
2931.91
2929.66
2924.26
2917.86
2912.16
2907.29
2902.74
2897.65
2891.76
2884.94
2877.37
2869.3
2860.88
2852.21
2843.3
2834.2
2824.88
2815.25
2805.15
2794.36
2782.69
2770.06
2756.42
2741.73
2725.87
2708.71
2690.1
2669.96
2648.25
2624.96
2600.19
2574.16
2547.2
2519.68
2491.87
2463.92
2435.86
2407.6
2379.05
2350.03
2320.37
2289.81
2258
2224.55
2189.56
2152.07
2102.94
2009.87
1860.45
1728.03
1640.1
1577.46
1526.68
1481.49
1441.31
1404.89
1372.52
1344.04
1318.64
1295.89
1275.53
1257.4
1241.1
1225.95
1211.76
1198.41
1186.19
1174.63
1163.7
1153.17
1143.24
1133.72
1124.61
1115.84
1107.42
1099.33
1091.53
1083.97
1076.59
1069.45
1062.5
1055.8
1049.29
1043.01
1036.92
1031.03
1025.32
1019.79
1014.39
1009.15
1004.03
999.096
994.309
989.715
985.252
980.969
976.812
972.828
968.972
965.272
961.704
958.276
954.982
951.803
948.756
945.822
943.046
940.372
937.822
935.332
933.019
930.811
928.725
926.73
924.921
923.342
920.442
3938.88
2917.13
2910.36
2929.64
2931.27
2929.14
2923.83
2917.51
2911.87
2907.05
2902.53
2897.45
2891.56
2884.72
2877.14
2869.06
2860.62
2851.94
2843.01
2833.89
2824.55
2814.9
2804.78
2793.96
2782.26
2769.57
2755.84
2741.04
2725.06
2707.76
2688.98
2668.65
2646.71
2623.19
2598.17
2571.89
2544.66
2516.86
2488.75
2460.45
2431.97
2403.2
2373.97
2344.09
2313.28
2281.19
2247.36
2211.4
2172.64
2126.47
2058.06
1941.92
1813.72
1711.67
1638.28
1580.02
1529.68
1485.15
1444.61
1408.17
1375.46
1346.46
1321.01
1298.1
1277.36
1258.62
1241.8
1226.72
1212.75
1199.37
1186.69
1174.71
1163.56
1153
1143.04
1133.49
1124.37
1115.6
1107.22
1099.21
1091.55
1084.2
1077.08
1070.19
1063.5
1057.03
1050.74
1044.66
1038.76
1033.07
1027.53
1022.17
1016.92
1011.83
1006.87
1002.1
997.465
993.002
988.649
984.46
980.378
976.46
972.651
968.988
965.438
962.023
958.731
955.549
952.485
949.522
946.698
943.955
941.326
938.739
936.32
933.975
931.703
929.423
927.288
925.335
921.782
3940.07
2916.36
2909.23
2928.74
2930.61
2928.61
2923.4
2917.14
2911.57
2906.82
2902.32
2897.25
2891.35
2884.51
2876.91
2868.82
2860.37
2851.66
2842.72
2833.57
2824.21
2814.55
2804.4
2793.55
2781.82
2769.07
2755.26
2740.36
2724.26
2706.8
2687.85
2667.32
2645.17
2621.42
2596.16
2569.62
2542.14
2514.07
2485.66
2457.02
2428.13
2398.84
2368.95
2338.2
2306.25
2272.64
2236.82
2198.17
2154.44
2097.81
2014.31
1900.1
1790.53
1704.57
1637.92
1582.51
1533.55
1488.82
1448.58
1412.09
1378.98
1349.33
1323.09
1300.17
1279.48
1260.56
1243.12
1227.29
1213.25
1200.3
1188.06
1176.16
1164.94
1154.2
1144.18
1134.63
1125.56
1116.83
1108.42
1100.32
1092.48
1084.91
1077.57
1070.51
1063.69
1057.15
1050.85
1044.79
1038.93
1033.3
1027.83
1022.53
1017.34
1012.33
1007.47
1002.81
998.299
993.95
989.708
985.632
981.67
977.88
974.203
970.679
967.264
963.987
960.83
957.793
954.882
952.079
949.406
946.817
944.359
941.975
939.758
937.589
935.561
933.572
931.716
929.953
926.778
3941.28
2915.58
2908.07
2927.81
2929.94
2928.07
2922.95
2916.78
2911.28
2906.57
2902.11
2897.05
2891.14
2884.28
2876.67
2868.57
2860.11
2851.39
2842.42
2833.26
2823.88
2814.19
2804.03
2793.15
2781.37
2768.57
2754.68
2739.67
2723.44
2705.84
2686.73
2666
2643.63
2619.64
2594.15
2567.37
2539.64
2511.3
2482.6
2453.62
2424.31
2394.51
2363.96
2332.36
2299.26
2264.12
2226.3
2184.56
2134.9
2068.53
1976.55
1871.52
1777.15
1701.38
1639.15
1585.39
1537.07
1493.17
1452.35
1415.72
1382.88
1352.87
1325.82
1301.86
1281.02
1262.35
1245.12
1228.93
1214.02
1200.54
1188.32
1176.68
1165.7
1155.14
1145.16
1135.59
1126.48
1117.74
1109.42
1101.46
1093.85
1086.51
1079.36
1072.43
1065.69
1059.19
1052.9
1046.85
1040.99
1035.36
1029.89
1024.57
1019.37
1014.35
1009.49
1004.82
1000.27
995.868
991.571
987.438
983.42
979.574
975.842
972.269
968.804
965.481
962.279
959.207
956.267
953.437
950.722
948.097
945.619
943.233
940.997
938.786
936.713
934.766
933.009
931.431
928.312
3942.51
2914.81
2906.89
2926.87
2929.26
2927.51
2922.5
2916.4
2910.98
2906.33
2901.9
2896.85
2890.93
2884.06
2876.44
2868.32
2859.85
2851.11
2842.13
2832.94
2823.54
2813.83
2803.65
2792.74
2780.93
2768.06
2754.1
2738.98
2722.63
2704.88
2685.59
2664.67
2642.08
2617.87
2592.14
2565.13
2537.16
2508.57
2479.58
2450.27
2420.55
2390.24
2359.03
2326.56
2292.3
2255.64
2215.72
2170.44
2114.62
2041.45
1948.67
1853.38
1769.67
1700.47
1641.1
1588.56
1541.15
1497.45
1457.32
1419.95
1386.28
1356.39
1329.24
1304.48
1282.53
1263.31
1246.28
1230.65
1215.88
1201.86
1188.9
1176.81
1165.6
1154.93
1144.91
1135.33
1126.24
1117.52
1109.2
1101.23
1093.62
1086.32
1079.27
1072.51
1065.98
1059.69
1053.58
1047.69
1041.99
1036.49
1031.14
1025.96
1020.91
1016.06
1011.37
1006.86
1002.45
998.191
994.042
990.059
986.183
982.47
978.856
975.396
972.03
968.798
965.671
962.67
959.79
957.01
954.334
951.739
949.278
946.885
944.634
942.385
940.238
938.125
936.206
934.375
931.044
3943.77
2914.03
2905.69
2925.91
2928.56
2926.95
2922.04
2916.03
2910.68
2906.09
2901.69
2896.64
2890.72
2883.83
2876.2
2868.07
2859.58
2850.83
2841.83
2832.63
2823.21
2813.47
2803.26
2792.34
2780.48
2767.56
2753.51
2738.29
2721.81
2703.91
2684.46
2663.34
2640.54
2616.1
2590.14
2562.9
2534.71
2505.87
2476.6
2446.96
2416.84
2386.01
2354.15
2320.79
2285.38
2247.19
2205.03
2156.04
2095.21
2019.4
1929.04
1841.76
1765.72
1700.95
1644.45
1593.01
1545.49
1501.98
1461.83
1424.62
1390.33
1359.68
1332.61
1308.08
1285.6
1265.24
1247.12
1231.15
1216.79
1203.38
1190.77
1178.67
1167.33
1156.51
1146.39
1136.76
1127.67
1118.97
1110.65
1102.65
1094.94
1087.5
1080.29
1073.36
1066.66
1060.23
1054.01
1048.03
1042.27
1036.74
1031.37
1026.18
1021.16
1016.34
1011.7
1007.22
1002.84
998.615
994.519
990.6
986.794
983.154
979.614
976.232
972.947
969.801
966.757
963.843
961.048
958.358
955.779
953.298
950.932
948.643
946.523
944.454
942.547
940.684
938.975
937.412
934.677
3945.05
2913.26
2904.47
2924.92
2927.85
2926.37
2921.57
2915.65
2910.38
2905.84
2901.47
2896.43
2890.5
2883.6
2875.95
2867.81
2859.32
2850.55
2841.53
2832.31
2822.87
2813.11
2802.88
2791.92
2780.03
2767.05
2752.92
2737.6
2720.99
2702.95
2683.32
2662.01
2638.99
2614.32
2588.14
2560.69
2532.28
2503.2
2473.67
2443.71
2413.2
2381.86
2349.33
2315.1
2278.54
2238.82
2194.36
2141.97
2077.59
2000.44
1915.2
1834.6
1764.02
1702.46
1647.62
1597.52
1550.8
1506.94
1466.68
1429.75
1395.33
1363.55
1335.23
1310.61
1288.52
1268.35
1249.74
1232.65
1217.31
1203.5
1190.92
1178.99
1167.82
1157.11
1147.02
1137.34
1128.18
1119.42
1111.11
1103.17
1095.6
1088.35
1081.39
1074.71
1068.23
1061.96
1055.86
1049.96
1044.26
1038.78
1033.45
1028.32
1023.36
1018.6
1013.98
1009.5
1005.12
1000.91
996.836
992.928
989.118
985.46
981.891
978.477
975.158
971.98
968.901
965.95
963.111
960.379
957.758
955.227
952.798
950.418
948.193
946.025
944.021
942.006
940.13
938.37
935.131
3946.34
2912.49
2903.23
2923.91
2927.12
2925.78
2921.1
2915.26
2910.07
2905.59
2901.25
2896.22
2890.28
2883.36
2875.7
2867.56
2859.05
2850.27
2841.23
2831.99
2822.52
2812.75
2802.49
2791.51
2779.58
2766.54
2752.33
2736.9
2720.17
2701.97
2682.17
2660.67
2637.44
2612.56
2586.16
2558.49
2529.87
2500.58
2470.8
2440.53
2409.63
2377.78
2344.59
2309.5
2271.82
2230.58
2183.96
2128.81
2062.35
1985.55
1905.11
1830.04
1763.48
1704.24
1650.58
1601.34
1555.53
1512.55
1471.55
1434.11
1400.11
1368.48
1339.18
1312.88
1290.09
1270.07
1251.99
1235.27
1219.67
1205.14
1191.86
1179.46
1168.03
1157.17
1147.02
1137.33
1128.21
1119.47
1111.15
1103.16
1095.52
1088.21
1081.21
1074.53
1068.08
1061.87
1055.84
1050.04
1044.43
1039.04
1033.82
1028.81
1023.97
1019.33
1014.79
1010.4
1006.13
1002.04
998.093
994.312
990.625
987.088
983.638
980.342
977.137
974.077
971.108
968.266
965.532
962.916
960.413
957.993
955.67
953.415
951.323
949.262
947.355
945.418
943.604
941.822
938.644
3947.65
2911.72
2901.97
2922.88
2926.37
2925.18
2920.62
2914.87
2909.75
2905.33
2901.03
2896
2890.05
2883.12
2875.45
2867.3
2858.78
2849.98
2840.93
2831.67
2822.18
2812.38
2802.1
2791.09
2779.12
2766.03
2751.74
2736.2
2719.34
2701
2681.03
2659.33
2635.89
2610.79
2584.18
2556.31
2527.5
2498
2467.98
2437.42
2406.14
2373.81
2339.97
2304.05
2265.3
2222.61
2174
2116.66
2049.16
1973.8
1897.91
1827.49
1764.37
1707.33
1654.76
1605.72
1560.26
1517.77
1477.77
1439.45
1404.55
1373.08
1344.16
1317.39
1293.07
1271.62
1252.89
1236.24
1221.15
1207.05
1193.91
1181.47
1169.94
1158.98
1148.75
1139
1129.81
1121.03
1112.67
1104.67
1097.03
1089.72
1082.71
1075.95
1069.37
1063.02
1056.87
1050.96
1045.27
1039.8
1034.52
1029.48
1024.62
1019.95
1015.37
1010.96
1006.68
1002.6
998.662
994.878
991.187
987.644
984.194
980.899
977.7
974.649
971.693
968.862
966.14
963.54
961.056
958.658
956.359
954.147
952.112
950.097
948.232
946.432
944.809
943.309
940.735
3948.98
2910.96
2900.69
2921.83
2925.61
2924.56
2920.13
2914.47
2909.44
2905.07
2900.8
2895.78
2889.82
2882.88
2875.2
2867.03
2858.5
2849.69
2840.62
2831.34
2821.83
2812.01
2801.71
2790.67
2778.66
2765.52
2751.14
2735.5
2718.51
2700.02
2679.88
2657.99
2634.35
2609.03
2582.21
2554.15
2525.15
2495.46
2465.22
2434.39
2402.74
2369.94
2335.49
2298.78
2259.01
2214.99
2164.68
2105.83
2038.27
1964.95
1892.96
1826.53
1766.14
1711.19
1660.11
1611.79
1565.84
1522.94
1483.22
1445.46
1409.44
1376.78
1347.8
1321.57
1297.47
1275.42
1255.42
1237.56
1221.67
1207.33
1194.2
1181.81
1170.32
1159.35
1149.07
1139.22
1129.94
1121.06
1112.66
1104.66
1097.1
1089.91
1083.03
1076.42
1069.99
1063.81
1057.85
1052.12
1046.58
1041.24
1036.11
1031.19
1026.43
1021.83
1017.33
1012.99
1008.81
1004.81
1000.93
997.192
993.541
990.038
986.629
983.373
980.208
977.185
974.248
971.433
968.718
966.114
963.613
961.194
958.868
956.611
954.51
952.399
950.396
948.388
946.545
944.754
941.824
3950.32
2910.2
2899.38
2920.75
2924.82
2923.93
2919.63
2914.07
2909.11
2904.81
2900.57
2895.56
2889.59
2882.64
2874.94
2866.77
2858.23
2849.4
2840.31
2831.01
2821.48
2811.64
2801.31
2790.25
2778.2
2765
2750.55
2734.8
2717.68
2699.04
2678.73
2656.65
2632.8
2607.27
2580.25
2552.01
2522.83
2492.97
2462.53
2431.43
2399.45
2366.2
2331.18
2293.74
2253.04
2207.8
2156.03
2096.18
2029.21
1958.27
1889.67
1826.12
1767.98
1714.21
1664.14
1617.14
1572.29
1529.06
1488.43
1451.33
1416.08
1382.4
1351.42
1324.15
1300.09
1278.47
1258.79
1240.74
1224.16
1209.04
1195.42
1182.73
1171
1159.85
1149.48
1139.62
1130.4
1121.59
1113.24
1105.24
1097.62
1090.32
1083.3
1076.54
1069.98
1063.71
1057.69
1051.94
1046.39
1041.07
1035.98
1031.1
1026.38
1021.8
1017.34
1013.06
1008.95
1005.01
1001.18
997.487
993.891
990.45
987.117
983.941
980.86
977.921
975.067
972.337
969.7
967.176
964.756
962.443
960.228
958.102
956.133
954.184
952.408
950.662
949.047
947.462
944.887
3951.67
2909.46
2898.05
2919.65
2924.02
2923.28
2919.12
2913.66
2908.79
2904.55
2900.34
2895.33
2889.35
2882.39
2874.68
2866.5
2857.95
2849.11
2840
2830.68
2821.13
2811.27
2800.92
2789.82
2777.74
2764.48
2749.95
2734.1
2716.85
2698.06
2677.58
2655.31
2631.25
2605.52
2578.3
2549.88
2520.54
2490.51
2459.88
2428.55
2396.26
2362.59
2327.04
2288.94
2247.4
2201.07
2148.14
2087.92
2022.08
1953.84
1888.32
1827.42
1770.82
1717.89
1668.21
1621.49
1577.58
1535.72
1494.77
1456.15
1421.25
1388.52
1357.5
1328.65
1302.83
1280.21
1260.35
1242.54
1226.34
1211.34
1197.57
1184.74
1172.92
1161.71
1151.25
1141.25
1131.89
1122.95
1114.51
1106.46
1098.82
1091.55
1084.57
1077.87
1071.39
1065.17
1059.19
1053.43
1047.85
1042.5
1037.36
1032.45
1027.68
1023.07
1018.6
1014.31
1010.19
1006.22
1002.36
998.639
995.024
991.568
988.228
985.045
981.962
979.022
976.167
973.435
970.786
968.237
965.774
963.41
961.136
958.929
956.852
954.801
952.926
951.07
949.402
947.796
944.932
3953.03
2908.71
2896.7
2918.53
2923.2
2922.62
2918.61
2913.24
2908.46
2904.28
2900.1
2895.1
2889.11
2882.13
2874.42
2866.23
2857.66
2848.81
2839.69
2830.35
2820.78
2810.89
2800.51
2789.39
2777.27
2763.95
2749.34
2733.39
2716.01
2697.07
2676.42
2653.96
2629.71
2603.77
2576.36
2547.77
2518.28
2488.1
2457.3
2425.75
2393.17
2359.13
2323.1
2284.41
2242.09
2194.75
2140.91
2080.7
2016.1
1950.6
1887.75
1829.08
1774.57
1723.2
1674.25
1627.39
1582.96
1541.33
1501.9
1462.96
1426.06
1392.99
1362.69
1334.37
1308.1
1284.11
1262.69
1243.8
1227.08
1211.9
1197.98
1185.04
1173.15
1161.89
1151.36
1141.27
1131.8
1122.78
1114.3
1106.22
1098.55
1091.25
1084.29
1077.65
1071.3
1065.22
1059.36
1053.72
1048.25
1043
1037.96
1033.12
1028.44
1023.93
1019.55
1015.35
1011.31
1007.41
1003.61
999.964
996.436
993.071
989.822
986.722
983.711
980.839
978.046
975.38
972.792
970.322
967.943
965.668
963.476
961.359
959.372
957.389
955.543
953.652
951.954
950.272
947.401
3954.4
2907.98
2895.33
2917.39
2922.35
2921.94
2918.08
2912.82
2908.12
2904.01
2899.87
2894.87
2888.87
2881.87
2874.15
2865.95
2857.38
2848.51
2839.38
2830.02
2820.43
2810.52
2800.11
2788.96
2776.79
2763.42
2748.74
2732.68
2715.18
2696.09
2675.26
2652.62
2628.17
2602.03
2574.44
2545.68
2516.04
2485.72
2454.77
2423.02
2390.18
2355.81
2319.36
2280.1
2237.03
2188.81
2134.4
2074.63
2011.52
1948.53
1887.92
1831.12
1777.89
1727.74
1680.1
1634.35
1589.88
1547.17
1507.41
1470.08
1433.44
1398.34
1366.55
1338.08
1312.25
1288.61
1267
1247.35
1229.51
1213.62
1199.53
1186.52
1174.48
1163.08
1152.49
1142.39
1132.95
1123.98
1115.52
1107.43
1099.7
1092.32
1085.26
1078.51
1072.05
1065.86
1059.89
1054.14
1048.57
1043.24
1038.12
1033.21
1028.48
1023.93
1019.53
1015.32
1011.25
1007.33
1003.52
999.86
996.343
992.994
989.766
986.68
983.682
980.817
978.031
975.373
972.794
970.341
967.98
965.731
963.557
961.489
959.594
957.719
955.991
954.27
952.704
951.203
948.76
3955.78
2907.26
2893.93
2916.22
2921.49
2921.25
2917.55
2912.4
2907.79
2903.74
2899.62
2894.63
2888.62
2881.61
2873.87
2865.67
2857.09
2848.21
2839.06
2829.68
2820.07
2810.13
2799.7
2788.52
2776.32
2762.89
2748.13
2731.97
2714.33
2695.09
2674.1
2651.27
2626.62
2600.29
2572.52
2543.6
2513.83
2483.39
2452.29
2420.37
2387.3
2352.63
2315.78
2275.99
2232.21
2183.27
2128.64
2069.66
2008.31
1947.7
1889.19
1833.82
1781.45
1731.69
1684.48
1639.69
1596.78
1554.71
1513.64
1475.54
1440.03
1405.66
1372.75
1342.35
1315.2
1291.17
1269.7
1250.31
1232.65
1216.46
1201.72
1188.23
1176
1164.53
1153.89
1143.69
1134.1
1124.94
1116.31
1108.09
1100.29
1092.88
1085.85
1079.17
1072.81
1066.73
1060.87
1055.24
1049.79
1044.54
1039.48
1034.62
1029.92
1025.41
1021.05
1016.86
1012.81
1008.9
1005.12
1001.49
998.004
994.683
991.473
988.395
985.399
982.532
979.742
977.082
974.502
972.047
969.667
967.383
965.162
963.034
961.063
959.085
957.22
955.327
953.566
951.846
949.183
3957.16
2906.55
2892.52
2915.02
2920.61
2920.54
2917.01
2911.97
2907.45
2903.46
2899.38
2894.39
2888.36
2881.34
2873.6
2865.39
2856.8
2847.91
2838.74
2829.35
2819.71
2809.75
2799.29
2788.08
2775.83
2762.36
2747.52
2731.25
2713.49
2694.1
2672.94
2649.92
2625.08
2598.57
2570.62
2541.55
2511.65
2481.09
2449.87
2417.79
2384.52
2349.57
2312.35
2272.05
2227.66
2178.25
2123.76
2065.85
2006.29
1947.75
1891.07
1837.16
1786
1737.14
1690.17
1645.04
1602.21
1561.56
1521.55
1481.96
1445.19
1411.46
1379.52
1349.15
1320.78
1294.98
1272.07
1251.89
1234.02
1217.64
1202.53
1188.72
1176.24
1164.57
1153.82
1143.57
1134.01
1124.89
1116.3
1108.1
1100.29
1092.84
1085.74
1078.99
1072.57
1066.44
1060.56
1054.92
1049.49
1044.28
1039.25
1034.43
1029.79
1025.33
1021.03
1016.89
1012.89
1009.03
1005.31
1001.74
998.317
995.049
991.883
988.847
985.891
983.068
980.322
977.715
975.192
972.801
970.488
968.294
966.174
964.167
962.316
960.471
958.795
957.12
955.561
953.98
951.465
3958.54
2905.85
2891.08
2913.8
2919.71
2919.82
2916.46
2911.53
2907.1
2903.18
2899.13
2894.15
2888.11
2881.07
2873.32
2865.1
2856.5
2847.6
2838.42
2829
2819.35
2809.36
2798.88
2787.63
2775.35
2761.81
2746.9
2730.53
2712.64
2693.09
2671.77
2648.57
2623.55
2596.85
2568.74
2539.53
2509.51
2478.84
2447.5
2415.29
2381.83
2346.62
2309.05
2268.29
2223.41
2173.73
2119.61
2062.79
2004.84
1948.08
1893.1
1840.76
1791.04
1743.33
1697.25
1652.45
1608.83
1567.27
1528.35
1490.21
1452.34
1416.57
1384.09
1354.25
1326.47
1300.7
1277.06
1255.58
1236.29
1219.37
1204.67
1190.98
1178.28
1166.35
1155.42
1145.12
1135.59
1126.49
1117.88
1109.61
1101.71
1094.17
1087
1080.2
1073.76
1067.64
1061.75
1056.08
1050.58
1045.28
1040.18
1035.29
1030.6
1026.1
1021.76
1017.59
1013.56
1009.68
1005.93
1002.34
998.893
995.592
992.387
989.316
986.329
983.483
980.719
978.101
975.561
973.15
970.805
968.579
966.416
964.353
962.412
960.477
958.736
956.994
955.459
953.953
951.358
3959.92
2905.16
2889.62
2912.55
2918.79
2919.09
2915.89
2911.09
2906.75
2902.89
2898.88
2893.9
2887.84
2880.8
2873.03
2864.81
2856.2
2847.29
2838.09
2828.66
2818.99
2808.98
2798.46
2787.18
2774.86
2761.27
2746.28
2729.81
2711.79
2692.09
2670.59
2647.22
2622.01
2595.14
2566.87
2537.53
2507.4
2476.63
2445.19
2412.85
2379.22
2343.78
2305.88
2264.72
2219.45
2169.71
2116.2
2060.51
2004.07
1948.93
1895.3
1843.84
1794.8
1747.82
1702.73
1659.28
1616.78
1574.76
1534.23
1496.64
1460.39
1424.62
1390.24
1358.64
1330.16
1304.45
1281.08
1259.8
1240.39
1222.67
1206.61
1192.28
1179.38
1167.36
1156.32
1145.84
1136.1
1126.8
1118.02
1109.62
1101.63
1094.02
1086.86
1080.11
1073.78
1067.76
1061.95
1056.34
1050.9
1045.68
1040.65
1035.83
1031.2
1026.77
1022.49
1018.39
1014.42
1010.61
1006.93
1003.42
1000.03
996.794
993.645
990.628
987.692
984.897
982.18
979.609
977.114
974.757
972.475
970.307
968.182
966.156
964.253
962.318
960.55
958.735
957.129
955.5
952.867
3961.3
2904.49
2888.14
2911.28
2917.85
2918.35
2915.32
2910.64
2906.39
2902.6
2898.62
2893.64
2887.58
2880.51
2872.74
2864.51
2855.9
2846.97
2837.76
2828.32
2818.62
2808.58
2798.04
2786.72
2774.36
2760.72
2745.65
2729.08
2710.93
2691.08
2669.42
2645.87
2620.48
2593.44
2565.03
2535.56
2505.33
2474.48
2442.95
2410.49
2376.7
2341.04
2302.85
2261.33
2215.81
2166.26
2113.55
2059.09
2004.18
1950.56
1898.56
1848.29
1799.85
1753.13
1708.04
1664.67
1623.22
1582.87
1542.47
1502.86
1466.13
1431.61
1398.16
1365.97
1335.77
1308.31
1283.82
1262.1
1242.75
1225.07
1208.55
1193.77
1180.42
1168.05
1156.74
1146.09
1136.3
1127.06
1118.42
1110.14
1102.23
1094.66
1087.51
1080.76
1074.36
1068.22
1062.26
1056.51
1050.97
1045.66
1040.56
1035.69
1031.01
1026.54
1022.24
1018.11
1014.13
1010.3
1006.62
1003.11
999.716
996.47
993.319
990.307
987.384
984.611
981.919
979.373
976.899
974.573
972.325
970.196
968.098
966.127
964.312
962.481
960.824
959.147
957.64
956.111
953.791
3962.68
2903.83
2886.65
2909.98
2916.9
2917.6
2914.74
2910.18
2906.03
2902.31
2898.36
2893.39
2887.3
2880.23
2872.45
2864.21
2855.59
2846.66
2837.43
2827.97
2818.25
2808.19
2797.62
2786.26
2773.86
2760.16
2745.02
2728.35
2710.07
2690.07
2668.24
2644.51
2618.96
2591.76
2563.21
2533.63
2503.31
2472.38
2440.77
2408.21
2374.28
2338.42
2299.95
2258.17
2212.62
2163.52
2111.68
2058.4
2004.95
1952.75
1902.04
1852.95
1805.77
1760.06
1715.43
1671.76
1629.35
1589.08
1550.38
1511.62
1473.2
1437.09
1403.81
1372.49
1342.79
1314.94
1289.24
1265.92
1245.12
1227.02
1211.18
1196.41
1182.92
1170.37
1158.9
1148.06
1138.1
1128.63
1119.75
1111.25
1103.18
1095.52
1088.36
1081.6
1075.16
1068.98
1062.99
1057.26
1051.78
1046.56
1041.53
1036.71
1032.06
1027.6
1023.31
1019.18
1015.21
1011.39
1007.72
1004.21
1000.83
997.578
994.426
991.412
988.491
985.722
983.035
980.492
978.015
975.677
973.398
971.229
969.084
967.058
965.175
963.273
961.509
959.724
958.101
956.458
954.048
3964.04
2903.18
2885.14
2908.66
2915.93
2916.83
2914.14
2909.72
2905.66
2902.01
2898.1
2893.13
2887.03
2879.94
2872.15
2863.91
2855.28
2846.34
2837.1
2827.62
2817.88
2807.79
2797.19
2785.8
2773.35
2759.59
2744.38
2727.61
2709.2
2689.05
2667.05
2643.16
2617.44
2590.09
2561.41
2531.74
2501.34
2470.35
2438.67
2406.02
2371.95
2335.91
2297.23
2255.32
2209.94
2161.34
2110.3
2058.1
2005.89
1954.88
1905.26
1857.06
1810.59
1765.7
1722.17
1679.69
1637.71
1596.19
1556.56
1519.1
1482.07
1445.25
1409.93
1377.33
1347.49
1319.97
1294.59
1271.28
1249.91
1230.28
1212.74
1197.42
1183.68
1171.04
1159.5
1148.59
1138.47
1128.79
1119.69
1111.04
1102.96
1095.34
1088.21
1081.42
1074.88
1068.58
1062.52
1056.77
1051.34
1046.18
1041.22
1036.46
1031.85
1027.43
1023.17
1019.09
1015.16
1011.39
1007.76
1004.29
1000.93
997.72
994.604
991.629
988.75
986.021
983.376
980.877
978.44
976.135
973.884
971.765
969.683
967.747
965.951
964.165
962.532
960.877
959.362
957.774
955.414
)
;

boundaryField
{
    inlet
    {
        type            fixedValue;
        value           uniform 2790;
    }
    obstacle
    {
        type            zeroGradient;
    }
    bottom
    {
        type            symmetry;
    }
    outlet
    {
        type            zeroGradient;
    }
    top
    {
        type            symmetry;
    }
    defaultFaces
    {
        type            empty;
    }
    procBoundary5to2
    {
        type            processor;
        value           nonuniform List<scalar> 
42
(
2875.34
2817.23
2793.79
2794.72
2795.59
2795.64
2794.88
2794.05
2793.85
2794.54
2794.77
2794.21
2793.86
2793.97
2793.92
2793.71
2793.53
2793.41
2793.24
2793.05
2792.85
2792.64
2792.41
2792.17
2791.9
2791.62
2791.31
2790.99
2790.63
2790.26
2789.84
2789.4
2788.92
2788.41
2787.85
2787.25
2786.62
2785.96
2785.26
2784.53
2783.77
2782.96
)
;
    }
    procBoundary5to3
    {
        type            processor;
        value           nonuniform List<scalar> 
83
(
2783.66
2783.66
2781.64
2779.53
2755.94
2755.94
2751.86
2747.74
2743.56
2739.41
2735.28
2731.19
2727.1
2722.99
2718.86
2714.76
2710.66
2706.61
2702.6
2698.57
2694.66
2690.72
2686.97
2683.34
2679.86
2676.63
2673.52
2670.77
2668.22
2665.85
2663.99
2662.54
2661.7
2661.3
2661.81
2663.01
2664.67
2667.11
2670.28
2674.17
2678.74
2683.99
2689.91
2696.45
2703.51
2710.96
2718.66
2726.52
2734.49
2742.55
2750.69
2758.86
2767.02
2775.11
2783.14
2791.15
2799.17
2807.24
2815.36
2823.52
2831.68
2839.79
2847.76
2855.51
2862.99
2870.24
2877.33
2884.32
2891.17
2897.76
2904
2909.88
2915.79
2922.06
2929.42
2937.85
2946.75
2954.79
2962.35
2969.96
2960.84
2967.49
3878.18
)
;
    }
    procBoundary5to4
    {
        type            processor;
        value           nonuniform List<scalar> 
121
(
3965.4
2902.56
2883.61
2907.32
2914.95
2916.05
2913.54
2909.25
2905.3
2901.71
2897.83
2892.86
2886.75
2879.64
2871.85
2863.6
2854.97
2846.01
2836.77
2827.27
2817.51
2807.39
2796.76
2785.33
2772.83
2759.02
2743.74
2726.86
2708.33
2688.02
2665.86
2641.81
2615.93
2588.44
2559.65
2529.89
2499.43
2468.38
2436.64
2403.91
2369.73
2333.54
2294.72
2252.83
2207.7
2159.59
2109.38
2058.29
2007.29
1957.44
1908.81
1861.37
1815.43
1770.87
1727.61
1685.78
1645.23
1605.04
1564.6
1525.41
1488.74
1453.41
1418.67
1384.96
1353.2
1324.17
1298
1274.48
1253.32
1234.12
1216.41
1200.38
1185.98
1172.83
1160.94
1149.84
1139.71
1130.07
1121.03
1112.43
1104.4
1096.82
1089.63
1082.72
1075.99
1069.53
1063.42
1057.69
1052.27
1047.1
1042.07
1037.23
1032.55
1028.07
1023.76
1019.64
1015.67
1011.87
1008.22
1004.72
1001.34
998.093
994.949
991.952
989.063
986.325
983.672
981.159
978.696
976.35
974.041
971.868
969.732
967.729
965.841
963.968
962.258
960.538
958.995
957.414
954.975
)
;
    }
}


// ************************************************************************* //
