/*--------------------------------*- C++ -*----------------------------------*\
| =========                 |                                                 |
| \\      /  F ield         | OpenFOAM: The Open Source CFD Toolbox           |
|  \\    /   O peration     | Version:  2412                                  |
|   \\  /    A nd           | Website:  www.openfoam.com                      |
|    \\/     M anipulation  |                                                 |
\*---------------------------------------------------------------------------*/
FoamFile
{
    version     2.0;
    format      ascii;
    arch        "LSB;label=32;scalar=64";
    class       volScalarField;
    location    "0.117";
    object      p;
}
// * * * * * * * * * * * * * * * * * * * * * * * * * * * * * * * * * * * * * //

dimensions      [1 -1 -2 0 0 0 0];

internalField   nonuniform List<scalar> 
9922
(
4404.96
2742.95
2768.21
2783.11
2785.96
2786.92
2783.99
2780.98
2776.75
2772.62
2768.3
2764.3
2760.44
2756.8
2753.2
2749.66
2746.09
2742.43
2738.59
2734.52
2730.17
2725.47
2720.37
2714.8
2708.7
2702.05
2694.8
2686.92
2678.41
2669.23
2659.36
2648.78
2637.46
2625.37
2612.48
2598.74
2584.13
2568.61
2552.14
2534.67
2516.15
2496.51
2475.68
2453.57
2430.07
2405.07
2378.43
2349.96
2319.44
2286.55
2250.82
2211.41
2166.61
2114.32
2053.67
1985.54
1917.7
1854.59
1798.22
1748.31
1703.92
1663.91
1627.68
1595.2
1565.75
1539.08
1514.95
1492.86
1472.46
1453.6
1436.31
1420.65
1406.6
1393.5
1381.23
1369.35
1358
1347.13
1336.89
1327.27
1318.33
1309.9
1301.93
1294.35
1287.14
1280.27
1273.68
1267.34
1261.27
1255.53
1250.12
1245.01
1240.13
1235.44
1230.89
1226.52
1222.32
1218.26
1214.29
1210.44
1206.72
1203.23
1199.93
1196.79
1193.79
1190.92
1188.17
1185.55
1183.03
1180.66
1178.37
1176.22
1174.13
1172.16
1170.31
1168.51
1166.8
1165.1
1163.57
1162.02
1159.67
4409.34
2741.86
2766.82
2782.05
2785.32
2786.49
2783.64
2780.66
2776.46
2772.33
2768.02
2764.03
2760.18
2756.56
2752.98
2749.47
2745.92
2742.29
2738.47
2734.42
2730.07
2725.38
2720.28
2714.71
2708.6
2701.93
2694.66
2686.77
2678.23
2669.02
2659.11
2648.48
2637.1
2624.95
2611.99
2598.17
2583.46
2567.82
2551.22
2533.6
2514.89
2495.03
2473.92
2451.49
2427.6
2402.13
2374.89
2345.68
2314.25
2280.22
2243.03
2201.66
2154.43
2100.24
2039.44
1973.87
1909.75
1850.37
1796.82
1748.41
1704.69
1665.26
1629.54
1596.77
1567.1
1540.19
1515.72
1493.54
1473.32
1454.84
1437.95
1422.3
1407.81
1394.06
1381.11
1368.8
1357.41
1346.82
1337.07
1327.93
1319.29
1310.98
1303.01
1295.41
1288.14
1281.19
1274.5
1268.05
1261.86
1255.97
1250.38
1245.11
1240.08
1235.23
1230.54
1226.09
1221.87
1217.87
1214.08
1210.53
1207.16
1203.91
1200.72
1197.63
1194.63
1191.76
1188.99
1186.34
1183.77
1181.33
1178.96
1176.71
1174.52
1172.44
1170.49
1168.62
1166.83
1165.07
1163.44
1161.84
1159.5
4413.76
2740.79
2765.44
2781
2784.66
2786.04
2783.28
2780.34
2776.15
2772.04
2767.73
2763.75
2759.92
2756.31
2752.75
2749.27
2745.75
2742.14
2738.35
2734.31
2729.98
2725.29
2720.19
2714.61
2708.5
2701.82
2694.53
2686.62
2678.05
2668.8
2658.86
2648.18
2636.76
2624.54
2611.51
2597.61
2582.81
2567.06
2550.32
2532.55
2513.66
2493.58
2472.22
2449.47
2425.21
2399.26
2371.45
2341.54
2309.23
2274.11
2235.54
2192.43
2143.44
2088.39
2027.95
1965.21
1904.37
1847.95
1796.35
1749.59
1707.17
1668.31
1632.68
1600.17
1570.33
1543.17
1518.62
1496.28
1475.85
1457
1439.54
1423.14
1407.9
1393.74
1380.95
1369.15
1358.4
1348.12
1338.34
1328.91
1319.8
1311.1
1302.87
1295.09
1287.73
1280.74
1274.14
1267.88
1261.92
1256.24
1250.83
1245.68
1240.72
1235.95
1231.34
1226.97
1222.78
1218.73
1214.76
1210.91
1207.22
1203.76
1200.47
1197.34
1194.36
1191.53
1188.82
1186.24
1183.76
1181.4
1179.14
1176.99
1174.92
1172.95
1171.1
1169.3
1167.6
1165.93
1164.32
1162.71
1160.36
4418.2
2739.71
2764.01
2779.92
2784
2785.57
2782.9
2780.01
2775.84
2771.74
2767.44
2763.47
2759.65
2756.06
2752.53
2749.07
2745.58
2742
2738.22
2734.2
2729.88
2725.2
2720.1
2714.52
2708.4
2701.71
2694.4
2686.46
2677.87
2668.59
2658.61
2647.89
2636.41
2624.14
2611.04
2597.07
2582.17
2566.32
2549.46
2531.54
2512.48
2492.19
2470.58
2447.53
2422.89
2396.5
2368.14
2337.56
2304.42
2268.28
2228.43
2183.87
2133.72
2078.51
2018.99
1958.95
1901.16
1847.49
1798.05
1752.71
1710.95
1672.49
1636.95
1604.1
1574.02
1546.59
1521.55
1498.71
1477.75
1458.33
1440.23
1423.51
1408.48
1394.78
1382.37
1370.57
1359.4
1348.58
1338.25
1328.41
1319.12
1310.42
1302.31
1294.62
1287.27
1280.27
1273.64
1267.37
1261.37
1255.64
1250.17
1244.95
1239.93
1235.15
1230.6
1226.27
1222.07
1218.01
1214.07
1210.34
1206.83
1203.51
1200.3
1197.2
1194.21
1191.35
1188.6
1185.98
1183.43
1181
1178.65
1176.42
1174.28
1172.25
1170.34
1168.5
1166.77
1165.12
1163.51
1161.91
1159.5
4422.64
2738.61
2762.61
2778.94
2783.38
2785.1
2782.5
2779.67
2775.53
2771.44
2767.14
2763.19
2759.38
2755.81
2752.3
2748.87
2745.41
2741.85
2738.1
2734.1
2729.79
2725.11
2720.02
2714.43
2708.3
2701.59
2694.27
2686.31
2677.7
2668.39
2658.37
2647.61
2636.08
2623.75
2610.59
2596.54
2581.56
2565.6
2548.62
2530.56
2511.33
2490.84
2468.99
2445.65
2420.67
2393.85
2364.97
2333.75
2299.84
2262.76
2221.82
2176.21
2125.55
2070.76
2012.58
1954.96
1899.64
1847.86
1799.9
1755.46
1714.24
1675.8
1640.05
1607.03
1576.53
1548.56
1523.09
1499.89
1478.66
1459.2
1441.43
1425.22
1410.4
1396.45
1383.41
1370.91
1359.14
1348.1
1338.01
1328.59
1319.79
1311.4
1303.36
1295.66
1288.27
1281.28
1274.63
1268.33
1262.26
1256.47
1250.89
1245.55
1240.39
1235.5
1230.82
1226.36
1222.04
1217.91
1214.03
1210.47
1207.09
1203.82
1200.64
1197.57
1194.62
1191.81
1189.12
1186.55
1184.06
1181.66
1179.34
1177.13
1175
1172.96
1171.03
1169.16
1167.38
1165.69
1164.05
1162.47
1160.1
4427.05
2737.56
2761.45
2778.28
2782.85
2784.61
2782.07
2779.32
2775.22
2771.13
2766.84
2762.9
2759.1
2755.55
2752.06
2748.66
2745.23
2741.7
2737.97
2733.99
2729.69
2725.03
2719.93
2714.34
2708.21
2701.48
2694.15
2686.17
2677.52
2668.19
2658.13
2647.33
2635.76
2623.38
2610.15
2596.03
2580.96
2564.91
2547.82
2529.62
2510.23
2489.55
2467.47
2443.85
2418.53
2391.31
2361.94
2330.14
2295.52
2257.62
2215.81
2169.51
2118.74
2064.57
2007.94
1952.4
1899.06
1848.84
1801.96
1758.1
1717.08
1678.9
1643.38
1610.24
1579.61
1551.46
1525.77
1502.44
1481.21
1461.82
1443.98
1427.35
1411.85
1397.2
1383.52
1370.78
1359.37
1348.9
1339.22
1329.78
1320.6
1311.79
1303.36
1295.41
1287.94
1280.91
1274.22
1267.85
1261.75
1255.97
1250.43
1245.16
1240.14
1235.4
1230.86
1226.53
1222.36
1218.31
1214.31
1210.41
1206.66
1203.16
1199.86
1196.73
1193.74
1190.91
1188.22
1185.66
1183.2
1180.84
1178.58
1176.44
1174.36
1172.4
1170.55
1168.76
1167.03
1165.37
1163.76
1162.2
1159.88
4431.39
2736.63
2760.75
2778.04
2782.42
2784.11
2781.62
2778.97
2774.9
2770.82
2766.54
2762.6
2758.82
2755.29
2751.83
2748.45
2745.05
2741.55
2737.85
2733.88
2729.6
2724.94
2719.84
2714.25
2708.11
2701.38
2694.02
2686.02
2677.35
2667.99
2657.9
2647.06
2635.44
2623.01
2609.72
2595.53
2580.39
2564.24
2547.04
2528.71
2509.17
2488.31
2466.01
2442.13
2416.5
2388.9
2359.08
2326.73
2291.5
2252.92
2210.48
2163.8
2113.19
2059.75
2004.83
1951.11
1899.42
1850.72
1804.94
1762.04
1721.89
1684.13
1648.68
1615.59
1584.77
1556.32
1530.23
1506.41
1484.63
1464.6
1446.01
1428.65
1412.58
1397.74
1384.35
1371.98
1360.74
1349.99
1339.64
1329.6
1320.06
1311.14
1302.82
1295.01
1287.66
1280.68
1273.96
1267.55
1261.43
1255.63
1250.06
1244.75
1239.66
1234.82
1230.15
1225.7
1221.47
1217.49
1213.76
1210.3
1206.96
1203.67
1200.41
1197.28
1194.29
1191.44
1188.7
1186.07
1183.54
1181.12
1178.78
1176.56
1174.41
1172.37
1170.45
1168.61
1166.81
1165.1
1163.44
1161.88
1159.63
4435.64
2735.95
2760.52
2778.01
2782
2783.58
2781.16
2778.61
2774.57
2770.5
2766.23
2762.3
2758.54
2755.03
2751.59
2748.24
2744.87
2741.4
2737.72
2733.77
2729.5
2724.85
2719.76
2714.16
2708.01
2701.27
2693.9
2685.88
2677.19
2667.8
2657.68
2646.8
2635.13
2622.65
2609.31
2595.06
2579.84
2563.6
2546.3
2527.84
2508.16
2487.13
2464.62
2440.5
2414.57
2386.62
2356.39
2323.57
2287.8
2248.69
2205.79
2158.94
2108.68
2056.17
2002.93
1950.98
1901.13
1853.96
1809.47
1767.34
1727.39
1689.66
1654.07
1620.61
1589.34
1560.31
1533.57
1509.09
1486.68
1466.15
1447.23
1429.86
1414.06
1399.52
1386.19
1373.45
1361.45
1349.99
1339.33
1329.57
1320.62
1312.12
1303.98
1296.21
1288.78
1281.7
1274.9
1268.43
1262.28
1256.44
1250.85
1245.53
1240.42
1235.55
1230.84
1226.34
1222.03
1217.91
1213.95
1210.15
1206.56
1203.15
1199.87
1196.76
1193.83
1191.05
1188.38
1185.82
1183.36
1181.02
1178.76
1176.62
1174.55
1172.59
1170.73
1168.95
1167.21
1165.56
1163.91
1162.31
1159.98
4439.82
2735.56
2760.58
2777.99
2781.55
2783.04
2780.71
2778.25
2774.24
2770.18
2765.92
2762
2758.25
2754.76
2751.34
2748.03
2744.69
2741.24
2737.59
2733.66
2729.4
2724.76
2719.67
2714.07
2707.92
2701.16
2693.78
2685.74
2677.03
2667.61
2657.45
2646.54
2634.83
2622.3
2608.91
2594.59
2579.31
2562.99
2545.58
2527.02
2507.19
2486
2463.31
2438.95
2412.76
2384.49
2353.89
2320.66
2284.46
2244.92
2201.73
2154.97
2105.32
2053.93
2002.29
1951.97
1903.55
1857.38
1813.37
1771.41
1731.56
1693.79
1658.09
1624.46
1592.88
1563.45
1536.33
1511.52
1488.91
1468.35
1449.59
1432.38
1416.48
1401.55
1387.55
1374.15
1361.72
1350.37
1340.37
1330.94
1321.78
1312.84
1304.22
1296.08
1288.38
1281.13
1274.27
1267.78
1261.6
1255.72
1250.11
1244.77
1239.66
1234.79
1230.17
1225.81
1221.69
1217.79
1214
1210.25
1206.55
1203.03
1199.68
1196.51
1193.51
1190.64
1187.89
1185.25
1182.72
1180.32
1178
1175.81
1173.68
1171.68
1169.79
1167.98
1166.22
1164.57
1162.89
1161.29
1158.96
4443.97
2735.37
2760.64
2777.84
2781
2782.5
2780.27
2777.89
2773.9
2769.86
2765.6
2761.69
2757.96
2754.48
2751.1
2747.81
2744.5
2741.08
2737.46
2733.55
2729.31
2724.67
2719.59
2713.99
2707.83
2701.06
2693.66
2685.6
2676.87
2667.42
2657.24
2646.29
2634.54
2621.96
2608.52
2594.15
2578.8
2562.4
2544.91
2526.23
2506.28
2484.93
2462.06
2437.5
2411.05
2382.5
2351.58
2318.01
2281.46
2241.61
2198.33
2151.86
2102.94
2052.62
2002.36
1953.37
1905.92
1860.4
1817.03
1775.67
1736.28
1698.85
1663.34
1629.73
1598.13
1568.61
1541.26
1516.16
1493.21
1472.24
1452.95
1435.1
1418.51
1402.95
1388.51
1375.1
1363.11
1351.9
1341.48
1331.39
1321.58
1312.31
1303.7
1295.68
1288.15
1281.03
1274.25
1267.82
1261.68
1255.85
1250.26
1244.9
1239.72
1234.75
1230
1225.47
1221.13
1217.03
1213.22
1209.68
1206.25
1202.95
1199.77
1196.73
1193.81
1191
1188.3
1185.7
1183.2
1180.81
1178.51
1176.32
1174.18
1172.16
1170.24
1168.42
1166.64
1165
1163.31
1161.73
1159.39
4448.16
2735.24
2760.46
2777.47
2780.34
2781.94
2779.84
2777.53
2773.56
2769.53
2765.28
2761.38
2757.66
2754.21
2750.84
2747.59
2744.31
2740.92
2737.33
2733.44
2729.21
2724.58
2719.5
2713.9
2707.73
2700.96
2693.54
2685.47
2676.71
2667.24
2657.03
2646.04
2634.26
2621.64
2608.15
2593.73
2578.31
2561.84
2544.26
2525.48
2505.41
2483.93
2460.89
2436.14
2409.47
2380.67
2349.48
2315.62
2278.8
2238.8
2195.61
2149.55
2101.32
2052.01
2003.02
1955.29
1909.06
1864.75
1822.41
1781.83
1742.94
1705.73
1670.21
1636.47
1604.53
1574.53
1546.59
1520.77
1497.04
1475.27
1455.26
1436.86
1419.95
1404.39
1390.34
1377.11
1364.76
1352.89
1341.67
1331.24
1321.77
1313.03
1304.84
1296.97
1289.44
1282.27
1275.37
1268.79
1262.48
1256.48
1250.72
1245.21
1239.95
1235.01
1230.33
1225.89
1221.59
1217.43
1213.38
1209.46
1205.71
1202.14
1198.79
1195.64
1192.67
1189.84
1187.13
1184.53
1182.05
1179.7
1177.46
1175.34
1173.26
1171.29
1169.44
1167.67
1165.93
1164.31
1162.64
1161.07
1158.78
4452.43
2735.03
2759.93
2776.84
2779.6
2781.38
2779.41
2777.16
2773.22
2769.2
2764.95
2761.07
2757.36
2753.92
2750.59
2747.36
2744.11
2740.76
2737.19
2733.33
2729.12
2724.5
2719.42
2713.82
2707.64
2700.85
2693.43
2685.33
2676.56
2667.07
2656.83
2645.81
2633.99
2621.33
2607.79
2593.32
2577.85
2561.31
2543.65
2524.78
2504.59
2482.98
2459.79
2434.87
2408.01
2379
2347.58
2313.5
2276.5
2236.46
2193.43
2147.76
2100.32
2052.27
2004.63
1958.23
1913.33
1870.01
1828.26
1787.91
1749.01
1711.68
1675.97
1641.91
1609.57
1579.05
1550.51
1524.08
1499.76
1477.54
1457.3
1438.88
1422.11
1406.68
1392.44
1378.73
1365.67
1353.37
1342.44
1332.43
1323.22
1314.28
1305.54
1297.23
1289.35
1281.94
1274.87
1268.13
1261.69
1255.59
1249.77
1244.27
1239.04
1234.1
1229.39
1224.92
1220.74
1216.82
1213.09
1209.52
1206
1202.55
1199.2
1196
1192.95
1190.03
1187.22
1184.52
1181.94
1179.51
1177.19
1174.98
1172.83
1170.8
1168.9
1167.11
1165.33
1163.68
1162
1160.46
1158.25
4456.82
2734.71
2759.14
2776.04
2778.81
2780.81
2778.98
2776.79
2772.87
2768.86
2764.62
2760.75
2757.05
2753.64
2750.33
2747.13
2743.92
2740.6
2737.06
2733.22
2729.02
2724.41
2719.33
2713.73
2707.55
2700.76
2693.31
2685.2
2676.41
2666.9
2656.63
2645.58
2633.73
2621.03
2607.45
2592.93
2577.41
2560.81
2543.07
2524.11
2503.83
2482.1
2458.78
2433.7
2406.68
2377.49
2345.89
2311.65
2274.57
2234.56
2191.76
2146.72
2100.33
2053.43
2006.97
1961.66
1917.56
1874.6
1833.02
1792.84
1754.09
1716.84
1681.16
1647.1
1614.68
1584.01
1555.27
1528.61
1504.08
1481.67
1461.21
1442.46
1425.18
1409.05
1393.9
1379.68
1366.8
1354.89
1344.11
1333.77
1323.82
1314.27
1305.24
1296.94
1289.26
1281.99
1275.01
1268.38
1262.03
1256.02
1250.31
1244.91
1239.72
1234.72
1229.87
1225.21
1220.75
1216.47
1212.35
1208.48
1204.9
1201.53
1198.29
1195.2
1192.24
1189.39
1186.65
1184.02
1181.51
1179.15
1176.88
1174.74
1172.66
1170.69
1168.81
1167.02
1165.23
1163.56
1161.85
1160.25
1157.95
4461.32
2734.33
2758.22
2775.21
2778
2780.24
2778.55
2776.41
2772.52
2768.52
2764.29
2760.42
2756.74
2753.35
2750.07
2746.9
2743.72
2740.43
2736.92
2733.1
2728.92
2724.32
2719.25
2713.65
2707.46
2700.66
2693.2
2685.08
2676.26
2666.73
2656.44
2645.37
2633.48
2620.74
2607.13
2592.56
2576.99
2560.34
2542.53
2523.49
2503.12
2481.28
2457.84
2432.64
2405.47
2376.14
2344.41
2310.07
2272.96
2233.06
2190.64
2146.34
2100.91
2055.01
2009.49
1964.99
1921.47
1879.11
1838.31
1798.9
1760.77
1723.96
1688.5
1654.45
1621.93
1591.05
1561.96
1534.79
1509.62
1486.42
1465.12
1445.59
1427.62
1410.89
1395.56
1381.52
1368.84
1356.62
1345.06
1334.07
1323.93
1314.65
1306.26
1298.27
1290.48
1283.01
1275.89
1269.16
1262.65
1256.42
1250.43
1244.8
1239.46
1234.4
1229.61
1225.12
1220.88
1216.81
1212.75
1208.78
1205
1201.42
1198.01
1194.75
1191.63
1188.61
1185.73
1182.96
1180.33
1177.85
1175.48
1173.26
1171.12
1169.09
1167.16
1165.33
1163.54
1161.91
1160.2
1158.61
1156.37
4465.91
2733.99
2757.32
2774.37
2777.15
2779.67
2778.12
2776.03
2772.16
2768.17
2763.95
2760.09
2756.42
2753.05
2749.8
2746.67
2743.52
2740.26
2736.78
2732.99
2728.82
2724.24
2719.17
2713.57
2707.38
2700.56
2693.09
2684.95
2676.12
2666.57
2656.26
2645.16
2633.24
2620.47
2606.82
2592.22
2576.6
2559.9
2542.03
2522.92
2502.46
2480.53
2456.99
2431.67
2404.39
2374.95
2343.13
2308.75
2271.67
2231.98
2190.08
2146.59
2101.88
2056.82
2012.29
1968.78
1926.44
1885.33
1845.39
1806.44
1768.45
1731.58
1695.96
1661.68
1628.81
1597.45
1567.75
1539.9
1513.95
1489.91
1467.84
1447.73
1429.53
1413.02
1398.08
1383.87
1370.41
1357.48
1345.62
1334.81
1325.26
1316.18
1307.36
1298.71
1290.29
1282.46
1275.26
1268.48
1261.93
1255.68
1249.8
1244.34
1239.12
1234.06
1229.18
1224.49
1220.01
1215.8
1211.89
1208.19
1204.62
1201.2
1197.96
1194.85
1191.82
1188.88
1186.04
1183.31
1180.68
1178.17
1175.77
1173.52
1171.33
1169.25
1167.3
1165.48
1163.7
1162.08
1160.37
1158.78
1156.44
4470.57
2733.71
2756.39
2773.48
2776.26
2779.06
2777.68
2775.65
2771.79
2767.82
2763.6
2759.76
2756.11
2752.75
2749.53
2746.43
2743.32
2740.09
2736.64
2732.87
2728.73
2724.15
2719.09
2713.49
2707.29
2700.47
2692.99
2684.83
2675.99
2666.42
2656.09
2644.96
2633.01
2620.22
2606.53
2591.89
2576.23
2559.48
2541.56
2522.39
2501.86
2479.85
2456.22
2430.81
2403.45
2373.93
2342.06
2307.67
2270.72
2231.4
2190.11
2147.14
2103.23
2059.29
2015.94
1973.52
1932.18
1891.52
1851.6
1812.58
1774.55
1737.64
1701.97
1667.55
1634.48
1602.85
1572.81
1544.58
1518.26
1493.96
1471.66
1451.32
1432.93
1416.11
1400.44
1385.53
1371.63
1358.7
1347.21
1336.43
1326.35
1316.63
1307.18
1298.34
1290.31
1282.94
1275.97
1269.24
1262.71
1256.53
1250.68
1245.09
1239.64
1234.46
1229.57
1224.91
1220.33
1215.9
1211.74
1207.77
1203.92
1200.27
1196.87
1193.66
1190.58
1187.61
1184.79
1182.11
1179.55
1177.13
1174.8
1172.6
1170.45
1168.4
1166.47
1164.63
1162.78
1161.06
1159.29
1157.64
1155.25
4475.32
2733.45
2755.34
2772.46
2775.31
2778.42
2777.21
2775.26
2771.43
2767.47
2763.26
2759.42
2755.78
2752.45
2749.26
2746.19
2743.11
2739.92
2736.5
2732.76
2728.63
2724.06
2719.01
2713.41
2707.21
2700.38
2692.89
2684.72
2675.86
2666.27
2655.92
2644.77
2632.8
2619.97
2606.26
2591.58
2575.89
2559.1
2541.14
2521.91
2501.32
2479.25
2455.54
2430.06
2402.63
2373.07
2341.19
2306.88
2270.15
2231.22
2190.38
2148.1
2105.25
2062.44
2019.97
1978.25
1937.26
1896.72
1857.13
1818.64
1781.11
1744.55
1709.08
1674.78
1641.73
1610.03
1579.87
1551.38
1524.72
1499.99
1477.1
1456.08
1436.85
1419.08
1402.6
1387.39
1373.79
1360.88
1348.8
1337.23
1326.51
1316.61
1307.71
1299.53
1291.77
1284.19
1276.76
1269.66
1262.92
1256.52
1250.34
1244.42
1238.81
1233.58
1228.69
1224.06
1219.72
1215.64
1211.74
1208
1204.31
1200.73
1197.31
1194.02
1190.85
1187.8
1184.88
1182.11
1179.48
1176.98
1174.57
1172.29
1170.08
1168
1166.05
1164.21
1162.37
1160.69
1158.98
1157.42
1155.17
4480.18
2733.11
2754.02
2771.27
2774.31
2777.76
2776.73
2774.86
2771.06
2767.11
2762.9
2759.07
2755.45
2752.15
2748.98
2745.95
2742.9
2739.75
2736.36
2732.64
2728.53
2723.98
2718.93
2713.33
2707.13
2700.29
2692.79
2684.61
2675.73
2666.13
2655.76
2644.6
2632.6
2619.75
2606
2591.3
2575.58
2558.75
2540.75
2521.48
2500.84
2478.71
2454.95
2429.42
2401.95
2372.38
2340.54
2306.35
2269.88
2231.36
2191.05
2149.68
2107.79
2065.69
2023.85
1982.74
1942.39
1902.87
1864.3
1826.55
1789.46
1753.14
1717.74
1683.35
1650.09
1618.08
1587.46
1558.39
1531.02
1505.36
1481.58
1459.77
1439.72
1421.42
1404.98
1389.96
1376.08
1362.74
1350.17
1338.32
1327.85
1318.1
1309.1
1300.45
1291.92
1283.72
1275.99
1268.78
1262.09
1255.82
1249.96
1244.51
1239.3
1234.22
1229.19
1224.31
1219.65
1215.23
1210.99
1206.97
1203.26
1199.82
1196.51
1193.31
1190.24
1187.32
1184.54
1181.9
1179.37
1176.96
1174.61
1172.4
1170.24
1168.19
1166.23
1164.37
1162.51
1160.79
1159.01
1157.37
1155.01
4485.19
2732.67
2752.42
2769.96
2773.33
2777.13
2776.24
2774.46
2770.68
2766.74
2762.54
2758.72
2755.12
2751.84
2748.7
2745.7
2742.69
2739.57
2736.21
2732.53
2728.44
2723.89
2718.85
2713.25
2707.05
2700.2
2692.69
2684.5
2675.61
2665.99
2655.61
2644.43
2632.41
2619.54
2605.77
2591.04
2575.29
2558.44
2540.4
2521.1
2500.42
2478.25
2454.45
2428.89
2401.41
2371.86
2340.09
2306.08
2269.96
2231.84
2192.23
2151.65
2110.4
2068.99
2028.08
1987.95
1948.73
1910.17
1871.91
1834.18
1797.04
1760.61
1725.06
1690.51
1657.02
1624.69
1593.66
1564.13
1536.21
1509.96
1485.63
1463.25
1442.9
1424.52
1407.65
1391.99
1377.54
1364.01
1351.77
1340.16
1329.39
1319.15
1309.4
1300.18
1291.59
1283.64
1276.42
1269.65
1263.16
1256.93
1250.86
1244.98
1239.36
1234.06
1229.02
1224.28
1219.84
1215.59
1211.33
1207.16
1203.27
1199.65
1196.15
1192.77
1189.54
1186.48
1183.59
1180.86
1178.27
1175.8
1173.4
1171.13
1168.92
1166.81
1164.83
1162.99
1161.16
1159.48
1157.7
1156.05
1153.71
4490.36
2732.19
2750.73
2768.65
2772.4
2776.52
2775.76
2774.05
2770.3
2766.37
2762.18
2758.37
2754.79
2751.52
2748.42
2745.45
2742.48
2739.4
2736.07
2732.41
2728.34
2723.81
2718.77
2713.17
2706.97
2700.12
2692.6
2684.39
2675.49
2665.86
2655.47
2644.27
2632.24
2619.34
2605.55
2590.8
2575.03
2558.16
2540.1
2520.76
2500.05
2477.86
2454.04
2428.47
2401.01
2371.5
2339.85
2306.13
2270.3
2232.7
2193.75
2153.77
2113.25
2072.94
2033.14
1993.84
1955.12
1916.62
1878.28
1840.64
1803.71
1767.5
1732.12
1697.63
1664.13
1631.74
1600.6
1570.89
1542.77
1516.45
1491.78
1468.82
1448.01
1428.96
1411.25
1394.76
1379.95
1366.16
1353.42
1341.23
1329.91
1319.4
1309.79
1300.9
1292.72
1284.9
1277.46
1270.42
1263.69
1257.28
1251.05
1244.97
1239.22
1233.76
1228.54
1223.57
1218.89
1214.48
1210.37
1206.52
1202.86
1199.38
1196.01
1192.77
1189.64
1186.63
1183.75
1181.01
1178.39
1175.87
1173.43
1171.09
1168.84
1166.7
1164.7
1162.85
1160.99
1159.3
1157.49
1155.81
1153.37
4495.71
2731.84
2749.15
2767.45
2771.53
2775.93
2775.28
2773.64
2769.91
2765.99
2761.81
2758.02
2754.45
2751.21
2748.14
2745.2
2742.27
2739.22
2735.93
2732.29
2728.24
2723.72
2718.69
2713.1
2706.89
2700.04
2692.51
2684.29
2675.38
2665.74
2655.34
2644.13
2632.08
2619.17
2605.35
2590.59
2574.8
2557.91
2539.83
2520.48
2499.76
2477.55
2453.73
2428.18
2400.74
2371.32
2339.9
2306.39
2270.94
2233.87
2195.47
2156.19
2116.71
2077.4
2038.17
1999.25
1960.78
1922.66
1885.13
1848.35
1812.12
1776.38
1741.24
1706.85
1673.31
1640.76
1609.38
1579.28
1550.65
1523.66
1498.29
1474.71
1452.84
1432.73
1414.68
1398.31
1383.28
1369.16
1356.12
1343.59
1332.06
1321.39
1311.67
1302.42
1293.52
1285.08
1277.22
1269.96
1263.16
1256.67
1250.54
1244.79
1239.2
1233.86
1228.77
1223.92
1219.12
1214.46
1210.11
1206.04
1202.1
1198.28
1194.67
1191.32
1188.17
1185.16
1182.29
1179.52
1176.87
1174.32
1171.86
1169.54
1167.29
1165.14
1163.12
1161.24
1159.34
1157.63
1155.8
1154.11
1151.69
4501.21
2731.64
2747.78
2766.37
2770.67
2775.34
2774.8
2773.23
2769.51
2765.6
2761.44
2757.66
2754.11
2750.89
2747.85
2744.95
2742.05
2739.04
2735.78
2732.17
2728.14
2723.64
2718.62
2713.03
2706.82
2699.96
2692.42
2684.2
2675.27
2665.63
2655.21
2643.99
2631.93
2619.01
2605.18
2590.4
2574.6
2557.7
2539.61
2520.25
2499.52
2477.32
2453.52
2427.98
2400.62
2371.37
2340.11
2306.88
2271.87
2235.28
2197.5
2159.12
2120.54
2081.73
2042.95
2004.7
1967.09
1930.18
1893.55
1857.07
1820.92
1785.16
1749.96
1715.44
1681.72
1648.91
1617.14
1586.6
1557.4
1529.53
1503.52
1479.46
1456.82
1436.13
1417.36
1400.38
1384.95
1370.58
1357.61
1345.39
1334.21
1323.39
1313.01
1303.14
1293.95
1285.63
1278.16
1271.01
1264.12
1257.46
1250.92
1244.63
1238.72
1233.18
1228.06
1223.27
1218.72
1214.37
1210.24
1206.36
1202.49
1198.65
1194.94
1191.45
1188.17
1185.04
1182.02
1179.1
1176.3
1173.65
1171.13
1168.75
1166.45
1164.26
1162.21
1160.32
1158.43
1156.72
1154.9
1153.28
1150.92
4506.79
2731.61
2746.56
2765.35
2769.8
2774.73
2774.31
2772.81
2769.11
2765.21
2761.06
2757.29
2753.76
2750.57
2747.56
2744.7
2741.84
2738.86
2735.63
2732.06
2728.05
2723.56
2718.54
2712.95
2706.75
2699.88
2692.34
2684.11
2675.18
2665.52
2655.1
2643.87
2631.8
2618.86
2605.02
2590.24
2574.43
2557.52
2539.43
2520.07
2499.36
2477.16
2453.37
2427.93
2400.68
2371.56
2340.52
2307.63
2273.02
2236.97
2199.93
2162.34
2124.29
2086.07
2048.3
2011.09
1974.3
1937.81
1901.06
1864.43
1828.28
1792.59
1757.44
1722.93
1689.14
1656.21
1624.28
1593.54
1564.08
1536.07
1509.6
1484.79
1462.18
1441.6
1422.22
1404.27
1388.06
1373.16
1359.69
1347
1335.26
1324.13
1313.65
1304.04
1295.52
1287.22
1279.11
1271.47
1264.41
1257.86
1251.59
1245.54
1239.7
1234.16
1228.88
1223.8
1218.88
1214.19
1209.73
1205.48
1201.47
1197.69
1194.1
1190.69
1187.45
1184.36
1181.39
1178.52
1175.77
1173.17
1170.66
1168.25
1165.9
1163.62
1161.48
1159.5
1157.51
1155.69
1153.78
1152.05
1149.58
4512.26
2731.58
2745.37
2764.3
2768.9
2774.1
2773.82
2772.38
2768.7
2764.82
2760.68
2756.93
2753.42
2750.26
2747.28
2744.45
2741.62
2738.68
2735.49
2731.94
2727.95
2723.48
2718.47
2712.88
2706.68
2699.81
2692.26
2684.02
2675.08
2665.42
2654.99
2643.76
2631.68
2618.74
2604.89
2590.1
2574.28
2557.38
2539.3
2519.96
2499.25
2477.09
2453.38
2428
2400.86
2371.91
2341.13
2308.58
2274.42
2238.96
2202.62
2165.61
2128.22
2091.08
2054.31
2017.55
1980.93
1944.41
1907.96
1871.98
1836.48
1801.32
1766.54
1732.23
1698.52
1665.55
1633.51
1602.53
1572.81
1544.62
1517.61
1492.09
1468.59
1446.8
1426.91
1408.81
1392.26
1376.95
1363.09
1349.99
1337.51
1325.76
1315.27
1305.45
1296.12
1287.25
1278.88
1271.27
1264.38
1257.78
1251.27
1245.05
1239.24
1233.81
1228.62
1223.66
1218.94
1214.47
1210.07
1205.65
1201.39
1197.41
1193.66
1190.07
1186.61
1183.31
1180.17
1177.19
1174.4
1171.76
1169.2
1166.72
1164.32
1162.05
1159.96
1158.05
1156.13
1154.4
1152.57
1150.95
1148.62
4517.44
2731.54
2744.15
2763.22
2767.99
2773.47
2773.31
2771.94
2768.29
2764.42
2760.3
2756.57
2753.08
2749.93
2746.99
2744.19
2741.41
2738.5
2735.34
2731.82
2727.86
2723.4
2718.4
2712.82
2706.61
2699.74
2692.19
2683.94
2675
2665.33
2654.9
2643.66
2631.58
2618.63
2604.78
2589.99
2574.18
2557.28
2539.21
2519.88
2499.22
2477.12
2453.47
2428.18
2401.19
2372.44
2341.93
2309.75
2276.08
2241.22
2205.45
2169.1
2132.7
2096.44
2059.96
2023.44
1987.3
1951.59
1916.32
1881.11
1845.99
1811.05
1776.36
1742.07
1708.28
1675.14
1642.82
1611.46
1581.22
1552.19
1524.77
1499.05
1474.33
1451.16
1430.25
1411.39
1394.36
1378.67
1364.45
1351.25
1339.51
1328.33
1317.58
1307.02
1297.02
1288.09
1280.25
1272.91
1265.8
1258.86
1252.03
1245.46
1239.38
1233.73
1228.3
1223.04
1218.03
1213.31
1208.93
1204.81
1200.88
1197.14
1193.53
1190.06
1186.7
1183.46
1180.37
1177.43
1174.67
1172.01
1169.4
1166.94
1164.59
1162.33
1160.21
1158.2
1156.16
1154.3
1152.34
1150.54
1147.93
4522.29
2731.53
2742.95
2762.12
2767.08
2772.84
2772.79
2771.48
2767.86
2764.02
2759.92
2756.2
2752.73
2749.61
2746.7
2743.94
2741.19
2738.32
2735.19
2731.7
2727.76
2723.32
2718.33
2712.75
2706.54
2699.67
2692.12
2683.87
2674.92
2665.24
2654.81
2643.57
2631.5
2618.55
2604.7
2589.9
2574.1
2557.21
2539.16
2519.88
2499.26
2477.22
2453.65
2428.48
2401.65
2373.12
2342.92
2311.13
2277.96
2243.64
2208.52
2173.03
2137.44
2101.53
2065.47
2029.88
1994.7
1959.84
1925
1889.65
1854.4
1819.4
1784.68
1750.35
1716.48
1683.22
1650.69
1619.12
1588.56
1559
1531.08
1504.87
1480.24
1457.68
1436.32
1416.36
1398.39
1382.1
1367.54
1354.04
1341.73
1330.04
1319.16
1308.89
1299.26
1290.14
1281.62
1273.49
1265.61
1258.23
1251.5
1245.32
1239.49
1233.95
1228.62
1223.49
1218.45
1213.56
1208.89
1204.51
1200.37
1196.39
1192.51
1188.83
1185.39
1182.16
1179.11
1176.22
1173.44
1170.72
1168.11
1165.66
1163.29
1160.96
1158.74
1156.68
1154.64
1152.83
1150.9
1149.14
1146.66
4526.96
2731.67
2741.8
2761.03
2766.17
2772.2
2772.26
2771.01
2767.43
2763.62
2759.55
2755.84
2752.39
2749.29
2746.41
2743.68
2740.97
2738.13
2735.04
2731.58
2727.67
2723.24
2718.26
2712.69
2706.48
2699.61
2692.05
2683.8
2674.84
2665.17
2654.73
2643.5
2631.43
2618.48
2604.64
2589.85
2574.05
2557.19
2539.18
2519.94
2499.37
2477.39
2453.93
2428.9
2402.25
2373.98
2344.09
2312.72
2280.03
2246.3
2211.9
2177.15
2142.03
2106.68
2071.7
2037.04
2002.25
1967.44
1932.43
1897.28
1862.47
1827.95
1793.63
1759.56
1725.84
1692.58
1660
1628.27
1597.56
1568.11
1539.47
1512.15
1487.31
1464.23
1442.53
1422.39
1403.83
1386.74
1371.18
1356.76
1343.58
1331.18
1320.07
1309.74
1299.91
1290.55
1281.58
1273.22
1265.63
1258.68
1252.17
1245.94
1239.86
1233.98
1228.34
1223.03
1218.12
1213.45
1208.96
1204.76
1200.74
1196.81
1192.89
1189.12
1185.58
1182.27
1179.16
1176.18
1173.3
1170.52
1167.91
1165.44
1163.06
1160.75
1158.65
1156.73
1154.82
1153.07
1151.17
1149.45
1146.93
4531.69
2732
2740.72
2760.02
2765.28
2771.55
2771.72
2770.52
2766.99
2763.22
2759.17
2755.48
2752.04
2748.97
2746.12
2743.43
2740.75
2737.95
2734.9
2731.47
2727.57
2723.16
2718.19
2712.62
2706.42
2699.55
2691.99
2683.73
2674.77
2665.1
2654.67
2643.44
2631.37
2618.43
2604.6
2589.82
2574.06
2557.22
2539.24
2520.04
2499.54
2477.66
2454.31
2429.44
2402.99
2374.98
2345.44
2314.49
2282.32
2249.21
2215.49
2181.31
2146.8
2112.46
2078.31
2043.77
2009.1
1974.62
1940.39
1906.36
1872.26
1838.2
1804.17
1770.26
1736.59
1703.29
1670.57
1638.56
1607.48
1577.52
1548.65
1521.08
1494.61
1469.55
1446.88
1426.34
1407.2
1389.39
1373.22
1358.58
1345.86
1333.91
1322.44
1311.24
1300.8
1291.24
1282.58
1274.64
1267.21
1260.05
1253.16
1246.67
1240.51
1234.61
1228.89
1223.36
1218.05
1213.05
1208.26
1203.74
1199.54
1195.59
1191.82
1188.28
1184.91
1181.7
1178.61
1175.65
1172.8
1170.06
1167.45
1164.91
1162.52
1160.18
1158.02
1155.99
1153.9
1151.98
1149.93
1148.1
1145.51
4536.67
2732.54
2739.74
2759.12
2764.41
2770.89
2771.17
2770.02
2766.54
2762.82
2758.8
2755.12
2751.7
2748.65
2745.83
2743.17
2740.53
2737.77
2734.75
2731.35
2727.48
2723.09
2718.13
2712.56
2706.36
2699.49
2691.93
2683.68
2674.71
2665.04
2654.61
2643.39
2631.33
2618.41
2604.58
2589.83
2574.09
2557.28
2539.35
2520.21
2499.79
2478.01
2454.79
2430.09
2403.87
2376.14
2346.95
2316.45
2284.81
2252.32
2219.2
2185.64
2152.02
2118.43
2084.43
2050.22
2016.42
1982.91
1949.57
1915.92
1881.72
1847.55
1813.48
1779.55
1745.83
1712.45
1679.55
1647.36
1615.92
1585.25
1556.21
1528.62
1501.84
1476.69
1453.14
1431.2
1411.52
1393.72
1377.65
1362.75
1349.21
1336.47
1324.89
1313.91
1303.53
1293.78
1284.66
1276.03
1267.64
1259.8
1252.61
1245.94
1239.59
1233.49
1227.76
1222.54
1217.62
1212.92
1208.33
1203.85
1199.44
1195.25
1191.34
1187.72
1184.25
1180.87
1177.6
1174.5
1171.57
1168.79
1166.13
1163.57
1161.2
1158.87
1156.74
1154.72
1152.67
1150.79
1148.79
1147.01
1144.49
4541.97
2733.29
2738.84
2758.31
2763.56
2770.22
2770.6
2769.51
2766.09
2762.42
2758.42
2754.76
2751.36
2748.33
2745.53
2742.91
2740.3
2737.58
2734.6
2731.23
2727.39
2723.01
2718.06
2712.5
2706.3
2699.44
2691.88
2683.62
2674.66
2664.98
2654.57
2643.35
2631.31
2618.4
2604.6
2589.87
2574.15
2557.39
2539.51
2520.44
2500.11
2478.44
2455.37
2430.86
2404.87
2377.44
2348.64
2318.59
2287.5
2255.59
2223.09
2190.3
2157.4
2124.12
2090.59
2057.49
2024.55
1991.35
1957.94
1924.11
1890.05
1856.18
1822.45
1788.78
1755.22
1721.88
1688.95
1656.64
1625.08
1594.38
1564.45
1535.8
1509.49
1484.9
1461.21
1438.74
1418.11
1399.13
1381.69
1365.56
1350.99
1337.59
1325.67
1314.66
1304.4
1294.59
1285.12
1276.17
1267.97
1260.47
1253.42
1246.72
1240.12
1233.76
1227.81
1222.35
1217.18
1212.23
1207.56
1203.21
1199
1194.95
1191.17
1187.64
1184.21
1180.82
1177.51
1174.37
1171.4
1168.56
1165.86
1163.28
1160.85
1158.43
1156.16
1154.01
1151.83
1149.84
1147.72
1145.8
1143.07
4547.48
2734.18
2738.01
2757.59
2762.72
2769.53
2770.02
2768.99
2765.64
2762.02
2758.06
2754.41
2751.02
2748.01
2745.24
2742.65
2740.08
2737.4
2734.44
2731.11
2727.29
2722.94
2718
2712.44
2706.25
2699.38
2691.83
2683.57
2674.61
2664.94
2654.53
2643.33
2631.31
2618.42
2604.64
2589.94
2574.26
2557.54
2539.73
2520.74
2500.5
2478.96
2456.05
2431.74
2406.01
2378.9
2350.49
2320.92
2290.37
2259.05
2227.22
2195.11
2162.66
2129.94
2097.47
2065.09
2032.14
1999.01
1965.89
1932.86
1899.78
1866.55
1833.28
1799.93
1766.58
1733.33
1700.39
1667.91
1636.17
1605.33
1575.03
1545.73
1517.9
1491.72
1467.64
1445.19
1423.42
1403.1
1385
1368.78
1354.4
1340.87
1328.32
1316.52
1305.72
1295.66
1286.27
1277.51
1269.33
1261.42
1253.82
1246.81
1240.3
1234.26
1228.63
1223.34
1218.14
1213.03
1208.04
1203.21
1198.62
1194.29
1190.21
1186.34
1182.62
1179.06
1175.7
1172.54
1169.54
1166.66
1163.88
1161.25
1158.72
1156.25
1153.95
1151.84
1149.71
1147.78
1145.7
1143.86
1141.28
4552.99
2735.17
2737.22
2756.89
2761.89
2768.83
2769.44
2768.46
2765.18
2761.63
2757.69
2754.05
2750.68
2747.69
2744.96
2742.4
2739.86
2737.21
2734.29
2730.99
2727.2
2722.86
2717.93
2712.39
2706.19
2699.33
2691.78
2683.53
2674.57
2664.91
2654.51
2643.32
2631.32
2618.46
2604.71
2590.04
2574.4
2557.75
2539.99
2521.09
2500.97
2479.57
2456.83
2432.73
2407.28
2380.5
2352.5
2323.41
2293.41
2262.7
2231.52
2199.96
2168.1
2136.28
2104.48
2072.07
2039.46
2007.16
1974.98
1942.82
1910.08
1876.85
1843.58
1810.24
1776.89
1743.62
1710.58
1677.98
1645.91
1614.52
1584.43
1555.33
1526.53
1499.07
1473.71
1450.38
1429.04
1409.25
1390.97
1374
1358.57
1344.35
1331.67
1319.78
1308.8
1298.43
1288.55
1279.12
1269.95
1261.57
1254.19
1247.34
1240.78
1234.56
1228.68
1223.04
1217.56
1212.34
1207.44
1202.82
1198.44
1194.36
1190.39
1186.43
1182.51
1178.81
1175.41
1172.23
1169.18
1166.21
1163.37
1160.7
1158.16
1155.72
1153.42
1151.27
1149.05
1147.01
1144.82
1142.84
1140
4558.58
2736.23
2736.44
2756.17
2761.04
2768.11
2768.84
2767.93
2764.74
2761.24
2757.34
2753.71
2750.35
2747.38
2744.67
2742.14
2739.64
2737.02
2734.14
2730.87
2727.11
2722.79
2717.87
2712.33
2706.14
2699.29
2691.74
2683.49
2674.54
2664.89
2654.5
2643.34
2631.36
2618.52
2604.81
2590.18
2574.6
2558
2540.32
2521.52
2501.51
2480.26
2457.71
2433.85
2408.68
2382.26
2354.68
2326.08
2296.63
2266.52
2235.92
2204.96
2173.86
2142.69
2111.03
2079.13
2047.67
2016.13
1984.23
1951.96
1919.06
1885.91
1852.82
1819.7
1786.51
1753.32
1720.27
1687.59
1655.39
1623.75
1592.95
1563.26
1535.21
1508.54
1482.63
1458
1435.61
1414.83
1395.41
1377.32
1360.97
1346.11
1333.01
1320.88
1309.7
1299.08
1288.98
1279.6
1271.23
1263.45
1255.89
1248.51
1241.49
1234.98
1228.8
1222.75
1216.93
1211.48
1206.38
1201.55
1197.04
1192.88
1188.93
1185.07
1181.3
1177.74
1174.38
1171.16
1168
1164.95
1162.05
1159.33
1156.68
1154.12
1151.68
1149.44
1147.21
1145.19
1143.05
1141.11
1138.39
4564.22
2737.33
2735.62
2755.4
2760.17
2767.36
2768.23
2767.41
2764.29
2760.86
2756.98
2753.37
2750.02
2747.07
2744.39
2741.89
2739.42
2736.84
2733.99
2730.75
2727.01
2722.72
2717.81
2712.28
2706.09
2699.24
2691.7
2683.46
2674.52
2664.87
2654.5
2643.36
2631.41
2618.61
2604.94
2590.36
2574.82
2558.3
2540.71
2522
2502.13
2481.04
2458.7
2435.08
2410.21
2384.16
2357.01
2328.91
2300.01
2270.48
2240.47
2210.18
2179.73
2148.9
2117.8
2087.02
2056.11
2024.48
1992.6
1960.57
1928.47
1896.17
1863.66
1831.01
1798.16
1765.17
1732.24
1699.52
1667.3
1635.67
1604.17
1573.56
1544.69
1517.35
1491.53
1466.85
1442.64
1420.42
1400.42
1382.1
1365.5
1350.16
1336.28
1323.37
1311.48
1300.39
1290.13
1280.72
1272.18
1263.91
1255.73
1247.95
1240.78
1234.18
1227.92
1222
1216.57
1211.52
1206.63
1201.95
1197.49
1193.19
1188.91
1184.78
1180.9
1177.3
1173.86
1170.52
1167.29
1164.24
1161.36
1158.63
1156
1153.49
1151.15
1149.01
1146.86
1144.9
1142.75
1140.81
1138.01
4569.91
2738.45
2734.71
2754.56
2759.25
2766.58
2767.61
2766.88
2763.86
2760.48
2756.64
2753.03
2749.7
2746.77
2744.11
2741.64
2739.21
2736.65
2733.84
2730.63
2726.92
2722.64
2717.75
2712.23
2706.05
2699.2
2691.67
2683.43
2674.51
2664.87
2654.52
2643.4
2631.48
2618.73
2605.1
2590.57
2575.1
2558.65
2541.15
2522.57
2502.84
2481.92
2459.79
2436.43
2411.88
2386.21
2359.5
2331.9
2303.55
2274.59
2245.2
2215.53
2185.55
2155.28
2125.13
2094.87
2063.81
2032.6
2001.53
1970.45
1939.25
1907.26
1874.82
1842.24
1809.45
1776.51
1743.56
1710.79
1678.35
1646.44
1615.38
1584.86
1554.46
1525.34
1498.44
1473.65
1450.63
1428.53
1407.83
1388.64
1371.22
1355.18
1340.82
1327.48
1315.27
1303.85
1293.14
1283
1273.09
1264.14
1256.03
1248.69
1241.91
1235.38
1228.93
1222.8
1217.11
1211.72
1206.56
1201.74
1197.22
1192.83
1188.51
1184.46
1180.67
1177.08
1173.58
1170.19
1166.92
1163.82
1160.85
1158.01
1155.31
1152.7
1150.23
1147.92
1145.59
1143.46
1141.17
1139.15
1136.32
4575.71
2739.58
2733.72
2753.63
2758.3
2765.78
2766.98
2766.37
2763.44
2760.12
2756.29
2752.7
2749.38
2746.47
2743.84
2741.4
2738.99
2736.47
2733.69
2730.51
2726.83
2722.57
2717.7
2712.18
2706
2699.16
2691.64
2683.42
2674.5
2664.89
2654.55
2643.47
2631.58
2618.86
2605.29
2590.82
2575.42
2559.06
2541.66
2523.2
2503.62
2482.89
2460.98
2437.91
2413.69
2388.4
2362.14
2335.04
2307.23
2278.85
2250.06
2220.94
2191.52
2162.04
2132.44
2102.19
2071.77
2041.69
2011.28
1980.42
1949.08
1916.96
1884.59
1852.12
1819.49
1786.64
1753.72
1720.93
1688.35
1656.14
1624.74
1594.05
1564.25
1535.45
1507.62
1481.17
1456.73
1434
1412.7
1392.86
1374.77
1358.1
1343.18
1329.41
1316.99
1305.43
1294.65
1284.69
1275.37
1266.55
1258.36
1250.64
1243.15
1235.98
1229.34
1223.31
1217.64
1212.18
1206.89
1201.79
1196.85
1192.05
1187.52
1183.35
1179.43
1175.67
1172.04
1168.59
1165.32
1162.25
1159.36
1156.63
1154.03
1151.49
1149.08
1146.85
1144.62
1142.59
1140.38
1138.44
1135.66
4581.61
2740.7
2732.67
2752.66
2757.33
2764.98
2766.35
2765.85
2763.02
2759.75
2755.96
2752.38
2749.08
2746.18
2743.58
2741.16
2738.78
2736.29
2733.54
2730.39
2726.74
2722.51
2717.64
2712.13
2705.96
2699.13
2691.61
2683.4
2674.51
2664.91
2654.6
2643.55
2631.7
2619.03
2605.51
2591.11
2575.8
2559.52
2542.24
2523.91
2504.49
2483.96
2462.3
2439.5
2415.63
2390.73
2364.92
2338.32
2311.05
2283.25
2255.02
2226.46
2197.72
2168.82
2139.45
2109.85
2080.57
2050.83
2020.32
1989.47
1958.37
1927.03
1895.39
1863.44
1831.25
1798.73
1766.02
1733.3
1700.82
1668.6
1636.31
1604.85
1574.99
1546.26
1518.55
1491.8
1465.97
1441.84
1419.48
1398.79
1379.82
1362.34
1346.56
1332.1
1319.05
1306.99
1295.73
1285.34
1275.9
1267.31
1259.01
1250.83
1242.8
1235.42
1228.88
1222.82
1216.86
1211.09
1205.79
1200.88
1196.12
1191.59
1187.38
1183.45
1179.59
1175.78
1172.1
1168.64
1165.4
1162.36
1159.46
1156.68
1153.94
1151.25
1148.67
1146.27
1143.88
1141.67
1139.31
1137.19
1134.21
4587.62
2741.84
2731.63
2751.69
2756.39
2764.19
2765.72
2765.33
2762.6
2759.39
2755.62
2752.06
2748.78
2745.9
2743.32
2740.93
2738.58
2736.12
2733.39
2730.28
2726.65
2722.44
2717.59
2712.09
2705.93
2699.1
2691.59
2683.4
2674.52
2664.95
2654.67
2643.65
2631.85
2619.23
2605.77
2591.45
2576.21
2560.04
2542.88
2524.69
2505.45
2485.12
2463.71
2441.22
2417.69
2393.2
2367.85
2341.75
2315.02
2287.77
2260.11
2232.16
2204
2175.51
2146.75
2118.12
2089.13
2059.23
2029.23
1999.19
1969
1938.57
1907.23
1875.43
1843.37
1810.96
1778.32
1745.62
1713.06
1680.82
1648.97
1617.39
1585.91
1555.57
1527.06
1500.43
1475.2
1451.11
1428.35
1407.03
1387.34
1369.1
1352.59
1337.43
1323.75
1311.12
1299.31
1288.26
1277.76
1268.2
1259.31
1251.02
1243.44
1236.71
1230.42
1224.09
1217.57
1211.3
1205.65
1200.37
1195.3
1190.53
1186.16
1182.08
1178.11
1174.26
1170.58
1167.14
1163.87
1160.73
1157.66
1154.7
1151.85
1149.14
1146.6
1144.33
1142.07
1139.98
1137.74
1135.75
1132.93
4593.7
2743
2730.66
2750.76
2755.51
2763.44
2765.09
2764.81
2762.18
2759.03
2755.3
2751.75
2748.48
2745.63
2743.07
2740.71
2738.38
2735.95
2733.25
2730.16
2726.57
2722.38
2717.55
2712.06
2705.9
2699.08
2691.58
2683.41
2674.55
2665
2654.76
2643.78
2632.02
2619.47
2606.07
2591.82
2576.68
2560.62
2543.59
2525.55
2506.49
2486.39
2465.24
2443.06
2419.89
2395.81
2370.91
2345.31
2319.11
2292.41
2265.32
2237.95
2210.3
2182.37
2154.41
2126.18
2097.15
2068.06
2039.13
2009.66
1979.66
1949.11
1917.69
1885.94
1853.96
1821.67
1789.09
1756.41
1723.73
1691.27
1659.43
1627.82
1596.56
1566.04
1536.56
1508.47
1482.08
1457.43
1434.35
1412.77
1392.72
1374.02
1356.94
1341.16
1326.9
1313.76
1301.8
1290.95
1280.74
1271.04
1261.78
1253.2
1245.32
1237.95
1230.91
1224.02
1217.55
1211.61
1206.14
1200.89
1195.86
1191.12
1186.6
1182.18
1177.89
1173.89
1170.2
1166.75
1163.42
1160.18
1157.03
1154.08
1151.3
1148.67
1146.11
1143.71
1141.27
1138.99
1136.6
1134.43
1131.33
4599.87
2744.19
2729.8
2749.9
2754.69
2762.72
2764.47
2764.28
2761.76
2758.68
2754.98
2751.45
2748.2
2745.37
2742.83
2740.49
2738.19
2735.78
2733.11
2730.05
2726.48
2722.32
2717.5
2712.03
2705.88
2699.06
2691.58
2683.42
2674.59
2665.07
2654.86
2643.92
2632.22
2619.73
2606.41
2592.25
2577.2
2561.26
2544.36
2526.49
2507.63
2487.76
2466.88
2445.01
2422.21
2398.54
2374.1
2349
2323.33
2297.18
2270.65
2243.83
2216.73
2189.48
2162.01
2133.95
2105.73
2077.72
2048.94
2019.36
1989.39
1959.07
1928.39
1897.28
1865.76
1833.89
1801.63
1769.13
1736.61
1704.1
1671.44
1639.48
1608.65
1578.52
1549.05
1520.39
1492.79
1466.58
1442.02
1419.16
1398.07
1378.48
1360.62
1344.09
1329.18
1315.5
1303.16
1291.86
1281.34
1271.5
1262.25
1253.75
1245.87
1238.47
1231.21
1224.1
1217.5
1211.35
1205.49
1199.96
1194.9
1190.24
1185.7
1181.23
1176.99
1173.06
1169.33
1165.73
1162.21
1158.8
1155.51
1152.42
1149.46
1146.62
1143.87
1141.37
1138.93
1136.67
1134.28
1132.14
1129.11
4606.09
2745.38
2729.02
2749.08
2753.94
2762.01
2763.84
2763.75
2761.34
2758.34
2754.67
2751.16
2747.94
2745.12
2742.6
2740.28
2738.01
2735.62
2732.98
2729.95
2726.4
2722.26
2717.47
2712
2705.86
2699.06
2691.59
2683.45
2674.64
2665.16
2654.99
2644.1
2632.46
2620.03
2606.79
2592.71
2577.78
2561.96
2545.21
2527.52
2508.86
2489.22
2468.63
2447.09
2424.66
2401.41
2377.43
2352.82
2327.67
2302.06
2276.08
2249.8
2223.31
2196.6
2169.48
2142.11
2114.83
2086.86
2057.98
2029.01
1999.85
1970.42
1940.63
1909.86
1878.55
1846.87
1814.75
1782.36
1749.9
1717.5
1685.17
1652.94
1620.8
1589.52
1559.58
1531.04
1503.67
1477.46
1452.53
1428.95
1406.97
1386.45
1367.7
1350.32
1334.69
1320.37
1307.41
1295.3
1283.8
1273.19
1263.69
1255.27
1247.35
1239.48
1231.6
1224.45
1218.09
1212.07
1206.12
1200.45
1195.22
1190.18
1185.27
1180.63
1176.38
1172.41
1168.55
1164.78
1161.12
1157.64
1154.31
1151.21
1148.29
1145.54
1142.92
1140.5
1138.04
1135.68
1133.16
1130.87
1127.59
4612.36
2746.61
2728.32
2748.29
2753.22
2761.31
2763.2
2763.21
2760.92
2758.01
2754.38
2750.89
2747.69
2744.89
2742.39
2740.09
2737.83
2735.47
2732.85
2729.84
2726.33
2722.21
2717.43
2711.98
2705.85
2699.06
2691.61
2683.49
2674.71
2665.26
2655.14
2644.3
2632.72
2620.36
2607.21
2593.23
2578.41
2562.72
2546.13
2528.62
2510.17
2490.79
2470.48
2449.28
2427.22
2404.39
2380.87
2356.76
2332.12
2307.05
2281.62
2255.91
2229.97
2203.73
2177.21
2150.62
2123.54
2095.6
2067.72
2039.75
2011.08
1981.79
1951.91
1921.09
1889.83
1858.21
1826.19
1793.84
1761.32
1728.86
1696.69
1664.41
1632.17
1600.45
1569.63
1540.05
1511.96
1485.43
1460.41
1436.82
1414.7
1393.82
1374.5
1356.44
1340.03
1324.82
1311.06
1298.43
1286.94
1276.36
1266.47
1257.14
1248.08
1239.23
1231.32
1224.61
1218.5
1212.37
1206.34
1200.64
1195.25
1190.01
1185.04
1180.48
1176.25
1172.19
1168.16
1164.22
1160.38
1156.74
1153.29
1150.09
1147.08
1144.18
1141.34
1138.67
1136.03
1133.61
1131.07
1128.82
1125.7
4618.67
2747.74
2727.63
2747.54
2752.56
2760.63
2762.55
2762.67
2760.51
2757.69
2754.11
2750.64
2747.46
2744.67
2742.19
2739.91
2737.67
2735.32
2732.73
2729.75
2726.25
2722.16
2717.4
2711.97
2705.85
2699.07
2691.63
2683.54
2674.79
2665.39
2655.31
2644.53
2633.01
2620.73
2607.67
2593.8
2579.1
2563.55
2547.12
2529.8
2511.58
2492.45
2472.45
2451.58
2429.91
2407.51
2384.44
2360.81
2336.69
2312.15
2287.26
2262.1
2236.68
2211
2185.14
2158.93
2132.02
2105.09
2078.14
2050.15
2021.39
1992.16
1962.52
1932.41
1901.74
1870.55
1838.94
1806.88
1774.57
1742.04
1709.34
1677.09
1645.46
1614.15
1583.19
1552.82
1523.34
1495.15
1468.56
1443.73
1420.72
1399.23
1379.31
1360.65
1343.56
1327.6
1313.14
1299.88
1288.06
1277.19
1267.05
1257.32
1248.33
1240.41
1233.5
1226.81
1219.98
1213.21
1206.73
1200.59
1194.73
1189.1
1183.88
1179.12
1174.7
1170.46
1166.35
1162.4
1158.66
1155.18
1151.94
1148.91
1145.96
1143.12
1140.35
1137.82
1135.32
1132.99
1130.47
1128.2
1124.97
4624.99
2748.8
2727.01
2746.81
2751.93
2759.96
2761.89
2762.13
2760.11
2757.38
2753.85
2750.42
2747.25
2744.48
2742.01
2739.74
2737.51
2735.18
2732.61
2729.65
2726.18
2722.11
2717.38
2711.96
2705.86
2699.09
2691.68
2683.61
2674.89
2665.53
2655.5
2644.78
2633.34
2621.14
2608.17
2594.41
2579.84
2564.44
2548.19
2531.07
2513.07
2494.22
2474.51
2454
2432.72
2410.73
2388.13
2364.98
2341.36
2317.35
2293.01
2268.39
2243.51
2218.42
2193.04
2167.16
2141.07
2114.95
2087.83
2059.88
2031.81
2003.4
1974.6
1945.37
1915.08
1884.13
1852.74
1820.87
1788.73
1756.39
1723.91
1691.35
1658.83
1626.86
1595.76
1565.59
1536.27
1507.9
1480.62
1454.64
1430.26
1407.56
1386.75
1367.4
1349.69
1333.22
1318.28
1304.58
1292.21
1280.64
1269.95
1260.04
1251.14
1242.9
1235.01
1227.22
1219.47
1212.24
1205.88
1200.1
1194.51
1189.13
1184.12
1179.47
1175.01
1170.68
1166.5
1162.55
1158.8
1155.3
1151.9
1148.62
1145.37
1142.35
1139.39
1136.7
1134.08
1131.65
1129.08
1126.73
1123.41
4631.29
2749.84
2726.49
2746.13
2751.35
2759.3
2761.23
2761.58
2759.7
2757.08
2753.61
2750.21
2747.07
2744.32
2741.85
2739.59
2737.37
2735.05
2732.49
2729.56
2726.11
2722.07
2717.36
2711.96
2705.88
2699.13
2691.73
2683.69
2675.01
2665.69
2655.72
2645.06
2633.7
2621.59
2608.72
2595.08
2580.65
2565.4
2549.33
2532.42
2514.67
2496.09
2476.7
2456.53
2435.64
2414.08
2391.92
2369.26
2346.15
2322.66
2298.85
2274.76
2250.45
2225.88
2200.93
2175.7
2150.34
2124.23
2097.31
2070.51
2043.33
2015.35
1986.66
1957.35
1927.07
1896.19
1864.85
1833.07
1800.94
1768.66
1736.35
1703.7
1670.92
1638.49
1606.7
1575.91
1546.29
1517.91
1490.76
1464.9
1440.41
1417.29
1395.79
1375.66
1357.06
1339.67
1323.82
1309.25
1296.11
1283.85
1272.57
1262.07
1252.54
1243.52
1234.86
1226.56
1219.02
1212.33
1206.25
1200.33
1194.47
1188.92
1183.82
1179.04
1174.4
1169.89
1165.54
1161.43
1157.53
1153.86
1150.31
1146.99
1143.76
1140.8
1137.9
1135.35
1132.87
1130.58
1128.13
1125.89
1122.58
4637.54
2750.8
2726.02
2745.49
2750.82
2758.65
2760.57
2761.03
2759.31
2756.8
2753.39
2750.03
2746.91
2744.17
2741.72
2739.45
2737.24
2734.93
2732.38
2729.47
2726.05
2722.03
2717.34
2711.97
2705.9
2699.17
2691.8
2683.79
2675.14
2665.87
2655.96
2645.38
2634.09
2622.08
2609.32
2595.8
2581.51
2566.43
2550.55
2533.85
2516.35
2498.05
2478.98
2459.17
2438.66
2417.53
2395.83
2373.64
2351.03
2328.06
2304.79
2281.25
2257.46
2233.39
2209.01
2184.42
2159.3
2133.47
2107.71
2081.61
2054.33
2026.29
1997.69
1968.63
1939.05
1908.75
1877.81
1846.42
1814.55
1782.3
1749.78
1717.4
1685.23
1653.07
1621.02
1589.32
1558.27
1528.34
1499.81
1472.95
1447.88
1424.34
1402.28
1381.41
1362.05
1343.89
1327.3
1311.98
1298.15
1285.43
1274
1263.45
1253.84
1244.61
1235.82
1227.86
1221.11
1214.8
1208.32
1201.88
1195.77
1190.14
1184.82
1179.69
1174.71
1170.01
1165.63
1161.53
1157.63
1153.91
1150.3
1146.88
1143.47
1140.27
1137.1
1134.32
1131.63
1129.09
1126.43
1124
1120.52
4643.76
2751.74
2725.65
2744.89
2750.33
2758
2759.89
2760.48
2758.93
2756.53
2753.19
2749.86
2746.77
2744.04
2741.6
2739.34
2737.13
2734.82
2732.28
2729.38
2725.98
2721.99
2717.33
2711.98
2705.94
2699.23
2691.88
2683.9
2675.3
2666.08
2656.23
2645.72
2634.52
2622.61
2609.97
2596.58
2582.44
2567.53
2551.85
2535.38
2518.13
2500.12
2481.37
2461.92
2441.8
2421.09
2399.84
2378.12
2356.02
2333.57
2310.82
2287.81
2264.55
2241.01
2217.21
2193.02
2168.27
2143.38
2118.24
2091.86
2064.78
2037.47
2009.71
1981.45
1952.7
1922.85
1892.18
1861.06
1829.44
1797.43
1765.07
1732.46
1699.74
1667.3
1635.34
1603.93
1573.01
1542.74
1513.27
1484.87
1458.07
1433.03
1409.96
1388.45
1368.72
1350.32
1333.45
1317.72
1303.36
1290.25
1278.54
1267.57
1257.25
1247.51
1238.66
1230.6
1223.18
1215.94
1208.47
1201.3
1194.99
1189.34
1183.95
1178.69
1173.63
1168.94
1164.54
1160.35
1156.27
1152.3
1148.39
1144.74
1141.23
1138.07
1135.02
1132.35
1129.74
1127.24
1124.59
1122.21
1118.78
4649.94
2752.65
2725.37
2744.3
2749.87
2757.34
2759.21
2759.94
2758.56
2756.27
2753.01
2749.73
2746.66
2743.94
2741.5
2739.24
2737.03
2734.72
2732.19
2729.3
2725.92
2721.95
2717.32
2711.99
2705.98
2699.3
2691.97
2684.03
2675.47
2666.31
2656.53
2646.1
2634.99
2623.19
2610.67
2597.42
2583.43
2568.71
2553.23
2536.99
2520
2502.28
2483.86
2464.76
2445.04
2424.75
2403.95
2382.71
2361.1
2339.17
2316.96
2294.47
2271.73
2248.73
2225.42
2201.66
2177.63
2153.35
2128.08
2102.13
2076.25
2049.75
2022.38
1994.22
1965.38
1935.61
1905.03
1873.96
1842.43
1810.56
1778.32
1745.62
1712.64
1679.8
1647.36
1615.64
1584.77
1554.75
1525.63
1497.53
1470.54
1444.9
1420.91
1398.52
1377.85
1358.53
1340.57
1323.83
1308.42
1294.38
1281.7
1269.85
1258.72
1248.42
1239.46
1231.12
1223.02
1215.06
1207.32
1200.3
1194.22
1188.69
1183.21
1177.85
1172.84
1168.22
1163.82
1159.56
1155.43
1151.49
1147.69
1144.22
1140.9
1137.81
1134.66
1131.73
1128.85
1126.11
1123.25
1120.7
1117.05
4656.1
2753.54
2725.13
2743.71
2749.43
2756.67
2758.5
2759.41
2758.21
2756.03
2752.85
2749.63
2746.6
2743.9
2741.45
2739.17
2736.95
2734.64
2732.1
2729.22
2725.86
2721.91
2717.31
2712.01
2706.03
2699.38
2692.09
2684.18
2675.67
2666.56
2656.85
2646.51
2635.5
2623.81
2611.42
2598.31
2584.49
2569.95
2554.68
2538.68
2521.96
2504.54
2486.45
2467.72
2448.39
2428.51
2408.16
2387.4
2366.29
2344.88
2323.18
2301.21
2279
2256.51
2233.67
2210.51
2187.06
2162.92
2138.13
2113.4
2088.01
2061.36
2033.95
2005.92
1977.38
1948.28
1918.32
1887.61
1856.43
1824.72
1792.6
1760.29
1727.83
1695.15
1662.37
1629.76
1597.58
1566.2
1535.97
1507.2
1479.93
1454.05
1429.42
1406.14
1384.45
1364.18
1345.32
1327.76
1311.67
1297.02
1283.8
1271.67
1260.87
1250.9
1241.71
1232.71
1223.78
1215.28
1207.98
1201.75
1196.01
1190.34
1184.56
1178.98
1173.67
1168.61
1163.74
1159.15
1154.83
1150.77
1146.85
1143.21
1139.63
1136.28
1132.91
1129.97
1127.14
1124.46
1121.63
1119.14
1115.6
4662.28
2754.45
2724.94
2743.12
2748.99
2755.99
2757.78
2758.87
2757.87
2755.81
2752.73
2749.56
2746.58
2743.9
2741.44
2739.14
2736.89
2734.57
2732.03
2729.15
2725.8
2721.88
2717.3
2712.04
2706.09
2699.47
2692.22
2684.35
2675.89
2666.85
2657.21
2646.95
2636.05
2624.48
2612.22
2599.26
2585.62
2571.27
2556.22
2540.46
2524.01
2506.89
2489.13
2470.76
2451.82
2432.37
2412.47
2392.19
2371.58
2350.67
2329.49
2308.05
2286.34
2264.35
2242.06
2219.45
2196.34
2172.66
2148.87
2124.52
2098.82
2072.54
2045.93
2018.77
1990.99
1962.61
1933.2
1902.8
1871.92
1840.48
1808.53
1776.12
1743.41
1710.69
1678.14
1645.84
1613.74
1581.99
1550.74
1520.28
1491.17
1463.71
1438.13
1414.11
1391.9
1371.12
1352.08
1334.38
1318.18
1303.11
1289.32
1276.65
1265.28
1254.47
1244.24
1234.64
1225.93
1217.9
1210.89
1204.36
1197.73
1191.19
1184.99
1179.17
1173.5
1168
1162.92
1158.31
1154.06
1150.05
1146.19
1142.59
1139.06
1135.84
1132.55
1129.55
1126.54
1123.62
1120.54
1117.82
1113.94
4668.43
2755.36
2724.79
2742.52
2748.54
2755.29
2757.04
2758.34
2757.54
2755.61
2752.63
2749.54
2746.59
2743.91
2741.44
2739.14
2736.87
2734.52
2731.97
2729.09
2725.75
2721.84
2717.3
2712.07
2706.15
2699.58
2692.37
2684.55
2676.14
2667.16
2657.6
2647.44
2636.64
2625.19
2613.07
2600.28
2586.81
2572.66
2557.83
2542.33
2526.15
2509.34
2491.91
2473.9
2455.36
2436.34
2416.89
2397.08
2376.96
2356.56
2335.89
2314.96
2293.76
2272.28
2250.51
2228.35
2205.72
2182.81
2159.45
2134.96
2109.94
2084.84
2058.96
2032.14
2004.44
1975.99
1946.72
1916.45
1885.65
1854.35
1822.51
1790.04
1757.15
1724.15
1691.31
1658.88
1627.01
1595.68
1564.95
1534.94
1505.73
1477.57
1451.03
1426.03
1402.83
1381.14
1361.18
1342.4
1324.92
1308.69
1294.03
1280.55
1268.03
1255.97
1244.82
1234.71
1226.34
1218.91
1211.68
1204.52
1197.19
1190.16
1183.79
1178.02
1172.69
1167.67
1162.88
1158.29
1153.8
1149.51
1145.4
1141.56
1137.73
1134.17
1130.47
1127.13
1124
1121.16
1118.21
1115.59
1111.93
4674.64
2756.27
2724.71
2741.96
2748.11
2754.6
2756.29
2757.83
2757.23
2755.42
2752.56
2749.56
2746.62
2743.95
2741.47
2739.15
2736.87
2734.5
2731.93
2729.04
2725.71
2721.82
2717.3
2712.1
2706.23
2699.7
2692.53
2684.77
2676.42
2667.51
2658.03
2647.96
2637.28
2625.96
2613.98
2601.35
2588.06
2574.12
2559.52
2544.27
2528.38
2511.87
2494.77
2477.13
2458.99
2440.39
2421.4
2402.07
2382.44
2362.54
2342.38
2321.95
2301.26
2280.3
2259.02
2237.35
2215.33
2192.92
2169.66
2145.85
2122
2097.21
2071.17
2044.35
2016.86
1988.79
1960.11
1930.51
1900.07
1869.1
1837.62
1805.64
1773.2
1740.31
1707.13
1673.9
1640.91
1608.39
1576.68
1546.18
1516.99
1488.86
1461.71
1435.75
1411.37
1388.63
1367.69
1347.94
1329.58
1312.44
1297.01
1282.83
1269.83
1257.75
1247.28
1237.69
1229.14
1220.85
1212.54
1204.42
1196.71
1189.61
1183.12
1177.08
1171.48
1166.27
1161.36
1156.66
1152.1
1147.79
1143.74
1139.96
1136.21
1132.79
1129.31
1126.25
1123.31
1120.52
1117.51
1114.78
1110.9
4680.73
2757.24
2724.76
2741.49
2747.69
2753.94
2755.57
2757.33
2756.91
2755.24
2752.53
2749.6
2746.7
2744.03
2741.54
2739.19
2736.89
2734.5
2731.9
2729.01
2725.67
2721.79
2717.3
2712.15
2706.32
2699.83
2692.72
2685.01
2676.73
2667.89
2658.5
2648.53
2637.96
2626.77
2614.95
2602.48
2589.38
2575.65
2561.28
2546.29
2530.68
2514.49
2497.73
2480.46
2462.72
2444.56
2426.02
2407.16
2388.02
2368.62
2348.95
2329.02
2308.84
2288.38
2267.59
2246.46
2224.96
2202.85
2180.19
2157.35
2133.66
2108.65
2083.12
2057.17
2030.59
2003.23
1975.12
1946.2
1916.08
1885.4
1854.12
1822.19
1789.73
1756.96
1724.09
1691.22
1658.34
1625.53
1592.93
1560.73
1529.59
1499.97
1471.88
1445.25
1420.23
1396.78
1375.08
1354.97
1336.56
1319.36
1303.26
1288.18
1274.89
1262.85
1251.99
1241.54
1231.73
1222.38
1213.5
1205.21
1197.74
1190.94
1184.41
1178.25
1172.65
1167.54
1162.63
1157.77
1153.04
1148.55
1144.24
1140.16
1136.15
1132.52
1128.83
1125.55
1122.43
1119.49
1116.39
1113.59
1109.55
4686.75
2758.44
2725.04
2741.15
2747.28
2753.32
2754.89
2756.84
2756.58
2755.08
2752.55
2749.7
2746.83
2744.17
2741.65
2739.27
2736.93
2734.51
2731.9
2728.98
2725.64
2721.78
2717.31
2712.2
2706.42
2699.99
2692.93
2685.28
2677.07
2668.31
2659
2649.14
2638.7
2627.64
2615.97
2603.68
2590.77
2577.25
2563.12
2548.39
2533.07
2517.19
2500.78
2483.89
2466.55
2448.82
2430.73
2412.35
2393.69
2374.77
2355.6
2336.18
2316.49
2296.53
2276.26
2255.65
2234.57
2212.98
2191.09
2168.51
2144.76
2120.61
2096.22
2070.92
2044.61
2017.32
1989.23
1960.47
1930.52
1899.95
1868.72
1836.83
1804.32
1771.41
1738.38
1705.5
1672.86
1640.52
1608.51
1576.99
1545.94
1515.65
1486.69
1459.21
1433.34
1408.93
1386.21
1364.99
1345.44
1327.23
1310.46
1294.71
1280.27
1266.94
1254.75
1243.11
1232.12
1221.98
1213.15
1205.45
1198.64
1192.07
1185.39
1179.09
1173.41
1168.07
1162.77
1157.59
1152.64
1147.98
1143.51
1139.28
1135.21
1131.53
1127.84
1124.54
1121.35
1118.34
1115.21
1112.36
1108.02
4692.76
2759.92
2725.45
2740.91
2746.85
2752.72
2754.24
2756.37
2756.27
2754.95
2752.59
2749.84
2747.02
2744.36
2741.82
2739.39
2737.01
2734.55
2731.91
2728.97
2725.63
2721.77
2717.33
2712.25
2706.53
2700.15
2693.16
2685.58
2677.44
2668.76
2659.55
2649.8
2639.48
2628.57
2617.06
2604.94
2592.23
2578.92
2565.04
2550.57
2535.54
2519.98
2503.93
2487.41
2470.48
2453.18
2435.55
2417.63
2399.45
2381.02
2362.34
2343.4
2324.21
2304.75
2284.99
2264.85
2244.27
2223.31
2201.8
2179.38
2156.5
2133.41
2109.19
2083.77
2057.54
2030.59
2002.94
1974.59
1945.41
1915.32
1884.59
1853.27
1821.2
1788.45
1755.18
1721.65
1688.11
1654.71
1621.73
1589.66
1558.76
1528.66
1499.39
1471.04
1444.15
1418.67
1394.93
1372.53
1351.86
1332.52
1314.91
1298.79
1283.87
1269.75
1256.91
1244.7
1233.55
1223.96
1216.17
1208.73
1201.04
1193.52
1186.37
1179.76
1173.6
1167.67
1161.81
1156.26
1151.12
1146.35
1141.79
1137.5
1133.39
1129.58
1125.72
1122.12
1118.62
1115.34
1111.99
1108.89
1104.54
4698.69
2761.52
2725.92
2740.71
2746.39
2752.14
2753.62
2755.92
2755.97
2754.85
2752.67
2750.04
2747.27
2744.61
2742.03
2739.56
2737.12
2734.62
2731.94
2728.98
2725.62
2721.77
2717.35
2712.32
2706.64
2700.33
2693.41
2685.9
2677.84
2669.25
2660.14
2650.51
2640.32
2629.56
2618.21
2606.27
2593.76
2580.67
2567.03
2552.83
2538.11
2522.87
2507.16
2491.03
2474.51
2457.65
2440.47
2423.01
2405.29
2387.34
2369.15
2350.71
2332.01
2313.05
2293.79
2274.15
2254.11
2233.61
2212.42
2190.71
2168.71
2145.62
2121.3
2096.51
2071.19
2045.14
2018.18
1990.34
1961.94
1932.16
1901.64
1870.45
1838.53
1806.04
1773.14
1740.02
1706.71
1673.25
1639.72
1606.12
1573.1
1541.41
1511.18
1482.19
1454.53
1428.12
1403.48
1380.51
1359.62
1339.89
1321.37
1304.15
1288.79
1274.92
1262.19
1250.06
1239.01
1228.85
1219.64
1210.69
1201.74
1193.35
1185.9
1179.07
1172.35
1165.83
1159.71
1154.16
1149.08
1144.31
1139.73
1135.47
1131.41
1127.64
1123.83
1120.34
1117.01
1113.87
1110.6
1107.7
1103.69
4704.41
2763.38
2726.41
2740.54
2745.89
2751.57
2753.04
2755.49
2755.7
2754.78
2752.79
2750.29
2747.57
2744.91
2742.31
2739.77
2737.27
2734.71
2732
2729.01
2725.63
2721.78
2717.38
2712.39
2706.77
2700.53
2693.68
2686.26
2678.28
2669.78
2660.78
2651.26
2641.21
2630.6
2619.42
2607.67
2595.36
2582.5
2569.11
2555.19
2540.76
2525.86
2510.51
2494.76
2478.65
2462.21
2445.48
2428.47
2411.23
2393.75
2376.03
2358.08
2339.88
2321.42
2302.64
2283.51
2263.97
2243.88
2223.28
2202.29
2180.42
2157.43
2134.12
2110.4
2085.68
2059.88
2033.02
2005.28
1976.81
1947.24
1916.87
1885.76
1853.92
1821.43
1788.48
1755.39
1722.29
1689.28
1656.34
1623.63
1591.07
1558.93
1527.86
1498.11
1469.65
1442.37
1416.74
1392.72
1370.59
1349.96
1330.98
1313.09
1296.4
1280.89
1266.58
1253.74
1242.38
1231.42
1220.96
1210.99
1201.52
1193.05
1185.7
1178.8
1171.77
1165.12
1159.28
1154.23
1149.53
1144.96
1140.54
1136.39
1132.36
1128.5
1124.63
1121.08
1117.66
1114.44
1111.02
1107.95
1103.44
4709.91
2765.52
2726.92
2740.39
2745.39
2751.04
2752.5
2755.08
2755.45
2754.74
2752.96
2750.6
2747.93
2745.28
2742.63
2740.04
2737.47
2734.85
2732.08
2729.05
2725.66
2721.8
2717.42
2712.46
2706.9
2700.73
2693.97
2686.63
2678.75
2670.35
2661.46
2652.06
2642.14
2631.69
2620.69
2609.14
2597.04
2584.41
2571.27
2557.63
2543.51
2528.94
2513.95
2498.59
2482.89
2466.87
2450.58
2434.02
2417.24
2400.23
2383
2365.54
2347.83
2329.86
2311.58
2292.94
2273.86
2254.3
2234.3
2213.61
2192.01
2170.02
2147.62
2123.97
2099.17
2073.52
2047.07
2019.83
1991.82
1963.18
1933.51
1902.92
1871.57
1839.34
1806.33
1772.82
1739.05
1705.14
1671.21
1637.74
1605.29
1573.55
1542.37
1511.95
1482.68
1454.67
1428.11
1402.86
1379.16
1357.23
1337.44
1319.21
1301.82
1285.31
1270.38
1257.12
1244.85
1232.82
1221.46
1211.47
1202.99
1195.38
1187.98
1180.67
1173.47
1167.09
1161.61
1156.46
1151.27
1146.19
1141.37
1136.83
1132.45
1128.33
1124.37
1120.69
1117.15
1113.78
1110.18
1106.97
1102.33
4715.13
2767.93
2727.51
2740.41
2744.96
2750.59
2752.02
2754.7
2755.2
2754.72
2753.17
2750.97
2748.35
2745.7
2743.01
2740.35
2737.7
2735.01
2732.19
2729.12
2725.7
2721.84
2717.47
2712.55
2707.05
2700.95
2694.27
2687.03
2679.25
2670.96
2662.18
2652.91
2643.14
2632.85
2622.03
2610.67
2598.79
2586.4
2573.53
2560.17
2546.36
2532.13
2517.5
2502.52
2487.22
2471.63
2455.77
2439.66
2423.33
2406.79
2390.04
2373.06
2355.84
2338.36
2320.57
2302.42
2283.84
2264.81
2245.23
2224.92
2204.12
2182.87
2160.39
2136.82
2112.75
2088.08
2062.57
2036.07
2008.59
1980.35
1951.05
1920.66
1889.57
1857.68
1825.12
1792.07
1758.67
1724.94
1690.91
1656.41
1621.74
1588.19
1555.93
1524.73
1494.65
1465.67
1438.19
1412.2
1388.15
1365.69
1344.58
1324.98
1306.87
1290.78
1276.65
1263.19
1250.06
1237.25
1225.34
1215.13
1206.37
1197.87
1189.29
1181.39
1174.49
1168.47
1162.68
1156.81
1150.96
1145.43
1140.23
1135.26
1130.5
1126.08
1121.95
1118.12
1114.49
1111.02
1107.24
1103.82
1098.75
4719.7
2770.63
2728.26
2740.56
2744.6
2750.22
2751.61
2754.33
2754.96
2754.7
2753.42
2751.39
2748.84
2746.19
2743.45
2740.71
2737.98
2735.22
2732.33
2729.22
2725.77
2721.9
2717.54
2712.65
2707.2
2701.19
2694.6
2687.46
2679.78
2671.6
2662.94
2653.8
2644.18
2634.06
2623.42
2612.27
2600.62
2588.48
2575.86
2562.8
2549.31
2535.41
2521.14
2506.54
2491.64
2476.46
2461.03
2445.37
2429.5
2413.43
2397.16
2380.66
2363.93
2346.93
2329.63
2311.96
2293.88
2275.33
2256.18
2236.51
2216.34
2195.17
2172.99
2150.5
2127.44
2103.28
2077.97
2051.53
2024.09
1995.83
1966.85
1936.7
1905.73
1873.94
1841.44
1808.43
1775.16
1741.81
1708.33
1674.84
1641.19
1607.5
1574.55
1542.56
1511.76
1481.88
1453.49
1426.52
1401.56
1378.17
1356.28
1335.61
1316.44
1298.96
1282.41
1266.83
1252.88
1240.68
1230
1219.49
1209.17
1199.26
1189.87
1181.79
1174.98
1168.62
1161.93
1155.18
1148.85
1143.11
1137.75
1132.61
1127.76
1123.3
1119.14
1115.26
1111.62
1108.14
1104.37
1100.82
1095.91
4723.97
2773.68
2729.16
2740.83
2744.29
2749.91
2751.26
2753.99
2754.72
2754.68
2753.7
2751.87
2749.39
2746.74
2743.95
2741.12
2738.3
2735.45
2732.51
2729.35
2725.87
2721.98
2717.63
2712.77
2707.38
2701.44
2694.94
2687.91
2680.35
2672.29
2663.76
2654.75
2645.28
2635.33
2624.88
2613.95
2602.52
2590.63
2578.29
2565.52
2552.34
2538.79
2524.88
2510.66
2496.15
2481.39
2466.39
2451.17
2435.76
2420.15
2404.35
2388.33
2372.08
2355.56
2338.74
2321.56
2303.96
2285.88
2267.28
2248.18
2228.28
2207.53
2186.4
2164.65
2141.6
2117.43
2092.38
2066.47
2039.73
2012.14
1983.82
1954.53
1924.04
1892.62
1860.3
1827.16
1793.53
1759.52
1725.11
1690.61
1656.91
1623.74
1590.88
1558.47
1527.07
1496.66
1467.48
1439.36
1412.78
1387.84
1365.05
1344.03
1324.15
1305.41
1287.69
1271.97
1258.73
1246.38
1234.45
1222.51
1210.78
1200.12
1191.22
1183.8
1176.69
1169.23
1161.3
1153.98
1147.55
1141.88
1136.67
1131.69
1126.97
1122.55
1118.3
1114.32
1110.58
1107.09
1103.42
1100.05
1095.25
4727.95
2776.99
2730.15
2741.21
2744
2749.64
2751
2753.71
2754.51
2754.67
2753.98
2752.4
2750.02
2747.36
2744.51
2741.59
2738.66
2735.73
2732.71
2729.51
2726
2722.1
2717.75
2712.92
2707.58
2701.71
2695.31
2688.39
2680.95
2673.02
2664.62
2655.76
2646.44
2636.66
2626.41
2615.68
2604.49
2592.86
2580.8
2568.33
2555.47
2542.25
2528.7
2514.86
2500.75
2486.4
2471.83
2457.05
2442.09
2426.95
2411.61
2396.08
2380.3
2364.26
2347.92
2331.22
2314.1
2296.52
2278.44
2259.74
2240.31
2220.4
2199.85
2178.03
2155.23
2131.9
2107.87
2082.89
2056.86
2029.73
2001.58
1972.86
1942.66
1911.61
1879.73
1847.1
1813.88
1780.25
1746.21
1711.42
1675.69
1640.49
1606.35
1573.1
1540.78
1509.52
1479.47
1450.73
1423.48
1397.71
1373.24
1350.76
1330.14
1311.25
1294.51
1279.38
1265
1251.04
1237.47
1224.24
1212.37
1202.7
1194.79
1186.95
1178.53
1170.15
1162.1
1155.03
1148.96
1143.51
1138.34
1133.31
1128.47
1123.82
1119.26
1114.93
1110.93
1107.29
1103.55
1100.05
1094.82
4731.42
2780.59
2731.19
2741.72
2743.77
2749.39
2750.78
2753.46
2754.35
2754.71
2754.3
2752.98
2750.72
2748.05
2745.13
2742.1
2739.07
2736.05
2732.95
2729.69
2726.15
2722.24
2717.9
2713.09
2707.81
2702.01
2695.71
2688.9
2681.59
2673.79
2665.53
2656.82
2647.66
2638.06
2628
2617.49
2606.54
2595.17
2583.38
2571.21
2558.68
2545.8
2532.61
2519.15
2505.43
2491.5
2477.35
2463.02
2448.51
2433.82
2418.96
2403.89
2388.58
2373.01
2357.14
2340.91
2324.28
2307.2
2289.59
2271.37
2252.62
2233.23
2212.78
2191.47
2169.77
2147.35
2123.75
2098.92
2072.98
2045.97
2018.04
1989.31
1959.56
1928.72
1896.96
1864.45
1831.35
1797.88
1764.04
1730.05
1695.86
1661.25
1626.75
1592.87
1559.87
1527.79
1496.87
1467.29
1439.13
1412.5
1387.2
1363.31
1341.39
1321.42
1302.77
1285.31
1269.24
1254.21
1240.5
1228.36
1217.99
1208.27
1198.6
1188.78
1178.74
1169.73
1162.36
1156.19
1150.36
1144.61
1138.96
1133.54
1128.45
1123.57
1118.81
1114.1
1109.75
1105.68
1101.79
1098.22
1092.75
4734.79
2784.49
2732.21
2742.34
2743.57
2749.25
2750.67
2753.3
2754.31
2754.81
2754.66
2753.61
2751.48
2748.8
2745.79
2742.67
2739.53
2736.4
2733.23
2729.92
2726.34
2722.41
2718.08
2713.3
2708.07
2702.35
2696.14
2689.44
2682.26
2674.61
2666.5
2657.95
2648.95
2639.53
2629.67
2619.38
2608.66
2597.55
2586.05
2574.18
2561.97
2549.43
2536.6
2523.51
2510.2
2496.67
2482.96
2469.06
2455
2440.77
2426.37
2411.76
2396.92
2381.82
2366.42
2350.67
2334.53
2317.93
2300.8
2283.14
2264.9
2245.82
2225.95
2205.64
2184.54
2162.12
2138.6
2114.18
2088.88
2062.63
2035.45
2007.27
1978.5
1948.15
1916.68
1884.35
1851.22
1817.52
1783.29
1748.63
1713.95
1679.42
1645
1610.83
1577.5
1544.95
1513.37
1482.43
1452.64
1424.42
1398.8
1374.89
1352.16
1330.53
1310.45
1292.12
1276.03
1261.17
1247.44
1234.97
1223.28
1211.72
1200.2
1189.03
1178.57
1170.25
1163.53
1157.14
1150.47
1143.83
1137.49
1131.58
1126.21
1121.15
1116.3
1111.42
1106.93
1102.7
1098.55
1094.81
1089.18
4737.01
2788.83
2733.18
2742.94
2743.49
2749.21
2750.7
2753.28
2754.36
2755
2755.1
2754.27
2752.26
2749.58
2746.51
2743.28
2740.04
2736.81
2733.55
2730.17
2726.56
2722.62
2718.29
2713.55
2708.36
2702.72
2696.61
2690.03
2682.98
2675.47
2667.52
2659.14
2650.32
2641.08
2631.42
2621.34
2610.87
2600.02
2588.8
2577.24
2565.35
2553.16
2540.69
2527.98
2515.05
2501.94
2488.65
2475.2
2461.58
2447.8
2433.85
2419.7
2405.32
2390.68
2375.74
2360.47
2344.8
2328.69
2312.08
2294.93
2277.12
2258.59
2239.53
2219.67
2198.58
2176.59
2154.01
2130.63
2106.18
2080.63
2053.97
2026.19
1997.46
1967.69
1936.63
1904.73
1872.05
1838.77
1804.94
1770.26
1734.43
1698.25
1662.58
1627.55
1593.3
1559.97
1527.46
1495.82
1465.36
1436.18
1408.85
1383.44
1360.06
1338.12
1318.24
1300.09
1282.63
1266.59
1251.8
1238.32
1225.26
1212.52
1200.25
1189.71
1181.18
1174.03
1166.88
1159.44
1151.85
1144.41
1137.51
1131.27
1125.73
1120.58
1115.77
1110.98
1106.53
1102.24
1097.84
1093.98
1088.42
4739.91
2793.29
2734.05
2743.89
2743.72
2749.3
2750.84
2753.35
2754.49
2755.3
2755.6
2754.92
2753.04
2750.38
2747.26
2743.94
2740.6
2737.27
2733.92
2730.48
2726.83
2722.87
2718.55
2713.83
2708.7
2703.13
2697.12
2690.66
2683.74
2676.38
2668.6
2660.39
2651.75
2642.71
2633.25
2623.4
2613.17
2602.57
2591.64
2580.38
2568.81
2556.96
2544.86
2532.53
2520
2507.29
2494.43
2481.4
2468.23
2454.89
2441.39
2427.7
2413.77
2399.6
2385.13
2370.32
2355.13
2339.51
2323.4
2306.72
2289.43
2271.56
2252.96
2233.31
2212.88
2191.97
2170.19
2147.13
2122.84
2097.43
2070.95
2043.4
2014.85
1985.66
1954.89
1923.13
1890.58
1857.29
1823.38
1789.12
1754.73
1719.85
1684.5
1649.28
1614.49
1580.47
1547.04
1514.63
1483.58
1453.85
1425.51
1398.15
1372.97
1350.29
1328.94
1308.49
1289.17
1272.41
1257.39
1243.37
1229.33
1216.04
1204.14
1194.62
1185.79
1176.82
1167.94
1159.4
1151.41
1144.27
1137.82
1131.84
1126.47
1121.39
1116.71
1111.96
1107.54
1103.22
1098.56
1094.32
1088.16
4740.67
2798.1
2734.88
2744.89
2744.06
2749.51
2751.09
2753.51
2754.72
2755.69
2756.15
2755.57
2753.81
2751.19
2748.04
2744.65
2741.21
2737.78
2734.34
2730.83
2727.13
2723.16
2718.85
2714.16
2709.08
2703.59
2697.67
2691.33
2684.55
2677.35
2669.73
2661.7
2653.26
2644.41
2635.17
2625.55
2615.56
2605.23
2594.57
2583.62
2572.38
2560.87
2549.13
2537.17
2525.04
2512.74
2500.29
2487.7
2474.96
2462.06
2449
2435.75
2422.28
2408.55
2394.54
2380.2
2365.49
2350.35
2334.73
2318.57
2301.85
2284.47
2266.24
2247.27
2227.77
2207.33
2185.59
2162.75
2139.04
2114.38
2088.72
2062.02
2034.23
2005.33
1975.43
1944.02
1911.83
1878.97
1845.43
1811.17
1776.07
1740.45
1704.74
1669.23
1634.22
1599.67
1565.65
1532.02
1499.54
1468.63
1439.95
1412.91
1386.73
1361.77
1338.4
1316.91
1297.94
1280.84
1263.89
1247.9
1233.14
1220.75
1209.71
1199.61
1189.18
1178.24
1168.02
1159.07
1151.12
1144.09
1137.66
1131.58
1125.99
1120.68
1115.89
1111.11
1106.78
1102.62
1098.1
1093.73
1087.28
4741.28
2803.1
2735.7
2746.07
2744.61
2749.87
2751.46
2753.79
2755.04
2756.14
2756.7
2756.21
2754.57
2752.02
2748.86
2745.42
2741.88
2738.35
2734.82
2731.23
2727.49
2723.5
2719.19
2714.53
2709.5
2704.09
2698.27
2692.05
2685.4
2678.35
2670.9
2663.06
2654.82
2646.19
2637.17
2627.79
2618.05
2607.98
2597.61
2586.95
2576.04
2564.88
2553.49
2541.91
2530.17
2518.27
2506.24
2494.06
2481.75
2469.28
2456.66
2443.85
2430.83
2417.56
2404
2390.13
2375.9
2361.24
2346.12
2330.48
2314.26
2297.35
2279.74
2261.52
2242.39
2222.09
2200.94
2179.13
2156.4
2132.5
2107.42
2081.22
2053.84
2025.27
1995.85
1964.78
1932.76
1899.9
1866.26
1831.75
1796.37
1760.39
1724.13
1688.02
1652.22
1616.81
1582.06
1547.88
1514.84
1482.86
1452.13
1423.64
1396.83
1371.34
1347.9
1326.95
1306.65
1287.25
1268.43
1251.65
1237.65
1226.18
1214.86
1203.19
1191.8
1180.68
1170.84
1162.72
1155.24
1148.11
1141.23
1134.45
1128.09
1122.01
1116.58
1111.33
1106.77
1102.68
1098.36
1094.19
1087.87
4741.54
2808.39
2736.55
2747.37
2745.36
2750.44
2751.96
2754.2
2755.44
2756.6
2757.24
2756.83
2755.32
2752.85
2749.72
2746.23
2742.61
2738.98
2735.35
2731.69
2727.89
2723.89
2719.6
2714.97
2709.98
2704.64
2698.92
2692.82
2686.31
2679.42
2672.14
2664.48
2656.45
2648.04
2639.25
2630.11
2620.63
2610.83
2600.75
2590.4
2579.8
2568.98
2557.96
2546.75
2535.39
2523.89
2512.26
2500.51
2488.61
2476.57
2464.37
2452
2439.42
2426.6
2413.5
2400.09
2386.33
2372.16
2357.54
2342.4
2326.68
2310.33
2293.35
2275.56
2256.77
2237.24
2217.11
2195.97
2173.51
2149.78
2125
2099.14
2072.14
2043.99
2014.71
1984.43
1952.69
1920.21
1887.11
1853.36
1818.87
1783.6
1747.73
1711.6
1675.48
1639.51
1604.22
1569.6
1536
1503.29
1471.42
1440.42
1411.89
1385.71
1360.96
1337.46
1314.82
1293.99
1275.86
1260.58
1246.35
1232.67
1219.27
1205.93
1193.71
1183.38
1174.4
1166.17
1158.03
1150
1142.36
1135.07
1128.26
1121.8
1115.93
1110.28
1105.28
1100.8
1096.28
1092.07
1085.66
4741.4
2813.73
2737.54
2748.69
2746.45
2751.21
2752.59
2754.72
2755.91
2757.07
2757.74
2757.41
2756.05
2753.69
2750.6
2747.08
2743.4
2739.68
2735.95
2732.21
2728.37
2724.34
2720.05
2715.45
2710.52
2705.26
2699.63
2693.64
2687.27
2680.53
2673.42
2665.95
2658.13
2649.94
2641.4
2632.51
2623.29
2613.77
2603.97
2593.93
2583.66
2573.18
2562.51
2551.67
2540.69
2529.58
2518.36
2507.01
2495.53
2483.91
2472.14
2460.2
2448.06
2435.68
2423.04
2410.09
2396.8
2383.12
2368.99
2354.35
2339.16
2323.37
2306.88
2289.55
2271.5
2252.79
2233.06
2212.04
2189.96
2166.99
2143.07
2118.03
2091.85
2064.48
2035.86
2006.24
1975.13
1943.04
1910.12
1876.26
1841.36
1805.64
1769.51
1733.1
1696.79
1660.55
1624.69
1589.29
1554.35
1520.48
1488.55
1457.9
1428.44
1399.79
1372.68
1347.38
1324.72
1304.87
1286.19
1268.61
1252.13
1236.44
1221.93
1208.44
1196.69
1186.07
1175.91
1166.23
1157.15
1148.5
1140.41
1132.91
1125.89
1119.18
1112.94
1106.98
1101.66
1096.84
1092.19
1087.64
1080.88
4740.71
2818.86
2738.71
2750.01
2747.87
2752.17
2753.34
2755.33
2756.42
2757.54
2758.19
2757.94
2756.75
2754.52
2751.49
2747.98
2744.24
2740.44
2736.63
2732.8
2728.9
2724.85
2720.57
2716
2711.13
2705.93
2700.4
2694.53
2688.3
2681.71
2674.78
2667.49
2659.87
2651.91
2643.61
2634.97
2626.03
2616.79
2607.29
2597.56
2587.61
2577.47
2567.15
2556.68
2546.08
2535.35
2524.52
2513.57
2502.5
2491.3
2479.95
2468.43
2456.73
2444.79
2432.6
2420.11
2407.3
2394.09
2380.46
2366.33
2351.67
2336.39
2320.42
2303.74
2286.36
2268.02
2248.59
2228.31
2207.28
2185.24
2161.94
2137.37
2111.64
2084.67
2056.35
2026.79
1996.1
1963.79
1930.7
1896.98
1862.35
1826.85
1790.6
1753.87
1716.88
1680.13
1643.77
1607.96
1572.43
1537.33
1503.19
1470.87
1440.52
1411.43
1384.64
1360.51
1337.32
1315.09
1294.61
1275.61
1258.2
1242.34
1228.14
1214.8
1202.61
1191.03
1179.56
1168.15
1157.47
1147.88
1139.35
1131.82
1125.02
1118.64
1112.61
1106.65
1101.12
1095.91
1091.09
1086.54
1079.9
4739.79
2823.55
2740.15
2751.19
2749.44
2753.27
2754.19
2756.02
2756.96
2758
2758.59
2758.42
2757.4
2755.33
2752.39
2748.9
2745.13
2741.27
2737.37
2733.47
2729.51
2725.44
2721.15
2716.62
2711.8
2706.68
2701.24
2695.48
2689.39
2682.96
2676.19
2669.1
2661.68
2653.94
2645.88
2637.5
2628.83
2619.88
2610.69
2601.26
2591.64
2581.84
2571.87
2561.76
2551.53
2541.18
2530.74
2520.19
2509.52
2498.73
2487.8
2476.71
2465.43
2453.94
2442.2
2430.18
2417.82
2405.1
2391.96
2378.34
2364.19
2349.44
2334.04
2317.96
2301.03
2283.17
2264.55
2245.2
2224.75
2202.93
2179.85
2155.72
2130.54
2104.17
2076.54
2047.68
2017.7
1986.57
1954.31
1921.26
1887.1
1851.97
1815.93
1779.21
1742.12
1705.11
1668.53
1632.16
1596.23
1560.6
1525.47
1490.78
1458
1428.52
1400.74
1374.27
1349.06
1325.2
1303.67
1284.17
1265.73
1248.19
1232.58
1218.23
1205.21
1192.82
1181.54
1171.02
1160.53
1150.63
1141.86
1134.3
1127.45
1120.94
1114.59
1108.29
1102.37
1096.74
1091.45
1086.53
1078.82
4738.79
2827.69
2741.96
2752.3
2751.11
2754.53
2755.14
2756.75
2757.52
2758.46
2758.96
2758.86
2758
2756.11
2753.3
2749.86
2746.08
2742.17
2738.2
2734.22
2730.21
2726.1
2721.82
2717.3
2712.53
2707.49
2702.15
2696.51
2690.56
2684.28
2677.69
2670.78
2663.56
2656.04
2648.22
2640.1
2631.71
2623.05
2614.15
2605.05
2595.75
2586.28
2576.67
2566.92
2557.05
2547.08
2537.02
2526.86
2516.6
2506.21
2495.69
2485.02
2474.17
2463.12
2451.82
2440.25
2428.36
2416.12
2403.47
2390.36
2376.72
2362.52
2347.68
2332.11
2315.73
2298.61
2280.72
2261.75
2241.55
2220.27
2198.11
2174.98
2150.66
2125.08
2098.19
2069.9
2040.2
2009.66
1977.12
1943.77
1909.63
1874.61
1838.64
1801.84
1764.76
1727.52
1690.51
1653.31
1616.36
1579.92
1545.08
1511.24
1478.13
1446.13
1415.73
1387.26
1361.44
1337.66
1314.81
1293.09
1272.78
1254.11
1237.94
1223.21
1209.43
1195.97
1183.3
1172.04
1162.26
1153.35
1144.77
1136.7
1128.99
1121.69
1114.77
1108.15
1101.63
1095.48
1089.35
1083.7
1075.08
4737.76
2831.21
2744.27
2753.69
2752.84
2755.93
2756.18
2757.52
2758.12
2758.94
2759.33
2759.26
2758.55
2756.86
2754.19
2750.83
2747.08
2743.13
2739.12
2735.07
2731
2726.85
2722.56
2718.07
2713.35
2708.38
2703.14
2697.61
2691.79
2685.67
2679.25
2672.53
2665.51
2658.21
2650.62
2642.76
2634.64
2626.28
2617.68
2608.89
2599.92
2590.79
2581.52
2572.12
2562.62
2553.02
2543.34
2533.57
2523.7
2513.72
2503.61
2493.36
2482.94
2472.32
2461.47
2450.35
2438.93
2427.16
2415
2402.39
2389.28
2375.61
2361.3
2346.29
2330.56
2314.06
2296.58
2278.07
2258.7
2238.47
2217.18
2194.52
2170.5
2145.22
2118.63
2090.68
2061.35
2030.9
1999.27
1966.3
1932.49
1897.74
1861.78
1824.87
1787.41
1749.86
1712.3
1674.76
1637.13
1599.62
1562.52
1526.99
1493.47
1461.22
1431.07
1402.94
1376.03
1349.93
1325.07
1301.79
1281.35
1263.24
1246.08
1229.66
1214.9
1201.44
1189.19
1177.38
1166.71
1156.86
1147.28
1138.12
1129.3
1121.11
1113.52
1106.52
1099.68
1093.64
1087.8
1082.03
1073.99
4735.99
2833.99
2746.87
2755.29
2754.61
2757.44
2757.33
2758.37
2758.77
2759.44
2759.7
2759.66
2759.07
2757.56
2755.08
2751.83
2748.12
2744.18
2740.12
2736.01
2731.88
2727.7
2723.39
2718.92
2714.24
2709.34
2704.19
2698.79
2693.1
2687.14
2680.89
2674.36
2667.54
2660.46
2653.11
2645.5
2637.65
2629.57
2621.28
2612.8
2604.16
2595.36
2586.44
2577.4
2568.25
2559.03
2549.72
2540.33
2530.86
2521.27
2511.56
2501.72
2491.72
2481.53
2471.12
2460.46
2449.5
2438.21
2426.54
2414.43
2401.84
2388.7
2374.94
2360.52
2345.37
2329.37
2312.47
2294.79
2276.25
2256.54
2235.46
2213.11
2189.72
2165.3
2139.71
2112.84
2084.57
2055.01
2024.14
1991.77
1958.23
1923.84
1888.26
1851.69
1814.39
1776.78
1738.96
1701.07
1663.29
1625.67
1587.95
1550.33
1514.75
1481.62
1449.93
1418.8
1389.34
1361.77
1336.76
1314.37
1292.77
1272.25
1252.87
1234.66
1218.86
1204.62
1192.41
1181.09
1170.39
1160.35
1150.43
1140.49
1130.88
1122.41
1114.9
1108.27
1102
1096.5
1091.22
1085.77
1077.36
4733.08
2836.34
2749.77
2757.18
2756.45
2759.03
2758.55
2759.33
2759.48
2759.95
2760.08
2760.04
2759.55
2758.24
2755.95
2752.85
2749.22
2745.29
2741.21
2737.06
2732.88
2728.65
2724.33
2719.86
2715.22
2710.39
2705.33
2700.04
2694.49
2688.68
2682.6
2676.26
2669.65
2662.78
2655.67
2648.31
2640.72
2632.93
2624.94
2616.77
2608.45
2599.98
2591.4
2582.71
2573.93
2565.06
2556.13
2547.12
2538.03
2528.84
2519.54
2510.11
2500.53
2490.77
2480.8
2470.59
2460.09
2449.28
2438.09
2426.48
2414.4
2401.79
2388.58
2374.73
2360.12
2344.73
2328.56
2311.54
2293.42
2274.1
2253.74
2232.47
2210.18
2186.62
2161.59
2135.06
2106.99
2077.55
2046.77
2015.24
1981.73
1947.26
1911.79
1875.36
1838.09
1800.22
1761.97
1723.42
1685.04
1647.03
1610.17
1573.96
1537.84
1501.84
1467.24
1434.21
1404.47
1377.62
1351.43
1326.44
1302.74
1281.18
1262.27
1244.98
1228.84
1213.01
1197.76
1184.16
1172.57
1162.37
1152.97
1144.01
1135.42
1127.42
1119.91
1113.12
1106.53
1100.4
1094.87
1089.07
1079.5
4729.47
2839.59
2752.95
2759.42
2758.35
2760.69
2759.86
2760.37
2760.26
2760.49
2760.49
2760.44
2760.02
2758.88
2756.82
2753.9
2750.37
2746.48
2742.39
2738.21
2733.98
2729.71
2725.37
2720.91
2716.3
2711.53
2706.55
2701.37
2695.95
2690.3
2684.39
2678.23
2671.83
2665.19
2658.31
2651.2
2643.88
2636.36
2628.66
2620.8
2612.8
2604.67
2596.42
2588.08
2579.65
2571.15
2562.58
2553.95
2545.25
2536.45
2527.55
2518.52
2509.36
2500.02
2490.49
2480.72
2470.68
2460.33
2449.63
2438.52
2426.96
2414.88
2402.22
2388.92
2374.9
2360.16
2344.59
2328.06
2310.54
2292.1
2272.74
2252.21
2230.24
2206.82
2182.11
2156.14
2128.85
2100.25
2070.23
2039.07
2006.43
1972.17
1936.89
1900.72
1863.48
1825.42
1786.84
1747.99
1709.02
1669.86
1630.88
1593
1556.13
1519.43
1484.73
1452.9
1422.22
1392.68
1364.09
1337.44
1313.25
1291.62
1271.41
1252.66
1235.73
1219.82
1205.36
1191.54
1179.05
1167.59
1157.1
1147.48
1138.21
1129.6
1121.43
1114.19
1107.31
1100.95
1095.35
1089.59
1080.27
4724.08
2843
2756.16
2761.93
2760.34
2762.41
2761.25
2761.5
2761.12
2761.1
2760.95
2760.87
2760.49
2759.51
2757.66
2754.95
2751.55
2747.73
2743.66
2739.46
2735.2
2730.89
2726.53
2722.07
2717.49
2712.76
2707.87
2702.79
2697.5
2691.99
2686.25
2680.28
2674.08
2667.66
2661.01
2654.15
2647.09
2639.85
2632.44
2624.88
2617.19
2609.39
2601.48
2593.48
2585.41
2577.26
2569.06
2560.8
2552.48
2544.07
2535.56
2526.94
2518.19
2509.28
2500.18
2490.86
2481.28
2471.4
2461.17
2450.56
2439.5
2427.95
2415.84
2403.1
2389.69
2375.53
2360.52
2344.65
2327.93
2310.25
2291.37
2271.14
2249.69
2227.21
2203.68
2178.86
2152.56
2124.73
2095.37
2064.84
2032.94
1999.28
1964.29
1928.47
1891.57
1853.64
1815.11
1776.18
1737.32
1698.35
1659.16
1619.31
1580.61
1543.32
1506.91
1471.74
1438.17
1406.86
1377.78
1351.04
1325.77
1301.98
1279.45
1259.12
1241.44
1224.61
1209.73
1195.86
1183.03
1170.5
1158.5
1147.37
1137.1
1127.81
1119.01
1111.2
1103.82
1097.08
1091.4
1086
1077.22
4716.72
2846.4
2759.33
2764.65
2762.44
2764.22
2762.73
2762.69
2762.08
2761.79
2761.49
2761.35
2760.99
2760.13
2758.5
2756.01
2752.78
2749.06
2745.03
2740.82
2736.53
2732.19
2727.8
2723.35
2718.8
2714.12
2709.29
2704.31
2699.14
2693.77
2688.2
2682.41
2676.41
2670.2
2663.79
2657.18
2650.38
2643.41
2636.29
2629.03
2621.65
2614.17
2606.6
2598.94
2591.21
2583.42
2575.58
2567.69
2559.74
2551.72
2543.6
2535.38
2527.04
2518.55
2509.88
2500.99
2491.86
2482.44
2472.7
2462.58
2452.03
2441.01
2429.44
2417.27
2404.44
2390.86
2376.5
2361.32
2345.24
2328.06
2309.75
2290.39
2270.05
2248.57
2225.67
2201.21
2175.19
2147.66
2118.66
2088.41
2056.69
2024.02
1989.21
1953.29
1916.3
1878.26
1839.46
1800.2
1760.85
1721.62
1683.11
1644.51
1605.33
1565.93
1527.5
1490.47
1456.32
1425.22
1395.1
1365.86
1338.53
1313.51
1291.08
1269.82
1249.86
1231.15
1214.14
1198.58
1184.66
1171.28
1158.65
1147.06
1136.38
1126.63
1117.28
1108.77
1100.52
1092.62
1085.87
1079.56
1069.27
4708.24
2850.55
2762.45
2767.51
2764.68
2766.1
2764.31
2763.98
2763.13
2762.59
2762.14
2761.91
2761.52
2760.75
2759.31
2757.06
2754.03
2750.43
2746.46
2742.27
2737.97
2733.6
2729.2
2724.75
2720.21
2715.58
2710.82
2705.93
2700.87
2695.64
2690.23
2684.61
2678.81
2672.81
2666.63
2660.27
2653.74
2647.04
2640.2
2633.23
2626.16
2618.99
2611.75
2604.42
2597.04
2589.6
2582.12
2574.59
2567.01
2559.37
2551.65
2543.83
2535.89
2527.82
2519.57
2511.12
2502.44
2493.48
2484.21
2474.58
2464.54
2454.04
2443.02
2431.41
2419.15
2406.19
2392.46
2377.9
2362.4
2345.93
2328.5
2310.02
2290.29
2269.14
2246.59
2222.74
2197.55
2170.96
2142.95
2113.56
2082.55
2050.39
2016.59
1980.89
1944.06
1906.26
1867.52
1828.19
1788.24
1747.78
1706.82
1666.07
1625.82
1586.44
1549.1
1513.4
1477.64
1443.28
1411.36
1380.73
1353.17
1328.2
1304.07
1280.83
1259
1239.2
1222.15
1205.89
1190.47
1176.15
1163.11
1150.93
1139.64
1129.13
1118.97
1109.55
1100.52
1091.99
1083.92
1076.82
1066.25
4697.93
2855.11
2765.44
2770.4
2767.04
2768.07
2766
2765.38
2764.29
2763.52
2762.91
2762.56
2762.11
2761.38
2760.12
2758.1
2755.3
2751.86
2747.98
2743.83
2739.52
2735.14
2730.72
2726.27
2721.76
2717.17
2712.48
2707.66
2702.72
2697.61
2692.35
2686.91
2681.29
2675.5
2669.55
2663.43
2657.15
2650.73
2644.17
2637.5
2630.73
2623.87
2616.95
2609.96
2602.91
2595.82
2588.69
2581.52
2574.32
2567.05
2559.71
2552.28
2544.75
2537.08
2529.25
2521.24
2512.99
2504.49
2495.69
2486.55
2477.01
2467.04
2456.55
2445.51
2433.83
2421.48
2408.36
2394.42
2379.62
2363.91
2347.18
2329.24
2310.04
2289.64
2268.13
2245.42
2221.28
2195.61
2168.36
2139.53
2109.06
2077.48
2044.43
2009.35
1972.75
1935.24
1896.86
1857.76
1818.2
1778.08
1737.25
1695.38
1654.05
1614.06
1574.32
1535.57
1497.89
1461.53
1429.4
1399.14
1369.21
1341.28
1315.91
1292.32
1270.69
1250.55
1231.99
1214.68
1198.6
1183.66
1170.38
1157.97
1146.42
1135.57
1125.02
1114.7
1104.64
1095.23
1086.44
1079.04
1068.17
4685.85
2860.03
2768.36
2773.3
2769.53
2770.13
2767.8
2766.91
2765.58
2764.58
2763.82
2763.31
2762.76
2762.04
2760.91
2759.12
2756.55
2753.31
2749.55
2745.46
2741.17
2736.78
2732.36
2727.91
2723.42
2718.87
2714.25
2709.52
2704.66
2699.68
2694.56
2689.28
2683.85
2678.26
2672.53
2666.65
2660.62
2654.47
2648.19
2641.81
2635.34
2628.79
2622.19
2615.52
2608.81
2602.06
2595.28
2588.47
2581.62
2574.73
2567.77
2560.73
2553.59
2546.33
2538.92
2531.34
2523.54
2515.49
2507.15
2498.49
2489.45
2479.99
2470.05
2459.56
2448.47
2436.71
2424.21
2410.94
2396.82
2381.76
2365.65
2348.43
2330.13
2310.72
2290.07
2267.95
2244.26
2219.02
2192.17
2163.78
2133.83
2102.64
2069.77
2035.7
1999.29
1961.69
1923.11
1883.71
1843.59
1803
1762.56
1722.17
1681.18
1639.51
1597.77
1557.36
1520.6
1484.62
1449.69
1416.52
1384.06
1353.86
1327.04
1303.04
1280.12
1258.49
1238.22
1219.81
1203.57
1188.82
1175.66
1163.11
1151.28
1140.26
1130.07
1120.38
1111.13
1102.19
1093.22
1085.29
1072.35
)
;

boundaryField
{
    inlet
    {
        type            fixedValue;
        value           uniform 2790;
    }
    obstacle
    {
        type            zeroGradient;
    }
    bottom
    {
        type            symmetry;
    }
    outlet
    {
        type            zeroGradient;
    }
    top
    {
        type            symmetry;
    }
    defaultFaces
    {
        type            empty;
    }
    procBoundary4to5
    {
        type            processor;
        value           nonuniform List<scalar> 
121
(
4400.63
2744.06
2769.64
2784.2
2786.61
2787.35
2784.34
2781.28
2777.05
2772.9
2768.58
2764.57
2760.7
2757.04
2753.41
2749.85
2746.25
2742.57
2738.71
2734.63
2730.26
2725.56
2720.46
2714.89
2708.81
2702.16
2694.93
2687.08
2678.6
2669.45
2659.62
2649.09
2637.82
2625.8
2612.98
2599.33
2584.82
2569.41
2553.08
2535.78
2517.45
2498.04
2477.48
2455.7
2432.61
2408.11
2382.07
2354.36
2324.78
2293.07
2258.85
2221.47
2179.49
2130.35
2071.41
2002.12
1929.67
1861.36
1800.92
1748.58
1702.63
1662.21
1626.15
1593.49
1564.21
1537.91
1513.93
1492.08
1472.03
1453.39
1436.12
1420.07
1405.49
1392.11
1379.98
1368.58
1357.85
1347.5
1337.59
1328.08
1319.05
1310.49
1302.41
1294.76
1287.55
1280.75
1274.3
1268.13
1262.17
1256.43
1250.88
1245.55
1240.5
1235.68
1231.03
1226.53
1222.25
1218.21
1214.4
1210.76
1207.23
1203.82
1200.54
1197.41
1194.42
1191.56
1188.81
1186.2
1183.67
1181.28
1178.96
1176.75
1174.59
1172.52
1170.57
1168.66
1166.87
1165.15
1163.55
1161.93
1159.43
)
;
    }
    procBoundary4to6
    {
        type            processor;
        value           nonuniform List<scalar> 
121
(
4672.24
2865.24
2771.25
2776.11
2772.12
2772.3
2769.73
2768.58
2767.01
2765.8
2764.87
2764.17
2763.49
2762.74
2761.7
2760.11
2757.8
2754.77
2751.17
2747.17
2742.92
2738.55
2734.12
2729.68
2725.21
2720.71
2716.14
2711.49
2706.73
2701.86
2696.87
2691.75
2686.5
2681.11
2675.59
2669.94
2664.16
2658.27
2652.27
2646.18
2640
2633.76
2627.47
2621.13
2614.75
2608.34
2601.9
2595.44
2588.95
2582.42
2575.84
2569.18
2562.43
2555.57
2548.57
2541.4
2534.04
2526.44
2518.57
2510.38
2501.84
2492.9
2483.49
2473.56
2463.05
2451.89
2440.02
2427.39
2413.92
2399.53
2384.17
2367.78
2350.27
2331.51
2311.37
2289.84
2266.95
2242.64
2216.8
2189.46
2160.6
2130.31
2098.22
2064.76
2029.58
1992.28
1953.88
1914.46
1873.95
1832.44
1789.91
1747.35
1705.34
1664.05
1624.21
1583.93
1544.8
1506.29
1468.46
1433.66
1400.97
1369.94
1340.38
1312.81
1288.25
1266.47
1245.4
1225.14
1206.8
1190.46
1176.36
1163.48
1151.39
1140.31
1131.02
1122.63
1114.59
1106.29
1097.58
1088.98
1074.98
)
;
    }
}


// ************************************************************************* //
