/*--------------------------------*- C++ -*----------------------------------*\
| =========                 |                                                 |
| \\      /  F ield         | OpenFOAM: The Open Source CFD Toolbox           |
|  \\    /   O peration     | Version:  2412                                  |
|   \\  /    A nd           | Website:  www.openfoam.com                      |
|    \\/     M anipulation  |                                                 |
\*---------------------------------------------------------------------------*/
FoamFile
{
    version     2.0;
    format      ascii;
    arch        "LSB;label=32;scalar=64";
    class       volScalarField;
    location    "0.03";
    object      p;
}
// * * * * * * * * * * * * * * * * * * * * * * * * * * * * * * * * * * * * * //

dimensions      [1 -1 -2 0 0 0 0];

internalField   nonuniform List<scalar> 
9922
(
3752.47
2963.81
2963.4
2974.79
2973.93
2959.12
2926.77
2894.02
2869.92
2855.19
2846.11
2839.42
2829.02
2812.95
2792.35
2768.59
2744.02
2721.44
2702.97
2689.3
2679.23
2671.13
2663.92
2656.98
2649.83
2642.2
2633.98
2625.16
2615.64
2605.36
2594.26
2582.33
2569.49
2555.73
2541.04
2525.32
2508.42
2490.22
2470.68
2449.77
2427.34
2403.2
2377.11
2348.79
2317.89
2283.98
2246.6
2205.38
2160.32
2111.79
2060.38
2007.72
1953.65
1900.73
1849.41
1800.16
1753.29
1708.51
1665.63
1624.51
1585.28
1547.96
1512.71
1479.74
1449.18
1421.13
1395.67
1372.71
1352.01
1333.29
1316.28
1300.73
1286.53
1273.77
1262.19
1251.32
1240.89
1230.97
1221.5
1212.41
1203.48
1195.14
1187.57
1180.43
1173.62
1167.02
1160.76
1154.75
1149
1143.4
1138.02
1132.84
1127.95
1123.27
1118.84
1114.63
1110.61
1106.76
1103.07
1099.54
1096.17
1092.94
1089.81
1086.82
1083.92
1081.15
1078.46
1075.91
1073.42
1071.06
1068.75
1066.57
1064.41
1062.37
1060.44
1058.53
1056.74
1055.02
1053.42
1051.84
1049.46
3751.29
2963.22
2962.54
2974.06
2973.82
2959.46
2927.25
2894.23
2869.74
2854.68
2845.39
2838.6
2828.18
2812.06
2791.38
2767.58
2743.03
2720.61
2702.38
2688.94
2679.03
2671
2663.83
2656.9
2649.76
2642.12
2633.89
2625.04
2615.5
2605.19
2594.06
2582.08
2569.2
2555.39
2540.64
2524.85
2507.85
2489.53
2469.85
2448.75
2426.09
2401.68
2375.27
2346.57
2315.23
2280.87
2243.11
2201.74
2156.82
2108.64
2057.88
2005.93
1954.59
1902.24
1852.25
1804.24
1758.04
1713.53
1670.79
1629.93
1590.87
1553.68
1518.49
1485.37
1454.51
1425.98
1399.87
1376.19
1354.88
1335.61
1317.69
1302.01
1288.06
1275.31
1263.18
1251.64
1240.77
1230.57
1220.94
1211.88
1203.54
1195.76
1188.26
1180.93
1173.86
1167.08
1160.78
1154.82
1149.18
1143.73
1138.46
1133.36
1128.47
1123.74
1119.22
1114.88
1110.72
1106.72
1102.91
1099.28
1095.79
1092.44
1089.21
1086.11
1083.14
1080.3
1077.59
1075.02
1072.55
1070.22
1067.96
1065.86
1063.78
1061.86
1060.05
1058.27
1056.58
1054.92
1053.36
1051.81
1049.5
3750.03
2962.65
2961.66
2973.37
2973.72
2959.79
2927.74
2894.48
2869.57
2854.16
2844.65
2837.76
2827.32
2811.15
2790.4
2766.54
2742.03
2719.77
2701.79
2688.58
2678.82
2670.88
2663.75
2656.83
2649.69
2642.04
2633.8
2624.94
2615.37
2605.03
2593.87
2581.86
2568.93
2555.08
2540.26
2524.4
2507.31
2488.89
2469.08
2447.81
2424.95
2400.28
2373.58
2344.54
2312.85
2278.16
2240.17
2198.78
2154.05
2106.4
2056.63
2005.83
1955.18
1904.71
1855.89
1808.45
1762.49
1718.12
1675.56
1634.7
1595.6
1558.28
1522.85
1489.48
1458.29
1429.36
1402.73
1378.38
1356.54
1337.22
1320.06
1304.11
1289.31
1275.54
1262.8
1251.37
1240.89
1230.96
1221.44
1212.4
1203.83
1195.51
1187.62
1180.08
1172.97
1166.24
1159.95
1153.95
1148.24
1142.71
1137.46
1132.43
1127.67
1123.11
1118.75
1114.57
1110.55
1106.7
1103.04
1099.54
1096.16
1092.89
1089.71
1086.65
1083.68
1080.83
1078.08
1075.47
1072.94
1070.55
1068.23
1066.03
1063.87
1061.86
1059.98
1058.14
1056.38
1054.67
1053.03
1051.46
1049.19
3748.66
2962.1
2960.78
2972.68
2973.62
2960.1
2928.25
2894.73
2869.39
2853.62
2843.89
2836.9
2826.43
2810.21
2789.38
2765.47
2741.02
2718.93
2701.2
2688.23
2678.63
2670.76
2663.66
2656.76
2649.62
2641.97
2633.72
2624.83
2615.24
2604.87
2593.69
2581.64
2568.68
2554.78
2539.91
2523.98
2506.81
2488.29
2468.36
2446.95
2423.91
2399.02
2372.06
2342.74
2310.77
2275.85
2237.76
2196.42
2152.01
2105.1
2056.42
2006.87
1956.14
1907.15
1859.23
1812.49
1767.4
1724.03
1682.06
1641.52
1602.36
1564.75
1528.86
1494.9
1463.05
1433.48
1406.28
1381.49
1359.03
1338.84
1320.85
1304.5
1289.52
1276.03
1263.97
1252.78
1241.97
1231.57
1221.66
1212.31
1203.44
1195.21
1187.64
1180.4
1173.51
1166.88
1160.58
1154.49
1148.65
1143
1137.59
1132.4
1127.46
1122.72
1118.2
1113.84
1109.67
1105.71
1101.98
1098.43
1095.05
1091.81
1088.71
1085.73
1082.87
1080.13
1077.49
1074.98
1072.55
1070.28
1068.07
1066.01
1063.99
1062.12
1060.35
1058.61
1056.92
1055.29
1053.67
1052.07
1049.74
3747.2
2961.57
2959.91
2972.01
2973.51
2960.4
2928.77
2895.02
2869.24
2853.09
2843.12
2836.02
2825.52
2809.24
2788.34
2764.39
2739.99
2718.08
2700.61
2687.88
2678.44
2670.65
2663.58
2656.69
2649.55
2641.9
2633.64
2624.74
2615.12
2604.73
2593.52
2581.44
2568.44
2554.49
2539.58
2523.58
2506.34
2487.74
2467.71
2446.17
2422.97
2397.89
2370.72
2341.17
2308.99
2273.93
2235.82
2194.63
2150.63
2104.33
2056.35
2007.6
1958.41
1909.74
1862.7
1817.34
1773.35
1730.49
1688.95
1648.68
1609.76
1572.23
1536.3
1502.13
1469.89
1439.77
1411.93
1386.54
1363.38
1342.4
1323.43
1306.66
1291.7
1277.98
1265.06
1252.88
1241.56
1231.14
1221.52
1212.48
1203.96
1195.86
1188
1180.45
1173.33
1166.55
1160.11
1153.93
1148.12
1142.6
1137.39
1132.38
1127.59
1122.99
1118.55
1114.24
1110.09
1106.1
1102.31
1098.68
1095.21
1091.89
1088.7
1085.65
1082.72
1079.9
1077.18
1074.58
1072.08
1069.73
1067.43
1065.27
1063.14
1061.17
1059.32
1057.53
1055.84
1054.24
1052.63
1051.06
1048.72
3745.61
2961.07
2959.05
2971.34
2973.39
2960.69
2929.31
2895.33
2869.09
2852.55
2842.34
2835.12
2824.58
2808.25
2787.27
2763.28
2738.95
2717.24
2700.03
2687.54
2678.25
2670.54
2663.5
2656.62
2649.49
2641.83
2633.56
2624.65
2615.01
2604.6
2593.36
2581.25
2568.22
2554.23
2539.26
2523.21
2505.9
2487.22
2467.1
2445.45
2422.12
2396.89
2369.54
2339.82
2307.5
2272.37
2234.29
2193.28
2149.58
2103.65
2056.21
2008.37
1961.18
1913.6
1867.57
1822.66
1778.79
1736.03
1694.49
1654.32
1615.51
1578.11
1542.22
1507.99
1475.62
1445.23
1416.94
1390.79
1366.96
1345.57
1326.35
1308.95
1293.06
1278.41
1265.01
1253.1
1242.48
1232.38
1222.6
1213.04
1203.92
1195.24
1187.23
1179.83
1172.96
1166.32
1159.86
1153.56
1147.6
1141.92
1136.56
1131.42
1126.52
1121.85
1117.4
1113.13
1109.05
1105.15
1101.44
1097.91
1094.56
1091.38
1088.33
1085.4
1082.59
1079.87
1077.24
1074.72
1072.28
1069.97
1067.71
1065.57
1063.42
1061.4
1059.47
1057.63
1055.86
1054.22
1052.58
1051
1048.65
3743.92
2960.6
2958.21
2970.67
2973.24
2960.98
2929.88
2895.67
2868.97
2852.02
2841.56
2834.19
2823.62
2807.22
2786.17
2762.14
2737.9
2716.39
2699.46
2687.21
2678.07
2670.44
2663.43
2656.56
2649.43
2641.77
2633.49
2624.56
2614.91
2604.47
2593.21
2581.08
2568.01
2553.99
2538.98
2522.87
2505.5
2486.75
2466.54
2444.8
2421.36
2396.01
2368.52
2338.67
2306.26
2271.1
2233.09
2192.27
2148.9
2103.55
2057.09
2010.36
1963.72
1917.72
1872.39
1827.68
1784
1741.67
1700.63
1660.64
1621.76
1584.1
1547.84
1513.2
1480.38
1449.54
1420.81
1394.1
1369.68
1347.46
1327.67
1309.86
1293.81
1279.44
1266.61
1254.73
1243.39
1232.47
1222.21
1212.51
1203.67
1195.5
1187.97
1180.77
1173.79
1166.93
1160.26
1153.9
1147.97
1142.36
1137.01
1131.83
1126.84
1122.04
1117.46
1113.05
1108.82
1104.76
1100.86
1097.13
1093.6
1090.23
1087.03
1083.97
1081.06
1078.28
1075.6
1073.06
1070.61
1068.31
1066.08
1064
1061.93
1059.99
1058.17
1056.39
1054.67
1053.01
1051.38
1049.79
1047.43
3742.1
2960.17
2957.38
2970
2973.08
2961.26
2930.47
2896.04
2868.87
2851.48
2840.76
2833.24
2822.61
2806.15
2785.03
2760.99
2736.84
2715.54
2698.89
2686.88
2677.89
2670.33
2663.36
2656.5
2649.37
2641.71
2633.43
2624.49
2614.81
2604.36
2593.08
2580.92
2567.82
2553.77
2538.71
2522.55
2505.13
2486.31
2466.04
2444.22
2420.69
2395.23
2367.64
2337.7
2305.24
2270.09
2232.18
2191.59
2148.69
2104.2
2058.91
2013.07
1966.83
1921.21
1876.52
1833.05
1790.74
1749.33
1708.69
1668.92
1630.08
1592.3
1555.79
1520.74
1487.35
1455.82
1426.32
1399.07
1374.07
1351.43
1331.38
1313.26
1296.92
1281.97
1268.07
1255.04
1243.17
1232.56
1222.89
1213.56
1204.68
1196.16
1188.14
1180.48
1173.12
1165.96
1159.18
1152.8
1146.92
1141.39
1136.1
1131
1126.12
1121.47
1117.04
1112.79
1108.7
1104.76
1100.97
1097.32
1093.81
1090.44
1087.19
1084.08
1081.11
1078.28
1075.56
1072.96
1070.43
1068.04
1065.7
1063.49
1061.32
1059.3
1057.4
1055.58
1053.82
1052.16
1050.56
1049.06
1046.85
3740.16
2959.76
2956.58
2969.32
2972.89
2961.53
2931.09
2896.46
2868.81
2850.97
2839.97
2832.27
2821.57
2805.04
2783.86
2759.81
2735.77
2714.69
2698.32
2686.56
2677.72
2670.24
2663.29
2656.44
2649.32
2641.66
2633.37
2624.41
2614.73
2604.25
2592.95
2580.77
2567.65
2553.56
2538.47
2522.27
2504.79
2485.92
2465.59
2443.7
2420.09
2394.56
2366.89
2336.89
2304.41
2269.31
2231.53
2191.25
2148.99
2105.26
2060.55
2015.47
1970.57
1925.3
1881.48
1839
1797.08
1755.71
1715.26
1675.8
1637.32
1599.85
1563.5
1528.45
1494.95
1463.16
1433.23
1405.37
1379.61
1356.2
1335.11
1316.21
1299.05
1283.13
1268.6
1255.85
1244.6
1233.97
1223.63
1213.64
1204.34
1195.64
1187.72
1180.22
1173.02
1166.02
1159.39
1153.12
1147.19
1141.5
1136
1130.7
1125.63
1120.79
1116.19
1111.78
1107.55
1103.51
1099.67
1096.01
1092.52
1089.18
1085.99
1082.95
1080.07
1077.32
1074.69
1072.17
1069.73
1067.4
1065.14
1063.03
1060.96
1059.02
1057.17
1055.36
1053.61
1051.93
1050.3
1048.71
1046.39
3738.08
2959.39
2955.79
2968.64
2972.67
2961.8
2931.74
2896.92
2868.78
2850.46
2839.17
2831.26
2820.48
2803.88
2782.65
2758.61
2734.69
2713.84
2697.76
2686.24
2677.55
2670.14
2663.22
2656.39
2649.27
2641.61
2633.32
2624.35
2614.65
2604.16
2592.84
2580.64
2567.5
2553.38
2538.25
2522.01
2504.49
2485.58
2465.19
2443.25
2419.57
2393.97
2366.25
2336.23
2303.76
2268.72
2231.15
2191.37
2149.61
2106.33
2062.12
2017.96
1974.21
1930.5
1887.45
1844.75
1802.73
1761.66
1721.45
1682.07
1643.56
1606.03
1569.61
1534.47
1500.82
1468.81
1438.63
1410.28
1384.06
1359.85
1337.5
1317.75
1300.24
1284.73
1270.83
1257.88
1245.58
1233.95
1223.31
1213.68
1204.89
1196.48
1188.51
1180.76
1173.26
1166.12
1159.47
1153.21
1147.25
1141.54
1136.1
1130.91
1125.93
1121.16
1116.56
1112.14
1107.87
1103.76
1099.83
1096.06
1092.43
1088.96
1085.66
1082.52
1079.54
1076.7
1073.99
1071.38
1068.83
1066.39
1064.02
1061.82
1059.65
1057.62
1055.71
1053.91
1052.19
1050.58
1048.97
1047.41
1045.14
3735.87
2959.05
2955.02
2967.96
2972.44
2962.07
2932.42
2897.43
2868.79
2849.99
2838.37
2830.23
2819.35
2802.68
2781.4
2757.38
2733.6
2713
2697.21
2685.92
2677.38
2670.05
2663.16
2656.34
2649.23
2641.57
2633.27
2624.29
2614.57
2604.07
2592.75
2580.53
2567.36
2553.22
2538.06
2521.79
2504.23
2485.28
2464.85
2442.85
2419.13
2393.49
2365.74
2335.71
2303.28
2268.4
2231.19
2191.75
2150.46
2107.8
2064.52
2021.21
1977.92
1935.39
1892.87
1850.87
1809.71
1769.35
1729.64
1690.5
1651.96
1614.14
1577.28
1541.62
1507.39
1474.76
1443.89
1414.91
1388.09
1363.5
1341.29
1321.18
1303.41
1287.54
1272.59
1258.6
1245.88
1234.71
1224.67
1214.97
1205.57
1196.57
1188.14
1180.13
1172.67
1165.69
1159.14
1152.82
1146.66
1140.73
1135.13
1129.86
1124.85
1120.07
1115.53
1111.19
1107.03
1103.05
1099.23
1095.57
1092.06
1088.72
1085.54
1082.5
1079.59
1076.81
1074.14
1071.56
1069.03
1066.62
1064.26
1062.07
1059.89
1057.88
1056.01
1054.24
1052.53
1050.92
1049.3
1047.72
1045.37
3733.5
2958.75
2954.27
2967.28
2972.18
2962.33
2933.13
2898
2868.85
2849.55
2837.6
2829.17
2818.16
2801.42
2780.11
2756.14
2732.51
2712.16
2696.67
2685.62
2677.22
2669.96
2663.11
2656.29
2649.19
2641.53
2633.23
2624.24
2614.51
2604
2592.66
2580.43
2567.24
2553.08
2537.9
2521.6
2504.01
2485.02
2464.55
2442.52
2418.76
2393.1
2365.34
2335.34
2302.99
2268.33
2231.4
2192.36
2151.67
2109.87
2067.57
2024.99
1982.36
1939.97
1898.02
1857.23
1816.96
1776.99
1737.55
1698.73
1660.55
1623.05
1586.32
1550.59
1516.12
1483.14
1451.74
1422.19
1394.42
1368.85
1346.17
1325.58
1306.64
1289.23
1273.71
1260.13
1247.92
1236.37
1225.29
1214.8
1205.22
1196.51
1188.51
1180.83
1173.53
1166.5
1159.78
1153.3
1147.05
1141.07
1135.46
1130.13
1125.01
1120.1
1115.42
1110.95
1106.65
1102.53
1098.56
1094.75
1091.11
1087.66
1084.39
1081.29
1078.34
1075.53
1072.84
1070.26
1067.77
1065.42
1063.15
1061.03
1058.92
1056.98
1055.13
1053.33
1051.56
1049.9
1048.24
1046.65
1044.29
3730.99
2958.48
2953.53
2966.6
2971.9
2962.58
2933.88
2898.62
2868.99
2849.18
2836.85
2828.1
2816.93
2800.11
2778.78
2754.87
2731.41
2711.33
2696.13
2685.32
2677.06
2669.88
2663.06
2656.25
2649.15
2641.5
2633.19
2624.2
2614.46
2603.94
2592.59
2580.34
2567.14
2552.96
2537.76
2521.44
2503.83
2484.81
2464.32
2442.26
2418.48
2392.81
2365.05
2335.08
2302.91
2268.47
2231.83
2193.3
2153.24
2112.17
2070.51
2028.65
1986.9
1945.29
1904.05
1863.48
1823.23
1783.39
1744.1
1705.4
1667.35
1630.02
1593.51
1557.96
1523.56
1490.5
1458.94
1429
1400.94
1374.83
1350.74
1329.08
1309.64
1292.34
1276.86
1262.64
1249.24
1236.75
1225.52
1215.62
1206.55
1197.73
1189.18
1180.94
1173.21
1165.88
1158.95
1152.32
1146.06
1140.21
1134.78
1129.6
1124.58
1119.78
1115.23
1110.9
1106.72
1102.7
1098.79
1095.01
1091.4
1087.96
1084.67
1081.54
1078.54
1075.69
1072.95
1070.33
1067.82
1065.46
1063.16
1061.01
1058.89
1056.92
1055.05
1053.24
1051.46
1049.81
1048.16
1046.64
1044.4
3728.3
2958.24
2952.83
2965.91
2971.59
2962.82
2934.66
2899.3
2869.19
2848.86
2836.12
2827
2815.65
2798.74
2777.41
2753.58
2730.31
2710.5
2695.6
2685.02
2676.91
2669.81
2663.01
2656.22
2649.12
2641.48
2633.16
2624.16
2614.42
2603.89
2592.54
2580.27
2567.05
2552.86
2537.65
2521.31
2503.68
2484.65
2464.14
2442.07
2418.29
2392.6
2364.88
2335.06
2303.03
2268.81
2232.56
2194.51
2155.03
2114.54
2073.48
2032.27
1991.3
1950.96
1910.45
1869.86
1830.03
1790.83
1752.03
1713.57
1675.48
1637.87
1600.95
1564.96
1530.13
1496.64
1464.66
1434.19
1405.65
1379.25
1354.66
1332.27
1312.84
1295.16
1278.75
1263.62
1250.03
1238.22
1227.4
1216.98
1206.97
1197.49
1188.72
1180.65
1173.2
1166.07
1159.19
1152.55
1146.26
1140.34
1134.72
1129.31
1124.07
1119.07
1114.34
1109.86
1105.58
1101.5
1097.57
1093.83
1090.28
1086.91
1083.7
1080.65
1077.74
1074.98
1072.35
1069.86
1067.49
1065.23
1063.02
1060.95
1058.88
1056.92
1055.04
1053.22
1051.43
1049.74
1048.05
1046.48
1044.19
3725.46
2958.04
2952.14
2965.23
2971.25
2963.05
2935.47
2900.05
2869.47
2848.58
2835.4
2825.85
2814.29
2797.3
2775.99
2752.27
2729.21
2709.68
2695.08
2684.73
2676.76
2669.74
2662.97
2656.19
2649.1
2641.46
2633.14
2624.13
2614.38
2603.86
2592.49
2580.22
2566.99
2552.79
2537.57
2521.22
2503.59
2484.55
2464.03
2441.94
2418.15
2392.52
2364.9
2335.17
2303.31
2269.38
2233.51
2195.95
2157.04
2117.23
2076.89
2036.42
1996.19
1956.3
1916.53
1877.17
1838.2
1799.43
1760.94
1722.79
1685.01
1647.62
1610.72
1574.52
1539.3
1505.3
1472.65
1441.59
1412.11
1384.58
1359.7
1337.14
1316.04
1297.29
1280.67
1265.91
1252.61
1240.11
1228.13
1217.04
1207.09
1198.18
1189.81
1181.72
1173.97
1166.5
1159.41
1152.68
1146.42
1140.52
1134.92
1129.53
1124.37
1119.43
1114.71
1110.19
1105.85
1101.67
1097.66
1093.84
1090.19
1086.7
1083.38
1080.23
1077.22
1074.34
1071.6
1069.01
1066.55
1064.22
1061.95
1059.81
1057.7
1055.7
1053.8
1051.99
1050.22
1048.56
1046.86
1045.28
1043.04
3722.42
2957.88
2951.48
2964.55
2970.88
2963.26
2936.33
2900.86
2869.79
2848.3
2834.63
2824.62
2812.85
2795.8
2774.54
2750.94
2728.11
2708.88
2694.57
2684.44
2676.62
2669.67
2662.94
2656.17
2649.08
2641.44
2633.13
2624.11
2614.36
2603.84
2592.47
2580.19
2566.95
2552.74
2537.51
2521.16
2503.51
2484.46
2463.96
2441.9
2418.16
2392.57
2365.02
2335.42
2303.78
2270.15
2234.67
2197.6
2159.34
2120.25
2080.71
2041.1
2001.42
1961.86
1922.56
1883.63
1844.97
1806.46
1768.18
1730.26
1692.74
1655.68
1619.14
1583.26
1548.23
1514.25
1481.48
1450.11
1420.28
1392.23
1366.4
1342.84
1321.43
1302.17
1284.82
1269.02
1254.33
1240.8
1228.92
1218.53
1208.76
1199.26
1190.11
1181.51
1173.53
1166.04
1158.93
1152.13
1145.75
1139.69
1133.89
1128.34
1123.13
1118.23
1113.6
1109.19
1104.99
1101
1097.18
1093.53
1090.01
1086.62
1083.39
1080.33
1077.36
1074.49
1071.73
1069.11
1066.61
1064.22
1061.89
1059.68
1057.5
1055.44
1053.5
1051.66
1049.85
1048.17
1046.43
1044.8
1042.41
3719.21
2957.75
2950.84
2963.87
2970.48
2963.46
2937.22
2901.73
2870.16
2848.01
2833.8
2823.29
2811.32
2794.23
2773.04
2749.59
2727
2708.08
2694.07
2684.16
2676.48
2669.61
2662.91
2656.15
2649.07
2641.44
2633.12
2624.1
2614.35
2603.82
2592.45
2580.16
2566.92
2552.71
2537.48
2521.13
2503.5
2484.47
2463.98
2441.94
2418.24
2392.71
2365.26
2335.83
2304.42
2271.11
2236.04
2199.52
2161.87
2123.42
2084.59
2045.66
2006.62
1967.79
1929.1
1890.28
1851.9
1813.82
1775.91
1738.18
1700.66
1663.43
1626.65
1590.53
1555.31
1521.17
1488.27
1456.57
1426.44
1398.11
1371.4
1346.73
1325.01
1305.28
1287.08
1270.43
1255.59
1242.85
1231.13
1219.83
1209.05
1199.05
1190.14
1182.08
1174.41
1166.86
1159.51
1152.53
1146.09
1139.99
1134.12
1128.48
1123.17
1118.12
1113.3
1108.67
1104.29
1100.12
1096.15
1092.34
1088.68
1085.18
1081.87
1078.73
1075.7
1072.77
1069.97
1067.31
1064.76
1062.33
1059.96
1057.71
1055.49
1053.39
1051.42
1049.55
1047.7
1046
1044.24
1042.59
1040.23
3715.79
2957.66
2950.24
2963.18
2970.04
2963.64
2938.14
2902.64
2870.53
2847.67
2832.88
2821.86
2809.7
2792.6
2771.49
2748.22
2725.89
2707.28
2693.58
2683.89
2676.35
2669.56
2662.89
2656.14
2649.07
2641.44
2633.12
2624.1
2614.35
2603.83
2592.45
2580.16
2566.92
2552.71
2537.49
2521.14
2503.52
2484.51
2464.04
2442.04
2418.39
2392.96
2365.63
2336.37
2305.22
2272.24
2237.63
2201.64
2164.55
2126.72
2088.59
2050.23
2011.9
1973.76
1936.04
1898.1
1860.36
1822.77
1785.28
1747.89
1710.63
1673.53
1636.69
1600.28
1564.55
1529.77
1496.14
1463.81
1432.91
1403.77
1376.79
1352.05
1329.06
1308.18
1289.6
1273.29
1258.79
1245.2
1232.14
1220.23
1209.8
1200.47
1191.67
1182.97
1174.52
1166.35
1158.71
1151.66
1145.33
1139.36
1133.63
1128.11
1122.88
1117.88
1113.11
1108.55
1104.2
1100.02
1095.99
1092.09
1088.31
1084.72
1081.3
1078.02
1074.84
1071.78
1068.88
1066.12
1063.49
1061
1058.55
1056.25
1053.98
1051.89
1049.92
1048.08
1046.26
1044.58
1042.84
1041.24
1038.89
3712.19
2957.6
2949.67
2962.5
2969.55
2963.79
2939.11
2903.61
2870.93
2847.32
2831.91
2820.34
2808
2790.91
2769.9
2746.81
2724.77
2706.5
2693.09
2683.62
2676.22
2669.51
2662.88
2656.14
2649.07
2641.44
2633.13
2624.11
2614.36
2603.84
2592.47
2580.18
2566.94
2552.74
2537.52
2521.19
2503.59
2484.6
2464.17
2442.22
2418.64
2393.31
2366.12
2337.07
2306.18
2273.57
2239.4
2203.91
2167.4
2130.31
2092.88
2055.16
2017.43
1979.78
1942.66
1905.33
1867.97
1830.69
1793.47
1756.36
1719.43
1682.7
1646.25
1610.17
1574.67
1539.95
1506.17
1473.53
1442.13
1412.26
1384.68
1359.38
1335.9
1314.25
1294.86
1277.35
1261.19
1246.39
1233.52
1222.27
1211.64
1201.4
1191.77
1182.66
1174.33
1166.36
1159.04
1152.29
1145.99
1139.79
1133.74
1127.93
1122.42
1117.11
1112.07
1107.29
1102.8
1098.53
1094.43
1090.47
1086.7
1083.15
1079.76
1076.47
1073.29
1070.26
1067.37
1064.63
1062.01
1059.52
1057.1
1054.83
1052.59
1050.5
1048.52
1046.64
1044.76
1043.01
1041.2
1039.49
1037.03
3708.35
2957.58
2949.13
2961.82
2969.02
2963.92
2940.12
2904.63
2871.37
2846.96
2830.91
2818.77
2806.24
2789.16
2768.26
2745.38
2723.65
2705.71
2692.6
2683.35
2676.09
2669.48
2662.89
2656.15
2649.08
2641.46
2633.14
2624.12
2614.38
2603.87
2592.5
2580.22
2566.99
2552.79
2537.59
2521.27
2503.69
2484.74
2464.35
2442.47
2418.98
2393.76
2366.74
2337.9
2307.3
2275.06
2241.33
2206.35
2170.52
2134.16
2097.32
2060.23
2023.12
1986.02
1949.17
1911.98
1874.92
1838.05
1801.14
1764.21
1727.36
1690.65
1654.18
1618.12
1582.67
1548.02
1514.31
1481.58
1450.05
1419.99
1391.45
1364.87
1340.88
1319.2
1298.82
1279.88
1263.05
1248.78
1235.93
1223.56
1212.09
1201.73
1192.55
1183.7
1175.14
1166.89
1159.6
1152.84
1146.33
1139.95
1133.87
1128.1
1122.64
1117.4
1112.35
1107.5
1102.89
1098.48
1094.23
1090.16
1086.3
1082.65
1079.13
1075.71
1072.44
1069.34
1066.4
1063.6
1060.92
1058.37
1055.93
1053.68
1051.49
1049.46
1047.55
1045.73
1043.92
1042.27
1040.52
1038.96
1036.66
3704.31
2957.58
2948.61
2961.14
2968.46
2964.04
2941.17
2905.72
2871.88
2846.68
2829.95
2817.19
2804.45
2787.35
2766.56
2743.9
2722.51
2704.93
2692.12
2683.08
2675.97
2669.45
2662.9
2656.16
2649.1
2641.48
2633.17
2624.15
2614.42
2603.91
2592.55
2580.27
2567.06
2552.87
2537.69
2521.39
2503.84
2484.93
2464.6
2442.79
2419.4
2394.32
2367.47
2338.87
2308.57
2276.7
2243.42
2209.03
2173.86
2138.03
2101.73
2065.39
2029.06
1992.58
1956.31
1919.96
1883.51
1847.12
1810.65
1774.07
1737.43
1700.77
1664.16
1627.76
1591.81
1556.57
1522.25
1488.95
1456.86
1426.28
1397.32
1370.29
1345.43
1322.81
1301.89
1283.38
1267.06
1251.81
1237.32
1224.63
1213.77
1203.6
1193.62
1183.82
1174.79
1166.78
1159.76
1152.82
1145.83
1139.05
1132.77
1126.88
1121.36
1116.13
1111.19
1106.5
1102
1097.68
1093.54
1089.6
1085.85
1082.27
1078.81
1075.49
1072.33
1069.33
1066.46
1063.68
1060.99
1058.44
1056.03
1053.82
1051.64
1049.58
1047.6
1045.68
1043.75
1041.98
1040.09
1038.4
1036
3700.03
2957.61
2948.11
2960.47
2967.89
2964.17
2942.26
2906.87
2872.46
2846.49
2829.05
2815.62
2802.62
2785.48
2764.8
2742.39
2721.36
2704.15
2691.65
2682.82
2675.86
2669.43
2662.92
2656.19
2649.12
2641.51
2633.2
2624.19
2614.46
2603.96
2592.61
2580.35
2567.15
2552.98
2537.82
2521.54
2504.03
2485.17
2464.91
2443.19
2419.91
2394.97
2368.31
2339.95
2309.98
2278.5
2245.72
2211.91
2177.27
2141.96
2106.45
2070.93
2035.14
1999.27
1963.53
1928.05
1892.01
1855.9
1819.71
1783.46
1747.19
1710.93
1674.7
1638.61
1602.83
1567.58
1533.02
1499.33
1466.63
1435.16
1405.76
1378.62
1353.01
1328.78
1307.52
1288.49
1270.65
1254.07
1239.8
1227.42
1215.58
1204.18
1193.57
1184.2
1176.13
1168.39
1160.84
1153.35
1146.08
1139.18
1132.94
1127.11
1121.51
1116.12
1110.97
1106.08
1101.39
1096.91
1092.65
1088.62
1084.77
1081.05
1077.46
1074.07
1070.89
1067.9
1065.02
1062.22
1059.51
1056.96
1054.54
1052.29
1050.04
1047.92
1045.9
1044.03
1042.17
1040.51
1038.7
1037.07
1034.8
3695.53
2957.65
2947.61
2959.79
2967.33
2964.31
2943.37
2908.07
2873.16
2846.41
2828.22
2814.07
2800.76
2783.55
2762.97
2740.85
2720.21
2703.39
2691.19
2682.57
2675.76
2669.43
2662.95
2656.23
2649.16
2641.54
2633.24
2624.24
2614.52
2604.03
2592.69
2580.44
2567.26
2553.13
2537.98
2521.74
2504.27
2485.46
2465.28
2443.66
2420.51
2395.72
2369.27
2341.18
2311.53
2280.46
2248.19
2214.9
2180.77
2146.22
2111.54
2076.46
2041
2005.61
1970.19
1934.97
1899.21
1863.37
1827.5
1791.51
1755.43
1719.34
1683.29
1647.41
1611.88
1576.86
1542.5
1508.89
1476.18
1444.61
1414.48
1386.21
1360.22
1336.11
1313.5
1292.33
1273.41
1257.52
1242.97
1229.1
1216.26
1205.14
1195.33
1186.04
1177.13
1168.46
1160.19
1152.27
1145.03
1138.46
1132.54
1126.89
1121.33
1115.97
1110.85
1106
1101.4
1097.03
1092.88
1088.93
1085.08
1081.33
1077.69
1074.25
1071
1067.91
1064.91
1062
1059.23
1056.64
1054.17
1051.85
1049.58
1047.48
1045.54
1043.73
1041.88
1040.19
1038.32
1036.64
1034.24
3690.75
2957.7
2947.12
2959.13
2966.81
2964.46
2944.47
2909.31
2873.94
2846.4
2827.44
2812.5
2798.85
2781.55
2761.09
2739.27
2719.06
2702.64
2690.74
2682.32
2675.66
2669.42
2662.99
2656.27
2649.2
2641.59
2633.29
2624.3
2614.59
2604.11
2592.79
2580.56
2567.41
2553.3
2538.19
2521.98
2504.56
2485.81
2465.71
2444.2
2421.18
2396.57
2370.34
2342.51
2313.22
2282.58
2250.79
2218.01
2184.56
2150.77
2116.5
2081.71
2046.98
2012.32
1977.49
1942.83
1907.75
1872.42
1837.01
1801.34
1765.43
1729.33
1693.12
1656.94
1621.02
1585.57
1550.8
1516.8
1483.71
1451.85
1421.27
1392.24
1365.57
1341.48
1318.13
1296.6
1277.99
1261
1244.86
1230.73
1218.57
1207.39
1196.62
1186.51
1177.27
1168.69
1160.47
1152.65
1145.66
1139.21
1133.04
1126.97
1121.06
1115.39
1109.97
1104.82
1100.03
1095.59
1091.49
1087.6
1083.82
1080.15
1076.6
1073.23
1070.01
1066.91
1063.92
1061.02
1058.24
1055.58
1053.01
1050.6
1048.26
1046.07
1043.98
1042.01
1040.01
1038.24
1036.31
1034.6
1032.22
3685.75
2957.78
2946.65
2958.48
2966.31
2964.62
2945.55
2910.59
2874.81
2846.45
2826.65
2810.85
2796.84
2779.46
2759.13
2737.66
2717.91
2701.91
2690.32
2682.09
2675.57
2669.43
2663.04
2656.33
2649.26
2641.65
2633.36
2624.37
2614.68
2604.22
2592.9
2580.7
2567.58
2553.5
2538.43
2522.27
2504.89
2486.22
2466.21
2444.82
2421.94
2397.52
2371.51
2343.99
2315.05
2284.85
2253.53
2221.34
2188.56
2155.22
2121.29
2087.37
2053.69
2019.68
1985.45
1951.33
1916.85
1881.86
1846.77
1811.46
1775.96
1740.26
1704.41
1668.49
1632.66
1597.11
1562.03
1527.56
1493.87
1461.13
1430.02
1400.93
1373.16
1347.01
1323.75
1302.94
1282.9
1264.11
1248.11
1234.11
1220.87
1208.52
1197.45
1187.71
1178.62
1169.54
1160.93
1153.16
1146.36
1139.81
1133.39
1127.17
1121.31
1115.71
1110.29
1105.03
1100.08
1095.46
1091.14
1087.01
1083.05
1079.26
1075.6
1072.09
1068.72
1065.49
1062.42
1059.5
1056.69
1054
1051.41
1049.01
1046.67
1044.47
1042.41
1040.51
1038.61
1036.92
1035.05
1033.39
1030.99
3680.44
2957.87
2946.21
2957.83
2965.84
2964.77
2946.6
2911.9
2875.74
2846.54
2825.81
2809.1
2794.72
2777.27
2757.1
2736.02
2716.77
2701.21
2689.91
2681.87
2675.48
2669.44
2663.1
2656.4
2649.32
2641.71
2633.43
2624.46
2614.78
2604.33
2593.04
2580.87
2567.78
2553.74
2538.71
2522.59
2505.28
2486.68
2466.78
2445.5
2422.79
2398.56
2372.8
2345.58
2317.02
2287.25
2256.45
2224.85
2192.57
2159.66
2126.56
2093.63
2060.33
2026.5
1992.64
1958.68
1924.53
1889.85
1854.99
1819.95
1784.71
1749.28
1713.74
1678.16
1642.69
1607.5
1572.71
1538.4
1504.74
1471.94
1440.36
1410.45
1382.41
1355.8
1331.32
1308.58
1287.65
1269.3
1252.44
1236.7
1222.59
1210.69
1199.73
1189.07
1178.91
1169.32
1161.12
1153.77
1146.82
1139.74
1132.8
1126.2
1120.1
1114.38
1109.04
1103.99
1099.19
1094.58
1090.16
1085.97
1082.05
1078.33
1074.71
1071.21
1067.86
1064.68
1061.64
1058.7
1055.86
1053.13
1050.5
1048.01
1045.54
1043.17
1040.96
1038.93
1036.87
1035.03
1033.03
1031.22
1028.69
3674.88
2958
2945.81
2957.2
2965.37
2964.89
2947.61
2913.26
2876.75
2846.65
2824.9
2807.2
2792.46
2774.95
2754.98
2734.34
2715.64
2700.53
2689.53
2681.66
2675.4
2669.45
2663.16
2656.48
2649.4
2641.79
2633.52
2624.56
2614.9
2604.46
2593.19
2581.06
2568
2554.01
2539.02
2522.97
2505.72
2487.21
2467.41
2446.28
2423.73
2399.71
2374.21
2347.31
2319.12
2289.8
2259.52
2228.43
2196.64
2164.45
2132.22
2099.6
2066.33
2033.04
1999.81
1966.35
1932.88
1898.78
1864.31
1829.63
1794.58
1759.19
1723.54
1687.76
1652.05
1616.61
1581.61
1547.11
1513.21
1480.27
1448.35
1417.6
1389.13
1363.09
1337.67
1313.62
1292.88
1273.41
1255.28
1239.39
1225.96
1213.21
1200.82
1189.38
1179.57
1171.06
1163.24
1155.36
1147.56
1139.98
1132.98
1126.35
1120.19
1114.36
1108.91
1103.77
1098.81
1093.96
1089.3
1084.94
1080.89
1077.03
1073.27
1069.63
1066.19
1062.93
1059.8
1056.76
1053.85
1051.1
1048.45
1045.92
1043.44
1041.11
1038.97
1037.01
1035.03
1033.25
1031.31
1029.63
1027.25
3668.98
2958.16
2945.46
2956.57
2964.92
2964.98
2948.59
2914.69
2877.83
2846.78
2823.9
2805.12
2790.02
2772.5
2752.78
2732.63
2714.52
2699.89
2689.17
2681.46
2675.31
2669.46
2663.23
2656.57
2649.49
2641.88
2633.61
2624.67
2615.02
2604.61
2593.37
2581.27
2568.26
2554.31
2539.38
2523.38
2506.2
2487.79
2468.11
2447.12
2424.75
2400.95
2375.73
2349.15
2321.35
2292.49
2262.7
2232.12
2200.96
2169.51
2137.65
2105.2
2072.74
2040.6
2008.1
1975.19
1942.34
1908.72
1874.62
1840.33
1805.68
1770.66
1735.31
1699.72
1664.04
1628.45
1593.1
1558.14
1523.73
1490.02
1457.53
1426.71
1397.04
1369.14
1343.56
1320.08
1297.68
1277.33
1259.59
1243.92
1228.96
1214.79
1202.33
1191.59
1181.96
1172.74
1163.9
1155.09
1146.67
1138.85
1132.06
1125.81
1119.88
1114.19
1108.88
1103.85
1098.9
1094.07
1089.42
1085.05
1080.96
1077.02
1073.18
1069.53
1066.04
1062.69
1059.42
1056.27
1053.33
1050.59
1047.94
1045.42
1042.94
1040.54
1038.24
1036.1
1033.97
1032.04
1030
1028.15
1025.53
3662.8
2958.34
2945.17
2955.97
2964.46
2965.01
2949.54
2916.19
2879.02
2846.95
2822.83
2802.89
2787.39
2769.88
2750.47
2730.89
2713.4
2699.26
2688.83
2681.27
2675.23
2669.48
2663.32
2656.67
2649.59
2641.99
2633.73
2624.8
2615.17
2604.78
2593.57
2581.51
2568.54
2554.65
2539.77
2523.84
2506.75
2488.43
2468.88
2448.05
2425.87
2402.3
2377.36
2351.12
2323.72
2295.31
2266.01
2235.99
2205.46
2174.47
2142.95
2111.33
2080.04
2048.39
2016.01
1983.4
1950.64
1917.28
1883.46
1849.4
1815.05
1780.39
1745.43
1710.27
1675.02
1639.84
1604.83
1570.08
1535.72
1501.94
1469.12
1437.77
1407.83
1378.96
1352.52
1327.94
1305
1284.22
1265.21
1247.45
1231.35
1217.68
1205.31
1193.68
1183.04
1173.04
1163.77
1154.96
1147
1139.68
1132.97
1126.43
1120.12
1114.16
1108.61
1103.24
1097.98
1092.92
1088.17
1083.72
1079.51
1075.48
1071.69
1068.16
1064.71
1061.31
1057.97
1054.8
1051.87
1049.11
1046.4
1043.81
1041.28
1038.89
1036.72
1034.76
1032.79
1031
1029.04
1027.31
1024.78
3656.25
2958.55
2944.93
2955.4
2963.98
2964.99
2950.48
2917.77
2880.33
2847.2
2821.71
2800.49
2784.57
2767.1
2748.06
2729.09
2712.28
2698.66
2688.5
2681.08
2675.15
2669.5
2663.41
2656.79
2649.71
2642.11
2633.86
2624.94
2615.33
2604.96
2593.79
2581.77
2568.86
2555.02
2540.21
2524.35
2507.34
2489.14
2469.72
2449.06
2427.08
2403.76
2379.11
2353.21
2326.22
2298.25
2269.46
2240
2209.99
2179.45
2148.67
2118
2087.01
2055.18
2023.1
1991.01
1958.63
1925.98
1892.68
1858.92
1824.83
1790.27
1755.31
1720.07
1684.73
1649.48
1614.43
1579.64
1545.17
1511.36
1478.35
1446.19
1415.96
1387.88
1360.47
1334.54
1310.99
1289.2
1268.92
1250.79
1235.17
1220.53
1206.98
1194.87
1184.18
1174.29
1165.16
1156.47
1148.4
1140.64
1133.36
1126.52
1120.3
1114.5
1108.97
1103.59
1098.26
1093.14
1088.31
1083.72
1079.33
1075.2
1071.41
1067.85
1064.34
1060.86
1057.55
1054.46
1051.59
1048.81
1046.1
1043.6
1041.23
1038.99
1036.86
1034.8
1032.62
1030.63
1028.46
1026.52
1023.8
3649.39
2958.77
2944.75
2954.88
2963.49
2964.89
2951.39
2919.42
2881.78
2847.56
2820.59
2798.01
2781.62
2764.17
2745.53
2727.24
2711.15
2698.07
2688.2
2680.9
2675.07
2669.52
2663.51
2656.92
2649.84
2642.24
2634
2625.1
2615.51
2605.17
2594.04
2582.07
2569.2
2555.42
2540.68
2524.9
2507.99
2489.9
2470.64
2450.15
2428.39
2405.32
2380.97
2355.43
2328.83
2301.33
2273.04
2244.1
2214.59
2184.69
2154.68
2124.38
2093.38
2062.17
2031.22
1999.94
1968.12
1936.25
1903.39
1870.01
1836.31
1802.1
1767.41
1732.31
1696.97
1661.55
1626.19
1591
1556.1
1521.66
1488.11
1455.83
1424.62
1394.94
1367.01
1340.97
1316.73
1294.4
1274.27
1256.33
1239.23
1223.45
1210.01
1198.05
1186.86
1176.31
1166.5
1157.27
1148.65
1140.45
1132.96
1126.05
1119.77
1113.79
1107.91
1102.27
1096.99
1092.11
1087.45
1082.94
1078.58
1074.51
1070.74
1067.16
1063.62
1060.19
1056.93
1053.86
1050.89
1047.98
1045.19
1042.61
1040.08
1037.6
1035.21
1032.99
1030.77
1028.84
1026.74
1024.9
1022.33
3642.12
2959.01
2944.62
2954.4
2962.98
2964.72
2952.27
2921.13
2883.35
2848.05
2819.53
2795.52
2778.58
2761.12
2742.9
2725.33
2710.02
2697.52
2687.94
2680.75
2675
2669.55
2663.62
2657.07
2649.99
2642.39
2634.16
2625.28
2615.71
2605.4
2594.31
2582.39
2569.58
2555.86
2541.19
2525.49
2508.69
2490.74
2471.63
2451.33
2429.79
2406.98
2382.94
2357.75
2331.57
2304.52
2276.73
2248.3
2219.37
2190.13
2160.57
2130.5
2100.23
2070.25
2040.01
2008.87
1977.3
1945.49
1912.85
1879.76
1846.36
1812.54
1778.28
1743.65
1708.78
1673.8
1638.8
1603.83
1569.02
1534.54
1500.71
1468.15
1436.68
1405.87
1377.3
1350.66
1325.73
1302.59
1281.17
1261.1
1242.96
1227.83
1213.53
1200.26
1187.95
1176.95
1166.98
1157.92
1149.64
1141.57
1133.98
1126.91
1120.47
1114.24
1108.02
1102.11
1096.74
1091.78
1087.02
1082.39
1077.94
1073.78
1069.82
1065.99
1062.27
1058.78
1055.54
1052.48
1049.49
1046.57
1043.79
1041.19
1038.66
1036.25
1034.06
1032.03
1029.9
1027.92
1025.73
1023.76
1020.97
3634.51
2959.27
2944.56
2953.97
2962.45
2964.49
2953.09
2922.88
2885.06
2848.7
2818.59
2793.1
2775.5
2757.98
2740.17
2723.36
2708.88
2697
2687.72
2680.63
2674.94
2669.59
2663.75
2657.23
2650.15
2642.55
2634.34
2625.48
2615.94
2605.66
2594.61
2582.74
2569.99
2556.34
2541.75
2526.14
2509.45
2491.63
2472.69
2452.59
2431.28
2408.74
2385.02
2360.2
2334.43
2307.84
2280.54
2252.64
2224.28
2195.55
2166.41
2137.03
2107.76
2078.23
2047.73
2016.66
1985.49
1953.98
1921.96
1889.3
1856.13
1822.5
1788.34
1753.76
1718.92
1684
1649.1
1614.22
1579.42
1544.98
1511.11
1477.87
1446.15
1416.26
1386.97
1358.82
1332.47
1308.17
1285.73
1265.49
1247.85
1231.09
1215.5
1202.07
1190.08
1179.56
1169.59
1160.06
1150.91
1142.04
1133.89
1126.48
1119.83
1113.47
1107.41
1101.71
1096.48
1091.54
1086.8
1082.25
1077.88
1073.72
1069.67
1065.72
1061.96
1058.48
1055.21
1052.06
1048.91
1045.8
1042.79
1039.97
1037.31
1034.77
1032.4
1030.2
1027.93
1025.9
1023.72
1021.76
1019.03
3626.48
2959.56
2944.57
2953.59
2961.92
2964.2
2953.85
2924.67
2886.9
2849.51
2817.78
2790.78
2772.42
2754.76
2737.36
2721.34
2707.74
2696.52
2687.56
2680.56
2674.9
2669.63
2663.87
2657.4
2650.33
2642.73
2634.53
2625.69
2616.18
2605.94
2594.94
2583.12
2570.43
2556.85
2542.34
2526.83
2510.26
2492.6
2473.83
2453.93
2432.86
2410.61
2387.2
2362.75
2337.41
2311.27
2284.46
2257.1
2229.27
2201.03
2172.51
2143.92
2115.06
2085.41
2055.22
2025.17
1994.82
1963.93
1932.8
1900.6
1867.78
1834.52
1800.64
1766.21
1731.39
1696.35
1661.19
1626
1590.84
1555.88
1521.53
1488.11
1455.61
1424.44
1394.54
1366.28
1340.24
1315.37
1292.53
1272.41
1252.76
1234.94
1219.66
1206.29
1193.54
1181.86
1170.79
1160.51
1150.9
1142.19
1134.48
1127.22
1120.38
1113.63
1107.29
1101.4
1095.9
1090.62
1085.59
1080.84
1076.37
1072.1
1067.91
1063.89
1060.13
1056.66
1053.35
1050.11
1046.89
1043.78
1040.88
1038.22
1035.68
1033.22
1030.94
1028.84
1026.7
1024.75
1022.58
1020.63
1017.79
3618.07
2959.85
2944.62
2953.26
2961.38
2963.85
2954.55
2926.47
2888.84
2850.48
2817.1
2788.56
2769.32
2751.46
2734.46
2719.27
2706.61
2696.09
2687.45
2680.52
2674.88
2669.68
2664.01
2657.58
2650.53
2642.93
2634.75
2625.93
2616.45
2606.25
2595.3
2583.54
2570.91
2557.41
2542.99
2527.58
2511.14
2493.63
2475.05
2455.36
2434.54
2412.57
2389.5
2365.43
2340.49
2314.82
2288.5
2261.65
2234.34
2206.68
2178.8
2150.68
2121.99
2092.85
2063.87
2034.76
2004.71
1974.04
1943.07
1911.08
1878.58
1845.67
1812.21
1778.25
1743.89
1709.29
1674.52
1639.58
1604.56
1569.6
1535.04
1501.47
1468.79
1436.31
1405.8
1377.24
1350.04
1324.77
1301.04
1278.53
1257.95
1240.56
1224.18
1209.17
1195.26
1182.83
1171.43
1161.4
1152.48
1144.36
1136.53
1128.55
1120.94
1113.88
1107.63
1101.76
1096.24
1090.87
1085.76
1080.91
1076.37
1071.96
1067.67
1063.6
1059.81
1056.27
1052.86
1049.52
1046.3
1043.29
1040.41
1037.6
1034.77
1032.06
1029.53
1027.21
1024.82
1022.66
1020.37
1018.31
1015.44
3609.19
2960.16
2944.73
2952.96
2960.84
2963.48
2955.19
2928.29
2890.88
2851.58
2816.51
2786.41
2766.16
2748.08
2731.49
2717.16
2705.48
2695.71
2687.4
2680.51
2674.87
2669.73
2664.15
2657.78
2650.74
2643.16
2634.99
2626.19
2616.74
2606.59
2595.69
2583.98
2571.43
2558.01
2543.68
2528.38
2512.07
2494.73
2476.34
2456.87
2436.3
2414.63
2391.89
2368.2
2343.69
2318.47
2292.65
2266.31
2239.55
2212.47
2185.1
2157.34
2129.21
2101.08
2072.79
2043.49
2013.36
1982.95
1952.12
1920.63
1888.5
1855.8
1822.55
1788.75
1754.54
1720.1
1685.51
1650.74
1615.82
1581
1546.5
1512.44
1479.54
1448.18
1417.29
1386.82
1357.69
1331.11
1306.68
1284.03
1264.24
1244.97
1227.45
1212.24
1198.6
1186.16
1174.59
1164.26
1154.75
1145.84
1137.33
1128.78
1120.78
1113.65
1107.31
1101.14
1095.29
1089.72
1084.61
1079.8
1075.23
1070.77
1066.49
1062.44
1058.57
1054.84
1051.19
1047.65
1044.33
1041.24
1038.25
1035.4
1032.71
1030.19
1027.83
1025.62
1023.34
1021.28
1019.01
1017.02
1014.19
3599.91
2960.47
2944.87
2952.69
2960.32
2963.08
2955.76
2930.07
2892.97
2852.77
2816
2784.31
2762.93
2744.59
2728.43
2715.01
2704.35
2695.35
2687.39
2680.53
2674.88
2669.79
2664.29
2657.99
2650.98
2643.4
2635.25
2626.47
2617.06
2606.96
2596.12
2584.47
2571.99
2558.65
2544.42
2529.24
2513.07
2495.89
2477.7
2458.46
2438.16
2416.79
2394.39
2371.09
2347
2322.24
2296.9
2271.09
2244.87
2218.31
2191.42
2164.21
2136.85
2109.26
2080.83
2051.56
2022.22
1992.6
1962.43
1931.87
1900.23
1867.86
1834.94
1801.35
1767.22
1732.73
1697.98
1663.01
1627.82
1592.56
1557.65
1523.34
1489.79
1457.51
1426.01
1396.03
1368.03
1340.21
1314.67
1292.35
1270.26
1250.1
1232.91
1217.12
1202.25
1188.72
1176.37
1165.35
1155.24
1145.82
1137.17
1128.99
1121.71
1114.8
1108.27
1101.82
1095.66
1089.84
1084.57
1079.57
1074.77
1070.14
1065.81
1061.76
1057.87
1054.04
1050.28
1046.7
1043.41
1040.41
1037.61
1034.98
1032.35
1029.66
1026.98
1024.48
1021.97
1019.72
1017.27
1015.09
1012.11
3590.12
2960.79
2945.08
2952.46
2959.8
2962.69
2956.27
2931.82
2895.11
2854.06
2815.54
2782.22
2759.58
2740.98
2725.3
2712.8
2703.21
2695.02
2687.41
2680.59
2674.91
2669.84
2664.44
2658.22
2651.23
2643.66
2635.53
2626.78
2617.4
2607.35
2596.57
2584.99
2572.59
2559.34
2545.21
2530.15
2514.13
2497.13
2479.14
2460.14
2440.11
2419.04
2397
2374.08
2350.41
2326.11
2301.26
2275.97
2250.28
2224.24
2197.89
2171.3
2144.45
2117
2088.84
2060.67
2032.44
2003.3
1973.42
1943.15
1911.75
1879.71
1847.18
1814.02
1780.34
1746.28
1711.92
1677.24
1642.26
1607.07
1572.01
1537.64
1503.96
1470.2
1438.11
1407.73
1378.5
1351.16
1324.94
1299.93
1276.98
1257.13
1238.26
1220.77
1204.96
1191.15
1178.57
1167.14
1156.69
1147.11
1138.44
1130.09
1122.17
1114.56
1107.62
1101.06
1095.03
1089.36
1084.05
1078.95
1074.05
1069.4
1065.1
1061.07
1057.12
1053.18
1049.28
1045.59
1042.19
1039.06
1036.07
1033.16
1030.21
1027.34
1024.61
1022.21
1019.88
1017.83
1015.58
1013.64
1010.96
3579.9
2961.12
2945.33
2952.25
2959.3
2962.3
2956.69
2933.5
2897.25
2855.4
2815.16
2780.17
2756.13
2737.26
2722.08
2710.55
2702.05
2694.7
2687.48
2680.7
2674.94
2669.9
2664.59
2658.46
2651.51
2643.95
2635.83
2627.11
2617.77
2607.78
2597.06
2585.55
2573.23
2560.07
2546.05
2531.12
2515.26
2498.44
2480.66
2461.9
2442.15
2421.4
2399.71
2377.17
2353.93
2330.08
2305.73
2280.95
2255.78
2230.28
2204.48
2178.4
2151.89
2124.85
2097.64
2070.4
2042.16
2012.89
1983.14
1952.88
1921.89
1890.19
1857.88
1824.96
1791.51
1757.68
1723.56
1689.09
1654.29
1619.33
1584.4
1549.72
1515.93
1483.39
1451.22
1418.63
1387.22
1358.83
1332.14
1306.89
1284.73
1262.88
1242.85
1225.82
1210.37
1196.12
1182.82
1170.61
1159.46
1149.29
1140.19
1131.56
1123.47
1115.52
1108.25
1101.42
1095.1
1089.11
1083.5
1078.1
1072.97
1068.19
1063.81
1059.67
1055.59
1051.56
1047.72
1044.19
1040.94
1037.9
1034.93
1032.07
1029.27
1026.64
1024.13
1021.79
1019.35
1017.11
1014.7
1012.55
1009.49
3569.12
2961.44
2945.63
2952.08
2958.82
2961.92
2957.02
2935.11
2899.39
2856.82
2814.85
2778.16
2752.59
2733.44
2718.8
2708.25
2700.86
2694.38
2687.59
2680.85
2675.01
2669.97
2664.75
2658.71
2651.81
2644.27
2636.16
2627.47
2618.18
2608.24
2597.59
2586.15
2573.91
2560.86
2546.95
2532.16
2516.45
2499.82
2482.25
2463.75
2444.28
2423.85
2402.51
2380.37
2357.55
2334.16
2310.3
2286.04
2261.4
2236.43
2211.15
2185.51
2159.47
2133.15
2106.66
2079.34
2050.91
2022.19
1993.14
1963.52
1933.43
1902.27
1870.26
1837.66
1804.39
1770.62
1736.45
1701.91
1666.93
1631.62
1596.35
1561.41
1527.01
1493.78
1461.1
1429.76
1399.48
1368.9
1341.24
1316.6
1291.85
1269.1
1249.75
1231.49
1214.42
1198.93
1184.76
1171.89
1160.25
1149.65
1140.31
1131.44
1123.39
1115.75
1108.65
1101.83
1095.41
1089.34
1083.71
1078.35
1073.21
1068.37
1063.84
1059.5
1055.24
1051.15
1047.31
1043.72
1040.31
1037.01
1033.73
1030.61
1027.61
1024.78
1022.01
1019.46
1016.89
1014.54
1012.1
1009.91
1006.85
3557.86
2961.77
2946
2951.93
2958.34
2961.57
2957.25
2936.61
2901.5
2858.28
2814.62
2776.21
2748.98
2729.54
2715.46
2705.94
2699.64
2694.04
2687.72
2681.04
2675.1
2670.04
2664.92
2658.98
2652.13
2644.61
2636.51
2627.85
2618.61
2608.74
2598.15
2586.79
2574.65
2561.69
2547.91
2533.26
2517.72
2501.27
2483.93
2465.68
2446.5
2426.4
2405.42
2383.67
2361.27
2338.35
2314.98
2291.23
2267.11
2242.66
2217.86
2192.72
2167.26
2141.54
2115.2
2087.93
2060.45
2032.9
2004.48
1975.28
1945.58
1914.75
1883.11
1850.91
1818.06
1784.71
1750.93
1716.72
1682.01
1646.85
1611.54
1576.61
1542.13
1507.41
1474.04
1442.24
1411.38
1381.77
1353.12
1325.52
1299.94
1277.72
1256.35
1236.34
1218.79
1203.04
1188.6
1175.45
1163.52
1152.56
1142.8
1133.49
1124.97
1116.81
1109.27
1102.05
1095.22
1088.78
1082.91
1077.43
1072.22
1067.27
1062.52
1057.96
1053.59
1049.51
1045.73
1042.19
1038.78
1035.4
1032.03
1028.87
1025.83
1022.99
1020.32
1017.96
1015.59
1013.37
1010.97
1008.85
1005.8
3545.98
2962.1
2946.43
2951.82
2957.87
2961.22
2957.38
2938.02
2903.57
2859.76
2814.48
2774.33
2745.34
2725.57
2712.1
2703.62
2698.4
2693.67
2687.85
2681.26
2675.22
2670.12
2665.08
2659.26
2652.47
2644.97
2636.89
2628.27
2619.08
2609.27
2598.74
2587.47
2575.42
2562.58
2548.93
2534.42
2519.05
2502.8
2485.69
2467.7
2448.82
2429.04
2408.42
2387.06
2365.1
2342.64
2319.76
2296.52
2272.92
2248.98
2224.69
2200.06
2175.13
2149.75
2123.67
2097.28
2070.89
2043.53
2015.02
1985.88
1956.15
1925.65
1894.33
1862.35
1829.77
1796.69
1763.18
1729.21
1694.74
1659.87
1624.74
1589.66
1555.22
1521.73
1488.48
1454.34
1421.38
1391.41
1361.99
1334.11
1309.5
1285.16
1262.63
1243.28
1225.26
1208.53
1193.3
1179.51
1166.82
1154.98
1144.41
1134.64
1126.02
1117.86
1110.24
1102.95
1096.09
1089.67
1083.77
1078.19
1072.78
1067.57
1062.55
1057.8
1053.36
1049.29
1045.53
1041.94
1038.33
1034.7
1031.13
1027.9
1024.88
1022.11
1019.58
1017.28
1014.89
1012.63
1010.17
1007.91
1004.57
3533.58
2962.43
2946.92
2951.75
2957.4
2960.87
2957.41
2939.31
2905.54
2861.22
2814.39
2772.52
2741.74
2721.57
2708.7
2701.3
2697.15
2693.25
2687.96
2681.52
2675.38
2670.23
2665.25
2659.53
2652.82
2645.36
2637.31
2628.72
2619.59
2609.83
2599.38
2588.2
2576.25
2563.53
2550.01
2535.66
2520.46
2504.41
2487.54
2469.82
2451.23
2431.78
2411.52
2390.56
2369.03
2347.03
2324.65
2301.91
2278.82
2255.37
2231.59
2207.48
2182.99
2157.98
2132.59
2107.06
2080.69
2053.03
2024.89
1996.32
1967.17
1937.51
1906.77
1875.09
1842.82
1809.93
1776.51
1742.57
1708.02
1672.93
1637.56
1602.22
1567.2
1533.1
1499.45
1466.79
1434.5
1401.97
1372.41
1345.3
1317.88
1292.61
1270.91
1249.73
1229.89
1212.1
1195.95
1181.5
1168.32
1156.1
1145.19
1135.18
1126.38
1117.98
1110.05
1102.48
1095.56
1089.2
1083.33
1077.66
1072.03
1066.58
1061.36
1056.49
1051.99
1047.87
1043.96
1040.19
1036.44
1032.88
1029.57
1026.62
1023.83
1021.16
1018.47
1015.86
1013.16
1010.7
1008.05
1005.68
1002.38
3520.52
2962.75
2947.48
2951.74
2956.94
2960.51
2957.35
2940.48
2907.41
2862.67
2814.35
2770.79
2738.23
2717.59
2705.27
2698.97
2695.88
2692.78
2688.05
2681.8
2675.59
2670.35
2665.42
2659.81
2653.19
2645.77
2637.75
2629.2
2620.13
2610.43
2600.06
2588.96
2577.13
2564.53
2551.15
2536.96
2521.94
2506.1
2489.46
2472.01
2453.72
2434.61
2414.72
2394.16
2373.07
2351.53
2329.63
2307.39
2284.81
2261.87
2238.59
2214.95
2190.9
2166.45
2141.73
2116.38
2089.91
2063.05
2036.06
2008.25
1979.63
1950.42
1920.13
1888.84
1856.97
1824.49
1791.46
1757.89
1723.69
1688.82
1653.55
1618.32
1583.23
1547.82
1513.48
1480.58
1448.23
1416.46
1385.76
1355.67
1327.59
1302.82
1278.74
1256.26
1236.71
1218.75
1202.03
1186.91
1173.04
1160.16
1148.62
1138.08
1128.87
1120.13
1111.91
1104.09
1096.91
1090.13
1083.6
1077.35
1071.44
1065.86
1060.6
1055.76
1051.35
1047.27
1043.35
1039.52
1035.74
1032.09
1028.57
1025.38
1022.32
1019.33
1016.38
1013.8
1011.29
1009.06
1006.58
1004.41
1001.31
3506.91
2963.07
2948.09
2951.75
2956.47
2960.11
2957.2
2941.49
2909.11
2864.01
2814.33
2769.15
2734.89
2713.66
2701.82
2696.61
2694.56
2692.24
2688.11
2682.12
2675.85
2670.51
2665.59
2660.09
2653.57
2646.22
2638.23
2629.73
2620.71
2611.08
2600.78
2589.78
2578.06
2565.6
2552.36
2538.34
2523.5
2507.87
2491.48
2474.3
2456.32
2437.54
2418.02
2397.87
2377.21
2356.14
2334.72
2312.97
2290.88
2268.44
2245.65
2222.48
2198.94
2175.05
2150.68
2125.47
2099.81
2074.13
2047.49
2019.67
1991.1
1961.86
1931.88
1900.9
1869.26
1837.03
1804.29
1770.97
1737.05
1702.5
1667.46
1632.22
1597.36
1563.14
1528.94
1493.87
1459.78
1428.01
1396.15
1366.11
1338.98
1311.94
1286.74
1264.89
1243.7
1224.23
1206.94
1191.32
1176.56
1162.71
1150.33
1139.13
1129.36
1120.19
1111.89
1104.12
1096.93
1089.95
1083.04
1076.53
1070.64
1065.16
1059.93
1055.02
1050.44
1046.12
1041.86
1037.69
1033.64
1029.98
1026.78
1023.95
1021.13
1018.39
1015.73
1013.28
1010.7
1008.27
1005.55
1003.1
999.591
3492.6
2963.36
2948.73
2951.8
2956.01
2959.66
2956.98
2942.31
2910.61
2865.26
2814.32
2767.62
2731.78
2709.87
2698.41
2694.18
2693.14
2691.61
2688.13
2682.48
2676.19
2670.71
2665.76
2660.36
2653.97
2646.69
2638.74
2630.29
2621.33
2611.76
2601.54
2590.64
2579.04
2566.72
2553.64
2539.78
2525.13
2509.72
2493.58
2476.67
2458.99
2440.55
2421.41
2401.67
2381.45
2360.85
2339.9
2318.64
2297.05
2275.1
2252.79
2230.12
2207.08
2183.63
2159.57
2135
2110.3
2084.73
2057.76
2030.19
2002.11
1973.41
1944.15
1913.79
1882.46
1850.56
1818.04
1784.87
1750.98
1716.33
1681.15
1645.68
1610.3
1575.52
1541
1507.11
1473.42
1439.62
1408.18
1378.46
1348.52
1320.94
1296.72
1272.66
1249.91
1230.08
1211.51
1194.69
1179.49
1165.76
1153.58
1142.25
1131.91
1122.09
1113.25
1105.04
1097.39
1089.96
1082.87
1076.37
1070.54
1065.07
1059.78
1054.79
1050.14
1045.73
1041.42
1037.29
1033.47
1030.02
1026.75
1023.51
1020.12
1016.91
1013.74
1010.83
1007.96
1005.38
1002.61
1000.17
996.874
3477.68
2963.6
2949.37
2951.89
2955.58
2959.14
2956.68
2942.91
2911.85
2866.3
2814.26
2766.16
2728.93
2706.25
2695.09
2691.69
2691.58
2690.85
2688.09
2682.87
2676.6
2670.96
2665.95
2660.64
2654.38
2647.18
2639.29
2630.89
2621.99
2612.49
2602.36
2591.56
2580.09
2567.9
2554.98
2541.3
2526.84
2511.66
2495.76
2479.13
2461.77
2443.67
2424.91
2405.59
2385.81
2365.66
2345.19
2324.41
2303.29
2281.83
2260
2237.82
2215.26
2192.22
2168.69
2144.86
2120.37
2094.61
2068.34
2041.89
2014.63
1986.54
1957.73
1927.98
1897.05
1865.55
1833.43
1800.67
1767.17
1732.84
1697.87
1662.63
1627.19
1591.39
1556.44
1522.58
1488.9
1455.49
1423.05
1390.46
1360.06
1332.87
1305.84
1280.6
1258.73
1238.4
1219.34
1201.88
1185.84
1171.06
1157.62
1145.25
1134.09
1123.62
1114.28
1105.6
1097.66
1090.22
1083.49
1077.34
1071.57
1065.97
1060.49
1055.31
1050.44
1045.74
1041.03
1036.45
1032.12
1028.17
1024.39
1020.82
1017.37
1014.35
1011.46
1008.93
1006.39
1004.04
1001.42
999.125
995.814
3461.99
2963.75
2949.96
2952.03
2955.21
2958.6
2956.3
2943.18
2912.77
2867.14
2814.16
2764.81
2726.38
2702.86
2691.93
2689.16
2689.86
2689.97
2687.93
2683.27
2677.09
2671.27
2666.15
2660.91
2654.79
2647.7
2639.88
2631.54
2622.69
2613.26
2603.22
2592.53
2581.19
2569.15
2556.39
2542.88
2528.63
2513.67
2498.02
2481.68
2464.63
2446.88
2428.51
2409.6
2390.26
2370.57
2350.57
2330.26
2309.63
2288.65
2267.31
2245.6
2223.49
2200.94
2177.99
2154.52
2130.08
2105.09
2080.05
2054.05
2026.85
1998.83
1970.05
1940.6
1909.96
1878.67
1846.8
1814.33
1781.12
1747.13
1712.44
1677.3
1642.29
1607.59
1572.6
1536.82
1501.8
1468.23
1434.63
1403.22
1373.46
1343.57
1315.73
1291
1266.97
1244.47
1224.56
1206.48
1189.74
1174.3
1160.34
1147.69
1136.12
1125.19
1115.31
1106.11
1097.85
1090.27
1083.48
1077.13
1070.9
1064.87
1059.11
1053.76
1048.62
1043.63
1038.79
1034.39
1030.48
1026.96
1023.52
1020.18
1016.9
1013.89
1010.79
1007.91
1005.07
1002.46
999.606
997.022
993.47
3445.58
2963.78
2950.47
2952.18
2954.92
2958.1
2955.86
2943.15
2913.2
2867.65
2813.97
2763.56
2724.14
2699.73
2688.88
2686.55
2688.07
2689.01
2687.64
2683.69
2677.67
2671.64
2666.38
2661.19
2655.22
2648.25
2640.51
2632.22
2623.43
2614.08
2604.14
2593.57
2582.35
2570.46
2557.87
2544.54
2530.49
2515.76
2500.38
2484.33
2467.59
2450.2
2432.21
2413.72
2394.82
2375.58
2356.04
2336.2
2316.04
2295.53
2274.67
2253.44
2231.81
2209.77
2187.26
2164.04
2140.23
2116.27
2091.4
2065.09
2038.1
2010.52
1982.25
1953.34
1923.39
1892.48
1860.94
1828.74
1795.67
1761.72
1726.97
1691.69
1656.22
1621.01
1585.81
1551.14
1516.45
1481.71
1448.33
1416.04
1384.15
1354.26
1327.31
1300.39
1275.29
1253.34
1232.28
1212.18
1194.86
1179.79
1165.82
1152.57
1140.07
1128.33
1117.87
1108.32
1100.08
1092.54
1085.47
1078.51
1071.49
1064.84
1058.95
1053.62
1048.42
1043.41
1038.81
1034.62
1030.66
1026.75
1022.7
1018.76
1014.91
1011.38
1007.98
1005.16
1002.62
1000.21
997.806
995.524
992.322
3428.22
2963.64
2950.92
2952.35
2954.67
2957.64
2955.32
2942.72
2913.25
2867.83
2813.74
2762.49
2722.25
2696.96
2685.98
2683.93
2686.2
2688.01
2687.3
2684.09
2678.29
2672.08
2666.64
2661.47
2655.64
2648.81
2641.16
2632.95
2624.22
2614.96
2605.11
2594.66
2583.57
2571.84
2559.42
2546.28
2532.43
2517.94
2502.82
2487.06
2470.65
2453.61
2436.01
2417.94
2399.47
2380.68
2361.6
2342.22
2322.54
2302.51
2282.12
2261.37
2240.22
2218.64
2196.5
2173.8
2150.78
2127.04
2101.93
2076.28
2050.37
2023.65
1996.06
1967.62
1938.41
1907.89
1876.76
1844.96
1812.33
1778.77
1744.36
1709.38
1673.9
1638.06
1602.84
1568.09
1533.37
1498.86
1464.88
1430.08
1397.61
1367.89
1337.88
1310.29
1285.69
1261.84
1239.67
1220.31
1202.29
1185.6
1169.84
1155.24
1141.69
1129.33
1118.51
1108.84
1100.64
1093.02
1085.58
1078.22
1071.07
1064.49
1058.6
1053.06
1047.58
1042.34
1037.51
1033.09
1028.81
1024.68
1020.64
1016.98
1013.59
1010.56
1007.66
1005.03
1002.47
999.688
997.467
994.904
991.276
3409.87
2963.33
2951.41
2952.58
2954.43
2957.15
2954.63
2941.78
2912.78
2867.66
2813.37
2761.58
2720.72
2694.62
2683.24
2681.33
2684.2
2686.97
2686.96
2684.42
2678.94
2672.6
2666.95
2661.76
2656.06
2649.39
2641.86
2633.71
2625.06
2615.88
2606.14
2595.81
2584.87
2573.29
2561.03
2548.08
2534.46
2520.21
2505.36
2489.9
2473.81
2457.13
2439.92
2422.26
2404.22
2385.87
2367.24
2348.33
2329.11
2309.55
2289.63
2269.36
2248.68
2227.54
2205.88
2183.79
2161.12
2137.38
2113.06
2088.65
2063.27
2036.69
2009.2
1980.85
1951.87
1921.62
1890.7
1859.15
1826.84
1793.63
1759.51
1724.77
1689.85
1654.89
1619.39
1583.15
1547.36
1512.26
1477.6
1445.23
1412.82
1380.16
1350.01
1322.73
1295.55
1270.18
1247.48
1226.61
1207.28
1190.08
1174.12
1159.47
1145.81
1133.43
1122.56
1112.6
1103.55
1094.78
1086.29
1078.27
1071.16
1064.75
1058.51
1052.37
1046.55
1041.39
1036.85
1032.73
1028.8
1024.99
1021.15
1017.44
1013.77
1010.23
1006.68
1003.47
1000.3
997.414
994.32
991.708
987.951
3390.35
2962.88
2952.04
2952.95
2954.16
2956.5
2953.66
2940.34
2911.55
2866.98
2812.9
2760.91
2719.62
2692.82
2680.78
2678.8
2682.06
2685.88
2686.58
2684.61
2679.61
2673.21
2667.32
2662.05
2656.48
2649.98
2642.58
2634.52
2625.94
2616.86
2607.24
2597.03
2586.22
2574.8
2562.73
2549.97
2536.57
2522.57
2508
2492.83
2477.07
2460.75
2443.92
2426.67
2409.06
2391.15
2372.97
2354.52
2335.76
2316.67
2297.23
2277.42
2257.2
2236.53
2215.38
2193.72
2171.27
2148.2
2124.95
2100.73
2075.08
2048.69
2021.61
1993.77
1965.19
1935.72
1905.25
1874.01
1841.97
1808.9
1774.86
1740.04
1704.8
1669.39
1633.94
1598.86
1563.52
1528.05
1492.95
1458.24
1424.6
1392.81
1363.3
1333.48
1305.59
1280.87
1257.22
1234.91
1214.96
1197.06
1179.96
1164
1149.62
1136.95
1125.65
1114.9
1104.74
1094.93
1085.97
1078.06
1071.41
1065.21
1058.95
1052.89
1047.34
1042.36
1037.65
1033.06
1028.5
1024.04
1019.61
1015.47
1011.52
1007.83
1004.27
1001.26
998.342
995.581
992.61
990.01
986.209
3369.93
2962.44
2952.85
2953.39
2953.87
2955.59
2952.28
2938.35
2909.57
2865.67
2812.22
2760.45
2718.98
2691.56
2678.64
2676.4
2679.83
2684.64
2686.07
2684.69
2680.31
2673.91
2667.74
2662.37
2656.9
2650.58
2643.33
2635.37
2626.88
2617.9
2608.4
2598.32
2587.65
2576.39
2564.5
2551.95
2538.77
2525.03
2510.73
2495.87
2480.44
2464.47
2448.03
2431.18
2414
2396.52
2378.79
2360.78
2342.49
2323.86
2304.88
2285.54
2265.79
2245.6
2224.92
2203.61
2181.69
2159.45
2136.39
2111.94
2086.93
2061.58
2035.38
2008.26
1980.2
1951.56
1921.52
1890.67
1859.09
1826.46
1792.84
1758.39
1723.23
1687.7
1652.41
1617.02
1581.51
1546.14
1510.99
1474.89
1440.52
1408.34
1375.53
1345.44
1317.99
1290.69
1265.56
1243.64
1222.75
1202.75
1184.12
1167.84
1153.78
1141.24
1129.36
1117.59
1106.49
1096.06
1087.18
1079.49
1072.63
1065.82
1058.98
1052.48
1046.63
1041.34
1036.19
1031.13
1026.24
1021.72
1017.59
1013.95
1010.46
1007.19
1003.86
1000.78
997.553
994.381
990.981
987.941
983.711
3348.89
2962.18
2953.74
2953.81
2953.46
2954.31
2950.28
2935.67
2906.87
2863.83
2811.41
2760.25
2718.77
2690.84
2676.97
2674.22
2677.52
2683.2
2685.43
2684.7
2681.01
2674.68
2668.25
2662.72
2657.32
2651.19
2644.11
2636.25
2627.86
2619
2609.61
2599.66
2589.15
2578.06
2566.34
2554.01
2541.07
2527.58
2513.56
2499.01
2483.91
2468.29
2452.22
2435.78
2419.01
2401.97
2384.67
2367.13
2349.29
2331.13
2312.62
2293.74
2274.45
2254.72
2234.47
2213.64
2192.36
2170.44
2147.39
2123.77
2100.01
2075.24
2049.26
2022.29
1994.36
1965.71
1935.99
1905.44
1874.14
1841.86
1808.58
1774.45
1739.86
1704.88
1669.14
1632.76
1596.52
1560.49
1524.97
1491.3
1457.01
1422.1
1389.99
1359.65
1329.46
1301.58
1276.75
1252.81
1229.73
1209.22
1191.23
1175.09
1160.06
1145.91
1132.68
1119.96
1108.73
1098.75
1090.26
1081.96
1073.75
1065.87
1058.5
1051.9
1046.24
1041
1035.96
1031.08
1026.24
1021.58
1017.12
1013
1009
1005.33
1001.55
998.03
994.65
991.657
988.49
985.732
982.018
3327.58
2962.19
2954.66
2954.17
2952.94
2952.56
2947.49
2932.18
2903.42
2861.41
2810.39
2760.26
2719
2690.6
2675.82
2672.26
2675.18
2681.48
2684.67
2684.65
2681.62
2675.49
2668.85
2663.13
2657.76
2651.8
2644.9
2637.18
2628.9
2620.15
2610.89
2601.08
2590.72
2579.8
2568.27
2556.15
2543.45
2530.23
2516.5
2502.25
2487.48
2472.22
2456.52
2440.47
2424.12
2407.5
2390.65
2373.55
2356.16
2338.46
2320.41
2301.99
2283.17
2263.89
2244.11
2223.81
2202.95
2181.25
2158.92
2136.38
2112.8
2087.79
2061.99
2035.39
2007.95
1979.74
1950.83
1920.8
1889.75
1857.75
1824.67
1790.6
1755.83
1720.62
1685.34
1650.14
1614.44
1578.37
1542.03
1505.38
1470.07
1436.8
1404.72
1372.02
1341.84
1314.34
1287.02
1261.45
1238.98
1218.2
1198.63
1180.89
1164.36
1148.9
1134.64
1121.22
1109.68
1099.42
1090.71
1081.99
1073.3
1065.54
1059.4
1053.89
1048.18
1042.43
1036.76
1031.23
1025.56
1020.03
1014.96
1010.75
1007.02
1003.68
1000.29
997.328
994.364
991.454
988.183
985.262
981.076
3305.82
2962.3
2955.59
2954.41
2952.16
2950.23
2943.84
2927.82
2899.17
2858.46
2809.24
2760.54
2719.81
2690.91
2675.29
2670.67
2672.89
2679.44
2683.78
2684.51
2682.06
2676.34
2669.58
2663.61
2658.2
2652.41
2645.7
2638.14
2629.99
2621.37
2612.23
2602.56
2592.36
2581.61
2570.28
2558.39
2545.93
2532.97
2519.53
2505.58
2491.14
2476.23
2460.91
2445.25
2429.3
2413.11
2396.7
2380.04
2363.11
2345.87
2328.27
2310.31
2291.95
2273.13
2253.83
2234
2213.49
2192.36
2170.87
2148.49
2124.73
2100.39
2075.62
2049.94
2023.31
1995.7
1967.32
1937.88
1907.28
1875.78
1843.16
1809.49
1774.98
1740.01
1704.79
1669.1
1633.2
1597.27
1561.39
1524.59
1488.7
1454.04
1418.62
1386.56
1356.38
1325.97
1297.7
1272.47
1248.43
1225.67
1205.28
1187.54
1170.8
1154.75
1139.91
1126.43
1114.81
1103.69
1093.4
1083.73
1075.41
1068.07
1061.5
1054.97
1048.2
1041.64
1035.39
1029.48
1024.05
1019.28
1015.07
1011.27
1007.43
1003.8
999.947
996.515
993.187
989.969
986.479
983.254
978.727
3283.01
2962.21
2956.7
2954.62
2951.03
2947.25
2939.3
2922.51
2894.1
2854.95
2807.91
2761.09
2721.29
2691.92
2675.19
2669.39
2670.75
2677.16
2682.69
2684.18
2682.35
2677.25
2670.46
2664.18
2658.66
2653.01
2646.52
2639.14
2631.14
2622.64
2613.64
2604.11
2594.07
2583.5
2572.38
2560.71
2548.5
2535.81
2522.65
2509.02
2494.91
2480.34
2465.39
2450.12
2434.58
2418.82
2402.83
2386.62
2370.13
2353.33
2336.19
2318.68
2300.78
2282.43
2263.6
2244.2
2224.19
2203.72
2182.52
2160.18
2137.31
2114.2
2090.01
2064.58
2038.1
2010.61
1982.26
1953.25
1922.98
1891.78
1859.48
1826.2
1792.13
1757.38
1721.75
1685.54
1649.21
1612.75
1576.41
1541.6
1506
1469.19
1435.43
1402.51
1369.42
1338.86
1310.97
1283.53
1257.76
1235.21
1214.37
1194.5
1175.88
1158.85
1143.59
1130.2
1118.37
1106.97
1096.44
1086.53
1077.62
1069.27
1061.27
1053.58
1046.15
1039.32
1033.29
1027.92
1023.19
1018.77
1014.36
1010.03
1005.52
1001.43
997.361
993.963
990.756
987.648
984.281
981.265
976.743
3258.35
2961.64
2958.04
2954.74
2949.4
2943.4
2933.73
2916.18
2888.25
2851.01
2806.53
2761.89
2723.35
2693.75
2675.65
2668.6
2668.81
2674.75
2681.37
2683.63
2682.47
2678.19
2671.47
2664.85
2659.17
2653.61
2647.35
2640.17
2632.33
2623.97
2615.1
2605.72
2595.84
2585.46
2574.55
2563.12
2551.16
2538.73
2525.87
2512.55
2498.76
2484.55
2469.97
2455.08
2439.95
2424.6
2409.05
2393.27
2377.22
2360.87
2344.19
2327.13
2309.68
2291.8
2273.42
2254.49
2235.03
2214.96
2194.01
2172.46
2150.63
2127.69
2103.32
2078.1
2052.04
2025.07
1997.27
1968.72
1939.1
1908.25
1876.27
1843.22
1809.23
1774.65
1739.87
1704.77
1668.92
1632.41
1595.51
1557.57
1520.74
1486.28
1451.73
1416.51
1384.19
1353.5
1322.97
1294.52
1269.54
1245.71
1222.45
1200.58
1181.09
1164.67
1149.84
1136.13
1122.92
1110
1098.03
1087.4
1078.17
1069.38
1061
1053.08
1045.62
1038.7
1032.49
1026.96
1022.17
1017.88
1013.56
1009.18
1004.68
1000.67
996.702
993.092
989.369
985.691
981.913
978.591
973.725
3232.14
2960.41
2959.23
2954.68
2947
2938.36
2926.85
2908.75
2881.68
2846.73
2805.09
2762.85
2725.86
2696.34
2676.9
2668.25
2667.04
2672.36
2679.73
2682.85
2682.47
2679.09
2672.58
2665.66
2659.74
2654.23
2648.18
2641.24
2633.57
2625.35
2616.63
2607.41
2597.7
2587.51
2576.82
2565.61
2553.9
2541.75
2529.18
2516.17
2502.72
2488.86
2474.64
2460.15
2445.42
2430.48
2415.35
2399.99
2384.39
2368.48
2352.23
2335.63
2318.63
2301.21
2283.3
2264.86
2245.87
2226.17
2205.84
2185.11
2163.41
2140.35
2116.7
2092.52
2067.35
2041.18
2014.01
1985.85
1957.04
1926.68
1895.15
1862.53
1828.96
1794.66
1759.71
1724.1
1688.21
1652.11
1615.81
1578.6
1541.64
1504.98
1467.59
1433.63
1400.44
1366.89
1336.17
1308.42
1280.99
1254.91
1231.25
1210.17
1190.19
1171.83
1155.42
1140.76
1126.91
1113.64
1101.39
1090.17
1080.36
1071.01
1062.18
1053.89
1046.42
1039.73
1033.91
1028.77
1023.9
1019.01
1013.93
1008.82
1003.72
999.144
994.629
990.477
986.579
983.046
979.48
976.23
971.684
3206.26
2959.66
2959.49
2953.7
2943.29
2931.85
2918.66
2900.34
2874.57
2842.33
2803.82
2764.05
2728.78
2699.59
2678.88
2668.4
2665.85
2670.07
2677.64
2681.85
2682.35
2679.78
2673.73
2666.64
2660.43
2654.86
2649
2642.31
2634.84
2626.78
2618.22
2609.17
2599.63
2589.63
2579.16
2568.19
2556.74
2544.86
2532.58
2519.89
2506.77
2493.26
2479.42
2465.31
2450.98
2436.45
2421.73
2406.8
2391.62
2376.15
2360.35
2344.19
2327.65
2310.68
2293.24
2275.28
2256.72
2237.55
2217.88
2197.42
2175.83
2153.71
2131.26
2107.65
2082.73
2056.76
2029.81
2001.91
1973.17
1943.26
1912.09
1879.78
1846.48
1812.21
1777.11
1741.42
1705.29
1668.81
1632.02
1596.4
1559.77
1521.59
1486.57
1451.06
1415.16
1382.38
1351.72
1321.17
1292.03
1265.98
1242.34
1219.65
1198.13
1177.97
1160.15
1144.72
1130.5
1117.04
1104.74
1092.99
1082.22
1071.93
1062.3
1053.8
1046.86
1040.82
1035.14
1029.41
1023.47
1017.51
1011.7
1006.38
1001.63
997.449
993.261
989.424
985.811
982.422
978.821
975.449
970.589
3182.94
2960.07
2958.74
2950.49
2937.45
2923.58
2909.11
2891.07
2867.09
2837.89
2802.67
2765.44
2731.99
2703.43
2681.61
2669.08
2665.2
2667.97
2675.1
2680.53
2681.94
2680.18
2674.93
2667.84
2661.25
2655.53
2649.82
2643.39
2636.14
2628.26
2619.87
2611
2601.65
2591.86
2581.6
2570.87
2559.66
2548.06
2536.08
2523.71
2510.93
2497.77
2484.3
2470.57
2456.64
2442.51
2428.2
2413.69
2398.94
2383.89
2368.53
2352.81
2336.72
2320.21
2303.23
2285.74
2267.67
2249.06
2229.79
2209.62
2188.87
2167.75
2145.45
2121.69
2097.05
2071.57
2045.15
2017.77
1989.42
1960.37
1929.73
1897.8
1864.94
1831.35
1797.21
1762.39
1726.57
1689.91
1652.82
1614.3
1576.5
1541.09
1504.4
1466.9
1432.62
1399.31
1365.74
1334.26
1306.17
1278.63
1251.93
1227.91
1206.86
1187.61
1168.88
1151.19
1135.06
1120.34
1106.75
1094.15
1083.09
1073.09
1064.62
1056.99
1050.03
1043.32
1036.55
1029.76
1023.09
1016.85
1011.35
1006.58
1002.07
997.478
992.655
988.298
984.267
980.773
977.169
973.903
969.24
3162.87
2961.72
2955.96
2944.59
2929.44
2913.84
2898.64
2881.28
2859.46
2833.58
2801.8
2767.11
2735.46
2707.75
2685.14
2670.56
2665.1
2666.22
2672.28
2678.85
2681.21
2680.31
2676.14
2669.23
2662.23
2656.26
2650.65
2644.48
2637.46
2629.77
2621.57
2612.89
2603.75
2594.17
2584.14
2573.63
2562.69
2551.36
2539.68
2527.62
2515.18
2502.37
2489.27
2475.93
2462.39
2448.66
2434.75
2420.66
2406.32
2391.71
2376.78
2361.5
2345.85
2329.79
2313.28
2296.26
2278.7
2260.56
2241.69
2222.19
2202.22
2181.21
2158.87
2135.89
2112.34
2087.75
2062.07
2035.38
2007.63
1978.89
1948.9
1917.41
1884.88
1851.38
1817.03
1781.96
1746.47
1710.55
1674.06
1636.6
1599.1
1561.04
1522.06
1486.52
1450.87
1414.73
1381.33
1350.19
1319.68
1290.67
1263.32
1238.42
1215.73
1195.28
1176.01
1157.62
1140.3
1124.97
1111.52
1099.3
1088.51
1078.28
1068.97
1060.24
1052.08
1044.24
1036.58
1029.24
1022.38
1016.07
1010.45
1005.44
1000.57
995.824
991.21
987.199
983.482
980.138
976.617
973.596
968.961
3144.59
2964.14
2951.27
2936.5
2919.62
2902.83
2887.32
2871.04
2851.79
2829.52
2801.45
2769.1
2739.08
2712.39
2689.43
2672.92
2665.35
2664.68
2669.48
2676.76
2680.24
2680.29
2677.23
2670.69
2663.39
2657.1
2651.52
2645.57
2638.78
2631.3
2623.31
2614.85
2605.93
2596.57
2586.76
2576.49
2565.8
2554.76
2543.37
2531.64
2519.53
2507.08
2494.35
2481.39
2468.24
2454.9
2441.4
2427.71
2413.79
2399.6
2385.09
2370.24
2355.03
2339.42
2323.38
2306.84
2289.77
2272.08
2253.77
2234.91
2215.21
2194.39
2173.03
2151.22
2128.21
2103.81
2078.33
2051.89
2024.37
1995.76
1966.31
1935.13
1902.7
1869.39
1835.27
1800.31
1764.66
1728.43
1691.61
1655.57
1618.22
1579.19
1542.99
1505.56
1467.57
1432.63
1399.1
1365.17
1332.58
1303.98
1277.39
1250.81
1224.77
1201.96
1181.77
1163.99
1147.16
1131.74
1118.01
1105.1
1093.25
1081.74
1071.13
1061.16
1051.72
1042.71
1034.25
1026.55
1019.84
1014.01
1008.93
1004.41
999.941
995.655
991.231
986.834
982.593
978.482
974.052
970.383
964.91
3125.59
2965.88
2945.49
2927.43
2908.88
2891.05
2875.45
2860.57
2844.21
2825.79
2801.52
2771.47
2742.86
2717.2
2694.26
2676.13
2666.21
2663.8
2667.02
2674.17
2678.98
2680.08
2677.94
2672.14
2664.77
2658.14
2652.45
2646.66
2640.11
2632.86
2625.09
2616.86
2608.18
2599.05
2589.47
2579.45
2569.02
2558.25
2547.17
2535.74
2523.97
2511.88
2499.52
2486.94
2474.17
2461.23
2448.13
2434.84
2421.33
2407.56
2393.47
2379.06
2364.28
2349.12
2333.53
2317.47
2300.87
2283.7
2265.95
2247.5
2228.15
2208.2
2187.77
2166.11
2142.97
2118.9
2094.07
2068.31
2041.49
2013.56
1984.56
1954.37
1922.74
1890.29
1856.88
1822.52
1787.05
1750.61
1713.69
1675.18
1637.02
1600.71
1562.59
1523.42
1487.53
1451.58
1415.1
1381.03
1349.32
1317.91
1289.06
1263.05
1237.97
1213.99
1190.75
1169.99
1151.58
1135.3
1120.79
1107.06
1094.53
1082.46
1071.26
1060.56
1050.56
1041.38
1033.39
1026.62
1021.1
1016.21
1010.96
1005.22
999.268
993.818
988.779
983.925
979.428
975.233
970.692
966.762
961.184
3104.48
2966.24
2939.41
2917.94
2897.31
2878.29
2862.84
2849.9
2836.91
2822.44
2801.92
2774.16
2746.72
2722.05
2699.5
2680.21
2667.89
2663.51
2664.98
2671.22
2677.32
2679.47
2678.23
2673.61
2666.44
2659.41
2653.48
2647.76
2641.46
2634.44
2626.9
2618.92
2610.48
2601.6
2592.27
2582.49
2572.33
2561.84
2551.05
2539.95
2528.52
2516.77
2504.78
2492.58
2480.2
2467.65
2454.94
2442.06
2428.95
2415.58
2401.91
2387.92
2373.58
2358.86
2343.74
2328.14
2312.04
2295.38
2278.11
2260.1
2241.45
2222.23
2201.93
2180.32
2158
2135.09
2111.2
2086.1
2059.85
2032.4
2003.7
1974.15
1942.67
1910.14
1876.78
1842.66
1807.9
1772.36
1735.92
1698.6
1660.95
1621.92
1581.99
1545.26
1507.64
1469.09
1433.1
1399.28
1365.7
1332.58
1301.04
1273.78
1248.68
1225.35
1202.53
1180.91
1161.22
1143.58
1127.49
1112.42
1098.81
1085.88
1073.87
1062.36
1052.14
1043.58
1036.81
1030.73
1024.61
1018.28
1011.49
1004.69
998.393
992.937
988.061
983.439
979.082
974.898
970.293
966.11
960.256
3081.79
2965.84
2932.61
2907.38
2884.57
2864.54
2849.71
2839.47
2830.23
2819.62
2802.79
2777.21
2750.7
2726.87
2704.94
2685.01
2670.52
2663.82
2663.47
2668.24
2675.17
2678.47
2678.23
2674.96
2668.27
2660.94
2654.65
2648.92
2642.82
2636.05
2628.75
2621
2612.83
2604.2
2595.12
2585.61
2575.72
2565.52
2555.03
2544.24
2533.14
2521.75
2510.12
2498.31
2486.31
2474.15
2461.83
2449.34
2436.64
2423.68
2410.43
2396.85
2382.94
2368.67
2354
2338.88
2323.26
2307.1
2290.31
2272.89
2254.85
2235.91
2215.9
2195.27
2174.1
2151.72
2127.88
2102.9
2076.94
2049.85
2021.47
1991.99
1961.16
1929.02
1895.96
1861.96
1827.14
1791.45
1754.94
1718.68
1680.94
1641.65
1604.52
1565.98
1526.21
1489.58
1453.36
1416.09
1380.77
1349.76
1318.75
1287.33
1258.3
1232.47
1209.42
1188.54
1168.78
1150.42
1133.5
1117.92
1104.15
1091.05
1079.03
1067.54
1057.55
1048.77
1041.02
1033.54
1025.77
1018.11
1010.6
1003.61
997.527
992.187
987.262
982.575
978.246
974.336
970.081
965.841
959.803
3056.15
2962.87
2923.53
2894.28
2869.58
2849.32
2836.23
2829.59
2824.34
2817.27
2803.97
2780.57
2754.8
2731.64
2710.44
2690.39
2674.11
2664.77
2662.56
2665.65
2672.4
2677.07
2677.99
2675.9
2670.15
2662.78
2656.04
2650.16
2644.22
2637.7
2630.63
2623.12
2615.2
2606.85
2598.04
2588.8
2579.2
2569.28
2559.09
2548.62
2537.85
2526.81
2515.55
2504.11
2492.51
2480.73
2468.81
2456.71
2444.4
2431.84
2419
2405.84
2392.35
2378.52
2364.31
2349.66
2334.53
2318.85
2302.59
2285.73
2268.11
2249.61
2230.45
2210.71
2189.7
2167.21
2143.72
2119.55
2094.52
2068.33
2040.85
2012.07
1982.44
1950.92
1918.37
1884.89
1850.18
1814.39
1778.06
1739.99
1701.94
1665.03
1625.95
1585.66
1548.41
1510.63
1471.71
1434.77
1399.31
1365.4
1334.29
1304.69
1275.04
1246.33
1219.84
1196.13
1174.92
1155.39
1137.49
1120.92
1106.19
1092.68
1081.06
1070.4
1060.88
1051.58
1042.51
1033.77
1024.87
1016.15
1008.05
1000.89
994.773
989.603
984.856
980.616
976.867
973.37
969.966
966.193
960.449
3017.68
2950.24
2908.32
2877.04
2852.05
2833.26
2823.56
2821.08
2819.24
2815.17
2805.36
2784.27
2759.13
2736.36
2715.81
2696.01
2678.54
2666.69
2662.41
2663.71
2669.18
2675.11
2677.29
2676.3
2671.98
2664.89
2657.69
2651.52
2645.66
2639.38
2632.55
2625.27
2617.61
2609.52
2600.99
2592.05
2582.73
2573.11
2563.23
2553.07
2542.64
2531.95
2521.05
2509.99
2498.77
2487.38
2475.84
2464.13
2452.22
2440.06
2427.63
2414.89
2401.83
2388.44
2374.68
2360.5
2345.85
2330.68
2314.94
2298.56
2281.43
2263.62
2245.15
2225.57
2204.73
2183.08
2160.85
2137.7
2113.26
2087.49
2060.38
2031.85
2002.12
1971.15
1938.99
1905.98
1872.07
1837.18
1801.15
1764.33
1726.81
1687.42
1647.14
1609.29
1570.48
1530.06
1492.19
1455.98
1418.9
1381.73
1347.22
1316.7
1288.46
1261.51
1235.5
1211.03
1188.29
1167.22
1147.81
1129.79
1113.75
1099.25
1086.98
1075.46
1064.53
1053.66
1042.7
1032.31
1022.64
1013.98
1006.66
1000.87
996.035
991.293
986.308
981.594
977.138
972.934
968.997
965.2
959.698
2950.2
2914.65
2881.67
2853.77
2832.21
2817.63
2812.27
2813.95
2815
2813.34
2806.85
2788.2
2763.69
2741.06
2720.99
2701.73
2683.76
2669.79
2662.9
2662.32
2666
2672.49
2676.15
2676.37
2673.58
2667.14
2659.63
2653.08
2647.19
2641.12
2634.53
2627.47
2620.04
2612.22
2603.98
2595.34
2586.33
2577.01
2567.43
2557.6
2547.5
2537.16
2526.63
2515.95
2505.1
2494.1
2482.94
2471.61
2460.09
2448.33
2436.31
2423.99
2411.36
2398.4
2385.1
2371.39
2357.22
2342.55
2327.3
2311.43
2294.89
2277.67
2259.53
2240.36
2220.47
2199.93
2178.23
2155.03
2130.54
2105.07
2078.44
2050.46
2021.19
1991.01
1959.1
1926.13
1892.33
1857.58
1821.7
1785.39
1747.59
1708.73
1671.15
1631.79
1590.84
1552.66
1514.38
1474.95
1437.75
1402.78
1366.83
1331.41
1299.56
1271.19
1245.28
1220.84
1197.63
1175.84
1155.5
1136.63
1119.87
1104.7
1091.45
1078.69
1066.37
1054.16
1042
1030.99
1021.82
1014.58
1009.05
1004.21
998.48
992.041
985.906
979.937
974.306
968.89
963.74
959.418
952.623
2861.4
2854.79
2842
2826.5
2813.06
2804.89
2803.37
2808.08
2812.01
2812.42
2808.3
2792.21
2768.49
2745.77
2725.89
2707.23
2689.36
2673.96
2664.48
2661.88
2663.51
2669.25
2674.5
2676.13
2674.59
2669.31
2661.9
2654.91
2648.85
2642.92
2636.56
2629.73
2622.51
2614.94
2607
2598.67
2589.97
2580.96
2571.7
2562.19
2552.42
2542.44
2532.27
2521.95
2511.48
2500.86
2490.08
2479.14
2468.01
2456.66
2445.05
2433.15
2420.95
2408.43
2395.58
2382.33
2368.65
2354.46
2339.72
2324.37
2308.39
2291.62
2273.98
2255.63
2236.55
2216.25
2194.5
2171.69
2148.19
2123.88
2098.31
2071.32
2042.86
2013.04
1982.06
1949.49
1915.87
1881.31
1845.9
1808.76
1771.14
1733.86
1694.18
1653.36
1614.87
1575.96
1534.94
1495.65
1457.62
1421.33
1386.86
1352.95
1319.52
1287.71
1258.14
1230.69
1205.24
1181.73
1160.16
1140.62
1123.3
1107.52
1093.18
1079.26
1065.95
1053.4
1042.01
1032.4
1025.21
1019.06
1012.58
1005.66
998.089
990.546
983.34
976.409
970.391
964.979
959.406
954.463
947.18
2803.58
2806.39
2806.26
2802.84
2798.5
2795.94
2797.34
2804.05
2810.42
2812.41
2809.62
2796.22
2773.49
2750.52
2730.59
2712.47
2695.16
2679.08
2667.24
2662.08
2661.77
2665.87
2672.23
2675.32
2674.97
2671.35
2664.47
2657.08
2650.68
2644.79
2638.66
2632.06
2625.05
2617.72
2610.06
2602.03
2593.65
2584.96
2576.02
2566.83
2557.41
2547.77
2537.97
2528.02
2517.93
2507.68
2497.28
2486.72
2475.98
2465.03
2453.83
2442.35
2430.58
2418.51
2406.1
2393.33
2380.12
2366.42
2352.18
2337.36
2321.87
2305.63
2288.67
2270.95
2252.16
2232.14
2211.24
2189.68
2167.25
2143.45
2118.15
2091.45
2063.32
2033.88
2003.43
1971.56
1938.62
1904.72
1869.46
1833.41
1796.36
1757.12
1717.04
1678.52
1638.96
1597.39
1558
1519.77
1479.17
1439.03
1402.05
1368.8
1336.96
1306.01
1276.11
1247.54
1220.32
1195.18
1172.06
1151.5
1132.85
1115.6
1099.47
1084.01
1069.98
1057.79
1048.05
1039.5
1031.54
1023.45
1014.59
1005.65
996.991
989.016
981.778
975.259
969.44
964.111
958.645
953.583
946.828
2790.75
2791.37
2791.98
2792
2791.64
2791.55
2794.03
2801.52
2809.44
2812.61
2810.86
2800.24
2778.66
2755.38
2735.14
2717.35
2700.75
2684.74
2671.25
2663.11
2661.06
2663.1
2669.12
2673.89
2674.94
2672.85
2667.08
2659.61
2652.78
2646.78
2640.83
2634.47
2627.67
2620.55
2613.16
2605.42
2597.35
2588.99
2580.38
2571.52
2562.44
2553.15
2543.7
2534.12
2524.4
2514.53
2504.51
2494.34
2483.99
2473.45
2462.67
2451.61
2440.28
2428.64
2416.69
2404.37
2391.64
2378.43
2364.69
2350.37
2335.4
2319.75
2303.36
2286.06
2267.75
2248.63
2228.74
2207.74
2185.29
2161.49
2136.6
2110.53
2083.05
2054.18
2024.02
1992.95
1960.15
1926.33
1891.35
1855.43
1818.14
1780.18
1742.48
1702.5
1661.1
1621.66
1582.35
1541.17
1501.81
1463.12
1423.59
1385.4
1350.46
1317.89
1287.5
1258.88
1231.68
1206.59
1183.24
1162.01
1141.94
1122.96
1105.43
1089.37
1076.02
1064.69
1055.17
1045.5
1035.54
1025.94
1016.12
1006.44
997.726
990.586
984.291
978.347
972.733
967.702
962.626
957.664
950.062
2790.01
2790.03
2790.07
2790.1
2790.12
2790.34
2792.56
2799.78
2808.69
2812.9
2812.09
2804.06
2783.86
2760.39
2739.7
2721.98
2706.07
2690.66
2676.38
2665.68
2661.18
2661.27
2665.61
2671.71
2674.32
2673.6
2669.56
2662.51
2655.23
2648.94
2643.08
2636.96
2630.39
2623.49
2616.32
2608.86
2601.1
2593.06
2584.77
2576.25
2567.51
2558.58
2549.49
2540.27
2530.92
2521.43
2511.79
2502
2492.04
2481.9
2471.53
2460.9
2450
2438.81
2427.31
2415.46
2403.2
2390.48
2377.24
2363.42
2348.99
2333.89
2317.99
2301.24
2283.7
2265.32
2245.78
2224.91
2202.92
2180.13
2156.42
2131.35
2104.76
2076.74
2047.32
2016.53
1984.44
1950.99
1916.78
1881.05
1844.26
1806.83
1767.01
1726.19
1686.89
1647.06
1604.97
1563.71
1523.72
1485.32
1447.84
1410.02
1372.69
1336.34
1302.32
1270.99
1242.13
1215.68
1191.13
1168.64
1147.44
1127.75
1109.99
1094.7
1082.38
1070.66
1059.54
1048.45
1037.23
1026.79
1017.17
1008.62
1001.01
994.353
987.982
981.897
976.328
971.24
966.114
960.928
952.374
2790
2790
2790
2790
2790.01
2790.14
2791.77
2798.29
2807.77
2813.18
2813.23
2807.46
2789.03
2765.61
2744.34
2726.41
2710.99
2696.37
2682.17
2669.77
2662.21
2660.45
2662.58
2668.67
2673
2673.79
2671.53
2665.53
2658.08
2651.35
2645.44
2639.53
2633.22
2626.53
2619.57
2612.36
2604.9
2597.17
2589.21
2581.02
2572.61
2564.03
2555.3
2546.45
2537.48
2528.36
2519.1
2509.69
2500.13
2490.39
2480.44
2470.25
2459.78
2449.03
2437.98
2426.59
2414.8
2402.56
2389.82
2376.51
2362.6
2348.02
2332.68
2316.58
2299.65
2281.68
2262.57
2242.48
2221.61
2199.83
2176.7
2152.01
2125.88
2098.32
2069.35
2039.06
2007.84
1974.8
1940.55
1905.41
1869.23
1830.77
1791.6
1752.98
1712.71
1670.48
1629.65
1590.06
1547.52
1505.31
1465.99
1428.82
1393
1358.21
1324.16
1291.84
1261.43
1233.22
1206.73
1182.1
1159.37
1138.95
1120.95
1104.76
1090.5
1076.51
1063.18
1050.25
1037.52
1025.79
1015.67
1007.57
1000.6
994.477
988.447
982.425
976.768
971.535
966.316
961.053
952.919
2790
2790
2790
2790
2790
2790.08
2791.25
2796.91
2806.64
2813.28
2814.2
2810.34
2794.08
2771.05
2749.18
2730.84
2715.63
2701.76
2688.18
2675.04
2664.9
2660.55
2660.61
2665.08
2670.89
2673.41
2672.61
2668.39
2661.33
2654.15
2647.98
2642.19
2636.15
2629.71
2622.94
2615.96
2608.77
2601.35
2593.7
2585.83
2577.77
2569.54
2561.17
2552.68
2544.08
2535.33
2526.45
2517.42
2508.25
2498.92
2489.38
2479.61
2469.59
2459.28
2448.68
2437.75
2426.43
2414.68
2402.43
2389.63
2376.24
2362.19
2347.43
2331.9
2315.48
2298.08
2279.76
2260.56
2240.33
2218.76
2195.78
2171.56
2146.07
2119.13
2090.75
2061
2030.04
1997.92
1964.06
1929.01
1892.8
1855.94
1818.37
1778.18
1736.72
1696.59
1656.43
1614.21
1572.89
1531.61
1489.33
1447.76
1408.75
1373.13
1339.18
1306.94
1275.98
1246.78
1219.12
1193.51
1169.8
1148.26
1128.64
1110.54
1094.31
1078.53
1063.72
1049.78
1036.64
1024.86
1014.71
1006.19
998.287
991.148
984.923
979.008
973.255
967.702
962.768
957.807
950.741
2790
2790
2790
2790
2790
2790.04
2790.85
2795.58
2805.26
2813.16
2815.03
2812.68
2798.96
2776.68
2754.22
2735.34
2720.08
2706.69
2693.94
2681.02
2669.18
2661.68
2659.79
2662.04
2668
2672.24
2672.85
2670.62
2664.73
2657.4
2650.79
2644.97
2639.17
2632.98
2626.43
2619.66
2612.73
2605.59
2598.25
2590.7
2582.97
2575.09
2567.08
2558.95
2550.71
2542.34
2533.84
2525.19
2516.41
2507.48
2498.36
2489.03
2479.43
2469.57
2459.42
2448.94
2438.1
2426.82
2415.06
2402.77
2389.89
2376.39
2362.18
2347.2
2331.36
2314.67
2297.05
2278.36
2258.45
2237.37
2215.29
2192.17
2167.66
2141.61
2114.13
2085.28
2055.09
2023.46
1990.53
1955.85
1920.22
1883.26
1843.97
1803.81
1764.22
1723.66
1681.23
1638.59
1597.34
1556.7
1516.21
1475.45
1434.43
1394.97
1357.29
1321.92
1288.88
1257.98
1228.86
1201.83
1176.98
1154.49
1133.89
1114.46
1096.99
1080.43
1064.9
1050.6
1037.89
1026.65
1016.63
1007.67
998.849
990.33
982.331
974.893
968.191
961.656
955.879
950.545
941.806
2790
2790
2790
2790
2790
2790.02
2790.55
2794.33
2803.65
2812.71
2815.73
2814.48
2803.61
2782.39
2759.49
2740.07
2724.54
2711.32
2699.27
2687.09
2674.74
2664.69
2660.16
2660.26
2664.5
2670.07
2672.46
2671.86
2667.92
2661.1
2654.04
2647.94
2642.26
2636.34
2630.05
2623.51
2616.81
2609.94
2602.89
2595.65
2588.25
2580.71
2573.06
2565.29
2557.41
2549.41
2541.28
2533.01
2524.62
2516.08
2507.37
2498.45
2489.29
2479.87
2470.17
2460.15
2449.78
2438.98
2427.72
2415.93
2403.57
2390.6
2376.94
2362.53
2347.32
2331.25
2314.18
2296.01
2276.8
2256.69
2235.61
2213.21
2189.21
2163.71
2136.8
2108.39
2078.52
2047.15
2014.84
1980.6
1945.18
1908.11
1870.47
1832.1
1791.38
1749.04
1707.5
1667.03
1623.75
1579.35
1536.95
1497.17
1458.33
1419.9
1382.22
1345.68
1310.87
1278.11
1247.09
1218.27
1191.53
1167.39
1145.53
1124.8
1105.64
1087.67
1070.98
1056.03
1043.49
1032.02
1021.05
1010.64
1000.58
991.092
982.139
974.083
966.589
959.501
952.665
946.39
936.869
2790
2790
2790
2790
2790
2790.01
2790.34
2793.23
2801.88
2811.9
2816.23
2816
2807.85
2788.07
2764.96
2745.03
2729.09
2715.75
2704.11
2692.82
2680.97
2669.39
2661.59
2659.66
2661.66
2666.96
2671.26
2672.17
2670.33
2664.95
2657.8
2651.22
2645.45
2639.75
2633.75
2627.47
2621
2614.39
2607.63
2600.69
2593.6
2586.4
2579.09
2571.68
2564.16
2556.52
2548.76
2540.87
2532.86
2524.72
2516.42
2507.92
2499.19
2490.2
2480.94
2471.38
2461.47
2451.16
2440.38
2429.1
2417.26
2404.82
2391.71
2377.88
2363.27
2347.77
2331.31
2313.86
2295.48
2276.09
2255.43
2233.32
2209.83
2185.02
2158.75
2130.96
2101.78
2071.2
2039.37
2006.3
1971.33
1935.45
1898.24
1858.62
1817.79
1777.47
1736.45
1693.64
1650.34
1607.46
1563.56
1519.46
1477.65
1437.5
1399.6
1363.1
1327.91
1294.45
1262.45
1232.47
1204.45
1178.75
1155.21
1133.11
1112.32
1093.19
1076.57
1062.02
1049.66
1037.74
1025.87
1014.45
1003.51
993.502
984.275
975.76
967.555
960.225
953.047
946.349
936.808
2790
2790
2790
2790
2790
2790.01
2790.2
2792.31
2800.03
2810.71
2816.51
2817.32
2811.5
2793.6
2770.66
2750.31
2733.86
2720.17
2708.62
2698.05
2687.16
2675.38
2665.16
2660.42
2660.17
2663.51
2669
2671.76
2671.64
2668.41
2661.98
2654.99
2648.86
2643.23
2637.53
2631.54
2625.33
2618.97
2612.48
2605.83
2599.06
2592.18
2585.21
2578.15
2570.99
2563.7
2556.3
2548.78
2541.14
2533.39
2525.48
2517.4
2509.09
2500.53
2491.72
2482.61
2473.16
2463.33
2453.05
2442.27
2430.95
2419.04
2406.49
2393.23
2379.2
2364.31
2348.52
2331.79
2314.02
2295.09
2274.95
2253.69
2231.28
2207.48
2182.12
2155.27
2127.04
2097.34
2066.21
2033.45
1999.03
1962.56
1924.53
1885.91
1846.73
1805.8
1763.26
1720.02
1677.95
1635.09
1592.77
1549.94
1506.42
1462.84
1421.14
1381.92
1344.45
1309
1275.06
1243.29
1214.04
1187.36
1163.01
1140.69
1120.01
1101.08
1084.25
1068.42
1054.64
1042.07
1029.92
1018.41
1007.56
997.607
988.251
979.548
971.193
964.055
957.187
950.236
939.418
2790
2790
2790
2790
2790
2790
2790.11
2791.57
2798.18
2809.19
2816.57
2818.43
2814.47
2798.95
2776.59
2755.83
2738.8
2724.64
2712.95
2702.79
2692.95
2681.98
2670.53
2662.39
2659.87
2661.18
2665.83
2670.48
2671.91
2670.78
2666.16
2659.27
2652.62
2646.84
2641.34
2635.67
2629.75
2623.66
2617.44
2611.07
2604.6
2598.04
2591.41
2584.69
2577.86
2570.93
2563.89
2556.73
2549.47
2542.09
2534.58
2526.9
2519.01
2510.89
2502.51
2493.84
2484.86
2475.5
2465.71
2455.44
2444.63
2433.26
2421.25
2408.57
2395.13
2380.88
2365.74
2349.62
2332.43
2314.2
2294.97
2274.69
2253.06
2229.8
2205
2178.74
2150.99
2121.64
2090.77
2058.38
2024.99
1989.54
1952.98
1915.07
1874.72
1833.01
1791.44
1750.22
1707.09
1661.21
1616.46
1573.83
1532.14
1490.62
1449.06
1409.26
1370.37
1333.38
1297.94
1264.58
1233.46
1204.59
1177.91
1153.58
1131.14
1110.19
1091.85
1074.21
1058.45
1044.61
1032.13
1020.22
1009.13
999.296
990.353
982.094
973.946
966.764
959.995
952.814
941.213
2790
2790
2790
2790
2790
2790
2790.06
2791.01
2796.42
2807.37
2816.31
2819.37
2816.67
2804.11
2782.75
2761.6
2743.96
2729.29
2717.29
2707.25
2698.19
2688.34
2676.93
2666.43
2660.92
2660.29
2662.82
2668
2671.38
2671.89
2669.59
2663.87
2656.96
2650.76
2645.25
2639.84
2634.25
2628.46
2622.5
2616.42
2610.24
2603.99
2597.69
2591.31
2584.82
2578.23
2571.53
2564.73
2557.83
2550.83
2543.7
2536.42
2528.94
2521.24
2513.29
2505.07
2496.54
2487.66
2478.36
2468.59
2458.3
2447.46
2436.01
2423.89
2411.05
2397.42
2382.9
2367.42
2350.95
2333.52
2315.04
2295.29
2274.07
2251.4
2227.4
2201.97
2175.05
2146.6
2116.75
2085.41
2052.61
2018.31
1981.5
1942.82
1903.44
1863.31
1821.73
1778.42
1734.25
1691.28
1646.63
1600.22
1554.42
1511.25
1469.31
1429.33
1390.05
1352.16
1315.97
1281.97
1249.75
1218.92
1189.74
1163.26
1139.42
1117.46
1098.73
1080.38
1063.18
1047.38
1033.51
1020.68
1008.9
998.571
989.588
981.846
974.126
967.108
960.522
953.485
942.302
2790
2790
2790
2790
2790
2790
2790.03
2790.62
2794.82
2805.28
2815.64
2819.99
2818.36
2808.98
2789.01
2767.54
2749.25
2734.06
2721.71
2711.6
2703.01
2694.22
2683.76
2672.46
2663.87
2660.76
2661.21
2664.89
2669.81
2671.95
2671.71
2668.18
2661.79
2655.15
2649.34
2644.05
2638.78
2633.32
2627.66
2621.85
2615.95
2610.01
2604.02
2597.97
2591.82
2585.56
2579.21
2572.76
2566.22
2559.59
2552.85
2545.96
2538.88
2531.59
2524.07
2516.29
2508.21
2499.8
2490.98
2481.72
2471.95
2461.64
2450.74
2439.2
2426.95
2413.92
2400.04
2385.25
2369.5
2352.73
2334.81
2315.67
2295.34
2273.79
2250.85
2226.31
2200.16
2172.41
2143.07
2112.01
2079.55
2045.5
2009.71
1972.35
1933.7
1893.04
1850.99
1807.66
1765.05
1721.24
1676.99
1632.39
1586.38
1540.45
1495.79
1452.73
1411.5
1371.31
1332.96
1296.52
1262.28
1229.94
1199.88
1172.76
1149.73
1128.91
1110.31
1091.88
1073.77
1055.72
1038.98
1024.06
1011.19
999.582
989.157
980.477
972.155
965.221
958.774
952.563
942.004
)
;

boundaryField
{
    inlet
    {
        type            fixedValue;
        value           uniform 2790;
    }
    obstacle
    {
        type            zeroGradient;
    }
    bottom
    {
        type            symmetry;
    }
    outlet
    {
        type            zeroGradient;
    }
    top
    {
        type            symmetry;
    }
    defaultFaces
    {
        type            empty;
    }
    procBoundary4to5
    {
        type            processor;
        value           nonuniform List<scalar> 
121
(
3753.55
2964.41
2964.22
2975.56
2974.09
2958.74
2926.29
2893.8
2870.08
2855.67
2846.8
2840.2
2829.84
2813.82
2793.29
2769.59
2744.99
2722.27
2703.57
2689.66
2679.45
2671.26
2664.02
2657.06
2649.91
2642.29
2634.08
2625.27
2615.78
2605.53
2594.48
2582.58
2569.79
2556.09
2541.46
2525.82
2509.02
2490.95
2471.58
2450.86
2428.68
2404.84
2379.1
2351.18
2320.75
2287.4
2250.59
2209.75
2164.64
2115.62
2063.39
2009.55
1953.94
1900.01
1847.65
1797.1
1748.87
1702.97
1659.32
1617.93
1578.54
1541.36
1506.45
1473.94
1443.92
1416.5
1391.62
1369.23
1349.08
1331.05
1315.21
1300.57
1286.83
1273.92
1261.79
1250.51
1239.93
1230.03
1220.73
1211.98
1203.77
1195.73
1187.97
1180.5
1173.44
1166.75
1160.5
1154.58
1148.99
1143.6
1138.44
1133.47
1128.74
1124.18
1119.79
1115.56
1111.49
1107.56
1103.75
1100.08
1096.56
1093.18
1089.92
1086.79
1083.76
1080.87
1078.07
1075.42
1072.86
1070.44
1068.09
1065.88
1063.72
1061.71
1059.83
1057.98
1056.28
1054.63
1053.08
1051.49
1049.05
)
;
    }
    procBoundary4to6
    {
        type            processor;
        value           nonuniform List<scalar> 
121
(
2790
2790
2790
2790
2790
2790
2790.01
2790.35
2793.44
2802.99
2814.5
2820.28
2819.73
2813.38
2795.25
2773.68
2754.71
2738.98
2726.3
2716.05
2707.63
2699.54
2690.18
2679.22
2668.67
2662.37
2660.94
2662.62
2667.16
2671.2
2672.41
2671.26
2666.73
2660.17
2653.87
2648.42
2643.36
2638.24
2632.89
2627.37
2621.76
2616.11
2610.43
2604.71
2598.88
2592.96
2586.94
2580.83
2574.64
2568.37
2562
2555.5
2548.82
2541.94
2534.84
2527.49
2519.86
2511.91
2503.58
2494.81
2485.56
2475.78
2465.43
2454.46
2442.81
2430.4
2417.17
2403.05
2387.95
2371.82
2354.64
2336.42
2317.05
2296.25
2273.82
2249.75
2224.23
2197.26
2168.84
2138.89
2107.45
2074.28
2039.53
2002.23
1962.64
1922.17
1881.37
1839.81
1796.28
1750.05
1703.72
1658.31
1614.13
1570.29
1526.2
1482.65
1440.46
1399.36
1359.58
1320.99
1284.3
1249.86
1218.36
1189.41
1163.49
1139.62
1118.24
1098.28
1079.87
1062.14
1046.11
1031.45
1018.18
1005.29
992.739
982.129
972.476
963.924
956.81
949.999
938.45
)
;
    }
}


// ************************************************************************* //
