/*--------------------------------*- C++ -*----------------------------------*\
| =========                 |                                                 |
| \\      /  F ield         | OpenFOAM: The Open Source CFD Toolbox           |
|  \\    /   O peration     | Version:  2412                                  |
|   \\  /    A nd           | Website:  www.openfoam.com                      |
|    \\/     M anipulation  |                                                 |
\*---------------------------------------------------------------------------*/
FoamFile
{
    version     2.0;
    format      ascii;
    arch        "LSB;label=32;scalar=64";
    class       volScalarField;
    location    "0.061";
    object      T;
}
// * * * * * * * * * * * * * * * * * * * * * * * * * * * * * * * * * * * * * //

dimensions      [0 0 0 1 0 0 0];

internalField   nonuniform List<scalar> 
9831
(
223.356
223.393
223.455
223.422
223.229
222.936
222.683
222.517
222.492
222.607
222.861
223.231
223.619
223.921
224.107
224.21
224.262
224.285
224.286
224.266
224.217
224.133
224.017
223.879
223.729
223.577
223.426
223.279
223.137
223.001
222.871
222.745
222.625
222.51
222.401
222.297
222.197
222.101
222.009
221.921
221.837
221.759
221.684
221.613
221.547
221.485
221.428
221.375
221.327
221.283
221.242
221.204
221.168
221.135
221.104
221.076
221.048
221.021
220.994
220.968
220.94
220.912
220.88
220.846
220.808
220.766
220.719
220.666
220.605
220.534
220.452
220.358
220.25
220.127
219.988
219.829
219.649
219.442
219.208
218.942
218.641
218.304
217.926
217.503
217.03
216.503
215.916
215.266
214.545
213.754
212.88
211.922
210.862
209.727
208.477
207.126
205.639
204.016
202.27
200.47
198.605
196.685
194.642
192.543
190.312
188.086
185.938
183.851
181.914
180.085
178.233
176.446
174.694
173.033
171.553
170.226
169.153
168.358
167.836
167.52
165.927
223.288
223.391
223.47
223.449
223.291
222.988
222.699
222.494
222.383
222.39
222.51
222.788
223.172
223.537
223.808
223.984
224.091
224.158
224.19
224.192
224.167
224.104
224.003
223.873
223.728
223.579
223.43
223.286
223.149
223.018
222.893
222.773
222.656
222.545
222.44
222.34
222.245
222.155
222.068
221.985
221.907
221.833
221.763
221.698
221.636
221.58
221.528
221.481
221.438
221.4
221.365
221.333
221.304
221.277
221.254
221.232
221.212
221.193
221.175
221.157
221.139
221.12
221.099
221.076
221.05
221.021
220.988
220.949
220.904
220.851
220.787
220.713
220.627
220.528
220.414
220.283
220.132
219.959
219.761
219.534
219.277
218.985
218.657
218.288
217.874
217.41
216.892
216.315
215.67
214.956
214.16
213.285
212.317
211.271
210.117
208.885
207.54
206.09
204.532
202.834
201.035
199.148
197.208
195.242
193.187
190.993
188.801
186.523
184.282
182.201
180.199
178.297
176.485
174.723
173.058
171.586
170.422
169.572
168.995
168.618
166.86
223.229
223.376
223.472
223.472
223.364
223.078
222.749
222.507
222.363
222.302
222.326
222.456
222.741
223.098
223.423
223.67
223.841
223.96
224.039
224.076
224.076
224.042
223.965
223.852
223.717
223.574
223.429
223.287
223.151
223.025
222.907
222.793
222.684
222.578
222.476
222.381
222.291
222.206
222.125
222.048
221.975
221.906
221.842
221.781
221.725
221.674
221.628
221.586
221.549
221.517
221.488
221.463
221.44
221.421
221.404
221.389
221.377
221.366
221.357
221.347
221.339
221.33
221.32
221.308
221.293
221.276
221.256
221.232
221.203
221.166
221.121
221.066
221
220.923
220.833
220.729
220.607
220.465
220.3
220.11
219.892
219.642
219.36
219.04
218.679
218.273
217.816
217.305
216.732
216.097
215.389
214.609
213.747
212.806
211.753
210.603
209.328
207.98
206.53
204.956
203.272
201.443
199.56
197.571
195.624
193.502
191.388
189.193
186.894
184.585
182.355
180.197
178.15
176.213
174.309
172.531
171.044
169.911
169.304
169.215
167.708
223.175
223.346
223.467
223.496
223.429
223.183
222.841
222.556
222.375
222.286
222.263
222.3
222.446
222.703
223.003
223.281
223.51
223.688
223.821
223.906
223.938
223.931
223.887
223.801
223.687
223.556
223.42
223.283
223.15
223.025
222.909
222.802
222.701
222.604
222.509
222.418
222.333
222.254
222.179
222.108
222.041
221.978
221.919
221.864
221.814
221.768
221.727
221.691
221.66
221.634
221.611
221.592
221.576
221.564
221.554
221.547
221.542
221.539
221.537
221.537
221.537
221.538
221.538
221.536
221.534
221.529
221.521
221.511
221.496
221.475
221.447
221.411
221.365
221.31
221.243
221.163
221.068
220.956
220.824
220.669
220.49
220.282
220.044
219.773
219.465
219.117
218.722
218.279
217.78
217.221
216.593
215.895
215.117
214.252
213.282
212.231
211.081
209.855
208.493
207.012
205.407
203.664
201.863
199.901
197.875
195.796
193.665
191.592
189.451
187.234
185.03
182.844
180.642
178.549
176.56
174.676
172.985
171.428
170.242
169.587
167.451
223.127
223.305
223.456
223.514
223.475
223.284
222.961
222.653
222.426
222.297
222.253
222.26
222.318
222.459
222.663
222.896
223.128
223.341
223.521
223.655
223.738
223.768
223.757
223.708
223.622
223.511
223.39
223.265
223.14
223.02
222.907
222.803
222.707
222.619
222.534
222.451
222.372
222.298
222.23
222.165
222.105
222.048
221.995
221.946
221.902
221.862
221.827
221.797
221.772
221.752
221.736
221.723
221.714
221.708
221.705
221.705
221.708
221.713
221.72
221.728
221.737
221.747
221.757
221.766
221.775
221.781
221.786
221.789
221.789
221.783
221.772
221.754
221.727
221.692
221.647
221.591
221.522
221.437
221.336
221.214
221.07
220.901
220.704
220.478
220.218
219.922
219.585
219.202
218.768
218.279
217.727
217.113
216.426
215.663
214.811
213.883
212.858
211.741
210.486
209.134
207.664
206.087
204.395
202.545
200.5
198.452
196.23
193.986
191.734
189.47
187.239
185.03
182.779
180.58
178.479
176.584
174.986
173.649
172.421
171.47
168.792
223.085
223.257
223.437
223.521
223.504
223.373
223.087
222.78
222.524
222.348
222.267
222.257
222.288
222.366
222.482
222.621
222.784
222.974
223.166
223.339
223.473
223.547
223.569
223.557
223.508
223.427
223.33
223.225
223.114
223.003
222.897
222.797
222.705
222.622
222.545
222.474
222.405
222.339
222.277
222.219
222.165
222.115
222.069
222.027
221.989
221.955
221.926
221.903
221.884
221.87
221.86
221.854
221.852
221.853
221.858
221.865
221.875
221.888
221.903
221.919
221.937
221.956
221.976
221.996
222.015
222.033
222.05
222.065
222.078
222.088
222.092
222.092
222.083
222.068
222.044
222.01
221.965
221.908
221.836
221.746
221.636
221.505
221.349
221.166
220.954
220.71
220.428
220.105
219.736
219.318
218.845
218.313
217.71
217.033
216.275
215.444
214.514
213.485
212.329
211.094
209.742
208.283
206.694
204.996
203.16
201.223
199.166
196.928
194.662
192.241
189.822
187.38
184.935
182.506
180.172
177.958
176.022
174.528
173.555
173
170.501
223.053
223.204
223.406
223.521
223.524
223.447
223.205
222.911
222.651
222.445
222.317
222.276
222.289
222.342
222.422
222.503
222.584
222.689
222.826
222.987
223.14
223.255
223.319
223.34
223.33
223.291
223.226
223.146
223.057
222.964
222.87
222.78
222.695
222.617
222.547
222.482
222.425
222.371
222.318
222.268
222.221
222.179
222.14
222.105
222.074
222.047
222.025
222.008
221.995
221.988
221.985
221.986
221.991
222
222.011
222.026
222.044
222.064
222.087
222.112
222.139
222.167
222.196
222.226
222.256
222.285
222.314
222.342
222.368
222.392
222.412
222.427
222.436
222.44
222.436
222.424
222.402
222.37
222.324
222.264
222.187
222.09
221.971
221.829
221.66
221.462
221.232
220.965
220.657
220.305
219.902
219.444
218.922
218.337
217.681
216.947
216.112
215.181
214.147
213.034
211.798
210.448
208.947
207.326
205.611
203.715
201.795
199.678
197.575
195.334
193.012
190.641
188.239
185.746
183.258
180.858
178.478
176.272
174.65
173.666
170.737
223.029
223.151
223.359
223.512
223.542
223.504
223.309
223.035
222.783
222.571
222.408
222.323
222.309
222.34
222.41
222.482
222.536
222.581
222.637
222.722
222.828
222.939
223.025
223.075
223.098
223.098
223.073
223.025
222.963
222.894
222.819
222.743
222.67
222.602
222.538
222.48
222.43
222.388
222.349
222.309
222.271
222.236
222.206
222.179
222.156
222.137
222.121
222.111
222.105
222.105
222.109
222.118
222.13
222.145
222.164
222.186
222.212
222.24
222.271
222.305
222.34
222.377
222.416
222.455
222.496
222.536
222.576
222.616
222.655
222.692
222.727
222.758
222.784
222.805
222.82
222.828
222.829
222.82
222.801
222.77
222.723
222.659
222.577
222.474
222.347
222.196
222.015
221.802
221.553
221.263
220.927
220.542
220.1
219.6
219.03
218.386
217.652
216.841
215.944
214.961
213.846
212.615
211.245
209.763
208.138
206.386
204.478
202.389
200.124
197.848
195.465
193.086
190.7
188.253
185.708
183.366
181.219
179.336
177.506
176.049
172.41
223.015
223.103
223.302
223.492
223.555
223.543
223.403
223.154
222.911
222.7
222.521
222.399
222.353
222.36
222.411
222.482
222.534
222.569
222.601
222.632
222.665
222.709
222.757
222.794
222.826
222.848
222.855
222.845
222.818
222.779
222.731
222.677
222.622
222.568
222.516
222.468
222.426
222.391
222.363
222.338
222.312
222.287
222.265
222.247
222.233
222.222
222.214
222.211
222.213
222.22
222.232
222.247
222.267
222.29
222.317
222.347
222.38
222.416
222.456
222.497
222.541
222.587
222.635
222.685
222.735
222.786
222.837
222.889
222.94
222.991
223.039
223.085
223.127
223.166
223.199
223.226
223.248
223.261
223.267
223.261
223.244
223.212
223.162
223.094
223.007
222.897
222.761
222.598
222.402
222.171
221.9
221.584
221.219
220.801
220.321
219.772
219.146
218.45
217.665
216.783
215.777
214.671
213.446
212.123
210.659
209.062
207.325
205.473
203.403
201.213
198.829
196.299
193.689
191.013
188.222
185.468
182.893
180.797
179.291
178.245
174.859
223.006
223.064
223.239
223.456
223.557
223.572
223.488
223.27
223.027
222.818
222.638
222.495
222.418
222.403
222.429
222.494
222.549
222.581
222.604
222.623
222.637
222.638
222.625
222.61
222.601
222.602
222.612
222.623
222.628
222.621
222.604
222.577
222.545
222.51
222.474
222.44
222.409
222.384
222.365
222.35
222.339
222.327
222.316
222.308
222.303
222.3
222.302
222.307
222.317
222.332
222.351
222.375
222.402
222.433
222.467
222.505
222.546
222.591
222.638
222.688
222.74
222.795
222.852
222.911
222.972
223.033
223.095
223.158
223.221
223.284
223.346
223.406
223.464
223.518
223.569
223.615
223.656
223.691
223.719
223.738
223.747
223.746
223.728
223.696
223.645
223.576
223.484
223.368
223.224
223.05
222.838
222.589
222.294
221.951
221.55
221.088
220.559
219.962
219.276
218.496
217.61
216.637
215.549
214.341
212.977
211.489
209.858
208.088
206.205
204.12
201.976
199.655
197.233
194.741
192.068
189.319
186.512
183.739
181.353
179.63
175.309
223.002
223.035
223.174
223.404
223.549
223.599
223.556
223.375
223.136
222.929
222.754
222.603
222.499
222.463
222.47
222.521
222.58
222.613
222.629
222.64
222.645
222.633
222.604
222.561
222.507
222.459
222.427
222.413
222.415
222.422
222.428
222.43
222.426
222.417
222.404
222.389
222.375
222.363
222.355
222.35
222.349
222.353
222.355
222.358
222.363
222.371
222.382
222.397
222.415
222.438
222.466
222.498
222.533
222.572
222.615
222.661
222.71
222.763
222.818
222.877
222.938
223.002
223.068
223.136
223.206
223.278
223.35
223.424
223.498
223.573
223.648
223.722
223.795
223.865
223.932
223.995
224.055
224.11
224.16
224.202
224.236
224.26
224.272
224.273
224.256
224.224
224.172
224.099
224.002
223.879
223.724
223.536
223.307
223.036
222.716
222.343
221.909
221.408
220.823
220.157
219.404
218.569
217.617
216.541
215.319
213.981
212.497
210.867
209.061
207.088
204.946
202.584
200.052
197.46
194.816
192.077
189.508
187.165
184.952
183.127
178.485
223.001
223.017
223.116
223.338
223.532
223.617
223.598
223.47
223.246
223.041
222.869
222.716
222.593
222.535
222.529
222.561
222.623
222.665
222.681
222.684
222.677
222.653
222.613
222.559
222.493
222.424
222.359
222.303
222.267
222.251
222.252
222.264
222.278
222.292
222.303
222.311
222.316
222.322
222.33
222.338
222.347
222.361
222.379
222.397
222.414
222.433
222.454
222.479
222.507
222.539
222.575
222.616
222.66
222.708
222.758
222.813
222.87
222.931
222.995
223.062
223.131
223.204
223.279
223.356
223.435
223.517
223.599
223.684
223.769
223.856
223.943
224.03
224.116
224.201
224.284
224.364
224.441
224.515
224.585
224.649
224.707
224.757
224.797
224.825
224.842
224.846
224.833
224.802
224.75
224.675
224.572
224.441
224.275
224.071
223.824
223.53
223.18
222.77
222.288
221.74
221.112
220.398
219.567
218.626
217.563
216.388
215.065
213.604
211.972
210.178
208.214
206.118
203.775
201.209
198.535
195.518
192.486
189.614
187.15
185.338
180.883
223
223.007
223.069
223.263
223.498
223.621
223.625
223.552
223.355
223.151
222.982
222.831
222.699
222.618
222.598
222.614
222.672
222.727
222.748
222.749
222.736
222.701
222.646
222.578
222.502
222.425
222.347
222.276
222.215
222.168
222.14
222.131
222.136
222.153
222.175
222.199
222.224
222.251
222.28
222.307
222.332
222.357
222.387
222.419
222.452
222.483
222.517
222.552
222.59
222.632
222.678
222.728
222.781
222.837
222.897
222.959
223.025
223.095
223.167
223.243
223.321
223.402
223.485
223.572
223.66
223.751
223.844
223.938
224.034
224.132
224.231
224.331
224.43
224.529
224.626
224.722
224.816
224.908
224.996
225.081
225.161
225.234
225.3
225.356
225.402
225.436
225.457
225.464
225.453
225.423
225.37
225.291
225.183
225.042
224.864
224.645
224.377
224.056
223.673
223.228
222.704
222.094
221.381
220.575
219.66
218.629
217.448
216.125
214.633
212.986
211.168
209.177
207.045
204.67
202.077
199.355
196.45
193.656
190.774
188.388
182.876
223
223.003
223.037
223.19
223.441
223.612
223.648
223.616
223.456
223.257
223.092
222.949
222.813
222.711
222.673
222.676
222.72
222.784
222.818
222.823
222.811
222.771
222.705
222.623
222.533
222.442
222.356
222.276
222.204
222.145
222.1
222.069
222.055
222.056
222.069
222.091
222.123
222.163
222.207
222.253
222.297
222.339
222.381
222.426
222.472
222.519
222.566
222.614
222.663
222.716
222.772
222.831
222.894
222.96
223.028
223.1
223.175
223.252
223.333
223.417
223.504
223.593
223.686
223.781
223.879
223.979
224.081
224.185
224.292
224.4
224.51
224.621
224.733
224.845
224.956
225.067
225.176
225.284
225.391
225.494
225.594
225.689
225.779
225.861
225.936
226
226.054
226.094
226.121
226.132
226.126
226.096
226.042
225.958
225.843
225.692
225.498
225.26
224.968
224.62
224.199
223.704
223.123
222.461
221.693
220.807
219.779
218.617
217.295
215.822
214.163
212.328
210.281
208.026
205.496
202.918
199.955
197.172
194.479
192.263
186.914
223
223.001
223.017
223.125
223.369
223.59
223.666
223.658
223.545
223.36
223.2
223.064
222.931
222.813
222.751
222.741
222.768
222.834
222.883
222.896
222.887
222.848
222.778
222.687
222.587
222.484
222.384
222.292
222.212
222.145
222.09
222.05
222.024
222.012
222.013
222.024
222.048
222.083
222.132
222.188
222.245
222.303
222.361
222.418
222.478
222.539
222.6
222.661
222.724
222.788
222.856
222.926
222.999
223.074
223.152
223.233
223.317
223.403
223.493
223.586
223.681
223.779
223.88
223.983
224.09
224.199
224.311
224.425
224.541
224.659
224.78
224.902
225.026
225.15
225.275
225.399
225.523
225.647
225.769
225.89
226.009
226.125
226.236
226.342
226.441
226.533
226.616
226.689
226.75
226.797
226.829
226.844
226.842
226.812
226.757
226.668
226.546
226.384
226.177
225.918
225.596
225.21
224.749
224.211
223.569
222.82
221.947
220.954
219.817
218.532
217.056
215.404
213.543
211.487
209.237
206.66
203.932
200.86
197.936
195.394
189.893
223
223
223.007
223.076
223.292
223.551
223.67
223.685
223.621
223.46
223.302
223.171
223.044
222.919
222.835
222.81
222.822
222.879
222.942
222.964
222.959
222.924
222.854
222.76
222.654
222.544
222.434
222.331
222.238
222.159
222.097
222.05
222.017
221.999
221.994
221.998
222.012
222.039
222.083
222.138
222.2
222.266
222.335
222.405
222.476
222.549
222.623
222.697
222.773
222.85
222.929
223.01
223.094
223.18
223.268
223.359
223.452
223.547
223.645
223.747
223.851
223.957
224.066
224.178
224.294
224.412
224.532
224.655
224.781
224.908
225.039
225.171
225.306
225.442
225.579
225.716
225.854
225.992
226.129
226.266
226.402
226.536
226.668
226.796
226.918
227.035
227.146
227.248
227.341
227.424
227.494
227.549
227.587
227.606
227.607
227.577
227.519
227.426
227.293
227.117
226.888
226.605
226.254
225.83
225.313
224.703
223.985
223.155
222.182
221.06
219.756
218.28
216.595
214.713
212.619
210.276
207.719
204.945
201.997
199.377
193.66
223
223
223.003
223.042
223.216
223.496
223.66
223.714
223.682
223.549
223.393
223.267
223.15
223.026
222.927
222.886
222.886
222.926
222.994
223.027
223.026
222.995
222.925
222.831
222.724
222.611
222.497
222.387
222.285
222.195
222.121
222.064
222.025
222
221.991
221.992
222.001
222.024
222.061
222.112
222.173
222.241
222.314
222.392
222.472
222.556
222.641
222.727
222.814
222.903
222.993
223.086
223.181
223.277
223.376
223.476
223.578
223.683
223.79
223.9
224.012
224.127
224.245
224.365
224.489
224.615
224.744
224.876
225.011
225.148
225.287
225.43
225.575
225.722
225.87
226.019
226.17
226.321
226.472
226.624
226.776
226.927
227.077
227.224
227.368
227.508
227.643
227.772
227.893
228.007
228.11
228.203
228.282
228.344
228.389
228.413
228.416
228.386
228.326
228.226
228.084
227.893
227.643
227.327
226.932
226.46
225.889
225.21
224.398
223.447
222.334
221.056
219.58
217.904
215.974
213.798
211.379
208.762
205.881
203.395
198.383
223
223
223.001
223.021
223.151
223.429
223.645
223.735
223.722
223.624
223.476
223.356
223.251
223.134
223.026
222.967
222.956
222.98
223.045
223.086
223.09
223.061
222.991
222.897
222.791
222.678
222.564
222.452
222.346
222.249
222.166
222.099
222.05
222.017
222.002
221.999
222.005
222.022
222.057
222.106
222.164
222.232
222.307
222.388
222.474
222.564
222.657
222.752
222.849
222.948
223.05
223.153
223.259
223.366
223.475
223.585
223.696
223.81
223.926
224.045
224.166
224.289
224.415
224.543
224.675
224.81
224.947
225.087
225.23
225.376
225.525
225.676
225.831
225.987
226.146
226.307
226.469
226.632
226.797
226.962
227.128
227.295
227.461
227.626
227.789
227.95
228.107
228.26
228.408
228.549
228.684
228.809
228.924
229.027
229.116
229.186
229.237
229.266
229.271
229.241
229.176
229.069
228.91
228.697
228.418
228.071
227.633
227.096
226.441
225.663
224.738
223.655
222.378
220.9
219.183
217.234
215.017
212.54
209.89
207.103
201.957
223
223
223
223.01
223.1
223.358
223.622
223.746
223.747
223.686
223.554
223.44
223.344
223.236
223.126
223.053
223.032
223.044
223.098
223.144
223.152
223.123
223.051
222.957
222.852
222.742
222.628
222.517
222.41
222.312
222.224
222.151
222.094
222.053
222.029
222.02
222.022
222.033
222.063
222.109
222.165
222.232
222.308
222.391
222.48
222.575
222.674
222.776
222.882
222.99
223.101
223.214
223.33
223.447
223.566
223.686
223.807
223.93
224.055
224.182
224.311
224.443
224.577
224.713
224.852
224.995
225.14
225.288
225.44
225.594
225.751
225.911
226.074
226.24
226.409
226.579
226.752
226.927
227.103
227.281
227.461
227.641
227.822
228.003
228.184
228.363
228.54
228.715
228.885
229.052
229.214
229.369
229.516
229.654
229.781
229.894
229.993
230.071
230.129
230.162
230.17
230.139
230.067
229.949
229.775
229.539
229.224
228.825
228.324
227.712
226.965
226.069
224.99
223.72
222.228
220.515
218.529
216.344
213.858
211.36
206.867
223
223
223
223.005
223.065
223.292
223.588
223.748
223.769
223.737
223.625
223.516
223.428
223.33
223.223
223.142
223.113
223.117
223.156
223.2
223.21
223.18
223.106
223.01
222.906
222.797
222.686
222.577
222.473
222.375
222.287
222.212
222.151
222.105
222.075
222.06
222.056
222.062
222.086
222.127
222.179
222.243
222.319
222.402
222.493
222.591
222.694
222.802
222.914
223.029
223.148
223.27
223.395
223.522
223.65
223.779
223.91
224.042
224.176
224.311
224.449
224.588
224.73
224.874
225.021
225.171
225.324
225.48
225.638
225.8
225.965
226.133
226.305
226.479
226.657
226.837
227.019
227.204
227.391
227.581
227.772
227.965
228.159
228.355
228.551
228.747
228.942
229.135
229.327
229.516
229.701
229.883
230.059
230.228
230.389
230.54
230.679
230.805
230.913
231.001
231.065
231.102
231.111
231.078
230.999
230.866
230.667
230.398
230.04
229.584
229.002
228.283
227.397
226.334
225.058
223.542
221.748
219.706
217.321
214.814
210.696
223
223
223
223.002
223.041
223.235
223.547
223.743
223.792
223.776
223.685
223.584
223.503
223.416
223.316
223.233
223.197
223.193
223.217
223.253
223.261
223.229
223.151
223.053
222.949
222.842
222.734
222.629
222.528
222.434
222.348
222.273
222.212
222.164
222.13
222.111
222.105
222.107
222.125
222.161
222.208
222.269
222.342
222.424
222.515
222.614
222.72
222.832
222.948
223.069
223.195
223.325
223.457
223.592
223.729
223.868
224.007
224.148
224.29
224.433
224.579
224.726
224.875
225.027
225.181
225.338
225.498
225.661
225.827
225.996
226.168
226.344
226.523
226.705
226.891
227.08
227.271
227.465
227.662
227.862
228.064
228.268
228.475
228.683
228.893
229.103
229.314
229.524
229.734
229.943
230.15
230.354
230.555
230.752
230.943
231.127
231.302
231.467
231.619
231.756
231.876
231.972
232.043
232.084
232.093
232.054
231.963
231.811
231.583
231.272
230.852
230.316
229.633
228.787
227.736
226.458
224.934
223.141
221.08
218.704
215.107
223
223
223
223.001
223.027
223.19
223.506
223.737
223.812
223.806
223.736
223.644
223.571
223.495
223.404
223.323
223.281
223.27
223.279
223.301
223.304
223.265
223.183
223.083
222.979
222.874
222.77
222.669
222.575
222.486
222.403
222.331
222.271
222.224
222.189
222.169
222.16
222.161
222.177
222.209
222.252
222.309
222.378
222.458
222.548
222.647
222.754
222.867
222.987
223.112
223.243
223.379
223.518
223.661
223.806
223.952
224.099
224.248
224.398
224.549
224.702
224.857
225.013
225.172
225.333
225.497
225.663
225.833
226.006
226.182
226.361
226.543
226.729
226.919
227.112
227.309
227.508
227.711
227.916
228.125
228.336
228.551
228.768
228.988
229.209
229.433
229.657
229.883
230.109
230.334
230.56
230.784
231.007
231.228
231.444
231.657
231.864
232.063
232.254
232.433
232.599
232.749
232.881
232.986
233.064
233.108
233.118
233.072
232.967
232.789
232.522
232.152
231.649
230.996
230.152
229.101
227.796
226.194
224.326
222.054
218.831
223
223
223
223.001
223.018
223.156
223.47
223.733
223.827
223.829
223.778
223.697
223.634
223.568
223.486
223.41
223.362
223.341
223.336
223.341
223.334
223.288
223.202
223.1
222.996
222.894
222.794
222.699
222.61
222.527
222.45
222.382
222.325
222.28
222.247
222.228
222.219
222.22
222.236
222.266
222.306
222.36
222.426
222.503
222.591
222.689
222.796
222.91
223.032
223.16
223.294
223.435
223.58
223.728
223.88
224.033
224.188
224.344
224.501
224.66
224.82
224.982
225.145
225.31
225.477
225.647
225.82
225.996
226.175
226.357
226.543
226.732
226.924
227.12
227.32
227.524
227.73
227.94
228.154
228.371
228.591
228.814
229.041
229.27
229.503
229.737
229.974
230.213
230.452
230.693
230.935
231.177
231.419
231.659
231.899
232.136
232.369
232.599
232.822
233.038
233.244
233.439
233.62
233.784
233.928
234.043
234.128
234.174
234.18
234.12
233.991
233.773
233.446
232.989
232.364
231.55
230.481
229.129
227.5
225.442
222.534
223
223
223
223
223.014
223.134
223.443
223.73
223.839
223.851
223.814
223.746
223.692
223.635
223.562
223.49
223.437
223.405
223.385
223.373
223.352
223.298
223.208
223.104
223
222.901
222.806
222.717
222.635
222.558
222.487
222.425
222.372
222.332
222.302
222.284
222.276
222.279
222.297
222.327
222.367
222.419
222.482
222.557
222.643
222.739
222.845
222.96
223.082
223.212
223.35
223.493
223.643
223.797
223.954
224.113
224.274
224.437
224.601
224.766
224.933
225.101
225.27
225.442
225.615
225.791
225.97
226.152
226.336
226.524
226.715
226.91
227.108
227.311
227.517
227.726
227.94
228.156
228.377
228.601
228.828
229.06
229.295
229.533
229.775
230.019
230.267
230.516
230.768
231.022
231.278
231.534
231.792
232.051
232.309
232.567
232.824
233.078
233.329
233.576
233.816
234.05
234.274
234.486
234.683
234.862
235.019
235.143
235.236
235.285
235.29
235.214
235.06
234.793
234.396
233.836
233.032
231.95
230.516
228.632
225.941
223
223
223
223
223.012
223.122
223.427
223.73
223.851
223.872
223.846
223.791
223.745
223.697
223.631
223.562
223.504
223.459
223.423
223.392
223.358
223.297
223.203
223.097
222.994
222.898
222.808
222.725
222.649
222.579
222.515
222.458
222.412
222.376
222.351
222.336
222.331
222.337
222.358
222.389
222.43
222.481
222.544
222.617
222.702
222.797
222.902
223.016
223.139
223.27
223.409
223.555
223.708
223.866
224.028
224.193
224.36
224.528
224.698
224.869
225.042
225.216
225.391
225.567
225.746
225.928
226.112
226.299
226.489
226.682
226.879
227.079
227.282
227.49
227.701
227.917
228.136
228.359
228.585
228.816
229.05
229.289
229.531
229.777
230.026
230.28
230.536
230.796
231.058
231.323
231.59
231.86
232.132
232.405
232.68
232.955
233.231
233.507
233.782
234.054
234.324
234.589
234.849
235.102
235.345
235.576
235.791
235.987
236.16
236.296
236.397
236.447
236.445
236.331
236.124
235.771
235.225
234.439
233.265
231.659
229.189
223
223
223
223
223.012
223.119
223.424
223.734
223.865
223.893
223.875
223.831
223.794
223.754
223.693
223.625
223.56
223.5
223.447
223.401
223.354
223.283
223.184
223.078
222.979
222.888
222.802
222.724
222.654
222.591
222.533
222.484
222.444
222.414
222.394
222.383
222.382
222.393
222.417
222.45
222.493
222.546
222.608
222.681
222.764
222.859
222.963
223.077
223.2
223.332
223.472
223.621
223.776
223.938
224.103
224.273
224.444
224.618
224.793
224.97
225.147
225.327
225.507
225.689
225.873
226.059
226.248
226.44
226.635
226.833
227.034
227.239
227.448
227.66
227.877
228.097
228.322
228.55
228.782
229.018
229.259
229.503
229.752
230.005
230.262
230.522
230.787
231.055
231.326
231.601
231.879
232.159
232.443
232.729
233.018
233.308
233.6
233.894
234.188
234.483
234.776
235.068
235.358
235.644
235.925
236.199
236.464
236.716
236.953
237.168
237.358
237.505
237.614
237.66
237.642
237.507
237.247
236.781
235.92
234.698
232.429
223
223
223
223
223.012
223.122
223.431
223.745
223.881
223.912
223.902
223.869
223.841
223.806
223.748
223.675
223.6
223.525
223.456
223.396
223.333
223.253
223.153
223.051
222.957
222.87
222.79
222.718
222.653
222.596
222.545
222.503
222.47
222.446
222.432
222.426
222.429
222.446
222.473
222.51
222.555
222.61
222.673
222.746
222.83
222.924
223.028
223.141
223.265
223.397
223.539
223.689
223.847
224.011
224.18
224.353
224.529
224.707
224.887
225.068
225.251
225.434
225.619
225.806
225.995
226.185
226.379
226.575
226.775
226.977
227.183
227.392
227.605
227.822
228.043
228.268
228.497
228.73
228.968
229.209
229.455
229.705
229.959
230.218
230.482
230.749
231.021
231.296
231.575
231.858
232.145
232.435
232.729
233.026
233.327
233.63
233.936
234.245
234.556
234.868
235.182
235.496
235.811
236.125
236.437
236.746
237.05
237.349
237.638
237.915
238.177
238.418
238.631
238.796
238.911
238.952
238.917
238.704
238.209
237.495
235.765
223
223
223
223
223.014
223.133
223.452
223.763
223.898
223.932
223.928
223.907
223.886
223.854
223.793
223.711
223.622
223.532
223.452
223.37
223.295
223.213
223.115
223.018
222.928
222.846
222.772
222.706
222.648
222.596
222.552
222.516
222.49
222.474
222.465
222.464
222.473
222.495
222.526
222.567
222.616
222.673
222.738
222.812
222.896
222.99
223.095
223.209
223.332
223.466
223.609
223.76
223.92
224.087
224.259
224.435
224.614
224.796
224.98
225.165
225.352
225.54
225.729
225.92
226.112
226.307
226.505
226.706
226.909
227.115
227.325
227.538
227.755
227.977
228.202
228.431
228.665
228.902
229.144
229.39
229.641
229.896
230.156
230.42
230.689
230.962
231.24
231.522
231.809
232.099
232.394
232.692
232.995
233.302
233.613
233.927
234.245
234.567
234.892
235.219
235.55
235.883
236.218
236.555
236.892
237.23
237.568
237.903
238.235
238.562
238.88
239.188
239.478
239.746
239.976
240.157
240.3
240.352
240.217
239.895
238.97
223
223
223
223.001
223.017
223.153
223.482
223.787
223.916
223.952
223.955
223.944
223.928
223.894
223.822
223.727
223.626
223.523
223.419
223.326
223.247
223.164
223.07
222.978
222.893
222.818
222.75
222.691
222.639
222.594
222.556
222.527
222.508
222.497
222.493
222.498
222.513
222.54
222.576
222.621
222.674
222.734
222.801
222.877
222.962
223.057
223.162
223.277
223.402
223.536
223.68
223.834
223.995
224.164
224.338
224.517
224.699
224.884
225.072
225.261
225.451
225.643
225.836
226.03
226.227
226.425
226.627
226.831
227.038
227.248
227.462
227.679
227.899
228.124
228.353
228.587
228.824
229.066
229.312
229.563
229.818
230.078
230.342
230.612
230.886
231.165
231.449
231.737
232.029
232.327
232.628
232.935
233.246
233.561
233.881
234.205
234.533
234.866
235.203
235.544
235.889
236.238
236.59
236.946
237.304
237.665
238.029
238.393
238.759
239.124
239.487
239.846
240.197
240.54
240.863
241.167
241.436
241.669
241.825
241.814
241.633
223
223
223
223.001
223.024
223.181
223.521
223.814
223.937
223.975
223.983
223.98
223.965
223.921
223.835
223.727
223.61
223.483
223.364
223.269
223.189
223.108
223.019
222.933
222.855
222.787
222.726
222.674
222.629
222.59
222.559
222.536
222.523
222.518
222.519
222.53
222.551
222.582
222.623
222.673
222.73
222.793
222.863
222.941
223.027
223.124
223.23
223.346
223.471
223.607
223.753
223.908
224.071
224.242
224.419
224.6
224.785
224.973
225.163
225.355
225.549
225.744
225.94
226.138
226.337
226.54
226.744
226.952
227.162
227.376
227.593
227.813
228.037
228.266
228.498
228.735
228.976
229.222
229.472
229.727
229.986
230.25
230.519
230.793
231.072
231.356
231.645
231.939
232.237
232.541
232.849
233.162
233.48
233.803
234.131
234.463
234.801
235.144
235.491
235.844
236.201
236.562
236.929
237.3
237.675
238.055
238.439
238.826
239.217
239.611
240.007
240.403
240.799
241.192
241.576
241.952
242.307
242.658
242.964
243.176
243.387
223
223
223
223.002
223.034
223.218
223.567
223.846
223.962
224.001
224.012
224.011
223.99
223.932
223.831
223.705
223.559
223.417
223.297
223.205
223.127
223.048
222.964
222.884
222.814
222.754
222.702
222.657
222.619
222.586
222.561
222.544
222.537
222.536
222.543
222.56
222.586
222.622
222.668
222.722
222.783
222.849
222.922
223.002
223.091
223.189
223.296
223.414
223.541
223.678
223.826
223.983
224.148
224.32
224.499
224.683
224.87
225.06
225.253
225.448
225.644
225.842
226.041
226.242
226.444
226.65
226.857
227.068
227.282
227.498
227.718
227.942
228.169
228.401
228.637
228.877
229.122
229.371
229.625
229.883
230.147
230.415
230.688
230.967
231.25
231.539
231.833
232.132
232.435
232.744
233.059
233.378
233.702
234.032
234.367
234.707
235.053
235.404
235.761
236.123
236.49
236.862
237.24
237.624
238.013
238.407
238.806
239.21
239.62
240.033
240.45
240.869
241.292
241.714
242.133
242.545
242.942
243.336
243.682
243.978
244.251
223
223
223
223.003
223.049
223.264
223.617
223.88
223.991
224.029
224.038
224.033
224.001
223.927
223.802
223.646
223.483
223.339
223.224
223.136
223.06
222.984
222.907
222.835
222.773
222.721
222.677
222.64
222.609
222.583
222.564
222.553
222.55
222.554
222.567
222.588
222.619
222.66
222.71
222.769
222.833
222.902
222.978
223.061
223.152
223.252
223.361
223.481
223.61
223.749
223.898
224.057
224.224
224.398
224.579
224.764
224.954
225.146
225.341
225.539
225.737
225.937
226.139
226.342
226.548
226.756
226.966
227.179
227.396
227.615
227.838
228.064
228.295
228.529
228.768
229.012
229.26
229.512
229.769
230.031
230.298
230.57
230.848
231.13
231.418
231.711
232.009
232.313
232.621
232.935
233.255
233.58
233.91
234.246
234.587
234.934
235.286
235.645
236.009
236.379
236.754
237.136
237.522
237.915
238.314
238.718
239.127
239.542
239.961
240.385
240.812
241.242
241.673
242.103
242.529
242.94
243.336
243.721
244.056
244.316
244.517
223
223
223
223.005
223.07
223.318
223.672
223.918
224.021
224.054
224.057
224.043
223.997
223.894
223.736
223.561
223.395
223.255
223.146
223.064
222.992
222.92
222.85
222.786
222.732
222.689
222.653
222.624
222.6
222.58
222.567
222.562
222.563
222.573
222.591
222.616
222.65
222.696
222.751
222.813
222.88
222.953
223.031
223.117
223.21
223.313
223.424
223.546
223.677
223.818
223.969
224.13
224.299
224.475
224.657
224.845
225.036
225.231
225.428
225.627
225.827
226.03
226.233
226.439
226.647
226.857
227.07
227.286
227.505
227.727
227.952
228.181
228.414
228.652
228.894
229.14
229.391
229.647
229.907
230.172
230.442
230.718
230.999
231.285
231.577
231.874
232.176
232.484
232.797
233.116
233.44
233.769
234.105
234.446
234.793
235.145
235.503
235.867
236.238
236.614
236.995
237.383
237.776
238.175
238.579
238.989
239.403
239.822
240.244
240.669
241.095
241.522
241.946
242.36
242.764
243.149
243.509
243.828
244.095
244.261
244.371
223
223
223
223.01
223.099
223.379
223.73
223.959
224.049
224.073
224.067
224.04
223.968
223.825
223.643
223.462
223.3
223.167
223.068
222.991
222.923
222.857
222.794
222.738
222.694
222.659
222.631
222.609
222.592
222.579
222.571
222.571
222.577
222.591
222.613
222.642
222.681
222.73
222.789
222.855
222.925
223.001
223.082
223.17
223.266
223.371
223.485
223.608
223.742
223.885
224.039
224.201
224.372
224.55
224.734
224.923
225.116
225.312
225.511
225.712
225.914
226.118
226.324
226.531
226.741
226.954
227.169
227.387
227.608
227.832
228.06
228.291
228.527
228.767
229.011
229.26
229.514
229.772
230.036
230.304
230.577
230.856
231.14
231.43
231.725
232.026
232.332
232.643
232.96
233.283
233.611
233.945
234.285
234.63
234.982
235.339
235.701
236.07
236.444
236.825
237.21
237.601
237.997
238.398
238.804
239.214
239.627
240.043
240.46
240.879
241.292
241.702
242.103
242.498
242.859
243.186
243.47
243.715
243.895
243.974
243.938
223
223
223.001
223.017
223.136
223.447
223.79
223.998
224.07
224.081
224.067
224.016
223.9
223.728
223.536
223.357
223.203
223.08
222.99
222.919
222.857
222.797
222.742
222.695
222.659
222.632
222.612
222.597
222.586
222.579
222.577
222.581
222.592
222.61
222.634
222.667
222.71
222.763
222.825
222.894
222.968
223.046
223.13
223.221
223.319
223.426
223.543
223.669
223.805
223.951
224.106
224.271
224.443
224.623
224.809
224.999
225.194
225.391
225.591
225.794
225.997
226.203
226.41
226.62
226.831
227.046
227.263
227.483
227.706
227.932
228.162
228.396
228.634
228.876
229.123
229.374
229.63
229.891
230.157
230.428
230.705
230.986
231.274
231.566
231.864
232.168
232.478
232.792
233.113
233.439
233.771
234.108
234.451
234.8
235.154
235.515
235.88
236.252
236.629
237.012
237.398
237.79
238.186
238.586
238.989
239.394
239.8
240.207
240.61
241.011
241.405
241.795
242.158
242.496
242.793
243.052
243.269
243.43
243.531
243.547
243.426
223
223
223.001
223.027
223.182
223.519
223.85
224.031
224.082
224.08
224.046
223.956
223.806
223.615
223.423
223.251
223.107
222.996
222.914
222.85
222.794
222.741
222.694
222.655
222.627
222.608
222.595
222.586
222.581
222.579
222.582
222.591
222.607
222.628
222.656
222.692
222.738
222.795
222.86
222.931
223.008
223.089
223.175
223.268
223.369
223.479
223.598
223.726
223.865
224.013
224.171
224.337
224.512
224.693
224.88
225.072
225.268
225.467
225.668
225.872
226.077
226.284
226.492
226.703
226.917
227.132
227.351
227.573
227.798
228.026
228.258
228.493
228.733
228.978
229.227
229.481
229.739
230.002
230.271
230.544
230.823
231.107
231.397
231.692
231.993
232.3
232.612
232.93
233.253
233.582
233.916
234.257
234.602
234.954
235.31
235.672
236.04
236.412
236.789
237.171
237.557
237.946
238.338
238.732
239.127
239.524
239.916
240.307
240.694
241.075
241.435
241.771
242.083
242.362
242.603
242.798
242.945
243.044
243.065
243.02
242.857
223
223
223.003
223.043
223.236
223.595
223.906
224.049
224.084
224.063
223.995
223.868
223.692
223.495
223.309
223.148
223.016
222.916
222.843
222.786
222.736
222.69
222.65
222.62
222.6
222.587
222.58
222.577
222.577
222.58
222.588
222.601
222.621
222.645
222.676
222.715
222.765
222.825
222.893
222.966
223.045
223.128
223.217
223.313
223.417
223.529
223.65
223.781
223.922
224.073
224.233
224.401
224.578
224.761
224.949
225.142
225.339
225.539
225.742
225.946
226.152
226.36
226.57
226.782
226.997
227.215
227.435
227.658
227.885
228.115
228.348
228.586
228.827
229.074
229.325
229.58
229.841
230.106
230.377
230.653
230.934
231.221
231.513
231.81
232.114
232.423
232.737
233.057
233.382
233.713
234.049
234.391
234.739
235.091
235.449
235.811
236.178
236.55
236.926
237.305
237.686
238.069
238.453
238.838
239.22
239.602
239.983
240.353
240.709
241.043
241.359
241.65
241.912
242.134
242.313
242.448
242.538
242.574
242.521
242.452
242.265
223
223
223.005
223.065
223.299
223.67
223.95
224.057
224.068
224.021
223.918
223.76
223.569
223.376
223.2
223.051
222.93
222.842
222.777
222.727
222.683
222.644
222.611
222.589
222.575
222.569
222.567
222.569
222.574
222.582
222.594
222.612
222.634
222.661
222.695
222.738
222.79
222.853
222.923
222.999
223.08
223.165
223.257
223.355
223.461
223.576
223.7
223.834
223.977
224.13
224.292
224.463
224.641
224.825
225.015
225.209
225.407
225.608
225.812
226.017
226.224
226.433
226.644
226.857
227.073
227.292
227.513
227.738
227.966
228.197
228.432
228.671
228.915
229.163
229.416
229.673
229.936
230.203
230.475
230.753
231.036
231.325
231.619
231.919
232.224
232.535
232.851
233.172
233.499
233.832
234.169
234.512
234.859
235.212
235.568
235.929
236.294
236.663
237.033
237.406
237.781
238.155
238.528
238.9
239.272
239.635
239.985
240.316
240.633
240.932
241.207
241.45
241.657
241.822
241.945
242.026
242.06
242.041
241.958
241.86
241.665
223
223
223.01
223.094
223.368
223.74
223.975
224.051
224.033
223.954
223.818
223.641
223.448
223.262
223.098
222.96
222.852
222.773
222.716
222.673
222.635
222.602
222.577
222.561
222.554
222.553
222.556
222.563
222.571
222.583
222.6
222.622
222.647
222.677
222.713
222.759
222.815
222.88
222.952
223.03
223.113
223.2
223.294
223.394
223.503
223.62
223.747
223.883
224.029
224.184
224.348
224.521
224.7
224.886
225.077
225.273
225.472
225.673
225.877
226.083
226.291
226.501
226.713
226.928
227.145
227.365
227.587
227.813
228.042
228.275
228.511
228.752
228.997
229.247
229.501
229.76
230.024
230.293
230.567
230.847
231.132
231.422
231.718
232.019
232.325
232.637
232.955
233.277
233.605
233.937
234.275
234.617
234.964
235.315
235.67
236.028
236.388
236.751
237.115
237.479
237.843
238.206
238.57
238.925
239.269
239.597
239.912
240.214
240.495
240.75
240.977
241.17
241.324
241.44
241.512
241.549
241.535
241.483
241.384
241.266
241.067
223
223.001
223.016
223.13
223.44
223.797
223.985
224.021
223.979
223.869
223.707
223.52
223.331
223.156
223.003
222.877
222.78
222.71
222.661
222.624
222.592
222.566
222.547
222.537
222.535
222.539
222.547
222.558
222.57
222.585
222.606
222.631
222.659
222.692
222.731
222.779
222.837
222.905
222.979
223.059
223.143
223.232
223.328
223.431
223.542
223.662
223.791
223.93
224.078
224.236
224.402
224.576
224.757
224.944
225.137
225.333
225.533
225.735
225.94
226.146
226.355
226.565
226.778
226.994
227.212
227.433
227.656
227.883
228.114
228.347
228.585
228.827
229.073
229.325
229.58
229.841
230.106
230.376
230.652
230.933
231.219
231.51
231.807
232.11
232.417
232.73
233.048
233.371
233.698
234.031
234.367
234.708
235.052
235.4
235.75
236.103
236.457
236.812
237.167
237.521
237.876
238.224
238.56
238.886
239.201
239.506
239.792
240.055
240.295
240.505
240.685
240.829
240.936
241.005
241.037
241.034
240.983
240.911
240.801
240.672
240.473
223
223.001
223.026
223.174
223.51
223.835
223.976
223.979
223.906
223.767
223.592
223.405
223.223
223.059
222.917
222.801
222.714
222.654
222.612
222.58
222.554
222.533
222.521
222.516
222.519
222.527
222.54
222.553
222.568
222.587
222.611
222.639
222.67
222.705
222.747
222.798
222.859
222.928
223.004
223.085
223.171
223.262
223.36
223.465
223.579
223.701
223.833
223.974
224.125
224.284
224.452
224.628
224.811
224.999
225.193
225.39
225.59
225.793
225.999
226.206
226.415
226.626
226.84
227.056
227.275
227.497
227.721
227.949
228.181
228.415
228.654
228.897
229.145
229.397
229.654
229.916
230.182
230.454
230.731
231.013
231.3
231.592
231.89
232.193
232.501
232.814
233.131
233.453
233.78
234.111
234.445
234.783
235.124
235.467
235.811
236.157
236.502
236.848
237.196
237.536
237.868
238.189
238.502
238.805
239.092
239.361
239.609
239.833
240.03
240.197
240.332
240.433
240.497
240.531
240.529
240.491
240.422
240.334
240.22
240.087
239.889
223
223.003
223.039
223.223
223.571
223.849
223.945
223.923
223.82
223.66
223.48
223.298
223.125
222.97
222.838
222.733
222.656
222.603
222.567
222.541
222.52
222.505
222.497
222.497
222.505
222.518
222.533
222.549
222.567
222.589
222.616
222.647
222.68
222.717
222.762
222.815
222.878
222.949
223.027
223.109
223.197
223.29
223.39
223.497
223.613
223.738
223.872
224.016
224.169
224.33
224.5
224.678
224.862
225.051
225.246
225.444
225.645
225.848
226.054
226.262
226.471
226.683
226.897
227.114
227.334
227.557
227.782
228.011
228.243
228.479
228.719
228.963
229.211
229.465
229.723
229.985
230.253
230.525
230.803
231.085
231.373
231.666
231.964
232.267
232.575
232.887
233.204
233.525
233.849
234.177
234.508
234.841
235.176
235.513
235.849
236.187
236.526
236.86
237.185
237.503
237.813
238.116
238.405
238.679
238.934
239.169
239.379
239.564
239.72
239.845
239.939
240
240.03
240.031
239.994
239.939
239.853
239.753
239.636
239.501
239.306
223
223.005
223.057
223.273
223.618
223.847
223.902
223.854
223.724
223.554
223.375
223.2
223.035
222.89
222.768
222.672
222.603
222.557
222.527
222.506
222.49
222.48
222.477
222.481
222.493
222.51
222.527
222.545
222.566
222.591
222.621
222.654
222.689
222.729
222.776
222.832
222.896
222.969
223.048
223.132
223.221
223.316
223.418
223.527
223.645
223.773
223.909
224.055
224.21
224.374
224.545
224.724
224.91
225.101
225.296
225.495
225.696
225.9
226.106
226.314
226.524
226.737
226.952
227.169
227.39
227.613
227.839
228.069
228.302
228.538
228.779
229.024
229.273
229.528
229.786
230.05
230.318
230.591
230.869
231.152
231.44
231.733
232.031
232.333
232.64
232.951
233.266
233.585
233.906
234.23
234.557
234.884
235.212
235.54
235.872
236.199
236.52
236.833
237.14
237.44
237.729
238.003
238.262
238.503
238.723
238.921
239.094
239.24
239.358
239.446
239.504
239.534
239.536
239.506
239.452
239.379
239.283
239.176
239.058
238.923
238.731
223.322
223.646
223.826
223.846
223.772
223.625
223.451
223.278
223.11
222.954
222.817
222.704
222.616
222.555
222.517
222.492
222.475
222.463
222.457
222.458
222.468
222.484
222.502
222.521
222.541
222.564
222.592
222.625
222.66
222.697
222.739
222.789
222.847
222.914
222.988
223.068
223.153
223.244
223.34
223.444
223.556
223.676
223.806
223.944
224.093
224.25
224.415
224.589
224.769
224.956
225.148
225.344
225.543
225.745
225.949
226.156
226.364
226.575
226.788
227.003
227.221
227.442
227.666
227.893
228.123
228.357
228.594
228.835
229.081
229.331
229.586
229.846
230.11
230.378
230.652
230.93
231.213
231.501
231.793
232.09
232.392
232.697
233.006
233.318
233.633
233.95
234.269
234.589
234.909
235.23
235.551
235.866
236.174
236.478
236.776
237.064
237.341
237.605
237.853
238.083
238.293
238.48
238.642
238.779
238.888
238.969
239.021
239.047
239.048
239.017
238.968
238.896
238.81
238.707
238.595
238.476
238.342
238.151
222.496
222.516
222.538
222.563
222.594
222.628
222.665
222.705
222.749
222.801
222.861
222.93
223.005
223.087
223.173
223.265
223.363
223.469
223.583
223.706
223.837
223.979
224.129
224.288
224.455
224.63
224.812
225
225.193
225.39
225.59
225.792
225.997
226.203
226.412
226.623
226.837
227.053
227.271
227.493
227.717
227.944
228.175
228.409
228.647
228.889
229.136
229.386
229.642
229.901
230.166
230.435
230.708
230.986
231.269
231.556
231.848
232.143
232.443
232.746
233.052
233.361
233.672
233.984
234.297
234.61
234.923
235.234
235.538
235.839
236.134
236.42
236.696
236.96
237.21
237.444
237.66
237.857
238.031
238.183
238.31
238.412
238.488
238.537
238.562
238.563
238.538
238.49
238.426
238.341
238.245
238.136
238.02
237.898
237.764
237.573
222.489
222.511
222.535
222.562
222.595
222.631
222.671
222.713
222.759
222.813
222.875
222.946
223.023
223.105
223.193
223.286
223.386
223.494
223.61
223.735
223.869
224.013
224.165
224.326
224.495
224.672
224.855
225.044
225.238
225.435
225.636
225.838
226.043
226.25
226.459
226.671
226.884
227.101
227.32
227.541
227.766
227.994
228.225
228.459
228.698
228.94
229.187
229.438
229.694
229.954
230.218
230.487
230.76
231.038
231.32
231.606
231.896
232.19
232.488
232.788
233.09
233.394
233.699
234.007
234.317
234.625
234.931
235.23
235.522
235.808
236.086
236.354
236.61
236.853
237.079
237.286
237.474
237.639
237.782
237.899
237.991
238.058
238.099
238.118
238.113
238.082
238.033
237.964
237.882
237.784
237.678
237.564
237.445
237.323
237.189
236.997
222.482
222.506
222.531
222.561
222.596
222.635
222.676
222.721
222.77
222.827
222.891
222.963
223.041
223.125
223.214
223.309
223.411
223.521
223.64
223.767
223.904
224.05
224.205
224.368
224.539
224.717
224.901
225.091
225.286
225.483
225.684
225.886
226.091
226.298
226.507
226.719
226.932
227.149
227.368
227.589
227.814
228.042
228.272
228.507
228.745
228.988
229.234
229.485
229.74
230
230.263
230.531
230.803
231.08
231.36
231.644
231.931
232.222
232.516
232.811
233.109
233.408
233.708
234.007
234.301
234.593
234.883
235.167
235.446
235.717
235.977
236.226
236.461
236.681
236.883
237.067
237.23
237.371
237.49
237.584
237.655
237.702
237.726
237.728
237.707
237.665
237.607
237.53
237.443
237.341
237.231
237.114
236.992
236.867
236.731
236.556
222.473
222.499
222.527
222.559
222.596
222.638
222.682
222.729
222.781
222.84
222.907
222.98
223.06
223.145
223.236
223.332
223.436
223.548
223.669
223.799
223.938
224.086
224.242
224.407
224.579
224.758
224.944
225.134
225.328
225.525
225.725
225.927
226.131
226.337
226.545
226.755
226.968
227.184
227.401
227.622
227.845
228.072
228.301
228.534
228.771
229.012
229.257
229.506
229.759
230.016
230.277
230.542
230.812
231.085
231.362
231.642
231.926
232.212
232.501
232.791
233.083
233.374
233.666
233.956
234.245
234.531
234.812
235.087
235.355
235.613
235.861
236.097
236.319
236.525
236.714
236.884
237.033
237.161
237.267
237.35
237.411
237.448
237.465
237.461
237.435
237.391
237.331
237.254
237.167
237.067
236.959
236.846
236.73
236.614
236.488
236.317
222.465
222.492
222.522
222.556
222.596
222.64
222.686
222.736
222.792
222.854
222.923
222.998
223.079
223.165
223.257
223.356
223.462
223.576
223.7
223.832
223.974
224.124
224.283
224.449
224.623
224.803
224.989
225.18
225.374
225.571
225.77
225.971
226.175
226.38
226.587
226.797
227.009
227.224
227.441
227.66
227.883
228.108
228.336
228.568
228.804
229.043
229.287
229.534
229.785
230.04
230.299
230.561
230.828
231.098
231.371
231.65
231.93
232.212
232.495
232.78
233.065
233.351
233.635
233.918
234.197
234.472
234.742
235.005
235.261
235.507
235.742
235.964
236.171
236.363
236.537
236.692
236.827
236.941
237.034
237.105
237.154
237.181
237.19
237.177
237.145
237.096
237.033
236.953
236.864
236.764
236.656
236.544
236.429
236.312
236.184
236.002
222.457
222.485
222.517
222.553
222.595
222.641
222.691
222.744
222.802
222.866
222.937
223.014
223.096
223.184
223.278
223.378
223.486
223.603
223.729
223.864
224.008
224.16
224.321
224.489
224.664
224.845
225.032
225.222
225.416
225.613
225.811
226.012
226.214
226.419
226.625
226.834
227.045
227.259
227.474
227.693
227.914
228.138
228.365
228.596
228.83
229.068
229.309
229.555
229.804
230.056
230.313
230.573
230.836
231.103
231.375
231.647
231.921
232.197
232.475
232.754
233.034
233.312
233.589
233.864
234.134
234.4
234.66
234.913
235.157
235.39
235.612
235.82
236.014
236.192
236.352
236.493
236.615
236.716
236.796
236.856
236.895
236.914
236.916
236.895
236.86
236.806
236.741
236.661
236.572
236.473
236.366
236.257
236.145
236.032
235.909
235.744
222.478
222.511
222.55
222.594
222.642
222.694
222.75
222.811
222.878
222.951
223.029
223.113
223.202
223.298
223.4
223.51
223.63
223.758
223.896
224.042
224.197
224.359
224.529
224.705
224.887
225.074
225.265
225.458
225.654
225.852
226.052
226.253
226.457
226.662
226.87
227.08
227.292
227.507
227.724
227.944
228.167
228.392
228.621
228.854
229.09
229.329
229.573
229.82
230.07
230.323
230.58
230.842
231.106
231.371
231.639
231.91
232.182
232.454
232.727
232.999
233.27
233.539
233.805
234.066
234.322
234.571
234.812
235.044
235.265
235.474
235.669
235.85
236.014
236.16
236.288
236.397
236.486
236.555
236.604
236.633
236.645
236.639
236.611
236.572
236.515
236.448
236.366
236.276
236.177
236.072
235.964
235.854
235.743
235.622
235.451
222.47
222.505
222.545
222.592
222.643
222.697
222.756
222.82
222.889
222.964
223.044
223.129
223.219
223.316
223.421
223.533
223.655
223.786
223.927
224.075
224.232
224.396
224.567
224.745
224.928
225.115
225.305
225.498
225.693
225.89
226.089
226.29
226.492
226.697
226.903
227.112
227.323
227.536
227.752
227.971
228.192
228.416
228.643
228.874
229.108
229.346
229.586
229.831
230.078
230.329
230.585
230.842
231.1
231.362
231.626
231.891
232.157
232.424
232.69
232.956
233.219
233.48
233.737
233.989
234.235
234.473
234.703
234.923
235.132
235.328
235.51
235.677
235.828
235.961
236.077
236.173
236.251
236.309
236.348
236.369
236.373
236.359
236.328
236.284
236.224
236.154
236.072
235.981
235.884
235.779
235.673
235.565
235.456
235.338
235.175
222.499
222.541
222.589
222.642
222.7
222.761
222.828
222.9
222.976
223.057
223.143
223.236
223.334
223.441
223.556
223.68
223.814
223.957
224.108
224.266
224.432
224.605
224.783
224.967
225.154
225.344
225.537
225.731
225.927
226.125
226.324
226.526
226.729
226.934
227.142
227.351
227.563
227.778
227.994
228.214
228.436
228.662
228.891
229.123
229.358
229.597
229.838
230.084
230.333
230.583
230.835
231.091
231.348
231.607
231.867
232.128
232.388
232.648
232.906
233.162
233.414
233.662
233.904
234.14
234.368
234.586
234.794
234.991
235.175
235.344
235.498
235.636
235.757
235.86
235.945
236.011
236.06
236.09
236.103
236.1
236.079
236.043
235.995
235.932
235.861
235.778
235.687
235.589
235.486
235.381
235.275
235.169
235.053
234.89
222.491
222.536
222.586
222.641
222.702
222.766
222.836
222.909
222.987
223.069
223.157
223.251
223.351
223.46
223.578
223.705
223.841
223.987
224.14
224.3
224.468
224.641
224.821
225.005
225.192
225.382
225.573
225.767
225.962
226.158
226.357
226.557
226.759
226.963
227.169
227.377
227.588
227.8
228.015
228.233
228.454
228.677
228.904
229.134
229.367
229.603
229.842
230.085
230.329
230.575
230.825
231.076
231.329
231.583
231.837
232.092
232.346
232.599
232.849
233.097
233.341
233.579
233.812
234.037
234.254
234.461
234.658
234.842
235.013
235.17
235.312
235.438
235.547
235.638
235.712
235.768
235.807
235.828
235.835
235.824
235.798
235.757
235.706
235.641
235.568
235.484
235.393
235.296
235.194
235.091
234.987
234.882
234.769
234.61
222.53
222.582
222.64
222.703
222.771
222.842
222.918
222.997
223.081
223.17
223.265
223.368
223.479
223.599
223.729
223.868
224.016
224.171
224.333
224.502
224.677
224.857
225.041
225.228
225.417
225.608
225.801
225.995
226.19
226.387
226.586
226.787
226.99
227.194
227.401
227.609
227.82
228.034
228.249
228.468
228.69
228.914
229.142
229.372
229.606
229.843
230.081
230.322
230.565
230.81
231.056
231.304
231.553
231.802
232.05
232.298
232.543
232.786
233.026
233.26
233.49
233.712
233.927
234.133
234.33
234.514
234.687
234.846
234.991
235.12
235.234
235.332
235.412
235.475
235.522
235.552
235.566
235.566
235.547
235.517
235.472
235.418
235.35
235.276
235.191
235.099
235.003
234.902
234.801
234.699
234.597
234.485
234.329
222.523
222.578
222.638
222.704
222.774
222.848
222.925
223.006
223.092
223.182
223.279
223.384
223.497
223.62
223.753
223.894
224.044
224.201
224.365
224.535
224.711
224.892
225.076
225.263
225.451
225.641
225.833
226.026
226.22
226.416
226.613
226.813
227.014
227.217
227.422
227.629
227.838
228.049
228.263
228.479
228.699
228.921
229.146
229.375
229.605
229.837
230.072
230.31
230.549
230.79
231.032
231.274
231.518
231.761
232.003
232.243
232.482
232.717
232.947
233.173
233.393
233.606
233.81
234.006
234.191
234.364
234.525
234.672
234.805
234.923
235.025
235.112
235.182
235.235
235.273
235.294
235.302
235.294
235.27
235.235
235.187
235.129
235.06
234.984
234.9
234.808
234.712
234.613
234.513
234.413
234.313
234.204
234.051
227.036
227.237
227.44
227.645
227.852
228.062
228.274
228.488
228.705
228.925
229.148
229.373
229.6
229.829
230.061
230.294
230.529
230.765
231.002
231.24
231.477
231.714
231.95
232.183
232.414
232.641
232.863
233.08
233.29
233.493
233.687
233.872
234.045
234.208
234.357
234.493
234.614
234.721
234.813
234.888
234.948
234.993
235.021
235.036
235.036
235.021
234.993
234.954
234.902
234.842
234.771
234.694
234.609
234.518
234.423
234.325
234.226
234.129
234.031
233.925
233.775
227.056
227.255
227.456
227.659
227.865
228.072
228.281
228.493
228.708
228.926
229.145
229.367
229.591
229.817
230.044
230.274
230.504
230.736
230.968
231.2
231.432
231.662
231.891
232.117
232.34
232.559
232.773
232.98
233.181
233.374
233.558
233.731
233.894
234.045
234.183
234.308
234.419
234.515
234.596
234.661
234.712
234.748
234.768
234.776
234.77
234.749
234.716
234.673
234.618
234.556
234.484
234.406
234.321
234.23
234.136
234.039
233.943
233.847
233.752
233.648
233.502
227.073
227.271
227.47
227.671
227.874
228.079
228.287
228.497
228.71
228.924
229.14
229.359
229.579
229.801
230.025
230.25
230.476
230.702
230.929
231.155
231.381
231.605
231.827
232.046
232.261
232.471
232.676
232.875
233.066
233.249
233.422
233.586
233.738
233.878
234.005
234.119
234.219
234.305
234.376
234.432
234.474
234.501
234.515
234.516
234.502
234.477
234.439
234.394
234.336
234.272
234.199
234.12
234.035
233.944
233.852
233.756
233.662
233.568
233.475
233.374
233.231
227.089
227.284
227.482
227.681
227.882
228.084
228.29
228.498
228.706
228.918
229.131
229.346
229.563
229.781
230.001
230.222
230.443
230.664
230.886
231.106
231.326
231.543
231.758
231.969
232.176
232.378
232.574
232.764
232.945
233.118
233.281
233.434
233.576
233.705
233.822
233.925
234.015
234.091
234.152
234.2
234.233
234.253
234.26
234.255
234.235
234.206
234.164
234.115
234.055
233.99
233.916
233.837
233.752
233.662
233.57
233.477
233.384
233.293
233.202
233.104
232.963
227.102
227.296
227.491
227.688
227.886
228.087
228.291
228.495
228.701
228.909
229.119
229.331
229.544
229.759
229.974
230.19
230.406
230.622
230.838
231.053
231.266
231.476
231.684
231.887
232.086
232.28
232.467
232.647
232.819
232.982
233.136
233.278
233.409
233.529
233.635
233.729
233.809
233.875
233.927
233.966
233.992
234.005
234.006
233.993
233.969
233.936
233.891
233.839
233.777
233.71
233.636
233.556
233.472
233.382
233.292
233.2
233.109
233.021
232.932
232.836
232.701
227.114
227.305
227.498
227.693
227.889
228.088
228.288
228.489
228.693
228.898
229.104
229.312
229.522
229.732
229.943
230.154
230.365
230.576
230.786
230.995
231.201
231.405
231.605
231.801
231.992
232.177
232.355
232.526
232.688
232.842
232.985
233.118
233.239
233.348
233.444
233.528
233.599
233.656
233.7
233.731
233.749
233.756
233.751
233.733
233.704
233.667
233.619
233.565
233.501
233.433
233.358
233.278
233.194
233.106
233.017
232.927
232.839
232.753
232.667
232.574
232.442
227.123
227.312
227.503
227.696
227.89
228.086
228.283
228.482
228.682
228.884
229.087
229.291
229.496
229.702
229.909
230.115
230.321
230.526
230.73
230.932
231.132
231.329
231.521
231.71
231.892
232.069
232.238
232.4
232.553
232.697
232.83
232.953
233.065
233.164
233.251
233.325
233.387
233.436
233.472
233.495
233.507
233.508
233.495
233.473
233.44
233.4
233.348
233.292
233.228
233.159
233.084
233.003
232.921
232.834
232.746
232.658
232.572
232.488
232.404
232.314
232.185
227.131
227.318
227.507
227.697
227.889
228.081
228.275
228.471
228.668
228.867
229.066
229.267
229.468
229.669
229.871
230.072
230.273
230.472
230.67
230.866
231.059
231.248
231.434
231.614
231.788
231.956
232.117
232.27
232.413
232.548
232.672
232.785
232.887
232.977
233.054
233.12
233.173
233.214
233.242
233.258
233.264
233.259
233.241
233.215
233.178
233.134
233.081
233.023
232.957
232.887
232.812
232.732
232.65
232.565
232.478
232.393
232.309
232.227
232.146
232.059
231.935
227.137
227.322
227.508
227.696
227.885
228.075
228.266
228.459
228.653
228.847
229.043
229.24
229.436
229.633
229.83
230.026
230.221
230.415
230.607
230.796
230.982
231.164
231.342
231.514
231.68
231.84
231.992
232.136
232.27
232.395
232.51
232.613
232.706
232.787
232.856
232.913
232.958
232.991
233.012
233.022
233.022
233.01
232.988
232.958
232.917
232.871
232.815
232.756
232.689
232.619
232.544
232.465
232.383
232.299
232.215
232.131
232.049
231.97
231.892
231.807
231.687
227.141
227.324
227.508
227.693
227.879
228.066
228.254
228.444
228.634
228.825
229.017
229.209
229.402
229.594
229.786
229.976
230.166
230.354
230.539
230.722
230.901
231.076
231.246
231.41
231.568
231.719
231.863
231.997
232.123
232.239
232.344
232.439
232.522
232.595
232.655
232.704
232.741
232.767
232.781
232.786
232.78
232.763
232.736
232.702
232.659
232.61
232.553
232.492
232.425
232.354
232.28
232.201
232.12
232.038
231.955
231.873
231.794
231.717
231.641
231.56
231.443
227.144
227.325
227.506
227.688
227.872
228.056
228.241
228.427
228.614
228.801
228.989
229.177
229.365
229.552
229.739
229.924
230.108
230.29
230.469
230.645
230.817
230.984
231.147
231.303
231.453
231.596
231.73
231.856
231.973
232.08
232.176
232.262
232.337
232.401
232.453
232.494
232.524
232.543
232.552
232.55
232.538
232.517
232.486
232.449
232.402
232.351
232.293
232.231
232.163
232.092
232.018
231.94
231.861
231.779
231.698
231.619
231.541
231.467
231.394
231.315
231.201
227.145
227.323
227.502
227.682
227.862
228.043
228.225
228.408
228.591
228.774
228.958
229.142
229.325
229.507
229.688
229.868
230.046
230.222
230.395
230.564
230.729
230.889
231.044
231.192
231.334
231.468
231.594
231.712
231.819
231.918
232.006
232.083
232.149
232.205
232.25
232.283
232.306
232.319
232.322
232.315
232.297
232.272
232.238
232.198
232.149
232.096
232.036
231.973
231.905
231.834
231.76
231.683
231.605
231.525
231.446
231.368
231.293
231.221
231.15
231.073
230.964
227.145
227.321
227.497
227.674
227.851
228.029
228.208
228.387
228.566
228.745
228.925
229.104
229.282
229.46
229.636
229.81
229.982
230.151
230.318
230.48
230.638
230.791
230.938
231.079
231.212
231.338
231.456
231.564
231.664
231.754
231.833
231.902
231.961
232.009
232.046
232.072
232.089
232.096
232.093
232.08
232.058
232.029
231.992
231.948
231.897
231.843
231.781
231.718
231.65
231.579
231.506
231.429
231.352
231.274
231.196
231.121
231.048
230.978
230.909
230.835
230.729
227.143
227.316
227.49
227.664
227.838
228.013
228.188
228.363
228.539
228.714
228.889
229.064
229.237
229.409
229.58
229.749
229.915
230.078
230.238
230.393
230.544
230.689
230.829
230.962
231.087
231.205
231.314
231.415
231.506
231.587
231.658
231.72
231.77
231.811
231.841
231.861
231.871
231.873
231.864
231.846
231.821
231.788
231.747
231.702
231.648
231.592
231.53
231.466
231.398
231.327
231.254
231.179
231.103
231.026
230.95
230.876
230.805
230.738
230.671
230.599
230.495
227.14
227.311
227.481
227.652
227.824
227.995
228.167
228.338
228.51
228.681
228.852
229.021
229.19
229.357
229.522
229.685
229.845
230.002
230.155
230.304
230.447
230.585
230.717
230.842
230.96
231.069
231.171
231.263
231.346
231.419
231.483
231.536
231.579
231.613
231.636
231.65
231.654
231.65
231.636
231.614
231.585
231.549
231.505
231.457
231.402
231.345
231.282
231.217
231.149
231.078
231.006
230.932
230.856
230.781
230.707
230.635
230.566
230.5
230.435
230.366
230.267
227.136
227.303
227.471
227.639
227.807
227.976
228.144
228.311
228.479
228.646
228.812
228.977
229.14
229.302
229.462
229.619
229.773
229.923
230.07
230.211
230.348
230.479
230.603
230.72
230.83
230.932
231.025
231.109
231.184
231.25
231.305
231.351
231.387
231.414
231.431
231.439
231.438
231.428
231.41
231.384
231.351
231.312
231.265
231.215
231.159
231.1
231.037
230.972
230.904
230.833
230.761
230.688
230.614
230.54
230.467
230.397
230.33
230.266
230.203
230.135
230.039
227.13
227.295
227.46
227.625
227.79
227.955
228.119
228.283
228.446
228.609
228.77
228.93
229.089
229.245
229.399
229.55
229.698
229.842
229.982
230.117
230.246
230.37
230.487
230.596
230.698
230.792
230.877
230.954
231.021
231.079
231.127
231.166
231.195
231.215
231.226
231.229
231.222
231.207
231.185
231.155
231.119
231.077
231.028
230.976
230.918
230.858
230.794
230.729
230.661
230.59
230.519
230.446
230.373
230.301
230.23
230.161
230.096
230.033
229.972
229.906
229.812
230.928
230.888
230.844
230.793
230.739
230.68
230.619
230.555
230.489
230.421
230.351
230.28
230.208
230.136
230.065
229.995
229.928
229.864
229.803
229.743
229.678
229.587
230.114
230.044
229.973
229.901
229.831
229.762
229.697
229.634
229.574
229.515
229.452
229.363
238.422
225.662
225.173
225.307
225.516
225.561
225.509
225.41
225.281
225.15
225.03
224.922
224.823
224.732
224.646
224.562
224.473
224.372
224.251
224.105
223.935
223.744
223.541
223.33
223.117
222.902
222.686
222.469
222.251
222.032
221.813
221.593
221.373
221.152
220.931
220.711
220.491
220.271
220.052
219.834
219.617
219.402
219.188
218.977
218.768
218.56
218.353
218.148
217.943
217.738
217.534
217.329
217.122
216.912
216.699
216.482
216.26
216.031
215.793
215.547
215.291
215.023
214.743
214.447
214.134
213.801
213.446
213.069
212.668
212.243
211.787
211.297
210.769
210.204
209.6
208.957
208.272
207.539
206.754
205.915
205.02
204.076
203.068
201.996
200.852
199.653
198.391
197.082
195.713
194.285
192.82
191.298
189.736
188.132
186.525
184.984
183.487
182.001
180.488
179.006
177.57
176.218
174.973
173.812
172.692
171.627
170.662
169.766
168.951
168.154
167.441
166.805
166.21
165.629
165.08
164.632
164.388
164.354
164.439
164.569
164.2
237.795
225.748
225.32
225.438
225.572
225.589
225.523
225.409
225.267
225.129
225.012
224.91
224.817
224.73
224.647
224.565
224.478
224.378
224.26
224.118
223.953
223.767
223.566
223.357
223.145
222.932
222.719
222.506
222.292
222.079
221.865
221.651
221.437
221.222
221.008
220.795
220.582
220.37
220.159
219.949
219.741
219.534
219.329
219.127
218.927
218.728
218.531
218.335
218.14
217.946
217.751
217.556
217.36
217.161
216.959
216.754
216.543
216.326
216.102
215.869
215.626
215.373
215.108
214.829
214.532
214.216
213.88
213.523
213.142
212.736
212.3
211.834
211.336
210.801
210.226
209.606
208.938
208.222
207.457
206.64
205.769
204.844
203.856
202.825
201.702
200.52
199.285
197.989
196.631
195.225
193.782
192.328
190.829
189.289
187.688
186.05
184.401
182.808
181.252
179.778
178.389
177.004
175.647
174.382
173.158
172.009
170.988
170.057
169.237
168.447
167.701
166.996
166.327
165.705
165.154
164.737
164.533
164.526
164.62
164.772
164.377
237.182
225.878
225.467
225.547
225.59
225.591
225.517
225.399
225.253
225.113
224.998
224.9
224.812
224.729
224.648
224.568
224.483
224.385
224.269
224.131
223.97
223.789
223.591
223.385
223.175
222.965
222.754
222.545
222.335
222.127
221.918
221.71
221.502
221.295
221.087
220.881
220.675
220.471
220.268
220.066
219.866
219.667
219.471
219.278
219.086
218.897
218.709
218.523
218.337
218.152
217.967
217.783
217.597
217.409
217.218
217.023
216.825
216.62
216.408
216.188
215.959
215.72
215.47
215.206
214.927
214.628
214.311
213.972
213.61
213.224
212.812
212.371
211.897
211.383
210.827
210.228
209.588
208.905
208.178
207.402
206.57
205.683
204.73
203.723
202.655
201.506
200.295
199.031
197.71
196.319
194.86
193.33
191.76
190.198
188.674
187.137
185.554
183.939
182.338
180.747
179.233
177.745
176.301
174.959
173.748
172.625
171.542
170.483
169.526
168.635
167.808
167.016
166.273
165.6
164.994
164.574
164.386
164.462
164.655
164.852
164.486
236.569
226.067
225.598
225.608
225.584
225.566
225.492
225.38
225.241
225.102
224.988
224.892
224.807
224.728
224.65
224.572
224.488
224.393
224.279
224.144
223.987
223.81
223.617
223.414
223.207
222.999
222.791
222.585
222.38
222.176
221.973
221.771
221.569
221.368
221.167
220.968
220.769
220.573
220.377
220.183
219.991
219.801
219.613
219.428
219.245
219.065
218.886
218.709
218.533
218.357
218.182
218.008
217.832
217.654
217.474
217.291
217.104
216.911
216.712
216.505
216.289
216.064
215.829
215.581
215.317
215.036
214.737
214.416
214.075
213.71
213.319
212.9
212.446
211.957
211.43
210.865
210.26
209.611
208.912
208.16
207.352
206.488
205.562
204.587
203.541
202.424
201.219
199.961
198.643
197.266
195.836
194.347
192.822
191.219
189.6
187.975
186.373
184.764
183.19
181.587
180.039
178.553
177.141
175.779
174.464
173.236
172.094
170.992
169.99
169.049
168.158
167.261
166.421
165.677
164.996
164.502
164.22
164.22
164.382
164.698
164.4
235.911
226.298
225.728
225.622
225.545
225.515
225.45
225.355
225.232
225.095
224.98
224.884
224.802
224.726
224.651
224.576
224.495
224.401
224.29
224.157
224.003
223.83
223.642
223.444
223.24
223.035
222.83
222.627
222.426
222.226
222.029
221.832
221.637
221.442
221.248
221.056
220.864
220.675
220.487
220.301
220.117
219.935
219.755
219.578
219.404
219.233
219.063
218.895
218.727
218.561
218.396
218.231
218.065
217.898
217.728
217.556
217.38
217.199
217.013
216.818
216.616
216.405
216.184
215.951
215.704
215.44
215.158
214.856
214.534
214.189
213.82
213.422
212.993
212.532
212.034
211.495
210.912
210.282
209.604
208.877
208.097
207.264
206.369
205.42
204.404
203.338
202.182
200.946
199.655
198.313
196.915
195.467
193.964
192.42
190.839
189.168
187.455
185.767
184.166
182.587
181.042
179.501
177.976
176.493
175.115
173.846
172.653
171.58
170.585
169.646
168.785
167.896
166.994
166.141
165.342
164.721
164.32
164.175
164.279
164.454
164.037
235.16
226.527
225.858
225.623
225.488
225.448
225.394
225.322
225.22
225.089
224.972
224.875
224.794
224.723
224.651
224.578
224.5
224.41
224.3
224.17
224.019
223.849
223.666
223.473
223.275
223.073
222.871
222.671
222.474
222.279
222.086
221.895
221.705
221.517
221.33
221.144
220.96
220.778
220.597
220.419
220.243
220.068
219.897
219.728
219.562
219.399
219.238
219.079
218.921
218.764
218.608
218.452
218.296
218.139
217.98
217.819
217.654
217.485
217.31
217.129
216.94
216.742
216.535
216.317
216.086
215.839
215.575
215.292
214.988
214.663
214.315
213.94
213.536
213.099
212.624
212.107
211.551
210.953
210.312
209.624
208.883
208.088
207.232
206.318
205.334
204.292
203.181
201.977
200.701
199.359
197.949
196.482
194.945
193.389
191.81
190.245
188.636
186.983
185.314
183.625
181.961
180.352
178.771
177.257
175.842
174.583
173.348
172.148
171.028
170.002
169.136
168.324
167.512
166.694
165.897
165.189
164.65
164.361
164.338
164.445
163.972
234.294
226.73
225.983
225.625
225.424
225.368
225.322
225.272
225.197
225.08
224.964
224.865
224.786
224.718
224.649
224.579
224.504
224.417
224.311
224.183
224.034
223.869
223.69
223.503
223.309
223.112
222.915
222.718
222.524
222.333
222.144
221.958
221.775
221.593
221.412
221.233
221.056
220.881
220.708
220.537
220.368
220.202
220.038
219.877
219.72
219.565
219.412
219.262
219.112
218.964
218.817
218.671
218.525
218.378
218.23
218.079
217.925
217.767
217.605
217.436
217.259
217.075
216.882
216.679
216.464
216.233
215.987
215.721
215.437
215.132
214.804
214.452
214.07
213.656
213.207
212.721
212.197
211.63
211.018
210.357
209.642
208.871
208.041
207.153
206.194
205.18
204.088
202.922
201.661
200.355
198.995
197.559
196.089
194.546
192.893
191.191
189.527
187.885
186.214
184.511
182.823
181.23
179.7
178.207
176.695
175.284
173.97
172.746
171.578
170.465
169.493
168.632
167.842
167.045
166.271
165.552
165.008
164.694
164.58
164.682
164.156
233.3
226.883
226.091
225.62
225.352
225.265
225.224
225.195
225.153
225.063
224.954
224.854
224.775
224.71
224.645
224.578
224.506
224.423
224.321
224.197
224.051
223.889
223.714
223.532
223.344
223.152
222.959
222.767
222.576
222.389
222.204
222.023
221.845
221.669
221.494
221.322
221.152
220.983
220.818
220.654
220.493
220.334
220.178
220.025
219.876
219.729
219.585
219.443
219.302
219.163
219.025
218.888
218.752
218.615
218.476
218.336
218.193
218.046
217.895
217.739
217.575
217.404
217.225
217.036
216.836
216.623
216.393
216.146
215.88
215.595
215.287
214.956
214.598
214.209
213.787
213.328
212.829
212.287
211.7
211.067
210.383
209.646
208.852
208.001
207.084
206.113
205.064
203.948
202.751
201.461
200.11
198.702
197.233
195.701
194.138
192.464
190.757
189.043
187.342
185.643
183.933
182.234
180.589
179.065
177.541
176.033
174.536
173.173
172.003
170.888
169.854
168.917
168.112
167.311
166.535
165.789
165.223
164.932
164.818
164.915
164.336
232.175
226.952
226.162
225.605
225.263
225.131
225.093
225.087
225.082
225.028
224.938
224.843
224.764
224.699
224.639
224.576
224.507
224.428
224.331
224.212
224.069
223.91
223.739
223.561
223.378
223.192
223.005
222.817
222.63
222.446
222.266
222.089
221.916
221.745
221.577
221.411
221.247
221.086
220.927
220.771
220.617
220.466
220.317
220.172
220.03
219.892
219.756
219.622
219.49
219.36
219.231
219.103
218.976
218.848
218.72
218.59
218.457
218.322
218.183
218.038
217.887
217.729
217.563
217.389
217.204
217.006
216.794
216.564
216.317
216.051
215.764
215.454
215.119
214.755
214.357
213.923
213.451
212.938
212.385
211.786
211.138
210.437
209.679
208.86
207.972
207.02
205.989
204.902
203.741
202.464
201.122
199.72
198.249
196.718
195.117
193.532
191.918
190.204
188.453
186.684
184.929
183.159
181.445
179.837
178.336
176.918
175.465
173.965
172.552
171.267
170.099
169.043
168.142
167.327
166.577
165.869
165.294
164.997
164.932
165.038
164.454
230.942
226.959
226.181
225.575
225.171
224.983
224.937
224.954
224.986
224.969
224.914
224.833
224.753
224.687
224.63
224.571
224.506
224.432
224.341
224.228
224.09
223.934
223.765
223.591
223.413
223.232
223.05
222.867
222.685
222.506
222.329
222.156
221.987
221.822
221.659
221.499
221.342
221.187
221.036
220.887
220.74
220.596
220.455
220.318
220.183
220.052
219.925
219.799
219.676
219.554
219.434
219.315
219.197
219.079
218.96
218.84
218.718
218.594
218.466
218.333
218.194
218.049
217.897
217.736
217.566
217.384
217.189
216.977
216.748
216.501
216.234
215.945
215.632
215.291
214.919
214.512
214.069
213.587
213.062
212.492
211.872
211.2
210.47
209.682
208.83
207.918
206.932
205.886
204.759
203.554
202.258
200.878
199.46
197.962
196.338
194.657
192.946
191.187
189.417
187.651
185.927
184.201
182.475
180.776
179.098
177.555
176.179
174.833
173.462
172.131
170.895
169.675
168.536
167.542
166.672
165.922
165.333
165.009
164.993
165.121
164.541
229.601
226.83
226.165
225.542
225.088
224.853
224.783
224.813
224.881
224.902
224.879
224.824
224.748
224.678
224.621
224.565
224.505
224.436
224.352
224.245
224.113
223.96
223.794
223.622
223.447
223.271
223.095
222.918
222.741
222.566
222.393
222.225
222.06
221.899
221.742
221.588
221.436
221.288
221.143
221.001
220.862
220.725
220.592
220.461
220.335
220.211
220.091
219.974
219.859
219.746
219.634
219.524
219.415
219.306
219.197
219.087
218.975
218.861
218.745
218.623
218.497
218.365
218.225
218.079
217.923
217.757
217.577
217.383
217.172
216.944
216.697
216.429
216.137
215.82
215.473
215.093
214.677
214.221
213.724
213.184
212.597
211.961
211.27
210.523
209.711
208.834
207.883
206.871
205.771
204.593
203.328
201.978
200.56
199.049
197.523
195.915
194.238
192.487
190.706
188.924
187.105
185.287
183.455
181.667
179.911
178.176
176.612
175.219
173.904
172.652
171.486
170.322
169.172
168.057
167.066
166.231
165.596
165.227
165.185
165.315
164.687
228.091
226.455
226.054
225.498
225.024
224.756
224.66
224.696
224.787
224.84
224.844
224.813
224.747
224.677
224.618
224.562
224.505
224.441
224.363
224.264
224.138
223.989
223.825
223.655
223.482
223.31
223.138
222.967
222.796
222.626
222.458
222.294
222.133
221.977
221.825
221.676
221.53
221.388
221.25
221.114
220.982
220.852
220.726
220.603
220.483
220.368
220.256
220.146
220.039
219.934
219.831
219.73
219.629
219.53
219.43
219.33
219.229
219.125
219.019
218.91
218.795
218.675
218.549
218.416
218.274
218.123
217.96
217.782
217.589
217.379
217.152
216.904
216.635
216.341
216.018
215.664
215.274
214.847
214.381
213.874
213.321
212.717
212.056
211.337
210.554
209.709
208.791
207.809
206.741
205.608
204.39
203.066
201.644
200.178
198.635
197.027
195.355
193.632
191.849
190.047
188.173
186.315
184.448
182.629
180.917
179.202
177.519
175.927
174.422
173.067
171.833
170.663
169.543
168.457
167.49
166.661
166.028
165.656
165.548
165.649
164.904
226.457
225.716
225.734
225.378
224.949
224.677
224.57
224.607
224.702
224.784
224.81
224.798
224.749
224.681
224.618
224.562
224.506
224.447
224.375
224.282
224.163
224.02
223.859
223.69
223.519
223.349
223.181
223.014
222.849
222.684
222.522
222.362
222.206
222.055
221.907
221.764
221.624
221.487
221.355
221.226
221.1
220.978
220.858
220.742
220.63
220.522
220.417
220.316
220.217
220.12
220.025
219.932
219.84
219.75
219.66
219.569
219.477
219.384
219.289
219.191
219.088
218.98
218.867
218.747
218.619
218.483
218.335
218.174
217.999
217.808
217.599
217.372
217.124
216.852
216.554
216.225
215.863
215.465
215.028
214.549
214.024
213.451
212.827
212.149
211.41
210.609
209.736
208.796
207.771
206.681
205.5
204.232
202.863
201.409
199.884
198.268
196.526
194.792
193.026
191.265
189.433
187.636
185.809
183.897
181.957
180.13
178.434
176.878
175.34
173.905
172.542
171.234
170.027
168.863
167.836
166.987
166.372
166.051
165.93
165.968
165.147
225.065
224.774
225.088
225.025
224.8
224.585
224.486
224.52
224.61
224.718
224.772
224.782
224.754
224.69
224.621
224.563
224.509
224.452
224.386
224.301
224.189
224.052
223.895
223.728
223.558
223.389
223.223
223.06
222.9
222.741
222.584
222.43
222.279
222.132
221.989
221.851
221.716
221.586
221.459
221.336
221.217
221.101
220.988
220.879
220.774
220.673
220.576
220.482
220.391
220.302
220.216
220.131
220.048
219.966
219.885
219.804
219.722
219.639
219.554
219.467
219.376
219.28
219.179
219.072
218.958
218.836
218.704
218.56
218.401
218.228
218.038
217.831
217.604
217.354
217.08
216.776
216.441
216.07
215.662
215.213
214.722
214.186
213.599
212.955
212.248
211.478
210.635
209.724
208.729
207.668
206.511
205.271
203.949
202.512
201.052
199.508
197.872
196.167
194.389
192.564
190.674
188.788
186.953
185.098
183.175
181.163
179.194
177.473
175.875
174.411
173.009
171.664
170.463
169.249
168.109
167.156
166.458
166.099
166.003
166.089
165.273
224.192
223.954
224.311
224.476
224.477
224.396
224.346
224.392
224.484
224.618
224.713
224.756
224.746
224.693
224.625
224.565
224.511
224.457
224.396
224.318
224.214
224.084
223.932
223.767
223.597
223.429
223.265
223.104
222.948
222.795
222.643
222.495
222.349
222.207
222.069
221.936
221.807
221.682
221.561
221.444
221.331
221.222
221.116
221.014
220.916
220.821
220.731
220.645
220.562
220.481
220.402
220.326
220.251
220.178
220.106
220.034
219.962
219.889
219.814
219.738
219.658
219.574
219.485
219.391
219.29
219.182
219.065
218.937
218.796
218.64
218.469
218.281
218.075
217.847
217.596
217.317
217.008
216.665
216.286
215.869
215.41
214.904
214.346
213.734
213.064
212.333
211.535
210.668
209.723
208.707
207.593
206.401
205.12
203.749
202.273
200.669
199.038
197.341
195.56
193.696
191.805
189.901
188.051
186.174
184.393
182.553
180.603
178.701
176.874
175.165
173.621
172.17
170.913
169.678
168.489
167.46
166.635
166.099
165.935
166.027
165.161
223.81
223.542
223.715
223.862
223.952
224.014
224.061
224.146
224.278
224.445
224.604
224.691
224.712
224.682
224.626
224.566
224.51
224.458
224.402
224.33
224.235
224.114
223.968
223.806
223.638
223.47
223.307
223.147
222.994
222.845
222.699
222.556
222.417
222.28
222.148
222.02
221.896
221.777
221.662
221.551
221.444
221.341
221.241
221.146
221.054
220.967
220.884
220.805
220.729
220.656
220.585
220.517
220.45
220.386
220.322
220.26
220.197
220.133
220.069
220.003
219.934
219.862
219.785
219.703
219.616
219.522
219.419
219.307
219.182
219.044
218.891
218.723
218.536
218.33
218.102
217.847
217.564
217.249
216.899
216.511
216.081
215.608
215.087
214.516
213.888
213.199
212.44
211.613
210.705
209.722
208.644
207.495
206.251
204.914
203.457
201.914
200.294
198.632
196.886
195.008
193.15
191.225
189.323
187.336
185.363
183.51
181.637
179.799
177.994
176.237
174.622
173.112
171.753
170.455
169.198
168.083
167.133
166.412
166.181
166.256
165.446
223.65
223.429
223.466
223.443
223.395
223.444
223.558
223.717
223.913
224.139
224.374
224.54
224.617
224.633
224.604
224.553
224.503
224.455
224.402
224.336
224.248
224.136
223.997
223.841
223.676
223.51
223.347
223.188
223.037
222.891
222.75
222.612
222.478
222.348
222.222
222.1
221.981
221.868
221.758
221.653
221.552
221.455
221.362
221.273
221.188
221.108
221.032
220.96
220.891
220.826
220.763
220.702
220.644
220.588
220.533
220.479
220.426
220.372
220.317
220.261
220.203
220.142
220.077
220.008
219.933
219.852
219.764
219.667
219.559
219.438
219.303
219.153
218.986
218.801
218.595
218.364
218.107
217.818
217.496
217.137
216.739
216.299
215.813
215.275
214.679
214.022
213.298
212.507
211.638
210.694
209.659
208.554
207.346
206.049
204.663
203.154
201.57
199.895
198.158
196.266
194.336
192.339
190.384
188.431
186.448
184.496
182.544
180.61
178.743
176.917
175.213
173.637
172.161
170.808
169.539
168.369
167.366
166.559
166.225
166.274
165.547
223.55
223.406
223.434
223.375
223.18
223.016
223.013
223.138
223.36
223.647
223.96
224.235
224.42
224.506
224.521
224.503
224.472
224.436
224.392
224.333
224.252
224.146
224.015
223.867
223.709
223.546
223.385
223.228
223.079
222.935
222.797
222.664
222.535
222.411
222.291
222.175
222.063
221.955
221.851
221.752
221.657
221.567
221.48
221.397
221.319
221.245
221.175
221.11
221.049
220.991
220.935
220.883
220.832
220.784
220.738
220.692
220.648
220.603
220.558
220.512
220.465
220.415
220.362
220.304
220.242
220.174
220.1
220.018
219.926
219.821
219.704
219.573
219.425
219.261
219.077
218.871
218.638
218.377
218.083
217.755
217.389
216.982
216.528
216.026
215.47
214.857
214.18
213.437
212.617
211.722
210.738
209.676
208.502
207.235
205.859
204.371
202.834
201.14
199.412
197.583
195.682
193.654
191.593
189.614
187.663
185.772
183.861
181.916
179.983
178.077
176.229
174.505
172.846
171.344
170.059
168.87
167.829
166.918
166.366
166.36
165.527
223.448
223.397
223.439
223.392
223.186
222.92
222.726
222.7
222.813
223.051
223.385
223.753
224.059
224.249
224.345
224.383
224.388
224.377
224.353
224.312
224.243
224.145
224.02
223.877
223.725
223.568
223.412
223.259
223.113
222.973
222.838
222.709
222.584
222.466
222.352
222.242
222.136
222.034
221.937
221.843
221.754
221.67
221.59
221.513
221.441
221.373
221.31
221.252
221.197
221.146
221.098
221.053
221.01
220.97
220.931
220.894
220.858
220.823
220.787
220.751
220.713
220.674
220.631
220.585
220.535
220.479
220.419
220.35
220.273
220.184
220.084
219.97
219.841
219.696
219.532
219.348
219.139
218.902
218.635
218.333
217.995
217.617
217.196
216.727
216.206
215.627
214.983
214.271
213.482
212.617
211.665
210.631
209.486
208.262
206.94
205.525
204.002
202.337
200.626
198.875
197.068
195.109
193.006
190.861
188.712
186.711
184.792
182.896
181.019
179.139
177.248
175.454
173.711
172.087
170.727
169.494
168.453
167.643
167.033
166.803
165.594
)
;

boundaryField
{
    inlet
    {
        type            fixedValue;
        value           uniform 223;
    }
    obstacle
    {
        type            zeroGradient;
    }
    bottom
    {
        type            symmetry;
    }
    outlet
    {
        type            inletOutlet;
        inletValue      nonuniform List<scalar> 0();
        value           nonuniform List<scalar> 0();
    }
    top
    {
        type            symmetry;
    }
    defaultFaces
    {
        type            empty;
    }
    procBoundary6to4
    {
        type            processor;
        value           nonuniform List<scalar> 
121
(
239.046
225.601
225.053
225.178
225.427
225.504
225.473
225.399
225.29
225.171
225.051
224.937
224.832
224.736
224.647
224.561
224.47
224.367
224.242
224.091
223.916
223.722
223.517
223.305
223.091
222.874
222.655
222.434
222.211
221.987
221.762
221.537
221.31
221.083
220.856
220.628
220.401
220.173
219.947
219.72
219.494
219.27
219.048
218.827
218.609
218.391
218.175
217.959
217.745
217.53
217.316
217.1
216.882
216.662
216.438
216.209
215.974
215.733
215.482
215.222
214.952
214.67
214.375
214.063
213.732
213.381
213.008
212.612
212.19
211.743
211.267
210.758
210.21
209.617
208.981
208.302
207.581
206.815
205.999
205.131
204.205
203.229
202.2
201.086
199.919
198.708
197.44
196.113
194.738
193.321
191.844
190.28
188.737
187.216
185.742
184.245
182.732
181.22
179.737
178.296
176.899
175.597
174.396
173.294
172.243
171.257
170.348
169.51
168.739
167.989
167.32
166.717
166.122
165.513
164.906
164.399
164.13
164.077
164.144
164.267
163.944
)
;
    }
    procBoundary6to7
    {
        type            processor;
        value           nonuniform List<scalar> 
153
(
223
223.008
223.079
223.079
223.365
223.656
223.788
223.777
223.68
223.522
223.353
223.186
223.025
222.877
222.749
222.644
222.566
222.512
222.479
222.459
222.446
222.439
222.437
222.442
222.456
222.475
222.475
222.467
222.458
222.447
222.438
222.428
222.448
222.448
222.439
222.462
222.462
222.453
222.484
222.484
222.475
222.516
222.573
222.636
222.704
222.777
222.853
222.932
223.015
223.101
223.193
223.292
223.399
223.515
223.641
223.776
223.92
224.071
224.23
224.396
224.568
224.745
224.926
225.11
225.296
225.484
225.673
225.863
226.055
226.248
226.442
226.639
226.836
226.836
226.858
226.877
226.895
226.91
226.923
226.935
226.945
226.953
226.959
226.964
226.968
226.97
226.971
226.97
226.968
226.965
227.123
227.286
227.448
227.609
227.771
227.932
228.093
228.253
228.412
228.57
228.727
228.882
229.035
229.186
229.334
229.48
229.621
229.759
229.892
230.02
230.142
230.259
230.368
230.47
230.564
230.65
230.728
230.797
230.857
230.907
230.948
230.98
231.003
231.017
231.022
231.019
231.007
230.988
230.961
230.961
230.703
230.66
230.613
230.56
230.505
230.444
230.383
230.318
230.252
230.184
230.184
229.88
229.81
229.74
229.669
229.6
229.532
229.467
229.406
229.347
229.29
229.228
229.14
)
;
    }
}


// ************************************************************************* //
