/*--------------------------------*- C++ -*----------------------------------*\
| =========                 |                                                 |
| \\      /  F ield         | OpenFOAM: The Open Source CFD Toolbox           |
|  \\    /   O peration     | Version:  2412                                  |
|   \\  /    A nd           | Website:  www.openfoam.com                      |
|    \\/     M anipulation  |                                                 |
\*---------------------------------------------------------------------------*/
FoamFile
{
    version     2.0;
    format      ascii;
    arch        "LSB;label=32;scalar=64";
    class       volScalarField;
    location    "0.087";
    object      p;
}
// * * * * * * * * * * * * * * * * * * * * * * * * * * * * * * * * * * * * * //

dimensions      [1 -1 -2 0 0 0 0];

internalField   nonuniform List<scalar> 
9857
(
2833.27
2772.23
2762.52
2826.08
2768.92
2759.14
2748.96
2741.67
2735.44
2730.46
2726.17
2722.2
2718.37
2714.53
2710.59
2706.78
2703.89
2702.71
2703.14
2709.91
2729.31
2753.14
2770.92
2781.51
2787.76
2792.03
2795.63
2799.2
2819.16
2765.43
2755.79
2746.03
2739.08
2733.06
2728.27
2724.09
2720.21
2716.48
2712.74
2708.93
2705.3
2702.64
2701.63
2702.28
2709.97
2730.2
2754.02
2771.38
2781.65
2787.76
2792
2795.64
2799.3
2810.49
2760.56
2751.71
2742.69
2736.09
2730.31
2725.69
2721.62
2717.86
2714.27
2710.67
2707.02
2703.61
2701.24
2700.4
2701.39
2710.22
2731.42
2755.13
2771.96
2781.83
2787.74
2791.94
2795.64
2799.4
2797.22
2754.29
2746.88
2738.94
2732.64
2727.14
2722.72
2718.82
2715.23
2711.79
2708.34
2704.87
2701.74
2699.68
2699.05
2700.53
2710.79
2732.95
2756.39
2772.58
2782
2787.7
2791.87
2795.62
2799.5
2783.68
2748.08
2742.44
2735.28
2729.28
2724
2719.72
2715.97
2712.55
2709.3
2706.02
2702.76
2699.93
2698.18
2697.77
2699.88
2711.73
2734.79
2757.81
2773.27
2782.2
2787.68
2791.79
2795.62
2799.61
2766.16
2743.7
2738.43
2731.29
2725.59
2720.73
2716.74
2713.21
2709.96
2706.86
2703.74
2700.7
2698.16
2696.73
2696.56
2699.51
2713.04
2736.82
2759.24
2773.9
2782.34
2787.63
2791.71
2795.61
2799.72
2744.47
2741.1
2735.29
2727.69
2722.08
2717.51
2713.73
2710.42
2707.39
2704.47
2701.55
2698.73
2696.48
2695.35
2695.45
2699.47
2714.71
2738.97
2760.62
2774.45
2782.41
2787.53
2791.61
2795.59
2799.82
2804.21
2724.94
2737.23
2731.14
2723.74
2718.55
2714.35
2710.85
2707.76
2704.9
2702.14
2699.39
2696.81
2694.86
2693.98
2694.4
2699.71
2716.67
2741.19
2761.93
2774.91
2782.41
2787.39
2791.48
2795.57
2799.92
2804.38
2705.7
2732.81
2725.95
2719.59
2714.99
2711.12
2707.92
2705.09
2702.45
2699.87
2697.32
2695
2693.33
2692.64
2693.45
2700.26
2718.86
2743.39
2763.13
2775.26
2782.35
2787.19
2791.32
2795.52
2800
2804.54
2808.84
2685.01
2727.85
2721.23
2715.93
2711.78
2708.14
2705.18
2702.56
2700.1
2697.69
2695.32
2693.24
2691.83
2691.32
2692.64
2701.1
2721.2
2745.5
2764.19
2775.49
2782.23
2786.97
2791.15
2795.48
2800.07
2804.68
2809
2663.59
2722.69
2716.88
2712.32
2708.54
2705.2
2702.5
2700.12
2697.85
2695.6
2693.41
2691.53
2690.34
2690.04
2692.01
2702.25
2723.6
2747.46
2765.06
2775.6
2782.03
2786.7
2790.97
2795.43
2800.14
2804.8
2809.14
2813.1
2641.19
2717.47
2712.78
2708.87
2705.42
2702.4
2699.93
2697.75
2695.64
2693.54
2691.51
2689.82
2688.85
2688.79
2691.62
2703.69
2726.02
2749.23
2765.75
2775.61
2781.77
2786.42
2790.79
2795.39
2800.2
2804.9
2809.26
2813.26
2617.88
2712.18
2708.94
2705.52
2702.37
2699.7
2697.48
2695.48
2693.51
2691.54
2689.65
2688.12
2687.32
2687.56
2691.53
2705.41
2728.41
2750.8
2766.27
2775.53
2781.47
2786.12
2790.61
2795.35
2800.25
2805
2809.38
2813.43
2817.32
2821.23
2825.26
2829.35
2833.4
2837.37
2841.31
2845.33
2849.59
2854.15
2859.01
2864.12
2869.37
2874.68
2879.99
2885.29
2890.57
2895.84
2901.1
2906.37
2911.65
2916.95
2922.29
2927.68
2933.15
2938.71
2944.4
2950.23
2956.23
2962.39
2968.73
2975.25
2593.6
2707.28
2705.23
2702.12
2699.32
2697.05
2695.09
2693.27
2691.42
2689.55
2687.79
2686.42
2685.75
2686.33
2691.67
2707.35
2730.74
2752.2
2766.66
2775.39
2781.15
2785.84
2790.45
2795.33
2800.32
2805.09
2809.5
2813.6
2817.59
2821.62
2825.73
2829.86
2833.92
2837.88
2841.83
2845.91
2850.23
2854.86
2859.79
2864.93
2870.19
2875.48
2880.78
2886.06
2891.33
2896.58
2901.83
2907.07
2912.33
2917.61
2922.92
2928.29
2933.74
2939.28
2944.95
2950.76
2956.73
2962.86
2969.16
2975.64
2568.33
2702.78
2701.41
2698.86
2696.46
2694.53
2692.8
2691.11
2689.36
2687.57
2685.91
2684.7
2684.17
2685.22
2692.08
2709.42
2732.95
2753.4
2766.92
2775.17
2780.81
2785.56
2790.32
2795.33
2800.39
2805.19
2809.63
2813.8
2817.88
2822.01
2826.2
2830.35
2834.41
2838.38
2842.35
2846.48
2850.87
2855.58
2860.55
2865.72
2870.97
2876.25
2881.53
2886.8
2892.05
2897.28
2902.51
2907.73
2912.96
2918.21
2923.5
2928.85
2934.28
2939.8
2945.45
2951.24
2957.17
2963.27
2969.53
2975.96
2542.24
2698.28
2698
2695.87
2693.77
2692.12
2690.59
2688.99
2687.3
2685.56
2684
2682.95
2682.61
2684.27
2692.77
2711.56
2735.01
2754.44
2767.08
2774.94
2780.49
2785.32
2790.22
2795.35
2800.47
2805.3
2809.77
2814.01
2818.19
2822.41
2826.65
2830.83
2834.88
2838.85
2842.86
2847.04
2851.51
2856.28
2861.3
2866.47
2871.72
2876.99
2882.25
2887.5
2892.73
2897.94
2903.13
2908.33
2913.54
2918.77
2924.03
2929.36
2934.76
2940.26
2945.88
2951.64
2957.55
2963.61
2969.82
2976.2
2515.37
2694.02
2694.9
2692.88
2691.1
2689.74
2688.39
2686.87
2685.21
2683.53
2682.05
2681.16
2681.08
2683.54
2693.77
2713.76
2736.89
2755.3
2767.16
2774.68
2780.19
2785.12
2790.17
2795.4
2800.56
2805.42
2809.93
2814.25
2818.52
2822.82
2827.11
2831.29
2835.34
2839.32
2843.36
2847.61
2852.15
2856.97
2862.02
2867.2
2872.43
2877.68
2882.93
2888.16
2893.36
2898.55
2903.72
2908.89
2914.07
2919.27
2924.51
2929.81
2935.19
2940.67
2946.27
2951.99
2957.86
2963.88
2970.04
2976.36
2488.05
2689.35
2691.95
2690.11
2688.6
2687.44
2686.21
2684.73
2683.1
2681.45
2680.08
2679.35
2679.58
2683.1
2695.07
2716
2738.64
2756.03
2767.2
2774.44
2779.93
2784.97
2790.16
2795.48
2800.68
2805.56
2810.12
2814.51
2818.87
2823.24
2827.55
2831.73
2835.77
2839.77
2843.86
2848.17
2852.78
2857.65
2862.72
2867.89
2873.11
2878.35
2883.58
2888.78
2893.96
2899.12
2904.26
2909.4
2914.56
2919.73
2924.95
2930.22
2935.58
2941.03
2946.59
2952.28
2958.11
2964.08
2970.19
2976.45
2460.59
2684.33
2689.67
2687.55
2686.19
2685.16
2684.01
2682.56
2680.93
2679.34
2678.12
2677.52
2678.14
2682.97
2696.63
2718.25
2740.24
2756.65
2767.2
2774.21
2779.72
2784.88
2790.19
2795.59
2800.82
2805.72
2810.33
2814.8
2819.24
2823.65
2827.97
2832.15
2836.19
2840.21
2844.36
2848.74
2853.41
2858.32
2863.39
2868.56
2873.76
2878.98
2884.19
2889.37
2894.52
2899.64
2904.76
2909.88
2915
2920.15
2925.34
2930.59
2935.92
2941.34
2946.87
2952.52
2958.3
2964.22
2970.27
2976.48
2432.88
2679.98
2686.78
2684.72
2683.74
2682.88
2681.79
2680.35
2678.72
2677.22
2676.17
2675.74
2676.86
2683.11
2698.38
2720.47
2741.73
2757.2
2767.19
2774.03
2779.57
2784.86
2790.27
2795.73
2800.98
2805.91
2810.57
2815.12
2819.62
2824.06
2828.39
2832.56
2836.6
2840.66
2844.85
2849.31
2854.03
2858.97
2864.04
2869.2
2874.39
2879.58
2884.77
2889.92
2895.04
2900.13
2905.22
2910.31
2915.41
2920.53
2925.69
2930.91
2936.21
2941.6
2947.09
2952.7
2958.44
2964.3
2970.3
2976.42
2405.2
2675.4
2683.72
2682.23
2681.43
2680.62
2679.55
2678.1
2676.49
2675.08
2674.22
2674.05
2675.82
2683.56
2700.29
2722.62
2743.09
2757.68
2767.19
2773.89
2779.48
2784.88
2790.4
2795.91
2801.18
2806.13
2810.84
2815.45
2820
2824.47
2828.79
2832.95
2837.01
2841.1
2845.36
2849.87
2854.64
2859.59
2864.67
2869.81
2874.98
2880.16
2885.31
2890.43
2895.52
2900.59
2905.65
2910.71
2915.78
2920.87
2926
2931.2
2936.46
2941.82
2947.27
2952.84
2958.52
2964.34
2970.25
2976.3
2377.42
2670.31
2681.05
2679.86
2679.21
2678.42
2677.32
2675.84
2674.27
2672.98
2672.31
2672.44
2675.07
2684.37
2702.36
2724.72
2744.35
2758.13
2767.22
2773.82
2779.47
2784.97
2790.57
2796.12
2801.4
2806.37
2811.14
2815.8
2820.39
2824.87
2829.18
2833.33
2837.41
2841.54
2845.86
2850.43
2855.23
2860.2
2865.27
2870.4
2875.55
2880.7
2885.83
2890.91
2895.97
2901.01
2906.04
2911.07
2916.11
2921.18
2926.28
2931.44
2936.67
2941.99
2947.41
2952.92
2958.56
2964.3
2970.14
2976.11
2349.57
2665.09
2678.64
2677.5
2677.02
2676.26
2675.11
2673.59
2672.08
2670.97
2670.46
2670.95
2674.67
2685.53
2704.56
2726.75
2745.52
2758.55
2767.28
2773.8
2779.5
2785.12
2790.79
2796.36
2801.65
2806.65
2811.46
2816.16
2820.78
2825.26
2829.57
2833.71
2837.8
2841.98
2846.36
2850.98
2855.81
2860.79
2865.85
2870.96
2876.1
2881.22
2886.31
2891.36
2896.39
2901.4
2906.4
2911.4
2916.41
2921.45
2926.52
2931.65
2936.85
2942.13
2947.5
2952.97
2958.54
2964.21
2969.98
2975.86
2321.69
2659.91
2676.32
2675.34
2674.93
2674.12
2672.91
2671.37
2669.95
2669.04
2668.73
2669.66
2674.6
2686.97
2706.85
2728.72
2746.62
2758.96
2767.38
2773.83
2779.61
2785.32
2791.05
2796.63
2801.92
2806.95
2811.79
2816.54
2821.17
2825.65
2829.94
2834.08
2838.2
2842.43
2846.86
2851.53
2856.38
2861.36
2866.41
2871.51
2876.62
2881.71
2886.76
2891.78
2896.78
2901.75
2906.73
2911.7
2916.68
2921.69
2926.74
2931.83
2936.99
2942.23
2947.55
2952.97
2958.47
2964.07
2969.76
2975.55
2293.75
2654.76
2674.03
2673.32
2672.9
2672.02
2670.74
2669.21
2667.92
2667.22
2667.14
2668.66
2674.82
2688.64
2709.18
2730.61
2747.64
2759.37
2767.52
2773.95
2779.8
2785.58
2791.35
2796.93
2802.22
2807.26
2812.15
2816.92
2821.56
2826.03
2830.3
2834.45
2838.6
2842.87
2847.36
2852.06
2856.93
2861.9
2866.95
2872.03
2877.11
2882.17
2887.19
2892.17
2897.14
2902.09
2907.03
2911.97
2916.93
2921.9
2926.92
2931.98
2937.1
2942.29
2947.57
2952.92
2958.36
2963.88
2969.48
2975.18
2265.81
2649.61
2671.68
2671.37
2670.9
2669.92
2668.6
2667.14
2666.02
2665.5
2665.7
2667.95
2675.41
2690.53
2711.53
2732.43
2748.63
2759.79
2767.71
2774.12
2780.03
2785.88
2791.68
2797.25
2802.55
2807.6
2812.51
2817.31
2821.95
2826.4
2830.66
2834.82
2839
2843.32
2847.85
2852.59
2857.46
2862.43
2867.47
2872.53
2877.58
2882.6
2887.59
2892.54
2897.47
2902.39
2907.31
2912.22
2917.15
2922.09
2927.07
2932.09
2937.17
2942.32
2947.54
2952.83
2958.19
2963.63
2969.16
2974.76
2237.95
2644.4
2669.34
2669.45
2668.92
2667.83
2666.53
2665.18
2664.28
2663.92
2664.44
2667.6
2676.35
2692.61
2713.87
2734.15
2749.56
2760.22
2767.96
2774.35
2780.33
2786.23
2792.03
2797.6
2802.88
2807.96
2812.89
2817.7
2822.34
2826.77
2831.02
2835.18
2839.39
2843.77
2848.34
2853.1
2857.98
2862.95
2867.97
2873.01
2878.03
2883.01
2887.96
2892.88
2897.78
2902.68
2907.56
2912.45
2917.34
2922.25
2927.2
2932.18
2937.22
2942.32
2947.48
2952.7
2957.99
2963.35
2968.78
2974.29
2210.27
2639.21
2667.03
2667.51
2666.94
2665.79
2664.55
2663.37
2662.67
2662.51
2663.42
2667.54
2677.56
2694.85
2716.2
2735.8
2750.46
2760.67
2768.24
2774.64
2780.66
2786.6
2792.4
2797.95
2803.24
2808.32
2813.28
2818.09
2822.72
2827.13
2831.37
2835.55
2839.79
2844.21
2848.82
2853.59
2858.48
2863.44
2868.45
2873.46
2878.45
2883.4
2888.31
2893.2
2898.07
2902.94
2907.79
2912.65
2917.51
2922.39
2927.3
2932.25
2937.24
2942.28
2947.38
2952.53
2957.74
2963.02
2968.36
2973.77
2182.84
2634.1
2664.81
2665.5
2664.94
2663.8
2662.69
2661.7
2661.19
2661.25
2662.67
2667.72
2679.02
2697.2
2718.49
2737.37
2751.32
2761.14
2768.58
2774.98
2781.04
2786.99
2792.78
2798.32
2803.6
2808.7
2813.67
2818.48
2823.09
2827.48
2831.72
2835.91
2840.19
2844.65
2849.29
2854.08
2858.96
2863.92
2868.91
2873.9
2878.85
2883.77
2888.64
2893.5
2898.34
2903.18
2908.01
2912.83
2917.66
2922.51
2927.38
2932.28
2937.23
2942.21
2947.25
2952.33
2957.46
2962.65
2967.89
2973.2
2155.7
2629.09
2662.71
2663.49
2662.97
2661.92
2660.98
2660.21
2659.85
2660.13
2662.17
2668.22
2680.7
2699.62
2720.72
2738.87
2752.16
2761.63
2768.95
2775.35
2781.44
2787.4
2793.18
2798.7
2803.98
2809.09
2814.06
2818.87
2823.46
2827.83
2832.06
2836.27
2840.59
2845.09
2849.75
2854.55
2859.44
2864.38
2869.36
2874.32
2879.23
2884.11
2888.95
2893.78
2898.6
2903.4
2908.2
2913
2917.8
2922.61
2927.44
2932.3
2937.19
2942.11
2947.08
2952.08
2957.14
2962.23
2967.38
2972.59
2977.85
2983.16
2988.52
2993.94
2999.4
3004.91
3010.45
3016.01
3021.59
3027.18
3032.76
3038.3
3043.8
3049.23
3054.57
3059.79
3064.88
3069.8
3074.53
3079.04
3083.3
3087.3
3091
3094.37
3097.41
3100.09
3102.4
3104.31
3105.82
3106.93
3107.63
3107.95
3107.89
3107.38
3106.51
3105.28
3103.72
3101.84
3099.65
2128.8
2624.12
2660.75
2661.55
2661.08
2660.14
2659.41
2658.84
2658.63
2659.19
2661.93
2669
2682.58
2702.07
2722.88
2740.29
2752.98
2762.14
2769.37
2775.76
2781.87
2787.83
2793.58
2799.08
2804.36
2809.48
2814.46
2819.25
2823.82
2828.17
2832.4
2836.64
2840.99
2845.52
2850.2
2855
2859.89
2864.83
2869.78
2874.71
2879.59
2884.44
2889.25
2894.05
2898.84
2903.61
2908.38
2913.14
2917.91
2922.69
2927.47
2932.29
2937.13
2941.99
2946.88
2951.81
2956.78
2961.79
2966.84
2971.94
2977.08
2982.28
2987.51
2992.79
2998.1
3003.45
3008.82
3014.21
3019.6
3024.98
3030.34
3035.66
3040.92
3046.09
3051.16
3056.11
3060.9
3065.52
3069.94
3074.13
3078.06
3081.72
3085.08
3088.11
3090.8
3093.14
3095.1
3096.67
3097.85
3098.64
3099.05
3099.1
3098.72
3097.96
3096.86
3095.41
3093.65
3091.6
3089.26
3086.7
3083.86
3080.9
3077.67
3074.41
3070.95
3067.46
3063.89
3060.22
3056.58
2102.19
2619.19
2658.89
2659.71
2659.31
2658.51
2657.97
2657.58
2657.55
2658.45
2661.9
2669.99
2684.62
2704.54
2724.95
2741.65
2753.78
2762.66
2769.8
2776.19
2782.31
2788.26
2793.99
2799.48
2804.75
2809.88
2814.85
2819.62
2824.17
2828.5
2832.74
2837
2841.39
2845.94
2850.64
2855.45
2860.33
2865.26
2870.19
2875.09
2879.94
2884.74
2889.53
2894.3
2899.06
2903.81
2908.55
2913.28
2918.01
2922.75
2927.49
2932.26
2937.03
2941.83
2946.66
2951.51
2956.39
2961.3
2966.26
2971.25
2976.28
2981.35
2986.45
2991.59
2996.75
3001.94
3007.14
3012.34
3017.54
3022.72
3027.86
3032.95
3037.96
3042.88
3047.68
3052.35
3056.85
3061.17
3065.27
3069.14
3072.75
3076.07
3079.09
3081.78
3084.13
3086.13
3087.75
3089
3089.86
3090.36
3090.5
3090.24
3089.59
3088.6
3087.27
3085.63
3083.69
3081.48
3079
3076.32
3073.38
3070.34
3067.05
3063.75
3060.28
3056.78
3053.21
3049.56
3045.94
3042.27
3038.62
3035.01
3031.42
3027.88
3024.38
3020.95
3017.6
3014.33
3011.08
3007.67
3003.19
2075.85
2614.25
2657.15
2658
2657.67
2657.02
2656.66
2656.41
2656.57
2657.9
2662.05
2671.18
2686.78
2706.98
2726.93
2742.93
2754.56
2763.2
2770.26
2776.64
2782.76
2788.7
2794.4
2799.87
2805.15
2810.27
2815.24
2819.99
2824.51
2828.83
2833.07
2837.36
2841.78
2846.35
2851.06
2855.88
2860.76
2865.68
2870.58
2875.45
2880.26
2885.04
2889.79
2894.54
2899.27
2903.99
2908.7
2913.4
2918.09
2922.79
2927.5
2932.21
2936.92
2941.66
2946.4
2951.17
2955.97
2960.79
2965.64
2970.53
2975.44
2980.39
2985.36
2990.35
2995.37
3000.39
3005.42
3010.43
3015.43
3020.4
3025.32
3030.18
3034.95
3039.61
3044.15
3048.53
3052.75
3056.76
3060.56
3064.11
3067.4
3070.39
3073.08
3075.44
3077.46
3079.12
3080.43
3081.36
3081.92
3082.14
3081.99
3081.44
3080.55
3079.33
3077.79
3075.96
3073.85
3071.49
3068.87
3066.09
3063.05
3059.94
3056.6
3053.26
3049.77
3046.26
3042.7
3039.05
3035.45
3031.82
3028.21
3024.64
3021.1
3017.61
3014.18
3010.82
3007.53
3004.32
3001.14
2997.81
2993.43
2049.77
2609.32
2655.51
2656.42
2656.18
2655.67
2655.47
2655.34
2655.7
2657.5
2662.4
2672.55
2689.02
2709.38
2728.81
2744.14
2755.32
2763.74
2770.73
2777.1
2783.22
2789.13
2794.82
2800.27
2805.54
2810.67
2815.62
2820.35
2824.84
2829.16
2833.41
2837.72
2842.17
2846.76
2851.48
2856.3
2861.18
2866.08
2870.96
2875.79
2880.57
2885.32
2890.05
2894.76
2899.47
2904.16
2908.83
2913.5
2918.16
2922.82
2927.47
2932.13
2936.79
2941.45
2946.12
2950.81
2955.52
2960.24
2965
2969.77
2974.57
2979.39
2984.22
2989.07
2993.93
2998.79
3003.64
3008.47
3013.27
3018.03
3022.73
3027.35
3031.88
3036.28
3040.55
3044.65
3048.58
3052.3
3055.78
3059.02
3061.98
3064.66
3067.02
3069.05
3070.75
3072.09
3073.08
3073.7
3073.99
3073.94
3073.48
3072.69
3071.57
3070.13
3068.4
3066.38
3064.11
3061.62
3058.88
3055.99
3052.87
3049.69
3046.3
3042.93
3039.42
3035.89
3032.34
3028.71
3025.13
3021.53
3017.95
3014.43
3010.94
3007.5
3004.12
3000.81
2997.58
2994.44
2991.32
2988.05
2983.79
2024
2604.36
2653.96
2654.99
2654.86
2654.46
2654.38
2654.38
2654.97
2657.24
2662.92
2674.07
2691.31
2711.7
2730.58
2745.28
2756.05
2764.27
2771.2
2777.57
2783.67
2789.57
2795.23
2800.66
2805.93
2811.06
2815.99
2820.7
2825.17
2829.48
2833.74
2838.08
2842.55
2847.15
2851.88
2856.7
2861.58
2866.46
2871.31
2876.11
2880.86
2885.58
2890.29
2894.98
2899.65
2904.31
2908.96
2913.59
2918.22
2922.83
2927.44
2932.04
2936.63
2941.22
2945.82
2950.42
2955.04
2959.67
2964.32
2968.99
2973.67
2978.36
2983.06
2987.76
2992.46
2997.16
3001.83
3006.47
3011.07
3015.62
3020.1
3024.48
3028.76
3032.91
3036.91
3040.74
3044.37
3047.79
3050.98
3053.9
3056.55
3058.91
3060.95
3062.67
3064.05
3065.08
3065.76
3066.11
3066.14
3065.77
3065.06
3064.02
3062.68
3061.04
3059.11
3056.93
3054.5
3051.88
3049.02
3046.04
3042.83
3039.6
3036.17
3032.75
3029.24
3025.69
3022.14
3018.51
3014.94
3011.37
3007.82
3004.34
3000.88
2997.49
2994.16
2990.9
2987.72
2984.62
2981.55
2978.34
2974.15
1998.55
2599.4
2652.52
2653.67
2653.67
2653.37
2653.38
2653.53
2654.37
2657.13
2663.59
2675.72
2693.61
2713.94
2732.24
2746.35
2756.75
2764.8
2771.68
2778.03
2784.13
2790
2795.63
2801.06
2806.33
2811.44
2816.36
2821.04
2825.49
2829.79
2834.07
2838.43
2842.92
2847.54
2852.28
2857.1
2861.96
2866.83
2871.65
2876.42
2881.15
2885.84
2890.52
2895.18
2899.83
2904.46
2909.07
2913.67
2918.26
2922.83
2927.38
2931.92
2936.45
2940.97
2945.49
2950.01
2954.54
2959.08
2963.62
2968.18
2972.74
2977.3
2981.86
2986.41
2990.96
2995.48
2999.98
3004.43
3008.83
3013.16
3017.42
3021.57
3025.59
3029.48
3033.21
3036.76
3040.11
3043.24
3046.12
3048.74
3051.08
3053.12
3054.85
3056.26
3057.33
3058.06
3058.46
3058.55
3058.27
3057.63
3056.68
3055.42
3053.86
3052.02
3049.93
3047.59
3045.02
3042.27
3039.3
3036.23
3032.95
3029.65
3026.18
3022.73
3019.2
3015.64
3012.09
3008.47
3004.91
3001.37
2997.85
2994.39
2990.98
2987.62
2984.33
2981.11
2977.98
2974.92
2971.89
2968.71
2964.56
1973.41
2594.43
2651.18
2652.45
2652.6
2652.38
2652.48
2652.76
2653.89
2657.14
2664.4
2677.46
2695.89
2716.06
2733.79
2747.36
2757.41
2765.32
2772.15
2778.5
2784.58
2790.42
2796.04
2801.45
2806.71
2811.82
2816.71
2821.37
2825.8
2830.11
2834.4
2838.78
2843.29
2847.92
2852.66
2857.48
2862.34
2867.18
2871.98
2876.72
2881.42
2886.09
2890.74
2895.37
2899.99
2904.59
2909.18
2913.74
2918.29
2922.81
2927.31
2931.79
2936.25
2940.7
2945.14
2949.58
2954.02
2958.46
2962.9
2967.34
2971.78
2976.21
2980.64
2985.04
2989.43
2993.78
2998.1
3002.36
3006.55
3010.67
3014.7
3018.61
3022.4
3026.03
3029.49
3032.77
3035.83
3038.66
3041.25
3043.57
3045.6
3047.34
3048.76
3049.86
3050.64
3051.08
3051.22
3051.02
3050.45
3049.58
3048.39
3046.91
3045.15
3043.13
3040.86
3038.37
3035.66
3032.79
3029.72
3026.57
3023.21
3019.86
3016.36
3012.87
3009.33
3005.74
3002.19
2998.58
2995.02
2991.5
2988
2984.57
2981.18
2977.85
2974.6
2971.41
2968.31
2965.29
2962.29
2959.16
2955.08
1948.72
2589.49
2649.95
2651.32
2651.61
2651.49
2651.66
2652.09
2653.48
2657.24
2665.33
2679.28
2698.14
2718.08
2735.23
2748.28
2758.05
2765.83
2772.62
2778.96
2785.02
2790.84
2796.43
2801.84
2807.09
2812.18
2817.06
2821.69
2826.11
2830.41
2834.72
2839.12
2843.64
2848.29
2853.03
2857.85
2862.69
2867.52
2872.29
2877.01
2881.68
2886.32
2890.95
2895.56
2900.15
2904.72
2909.27
2913.8
2918.3
2922.78
2927.22
2931.64
2936.03
2940.41
2944.77
2949.13
2953.48
2957.82
2962.16
2966.48
2970.8
2975.1
2979.38
2983.64
2987.86
2992.05
2996.18
3000.25
3004.24
3008.14
3011.94
3015.62
3019.16
3022.53
3025.73
3028.73
3031.51
3034.05
3036.34
3038.36
3040.1
3041.53
3042.66
3043.46
3043.95
3044.13
3043.99
3043.5
3042.69
3041.57
3040.17
3038.48
3036.53
3034.33
3031.9
3029.26
3026.43
3023.45
3020.28
3017.05
3013.62
3010.22
3006.68
3003.16
2999.6
2996
2992.44
2988.84
2985.29
2981.78
2978.3
2974.89
2971.53
2968.23
2965.01
2961.86
2958.78
2955.8
2952.83
2949.73
2945.69
1924.29
2584.57
2648.79
2650.29
2650.72
2650.69
2650.93
2651.49
2653.15
2657.44
2666.36
2681.13
2700.32
2719.96
2736.55
2749.14
2758.64
2766.32
2773.08
2779.4
2785.45
2791.25
2796.82
2802.22
2807.46
2812.54
2817.39
2822
2826.41
2830.72
2835.04
2839.46
2843.99
2848.65
2853.4
2858.21
2863.04
2867.84
2872.59
2877.28
2881.93
2886.55
2891.15
2895.74
2900.3
2904.84
2909.36
2913.85
2918.31
2922.73
2927.12
2931.48
2935.8
2940.1
2944.39
2948.66
2952.92
2957.16
2961.4
2965.61
2969.8
2973.97
2978.11
2982.22
2986.28
2990.29
2994.24
2998.11
3001.9
3005.59
3009.17
3012.61
3015.89
3019.01
3021.95
3024.67
3027.17
3029.44
3031.44
3033.17
3034.61
3035.75
3036.58
3037.1
3037.32
3037.24
3036.8
3036.05
3035
3033.66
3032.04
3030.15
3028.02
3025.65
3023.06
3020.29
3017.33
3014.25
3010.98
3007.68
3004.19
3000.74
2997.17
2993.61
2990.03
2986.41
2982.84
2979.25
2975.7
2972.2
2968.73
2965.34
2962
2958.72
2955.52
2952.39
2949.35
2946.39
2943.44
2940.36
2936.35
1900.4
2579.71
2647.74
2649.34
2649.89
2649.96
2650.26
2650.94
2652.88
2657.72
2667.47
2682.99
2702.42
2721.72
2737.77
2749.93
2759.2
2766.78
2773.52
2779.84
2785.87
2791.65
2797.21
2802.59
2807.83
2812.89
2817.71
2822.3
2826.7
2831.01
2835.36
2839.79
2844.34
2849
2853.75
2858.56
2863.37
2868.15
2872.88
2877.54
2882.17
2886.77
2891.35
2895.91
2900.44
2904.95
2909.44
2913.89
2918.3
2922.67
2927
2931.29
2935.55
2939.78
2943.99
2948.18
2952.35
2956.49
2960.62
2964.72
2968.79
2972.82
2976.82
2980.77
2984.67
2988.51
2992.27
2995.95
2999.54
3003.01
3006.36
3009.56
3012.6
3015.46
3018.13
3020.59
3022.81
3024.79
3026.51
3027.95
3029.1
3029.95
3030.5
3030.75
3030.72
3030.34
3029.64
3028.65
3027.37
3025.81
3023.99
3021.91
3019.6
3017.07
3014.34
3011.45
3008.37
3005.19
3001.83
2998.45
2994.91
2991.4
2987.8
2984.21
2980.61
2976.97
2973.4
2969.81
2966.26
2962.78
2959.32
2955.94
2952.62
2949.37
2946.19
2943.08
2940.06
2937.12
2934.2
2931.16
2927.21
1876.9
2574.93
2646.77
2648.5
2649.15
2649.29
2649.63
2650.41
2652.64
2658.07
2668.64
2684.85
2704.41
2723.35
2738.87
2750.65
2759.72
2767.23
2773.95
2780.26
2786.27
2792.03
2797.58
2802.95
2808.18
2813.22
2818.03
2822.59
2826.99
2831.31
2835.66
2840.11
2844.67
2849.34
2854.09
2858.89
2863.69
2868.45
2873.15
2877.8
2882.4
2886.98
2891.54
2896.07
2900.58
2905.06
2909.51
2913.92
2918.28
2922.6
2926.87
2931.1
2935.29
2939.45
2943.58
2947.68
2951.76
2955.81
2959.83
2963.81
2967.76
2971.66
2975.51
2979.31
2983.05
2986.71
2990.29
2993.77
2997.15
3000.41
3003.53
3006.5
3009.3
3011.91
3014.32
3016.5
3018.46
3020.16
3021.59
3022.75
3023.62
3024.19
3024.47
3024.49
3024.15
3023.5
3022.56
3021.34
3019.84
3018.07
3016.04
3013.78
3011.3
3008.62
3005.75
3002.73
2999.54
2996.27
2992.82
2989.38
2985.78
2982.23
2978.6
2974.97
2971.36
2967.7
2964.11
2960.52
2956.97
2953.49
2950.04
2946.68
2943.37
2940.13
2936.97
2933.89
2930.89
2927.97
2925.07
2922.05
2918.11
1853.66
2570.17
2645.89
2647.75
2648.47
2648.64
2649.01
2649.89
2652.42
2658.47
2669.85
2686.68
2706.3
2724.84
2739.87
2751.31
2760.21
2767.66
2774.36
2780.66
2786.66
2792.41
2797.94
2803.31
2808.52
2813.54
2818.33
2822.88
2827.27
2831.6
2835.96
2840.43
2845
2849.67
2854.42
2859.21
2864
2868.74
2873.42
2878.05
2882.63
2887.19
2891.72
2896.22
2900.71
2905.16
2909.57
2913.93
2918.25
2922.52
2926.73
2930.89
2935.01
2939.1
2943.15
2947.17
2951.16
2955.11
2959.02
2962.89
2966.71
2970.48
2974.19
2977.83
2981.4
2984.89
2988.29
2991.57
2994.75
2997.79
3000.68
3003.41
3005.97
3008.33
3010.48
3012.4
3014.08
3015.51
3016.67
3017.55
3018.13
3018.44
3018.49
3018.2
3017.59
3016.7
3015.53
3014.08
3012.36
3010.39
3008.18
3005.75
3003.11
3000.28
2997.29
2994.15
2990.85
2987.5
2983.97
2980.46
2976.81
2973.21
2969.54
2965.88
2962.25
2958.58
2954.98
2951.39
2947.84
2944.37
2940.94
2937.58
2934.29
2931.06
2927.92
2924.85
2921.87
2918.96
2916.08
2913.07
2909.14
1831.31
2565.55
2645.08
2647.07
2647.85
2648.01
2648.38
2649.35
2652.22
2658.91
2671.09
2688.45
2708.07
2726.19
2740.77
2751.91
2760.66
2768.06
2774.76
2781.05
2787.04
2792.77
2798.29
2803.65
2808.85
2813.86
2818.62
2823.15
2827.54
2831.88
2836.26
2840.73
2845.32
2849.99
2854.74
2859.53
2864.29
2869.02
2873.68
2878.28
2882.85
2887.38
2891.89
2896.38
2900.83
2905.25
2909.62
2913.95
2918.21
2922.42
2926.57
2930.67
2934.73
2938.74
2942.72
2946.65
2950.55
2954.4
2958.21
2961.96
2965.65
2969.29
2972.85
2976.34
2979.75
2983.06
2986.27
2989.36
2992.33
2995.16
2997.83
3000.33
3002.64
3004.75
3006.64
3008.3
3009.72
3010.88
3011.76
3012.37
3012.7
3012.77
3012.52
3011.96
3011.12
3009.99
3008.59
3006.92
3005
3002.83
3000.44
2997.84
2995.05
2992.08
2988.95
2985.71
2982.3
2978.86
2975.26
2971.69
2968
2964.35
2960.66
2956.97
2953.32
2949.63
2946.01
2942.42
2938.87
2935.4
2931.97
2928.62
2925.34
2922.13
2919
2915.95
2912.98
2910.09
2907.23
2904.25
2900.37
1808.81
2560.99
2644.36
2646.46
2647.28
2647.38
2647.73
2648.79
2652.01
2659.38
2672.34
2690.17
2709.71
2727.42
2741.58
2752.44
2761.08
2768.45
2775.14
2781.42
2787.4
2793.12
2798.63
2803.98
2809.17
2814.16
2818.9
2823.42
2827.81
2832.15
2836.55
2841.04
2845.63
2850.31
2855.05
2859.83
2864.58
2869.28
2873.93
2878.51
2883.06
2887.58
2892.06
2896.52
2900.95
2905.33
2909.67
2913.95
2918.16
2922.31
2926.4
2930.44
2934.43
2938.38
2942.28
2946.13
2949.93
2953.69
2957.38
2961.02
2964.59
2968.08
2971.5
2974.84
2978.08
2981.22
2984.24
2987.14
2989.9
2992.51
2994.96
2997.22
2999.29
3001.16
3002.8
3004.2
3005.35
3006.24
3006.86
3007.21
3007.3
3007.09
3006.56
3005.76
3004.68
3003.33
3001.7
2999.82
2997.7
2995.35
2992.79
2990.03
2987.09
2984
2980.75
2977.41
2973.91
2970.39
2966.71
2963.08
2959.35
2955.65
2951.93
2948.2
2944.53
2940.83
2937.21
2933.62
2930.07
2926.6
2923.19
2919.85
2916.58
2913.38
2910.27
2907.24
2904.29
2901.42
2898.57
2895.6
2891.73
1787.24
2556.48
2643.7
2645.89
2646.72
2646.74
2647.06
2648.21
2651.81
2659.87
2673.58
2691.8
2711.22
2728.53
2742.3
2752.93
2761.47
2768.81
2775.49
2781.77
2787.74
2793.45
2798.95
2804.3
2809.48
2814.45
2819.17
2823.68
2828.07
2832.42
2836.83
2841.33
2845.93
2850.61
2855.36
2860.12
2864.86
2869.54
2874.17
2878.74
2883.27
2887.76
2892.23
2896.66
2901.06
2905.41
2909.7
2913.93
2918.1
2922.19
2926.23
2930.21
2934.13
2938
2941.83
2945.6
2949.31
2952.96
2956.55
2960.07
2963.51
2966.87
2970.15
2973.33
2976.41
2979.37
2982.21
2984.91
2987.47
2989.86
2992.09
2994.12
2995.96
2997.58
2998.97
3000.11
3001.01
3001.64
3002
3002.11
3001.93
3001.45
3000.68
2999.64
2998.33
2996.75
2994.91
2992.83
2990.52
2988
2985.27
2982.36
2979.28
2976.06
2972.69
2969.25
2965.65
2962.05
2958.32
2954.63
2950.85
2947.12
2943.37
2939.62
2935.93
2932.22
2928.58
2924.99
2921.43
2917.97
2914.56
2911.22
2907.96
2904.78
2901.68
2898.66
2895.73
2892.88
2890.05
2887.1
2883.27
1766.32
2552.15
2643.06
2645.33
2646.15
2646.11
2646.39
2647.64
2651.64
2660.4
2674.81
2693.35
2712.6
2729.51
2742.94
2753.38
2761.83
2769.14
2775.83
2782.11
2788.07
2793.77
2799.27
2804.61
2809.77
2814.72
2819.43
2823.94
2828.32
2832.69
2837.11
2841.62
2846.22
2850.91
2855.65
2860.4
2865.12
2869.79
2874.4
2878.95
2883.47
2887.94
2892.39
2896.79
2901.16
2905.47
2909.73
2913.91
2918.03
2922.07
2926.04
2929.96
2933.82
2937.63
2941.37
2945.06
2948.68
2952.23
2955.72
2959.12
2962.43
2965.66
2968.79
2971.81
2974.72
2977.51
2980.16
2982.67
2985.02
2987.21
2989.21
2991.02
2992.61
2993.99
2995.13
2996.03
2996.67
2997.04
2997.17
2997.02
2996.57
2995.84
2994.84
2993.57
2992.03
2990.24
2988.2
2985.92
2983.43
2980.73
2977.84
2974.79
2971.58
2968.24
2964.77
2961.24
2957.55
2953.89
2950.09
2946.34
2942.53
2938.75
2934.97
2931.19
2927.48
2923.76
2920.11
2916.52
2912.97
2909.51
2906.12
2902.79
2899.55
2896.38
2893.29
2890.29
2887.38
2884.55
2881.74
2878.82
2875.04
1744.95
2547.83
2642.47
2644.75
2645.57
2645.46
2645.72
2647.08
2651.52
2660.98
2676.03
2694.8
2713.86
2730.4
2743.51
2753.77
2762.15
2769.45
2776.14
2782.42
2788.38
2794.07
2799.57
2804.9
2810.06
2814.99
2819.68
2824.18
2828.57
2832.94
2837.37
2841.89
2846.51
2851.2
2855.93
2860.67
2865.38
2870.03
2874.63
2879.16
2883.66
2888.12
2892.54
2896.92
2901.26
2905.54
2909.74
2913.88
2917.95
2921.93
2925.86
2929.71
2933.51
2937.24
2940.92
2944.52
2948.05
2951.5
2954.87
2958.16
2961.35
2964.44
2967.42
2970.29
2973.04
2975.65
2978.12
2980.43
2982.58
2984.56
2986.34
2987.92
2989.29
2990.43
2991.32
2991.97
2992.36
2992.51
2992.39
2991.97
2991.28
2990.31
2989.08
2987.58
2985.82
2983.82
2981.58
2979.12
2976.45
2973.59
2970.56
2967.36
2964.03
2960.58
2956.99
2953.37
2949.6
2945.86
2942.01
2938.21
2934.36
2930.55
2926.75
2922.95
2919.22
2915.49
2911.83
2908.24
2904.69
2901.23
2897.84
2894.52
2891.29
2888.13
2885.06
2882.08
2879.18
2876.37
2873.57
2870.66
2866.86
1725.38
2543.59
2641.88
2644.14
2644.96
2644.79
2645.03
2646.54
2651.46
2661.61
2677.24
2696.17
2715.01
2731.19
2744.02
2754.13
2762.45
2769.74
2776.43
2782.72
2788.67
2794.36
2799.85
2805.18
2810.33
2815.25
2819.93
2824.42
2828.81
2833.19
2837.64
2842.17
2846.78
2851.48
2856.21
2860.94
2865.63
2870.27
2874.85
2879.37
2883.85
2888.29
2892.69
2897.05
2901.35
2905.59
2909.75
2913.85
2917.86
2921.79
2925.66
2929.46
2933.19
2936.86
2940.46
2943.98
2947.41
2950.77
2954.03
2957.2
2960.26
2963.21
2966.05
2968.76
2971.34
2973.78
2976.07
2978.19
2980.14
2981.9
2983.47
2984.83
2985.96
2986.86
2987.52
2987.92
2988.09
2987.99
2987.61
2986.94
2986.01
2984.82
2983.36
2981.64
2979.68
2977.48
2975.05
2972.41
2969.57
2966.55
2963.37
2960.05
2956.59
2953.04
2949.36
2945.66
2941.81
2938.01
2934.1
2930.26
2926.37
2922.52
2918.69
2914.86
2911.11
2907.39
2903.72
2900.13
2896.59
2893.14
2889.76
2886.46
2883.24
2880.1
2877.05
2874.08
2871.2
2868.4
2865.63
2862.76
2859.02
1705.48
2539.57
2641.28
2643.52
2644.31
2644.05
2644.29
2646
2651.45
2662.29
2678.42
2697.46
2716.05
2731.89
2744.47
2754.44
2762.71
2770
2776.7
2782.99
2788.94
2794.63
2800.12
2805.45
2810.59
2815.49
2820.16
2824.65
2829.04
2833.44
2837.89
2842.43
2847.06
2851.75
2856.47
2861.19
2865.87
2870.49
2875.06
2879.57
2884.03
2888.45
2892.83
2897.16
2901.43
2905.64
2909.76
2913.8
2917.76
2921.65
2925.46
2929.2
2932.87
2936.47
2939.99
2943.43
2946.78
2950.03
2953.19
2956.23
2959.17
2961.99
2964.68
2967.24
2969.66
2971.92
2974.02
2975.96
2977.71
2979.27
2980.62
2981.75
2982.66
2983.33
2983.75
2983.93
2983.87
2983.51
2982.88
2981.99
2980.83
2979.41
2977.73
2975.8
2973.63
2971.24
2968.63
2965.81
2962.82
2959.65
2956.34
2952.89
2949.31
2945.66
2941.88
2938.09
2934.17
2930.31
2926.35
2922.46
2918.55
2914.66
2910.82
2906.98
2903.21
2899.48
2895.8
2892.21
2888.68
2885.23
2881.85
2878.56
2875.35
2872.23
2869.19
2866.25
2863.39
2860.62
2857.87
2855.03
2851.34
1685.98
2535.46
2640.77
2642.88
2643.58
2643.21
2643.48
2645.46
2651.49
2662.99
2679.58
2698.66
2716.99
2732.51
2744.86
2754.71
2762.95
2770.24
2776.96
2783.25
2789.2
2794.89
2800.39
2805.71
2810.83
2815.73
2820.39
2824.87
2829.27
2833.68
2838.14
2842.69
2847.32
2852.01
2856.73
2861.44
2866.11
2870.72
2875.27
2879.76
2884.21
2888.62
2892.97
2897.28
2901.51
2905.67
2909.76
2913.75
2917.66
2921.5
2925.26
2928.95
2932.55
2936.08
2939.53
2942.88
2946.14
2949.3
2952.34
2955.27
2958.08
2960.76
2963.31
2965.71
2967.97
2970.06
2971.98
2973.72
2975.28
2976.63
2977.77
2978.68
2979.36
2979.8
2980
2979.97
2979.64
2979.04
2978.19
2977.07
2975.68
2974.05
2972.16
2970.02
2967.66
2965.08
2962.29
2959.32
2956.17
2952.86
2949.41
2945.84
2942.16
2938.41
2934.54
2930.68
2926.7
2922.78
2918.79
2914.85
2910.9
2906.98
2903.11
2899.25
2895.47
2891.73
2888.05
2884.47
2880.95
2877.51
2874.15
2870.88
2867.69
2864.58
2861.56
2858.64
2855.8
2853.04
2850.3
2847.46
2843.76
1667.99
2531.5
2640.31
2642.24
2642.75
2642.24
2642.6
2644.92
2651.56
2663.71
2680.7
2699.78
2717.84
2733.05
2745.19
2754.95
2763.17
2770.46
2777.19
2783.49
2789.45
2795.14
2800.63
2805.95
2811.07
2815.95
2820.61
2825.09
2829.49
2833.91
2838.38
2842.94
2847.58
2852.27
2856.99
2861.68
2866.33
2870.93
2875.47
2879.95
2884.38
2888.77
2893.11
2897.38
2901.58
2905.71
2909.74
2913.69
2917.56
2921.35
2925.06
2928.69
2932.23
2935.7
2939.07
2942.34
2945.5
2948.56
2951.49
2954.31
2956.99
2959.54
2961.94
2964.19
2966.29
2968.21
2969.95
2971.5
2972.86
2974.01
2974.94
2975.64
2976.1
2976.32
2976.32
2976.03
2975.46
2974.64
2973.56
2972.22
2970.62
2968.77
2966.68
2964.35
2961.8
2959.04
2956.08
2952.94
2949.65
2946.2
2942.63
2938.95
2935.16
2931.32
2927.36
2923.43
2919.38
2915.4
2911.36
2907.39
2903.42
2899.47
2895.59
2891.72
2887.93
2884.19
2880.51
2876.93
2873.4
2869.97
2866.62
2863.36
2860.18
2857.09
2854.09
2851.19
2848.37
2845.64
2842.94
2840.15
2836.51
1648.89
2527.64
2639.99
2641.65
2641.81
2641.15
2641.65
2644.38
2651.65
2664.44
2681.77
2700.81
2718.6
2733.53
2745.49
2755.17
2763.36
2770.67
2777.41
2783.72
2789.68
2795.37
2800.87
2806.19
2811.3
2816.17
2820.82
2825.3
2829.71
2834.13
2838.62
2843.18
2847.83
2852.52
2857.23
2861.92
2866.55
2871.14
2875.66
2880.13
2884.55
2888.92
2893.24
2897.48
2901.65
2905.73
2909.72
2913.63
2917.45
2921.19
2924.85
2928.43
2931.91
2935.31
2938.6
2941.79
2944.87
2947.82
2950.65
2953.35
2955.91
2958.32
2960.58
2962.68
2964.61
2966.36
2967.92
2969.29
2970.45
2971.4
2972.12
2972.6
2972.85
2972.88
2972.63
2972.1
2971.32
2970.28
2968.98
2967.42
2965.61
2963.56
2961.26
2958.74
2956.01
2953.08
2949.96
2946.68
2943.24
2939.67
2935.97
2932.18
2928.29
2924.37
2920.33
2916.34
2912.23
2908.21
2904.14
2900.12
2896.12
2892.14
2888.24
2884.35
2880.54
2876.81
2873.13
2869.55
2866.05
2862.63
2859.3
2856.05
2852.9
2849.83
2846.85
2843.97
2841.18
2838.47
2835.79
2833.02
2829.42
1631.86
2523.86
2639.74
2641.04
2640.82
2640.03
2640.69
2643.86
2651.77
2665.16
2682.79
2701.76
2719.29
2733.96
2745.76
2755.36
2763.54
2770.85
2777.61
2783.93
2789.89
2795.59
2801.09
2806.41
2811.52
2816.38
2821.02
2825.5
2829.92
2834.35
2838.84
2843.42
2848.07
2852.77
2857.47
2862.14
2866.77
2871.34
2875.85
2880.31
2884.72
2889.07
2893.36
2897.57
2901.7
2905.75
2909.7
2913.57
2917.35
2921.04
2924.65
2928.17
2931.59
2934.92
2938.14
2941.25
2944.23
2947.09
2949.81
2952.39
2954.82
2957.1
2959.22
2961.17
2962.94
2964.52
2965.91
2967.1
2968.07
2968.82
2969.33
2969.61
2969.67
2969.46
2968.98
2968.24
2967.24
2965.99
2964.47
2962.71
2960.69
2958.44
2955.95
2953.25
2950.34
2947.25
2943.97
2940.54
2936.97
2933.27
2929.47
2925.58
2921.59
2917.59
2913.47
2909.4
2905.24
2901.17
2897.06
2893
2888.98
2884.98
2881.07
2877.18
2873.37
2869.64
2865.96
2862.38
2858.88
2855.47
2852.15
2848.91
2845.77
2842.72
2839.77
2836.91
2834.13
2831.45
2828.79
2826.04
2822.44
1614.14
2520.21
2639.45
2640.42
2639.85
2638.94
2639.74
2643.34
2651.9
2665.86
2683.75
2702.63
2719.91
2734.35
2746
2755.53
2763.7
2771.02
2777.79
2784.12
2790.09
2795.8
2801.3
2806.62
2811.72
2816.58
2821.21
2825.69
2830.12
2834.56
2839.07
2843.65
2848.31
2853.01
2857.7
2862.36
2866.98
2871.54
2876.04
2880.49
2884.88
2889.21
2893.47
2897.66
2901.75
2905.76
2909.68
2913.5
2917.24
2920.88
2924.44
2927.91
2931.28
2934.54
2937.68
2940.71
2943.6
2946.36
2948.97
2951.44
2953.74
2955.89
2957.87
2959.66
2961.28
2962.69
2963.91
2964.91
2965.69
2966.24
2966.56
2966.66
2966.5
2966.06
2965.36
2964.41
2963.2
2961.74
2960.02
2958.04
2955.83
2953.39
2950.72
2947.84
2944.76
2941.51
2938.09
2934.52
2930.82
2927.01
2923.09
2919.1
2915.02
2910.94
2906.75
2902.64
2898.43
2894.32
2890.18
2886.08
2882.04
2878.01
2874.08
2870.18
2866.35
2862.62
2858.95
2855.38
2851.9
2848.5
2845.2
2841.99
2838.87
2835.84
2832.91
2830.07
2827.32
2824.66
2822.03
2819.33
2815.8
1597.1
2516.53
2639.17
2639.76
2638.89
2637.87
2638.82
2642.85
2652.05
2666.55
2684.65
2703.44
2720.48
2734.7
2746.21
2755.68
2763.83
2771.17
2777.96
2784.3
2790.28
2795.99
2801.5
2806.83
2811.92
2816.77
2821.4
2825.88
2830.31
2834.76
2839.28
2843.88
2848.54
2853.24
2857.92
2862.58
2867.18
2871.73
2876.22
2880.66
2885.04
2889.35
2893.58
2897.74
2901.8
2905.77
2909.64
2913.43
2917.13
2920.73
2924.24
2927.65
2930.96
2934.15
2937.22
2940.16
2942.97
2945.63
2948.14
2950.49
2952.67
2954.69
2956.52
2958.17
2959.63
2960.88
2961.92
2962.75
2963.35
2963.71
2963.84
2963.74
2963.35
2962.71
2961.81
2960.65
2959.24
2957.57
2955.64
2953.47
2951.07
2948.44
2945.59
2942.54
2939.31
2935.9
2932.34
2928.63
2924.81
2920.88
2916.86
2912.79
2908.62
2904.47
2900.21
2896.03
2891.78
2887.61
2883.44
2879.31
2875.25
2871.21
2867.27
2863.38
2859.55
2855.82
2852.16
2848.59
2845.11
2841.72
2838.43
2835.23
2832.12
2829.11
2826.2
2823.39
2820.66
2818.03
2815.42
2812.74
2809.22
1581.41
2512.94
2638.8
2639.05
2637.92
2636.81
2637.92
2642.39
2652.21
2667.22
2685.51
2704.19
2721
2735.01
2746.39
2755.8
2763.95
2771.31
2778.12
2784.47
2790.46
2796.18
2801.7
2807.02
2812.11
2816.95
2821.57
2826.06
2830.5
2834.96
2839.49
2844.1
2848.77
2853.46
2858.14
2862.78
2867.38
2871.91
2876.4
2880.82
2885.19
2889.48
2893.69
2897.81
2901.84
2905.77
2909.61
2913.36
2917.02
2920.58
2924.04
2927.4
2930.65
2933.77
2936.77
2939.63
2942.34
2944.9
2947.31
2949.54
2951.61
2953.49
2955.19
2956.69
2957.99
2959.08
2959.95
2960.6
2961.01
2961.2
2961.15
2960.82
2960.24
2959.39
2958.29
2956.93
2955.31
2953.44
2951.32
2948.96
2946.37
2943.57
2940.55
2937.34
2933.95
2930.39
2926.7
2922.87
2918.93
2914.9
2910.78
2906.61
2902.36
2898.14
2893.82
2889.6
2885.31
2881.1
2876.91
2872.75
2868.67
2864.61
2860.64
2856.73
2852.9
2849.17
2845.51
2841.96
2838.49
2835.13
2831.86
2828.68
2825.6
2822.61
2819.72
2816.92
2814.22
2811.6
2809.01
2806.36
2802.88
1564.73
2509.58
2638.42
2638.32
2636.94
2635.75
2637.03
2641.96
2652.4
2667.88
2686.31
2704.87
2721.46
2735.27
2746.53
2755.9
2764.05
2771.43
2778.25
2784.62
2790.62
2796.35
2801.88
2807.2
2812.28
2817.12
2821.74
2826.24
2830.68
2835.16
2839.7
2844.32
2848.99
2853.68
2858.35
2862.99
2867.57
2872.1
2876.57
2880.98
2885.33
2889.6
2893.79
2897.88
2901.87
2905.77
2909.58
2913.29
2916.91
2920.43
2923.84
2927.15
2930.34
2933.39
2936.32
2939.09
2941.72
2944.18
2946.48
2948.61
2950.55
2952.31
2953.87
2955.23
2956.38
2957.31
2958.01
2958.48
2958.72
2958.74
2958.48
2957.95
2957.18
2956.14
2954.84
2953.28
2951.47
2949.41
2947.1
2944.55
2941.78
2938.8
2935.62
2932.25
2928.72
2925.02
2921.19
2917.24
2913.19
2909.06
2904.85
2900.61
2896.28
2892
2887.61
2883.33
2879
2874.74
2870.52
2866.33
2862.23
2858.17
2854.2
2850.3
2846.47
2842.74
2839.09
2835.54
2832.08
2828.72
2825.45
2822.28
2819.21
2816.24
2813.37
2810.6
2807.92
2805.33
2802.77
2800.16
2796.72
1549.32
2506.03
2638.03
2637.55
2635.96
2634.69
2636.17
2641.57
2652.6
2668.51
2687.07
2705.5
2721.87
2735.49
2746.65
2755.98
2764.14
2771.54
2778.38
2784.76
2790.77
2796.51
2802.05
2807.37
2812.45
2817.28
2821.91
2826.4
2830.86
2835.35
2839.9
2844.52
2849.2
2853.89
2858.56
2863.18
2867.75
2872.27
2876.74
2881.14
2885.47
2889.72
2893.88
2897.94
2901.9
2905.77
2909.54
2913.22
2916.8
2920.28
2923.65
2926.9
2930.03
2933.02
2935.87
2938.57
2941.1
2943.47
2945.66
2947.68
2949.5
2951.13
2952.56
2953.77
2954.77
2955.54
2956.08
2956.38
2956.46
2956.29
2955.83
2955.12
2954.15
2952.92
2951.43
2949.68
2947.68
2945.42
2942.93
2940.21
2937.27
2934.13
2930.79
2927.27
2923.59
2919.76
2915.81
2911.75
2907.59
2903.37
2899.06
2894.74
2890.33
2885.99
2881.55
2877.23
2872.87
2868.59
2864.34
2860.13
2856.01
2851.93
2847.93
2844.02
2840.18
2836.45
2832.81
2829.27
2825.83
2822.48
2819.24
2816.1
2813.05
2810.1
2807.25
2804.49
2801.83
2799.25
2796.7
2794.08
2790.65
1534.58
2502.6
2637.6
2636.77
2634.98
2633.65
2635.33
2641.21
2652.82
2669.13
2687.78
2706.07
2722.22
2735.68
2746.74
2756.05
2764.21
2771.63
2778.49
2784.89
2790.91
2796.67
2802.21
2807.53
2812.61
2817.44
2822.06
2826.56
2831.03
2835.53
2840.09
2844.73
2849.41
2854.1
2858.76
2863.37
2867.94
2872.45
2876.9
2881.29
2885.6
2889.83
2893.96
2898
2901.93
2905.77
2909.51
2913.15
2916.69
2920.13
2923.45
2926.65
2929.72
2932.65
2935.42
2938.04
2940.49
2942.76
2944.85
2946.76
2948.46
2949.97
2951.26
2952.34
2953.19
2953.81
2954.18
2954.33
2954.24
2953.87
2953.23
2952.34
2951.19
2949.77
2948.09
2946.16
2943.97
2941.54
2938.87
2935.98
2932.87
2929.56
2926.07
2922.41
2918.6
2914.65
2910.57
2906.4
2902.14
2897.82
2893.43
2889.04
2884.57
2880.17
2875.69
2871.31
2866.91
2862.58
2858.3
2854.07
2849.93
2845.85
2841.85
2837.95
2834.12
2830.4
2826.76
2823.22
2819.78
2816.44
2813.2
2810.06
2807.02
2804.09
2801.25
2798.51
2795.87
2793.32
2790.8
2788.24
2784.87
1519.68
2499.37
2637.17
2635.96
2634
2632.63
2634.52
2640.88
2653.06
2669.73
2688.44
2706.58
2722.53
2735.84
2746.83
2756.11
2764.28
2771.71
2778.59
2785.01
2791.05
2796.81
2802.36
2807.69
2812.76
2817.58
2822.21
2826.72
2831.2
2835.71
2840.28
2844.93
2849.61
2854.3
2858.95
2863.56
2868.11
2872.62
2877.06
2881.43
2885.73
2889.94
2894.04
2898.05
2901.96
2905.76
2909.47
2913.08
2916.59
2919.98
2923.26
2926.41
2929.42
2932.28
2934.98
2937.52
2939.88
2942.06
2944.05
2945.85
2947.44
2948.82
2949.98
2950.91
2951.62
2952.08
2952.31
2952.31
2952.03
2951.48
2950.67
2949.6
2948.26
2946.66
2944.8
2942.68
2940.32
2937.71
2934.87
2931.82
2928.55
2925.09
2921.46
2917.66
2913.71
2909.64
2905.46
2901.19
2896.83
2892.43
2887.95
2883.49
2878.94
2874.49
2869.97
2865.55
2861.13
2856.77
2852.48
2848.23
2844.07
2839.97
2835.95
2832.04
2828.2
2824.47
2820.84
2817.31
2813.89
2810.57
2807.35
2804.23
2801.22
2798.3
2795.48
2792.76
2790.14
2787.6
2785.09
2782.52
2779.14
1505.32
2496.11
2636.73
2635.14
2633.03
2631.63
2633.74
2640.6
2653.31
2670.3
2689.04
2707.04
2722.81
2735.99
2746.9
2756.16
2764.33
2771.79
2778.68
2785.11
2791.17
2796.95
2802.5
2807.83
2812.9
2817.72
2822.36
2826.87
2831.36
2835.88
2840.47
2845.12
2849.81
2854.49
2859.14
2863.74
2868.29
2872.78
2877.21
2881.57
2885.85
2890.04
2894.12
2898.1
2901.98
2905.76
2909.44
2913.01
2916.48
2919.84
2923.07
2926.16
2929.12
2931.91
2934.55
2937
2939.28
2941.37
2943.26
2944.95
2946.42
2947.68
2948.71
2949.51
2950.08
2950.39
2950.48
2950.32
2949.85
2949.14
2948.16
2946.91
2945.4
2943.63
2941.59
2939.3
2936.76
2933.99
2930.99
2927.77
2924.35
2920.74
2916.97
2913.04
2908.98
2904.79
2900.5
2896.12
2891.67
2887.19
2882.63
2878.12
2873.51
2869.01
2864.44
2859.98
2855.51
2851.12
2846.79
2842.52
2838.35
2834.25
2830.24
2826.33
2822.5
2818.78
2815.16
2811.63
2808.21
2804.89
2801.67
2798.55
2795.54
2792.63
2789.83
2787.12
2784.52
2782
2779.52
2776.99
2773.65
1491.31
2492.82
2636.28
2634.31
2632.07
2630.65
2632.99
2640.34
2653.56
2670.85
2689.61
2707.46
2723.07
2736.12
2746.96
2756.19
2764.38
2771.85
2778.77
2785.21
2791.28
2797.07
2802.64
2807.97
2813.04
2817.86
2822.49
2827.02
2831.52
2836.05
2840.65
2845.31
2850
2854.68
2859.33
2863.92
2868.46
2872.94
2877.36
2881.71
2885.97
2890.13
2894.19
2898.15
2902
2905.75
2909.4
2912.95
2916.38
2919.7
2922.88
2925.93
2928.82
2931.55
2934.11
2936.49
2938.69
2940.68
2942.48
2944.06
2945.42
2946.56
2947.46
2948.13
2948.55
2948.74
2948.68
2948.33
2947.71
2946.83
2945.68
2944.27
2942.58
2940.64
2938.43
2935.97
2933.27
2930.33
2927.17
2923.8
2920.24
2916.5
2912.59
2908.53
2904.35
2900.05
2895.66
2891.2
2886.66
2882.11
2877.48
2872.9
2868.23
2863.67
2859.07
2854.56
2850.09
2845.67
2841.34
2837.05
2832.86
2828.74
2824.71
2820.78
2816.95
2813.22
2809.59
2806.08
2802.67
2799.36
2796.17
2793.08
2790.09
2787.2
2784.41
2781.72
2779.12
2776.61
2774.14
2771.62
2768.31
1478.37
2489.68
2635.82
2633.47
2631.12
2629.69
2632.28
2640.12
2653.82
2671.37
2690.13
2707.85
2723.31
2736.24
2747.01
2756.22
2764.41
2771.9
2778.84
2785.3
2791.39
2797.19
2802.76
2808.1
2813.17
2817.99
2822.63
2827.16
2831.67
2836.21
2840.82
2845.49
2850.19
2854.87
2859.51
2864.09
2868.62
2873.09
2877.5
2881.83
2886.08
2890.22
2894.26
2898.19
2902.02
2905.75
2909.37
2912.88
2916.28
2919.56
2922.7
2925.69
2928.53
2931.19
2933.69
2935.99
2938.1
2940.01
2941.7
2943.18
2944.43
2945.45
2946.24
2946.77
2947.06
2947.12
2946.9
2946.39
2945.62
2944.58
2943.27
2941.69
2939.84
2937.73
2935.36
2932.73
2929.87
2926.78
2923.47
2919.96
2916.25
2912.37
2908.34
2904.16
2899.87
2895.47
2890.98
2886.43
2881.8
2877.18
2872.48
2867.85
2863.13
2858.53
2853.9
2849.35
2844.83
2840.38
2836.01
2831.7
2827.5
2823.38
2819.36
2815.44
2811.62
2807.9
2804.28
2800.76
2797.35
2794.05
2790.85
2787.75
2784.76
2781.87
2779.08
2776.4
2773.82
2771.32
2768.85
2766.33
2763
1464.95
2486.72
2635.36
2632.63
2630.18
2628.76
2631.59
2639.92
2654.09
2671.86
2690.62
2708.22
2723.53
2736.35
2747.05
2756.25
2764.44
2771.95
2778.91
2785.38
2791.49
2797.3
2802.88
2808.22
2813.29
2818.11
2822.76
2827.3
2831.82
2836.38
2841
2845.67
2850.37
2855.05
2859.68
2864.26
2868.78
2873.24
2877.64
2881.95
2886.18
2890.31
2894.33
2898.24
2902.04
2905.74
2909.34
2912.82
2916.18
2919.42
2922.51
2925.45
2928.23
2930.84
2933.26
2935.49
2937.52
2939.34
2940.94
2942.32
2943.46
2944.37
2945.03
2945.43
2945.6
2945.52
2945.13
2944.48
2943.56
2942.36
2940.9
2939.15
2937.14
2934.87
2932.34
2929.56
2926.55
2923.31
2919.85
2916.2
2912.36
2908.36
2904.2
2899.91
2895.51
2891.01
2886.43
2881.81
2877.11
2872.42
2867.65
2862.96
2858.19
2853.54
2848.87
2844.29
2839.76
2835.29
2830.92
2826.6
2822.38
2818.25
2814.2
2810.27
2806.43
2802.7
2799.08
2795.57
2792.17
2788.88
2785.7
2782.62
2779.65
2776.78
2774.01
2771.34
2768.76
2766.27
2763.82
2761.33
2758.04
1451.8
2483.65
2634.91
2631.79
2629.24
2627.84
2630.93
2639.75
2654.36
2672.34
2691.09
2708.56
2723.73
2736.43
2747.08
2756.26
2764.47
2771.99
2778.97
2785.46
2791.58
2797.41
2802.99
2808.33
2813.4
2818.23
2822.88
2827.43
2831.96
2836.53
2841.17
2845.85
2850.55
2855.23
2859.86
2864.43
2868.94
2873.39
2877.77
2882.07
2886.28
2890.39
2894.39
2898.28
2902.06
2905.74
2909.3
2912.76
2916.09
2919.28
2922.33
2925.22
2927.95
2930.49
2932.85
2935
2936.95
2938.68
2940.19
2941.47
2942.51
2943.3
2943.84
2944.13
2944.18
2943.95
2943.42
2942.62
2941.55
2940.2
2938.58
2936.69
2934.53
2932.1
2929.42
2926.49
2923.32
2919.94
2916.35
2912.56
2908.59
2904.47
2900.2
2895.81
2891.31
2886.72
2882.05
2877.34
2872.56
2867.81
2862.98
2858.24
2853.44
2848.76
2844.05
2839.43
2834.87
2830.37
2825.96
2821.62
2817.39
2813.26
2809.22
2805.29
2801.47
2797.75
2794.13
2790.62
2787.22
2783.93
2780.74
2777.65
2774.68
2771.8
2769.04
2766.38
2763.81
2761.34
2758.9
2756.41
2753.13
1440.16
2480.62
2634.45
2630.94
2628.32
2626.95
2630.3
2639.6
2654.63
2672.8
2691.53
2708.87
2723.9
2736.5
2747.09
2756.26
2764.48
2772.03
2779.02
2785.53
2791.66
2797.5
2803.1
2808.44
2813.51
2818.35
2823
2827.56
2832.1
2836.69
2841.33
2846.02
2850.73
2855.4
2860.02
2864.59
2869.09
2873.53
2877.89
2882.18
2886.38
2890.47
2894.45
2898.32
2902.08
2905.73
2909.27
2912.7
2915.99
2919.15
2922.15
2925
2927.66
2930.15
2932.44
2934.52
2936.39
2938.03
2939.45
2940.63
2941.57
2942.25
2942.67
2942.86
2942.78
2942.39
2941.73
2940.79
2939.58
2938.09
2936.32
2934.27
2931.96
2929.38
2926.56
2923.48
2920.18
2916.66
2912.93
2909.02
2904.94
2900.7
2896.33
2891.83
2887.23
2882.55
2877.8
2873.03
2868.19
2863.38
2858.49
2853.7
2848.85
2844.11
2839.38
2834.74
2830.16
2825.65
2821.24
2816.9
2812.65
2808.5
2804.45
2800.5
2796.66
2792.92
2789.31
2785.8
2782.41
2779.13
2775.96
2772.89
2769.93
2767.08
2764.32
2761.66
2759.1
2756.63
2754.18
2751.69
2748.41
1428.21
2477.81
2633.99
2630.1
2627.4
2626.07
2629.69
2639.48
2654.9
2673.24
2691.94
2709.15
2724.04
2736.55
2747.1
2756.26
2764.49
2772.06
2779.06
2785.59
2791.74
2797.59
2803.2
2808.54
2813.62
2818.45
2823.12
2827.69
2832.24
2836.84
2841.49
2846.19
2850.9
2855.57
2860.19
2864.74
2869.23
2873.66
2878.02
2882.29
2886.47
2890.55
2894.51
2898.36
2902.1
2905.73
2909.24
2912.64
2915.9
2919.01
2921.98
2924.77
2927.38
2929.81
2932.03
2934.04
2935.84
2937.4
2938.73
2939.81
2940.64
2941.22
2941.53
2941.61
2941.4
2940.88
2940.09
2939.02
2937.67
2936.03
2934.12
2931.93
2929.48
2926.76
2923.79
2920.58
2917.14
2913.49
2909.64
2905.61
2901.41
2897.06
2892.58
2887.99
2883.31
2878.56
2873.73
2868.88
2863.96
2859.1
2854.16
2849.34
2844.46
2839.69
2834.94
2830.26
2825.65
2821.1
2816.66
2812.3
2808.04
2803.89
2799.85
2795.91
2792.08
2788.36
2784.75
2781.24
2777.84
2774.55
2771.37
2768.3
2765.33
2762.47
2759.71
2757.06
2754.51
2752.05
2749.62
2747.15
2743.9
1415.85
2475.06
2633.54
2629.25
2626.48
2625.22
2629.11
2639.38
2655.18
2673.66
2692.31
2709.39
2724.15
2736.58
2747.1
2756.25
2764.5
2772.08
2779.1
2785.65
2791.81
2797.68
2803.29
2808.64
2813.72
2818.56
2823.23
2827.81
2832.37
2836.98
2841.65
2846.36
2851.07
2855.74
2860.35
2864.89
2869.37
2873.79
2878.13
2882.39
2886.56
2890.62
2894.57
2898.4
2902.12
2905.72
2909.21
2912.58
2915.8
2918.88
2921.8
2924.55
2927.11
2929.48
2931.63
2933.58
2935.29
2936.78
2938.02
2939.01
2939.74
2940.21
2940.43
2940.39
2940.04
2939.4
2938.48
2937.28
2935.79
2934.02
2931.97
2929.65
2927.05
2924.2
2921.09
2917.75
2914.19
2910.41
2906.44
2902.3
2897.99
2893.55
2888.98
2884.3
2879.52
2874.69
2869.79
2864.89
2859.92
2855.02
2850.03
2845.15
2840.23
2835.42
2830.64
2825.93
2821.32
2816.77
2812.33
2807.97
2803.7
2799.53
2795.47
2791.51
2787.66
2783.93
2780.31
2776.8
2773.41
2770.14
2766.97
2763.91
2760.96
2758.12
2755.37
2752.72
2750.17
2747.7
2745.26
2742.75
2739.46
1405.06
2472.17
2633.08
2628.4
2625.57
2624.38
2628.56
2639.3
2655.45
2674.05
2692.64
2709.59
2724.24
2736.6
2747.09
2756.24
2764.5
2772.1
2779.14
2785.7
2791.88
2797.76
2803.38
2808.73
2813.81
2818.66
2823.33
2827.93
2832.51
2837.13
2841.81
2846.52
2851.23
2855.9
2860.5
2865.04
2869.51
2873.91
2878.24
2882.49
2886.65
2890.69
2894.62
2898.44
2902.14
2905.72
2909.18
2912.52
2915.71
2918.76
2921.63
2924.33
2926.84
2929.15
2931.24
2933.12
2934.76
2936.17
2937.32
2938.22
2938.86
2939.23
2939.36
2939.21
2938.72
2937.97
2936.93
2935.6
2933.98
2932.08
2929.89
2927.44
2924.71
2921.73
2918.5
2915.03
2911.34
2907.45
2903.37
2899.12
2894.71
2890.17
2885.5
2880.74
2875.9
2871.01
2866.04
2861.08
2856.04
2851.08
2846.05
2841.14
2836.21
2831.37
2826.57
2821.84
2817.19
2812.62
2808.14
2803.76
2799.48
2795.32
2791.26
2787.32
2783.49
2779.76
2776.15
2772.64
2769.25
2765.96
2762.79
2759.72
2756.75
2753.9
2751.15
2748.51
2745.96
2743.51
2741.11
2738.66
2735.43
1394.47
2469.42
2632.6
2627.55
2624.66
2623.57
2628.03
2639.23
2655.71
2674.42
2692.93
2709.77
2724.33
2736.62
2747.08
2756.22
2764.49
2772.11
2779.17
2785.74
2791.94
2797.83
2803.46
2808.82
2813.9
2818.75
2823.44
2828.04
2832.63
2837.27
2841.96
2846.68
2851.39
2856.06
2860.65
2865.18
2869.64
2874.03
2878.35
2882.59
2886.73
2890.76
2894.68
2898.47
2902.15
2905.72
2909.15
2912.46
2915.62
2918.63
2921.46
2924.12
2926.57
2928.83
2930.86
2932.67
2934.24
2935.57
2936.64
2937.45
2938
2938.28
2938.31
2938.03
2937.44
2936.57
2935.4
2933.95
2932.21
2930.18
2927.87
2925.29
2922.43
2919.33
2915.97
2912.39
2908.59
2904.59
2900.4
2896.05
2891.55
2886.92
2882.18
2877.34
2872.42
2867.45
2862.42
2857.42
2852.34
2847.35
2842.28
2837.33
2832.35
2827.47
2822.65
2817.9
2813.25
2808.68
2804.21
2799.83
2795.55
2791.37
2787.29
2783.33
2779.48
2775.74
2772.12
2768.62
2765.23
2761.96
2758.8
2755.74
2752.8
2749.96
2747.21
2744.58
2742.03
2739.57
2737.14
2734.63
2731.34
1383.4
2466.9
2632.13
2626.69
2623.75
2622.77
2627.53
2639.18
2655.97
2674.75
2693.21
2709.94
2724.41
2736.64
2747.06
2756.2
2764.48
2772.12
2779.19
2785.79
2792
2797.9
2803.54
2808.9
2813.98
2818.84
2823.54
2828.15
2832.76
2837.41
2842.11
2846.83
2851.55
2856.21
2860.8
2865.32
2869.76
2874.15
2878.46
2882.69
2886.82
2890.83
2894.73
2898.51
2902.17
2905.71
2909.13
2912.41
2915.54
2918.5
2921.3
2923.9
2926.31
2928.51
2930.49
2932.23
2933.73
2934.98
2935.98
2936.7
2937.15
2937.36
2937.29
2936.88
2936.19
2935.21
2933.93
2932.36
2930.5
2928.35
2925.92
2923.22
2920.25
2917.02
2913.56
2909.86
2905.95
2901.85
2897.56
2893.12
2888.53
2883.81
2878.99
2874.08
2869.1
2864.09
2859
2853.94
2848.8
2843.76
2838.66
2833.69
2828.71
2823.81
2818.98
2814.21
2809.53
2804.93
2800.43
2796.03
2791.74
2787.57
2783.51
2779.56
2775.72
2772
2768.39
2764.88
2761.49
2758.21
2755.03
2751.97
2749.01
2746.16
2743.41
2740.78
2738.23
2735.79
2733.39
2730.94
2727.7
1372.87
2464.23
2631.64
2625.83
2622.85
2621.99
2627.05
2639.14
2656.22
2675.07
2693.46
2710.11
2724.48
2736.65
2747.04
2756.18
2764.47
2772.12
2779.22
2785.83
2792.05
2797.96
2803.61
2808.97
2814.06
2818.93
2823.63
2828.26
2832.88
2837.54
2842.25
2846.99
2851.7
2856.36
2860.94
2865.45
2869.88
2874.26
2878.56
2882.78
2886.9
2890.9
2894.78
2898.54
2902.19
2905.71
2909.1
2912.35
2915.45
2918.38
2921.13
2923.7
2926.06
2928.2
2930.12
2931.8
2933.23
2934.41
2935.33
2935.97
2936.34
2936.46
2936.28
2935.77
2934.98
2933.89
2932.5
2930.82
2928.84
2926.58
2924.03
2921.21
2918.13
2914.79
2911.22
2907.42
2903.41
2899.21
2894.83
2890.3
2885.63
2880.84
2875.95
2870.98
2865.93
2860.86
2855.71
2850.62
2845.46
2840.39
2835.27
2830.25
2825.24
2820.31
2815.45
2810.67
2805.99
2801.4
2796.91
2792.52
2788.23
2784.04
2779.97
2776
2772.15
2768.41
2764.79
2761.29
2757.91
2754.63
2751.48
2748.43
2745.49
2742.65
2739.92
2737.29
2734.74
2732.29
2729.87
2727.36
2724.09
1363.57
2461.62
2631.14
2624.95
2621.94
2621.24
2626.59
2639.11
2656.46
2675.37
2693.71
2710.26
2724.55
2736.65
2747.01
2756.15
2764.46
2772.13
2779.24
2785.86
2792.1
2798.02
2803.67
2809.04
2814.14
2819.01
2823.73
2828.37
2833
2837.67
2842.39
2847.14
2851.85
2856.51
2861.08
2865.58
2870
2874.37
2878.66
2882.87
2886.97
2890.96
2894.83
2898.58
2902.2
2905.7
2909.07
2912.3
2915.36
2918.26
2920.98
2923.49
2925.81
2927.9
2929.76
2931.38
2932.75
2933.86
2934.7
2935.26
2935.55
2935.59
2935.31
2934.7
2933.81
2932.62
2931.12
2929.33
2927.25
2924.88
2922.22
2919.29
2916.1
2912.67
2908.99
2905.09
2900.98
2896.69
2892.24
2887.62
2882.88
2878.01
2873.05
2868.03
2862.93
2857.82
2852.63
2847.5
2842.28
2837.18
2832.03
2826.99
2821.98
2817.04
2812.18
2807.39
2802.69
2798.07
2793.56
2789.15
2784.86
2780.68
2776.62
2772.67
2768.83
2765.11
2761.5
2758
2754.62
2751.34
2748.17
2745.11
2742.16
2739.32
2736.57
2733.95
2731.41
2728.97
2726.57
2724.1
2720.85
1353.62
2459.22
2630.62
2624.07
2621.04
2620.51
2626.17
2639.1
2656.69
2675.66
2693.94
2710.4
2724.61
2736.65
2746.99
2756.12
2764.44
2772.13
2779.26
2785.89
2792.14
2798.07
2803.73
2809.11
2814.21
2819.09
2823.82
2828.47
2833.12
2837.8
2842.54
2847.28
2852
2856.65
2861.21
2865.7
2870.12
2874.47
2878.76
2882.96
2887.05
2891.03
2894.88
2898.61
2902.22
2905.7
2909.04
2912.24
2915.28
2918.14
2920.82
2923.3
2925.56
2927.6
2929.41
2930.97
2932.28
2933.32
2934.09
2934.57
2934.8
2934.74
2934.35
2933.66
2932.67
2931.38
2929.79
2927.89
2925.71
2923.23
2920.47
2917.44
2914.15
2910.61
2906.84
2902.86
2898.67
2894.29
2889.75
2885.06
2880.25
2875.33
2870.32
2865.24
2860.08
2854.93
2849.69
2844.54
2839.3
2834.18
2829.02
2823.95
2818.91
2813.95
2809.06
2804.27
2799.57
2794.97
2790.47
2786.08
2781.79
2777.6
2773.53
2769.56
2765.71
2761.98
2758.37
2754.88
2751.5
2748.24
2745.09
2742.05
2739.11
2736.29
2733.56
2730.94
2728.41
2725.97
2723.56
2721.09
2717.84
1344.06
2456.84
2630.11
2623.17
2620.13
2619.81
2625.78
2639.11
2656.93
2675.94
2694.16
2710.53
2724.66
2736.65
2746.96
2756.1
2764.43
2772.13
2779.27
2785.92
2792.17
2798.12
2803.78
2809.17
2814.28
2819.17
2823.91
2828.57
2833.23
2837.93
2842.67
2847.42
2852.14
2856.78
2861.34
2865.82
2870.23
2874.58
2878.85
2883.04
2887.12
2891.09
2894.92
2898.64
2902.23
2905.69
2909.02
2912.19
2915.2
2918.03
2920.67
2923.1
2925.32
2927.32
2929.07
2930.58
2931.82
2932.8
2933.49
2933.9
2934.06
2933.92
2933.44
2932.66
2931.58
2930.2
2928.51
2926.52
2924.23
2921.66
2918.8
2915.68
2912.3
2908.67
2904.81
2900.73
2896.46
2892.01
2887.41
2882.66
2877.78
2872.8
2867.72
2862.6
2857.41
2852.23
2846.96
2841.78
2836.51
2831.35
2826.17
2821.09
2816.05
2811.1
2806.21
2801.41
2796.7
2792.08
2787.57
2783.16
2778.87
2774.69
2770.64
2766.69
2762.87
2759.15
2755.55
2752.07
2748.69
2745.43
2742.27
2739.22
2736.28
2733.45
2730.72
2728.11
2725.58
2723.15
2720.75
2718.29
2715.04
1335.29
2454.42
2629.57
2622.26
2619.22
2619.13
2625.42
2639.13
2657.16
2676.2
2694.37
2710.66
2724.7
2736.64
2746.93
2756.07
2764.42
2772.13
2779.28
2785.94
2792.2
2798.16
2803.84
2809.23
2814.35
2819.25
2824
2828.67
2833.34
2838.06
2842.81
2847.56
2852.28
2856.92
2861.47
2865.93
2870.34
2874.68
2878.95
2883.13
2887.2
2891.14
2894.97
2898.67
2902.24
2905.69
2908.99
2912.14
2915.12
2917.91
2920.52
2922.91
2925.09
2927.04
2928.74
2930.19
2931.38
2932.29
2932.92
2933.26
2933.35
2933.12
2932.55
2931.7
2930.53
2929.06
2927.28
2925.19
2922.81
2920.15
2917.2
2913.99
2910.52
2906.8
2902.86
2898.72
2894.37
2889.86
2885.18
2880.36
2875.43
2870.41
2865.3
2860.14
2854.89
2849.68
2844.38
2839.17
2833.9
2828.74
2823.55
2818.46
2813.4
2808.42
2803.53
2798.73
2794.03
2789.43
2784.93
2780.54
2776.26
2772.08
2768.02
2764.07
2760.23
2756.52
2752.92
2749.44
2746.07
2742.82
2739.69
2736.66
2733.74
2730.93
2728.21
2725.61
2723.09
2720.67
2718.28
2715.84
2712.62
1326.52
2452.13
2629.01
2621.32
2618.3
2618.47
2625.08
2639.16
2657.38
2676.46
2694.57
2710.77
2724.74
2736.63
2746.9
2756.04
2764.4
2772.13
2779.28
2785.95
2792.23
2798.2
2803.88
2809.28
2814.41
2819.32
2824.08
2828.77
2833.45
2838.18
2842.94
2847.7
2852.41
2857.04
2861.59
2866.05
2870.44
2874.78
2879.04
2883.21
2887.26
2891.2
2895.01
2898.7
2902.26
2905.68
2908.96
2912.09
2915.04
2917.8
2920.37
2922.73
2924.87
2926.77
2928.42
2929.82
2930.95
2931.8
2932.36
2932.65
2932.66
2932.35
2931.71
2930.77
2929.52
2927.96
2926.1
2923.93
2921.47
2918.71
2915.68
2912.39
2908.84
2905.05
2901.04
2896.81
2892.4
2887.82
2883.09
2878.23
2873.25
2868.18
2863.02
2857.83
2852.56
2847.33
2842.01
2836.79
2831.49
2826.3
2821.1
2816
2810.96
2806
2801.11
2796.32
2791.61
2787
2782.49
2778.1
2773.82
2769.66
2765.62
2761.69
2757.88
2754.18
2750.6
2747.13
2743.77
2740.52
2737.38
2734.36
2731.43
2728.62
2725.9
2723.31
2720.78
2718.38
2715.98
2713.58
2710.3
1318.22
2449.99
2628.44
2620.37
2617.37
2617.83
2624.77
2639.2
2657.6
2676.7
2694.75
2710.87
2724.77
2736.62
2746.87
2756.02
2764.38
2772.12
2779.28
2785.95
2792.25
2798.23
2803.93
2809.34
2814.48
2819.39
2824.16
2828.86
2833.56
2838.3
2843.07
2847.83
2852.54
2857.17
2861.7
2866.16
2870.55
2874.87
2879.13
2883.29
2887.33
2891.25
2895.05
2898.72
2902.27
2905.68
2908.94
2912.04
2914.96
2917.7
2920.23
2922.55
2924.65
2926.5
2928.11
2929.46
2930.53
2931.32
2931.83
2932.06
2932.01
2931.6
2930.89
2929.88
2928.56
2926.92
2924.97
2922.72
2920.18
2917.35
2914.24
2910.87
2907.24
2903.38
2899.3
2895.02
2890.55
2885.92
2881.13
2876.22
2871.19
2866.1
2860.91
2855.7
2850.39
2845.14
2839.8
2834.56
2829.27
2824.08
2818.9
2813.79
2808.73
2803.76
2798.87
2794.08
2789.39
2784.81
2780.33
2775.95
2771.69
2767.53
2763.49
2759.56
2755.75
2752.06
2748.48
2745.03
2741.68
2738.46
2735.34
2732.33
2729.43
2726.64
2723.94
2721.36
2718.84
2716.46
2714.06
2711.72
2708.44
1309.28
2447.85
2627.86
2619.41
2616.41
2617.18
2624.48
2639.25
2657.82
2676.93
2694.91
2710.95
2724.79
2736.6
2746.84
2755.99
2764.37
2772.11
2779.27
2785.95
2792.26
2798.26
2803.97
2809.39
2814.53
2819.46
2824.24
2828.95
2833.67
2838.42
2843.2
2847.96
2852.67
2857.29
2861.82
2866.27
2870.65
2874.97
2879.21
2883.36
2887.39
2891.3
2895.09
2898.75
2902.28
2905.68
2908.92
2911.99
2914.89
2917.59
2920.09
2922.38
2924.43
2926.25
2927.81
2929.11
2930.13
2930.87
2931.31
2931.49
2931.37
2930.89
2930.12
2929.04
2927.64
2925.92
2923.9
2921.58
2918.96
2916.06
2912.88
2909.43
2905.74
2901.82
2897.68
2893.34
2888.82
2884.13
2879.31
2874.37
2869.31
2864.18
2858.95
2853.72
2848.4
2843.15
2837.8
2832.55
2827.25
2822.05
2816.86
2811.76
2806.72
2801.77
2796.9
2792.12
2787.44
2782.85
2778.37
2774
2769.75
2765.61
2761.6
2757.7
2753.91
2750.24
2746.68
2743.24
2739.91
2736.69
2733.58
2730.59
2727.68
2724.9
2722.21
2719.64
2717.13
2714.76
2712.38
2710.07
2706.75
1301.77
2445.65
2627.28
2618.46
2615.43
2616.5
2624.23
2639.32
2658.04
2677.14
2695.05
2711.02
2724.8
2736.58
2746.82
2755.96
2764.34
2772.09
2779.26
2785.95
2792.28
2798.29
2804.01
2809.44
2814.59
2819.53
2824.32
2829.04
2833.77
2838.54
2843.32
2848.09
2852.8
2857.41
2861.93
2866.37
2870.75
2875.06
2879.3
2883.43
2887.46
2891.35
2895.13
2898.78
2902.3
2905.67
2908.89
2911.94
2914.81
2917.49
2919.96
2922.21
2924.23
2926.01
2927.52
2928.78
2929.75
2930.43
2930.82
2930.95
2930.76
2930.22
2929.38
2928.23
2926.76
2924.98
2922.89
2920.5
2917.81
2914.84
2911.59
2908.09
2904.34
2900.35
2896.16
2891.77
2887.21
2882.49
2877.62
2872.64
2867.55
2862.41
2857.17
2851.93
2846.59
2841.32
2835.97
2830.71
2825.43
2820.24
2815.07
2809.98
2804.94
2799.99
2795.12
2790.36
2785.7
2781.14
2776.69
2772.35
2768.12
2764
2759.99
2756.1
2752.32
2748.66
2745.12
2741.7
2738.39
2735.19
2732.1
2729.13
2726.25
2723.49
2720.82
2718.27
2715.78
2713.43
2711.06
2708.8
2705.47
1294.48
2443.57
2626.7
2617.52
2614.41
2615.79
2624
2639.42
2658.24
2677.32
2695.17
2711.07
2724.81
2736.56
2746.79
2755.94
2764.32
2772.06
2779.24
2785.95
2792.29
2798.32
2804.05
2809.49
2814.65
2819.59
2824.39
2829.13
2833.87
2838.65
2843.45
2848.22
2852.92
2857.52
2862.04
2866.48
2870.85
2875.15
2879.38
2883.5
2887.51
2891.4
2895.16
2898.8
2902.31
2905.67
2908.87
2911.9
2914.74
2917.39
2919.83
2922.05
2924.03
2925.77
2927.25
2928.46
2929.38
2930.02
2930.36
2930.43
2930.18
2929.58
2928.68
2927.47
2925.94
2924.09
2921.93
2919.48
2916.73
2913.7
2910.39
2906.83
2903.03
2899
2894.76
2890.33
2885.72
2880.96
2876.07
2871.08
2865.97
2860.8
2855.54
2850.29
2844.95
2839.69
2834.35
2829.1
2823.82
2818.62
2813.46
2808.38
2803.37
2798.45
2793.62
2788.87
2784.22
2779.68
2775.24
2770.91
2766.7
2762.61
2758.63
2754.77
2751.02
2747.39
2743.87
2740.47
2737.17
2734
2730.92
2727.97
2725.1
2722.36
2719.7
2717.17
2714.69
2712.36
2710.03
2707.79
2704.48
1286.27
2441.71
2626.13
2616.6
2613.37
2615.04
2623.77
2639.52
2658.43
2677.48
2695.27
2711.11
2724.81
2736.54
2746.76
2755.9
2764.28
2772.03
2779.22
2785.94
2792.3
2798.35
2804.09
2809.53
2814.7
2819.65
2824.46
2829.22
2833.98
2838.76
2843.57
2848.34
2853.03
2857.64
2862.15
2866.58
2870.95
2875.24
2879.46
2883.57
2887.57
2891.45
2895.2
2898.83
2902.32
2905.66
2908.85
2911.86
2914.68
2917.3
2919.7
2921.89
2923.84
2925.54
2926.98
2928.15
2929.03
2929.62
2929.91
2929.93
2929.62
2928.97
2928.01
2926.74
2925.15
2923.25
2921.04
2918.52
2915.71
2912.63
2909.27
2905.67
2901.81
2897.74
2893.46
2888.99
2884.36
2879.58
2874.66
2869.64
2864.51
2859.35
2854.09
2848.85
2843.51
2838.24
2832.9
2827.66
2822.41
2817.24
2812.1
2807.04
2802.04
2797.13
2792.31
2787.59
2782.98
2778.46
2774.06
2769.77
2765.58
2761.51
2757.55
2753.71
2749.98
2746.38
2742.88
2739.5
2736.23
2733.08
2730.03
2727.1
2724.26
2721.54
2718.9
2716.38
2713.93
2711.61
2709.29
2707.08
2703.71
1279.41
2439.76
2625.57
2615.68
2612.33
2614.3
2623.54
2639.61
2658.6
2677.62
2695.35
2711.15
2724.81
2736.52
2746.73
2755.87
2764.25
2772
2779.19
2785.94
2792.31
2798.37
2804.13
2809.57
2814.75
2819.71
2824.53
2829.3
2834.08
2838.88
2843.68
2848.45
2853.15
2857.75
2862.25
2866.68
2871.04
2875.33
2879.53
2883.64
2887.62
2891.49
2895.23
2898.85
2902.33
2905.66
2908.83
2911.81
2914.61
2917.2
2919.59
2921.74
2923.66
2925.33
2926.73
2927.86
2928.69
2929.23
2929.5
2929.47
2929.09
2928.39
2927.39
2926.07
2924.42
2922.46
2920.2
2917.63
2914.78
2911.64
2908.24
2904.59
2900.7
2896.59
2892.28
2887.79
2883.12
2878.32
2873.39
2868.37
2863.24
2858.07
2852.8
2847.56
2842.23
2836.98
2831.68
2826.45
2821.21
2816.05
2810.93
2805.89
2800.93
2796.06
2791.28
2786.59
2781.99
2777.51
2773.13
2768.86
2764.71
2760.67
2756.74
2752.93
2749.24
2745.67
2742.2
2738.85
2735.6
2732.48
2729.45
2726.54
2723.72
2721.03
2718.41
2715.91
2713.48
2711.18
2708.9
2706.74
2703.39
1272.85
2437.85
2625.01
2614.78
2611.3
2613.56
2623.32
2639.69
2658.75
2677.74
2695.43
2711.18
2724.81
2736.5
2746.69
2755.83
2764.2
2771.96
2779.17
2785.93
2792.32
2798.4
2804.16
2809.62
2814.8
2819.77
2824.6
2829.39
2834.17
2838.99
2843.8
2848.57
2853.26
2857.85
2862.36
2866.78
2871.13
2875.41
2879.61
2883.7
2887.68
2891.53
2895.27
2898.88
2902.35
2905.66
2908.81
2911.77
2914.55
2917.12
2919.47
2921.6
2923.49
2925.12
2926.49
2927.58
2928.37
2928.87
2929.1
2929.03
2928.59
2927.86
2926.8
2925.43
2923.74
2921.73
2919.42
2916.81
2913.9
2910.73
2907.29
2903.61
2899.68
2895.54
2891.2
2886.69
2882.02
2877.21
2872.27
2867.24
2862.1
2856.95
2851.69
2846.47
2841.16
2835.91
2830.62
2825.41
2820.21
2815.08
2810
2805
2800.06
2795.22
2790.46
2785.81
2781.25
2776.8
2772.47
2768.24
2764.12
2760.11
2756.22
2752.44
2748.78
2745.23
2741.79
2738.47
2735.26
2732.16
2729.16
2726.28
2723.48
2720.8
2718.2
2715.71
2713.3
2711.01
2708.74
2706.63
2703.26
1265.66
2436.08
2624.46
2613.88
2610.28
2612.83
2623.09
2639.76
2658.9
2677.87
2695.51
2711.22
2724.81
2736.47
2746.65
2755.78
2764.16
2771.92
2779.14
2785.92
2792.33
2798.42
2804.19
2809.65
2814.84
2819.82
2824.67
2829.47
2834.27
2839.09
2843.91
2848.68
2853.37
2857.96
2862.46
2866.88
2871.22
2875.49
2879.68
2883.76
2887.72
2891.57
2895.3
2898.9
2902.36
2905.66
2908.79
2911.73
2914.49
2917.03
2919.36
2921.46
2923.32
2924.92
2926.26
2927.31
2928.07
2928.54
2928.73
2928.61
2928.13
2927.35
2926.26
2924.84
2923.11
2921.06
2918.7
2916.05
2913.11
2909.9
2906.43
2902.71
2898.76
2894.61
2890.26
2885.73
2881.04
2876.22
2871.28
2866.27
2861.14
2856
2850.74
2845.54
2840.25
2835.03
2829.78
2824.6
2819.43
2814.33
2809.28
2804.31
2799.42
2794.62
2789.91
2785.29
2780.78
2776.37
2772.06
2767.87
2763.78
2759.82
2755.96
2752.21
2748.58
2745.05
2741.64
2738.34
2735.14
2732.07
2729.09
2726.24
2723.49
2720.85
2718.31
2715.88
2713.52
2711.28
2709.07
2707.03
2703.7
1259.49
2434.34
2623.89
2612.98
2609.28
2612.13
2622.87
2639.82
2659.03
2677.99
2695.6
2711.26
2724.8
2736.45
2746.61
2755.73
2764.11
2771.88
2779.12
2785.92
2792.35
2798.45
2804.22
2809.69
2814.89
2819.88
2824.74
2829.55
2834.37
2839.2
2844.02
2848.79
2853.48
2858.06
2862.56
2866.97
2871.31
2875.57
2879.74
2883.81
2887.77
2891.61
2895.33
2898.92
2902.37
2905.66
2908.77
2911.7
2914.43
2916.95
2919.26
2921.33
2923.16
2924.74
2926.04
2927.07
2927.79
2928.22
2928.38
2928.22
2927.7
2926.89
2925.75
2924.29
2922.52
2920.44
2918.05
2915.36
2912.39
2909.15
2905.65
2901.92
2897.95
2893.77
2889.41
2884.88
2880.2
2875.39
2870.45
2865.44
2860.32
2855.2
2849.98
2844.8
2839.55
2834.35
2829.13
2823.98
2818.85
2813.8
2808.79
2803.87
2799.02
2794.26
2789.58
2785.01
2780.54
2776.16
2771.89
2767.72
2763.67
2759.73
2755.91
2752.21
2748.64
2745.19
2741.85
2738.62
2735.49
2732.47
2729.55
2726.74
2724.01
2721.38
2718.84
2716.41
2714.04
2711.8
2709.59
2707.58
2704.22
1253.59
2432.7
2623.31
2612.07
2608.3
2611.44
2622.65
2639.88
2659.17
2678.11
2695.68
2711.29
2724.8
2736.41
2746.56
2755.68
2764.06
2771.84
2779.1
2785.91
2792.36
2798.47
2804.25
2809.72
2814.93
2819.93
2824.81
2829.63
2834.46
2839.3
2844.13
2848.9
2853.58
2858.17
2862.66
2867.07
2871.4
2875.65
2879.81
2883.87
2887.82
2891.65
2895.37
2898.95
2902.38
2905.66
2908.75
2911.66
2914.37
2916.87
2919.16
2921.21
2923.01
2924.56
2925.84
2926.83
2927.53
2927.93
2928.05
2927.85
2927.3
2926.46
2925.29
2923.8
2921.99
2919.87
2917.45
2914.74
2911.75
2908.48
2904.97
2901.21
2897.23
2893.06
2888.69
2884.16
2879.48
2874.68
2869.75
2864.77
2859.68
2854.58
2849.39
2844.23
2839.02
2833.86
2828.69
2823.59
2818.5
2813.48
2808.52
2803.64
2798.83
2794.11
2789.47
2784.93
2780.49
2776.18
2771.99
2767.91
2763.95
2760.09
2756.34
2752.69
2749.14
2745.7
2742.37
2739.15
2736.05
2733.05
2730.16
2727.38
2724.69
2722.12
2719.63
2717.25
2714.95
2712.76
2710.6
2708.68
2705.35
1247.07
2431.19
2622.71
2611.16
2607.33
2610.77
2622.43
2639.92
2659.3
2678.23
2695.75
2711.32
2724.79
2736.38
2746.51
2755.62
2764.01
2771.8
2779.08
2785.91
2792.37
2798.49
2804.28
2809.76
2814.97
2819.98
2824.87
2829.71
2834.56
2839.41
2844.24
2849
2853.68
2858.27
2862.75
2867.16
2871.48
2875.72
2879.87
2883.92
2887.86
2891.69
2895.4
2898.97
2902.4
2905.65
2908.74
2911.63
2914.32
2916.8
2919.06
2921.09
2922.87
2924.4
2925.65
2926.62
2927.29
2927.65
2927.75
2927.52
2926.94
2926.07
2924.86
2923.34
2921.5
2919.36
2916.92
2914.19
2911.17
2907.89
2904.37
2900.61
2896.63
2892.44
2888.08
2883.56
2878.9
2874.12
2869.21
2864.25
2859.18
2854.12
2848.97
2843.86
2838.69
2833.57
2828.44
2823.38
2818.33
2813.35
2808.43
2803.59
2798.84
2794.21
2789.67
2785.23
2780.88
2776.61
2772.45
2768.39
2764.44
2760.6
2756.89
2753.29
2749.8
2746.43
2743.17
2740.02
2736.97
2734.02
2731.18
2728.44
2725.79
2723.24
2720.78
2718.42
2716.14
2713.97
2711.82
2709.96
2706.63
1241.42
2429.63
2622.09
2610.24
2606.37
2610.1
2622.21
2639.97
2659.42
2678.35
2695.82
2711.34
2724.78
2736.34
2746.45
2755.56
2763.96
2771.77
2779.06
2785.9
2792.37
2798.5
2804.3
2809.79
2815.01
2820.03
2824.94
2829.79
2834.65
2839.51
2844.34
2849.11
2853.79
2858.37
2862.85
2867.25
2871.56
2875.79
2879.93
2883.97
2887.91
2891.73
2895.43
2898.99
2902.41
2905.65
2908.72
2911.59
2914.27
2916.73
2918.97
2920.98
2922.74
2924.24
2925.47
2926.42
2927.06
2927.41
2927.47
2927.21
2926.61
2925.71
2924.48
2922.94
2921.08
2918.92
2916.45
2913.7
2910.68
2907.39
2903.86
2900.09
2896.12
2891.95
2887.6
2883.1
2878.45
2873.69
2868.81
2863.89
2858.86
2853.84
2848.73
2843.65
2838.53
2833.44
2828.35
2823.33
2818.35
2813.47
2808.65
2803.91
2799.23
2794.62
2790.1
2785.68
2781.37
2777.17
2773.08
2769.11
2765.24
2761.48
2757.83
2754.28
2750.84
2747.52
2744.29
2741.18
2738.18
2735.27
2732.48
2729.78
2727.18
2724.68
2722.27
2719.96
2717.73
2715.59
2713.5
2711.71
2708.41
1236.23
2428.11
2621.46
2609.32
2605.43
2609.45
2622
2640.02
2659.54
2678.45
2695.89
2711.37
2724.76
2736.3
2746.4
2755.5
2763.91
2771.73
2779.04
2785.9
2792.38
2798.52
2804.33
2809.82
2815.05
2820.08
2825
2829.87
2834.74
2839.6
2844.44
2849.21
2853.89
2858.46
2862.94
2867.33
2871.64
2875.86
2879.99
2884.02
2887.95
2891.77
2895.46
2899.02
2902.42
2905.65
2908.71
2911.56
2914.22
2916.67
2918.89
2920.88
2922.62
2924.1
2925.31
2926.23
2926.85
2927.18
2927.22
2926.93
2926.31
2925.39
2924.14
2922.57
2920.7
2918.52
2916.05
2913.29
2910.26
2906.97
2903.44
2899.69
2895.72
2891.56
2887.22
2882.75
2878.13
2873.41
2868.57
2863.68
2858.69
2853.7
2848.63
2843.58
2838.52
2833.53
2828.54
2823.62
2818.7
2813.85
2809.05
2804.34
2799.72
2795.2
2790.78
2786.45
2782.21
2778.08
2774.04
2770.12
2766.3
2762.59
2759
2755.51
2752.14
2748.87
2745.71
2742.66
2739.71
2736.86
2734.12
2731.47
2728.91
2726.45
2724.09
2721.81
2719.62
2717.51
2715.45
2713.74
2710.45
1230.73
2426.72
2620.81
2608.39
2604.49
2608.82
2621.8
2640.06
2659.66
2678.55
2695.95
2711.39
2724.75
2736.25
2746.34
2755.45
2763.86
2771.7
2779.02
2785.89
2792.38
2798.53
2804.35
2809.85
2815.08
2820.13
2825.06
2829.95
2834.83
2839.7
2844.54
2849.31
2853.98
2858.56
2863.03
2867.42
2871.71
2875.92
2880.05
2884.07
2887.99
2891.8
2895.49
2899.04
2902.43
2905.66
2908.69
2911.54
2914.18
2916.61
2918.81
2920.78
2922.51
2923.97
2925.16
2926.06
2926.67
2926.97
2926.99
2926.68
2926.05
2925.11
2923.84
2922.27
2920.38
2918.19
2915.71
2912.95
2909.92
2906.64
2903.12
2899.37
2895.42
2891.29
2886.98
2882.54
2877.94
2873.26
2868.45
2863.6
2858.65
2853.71
2848.73
2843.79
2838.81
2833.85
2828.89
2824.01
2819.16
2814.4
2809.7
2805.08
2800.53
2796.07
2791.7
2787.43
2783.26
2779.2
2775.24
2771.39
2767.65
2764.01
2760.48
2757.06
2753.75
2750.54
2747.44
2744.45
2741.55
2738.76
2736.07
2733.48
2730.98
2728.57
2726.26
2724.03
2721.89
2719.83
2717.82
2716.2
2712.94
1225.81
2425.43
2620.13
2607.46
2603.57
2608.19
2621.61
2640.1
2659.76
2678.65
2696.01
2711.4
2724.72
2736.2
2746.28
2755.39
2763.82
2771.67
2779
2785.88
2792.39
2798.54
2804.37
2809.87
2815.12
2820.18
2825.12
2830.02
2834.92
2839.8
2844.64
2849.41
2854.08
2858.65
2863.12
2867.5
2871.78
2875.99
2880.1
2884.12
2888.03
2891.84
2895.52
2899.06
2902.45
2905.66
2908.68
2911.51
2914.14
2916.55
2918.74
2920.7
2922.4
2923.85
2925.02
2925.91
2926.5
2926.79
2926.79
2926.46
2925.82
2924.87
2923.59
2922
2920.11
2917.92
2915.44
2912.68
2909.66
2906.38
2902.88
2899.16
2895.23
2891.13
2886.85
2882.43
2877.87
2873.22
2868.48
2863.71
2858.86
2853.98
2849.04
2844.12
2839.19
2834.32
2829.46
2824.66
2819.89
2815.2
2810.56
2806.01
2801.54
2797.16
2792.87
2788.68
2784.59
2780.6
2776.72
2772.94
2769.27
2765.7
2762.24
2758.89
2755.65
2752.51
2749.47
2746.54
2743.7
2740.97
2738.34
2735.8
2733.36
2731
2728.73
2726.55
2724.47
2722.49
2720.52
2718.95
2715.72
1220.94
2424.22
2619.45
2606.51
2602.65
2607.58
2621.42
2640.14
2659.86
2678.74
2696.06
2711.41
2724.7
2736.15
2746.22
2755.34
2763.77
2771.63
2778.98
2785.87
2792.39
2798.56
2804.38
2809.9
2815.16
2820.23
2825.19
2830.1
2835
2839.89
2844.74
2849.5
2854.17
2858.74
2863.21
2867.58
2871.85
2876.05
2880.15
2884.16
2888.07
2891.87
2895.55
2899.09
2902.46
2905.66
2908.67
2911.49
2914.1
2916.5
2918.68
2920.62
2922.31
2923.74
2924.9
2925.77
2926.35
2926.63
2926.62
2926.28
2925.63
2924.66
2923.37
2921.78
2919.89
2917.71
2915.23
2912.48
2909.48
2906.22
2902.74
2899.04
2895.14
2891.06
2886.81
2882.44
2877.96
2873.4
2868.71
2863.97
2859.15
2854.34
2849.49
2844.66
2839.82
2835.01
2830.22
2825.49
2820.8
2816.19
2811.65
2807.18
2802.79
2798.5
2794.29
2790.18
2786.17
2782.26
2778.46
2774.76
2771.16
2767.67
2764.29
2761.01
2757.84
2754.77
2751.8
2748.93
2746.17
2743.5
2740.93
2738.45
2736.06
2733.76
2731.55
2729.42
2727.38
2725.49
2723.54
2722.01
2718.81
1215.83
2423.03
2618.75
2605.55
2601.75
2606.99
2621.24
2640.18
2659.96
2678.82
2696.11
2711.42
2724.67
2736.1
2746.16
2755.28
2763.73
2771.6
2778.96
2785.86
2792.39
2798.57
2804.4
2809.93
2815.19
2820.28
2825.25
2830.17
2835.09
2839.98
2844.83
2849.6
2854.27
2858.83
2863.29
2867.65
2871.92
2876.11
2880.2
2884.21
2888.11
2891.91
2895.58
2899.11
2902.47
2905.66
2908.66
2911.47
2914.07
2916.46
2918.62
2920.54
2922.22
2923.64
2924.79
2925.65
2926.22
2926.5
2926.47
2926.12
2925.47
2924.49
2923.21
2921.62
2919.73
2917.55
2915.09
2912.36
2909.37
2906.14
2902.67
2899
2895.13
2891.13
2886.96
2882.65
2878.19
2873.66
2869.04
2864.38
2859.65
2854.92
2850.13
2845.37
2840.61
2835.89
2831.19
2826.55
2821.95
2817.42
2812.96
2808.58
2804.28
2800.07
2795.95
2791.93
2788
2784.18
2780.46
2776.84
2773.33
2769.92
2766.61
2763.41
2760.31
2757.32
2754.42
2751.62
2748.93
2746.32
2743.82
2741.4
2739.08
2736.83
2734.68
2732.62
2730.63
2728.82
2726.92
2725.45
2722.28
1211.88
2421.83
2618.04
2604.57
2600.85
2606.41
2621.06
2640.21
2660.04
2678.89
2696.15
2711.43
2724.64
2736.05
2746.11
2755.23
2763.69
2771.57
2778.93
2785.85
2792.39
2798.58
2804.42
2809.95
2815.23
2820.32
2825.31
2830.25
2835.17
2840.08
2844.92
2849.69
2854.36
2858.92
2863.37
2867.73
2871.99
2876.16
2880.25
2884.25
2888.15
2891.94
2895.61
2899.13
2902.49
2905.66
2908.65
2911.45
2914.04
2916.41
2918.57
2920.48
2922.15
2923.56
2924.69
2925.55
2926.11
2926.38
2926.36
2926.01
2925.34
2924.36
2923.08
2921.5
2919.62
2917.46
2915.01
2912.3
2909.33
2906.12
2902.71
2899.1
2895.3
2891.32
2887.17
2882.91
2878.54
2874.09
2869.54
2864.95
2860.29
2855.63
2850.94
2846.27
2841.59
2836.96
2832.34
2827.79
2823.29
2818.85
2814.49
2810.2
2805.99
2801.88
2797.85
2793.92
2790.09
2786.35
2782.72
2779.19
2775.76
2772.43
2769.21
2766.09
2763.07
2760.15
2757.33
2754.61
2751.99
2749.46
2747.02
2744.67
2742.41
2740.24
2738.15
2736.14
2734.22
2732.47
2730.63
2729.24
2726.14
1207.79
2420.78
2617.31
2603.59
2599.97
2605.84
2620.89
2640.23
2660.12
2678.96
2696.19
2711.43
2724.61
2736
2746.05
2755.18
2763.64
2771.54
2778.91
2785.84
2792.39
2798.58
2804.44
2809.98
2815.26
2820.37
2825.37
2830.32
2835.26
2840.16
2845.02
2849.78
2854.44
2859
2863.45
2867.8
2872.05
2876.22
2880.3
2884.29
2888.19
2891.98
2895.64
2899.15
2902.5
2905.67
2908.65
2911.43
2914.01
2916.38
2918.52
2920.42
2922.08
2923.48
2924.61
2925.46
2926.03
2926.29
2926.26
2925.92
2925.24
2924.27
2923
2921.43
2919.57
2917.42
2914.99
2912.31
2909.39
2906.24
2902.86
2899.28
2895.51
2891.6
2887.54
2883.35
2879.04
2874.65
2870.18
2865.67
2861.11
2856.53
2851.93
2847.34
2842.76
2838.22
2833.71
2829.25
2824.84
2820.51
2816.24
2812.05
2807.94
2803.92
2799.99
2796.15
2792.41
2788.77
2785.23
2781.79
2778.45
2775.22
2772.08
2769.04
2766.1
2763.27
2760.53
2757.88
2755.33
2752.87
2750.51
2748.23
2746.03
2743.92
2741.9
2739.95
2738.09
2736.4
2734.63
2733.31
2730.27
1203.1
2419.87
2616.56
2602.6
2599.09
2605.28
2620.72
2640.25
2660.19
2679.02
2696.22
2711.42
2724.58
2735.95
2746
2755.13
2763.6
2771.51
2778.89
2785.83
2792.39
2798.59
2804.45
2810
2815.29
2820.41
2825.43
2830.39
2835.34
2840.25
2845.11
2849.87
2854.53
2859.08
2863.53
2867.87
2872.12
2876.27
2880.35
2884.34
2888.23
2892.01
2895.67
2899.17
2902.51
2905.67
2908.64
2911.42
2913.99
2916.34
2918.48
2920.38
2922.03
2923.42
2924.55
2925.4
2925.95
2926.22
2926.21
2925.85
2925.18
2924.22
2922.96
2921.4
2919.56
2917.44
2915.07
2912.42
2909.53
2906.41
2903.08
2899.56
2895.87
2892.01
2888.01
2883.89
2879.66
2875.36
2870.97
2866.55
2862.07
2857.59
2853.08
2848.6
2844.11
2839.67
2835.26
2830.91
2826.6
2822.37
2818.2
2814.12
2810.11
2806.19
2802.36
2798.62
2794.98
2791.44
2787.99
2784.65
2781.4
2778.26
2775.21
2772.26
2769.41
2766.65
2763.99
2761.43
2758.96
2756.57
2754.28
2752.07
2749.95
2747.9
2745.94
2744.06
2742.25
2740.63
2738.92
2737.67
2734.69
2615.79
2601.59
2598.22
2604.73
2620.55
2640.27
2660.25
2679.07
2696.25
2711.42
2724.54
2735.9
2745.94
2755.08
2763.56
2771.47
2778.87
2785.82
2792.39
2798.6
2804.47
2810.02
2815.33
2820.46
2825.48
2830.46
2835.42
2840.34
2845.19
2849.96
2854.62
2859.17
2863.61
2867.94
2872.18
2876.33
2880.39
2884.38
2888.26
2892.04
2895.69
2899.19
2902.53
2905.68
2908.64
2911.4
2913.97
2916.32
2918.44
2920.34
2921.98
2923.37
2924.49
2925.34
2925.9
2926.18
2926.18
2925.81
2925.15
2924.2
2922.96
2921.44
2919.63
2917.54
2915.18
2912.58
2909.74
2906.68
2903.41
2899.95
2896.31
2892.53
2888.61
2884.57
2880.43
2876.21
2871.91
2867.58
2863.2
2858.82
2854.42
2850.03
2845.65
2841.32
2837.01
2832.77
2828.57
2824.44
2820.38
2816.4
2812.5
2808.69
2804.96
2801.33
2797.79
2794.35
2791
2787.75
2784.6
2781.54
2778.59
2775.73
2772.96
2770.29
2767.72
2765.23
2762.84
2760.53
2758.31
2756.18
2754.12
2752.15
2750.25
2748.43
2746.68
2745.13
2743.48
2742.3
2739.38
2918.42
2920.3
2921.95
2923.34
2924.46
2925.31
2925.87
2926.16
2926.17
2925.8
2925.16
2924.24
2923.03
2921.52
2919.74
2917.69
2915.38
2912.83
2910.04
2907.03
2903.82
2900.43
2896.87
2893.16
2889.32
2885.37
2881.32
2877.19
2872.99
2868.76
2864.49
2860.21
2855.91
2851.64
2847.37
2843.15
2838.95
2834.82
2830.73
2826.72
2822.77
2818.9
2815.11
2811.4
2807.79
2804.26
2800.83
2797.49
2794.24
2791.09
2788.04
2785.08
2782.22
2779.45
2776.78
2774.19
2771.7
2769.3
2766.99
2764.76
2762.62
2760.55
2758.57
2756.67
2754.84
2753.08
2751.4
2749.91
2748.33
2747.22
2744.37
2921.92
2923.31
2924.43
2925.29
2925.85
2926.16
2926.19
2925.83
2925.21
2924.31
2923.12
2921.66
2919.92
2917.91
2915.65
2913.14
2910.41
2907.47
2904.33
2901.02
2897.54
2893.91
2890.16
2886.31
2882.35
2878.32
2874.23
2870.1
2865.94
2861.77
2857.58
2853.42
2849.27
2845.16
2841.09
2837.07
2833.1
2829.2
2825.36
2821.61
2817.93
2814.34
2810.83
2807.42
2804.09
2800.85
2797.71
2794.66
2791.71
2788.85
2786.08
2783.41
2780.82
2778.33
2775.92
2773.6
2771.37
2769.22
2767.16
2765.17
2763.26
2761.42
2759.66
2757.96
2756.34
2754.93
2753.4
2752.37
2749.57
2924.43
2925.29
2925.87
2926.19
2926.21
2925.88
2925.29
2924.42
2923.27
2921.84
2920.14
2918.18
2915.98
2913.53
2910.87
2908
2904.93
2901.7
2898.3
2894.77
2891.12
2887.36
2883.5
2879.58
2875.6
2871.59
2867.53
2863.48
2859.41
2855.37
2851.34
2847.35
2843.4
2839.5
2835.65
2831.87
2828.16
2824.52
2820.96
2817.48
2814.09
2810.78
2807.57
2804.44
2801.41
2798.46
2795.61
2792.85
2790.18
2787.6
2785.1
2782.7
2780.38
2778.15
2776
2773.93
2771.94
2770.03
2768.19
2766.43
2764.74
2763.11
2761.54
2760.21
2758.74
2757.79
2755.07
2763.36
2760.7
)
;

boundaryField
{
    inlet
    {
        type            fixedValue;
        value           uniform 2790;
    }
    obstacle
    {
        type            zeroGradient;
    }
    bottom
    {
        type            symmetry;
    }
    outlet
    {
        type            zeroGradient;
    }
    top
    {
        type            symmetry;
    }
    defaultFaces
    {
        type            empty;
    }
    procBoundary7to1
    {
        type            processor;
        value           nonuniform List<scalar> 
126
(
1199.81
2418.94
2418.94
2615
2600.57
2597.36
2604.2
2620.39
2640.28
2660.3
2679.12
2696.27
2711.41
2724.51
2735.85
2745.89
2755.04
2763.52
2771.44
2778.85
2785.81
2792.39
2798.61
2804.48
2810.04
2815.36
2820.5
2825.54
2830.53
2835.5
2840.42
2845.28
2850.04
2854.7
2859.25
2863.68
2868.01
2872.24
2876.38
2880.44
2884.42
2888.3
2892.08
2895.72
2899.21
2902.54
2905.68
2908.64
2911.39
2913.95
2916.29
2916.29
2918.39
2920.28
2920.28
2921.91
2923.3
2923.3
2924.43
2925.31
2925.91
2926.23
2926.28
2925.97
2925.41
2924.58
2923.46
2922.08
2920.43
2918.52
2916.38
2914
2911.41
2908.62
2905.63
2902.49
2899.18
2895.75
2892.19
2888.54
2884.8
2880.99
2877.12
2873.22
2869.29
2865.36
2861.42
2857.5
2853.59
2849.73
2845.9
2842.12
2838.4
2834.74
2831.15
2827.64
2824.19
2820.83
2817.56
2814.37
2811.26
2808.24
2805.31
2802.47
2799.72
2797.06
2794.49
2792
2789.6
2787.29
2785.06
2782.91
2780.84
2778.85
2776.94
2775.09
2773.33
2771.63
2770.01
2768.44
2766.94
2765.68
2764.25
2764.25
2769.19
2766.59
)
;
    }
    procBoundary7to6
    {
        type            processor;
        value           nonuniform List<scalar> 
153
(
2840.53
2775.73
2766
2751.96
2751.96
2744.28
2737.79
2732.61
2728.22
2724.18
2720.28
2716.35
2712.29
2708.31
2705.18
2703.82
2704.08
2710.05
2728.65
2752.41
2770.52
2781.39
2787.77
2792.06
2795.62
2799.12
2802.96
2803.16
2803.37
2803.58
2803.8
2804.01
2804.01
2808.46
2808.66
2808.66
2812.76
2812.93
2812.93
2816.82
2817.06
2817.06
2820.87
2824.79
2828.82
2832.86
2836.83
2840.76
2844.75
2848.94
2853.42
2858.22
2863.28
2868.52
2873.83
2879.16
2884.47
2889.76
2895.05
2900.33
2905.62
2910.92
2916.24
2921.6
2927.01
2932.49
2938.08
2943.78
2949.63
2955.65
2961.83
2968.2
2974.76
2981.95
2982.3
2982.56
2982.73
2982.83
2982.87
2982.8
2982.66
2982.46
2982.18
2981.84
2981.43
2980.97
2980.45
2979.87
2979.24
2978.57
2978.57
2984
2989.49
2995.04
3000.65
3006.32
3012.02
3017.76
3023.53
3029.32
3035.11
3040.88
3046.62
3052.3
3057.9
3063.41
3068.78
3074.01
3079.05
3083.89
3088.49
3092.82
3096.87
3100.6
3104
3107.03
3109.69
3111.95
3113.81
3115.25
3116.27
3116.87
3117.09
3116.9
3116.26
3115.25
3113.89
3112.19
3110.17
3097.21
3097.21
3094.49
3091.61
3088.44
3085.22
3081.78
3078.31
3074.73
3071.06
3067.39
3052.87
3052.87
3049.17
3045.51
3041.86
3038.25
3034.69
3031.19
3027.76
3024.41
3021.1
3017.61
3013.02
)
;
    }
}


// ************************************************************************* //
