/*--------------------------------*- C++ -*----------------------------------*\
| =========                 |                                                 |
| \\      /  F ield         | OpenFOAM: The Open Source CFD Toolbox           |
|  \\    /   O peration     | Version:  2412                                  |
|   \\  /    A nd           | Website:  www.openfoam.com                      |
|    \\/     M anipulation  |                                                 |
\*---------------------------------------------------------------------------*/
FoamFile
{
    version     2.0;
    format      ascii;
    arch        "LSB;label=32;scalar=64";
    class       volScalarField;
    location    "0.044";
    object      T;
}
// * * * * * * * * * * * * * * * * * * * * * * * * * * * * * * * * * * * * * //

dimensions      [0 0 0 1 0 0 0];

internalField   nonuniform List<scalar> 
9831
(
191.37
214.806
191.144
214.745
218.155
218.667
219.033
219.305
219.534
219.744
219.952
220.163
220.373
220.577
220.775
220.966
221.152
221.331
221.503
221.666
221.823
221.973
222.12
222.267
222.419
222.574
222.729
222.88
223.025
223.171
223.324
223.483
223.642
223.798
223.952
224.105
224.258
224.409
224.559
224.705
224.846
224.983
225.116
225.246
225.372
225.494
225.613
225.727
225.837
225.943
226.044
226.141
190.922
214.684
218.123
218.639
219.011
219.287
219.518
219.73
219.939
220.151
220.362
220.567
220.765
220.957
221.144
221.323
221.495
221.659
221.816
221.966
222.114
222.262
222.413
222.569
222.724
222.874
223.019
223.166
223.319
223.477
223.636
223.792
223.946
224.099
224.251
224.403
224.552
224.698
224.839
224.976
225.109
225.238
225.364
225.486
225.604
225.718
225.828
225.934
226.035
226.131
226.222
226.307
190.707
214.624
218.091
218.612
218.99
219.269
219.503
219.717
219.927
220.14
220.351
220.556
220.755
220.948
221.135
221.315
221.488
221.652
221.809
221.96
222.108
222.256
222.408
222.563
222.719
222.868
223.013
223.16
223.313
223.472
223.63
223.787
223.941
224.093
224.245
224.397
224.546
224.691
224.832
224.969
225.102
225.231
225.357
225.478
225.596
225.71
225.819
225.925
226.026
226.122
226.212
226.296
226.374
226.445
190.496
214.565
218.059
218.585
218.969
219.252
219.488
219.703
219.915
220.128
220.34
220.546
220.746
220.939
221.127
221.307
221.481
221.645
221.803
221.954
222.102
222.25
222.402
222.558
222.713
222.863
223.008
223.155
223.308
223.466
223.625
223.781
223.935
224.087
224.239
224.39
224.539
224.685
224.826
224.962
225.095
225.224
225.349
225.47
225.588
225.701
225.81
225.916
226.016
226.112
226.202
226.286
226.364
226.434
226.498
226.555
226.604
226.646
226.68
226.707
226.727
226.739
226.745
226.742
226.732
226.715
226.692
226.663
226.628
226.587
226.54
226.489
226.433
226.373
226.309
226.243
226.173
226.101
226.026
225.95
225.872
225.793
225.713
225.634
225.553
225.473
225.393
225.314
225.235
225.157
225.081
225.005
224.931
224.858
224.787
224.718
224.65
224.583
224.519
224.456
224.395
224.337
224.279
224.224
224.17
224.118
224.068
224.019
223.973
223.928
223.885
223.844
223.805
223.768
223.732
223.699
223.667
223.64
223.611
190.294
214.506
218.027
218.558
218.948
219.235
219.474
219.69
219.904
220.118
220.33
220.537
220.736
220.93
221.119
221.3
221.473
221.639
221.796
221.947
222.096
222.245
222.397
222.553
222.708
222.857
223.002
223.149
223.302
223.461
223.619
223.775
223.929
224.081
224.233
224.384
224.533
224.678
224.819
224.955
225.087
225.216
225.341
225.462
225.579
225.692
225.801
225.907
226.007
226.103
226.193
226.276
226.354
226.424
226.487
226.544
226.593
226.635
226.669
226.696
226.716
226.729
226.734
226.732
226.722
226.707
226.684
226.656
226.622
226.582
226.537
226.487
226.433
226.375
226.313
226.248
226.18
226.109
226.037
225.963
225.887
225.811
225.733
225.656
225.578
225.5
225.423
225.346
225.27
225.194
225.12
225.047
224.975
224.905
224.836
224.769
224.703
224.639
224.577
224.517
224.458
224.401
224.346
224.293
224.241
224.191
224.143
224.096
224.051
224.008
223.966
223.927
223.889
223.854
223.82
223.788
223.757
223.731
223.704
223.691
223.636
190.094
214.448
217.995
218.532
218.928
219.219
219.46
219.678
219.892
220.107
220.32
220.527
220.727
220.922
221.111
221.292
221.466
221.632
221.79
221.941
222.09
222.239
222.392
222.548
222.703
222.852
222.997
223.144
223.297
223.455
223.613
223.769
223.923
224.075
224.227
224.378
224.526
224.671
224.812
224.948
225.08
225.209
225.333
225.454
225.571
225.684
225.793
225.898
225.998
226.093
226.183
226.266
226.343
226.414
226.477
226.533
226.582
226.624
226.659
226.686
226.706
226.719
226.725
226.723
226.714
226.699
226.678
226.651
226.618
226.579
226.535
226.487
226.434
226.378
226.318
226.255
226.189
226.121
226.05
225.979
225.905
225.831
225.756
225.681
225.606
225.531
225.456
225.382
225.308
225.235
225.164
225.093
225.024
224.956
224.89
224.825
224.762
224.7
224.64
224.582
224.526
224.471
224.418
224.367
224.317
224.269
224.222
224.177
224.134
224.093
224.053
224.015
223.979
223.945
223.913
223.882
223.852
223.828
223.802
223.791
223.739
189.902
214.39
217.962
218.506
218.908
219.203
219.446
219.666
219.881
220.097
220.31
220.518
220.718
220.913
221.103
221.285
221.459
221.625
221.783
221.935
222.084
222.234
222.387
222.543
222.697
222.847
222.991
223.138
223.292
223.45
223.608
223.764
223.917
224.069
224.221
224.371
224.52
224.665
224.805
224.941
225.073
225.201
225.325
225.446
225.562
225.675
225.784
225.889
225.989
226.084
226.173
226.257
226.333
226.403
226.467
226.523
226.572
226.614
226.648
226.676
226.696
226.71
226.717
226.715
226.708
226.693
226.673
226.647
226.615
226.578
226.536
226.489
226.439
226.384
226.326
226.265
226.201
226.135
226.067
225.998
225.927
225.856
225.783
225.711
225.638
225.566
225.493
225.422
225.351
225.281
225.212
225.144
225.077
225.012
224.948
224.886
224.825
224.766
224.708
224.652
224.598
224.545
224.494
224.445
224.397
224.351
224.306
224.263
224.222
224.182
224.144
224.108
224.073
224.041
224.01
223.98
223.951
223.928
223.904
223.897
223.847
189.713
214.333
217.93
218.48
218.889
219.188
219.433
219.654
219.871
220.087
220.301
220.509
220.71
220.905
221.095
221.278
221.452
221.619
221.777
221.929
222.079
222.229
222.382
222.538
222.692
222.841
222.986
223.133
223.286
223.444
223.602
223.758
223.912
224.063
224.215
224.365
224.513
224.658
224.798
224.934
225.066
225.193
225.317
225.437
225.554
225.666
225.775
225.88
225.98
226.075
226.164
226.247
226.323
226.393
226.456
226.513
226.562
226.604
226.639
226.667
226.687
226.702
226.709
226.709
226.702
226.689
226.669
226.645
226.614
226.579
226.538
226.493
226.445
226.392
226.336
226.277
226.216
226.152
226.087
226.02
225.952
225.883
225.813
225.744
225.674
225.604
225.534
225.465
225.397
225.33
225.264
225.198
225.134
225.072
225.01
224.951
224.892
224.835
224.78
224.727
224.675
224.624
224.575
224.528
224.482
224.438
224.395
224.354
224.314
224.276
224.24
224.205
224.172
224.141
224.111
224.082
224.052
224.029
224.008
224.009
223.963
189.532
214.277
217.897
218.455
218.87
219.173
219.42
219.642
219.86
220.077
220.292
220.5
220.701
220.897
221.087
221.27
221.446
221.612
221.771
221.923
222.073
222.223
222.377
222.533
222.687
222.836
222.981
223.128
223.281
223.439
223.597
223.753
223.906
224.058
224.209
224.359
224.507
224.651
224.791
224.927
225.058
225.186
225.309
225.429
225.545
225.657
225.766
225.871
225.971
226.066
226.154
226.237
226.314
226.384
226.447
226.503
226.552
226.594
226.63
226.658
226.679
226.694
226.702
226.703
226.697
226.685
226.667
226.644
226.615
226.581
226.542
226.5
226.453
226.402
226.349
226.292
226.233
226.172
226.11
226.045
225.98
225.914
225.847
225.78
225.713
225.646
225.579
225.513
225.448
225.383
225.32
225.257
225.196
225.136
225.077
225.02
224.964
224.91
224.857
224.805
224.756
224.707
224.661
224.616
224.572
224.529
224.488
224.449
224.411
224.374
224.34
224.307
224.275
224.246
224.217
224.187
224.158
224.137
224.119
224.123
224.081
189.354
214.22
217.865
218.43
218.851
219.158
219.407
219.631
219.85
220.068
220.282
220.491
220.693
220.889
221.08
221.263
221.439
221.606
221.765
221.917
222.067
222.218
222.372
222.528
222.682
222.831
222.975
223.123
223.276
223.434
223.591
223.747
223.9
224.052
224.203
224.353
224.5
224.645
224.784
224.92
225.051
225.178
225.301
225.421
225.537
225.649
225.757
225.862
225.962
226.056
226.145
226.228
226.304
226.374
226.437
226.493
226.543
226.585
226.621
226.65
226.672
226.688
226.696
226.698
226.693
226.683
226.666
226.644
226.617
226.585
226.549
226.508
226.463
226.415
226.364
226.31
226.254
226.195
226.135
226.074
226.011
225.948
225.884
225.82
225.756
225.692
225.628
225.565
225.502
225.441
225.38
225.32
225.261
225.204
225.148
225.093
225.04
224.988
224.938
224.889
224.841
224.795
224.75
224.707
224.666
224.625
224.586
224.548
224.512
224.477
224.444
224.413
224.383
224.354
224.326
224.298
224.27
224.251
224.236
224.242
224.201
189.183
214.165
217.832
218.405
218.833
219.144
219.395
219.62
219.84
220.059
220.274
220.482
220.684
220.881
221.072
221.256
221.433
221.6
221.759
221.912
222.062
222.213
222.367
222.523
222.677
222.826
222.97
223.117
223.271
223.428
223.586
223.741
223.894
224.046
224.196
224.346
224.494
224.638
224.777
224.913
225.043
225.17
225.293
225.412
225.528
225.64
225.749
225.853
225.953
226.047
226.136
226.218
226.294
226.364
226.427
226.484
226.534
226.577
226.613
226.642
226.665
226.681
226.691
226.694
226.691
226.681
226.666
226.646
226.621
226.591
226.556
226.518
226.476
226.43
226.381
226.33
226.276
226.221
226.164
226.105
226.046
225.985
225.924
225.863
225.802
225.741
225.68
225.62
225.561
225.502
225.444
225.387
225.331
225.277
225.223
225.171
225.12
225.071
225.023
224.976
224.931
224.887
224.844
224.803
224.763
224.725
224.687
224.651
224.617
224.584
224.553
224.523
224.494
224.466
224.439
224.412
224.386
224.37
224.356
224.363
224.322
189.015
214.109
217.799
218.381
218.816
219.13
219.383
219.61
219.83
220.05
220.265
220.474
220.676
220.874
221.065
221.25
221.426
221.594
221.753
221.906
222.057
222.208
222.362
222.518
222.672
222.82
222.965
223.112
223.266
223.423
223.58
223.736
223.888
224.04
224.19
224.34
224.487
224.631
224.771
224.905
225.036
225.162
225.285
225.404
225.519
225.631
225.74
225.844
225.944
226.038
226.126
226.209
226.285
226.355
226.418
226.475
226.525
226.568
226.605
226.635
226.659
226.676
226.687
226.691
226.689
226.681
226.668
226.65
226.626
226.598
226.566
226.53
226.49
226.447
226.401
226.353
226.302
226.249
226.195
226.14
226.083
226.026
225.968
225.91
225.852
225.794
225.736
225.679
225.622
225.567
225.512
225.458
225.405
225.353
225.302
225.252
225.204
225.157
225.112
225.067
225.024
224.983
224.942
224.903
224.865
224.829
224.793
224.759
224.726
224.695
224.665
224.637
224.61
224.583
224.556
224.532
224.508
224.493
224.481
224.488
224.448
188.854
214.054
217.766
218.357
218.798
219.116
219.371
219.599
219.821
220.041
220.256
220.466
220.668
220.866
221.058
221.243
221.42
221.587
221.747
221.9
222.051
222.203
222.357
222.513
222.667
222.815
222.96
223.107
223.26
223.418
223.575
223.73
223.883
224.034
224.184
224.334
224.481
224.625
224.764
224.898
225.028
225.155
225.277
225.396
225.511
225.623
225.731
225.835
225.935
226.029
226.117
226.2
226.276
226.346
226.409
226.466
226.517
226.561
226.598
226.629
226.654
226.672
226.684
226.689
226.689
226.682
226.671
226.655
226.633
226.608
226.578
226.544
226.507
226.466
226.423
226.378
226.33
226.28
226.229
226.177
226.123
226.069
226.015
225.96
225.905
225.85
225.796
225.742
225.688
225.635
225.583
225.532
225.482
225.433
225.385
225.338
225.292
225.248
225.205
225.163
225.122
225.083
225.044
225.007
224.971
224.937
224.903
224.871
224.84
224.81
224.782
224.755
224.729
224.703
224.677
224.654
224.633
224.62
224.609
224.615
224.576
188.696
213.999
217.733
218.333
218.782
219.103
219.36
219.589
219.812
220.032
220.248
220.458
220.661
220.859
221.051
221.236
221.413
221.581
221.741
221.895
222.046
222.198
222.352
222.508
222.662
222.81
222.955
223.102
223.255
223.413
223.57
223.724
223.877
224.028
224.178
224.328
224.475
224.618
224.757
224.891
225.021
225.147
225.269
225.387
225.502
225.614
225.722
225.827
225.926
226.02
226.108
226.19
226.267
226.337
226.4
226.458
226.509
226.553
226.591
226.623
226.649
226.668
226.681
226.688
226.69
226.685
226.675
226.661
226.642
226.619
226.591
226.56
226.525
226.488
226.448
226.405
226.36
226.314
226.266
226.217
226.167
226.116
226.065
226.013
225.961
225.91
225.858
225.808
225.757
225.707
225.658
225.61
225.563
225.517
225.471
225.427
225.384
225.342
225.302
225.262
225.224
225.186
225.15
225.115
225.082
225.049
225.017
224.986
224.957
224.929
224.903
224.877
224.852
224.827
224.803
224.782
224.763
224.752
224.741
224.748
224.709
188.545
213.945
217.7
218.309
218.765
219.09
219.348
219.579
219.803
220.024
220.24
220.45
220.653
220.852
221.044
221.23
221.407
221.575
221.735
221.889
222.041
222.193
222.347
222.503
222.657
222.805
222.95
223.097
223.25
223.407
223.564
223.719
223.871
224.022
224.172
224.321
224.468
224.611
224.749
224.883
225.013
225.138
225.26
225.379
225.494
225.606
225.714
225.818
225.917
226.011
226.099
226.181
226.257
226.328
226.392
226.449
226.501
226.546
226.585
226.618
226.644
226.665
226.679
226.688
226.691
226.688
226.681
226.669
226.652
226.631
226.606
226.578
226.546
226.511
226.474
226.435
226.393
226.35
226.305
226.26
226.213
226.166
226.118
226.069
226.021
225.973
225.925
225.877
225.83
225.783
225.737
225.692
225.648
225.605
225.562
225.521
225.48
225.441
225.402
225.365
225.329
225.294
225.26
225.227
225.195
225.164
225.134
225.106
225.078
225.052
225.027
225.003
224.979
224.955
224.932
224.913
224.896
224.886
224.877
224.883
224.844
188.396
213.891
217.667
218.286
218.749
219.077
219.338
219.57
219.794
220.016
220.232
220.442
220.646
220.844
221.038
221.224
221.401
221.57
221.73
221.884
222.036
222.188
222.343
222.499
222.652
222.8
222.945
223.092
223.245
223.402
223.559
223.713
223.866
224.016
224.166
224.315
224.462
224.604
224.742
224.876
225.005
225.13
225.252
225.37
225.485
225.597
225.705
225.809
225.908
226.002
226.09
226.172
226.249
226.319
226.383
226.442
226.494
226.54
226.58
226.613
226.641
226.663
226.679
226.689
226.694
226.693
226.688
226.678
226.663
226.645
226.623
226.597
226.569
226.537
226.503
226.467
226.429
226.389
226.348
226.305
226.262
226.218
226.173
226.129
226.084
226.039
225.994
225.95
225.906
225.862
225.82
225.777
225.736
225.696
225.656
225.617
225.579
225.543
225.507
225.472
225.438
225.406
225.374
225.343
225.313
225.284
225.256
225.229
225.203
225.179
225.155
225.132
225.11
225.087
225.066
225.05
225.034
225.026
225.017
225.023
224.984
188.254
213.838
217.634
218.264
218.733
219.065
219.327
219.56
219.786
220.008
220.224
220.434
220.638
220.837
221.031
221.217
221.395
221.564
221.724
221.879
222.03
222.183
222.338
222.494
222.648
222.795
222.94
223.087
223.24
223.397
223.553
223.708
223.86
224.011
224.16
224.309
224.455
224.597
224.735
224.868
224.997
225.122
225.244
225.362
225.477
225.588
225.696
225.8
225.899
225.993
226.081
226.163
226.24
226.31
226.375
226.434
226.487
226.534
226.574
226.609
226.638
226.661
226.678
226.691
226.698
226.699
226.696
226.688
226.676
226.661
226.641
226.619
226.593
226.565
226.534
226.501
226.466
226.43
226.392
226.354
226.314
226.273
226.232
226.191
226.15
226.108
226.067
226.026
225.985
225.945
225.905
225.866
225.828
225.79
225.754
225.718
225.682
225.648
225.615
225.583
225.551
225.521
225.491
225.462
225.434
225.407
225.381
225.356
225.332
225.309
225.287
225.265
225.244
225.223
225.203
225.189
225.175
225.168
225.159
225.164
225.127
188.114
213.784
217.601
218.241
218.718
219.053
219.317
219.551
219.777
220
220.217
220.427
220.631
220.831
221.025
221.211
221.389
221.558
221.719
221.873
222.025
222.178
222.333
222.489
222.643
222.79
222.935
223.082
223.235
223.392
223.548
223.702
223.854
224.005
224.154
224.303
224.448
224.59
224.728
224.861
224.989
225.114
225.235
225.353
225.468
225.58
225.688
225.791
225.89
225.984
226.072
226.154
226.231
226.302
226.367
226.427
226.48
226.528
226.57
226.606
226.636
226.66
226.679
226.694
226.703
226.706
226.705
226.7
226.691
226.678
226.662
226.642
226.62
226.595
226.567
226.538
226.507
226.474
226.44
226.404
226.368
226.331
226.294
226.256
226.218
226.18
226.143
226.105
226.068
226.031
225.994
225.958
225.923
225.888
225.854
225.821
225.789
225.757
225.727
225.697
225.668
225.64
225.612
225.586
225.56
225.535
225.51
225.487
225.465
225.444
225.423
225.403
225.383
225.363
225.345
225.333
225.32
225.315
225.307
225.311
225.276
187.981
213.731
217.568
218.219
218.703
219.041
219.307
219.542
219.769
219.992
220.209
220.42
220.624
220.824
221.018
221.205
221.383
221.552
221.713
221.868
222.02
222.173
222.329
222.485
222.638
222.786
222.93
223.077
223.23
223.386
223.543
223.697
223.849
223.999
224.148
224.296
224.442
224.583
224.721
224.853
224.981
225.106
225.227
225.345
225.46
225.571
225.679
225.783
225.881
225.975
226.063
226.145
226.222
226.294
226.36
226.42
226.474
226.523
226.565
226.603
226.634
226.66
226.681
226.697
226.708
226.714
226.716
226.713
226.706
226.697
226.683
226.667
226.648
226.626
226.602
226.576
226.549
226.52
226.489
226.458
226.425
226.392
226.359
226.325
226.29
226.256
226.222
226.188
226.154
226.12
226.087
226.054
226.022
225.99
225.959
225.929
225.899
225.87
225.842
225.814
225.788
225.762
225.737
225.712
225.688
225.665
225.643
225.621
225.601
225.581
225.562
225.543
225.524
225.506
225.49
225.48
225.468
225.464
225.457
225.461
225.427
187.85
213.678
217.535
218.197
218.689
219.029
219.297
219.534
219.761
219.985
220.202
220.413
220.617
220.817
221.012
221.199
221.377
221.547
221.708
221.863
222.015
222.169
222.324
222.48
222.633
222.781
222.925
223.072
223.225
223.381
223.537
223.691
223.843
223.993
224.142
224.29
224.435
224.576
224.713
224.845
224.973
225.098
225.218
225.336
225.451
225.563
225.67
225.774
225.872
225.966
226.054
226.137
226.214
226.286
226.352
226.413
226.468
226.518
226.562
226.6
226.633
226.661
226.683
226.701
226.715
226.723
226.727
226.727
226.724
226.717
226.707
226.694
226.678
226.66
226.64
226.617
226.593
226.568
226.541
226.513
226.485
226.455
226.426
226.395
226.365
226.334
226.303
226.273
226.242
226.212
226.182
226.152
226.123
226.095
226.067
226.039
226.012
225.986
225.96
225.935
225.911
225.888
225.865
225.842
225.82
225.799
225.779
225.76
225.741
225.723
225.705
225.687
225.67
225.654
225.64
225.631
225.621
225.619
225.612
225.615
225.584
187.726
213.626
217.501
218.176
218.674
219.018
219.287
219.525
219.754
219.977
220.195
220.406
220.611
220.811
221.006
221.193
221.372
221.541
221.702
221.857
222.01
222.164
222.319
222.476
222.629
222.776
222.92
223.067
223.22
223.376
223.532
223.686
223.838
223.988
224.136
224.283
224.428
224.569
224.706
224.838
224.965
225.089
225.21
225.328
225.443
225.554
225.662
225.765
225.863
225.957
226.045
226.128
226.206
226.278
226.345
226.406
226.462
226.513
226.558
226.598
226.633
226.662
226.687
226.707
226.722
226.733
226.74
226.743
226.742
226.738
226.731
226.722
226.71
226.695
226.678
226.66
226.64
226.618
226.596
226.572
226.547
226.522
226.496
226.469
226.442
226.415
226.388
226.361
226.334
226.307
226.281
226.254
226.228
226.203
226.178
226.153
226.129
226.105
226.082
226.06
226.038
226.017
225.996
225.976
225.956
225.937
225.919
225.901
225.884
225.867
225.851
225.835
225.819
225.805
225.791
225.784
225.775
225.776
225.769
225.772
225.742
187.603
213.573
217.468
218.155
218.66
219.007
219.278
219.517
219.746
219.97
220.188
220.399
220.604
220.804
220.999
221.187
221.366
221.536
221.697
221.852
222.006
222.159
222.315
222.471
222.624
222.771
222.915
223.062
223.215
223.371
223.527
223.68
223.832
223.982
224.13
224.277
224.421
224.562
224.698
224.83
224.957
225.081
225.201
225.319
225.434
225.545
225.653
225.756
225.854
225.948
226.036
226.119
226.197
226.27
226.338
226.4
226.457
226.509
226.555
226.596
226.632
226.664
226.69
226.713
226.731
226.744
226.754
226.76
226.762
226.761
226.758
226.752
226.743
226.732
226.72
226.705
226.689
226.671
226.652
226.632
226.611
226.59
226.568
226.545
226.522
226.499
226.475
226.452
226.428
226.405
226.382
226.359
226.336
226.314
226.291
226.27
226.248
226.228
226.207
226.187
226.168
226.149
226.131
226.112
226.095
226.078
226.061
226.046
226.03
226.016
226.001
225.986
225.972
225.959
225.947
225.942
225.935
225.936
225.931
225.933
225.905
187.487
213.521
217.435
218.134
218.647
218.996
219.268
219.509
219.739
219.963
220.181
220.392
220.597
220.798
220.993
221.181
221.36
221.53
221.692
221.847
222.001
222.155
222.31
222.466
222.619
222.766
222.91
223.057
223.21
223.366
223.521
223.675
223.826
223.976
224.124
224.271
224.414
224.555
224.691
224.822
224.949
225.073
225.193
225.311
225.425
225.537
225.644
225.747
225.845
225.939
226.027
226.111
226.189
226.263
226.331
226.394
226.452
226.505
226.553
226.595
226.633
226.666
226.695
226.72
226.74
226.756
226.768
226.777
226.783
226.786
226.786
226.783
226.778
226.771
226.762
226.751
226.739
226.726
226.711
226.695
226.678
226.661
226.643
226.624
226.605
226.586
226.566
226.546
226.526
226.506
226.486
226.467
226.447
226.428
226.409
226.39
226.371
226.353
226.335
226.318
226.301
226.285
226.268
226.252
226.237
226.222
226.208
226.194
226.18
226.167
226.154
226.14
226.128
226.117
226.107
226.103
226.097
226.099
226.094
226.096
226.071
187.372
213.468
217.401
218.114
218.633
218.985
219.259
219.501
219.732
219.956
220.175
220.386
220.591
220.792
220.987
221.175
221.355
221.525
221.686
221.842
221.996
222.15
222.306
222.462
222.614
222.761
222.905
223.052
223.205
223.361
223.516
223.669
223.821
223.97
224.118
224.264
224.407
224.547
224.683
224.814
224.941
225.064
225.185
225.302
225.417
225.528
225.635
225.738
225.837
225.93
226.019
226.102
226.181
226.255
226.324
226.388
226.447
226.501
226.55
226.595
226.634
226.669
226.7
226.727
226.75
226.769
226.784
226.796
226.805
226.812
226.815
226.816
226.815
226.812
226.807
226.8
226.792
226.782
226.772
226.76
226.747
226.734
226.72
226.705
226.69
226.674
226.658
226.642
226.626
226.609
226.593
226.577
226.56
226.544
226.528
226.512
226.497
226.481
226.466
226.452
226.437
226.423
226.409
226.395
226.382
226.369
226.357
226.345
226.333
226.321
226.31
226.298
226.287
226.278
226.27
226.268
226.264
226.266
226.262
226.263
226.24
187.264
213.416
217.368
218.094
218.62
218.975
219.25
219.493
219.725
219.95
220.168
220.379
220.585
220.786
220.982
221.17
221.349
221.519
221.681
221.837
221.991
222.146
222.301
222.457
222.61
222.757
222.9
223.047
223.2
223.355
223.511
223.664
223.815
223.964
224.112
224.257
224.4
224.54
224.675
224.806
224.933
225.056
225.176
225.294
225.408
225.519
225.627
225.729
225.828
225.921
226.01
226.094
226.173
226.248
226.318
226.383
226.443
226.498
226.549
226.595
226.636
226.673
226.706
226.735
226.761
226.782
226.801
226.816
226.828
226.838
226.845
226.85
226.853
226.854
226.853
226.85
226.846
226.841
226.834
226.827
226.818
226.809
226.799
226.788
226.777
226.766
226.754
226.741
226.729
226.716
226.703
226.69
226.677
226.664
226.651
226.638
226.625
226.613
226.6
226.588
226.576
226.564
226.553
226.541
226.53
226.519
226.509
226.499
226.489
226.479
226.469
226.458
226.448
226.441
226.435
226.436
226.434
226.436
226.431
226.433
226.412
187.157
213.363
217.334
218.074
218.608
218.965
219.242
219.485
219.718
219.943
220.162
220.373
220.578
220.78
220.976
221.164
221.344
221.514
221.676
221.832
221.986
222.141
222.297
222.453
222.605
222.752
222.896
223.043
223.195
223.35
223.505
223.659
223.809
223.958
224.105
224.251
224.393
224.533
224.667
224.798
224.924
225.047
225.168
225.285
225.4
225.511
225.618
225.72
225.818
225.912
226.001
226.086
226.165
226.241
226.311
226.377
226.439
226.495
226.547
226.595
226.638
226.677
226.713
226.744
226.772
226.797
226.818
226.837
226.853
226.866
226.877
226.886
226.893
226.898
226.901
226.902
226.903
226.901
226.899
226.896
226.891
226.886
226.88
226.874
226.866
226.859
226.85
226.842
226.833
226.824
226.815
226.805
226.795
226.786
226.776
226.766
226.756
226.746
226.737
226.727
226.718
226.709
226.699
226.69
226.681
226.672
226.664
226.656
226.647
226.639
226.63
226.621
226.613
226.609
226.605
226.606
226.605
226.608
226.604
226.605
226.587
187.056
213.31
217.301
218.055
218.595
218.955
219.233
219.478
219.711
219.937
220.155
220.367
220.572
220.774
220.97
221.159
221.339
221.509
221.671
221.827
221.982
222.137
222.293
222.449
222.601
222.747
222.891
223.038
223.19
223.345
223.5
223.653
223.804
223.952
224.099
224.244
224.386
224.525
224.66
224.79
224.916
225.039
225.159
225.277
225.391
225.502
225.609
225.711
225.809
225.903
225.992
226.077
226.158
226.234
226.305
226.372
226.435
226.492
226.546
226.595
226.641
226.682
226.719
226.754
226.785
226.812
226.837
226.859
226.878
226.895
226.91
226.923
226.933
226.942
226.95
226.956
226.96
226.963
226.965
226.966
226.966
226.966
226.964
226.961
226.958
226.955
226.95
226.946
226.941
226.935
226.929
226.923
226.917
226.91
226.904
226.897
226.89
226.883
226.876
226.869
226.862
226.855
226.848
226.842
226.835
226.828
226.822
226.815
226.809
226.802
226.795
226.787
226.782
226.78
226.777
226.78
226.779
226.782
226.778
226.78
226.764
186.956
213.257
217.268
218.036
218.583
218.945
219.225
219.471
219.704
219.93
220.149
220.36
220.566
220.768
220.964
221.153
221.333
221.504
221.666
221.823
221.977
222.132
222.288
222.444
222.596
222.742
222.886
223.033
223.185
223.34
223.495
223.648
223.798
223.946
224.092
224.237
224.379
224.518
224.652
224.782
224.908
225.031
225.151
225.268
225.382
225.493
225.6
225.702
225.8
225.894
225.984
226.069
226.15
226.227
226.299
226.367
226.431
226.49
226.545
226.596
226.643
226.687
226.727
226.764
226.798
226.828
226.856
226.882
226.905
226.926
226.944
226.961
226.976
226.989
227.001
227.011
227.02
227.027
227.033
227.039
227.043
227.046
227.049
227.05
227.051
227.052
227.051
227.051
227.049
227.048
227.045
227.043
227.04
227.037
227.033
227.03
227.026
227.022
227.018
227.013
227.009
227.005
227
226.995
226.991
226.986
226.982
226.977
226.973
226.967
226.962
226.956
226.953
226.954
226.953
226.955
226.955
226.958
226.956
226.958
226.944
186.862
213.205
217.234
218.017
218.571
218.936
219.217
219.464
219.698
219.924
220.143
220.354
220.56
220.762
220.959
221.148
221.328
221.499
221.661
221.818
221.973
222.128
222.284
222.44
222.591
222.738
222.881
223.028
223.18
223.335
223.489
223.642
223.792
223.94
224.086
224.23
224.372
224.51
224.644
224.774
224.899
225.022
225.142
225.259
225.374
225.484
225.591
225.693
225.791
225.885
225.975
226.061
226.142
226.22
226.293
226.362
226.427
226.488
226.545
226.598
226.647
226.692
226.735
226.775
226.811
226.845
226.876
226.905
226.932
226.957
226.979
227
227.019
227.036
227.052
227.067
227.08
227.092
227.103
227.113
227.121
227.129
227.136
227.142
227.147
227.152
227.155
227.159
227.161
227.163
227.164
227.165
227.166
227.166
227.166
227.165
227.164
227.163
227.162
227.16
227.158
227.156
227.154
227.152
227.15
227.147
227.145
227.142
227.139
227.135
227.132
227.129
227.128
227.13
227.13
227.133
227.134
227.137
227.136
227.139
227.128
186.769
213.151
217.201
217.999
218.56
218.926
219.209
219.457
219.692
219.918
220.137
220.348
220.555
220.757
220.953
221.143
221.323
221.493
221.656
221.813
221.968
222.123
222.28
222.435
222.587
222.733
222.876
223.023
223.175
223.33
223.484
223.637
223.787
223.934
224.079
224.223
224.365
224.502
224.636
224.765
224.891
225.014
225.133
225.251
225.365
225.475
225.581
225.684
225.782
225.876
225.966
226.053
226.135
226.213
226.287
226.358
226.424
226.486
226.544
226.599
226.65
226.698
226.744
226.786
226.826
226.863
226.897
226.93
226.96
226.989
227.015
227.04
227.064
227.085
227.106
227.125
227.142
227.159
227.174
227.188
227.201
227.213
227.224
227.234
227.244
227.252
227.26
227.267
227.273
227.279
227.284
227.289
227.293
227.296
227.299
227.302
227.304
227.306
227.308
227.309
227.31
227.31
227.311
227.311
227.311
227.31
227.31
227.309
227.308
227.306
227.305
227.305
227.306
227.308
227.308
227.312
227.314
227.318
227.319
227.323
227.314
186.681
213.098
217.168
217.981
218.548
218.917
219.201
219.45
219.685
219.912
220.131
220.343
220.549
220.751
220.948
221.137
221.318
221.488
221.651
221.808
221.963
222.119
222.275
222.431
222.582
222.728
222.872
223.018
223.17
223.325
223.479
223.631
223.781
223.928
224.073
224.216
224.357
224.495
224.628
224.757
224.883
225.005
225.125
225.242
225.356
225.466
225.572
225.674
225.773
225.867
225.958
226.044
226.127
226.207
226.282
226.353
226.42
226.484
226.544
226.601
226.654
226.705
226.753
226.798
226.84
226.881
226.919
226.955
226.989
227.021
227.052
227.081
227.109
227.135
227.159
227.183
227.205
227.226
227.246
227.264
227.282
227.299
227.314
227.329
227.343
227.355
227.367
227.378
227.389
227.398
227.407
227.415
227.423
227.43
227.436
227.442
227.447
227.452
227.456
227.46
227.463
227.466
227.469
227.472
227.474
227.476
227.477
227.478
227.479
227.479
227.48
227.483
227.486
227.49
227.49
227.494
227.496
227.501
227.505
227.51
227.504
186.595
213.044
217.135
217.963
218.537
218.908
219.194
219.443
219.679
219.906
220.125
220.337
220.543
220.746
220.943
221.132
221.313
221.483
221.646
221.803
221.959
222.114
222.271
222.426
222.578
222.723
222.867
223.013
223.165
223.319
223.473
223.625
223.775
223.922
224.066
224.209
224.35
224.487
224.62
224.749
224.874
224.996
225.116
225.233
225.347
225.457
225.563
225.665
225.763
225.858
225.949
226.036
226.12
226.2
226.276
226.349
226.417
226.483
226.544
226.603
226.659
226.712
226.762
226.81
226.856
226.899
226.941
226.981
227.019
227.055
227.09
227.123
227.155
227.186
227.215
227.243
227.269
227.295
227.319
227.342
227.364
227.385
227.405
227.424
227.442
227.459
227.475
227.49
227.504
227.518
227.53
227.542
227.553
227.564
227.573
227.582
227.591
227.599
227.606
227.613
227.619
227.625
227.63
227.635
227.639
227.643
227.647
227.65
227.652
227.655
227.658
227.662
227.667
227.672
227.674
227.679
227.682
227.687
227.692
227.698
227.695
186.513
212.989
217.101
217.946
218.526
218.899
219.186
219.437
219.673
219.901
220.12
220.331
220.538
220.74
220.937
221.127
221.307
221.478
221.641
221.799
221.954
222.11
222.267
222.422
222.573
222.719
222.862
223.009
223.16
223.314
223.468
223.62
223.769
223.915
224.06
224.202
224.342
224.479
224.612
224.74
224.865
224.988
225.107
225.224
225.338
225.447
225.553
225.655
225.754
225.849
225.94
226.028
226.113
226.193
226.271
226.344
226.414
226.481
226.545
226.605
226.663
226.718
226.772
226.823
226.872
226.918
226.963
227.007
227.049
227.089
227.128
227.166
227.202
227.237
227.27
227.303
227.334
227.364
227.393
227.421
227.448
227.473
227.498
227.521
227.543
227.565
227.585
227.604
227.623
227.64
227.656
227.672
227.686
227.7
227.713
227.725
227.737
227.748
227.758
227.767
227.776
227.785
227.792
227.8
227.806
227.813
227.818
227.823
227.828
227.832
227.837
227.843
227.849
227.856
227.86
227.867
227.871
227.877
227.883
227.888
227.89
186.432
212.935
217.068
217.929
218.516
218.891
219.179
219.43
219.667
219.895
220.114
220.326
220.532
220.735
220.932
221.122
221.302
221.473
221.636
221.794
221.95
222.106
222.262
222.418
222.568
222.714
222.857
223.004
223.155
223.309
223.463
223.614
223.763
223.909
224.053
224.195
224.335
224.471
224.604
224.732
224.857
224.979
225.098
225.215
225.328
225.438
225.544
225.646
225.744
225.84
225.932
226.02
226.105
226.187
226.265
226.34
226.411
226.48
226.545
226.608
226.668
226.726
226.782
226.836
226.888
226.938
226.987
227.034
227.08
227.124
227.167
227.209
227.25
227.289
227.327
227.364
227.4
227.435
227.468
227.5
227.531
227.561
227.59
227.618
227.645
227.67
227.695
227.718
227.74
227.762
227.782
227.801
227.82
227.837
227.853
227.869
227.884
227.898
227.911
227.924
227.935
227.947
227.957
227.967
227.976
227.984
227.992
227.999
228.006
228.013
228.019
228.027
228.034
228.043
228.049
228.057
228.063
228.07
228.076
228.081
228.087
186.356
212.879
217.035
217.912
218.505
218.882
219.172
219.424
219.662
219.89
220.109
220.32
220.527
220.729
220.927
221.117
221.297
221.468
221.631
221.789
221.945
222.101
222.258
222.413
222.564
222.709
222.852
222.999
223.15
223.304
223.457
223.609
223.757
223.902
224.046
224.188
224.327
224.463
224.596
224.724
224.848
224.97
225.089
225.206
225.319
225.428
225.534
225.636
225.735
225.83
225.923
226.012
226.098
226.18
226.26
226.336
226.408
226.478
226.546
226.61
226.673
226.733
226.792
226.849
226.904
226.958
227.01
227.061
227.111
227.159
227.206
227.252
227.297
227.341
227.384
227.425
227.466
227.505
227.543
227.58
227.616
227.651
227.685
227.717
227.748
227.778
227.807
227.835
227.861
227.886
227.91
227.933
227.955
227.976
227.996
228.015
228.033
228.05
228.066
228.082
228.096
228.11
228.123
228.135
228.147
228.157
228.167
228.176
228.185
228.194
228.202
228.212
228.22
228.23
228.238
228.248
228.256
228.264
228.271
228.279
228.286
186.282
212.824
217.002
217.896
218.495
218.874
219.165
219.418
219.656
219.884
220.103
220.315
220.521
220.724
220.922
221.112
221.292
221.463
221.627
221.785
221.941
222.097
222.254
222.409
222.559
222.704
222.848
222.994
223.145
223.299
223.452
223.603
223.751
223.896
224.039
224.181
224.32
224.456
224.587
224.715
224.839
224.961
225.08
225.197
225.309
225.419
225.524
225.626
225.725
225.821
225.914
226.004
226.091
226.174
226.254
226.331
226.406
226.477
226.546
226.613
226.678
226.741
226.802
226.863
226.921
226.978
227.034
227.089
227.142
227.195
227.246
227.296
227.346
227.394
227.441
227.488
227.533
227.577
227.619
227.661
227.701
227.74
227.778
227.815
227.851
227.885
227.918
227.95
227.981
228.01
228.038
228.065
228.091
228.115
228.139
228.161
228.183
228.203
228.222
228.241
228.258
228.275
228.291
228.306
228.32
228.333
228.345
228.357
228.367
228.378
228.389
228.4
228.41
228.422
228.432
228.442
228.452
228.461
228.47
228.479
228.487
186.208
212.767
216.97
217.881
218.485
218.866
219.158
219.412
219.65
219.879
220.098
220.309
220.516
220.719
220.917
221.107
221.287
221.459
221.622
221.78
221.936
222.093
222.249
222.404
222.555
222.7
222.843
222.989
223.14
223.293
223.446
223.597
223.745
223.889
224.032
224.173
224.312
224.448
224.579
224.706
224.831
224.952
225.071
225.187
225.3
225.409
225.514
225.616
225.716
225.812
225.905
225.996
226.083
226.167
226.249
226.327
226.403
226.476
226.547
226.616
226.683
226.749
226.813
226.876
226.938
226.998
227.057
227.116
227.174
227.23
227.286
227.34
227.394
227.447
227.499
227.549
227.599
227.648
227.695
227.742
227.787
227.831
227.874
227.915
227.956
227.994
228.032
228.068
228.103
228.136
228.168
228.199
228.229
228.257
228.284
228.31
228.334
228.358
228.38
228.402
228.422
228.441
228.46
228.477
228.493
228.509
228.523
228.537
228.55
228.562
228.575
228.588
228.6
228.613
228.624
228.636
228.648
228.659
228.669
228.679
228.689
186.138
212.71
216.937
217.865
218.475
218.858
219.151
219.406
219.645
219.874
220.093
220.304
220.511
220.714
220.912
221.102
221.283
221.454
221.617
221.775
221.932
222.088
222.245
222.4
222.55
222.695
222.838
222.984
223.135
223.288
223.441
223.591
223.738
223.883
224.025
224.166
224.304
224.439
224.57
224.698
224.822
224.943
225.062
225.178
225.29
225.399
225.504
225.606
225.706
225.803
225.896
225.987
226.076
226.161
226.243
226.323
226.4
226.475
226.548
226.619
226.688
226.757
226.824
226.89
226.955
227.018
227.082
227.144
227.205
227.266
227.326
227.385
227.443
227.5
227.557
227.612
227.667
227.72
227.772
227.823
227.873
227.921
227.968
228.014
228.059
228.102
228.144
228.184
228.223
228.261
228.297
228.332
228.365
228.397
228.428
228.458
228.486
228.513
228.538
228.563
228.586
228.609
228.63
228.65
228.669
228.687
228.704
228.72
228.735
228.75
228.765
228.781
228.794
228.809
228.822
228.836
228.849
228.861
228.873
228.884
228.896
186.073
212.652
216.905
217.85
218.466
218.85
219.144
219.4
219.64
219.868
220.087
220.299
220.506
220.709
220.907
221.097
221.278
221.449
221.612
221.771
221.928
222.084
222.241
222.395
222.546
222.69
222.833
222.979
223.13
223.283
223.435
223.585
223.732
223.876
224.018
224.159
224.297
224.431
224.562
224.689
224.813
224.934
225.052
225.168
225.28
225.389
225.494
225.596
225.696
225.793
225.888
225.979
226.068
226.154
226.238
226.318
226.397
226.474
226.548
226.622
226.694
226.764
226.834
226.903
226.972
227.039
227.105
227.171
227.237
227.301
227.365
227.429
227.491
227.553
227.614
227.674
227.733
227.791
227.848
227.904
227.958
228.012
228.064
228.115
228.164
228.212
228.258
228.303
228.346
228.388
228.428
228.467
228.504
228.54
228.574
228.607
228.639
228.669
228.698
228.726
228.752
228.777
228.801
228.824
228.845
228.866
228.885
228.903
228.921
228.938
228.954
228.972
228.987
229.003
229.018
229.033
229.048
229.062
229.075
229.088
229.101
186.006
212.594
216.872
217.835
218.456
218.842
219.138
219.394
219.634
219.863
220.082
220.294
220.501
220.704
220.902
221.092
221.273
221.444
221.608
221.766
221.923
222.08
222.236
222.391
222.541
222.685
222.828
222.974
223.125
223.278
223.43
223.579
223.726
223.87
224.011
224.151
224.289
224.423
224.553
224.68
224.803
224.924
225.043
225.158
225.27
225.378
225.484
225.586
225.686
225.784
225.879
225.971
226.06
226.147
226.232
226.314
226.394
226.472
226.549
226.625
226.699
226.772
226.845
226.917
226.989
227.059
227.129
227.199
227.268
227.337
227.405
227.473
227.54
227.606
227.672
227.736
227.8
227.863
227.924
227.985
228.044
228.102
228.158
228.213
228.267
228.319
228.37
228.419
228.467
228.513
228.557
228.6
228.641
228.681
228.719
228.756
228.791
228.825
228.857
228.888
228.918
228.946
228.973
228.998
229.023
229.046
229.068
229.089
229.108
229.128
229.147
229.167
229.184
229.203
229.219
229.237
229.253
229.269
229.283
229.298
229.314
185.941
212.534
216.84
217.821
218.447
218.834
219.131
219.389
219.629
219.858
220.077
220.289
220.496
220.699
220.897
221.087
221.268
221.439
221.603
221.762
221.919
222.075
222.232
222.387
222.536
222.681
222.823
222.969
223.12
223.272
223.424
223.573
223.72
223.863
224.004
224.144
224.281
224.415
224.544
224.671
224.794
224.915
225.033
225.148
225.26
225.368
225.473
225.576
225.676
225.774
225.869
225.962
226.053
226.141
226.226
226.309
226.391
226.471
226.55
226.627
226.704
226.78
226.855
226.931
227.005
227.079
227.153
227.226
227.299
227.372
227.444
227.516
227.587
227.658
227.728
227.797
227.865
227.933
227.999
228.065
228.129
228.192
228.253
228.313
228.372
228.429
228.484
228.537
228.589
228.64
228.688
228.735
228.78
228.824
228.866
228.906
228.945
228.982
229.017
229.052
229.084
229.115
229.145
229.173
229.2
229.226
229.25
229.274
229.296
229.318
229.339
229.36
229.379
229.4
229.418
229.437
229.454
229.471
229.488
229.504
229.522
185.881
212.474
216.808
217.807
218.438
218.827
219.125
219.383
219.624
219.853
220.072
220.284
220.491
220.694
220.892
221.082
221.263
221.434
221.598
221.757
221.914
222.071
222.228
222.382
222.532
222.676
222.818
222.964
223.115
223.267
223.418
223.567
223.713
223.856
223.997
224.136
224.273
224.406
224.536
224.662
224.785
224.905
225.023
225.138
225.249
225.357
225.463
225.565
225.666
225.764
225.86
225.954
226.045
226.134
226.22
226.305
226.388
226.469
226.55
226.63
226.709
226.788
226.866
226.944
227.022
227.099
227.176
227.253
227.33
227.407
227.483
227.559
227.635
227.71
227.785
227.859
227.932
228.004
228.075
228.145
228.213
228.28
228.346
228.41
228.473
228.535
228.594
228.652
228.709
228.763
228.816
228.867
228.916
228.964
229.01
229.054
229.096
229.137
229.176
229.214
229.25
229.284
229.317
229.348
229.378
229.407
229.434
229.46
229.485
229.509
229.533
229.556
229.578
229.6
229.621
229.642
229.662
229.681
229.699
229.717
229.738
185.822
212.413
216.777
217.793
218.429
218.819
219.119
219.378
219.619
219.848
220.067
220.279
220.486
220.689
220.887
221.077
221.258
221.43
221.593
221.752
221.91
222.067
222.223
222.378
222.527
222.671
222.814
222.959
223.109
223.261
223.412
223.561
223.707
223.849
223.99
224.128
224.265
224.397
224.527
224.652
224.775
224.896
225.013
225.128
225.239
225.347
225.452
225.555
225.656
225.754
225.851
225.945
226.037
226.126
226.214
226.3
226.384
226.468
226.55
226.632
226.714
226.795
226.876
226.957
227.038
227.118
227.199
227.279
227.36
227.441
227.521
227.601
227.681
227.761
227.84
227.918
227.996
228.072
228.148
228.223
228.296
228.368
228.439
228.509
228.576
228.642
228.707
228.769
228.83
228.888
228.945
229.001
229.054
229.105
229.155
229.203
229.249
229.293
229.336
229.376
229.416
229.453
229.489
229.523
229.556
229.587
229.617
229.645
229.673
229.699
229.725
229.751
229.775
229.799
229.822
229.844
229.866
229.886
229.905
229.925
229.947
185.76
212.351
216.746
217.78
218.42
218.812
219.112
219.372
219.614
219.844
220.063
220.274
220.481
220.684
220.882
221.072
221.254
221.425
221.589
221.748
221.905
222.062
222.219
222.373
222.522
222.666
222.809
222.954
223.104
223.256
223.407
223.555
223.7
223.842
223.982
224.121
224.256
224.389
224.517
224.643
224.765
224.886
225.003
225.117
225.228
225.336
225.441
225.544
225.645
225.744
225.841
225.936
226.029
226.119
226.208
226.295
226.381
226.466
226.55
226.634
226.718
226.802
226.885
226.969
227.053
227.137
227.221
227.305
227.39
227.474
227.558
227.643
227.727
227.811
227.895
227.978
228.06
228.141
228.221
228.301
228.378
228.455
228.53
228.603
228.675
228.746
228.814
228.881
228.946
229.009
229.071
229.13
229.187
229.243
229.296
229.348
229.398
229.446
229.492
229.536
229.579
229.62
229.659
229.697
229.732
229.767
229.799
229.831
229.861
229.89
229.918
229.946
229.973
229.999
230.024
230.048
230.072
230.095
230.116
230.138
230.164
185.703
212.288
216.714
217.767
218.411
218.805
219.106
219.367
219.609
219.839
220.058
220.269
220.476
220.679
220.877
221.068
221.249
221.42
221.584
221.743
221.901
222.058
222.214
222.368
222.518
222.661
222.804
222.949
223.099
223.25
223.401
223.549
223.694
223.835
223.975
224.113
224.248
224.38
224.508
224.633
224.756
224.876
224.993
225.107
225.217
225.325
225.43
225.534
225.635
225.734
225.832
225.927
226.02
226.111
226.201
226.289
226.377
226.464
226.55
226.636
226.722
226.808
226.895
226.981
227.068
227.155
227.242
227.33
227.418
227.506
227.595
227.683
227.772
227.86
227.947
228.035
228.121
228.207
228.292
228.376
228.459
228.54
228.62
228.699
228.775
228.85
228.924
228.995
229.064
229.132
229.197
229.26
229.322
229.381
229.439
229.494
229.548
229.599
229.649
229.697
229.743
229.787
229.829
229.869
229.908
229.945
229.98
230.014
230.047
230.079
230.109
230.14
230.168
230.197
230.224
230.251
230.277
230.301
230.324
230.348
230.376
185.648
212.224
216.683
217.754
218.403
218.798
219.1
219.362
219.604
219.834
220.053
220.264
220.471
220.674
220.873
221.063
221.244
221.415
221.579
221.739
221.897
222.054
222.21
222.364
222.513
222.656
222.799
222.944
223.093
223.244
223.395
223.542
223.687
223.828
223.967
224.105
224.239
224.371
224.499
224.623
224.746
224.865
224.982
225.096
225.206
225.314
225.419
225.523
225.624
225.724
225.822
225.918
226.012
226.104
226.194
226.284
226.373
226.461
226.549
226.638
226.726
226.814
226.903
226.993
227.083
227.173
227.263
227.354
227.446
227.538
227.63
227.723
227.815
227.908
228
228.092
228.183
228.273
228.362
228.45
228.537
228.623
228.707
228.789
228.87
228.949
229.027
229.103
229.176
229.248
229.318
229.385
229.451
229.514
229.576
229.635
229.692
229.748
229.801
229.852
229.902
229.949
229.995
230.039
230.081
230.121
230.159
230.197
230.232
230.267
230.3
230.333
230.364
230.394
230.424
230.453
230.48
230.506
230.531
230.557
230.588
185.593
212.159
216.653
217.741
218.394
218.791
219.095
219.357
219.6
219.83
220.049
220.26
220.466
220.67
220.868
221.058
221.239
221.411
221.575
221.734
221.892
222.049
222.206
222.359
222.508
222.651
222.794
222.939
223.088
223.239
223.389
223.536
223.68
223.821
223.96
224.097
224.231
224.362
224.489
224.614
224.736
224.855
224.971
225.085
225.195
225.302
225.408
225.512
225.613
225.714
225.812
225.908
226.003
226.095
226.187
226.278
226.368
226.458
226.548
226.639
226.729
226.82
226.911
227.003
227.096
227.189
227.283
227.377
227.472
227.568
227.664
227.761
227.857
227.953
228.049
228.145
228.24
228.335
228.429
228.521
228.613
228.703
228.792
228.88
228.966
229.05
229.132
229.211
229.289
229.365
229.439
229.511
229.58
229.647
229.713
229.776
229.837
229.896
229.953
230.008
230.061
230.111
230.16
230.207
230.251
230.295
230.335
230.375
230.413
230.45
230.486
230.521
230.555
230.588
230.62
230.651
230.681
230.709
230.737
230.765
230.799
185.534
212.092
216.622
217.729
218.386
218.784
219.089
219.352
219.595
219.825
220.044
220.255
220.462
220.665
220.863
221.053
221.235
221.406
221.57
221.73
221.888
222.045
222.201
222.355
222.503
222.646
222.788
222.934
223.083
223.233
223.382
223.53
223.673
223.814
223.952
224.088
224.222
224.352
224.479
224.604
224.725
224.844
224.961
225.074
225.184
225.291
225.396
225.5
225.602
225.703
225.801
225.898
225.993
226.087
226.18
226.272
226.363
226.455
226.547
226.639
226.732
226.825
226.919
227.013
227.109
227.205
227.301
227.399
227.498
227.597
227.697
227.797
227.897
227.998
228.098
228.198
228.298
228.396
228.494
228.591
228.687
228.781
228.874
228.965
229.055
229.143
229.229
229.313
229.395
229.475
229.553
229.629
229.703
229.774
229.843
229.91
229.975
230.038
230.098
230.157
230.213
230.267
230.319
230.369
230.417
230.464
230.508
230.551
230.592
230.632
230.671
230.708
230.745
230.78
230.815
230.848
230.879
230.909
230.938
230.968
231.003
185.483
212.025
216.592
217.717
218.378
218.777
219.083
219.347
219.59
219.82
220.039
220.25
220.457
220.66
220.858
221.049
221.23
221.401
221.565
221.725
221.883
222.04
222.197
222.35
222.498
222.641
222.783
222.928
223.077
223.227
223.376
223.523
223.666
223.807
223.944
224.08
224.213
224.343
224.469
224.593
224.715
224.834
224.95
225.062
225.172
225.279
225.385
225.489
225.591
225.692
225.791
225.888
225.984
226.078
226.172
226.265
226.358
226.451
226.545
226.639
226.733
226.829
226.925
227.022
227.12
227.219
227.319
227.42
227.521
227.624
227.727
227.831
227.935
228.039
228.143
228.247
228.351
228.453
228.556
228.657
228.757
228.856
228.953
229.049
229.144
229.236
229.327
229.415
229.501
229.585
229.667
229.747
229.824
229.899
229.972
230.043
230.112
230.178
230.242
230.304
230.363
230.421
230.476
230.529
230.58
230.629
230.676
230.722
230.765
230.807
230.848
230.888
230.927
230.964
231.001
231.036
231.07
231.102
231.134
231.166
231.206
185.429
211.956
216.562
217.706
218.37
218.77
219.077
219.342
219.586
219.816
220.035
220.246
220.452
220.656
220.854
221.044
221.225
221.396
221.56
221.72
221.879
222.036
222.192
222.345
222.493
222.636
222.778
222.923
223.071
223.221
223.37
223.516
223.659
223.799
223.936
224.071
224.204
224.333
224.459
224.583
224.704
224.823
224.938
225.051
225.16
225.267
225.373
225.477
225.58
225.681
225.78
225.878
225.974
226.069
226.164
226.258
226.352
226.447
226.542
226.638
226.735
226.832
226.93
227.03
227.13
227.232
227.335
227.439
227.544
227.65
227.756
227.863
227.971
228.079
228.187
228.295
228.402
228.509
228.615
228.72
228.824
228.927
229.028
229.127
229.225
229.321
229.416
229.508
229.598
229.687
229.773
229.856
229.938
230.017
230.093
230.168
230.24
230.31
230.377
230.443
230.505
230.566
230.625
230.681
230.735
230.787
230.837
230.886
230.933
230.978
231.022
231.065
231.107
231.147
231.186
231.224
231.26
231.294
231.328
231.361
231.403
185.376
211.886
216.533
217.695
218.362
218.764
219.072
219.337
219.581
219.811
220.03
220.241
220.448
220.651
220.849
221.039
221.22
221.392
221.556
221.716
221.874
222.031
222.187
222.34
222.488
222.631
222.773
222.917
223.066
223.215
223.364
223.51
223.652
223.791
223.928
224.062
224.194
224.323
224.449
224.572
224.693
224.812
224.927
225.039
225.148
225.255
225.361
225.465
225.568
225.669
225.769
225.867
225.964
226.06
226.155
226.251
226.346
226.442
226.539
226.637
226.735
226.834
226.935
227.036
227.139
227.244
227.349
227.456
227.564
227.673
227.783
227.893
228.004
228.116
228.227
228.338
228.449
228.56
228.67
228.779
228.887
228.994
229.099
229.203
229.306
229.406
229.504
229.601
229.695
229.787
229.876
229.963
230.049
230.131
230.212
230.29
230.365
230.439
230.509
230.578
230.644
230.708
230.77
230.829
230.886
230.941
230.994
231.045
231.094
231.141
231.187
231.232
231.276
231.318
231.358
231.397
231.435
231.471
231.506
231.543
231.587
185.319
211.815
216.504
217.684
218.354
218.757
219.066
219.332
219.577
219.807
220.026
220.237
220.443
220.646
220.844
221.034
221.215
221.387
221.551
221.711
221.869
222.027
222.183
222.336
222.483
222.626
222.767
222.912
223.06
223.209
223.357
223.503
223.645
223.784
223.92
224.054
224.185
224.313
224.439
224.562
224.682
224.8
224.915
225.027
225.136
225.243
225.349
225.453
225.556
225.657
225.757
225.856
225.953
226.05
226.146
226.243
226.339
226.437
226.535
226.634
226.734
226.836
226.938
227.042
227.147
227.254
227.362
227.471
227.582
227.694
227.807
227.92
228.035
228.15
228.265
228.38
228.495
228.609
228.722
228.835
228.946
229.056
229.165
229.272
229.378
229.481
229.584
229.683
229.781
229.877
229.97
230.061
230.15
230.236
230.32
230.402
230.481
230.557
230.631
230.703
230.772
230.84
230.904
230.966
231.026
231.084
231.14
231.193
231.245
231.296
231.345
231.392
231.439
231.484
231.527
231.569
231.61
231.648
231.686
231.725
231.773
185.267
211.742
216.476
217.673
218.346
218.751
219.061
219.327
219.572
219.803
220.021
220.232
220.438
220.642
220.84
221.03
221.211
221.382
221.546
221.706
221.865
222.022
222.178
222.331
222.478
222.621
222.762
222.906
223.054
223.203
223.351
223.496
223.638
223.776
223.911
224.044
224.175
224.303
224.428
224.551
224.671
224.789
224.903
225.015
225.124
225.231
225.336
225.441
225.544
225.645
225.745
225.844
225.942
226.039
226.136
226.234
226.332
226.431
226.53
226.631
226.733
226.836
226.94
227.046
227.153
227.262
227.373
227.485
227.598
227.713
227.829
227.945
228.063
228.18
228.298
228.416
228.534
228.651
228.768
228.884
229
229.114
229.226
229.338
229.447
229.555
229.661
229.764
229.866
229.964
230.061
230.155
230.248
230.337
230.424
230.509
230.591
230.671
230.748
230.823
230.895
230.965
231.033
231.098
231.16
231.221
231.279
231.335
231.389
231.442
231.493
231.542
231.59
231.637
231.682
231.725
231.766
231.806
231.845
231.884
231.933
185.216
211.668
216.447
217.662
218.339
218.744
219.056
219.322
219.568
219.798
220.017
220.227
220.434
220.637
220.835
221.025
221.206
221.377
221.541
221.702
221.86
222.018
222.173
222.326
222.473
222.615
222.757
222.901
223.048
223.197
223.344
223.489
223.63
223.768
223.902
224.035
224.165
224.293
224.417
224.54
224.66
224.777
224.891
225.002
225.111
225.218
225.323
225.428
225.531
225.632
225.733
225.832
225.93
226.028
226.126
226.225
226.324
226.424
226.525
226.627
226.73
226.834
226.94
227.048
227.158
227.269
227.381
227.496
227.612
227.729
227.847
227.966
228.087
228.208
228.329
228.45
228.571
228.692
228.812
228.931
229.049
229.166
229.282
229.396
229.508
229.619
229.727
229.834
229.939
230.041
230.141
230.239
230.334
230.427
230.517
230.605
230.69
230.773
230.853
230.931
231.005
231.078
231.148
231.216
231.281
231.344
231.405
231.463
231.52
231.575
231.628
231.68
231.731
231.78
231.827
231.873
231.917
231.959
232
232.042
232.096
185.159
211.593
216.419
217.652
218.331
218.738
219.05
219.318
219.563
219.794
220.012
220.223
220.429
220.632
220.83
221.02
221.201
221.372
221.537
221.697
221.856
222.013
222.169
222.321
222.468
222.61
222.751
222.895
223.042
223.19
223.337
223.482
223.622
223.759
223.894
224.026
224.155
224.282
224.406
224.529
224.648
224.765
224.879
224.989
225.098
225.205
225.31
225.415
225.518
225.619
225.72
225.819
225.918
226.017
226.115
226.215
226.315
226.416
226.518
226.621
226.726
226.832
226.939
227.049
227.16
227.273
227.388
227.505
227.623
227.742
227.863
227.985
228.108
228.231
228.354
228.478
228.602
228.725
228.848
228.97
229.092
229.212
229.331
229.449
229.565
229.679
229.791
229.9
230.008
230.113
230.216
230.317
230.415
230.51
230.603
230.694
230.782
230.867
230.95
231.031
231.108
231.183
231.256
231.326
231.393
231.459
231.521
231.582
231.641
231.698
231.753
231.807
231.859
231.909
231.958
232.005
232.05
232.093
232.135
232.178
232.232
185.103
211.516
216.391
217.642
218.324
218.731
219.045
219.313
219.559
219.79
220.008
220.218
220.425
220.628
220.825
221.015
221.196
221.367
221.532
221.692
221.851
222.008
222.164
222.316
222.463
222.605
222.745
222.889
223.036
223.184
223.33
223.474
223.615
223.751
223.885
224.016
224.145
224.271
224.395
224.517
224.636
224.753
224.866
224.976
225.085
225.191
225.297
225.401
225.504
225.606
225.706
225.806
225.905
226.004
226.104
226.204
226.305
226.407
226.51
226.615
226.72
226.828
226.937
227.048
227.161
227.276
227.392
227.511
227.631
227.753
227.875
227.999
228.124
228.25
228.376
228.503
228.629
228.755
228.881
229.006
229.13
229.252
229.374
229.493
229.612
229.728
229.842
229.955
230.065
230.173
230.279
230.382
230.483
230.581
230.677
230.77
230.86
230.948
231.033
231.116
231.196
231.274
231.348
231.42
231.49
231.557
231.622
231.685
231.746
231.805
231.862
231.917
231.972
232.024
232.075
232.123
232.17
232.215
232.259
232.305
232.362
185.048
211.437
216.363
217.632
218.316
218.725
219.04
219.308
219.555
219.785
220.004
220.214
220.42
220.623
220.821
221.011
221.191
221.362
221.527
221.687
221.846
222.003
222.159
222.311
222.457
222.599
222.74
222.883
223.03
223.177
223.323
223.467
223.606
223.742
223.875
224.006
224.134
224.26
224.384
224.505
224.624
224.74
224.853
224.963
225.071
225.178
225.283
225.387
225.49
225.592
225.693
225.792
225.892
225.992
226.092
226.193
226.295
226.398
226.502
226.607
226.714
226.822
226.933
227.045
227.16
227.276
227.394
227.514
227.636
227.759
227.884
228.01
228.137
228.265
228.393
228.522
228.65
228.778
228.906
229.033
229.16
229.285
229.409
229.532
229.653
229.772
229.889
230.004
230.117
230.227
230.335
230.441
230.543
230.644
230.742
230.837
230.93
231.02
231.107
231.192
231.274
231.354
231.43
231.504
231.576
231.645
231.711
231.776
231.838
231.899
231.958
232.014
232.07
232.123
232.175
232.225
232.272
232.318
232.363
232.408
232.466
184.992
211.357
216.336
217.622
218.309
218.719
219.035
219.304
219.55
219.781
219.999
220.209
220.415
220.618
220.816
221.006
221.186
221.357
221.522
221.682
221.841
221.998
222.154
222.305
222.452
222.593
222.734
222.877
223.023
223.17
223.316
223.459
223.598
223.734
223.866
223.996
224.124
224.249
224.373
224.494
224.612
224.728
224.84
224.95
225.057
225.164
225.269
225.373
225.476
225.577
225.678
225.778
225.878
225.978
226.079
226.181
226.283
226.387
226.492
226.598
226.705
226.815
226.927
227.04
227.156
227.274
227.394
227.515
227.638
227.763
227.89
228.017
228.146
228.275
228.406
228.536
228.667
228.797
228.926
229.055
229.184
229.311
229.437
229.561
229.684
229.805
229.924
230.041
230.155
230.268
230.378
230.486
230.591
230.693
230.793
230.89
230.984
231.077
231.166
231.252
231.336
231.417
231.495
231.571
231.644
231.714
231.783
231.848
231.912
231.974
232.034
232.093
232.149
232.204
232.257
232.308
232.357
232.405
232.451
232.498
232.559
184.937
211.274
216.308
217.612
218.301
218.713
219.029
219.299
219.546
219.777
219.995
220.205
220.411
220.613
220.811
221.001
221.181
221.352
221.517
221.677
221.836
221.994
222.149
222.3
222.446
222.588
222.728
222.871
223.017
223.163
223.309
223.451
223.59
223.725
223.856
223.986
224.113
224.238
224.361
224.482
224.6
224.714
224.826
224.936
225.043
225.149
225.254
225.358
225.461
225.563
225.663
225.763
225.864
225.964
226.066
226.168
226.271
226.375
226.48
226.587
226.696
226.806
226.919
227.033
227.15
227.269
227.39
227.512
227.637
227.764
227.891
228.02
228.15
228.281
228.412
228.544
228.676
228.807
228.939
229.07
229.2
229.329
229.457
229.583
229.708
229.83
229.951
230.07
230.187
230.301
230.412
230.522
230.628
230.732
230.833
230.933
231.028
231.122
231.212
231.3
231.385
231.468
231.547
231.624
231.698
231.77
231.84
231.907
231.972
232.034
232.096
232.155
232.212
232.268
232.321
232.373
232.422
232.47
232.516
232.563
232.624
184.875
211.191
216.281
217.603
218.294
218.707
219.024
219.295
219.542
219.773
219.991
220.2
220.406
220.609
220.806
220.996
221.176
221.347
221.512
221.672
221.831
221.989
222.143
222.295
222.441
222.582
222.722
222.865
223.01
223.156
223.301
223.443
223.581
223.715
223.846
223.975
224.102
224.226
224.349
224.469
224.587
224.701
224.813
224.922
225.029
225.135
225.24
225.343
225.446
225.547
225.648
225.748
225.849
225.949
226.051
226.154
226.257
226.362
226.468
226.575
226.684
226.796
226.909
227.024
227.142
227.262
227.383
227.507
227.632
227.759
227.889
228.019
228.151
228.282
228.415
228.547
228.68
228.813
228.946
229.078
229.209
229.339
229.468
229.595
229.721
229.845
229.967
230.087
230.205
230.32
230.433
230.544
230.651
230.757
230.859
230.96
231.056
231.151
231.243
231.332
231.418
231.501
231.581
231.659
231.734
231.807
231.877
231.945
232.011
232.074
232.136
232.196
232.254
232.31
232.365
232.417
232.468
232.516
232.563
232.61
232.675
184.815
211.106
216.254
217.593
218.287
218.701
219.019
219.29
219.537
219.768
219.986
220.196
220.402
220.604
220.801
220.991
221.171
221.342
221.507
221.667
221.826
221.983
222.138
222.289
222.435
222.576
222.716
222.858
223.003
223.149
223.294
223.435
223.573
223.706
223.836
223.964
224.091
224.215
224.337
224.457
224.574
224.688
224.799
224.907
225.014
225.12
225.224
225.328
225.43
225.531
225.632
225.732
225.833
225.934
226.036
226.139
226.242
226.347
226.454
226.562
226.671
226.783
226.897
227.013
227.131
227.251
227.374
227.498
227.624
227.752
227.881
228.012
228.143
228.276
228.409
228.543
228.678
228.812
228.946
229.079
229.211
229.342
229.472
229.6
229.726
229.851
229.974
230.095
230.214
230.33
230.444
230.556
230.664
230.771
230.874
230.975
231.072
231.168
231.26
231.35
231.436
231.52
231.601
231.679
231.755
231.828
231.899
231.967
232.033
232.097
232.16
232.22
232.279
232.335
232.39
232.441
232.492
232.539
232.588
232.632
232.698
184.755
211.022
216.228
217.584
218.28
218.695
219.014
219.285
219.533
219.764
219.982
220.191
220.397
220.599
220.797
220.986
221.166
221.337
221.502
221.662
221.821
221.978
222.133
222.284
222.429
222.57
222.709
222.852
222.996
223.142
223.286
223.427
223.564
223.696
223.826
223.954
224.079
224.203
224.324
224.444
224.56
224.674
224.784
224.892
224.999
225.104
225.208
225.311
225.413
225.514
225.615
225.715
225.816
225.918
226.02
226.123
226.227
226.332
226.438
226.547
226.657
226.769
226.883
226.999
227.118
227.238
227.361
227.486
227.612
227.74
227.87
228.001
228.134
228.266
228.4
228.533
228.667
228.801
228.935
229.068
229.201
229.333
229.464
229.593
229.721
229.847
229.972
230.094
230.213
230.33
230.445
230.557
230.666
230.772
230.876
230.977
231.075
231.171
231.263
231.353
231.44
231.524
231.605
231.684
231.76
231.833
231.904
231.972
232.039
232.103
232.165
232.226
232.284
232.341
232.396
232.448
232.499
232.546
232.595
232.637
232.706
184.696
210.939
216.201
217.575
218.273
218.689
219.009
219.281
219.529
219.76
219.978
220.187
220.392
220.595
220.792
220.981
221.161
221.332
221.496
221.657
221.816
221.973
222.127
222.278
222.423
222.564
222.703
222.845
222.989
223.134
223.278
223.418
223.555
223.687
223.816
223.943
224.068
224.191
224.312
224.431
224.547
224.659
224.769
224.877
224.983
225.088
225.192
225.295
225.397
225.497
225.598
225.698
225.799
225.9
226.003
226.106
226.21
226.315
226.422
226.53
226.64
226.752
226.867
226.983
227.102
227.222
227.345
227.47
227.596
227.724
227.854
227.985
228.116
228.249
228.383
228.517
228.652
228.786
228.921
229.054
229.187
229.318
229.448
229.577
229.704
229.828
229.951
230.072
230.191
230.308
230.422
230.535
230.644
230.751
230.854
230.956
231.054
231.149
231.242
231.332
231.419
231.503
231.584
231.662
231.738
231.811
231.881
231.949
232.016
232.079
232.142
232.201
232.26
232.316
232.37
232.422
232.473
232.519
232.567
232.608
232.681
184.633
210.857
216.175
217.567
218.266
218.683
219.004
219.277
219.525
219.756
219.973
220.182
220.388
220.59
220.787
220.976
221.156
221.327
221.491
221.652
221.811
221.968
222.122
222.272
222.417
222.558
222.697
222.838
222.982
223.127
223.27
223.41
223.545
223.677
223.805
223.931
224.056
224.178
224.299
224.417
224.533
224.645
224.754
224.862
224.967
225.072
225.175
225.278
225.379
225.48
225.58
225.68
225.781
225.882
225.985
226.088
226.192
226.297
226.403
226.512
226.622
226.734
226.848
226.965
227.083
227.204
227.326
227.45
227.576
227.704
227.834
227.964
228.096
228.228
228.361
228.494
228.628
228.761
228.895
229.028
229.161
229.292
229.422
229.551
229.678
229.804
229.927
230.049
230.168
230.285
230.399
230.511
230.62
230.726
230.829
230.93
231.028
231.123
231.215
231.304
231.391
231.474
231.555
231.633
231.708
231.78
231.85
231.918
231.984
232.047
232.109
232.168
232.225
232.281
232.334
232.385
232.435
232.481
232.527
232.565
232.638
184.573
210.773
216.148
217.558
218.259
218.677
218.999
219.272
219.521
219.751
219.969
220.178
220.383
220.585
220.782
220.971
221.151
221.322
221.486
221.646
221.805
221.962
222.116
222.267
222.411
222.551
222.69
222.831
222.975
223.119
223.261
223.401
223.536
223.667
223.794
223.92
224.044
224.166
224.286
224.404
224.518
224.63
224.739
224.846
224.951
225.055
225.158
225.26
225.361
225.461
225.561
225.662
225.762
225.864
225.966
226.069
226.172
226.277
226.384
226.492
226.602
226.714
226.828
226.944
227.062
227.182
227.304
227.427
227.553
227.68
227.808
227.938
228.068
228.2
228.332
228.465
228.598
228.731
228.864
228.996
229.127
229.257
229.386
229.514
229.639
229.763
229.885
230.005
230.123
230.239
230.352
230.463
230.571
230.677
230.779
230.88
230.977
231.071
231.162
231.251
231.336
231.419
231.499
231.576
231.65
231.722
231.791
231.858
231.923
231.985
232.046
232.105
232.162
232.216
232.269
232.319
232.369
232.414
232.46
232.496
232.57
184.509
210.687
216.122
217.55
218.252
218.672
218.994
219.268
219.516
219.747
219.965
220.173
220.378
220.58
220.777
220.966
221.146
221.316
221.48
221.641
221.8
221.957
222.111
222.261
222.405
222.545
222.683
222.824
222.968
223.111
223.253
223.392
223.526
223.656
223.783
223.908
224.032
224.153
224.273
224.39
224.504
224.615
224.723
224.829
224.934
225.038
225.141
225.242
225.343
225.442
225.542
225.642
225.743
225.844
225.946
226.048
226.152
226.257
226.363
226.47
226.58
226.692
226.805
226.92
227.038
227.157
227.278
227.401
227.525
227.651
227.778
227.906
228.036
228.166
228.297
228.429
228.56
228.691
228.823
228.953
229.083
229.212
229.34
229.467
229.592
229.715
229.837
229.956
230.073
230.188
230.3
230.41
230.517
230.622
230.723
230.822
230.918
231.011
231.101
231.189
231.273
231.355
231.434
231.51
231.583
231.653
231.721
231.787
231.851
231.912
231.972
232.029
232.085
232.138
232.19
232.239
232.287
232.331
232.375
232.409
232.484
184.449
210.596
216.096
217.541
218.245
218.666
218.989
219.263
219.512
219.743
219.96
220.169
220.374
220.575
220.772
220.961
221.14
221.311
221.475
221.636
221.795
221.951
222.105
222.255
222.399
222.538
222.677
222.817
222.96
223.103
223.244
223.382
223.516
223.646
223.772
223.897
224.019
224.14
224.259
224.375
224.489
224.599
224.707
224.813
224.917
225.021
225.123
225.224
225.323
225.423
225.522
225.622
225.722
225.823
225.925
226.027
226.13
226.234
226.34
226.447
226.556
226.667
226.78
226.894
227.011
227.129
227.249
227.37
227.493
227.618
227.743
227.87
227.998
228.127
228.256
228.386
228.516
228.645
228.774
228.903
229.031
229.158
229.284
229.409
229.532
229.653
229.772
229.89
230.005
230.118
230.229
230.337
230.442
230.545
230.646
230.743
230.838
230.93
231.019
231.105
231.188
231.268
231.346
231.42
231.492
231.561
231.628
231.693
231.755
231.815
231.874
231.93
231.985
232.037
232.088
232.136
232.183
232.226
232.269
232.3
232.376
184.385
210.5
216.07
217.533
218.238
218.66
218.984
219.259
219.508
219.739
219.956
220.164
220.369
220.57
220.767
220.956
221.135
221.305
221.469
221.63
221.789
221.946
222.099
222.249
222.393
222.532
222.67
222.81
222.953
223.095
223.235
223.373
223.506
223.635
223.761
223.885
224.007
224.127
224.245
224.361
224.474
224.583
224.69
224.796
224.9
225.003
225.104
225.204
225.304
225.403
225.502
225.601
225.701
225.802
225.903
226.005
226.107
226.211
226.316
226.423
226.531
226.641
226.752
226.866
226.981
227.098
227.216
227.336
227.457
227.58
227.704
227.829
227.955
228.081
228.208
228.335
228.463
228.59
228.717
228.843
228.969
229.094
229.218
229.341
229.462
229.581
229.699
229.815
229.928
230.039
230.148
230.255
230.358
230.46
230.558
230.654
230.747
230.837
230.925
231.009
231.091
231.169
231.245
231.318
231.389
231.456
231.522
231.585
231.646
231.704
231.761
231.816
231.869
231.919
231.968
232.015
232.06
232.102
232.144
232.173
232.248
184.323
210.397
216.045
217.525
218.232
218.654
218.98
219.254
219.504
219.735
219.951
220.16
220.364
220.566
220.762
220.95
221.13
221.3
221.464
221.625
221.783
221.94
222.093
222.242
222.386
222.525
222.663
222.803
222.945
223.086
223.226
223.363
223.496
223.624
223.75
223.873
223.994
224.113
224.231
224.346
224.458
224.567
224.674
224.779
224.882
224.984
225.085
225.185
225.284
225.382
225.481
225.58
225.68
225.78
225.88
225.981
226.083
226.186
226.29
226.396
226.504
226.612
226.723
226.835
226.949
227.064
227.18
227.298
227.418
227.538
227.66
227.783
227.906
228.03
228.154
228.279
228.403
228.528
228.652
228.776
228.899
229.021
229.142
229.262
229.38
229.497
229.611
229.724
229.835
229.944
230.051
230.155
230.257
230.356
230.452
230.546
230.637
230.726
230.811
230.894
230.974
231.051
231.126
231.197
231.266
231.333
231.397
231.458
231.518
231.575
231.631
231.684
231.736
231.785
231.833
231.878
231.922
231.963
232.004
232.03
232.106
184.257
210.289
216.02
217.518
218.225
218.649
218.975
219.25
219.499
219.73
219.947
220.155
220.359
220.561
220.757
220.945
221.124
221.294
221.458
221.619
221.778
221.934
222.087
222.236
222.379
222.518
222.656
222.795
222.937
223.078
223.217
223.354
223.486
223.613
223.738
223.86
223.981
224.1
224.217
224.331
224.442
224.551
224.657
224.761
224.864
224.965
225.066
225.165
225.263
225.361
225.459
225.558
225.657
225.756
225.856
225.957
226.058
226.16
226.263
226.368
226.474
226.582
226.691
226.801
226.913
227.027
227.141
227.257
227.374
227.492
227.611
227.731
227.851
227.972
228.093
228.215
228.336
228.457
228.578
228.699
228.819
228.938
229.056
229.173
229.288
229.402
229.514
229.624
229.733
229.839
229.943
230.044
230.144
230.24
230.335
230.426
230.515
230.602
230.685
230.766
230.844
230.92
230.992
231.062
231.129
231.194
231.256
231.317
231.375
231.43
231.485
231.537
231.587
231.635
231.681
231.725
231.767
231.807
231.848
231.873
231.949
184.193
210.174
215.996
217.51
218.218
218.643
218.97
219.245
219.495
219.726
219.943
220.151
220.355
220.556
220.752
220.94
221.119
221.289
221.453
221.613
221.772
221.928
222.081
222.23
222.373
222.511
222.648
222.788
222.929
223.069
223.208
223.344
223.475
223.602
223.726
223.848
223.967
224.086
224.202
224.315
224.426
224.534
224.639
224.743
224.845
224.946
225.046
225.144
225.242
225.339
225.437
225.535
225.633
225.732
225.831
225.931
226.031
226.132
226.235
226.339
226.443
226.55
226.657
226.766
226.876
226.987
227.099
227.212
227.327
227.442
227.558
227.675
227.792
227.909
228.027
228.145
228.263
228.38
228.498
228.614
228.73
228.846
228.96
229.073
229.184
229.294
229.403
229.51
229.615
229.718
229.819
229.917
230.014
230.108
230.2
230.289
230.376
230.46
230.541
230.62
230.697
230.77
230.841
230.91
230.976
231.039
231.1
231.159
231.216
231.271
231.324
231.374
231.424
231.471
231.516
231.558
231.598
231.636
231.678
231.704
231.782
184.123
210.056
215.972
217.502
218.211
218.637
218.965
219.241
219.491
219.722
219.938
220.146
220.35
220.551
220.746
220.934
221.113
221.283
221.447
221.608
221.766
221.922
222.075
222.223
222.366
222.504
222.641
222.78
222.92
223.06
223.199
223.334
223.465
223.591
223.714
223.835
223.954
224.071
224.187
224.3
224.409
224.516
224.621
224.724
224.826
224.926
225.025
225.123
225.22
225.317
225.414
225.511
225.609
225.707
225.805
225.904
226.003
226.104
226.205
226.307
226.411
226.515
226.62
226.727
226.835
226.943
227.053
227.164
227.275
227.387
227.5
227.613
227.726
227.84
227.954
228.068
228.181
228.295
228.408
228.521
228.633
228.744
228.854
228.963
229.07
229.177
229.281
229.384
229.486
229.585
229.683
229.778
229.871
229.963
230.051
230.138
230.222
230.304
230.383
230.46
230.534
230.606
230.675
230.742
230.806
230.868
230.928
230.985
231.041
231.095
231.147
231.197
231.245
231.291
231.335
231.375
231.414
231.448
231.492
231.522
231.603
184.055
209.931
215.949
217.495
218.204
218.632
218.96
219.237
219.487
219.718
219.934
220.142
220.345
220.546
220.741
220.929
221.108
221.277
221.441
221.602
221.76
221.916
222.069
222.217
222.359
222.497
222.634
222.772
222.912
223.051
223.189
223.323
223.454
223.58
223.702
223.822
223.94
224.057
224.172
224.284
224.393
224.499
224.603
224.706
224.807
224.906
225.004
225.101
225.198
225.294
225.39
225.487
225.584
225.681
225.778
225.876
225.974
226.074
226.173
226.274
226.376
226.479
226.582
226.687
226.792
226.898
227.005
227.112
227.22
227.329
227.438
227.547
227.657
227.766
227.876
227.985
228.095
228.204
228.312
228.42
228.527
228.633
228.738
228.842
228.945
229.047
229.147
229.245
229.342
229.437
229.531
229.623
229.712
229.8
229.886
229.969
230.051
230.13
230.207
230.281
230.353
230.423
230.491
230.556
230.619
230.68
230.738
230.795
230.85
230.902
230.954
231.003
231.051
231.096
231.139
231.177
231.214
231.245
231.293
231.329
231.414
183.966
209.803
215.927
217.487
218.198
218.626
218.955
219.232
219.483
219.713
219.93
220.137
220.34
220.541
220.736
220.924
221.102
221.272
221.435
221.596
221.754
221.91
222.062
222.21
222.352
222.49
222.626
222.764
222.904
223.042
223.179
223.313
223.443
223.568
223.689
223.809
223.926
224.042
224.156
224.267
224.376
224.481
224.585
224.687
224.787
224.885
224.983
225.079
225.175
225.27
225.366
225.462
225.558
225.654
225.751
225.847
225.944
226.042
226.141
226.24
226.34
226.44
226.541
226.643
226.746
226.849
226.953
227.057
227.162
227.266
227.371
227.476
227.581
227.686
227.791
227.896
228
228.104
228.207
228.31
228.412
228.513
228.613
228.712
228.809
228.906
229.001
229.095
229.187
229.278
229.367
229.455
229.54
229.624
229.706
229.786
229.864
229.94
230.014
230.086
230.156
230.223
230.289
230.352
230.413
230.472
230.53
230.585
230.639
230.691
230.742
230.791
230.838
230.883
230.924
230.961
230.995
231.024
231.076
231.122
231.214
219.925
220.132
220.335
220.536
220.731
220.918
221.097
221.266
221.43
221.59
221.748
221.904
222.056
222.203
222.345
222.482
222.619
222.756
222.895
223.033
223.17
223.303
223.432
223.556
223.677
223.796
223.912
224.027
224.141
224.251
224.359
224.463
224.566
224.667
224.767
224.865
224.961
225.057
225.152
225.247
225.342
225.437
225.532
225.627
225.722
225.818
225.914
226.01
226.107
226.204
226.302
226.401
226.5
226.599
226.699
226.799
226.899
227
227.101
227.202
227.302
227.403
227.503
227.603
227.703
227.803
227.902
228
228.098
228.195
228.291
228.386
228.48
228.572
228.664
228.755
228.844
228.932
229.019
229.104
229.188
229.271
229.351
229.431
229.508
229.584
229.658
229.731
229.801
229.87
229.937
230.002
230.065
230.126
230.186
230.244
230.3
230.354
230.407
230.459
230.509
230.558
230.606
230.649
230.69
230.724
230.757
230.783
230.841
230.9
231.002
219.921
220.128
220.331
220.531
220.726
220.913
221.091
221.26
221.424
221.584
221.743
221.898
222.05
222.197
222.338
222.475
222.611
222.748
222.887
223.024
223.16
223.293
223.421
223.545
223.665
223.783
223.898
224.013
224.125
224.235
224.342
224.446
224.548
224.649
224.747
224.844
224.94
225.035
225.129
225.223
225.317
225.412
225.506
225.6
225.694
225.788
225.883
225.978
226.073
226.169
226.265
226.361
226.457
226.554
226.651
226.747
226.845
226.941
227.038
227.135
227.231
227.327
227.422
227.517
227.612
227.706
227.799
227.892
227.983
228.074
228.164
228.253
228.34
228.427
228.512
228.597
228.68
228.762
228.843
228.922
229
229.077
229.152
229.226
229.298
229.369
229.438
229.506
229.572
229.637
229.7
229.761
229.821
229.879
229.935
229.99
230.044
230.097
230.148
230.199
230.249
230.297
230.344
230.386
230.425
230.458
230.491
230.519
230.583
230.648
230.758
219.917
220.123
220.326
220.526
220.721
220.908
221.086
221.255
221.418
221.579
221.737
221.892
222.043
222.19
222.332
222.468
222.604
222.741
222.878
223.015
223.15
223.283
223.41
223.533
223.653
223.77
223.885
223.998
224.11
224.219
224.325
224.429
224.53
224.63
224.728
224.824
224.919
225.013
225.106
225.2
225.293
225.386
225.48
225.573
225.665
225.759
225.852
225.945
226.039
226.133
226.227
226.32
226.414
226.508
226.602
226.696
226.789
226.883
226.976
227.068
227.159
227.251
227.342
227.432
227.521
227.61
227.697
227.784
227.869
227.954
228.037
228.119
228.2
228.28
228.359
228.436
228.512
228.587
228.661
228.733
228.804
228.874
228.943
229.01
229.077
229.141
229.205
229.267
229.328
229.387
229.446
229.502
229.557
229.611
229.664
229.715
229.765
229.815
229.863
229.911
229.959
230.005
230.049
230.09
230.126
230.158
230.191
230.222
230.289
230.355
230.471
219.913
220.119
220.321
220.521
220.716
220.902
221.08
221.249
221.413
221.573
221.731
221.886
222.037
222.184
222.325
222.461
222.596
222.733
222.87
223.006
223.141
223.272
223.399
223.522
223.64
223.756
223.871
223.984
224.095
224.203
224.308
224.411
224.512
224.611
224.708
224.803
224.897
224.99
225.083
225.176
225.268
225.361
225.453
225.544
225.636
225.728
225.82
225.912
226.004
226.095
226.187
226.279
226.37
226.461
226.552
226.642
226.732
226.821
226.91
226.998
227.085
227.171
227.257
227.342
227.426
227.509
227.591
227.671
227.751
227.829
227.906
227.982
228.057
228.13
228.202
228.273
228.343
228.411
228.478
228.545
228.61
228.673
228.736
228.797
228.858
228.917
228.975
229.031
229.086
229.14
229.193
229.244
229.293
229.342
229.389
229.434
229.479
229.523
229.567
229.61
229.653
229.695
229.734
229.77
229.802
229.831
229.864
229.898
229.963
230.019
230.136
219.908
220.115
220.317
220.516
220.71
220.897
221.075
221.243
221.407
221.567
221.725
221.88
222.031
222.177
222.318
222.454
222.589
222.725
222.861
222.997
223.131
223.262
223.388
223.51
223.628
223.743
223.857
223.969
224.079
224.186
224.291
224.393
224.493
224.591
224.688
224.782
224.875
224.968
225.059
225.151
225.243
225.334
225.425
225.515
225.606
225.696
225.787
225.877
225.967
226.057
226.146
226.235
226.324
226.412
226.5
226.587
226.673
226.758
226.843
226.926
227.009
227.09
227.171
227.251
227.329
227.407
227.482
227.557
227.63
227.702
227.773
227.842
227.91
227.976
228.041
228.105
228.168
228.229
228.289
228.349
228.407
228.464
228.521
228.576
228.631
228.685
228.737
228.789
228.84
228.889
228.938
228.985
229.031
229.075
229.118
229.16
229.201
229.241
229.281
229.319
229.357
229.393
229.426
229.455
229.48
229.504
229.534
229.565
229.621
229.662
229.777
219.904
220.11
220.312
220.511
220.705
220.892
221.069
221.238
221.401
221.561
221.719
221.874
222.024
222.17
222.311
222.446
222.581
222.716
222.853
222.988
223.121
223.251
223.377
223.498
223.615
223.729
223.842
223.953
224.063
224.169
224.273
224.374
224.474
224.571
224.667
224.76
224.853
224.944
225.035
225.125
225.216
225.306
225.396
225.485
225.574
225.663
225.752
225.841
225.929
226.016
226.103
226.19
226.276
226.361
226.445
226.528
226.61
226.691
226.771
226.849
226.927
227.004
227.079
227.153
227.226
227.297
227.366
227.434
227.501
227.566
227.63
227.692
227.752
227.811
227.869
227.925
227.98
228.034
228.088
228.14
228.191
228.241
228.291
228.34
228.389
228.436
228.483
228.529
228.574
228.619
228.662
228.703
228.744
228.783
228.821
228.858
228.893
228.927
228.959
228.991
229.021
229.048
229.071
229.088
229.102
229.113
229.141
229.17
229.209
229.22
229.294
223.365
223.486
223.602
223.715
223.827
223.938
224.046
224.152
224.255
224.355
224.454
224.551
224.645
224.738
224.829
224.919
225.009
225.099
225.189
225.278
225.366
225.454
225.542
225.629
225.716
225.803
225.889
225.974
226.059
226.143
226.226
226.307
226.388
226.468
226.546
226.622
226.698
226.772
226.844
226.916
226.985
227.054
227.12
227.185
227.248
227.309
227.369
227.426
227.482
227.537
227.589
227.64
227.689
227.737
227.783
227.828
227.872
227.915
227.957
227.998
228.038
228.077
228.117
228.155
228.193
228.231
228.268
228.305
228.342
228.377
228.412
228.446
228.479
228.511
228.542
228.571
228.6
228.628
228.653
228.675
228.693
228.706
228.719
228.726
228.756
228.783
228.81
228.813
228.847
224.029
224.134
224.236
224.336
224.434
224.529
224.623
224.715
224.805
224.894
224.983
225.072
225.16
225.248
225.335
225.422
225.508
225.594
225.679
225.764
225.848
225.931
226.013
226.094
226.174
226.252
226.329
226.404
226.478
226.55
226.62
226.689
226.757
226.822
226.886
226.948
227.008
227.066
227.122
227.177
227.229
227.279
227.327
227.373
227.417
227.459
227.499
227.537
227.574
227.61
227.644
227.677
227.709
227.74
227.77
227.8
227.83
227.859
227.888
227.917
227.946
227.975
228.003
228.032
228.06
228.087
228.114
228.141
228.167
228.194
228.219
228.244
228.267
228.287
228.304
228.318
228.332
228.337
228.365
228.385
228.405
228.404
228.424
224.116
224.217
224.316
224.413
224.508
224.601
224.691
224.781
224.869
224.957
225.044
225.131
225.218
225.304
225.389
225.474
225.558
225.641
225.724
225.806
225.886
225.966
226.044
226.121
226.196
226.269
226.34
226.41
226.478
226.543
226.607
226.669
226.73
226.788
226.843
226.897
226.949
226.998
227.045
227.09
227.132
227.172
227.21
227.245
227.279
227.31
227.339
227.366
227.392
227.416
227.438
227.458
227.478
227.496
227.514
227.53
227.546
227.562
227.578
227.595
227.612
227.63
227.65
227.671
227.694
227.719
227.747
227.778
227.811
227.848
227.887
227.925
227.961
227.99
228.011
228.033
228.051
228.093
228.126
228.17
228.183
228.206
224.098
224.198
224.297
224.392
224.486
224.578
224.667
224.756
224.843
224.93
225.016
225.102
225.187
225.271
225.355
225.438
225.521
225.602
225.683
225.763
225.841
225.918
225.993
226.067
226.138
226.208
226.275
226.341
226.404
226.465
226.524
226.581
226.635
226.687
226.737
226.784
226.829
226.872
226.912
226.95
226.985
227.017
227.047
227.074
227.098
227.121
227.14
227.158
227.173
227.186
227.197
227.206
227.214
227.221
227.227
227.232
227.237
227.242
227.247
227.253
227.259
227.266
227.275
227.286
227.299
227.315
227.335
227.359
227.389
227.425
227.466
227.509
227.549
227.577
227.593
227.619
227.676
227.778
227.899
227.994
228.08
228.118
224.08
224.18
224.277
224.372
224.465
224.555
224.644
224.731
224.818
224.903
224.988
225.073
225.157
225.24
225.322
225.404
225.485
225.565
225.644
225.721
225.797
225.872
225.944
226.015
226.083
226.15
226.214
226.275
226.334
226.391
226.445
226.497
226.547
226.594
226.639
226.681
226.721
226.758
226.792
226.824
226.853
226.879
226.904
226.925
226.944
226.96
226.973
226.985
226.994
227
227.005
227.008
227.009
227.008
227.007
227.005
227.002
226.998
226.995
226.989
226.983
226.976
226.968
226.961
226.956
226.955
226.958
226.964
226.976
226.994
227.023
227.074
227.166
227.304
227.482
227.705
227.955
228.257
228.628
229.045
229.423
229.649
)
;

boundaryField
{
    inlet
    {
        type            fixedValue;
        value           uniform 223;
    }
    obstacle
    {
        type            zeroGradient;
    }
    bottom
    {
        type            symmetry;
    }
    outlet
    {
        type            inletOutlet;
        inletValue      nonuniform List<scalar> 0();
        value           nonuniform List<scalar> 0();
    }
    top
    {
        type            symmetry;
    }
    defaultFaces
    {
        type            empty;
    }
    procBoundary1to0
    {
        type            processor;
        value           nonuniform List<scalar> 
90
(
183.835
209.668
215.905
217.48
218.191
218.62
218.951
219.228
219.478
219.709
219.709
219.705
219.701
219.697
219.693
219.689
219.9
220.105
220.307
220.506
220.7
220.886
221.063
221.232
221.395
221.555
221.713
221.867
222.017
222.163
222.303
222.439
222.573
222.708
222.844
222.978
223.111
223.24
223.24
223.353
223.473
223.588
223.701
223.812
223.921
223.921
224.012
224.012
223.994
223.977
223.902
223.994
224.083
224.169
224.253
224.335
224.414
224.491
224.568
224.643
224.717
224.789
224.861
224.932
225.001
225.07
225.137
225.203
225.268
225.331
225.393
225.453
225.511
225.566
225.619
225.67
225.718
225.763
225.805
225.844
225.88
225.913
225.942
225.968
225.991
226.01
226.026
226.039
226.048
226.054
)
;
    }
    procBoundary1to2
    {
        type            processor;
        value           nonuniform List<scalar> 
42
(
226.057
226.058
226.056
226.051
226.045
226.036
226.024
226.011
225.995
225.977
225.958
225.937
225.915
225.891
225.866
225.84
225.813
225.784
225.753
225.723
225.688
225.653
225.614
225.573
225.531
225.49
225.454
225.428
225.415
225.419
225.446
225.543
225.739
226.066
226.502
227.04
227.649
228.332
229.072
229.873
230.667
231.402
)
;
    }
    procBoundary1to7
    {
        type            processor;
        value           nonuniform List<scalar> 
126
(
191.605
214.867
218.187
218.187
218.695
219.056
219.323
219.55
219.758
219.965
220.174
220.384
220.588
220.785
220.976
221.161
221.339
221.51
221.674
221.829
221.979
222.126
222.273
222.424
222.579
222.735
222.885
223.03
223.177
223.33
223.488
223.647
223.804
223.958
224.111
224.264
224.416
224.566
224.712
224.853
224.99
225.123
225.253
225.38
225.502
225.621
225.735
225.846
225.952
226.054
226.15
226.232
226.232
226.317
226.385
226.385
226.456
226.509
226.509
226.566
226.615
226.657
226.692
226.719
226.739
226.75
226.755
226.752
226.742
226.725
226.701
226.671
226.635
226.593
226.546
226.493
226.436
226.375
226.31
226.241
226.169
226.095
226.018
225.94
225.86
225.779
225.697
225.615
225.533
225.45
225.368
225.286
225.205
225.125
225.046
224.968
224.891
224.816
224.743
224.671
224.601
224.532
224.466
224.401
224.338
224.277
224.217
224.16
224.104
224.051
223.998
223.948
223.899
223.853
223.808
223.765
223.725
223.686
223.65
223.615
223.582
223.553
223.523
223.595
223.595
223.539
)
;
    }
}


// ************************************************************************* //
