/*--------------------------------*- C++ -*----------------------------------*\
| =========                 |                                                 |
| \\      /  F ield         | OpenFOAM: The Open Source CFD Toolbox           |
|  \\    /   O peration     | Version:  2412                                  |
|   \\  /    A nd           | Website:  www.openfoam.com                      |
|    \\/     M anipulation  |                                                 |
\*---------------------------------------------------------------------------*/
FoamFile
{
    version     2.0;
    format      ascii;
    arch        "LSB;label=32;scalar=64";
    class       volScalarField;
    location    "0.015";
    object      T;
}
// * * * * * * * * * * * * * * * * * * * * * * * * * * * * * * * * * * * * * //

dimensions      [0 0 0 1 0 0 0];

internalField   nonuniform List<scalar> 
9763
(
225.689
227.392
225.66
227.406
225.62
227.339
225.566
227.242
225.501
227.118
225.43
226.994
225.36
226.871
225.294
226.757
225.234
226.646
225.179
226.541
225.128
226.438
225.08
226.338
225.035
226.24
224.992
226.144
224.951
226.049
224.911
225.956
224.872
225.862
224.831
225.767
224.789
225.669
224.745
225.569
224.699
225.465
224.651
225.358
224.601
225.247
224.55
225.132
224.498
225.012
224.446
224.891
224.394
224.765
224.341
224.639
224.286
224.51
224.226
224.382
224.164
224.254
224.096
224.125
224.027
223.994
223.96
223.858
223.897
223.72
223.833
223.582
223.769
223.445
223.703
223.311
223.634
223.179
223.564
223.049
222.919
222.79
222.662
236.187
227.648
227.695
227.473
226.79
225.967
225.051
224.177
223.515
223.146
223.019
223.001
223.005
223.05
223.143
223.208
223.215
222.873
221.898
220.81
220.06
219.72
219.623
219.682
219.849
219.963
219.982
219.926
219.803
219.666
219.539
219.425
219.321
219.234
219.174
219.139
219.111
219.069
219
218.919
218.851
218.803
218.77
218.745
218.725
218.715
218.718
218.735
218.765
218.804
218.848
218.898
218.957
219.024
219.1
219.184
219.277
219.376
219.481
219.592
219.707
219.824
219.945
220.069
220.197
220.33
220.463
220.595
220.727
220.86
220.995
221.132
221.271
221.41
221.55
221.69
221.83
221.969
222.108
222.246
222.385
222.525
222.664
222.81
222.955
223.102
223.251
223.399
223.549
223.696
223.842
223.986
224.128
224.271
224.409
224.546
224.676
224.801
224.918
225.027
225.128
225.221
225.308
225.391
225.47
225.547
225.623
225.704
225.786
225.871
225.954
226.038
226.124
226.203
226.271
226.318
226.342
226.345
226.324
226.329
226.148
236.146
227.646
227.691
227.469
226.785
225.959
225.042
224.169
223.509
223.144
223.018
223.001
223.004
223.049
223.143
223.21
223.215
222.896
221.935
220.84
220.073
219.723
219.609
219.663
219.825
219.946
219.969
219.916
219.795
219.656
219.527
219.409
219.302
219.212
219.149
219.11
219.081
219.037
218.966
218.882
218.809
218.757
218.72
218.69
218.666
218.652
218.652
218.664
218.691
218.725
218.765
218.811
218.865
218.929
219.002
219.084
219.173
219.27
219.373
219.482
219.593
219.707
219.825
219.947
220.074
220.203
220.331
220.459
220.587
220.719
220.854
220.991
221.128
221.266
221.403
221.539
221.676
221.812
221.948
222.083
222.221
222.358
222.497
222.64
222.782
222.927
223.074
223.219
223.366
223.51
223.653
223.793
223.931
224.066
224.198
224.327
224.45
224.566
224.674
224.774
224.865
224.949
225.026
225.099
225.168
225.237
225.309
225.385
225.466
225.555
225.651
225.749
225.853
225.958
226.059
226.147
226.218
226.269
226.304
226.327
226.337
236.133
227.644
227.688
227.465
226.78
225.952
225.033
224.161
223.503
223.141
223.018
223.001
223.004
223.048
223.144
223.212
223.215
222.917
221.973
220.872
220.09
219.723
219.595
219.645
219.801
219.927
219.956
219.906
219.787
219.646
219.514
219.393
219.283
219.19
219.123
219.082
219.05
219.005
218.931
218.843
218.766
218.71
218.669
218.634
218.605
218.587
218.582
218.59
218.612
218.642
218.678
218.72
218.769
218.829
218.898
218.977
219.063
219.157
219.257
219.362
219.47
219.581
219.696
219.815
219.937
220.06
220.183
220.306
220.433
220.563
220.696
220.829
220.961
221.092
221.222
221.352
221.482
221.612
221.741
221.869
221.999
222.127
222.258
222.393
222.527
222.664
222.804
222.941
223.08
223.215
223.35
223.482
223.612
223.739
223.864
223.986
224.101
224.211
224.312
224.405
224.49
224.567
224.638
224.704
224.766
224.828
224.892
224.959
225.032
225.114
225.202
225.293
225.394
225.496
225.596
225.684
225.756
225.81
225.852
225.885
225.91
236.119
227.642
227.684
227.461
226.775
225.945
225.025
224.154
223.498
223.139
223.017
223.001
223.004
223.047
223.144
223.214
223.215
222.937
222.011
220.904
220.107
219.723
219.582
219.63
219.777
219.908
219.944
219.897
219.779
219.637
219.501
219.378
219.265
219.169
219.099
219.055
219.021
218.974
218.898
218.807
218.726
218.665
218.619
218.581
218.547
218.523
218.515
218.519
218.535
218.561
218.592
218.63
218.676
218.732
218.798
218.873
218.956
219.047
219.143
219.244
219.348
219.455
219.566
219.681
219.798
219.915
220.032
220.153
220.277
220.405
220.533
220.66
220.785
220.909
221.032
221.155
221.279
221.402
221.525
221.647
221.769
221.891
222.014
222.14
222.267
222.396
222.526
222.654
222.781
222.904
223.025
223.142
223.258
223.372
223.485
223.595
223.701
223.802
223.895
223.981
224.059
224.131
224.196
224.257
224.315
224.374
224.436
224.5
224.57
224.65
224.737
224.831
224.933
225.039
225.143
225.236
225.312
225.371
225.417
225.452
225.477
236.116
227.64
227.681
227.457
226.771
225.938
225.017
224.147
223.493
223.137
223.017
223.001
223.004
223.046
223.145
223.216
223.215
222.954
222.047
220.936
220.124
219.722
219.571
219.616
219.753
219.889
219.931
219.887
219.772
219.628
219.49
219.364
219.248
219.149
219.076
219.028
218.993
218.945
218.866
218.772
218.686
218.621
218.571
218.528
218.49
218.462
218.449
218.449
218.459
218.48
218.508
218.542
218.584
218.636
218.698
218.77
218.851
218.938
219.031
219.128
219.228
219.331
219.439
219.55
219.661
219.773
219.886
220.004
220.126
220.25
220.373
220.494
220.613
220.73
220.847
220.965
221.082
221.2
221.315
221.431
221.544
221.659
221.773
221.892
222.009
222.13
222.252
222.372
222.491
222.607
222.72
222.83
222.937
223.043
223.146
223.246
223.342
223.435
223.519
223.597
223.667
223.729
223.786
223.839
223.889
223.939
223.993
224.049
224.113
224.186
224.265
224.352
224.452
224.557
224.66
224.753
224.83
224.889
224.934
224.965
224.989
236.093
227.637
227.677
227.453
226.766
225.931
225.009
224.139
223.488
223.134
223.016
223.001
223.004
223.045
223.145
223.218
223.216
222.971
222.082
220.968
220.142
219.718
219.561
219.602
219.73
219.869
219.919
219.877
219.765
219.62
219.479
219.35
219.232
219.13
219.053
219.002
218.965
218.915
218.835
218.737
218.647
218.578
218.524
218.477
218.435
218.402
218.385
218.38
218.385
218.401
218.424
218.454
218.492
218.541
218.6
218.669
218.746
218.831
218.92
219.012
219.108
219.207
219.311
219.417
219.523
219.63
219.74
219.855
219.974
220.093
220.21
220.325
220.437
220.549
220.661
220.774
220.887
220.999
221.109
221.22
221.327
221.437
221.544
221.656
221.767
221.881
221.996
222.109
222.22
222.329
222.434
222.536
222.635
222.731
222.825
222.917
223.005
223.089
223.167
223.239
223.303
223.361
223.413
223.46
223.505
223.551
223.598
223.649
223.708
223.773
223.844
223.928
224.022
224.124
224.224
224.315
224.389
224.446
224.487
224.511
224.51
236.075
227.635
227.674
227.448
226.761
225.924
225.001
224.132
223.483
223.132
223.016
223.001
223.004
223.044
223.145
223.219
223.217
222.987
222.117
221.002
220.159
219.714
219.552
219.587
219.705
219.848
219.906
219.867
219.758
219.612
219.468
219.336
219.215
219.11
219.03
218.976
218.937
218.886
218.804
218.702
218.608
218.535
218.476
218.425
218.378
218.341
218.319
218.311
218.312
218.321
218.338
218.364
218.398
218.443
218.499
218.565
218.639
218.72
218.805
218.894
218.985
219.081
219.181
219.282
219.384
219.486
219.594
219.705
219.819
219.932
220.043
220.152
220.259
220.367
220.475
220.584
220.692
220.798
220.903
221.007
221.108
221.213
221.312
221.42
221.524
221.633
221.743
221.852
221.961
222.068
222.172
222.271
222.365
222.456
222.544
222.629
222.71
222.789
222.862
222.931
222.991
223.047
223.096
223.142
223.185
223.228
223.272
223.32
223.376
223.436
223.504
223.586
223.679
223.779
223.879
223.969
224.043
224.097
224.138
224.172
224.192
236.052
227.632
227.67
227.444
226.756
225.916
224.993
224.125
223.478
223.13
223.016
223.001
223.003
223.043
223.144
223.22
223.219
223.003
222.152
221.036
220.176
219.71
219.545
219.572
219.679
219.827
219.892
219.857
219.751
219.604
219.457
219.323
219.199
219.09
219.007
218.95
218.908
218.856
218.772
218.667
218.569
218.491
218.428
218.372
218.321
218.279
218.253
218.241
218.238
218.24
218.252
218.273
218.303
218.344
218.396
218.458
218.529
218.606
218.687
218.771
218.859
218.951
219.046
219.142
219.238
219.337
219.441
219.548
219.656
219.762
219.867
219.97
220.073
220.177
220.282
220.386
220.489
220.59
220.69
220.788
220.883
220.983
221.076
221.178
221.275
221.378
221.482
221.587
221.691
221.794
221.894
221.989
222.079
222.165
222.248
222.327
222.404
222.478
222.547
222.613
222.672
222.727
222.776
222.821
222.864
222.906
222.95
222.996
223.049
223.106
223.173
223.252
223.343
223.441
223.539
223.628
223.7
223.752
223.788
223.818
223.854
236.041
227.628
227.666
227.44
226.751
225.909
224.985
224.117
223.473
223.128
223.015
223.001
223.003
223.042
223.143
223.221
223.221
223.018
222.187
221.071
220.195
219.709
219.539
219.555
219.653
219.805
219.878
219.846
219.744
219.596
219.446
219.309
219.182
219.071
218.984
218.924
218.88
218.825
218.739
218.631
218.528
218.446
218.379
218.318
218.262
218.216
218.185
218.169
218.161
218.158
218.163
218.179
218.205
218.241
218.289
218.348
218.415
218.488
218.565
218.644
218.727
218.815
218.905
218.996
219.088
219.184
219.284
219.386
219.486
219.585
219.683
219.782
219.882
219.982
220.083
220.183
220.28
220.374
220.467
220.558
220.648
220.74
220.826
220.923
221.013
221.11
221.209
221.309
221.409
221.509
221.605
221.696
221.781
221.862
221.939
222.012
222.082
222.15
222.213
222.274
222.328
222.378
222.422
222.462
222.5
222.538
222.577
222.619
222.663
222.713
222.775
222.848
222.932
223.023
223.115
223.2
223.27
223.32
223.348
223.361
223.361
236.029
227.625
227.662
227.435
226.746
225.901
224.976
224.11
223.468
223.126
223.015
223.001
223.003
223.041
223.142
223.221
223.223
223.033
222.222
221.107
220.215
219.71
219.532
219.536
219.628
219.784
219.862
219.835
219.737
219.588
219.435
219.295
219.166
219.051
218.96
218.898
218.851
218.794
218.706
218.595
218.487
218.401
218.329
218.264
218.203
218.152
218.117
218.096
218.082
218.074
218.074
218.084
218.106
218.138
218.181
218.236
218.298
218.367
218.438
218.512
218.591
218.673
218.758
218.843
218.931
219.024
219.119
219.214
219.308
219.4
219.492
219.586
219.682
219.779
219.875
219.969
220.061
220.149
220.236
220.32
220.404
220.489
220.57
220.66
220.743
220.834
220.925
221.018
221.111
221.204
221.294
221.378
221.458
221.534
221.606
221.675
221.741
221.805
221.864
221.92
221.97
222.016
222.055
222.092
222.125
222.159
222.194
222.23
222.27
222.317
222.376
222.445
222.525
222.612
222.701
222.784
222.853
222.902
222.93
222.94
222.939
236.012
227.621
227.658
227.431
226.74
225.894
224.968
224.102
223.463
223.124
223.015
223.001
223.003
223.039
223.14
223.221
223.225
223.047
222.257
221.144
220.238
219.714
219.525
219.515
219.604
219.763
219.846
219.824
219.73
219.58
219.424
219.282
219.149
219.031
218.937
218.871
218.821
218.763
218.673
218.558
218.446
218.355
218.279
218.209
218.143
218.088
218.048
218.021
218.002
217.989
217.983
217.987
218.004
218.032
218.071
218.121
218.179
218.242
218.308
218.377
218.45
218.527
218.606
218.687
218.771
218.859
218.949
219.037
219.124
219.21
219.298
219.388
219.479
219.571
219.661
219.748
219.833
219.916
219.996
220.074
220.151
220.228
220.304
220.387
220.465
220.55
220.636
220.723
220.811
220.898
220.981
221.061
221.137
221.208
221.277
221.343
221.407
221.467
221.523
221.575
221.621
221.662
221.696
221.728
221.758
221.789
221.819
221.852
221.889
221.934
221.99
222.058
222.137
222.222
222.31
222.392
222.462
222.513
222.543
222.555
222.554
235.99
227.618
227.654
227.426
226.735
225.886
224.959
224.094
223.458
223.121
223.014
223.001
223.003
223.038
223.139
223.221
223.227
223.06
222.291
221.182
220.262
219.723
219.518
219.494
219.581
219.742
219.829
219.813
219.723
219.572
219.414
219.268
219.133
219.011
218.914
218.844
218.792
218.731
218.64
218.522
218.405
218.309
218.229
218.154
218.084
218.023
217.978
217.946
217.922
217.902
217.891
217.89
217.901
217.924
217.959
218.005
218.058
218.116
218.176
218.24
218.307
218.378
218.451
218.526
218.605
218.688
218.772
218.853
218.933
219.014
219.098
219.184
219.27
219.355
219.438
219.518
219.597
219.674
219.749
219.821
219.893
219.963
220.035
220.112
220.184
220.263
220.343
220.424
220.506
220.587
220.667
220.743
220.816
220.886
220.954
221.018
221.079
221.138
221.192
221.241
221.284
221.322
221.354
221.383
221.409
221.438
221.466
221.498
221.535
221.579
221.634
221.702
221.781
221.868
221.958
222.043
222.115
222.169
222.203
222.218
222.221
235.974
227.614
227.65
227.421
226.729
225.878
224.95
224.086
223.453
223.119
223.014
223.001
223.003
223.037
223.137
223.221
223.23
223.073
222.324
221.22
220.288
219.733
219.51
219.474
219.56
219.72
219.811
219.801
219.715
219.564
219.404
219.255
219.117
218.991
218.89
218.817
218.762
218.7
218.606
218.485
218.365
218.263
218.178
218.098
218.023
217.958
217.908
217.87
217.84
217.815
217.798
217.792
217.797
217.815
217.845
217.886
217.934
217.987
218.042
218.1
218.161
218.226
218.293
218.363
218.437
218.514
218.591
218.666
218.741
218.818
218.897
218.977
219.057
219.134
219.21
219.283
219.355
219.426
219.495
219.562
219.629
219.694
219.762
219.833
219.901
219.975
220.051
220.127
220.206
220.285
220.364
220.44
220.513
220.582
220.648
220.71
220.769
220.824
220.875
220.921
220.961
220.996
221.025
221.052
221.077
221.104
221.129
221.161
221.198
221.241
221.297
221.365
221.446
221.535
221.628
221.715
221.791
221.848
221.886
221.905
221.912
235.96
227.61
227.646
227.416
226.723
225.87
224.941
224.078
223.448
223.117
223.013
223.001
223.003
223.036
223.135
223.222
223.232
223.084
222.356
221.258
220.315
219.743
219.502
219.455
219.539
219.698
219.792
219.789
219.707
219.556
219.394
219.242
219.101
218.972
218.867
218.79
218.732
218.668
218.573
218.449
218.324
218.218
218.127
218.043
217.963
217.894
217.838
217.795
217.758
217.727
217.704
217.693
217.693
217.705
217.73
217.766
217.81
217.857
217.906
217.958
218.014
218.072
218.132
218.197
218.266
218.336
218.406
218.475
218.545
218.617
218.691
218.765
218.837
218.907
218.976
219.043
219.109
219.174
219.238
219.301
219.364
219.424
219.488
219.552
219.618
219.686
219.757
219.829
219.905
219.983
220.062
220.14
220.214
220.283
220.349
220.409
220.465
220.516
220.564
220.607
220.645
220.679
220.707
220.734
220.758
220.784
220.81
220.843
220.881
220.925
220.981
221.051
221.134
221.227
221.324
221.415
221.495
221.556
221.598
221.622
221.634
235.945
227.606
227.642
227.411
226.718
225.862
224.932
224.071
223.443
223.115
223.013
223.001
223.003
223.035
223.134
223.222
223.235
223.095
222.388
221.297
220.343
219.752
219.493
219.438
219.519
219.673
219.773
219.777
219.699
219.549
219.384
219.23
219.085
218.953
218.844
218.763
218.702
218.637
218.54
218.413
218.284
218.172
218.077
217.987
217.903
217.828
217.768
217.718
217.676
217.639
217.61
217.593
217.588
217.594
217.614
217.645
217.683
217.724
217.768
217.815
217.864
217.916
217.97
218.03
218.093
218.157
218.22
218.283
218.348
218.416
218.484
218.551
218.615
218.677
218.74
218.801
218.862
218.921
218.98
219.038
219.095
219.151
219.212
219.269
219.334
219.396
219.465
219.533
219.606
219.682
219.76
219.838
219.913
219.983
220.048
220.107
220.161
220.211
220.256
220.296
220.332
220.365
220.393
220.42
220.444
220.471
220.498
220.531
220.57
220.615
220.673
220.744
220.83
220.927
221.028
221.123
221.206
221.271
221.316
221.344
221.359
235.927
227.602
227.638
227.406
226.712
225.854
224.923
224.063
223.437
223.113
223.013
223.001
223.002
223.034
223.133
223.223
223.238
223.105
222.418
221.336
220.372
219.76
219.484
219.421
219.499
219.648
219.752
219.765
219.69
219.541
219.375
219.217
219.069
218.934
218.821
218.737
218.673
218.605
218.507
218.378
218.244
218.127
218.026
217.932
217.842
217.763
217.697
217.642
217.593
217.55
217.515
217.493
217.483
217.485
217.497
217.522
217.555
217.591
217.629
217.67
217.713
217.758
217.806
217.86
217.916
217.973
218.03
218.088
218.149
218.211
218.272
218.331
218.388
218.444
218.5
218.557
218.613
218.668
218.722
218.774
218.826
218.877
218.933
218.984
219.047
219.103
219.17
219.233
219.302
219.373
219.446
219.52
219.592
219.661
219.727
219.787
219.843
219.893
219.939
219.98
220.017
220.049
220.078
220.105
220.13
220.158
220.187
220.222
220.262
220.309
220.369
220.443
220.532
220.633
220.738
220.838
220.925
220.993
221.04
221.071
221.088
235.909
227.598
227.634
227.401
226.706
225.846
224.914
224.055
223.432
223.111
223.012
223.001
223.002
223.033
223.131
223.225
223.241
223.115
222.449
221.375
220.401
219.769
219.476
219.405
219.479
219.621
219.731
219.752
219.681
219.534
219.366
219.205
219.054
218.915
218.799
218.71
218.643
218.573
218.474
218.342
218.204
218.082
217.976
217.876
217.781
217.697
217.626
217.565
217.51
217.461
217.42
217.392
217.377
217.374
217.38
217.398
217.424
217.455
217.488
217.523
217.56
217.599
217.641
217.689
217.738
217.789
217.84
217.893
217.948
218.004
218.058
218.109
218.16
218.21
218.261
218.312
218.364
218.413
218.462
218.509
218.555
218.601
218.651
218.696
218.755
218.807
218.873
218.932
218.996
219.06
219.125
219.192
219.259
219.324
219.388
219.45
219.509
219.562
219.612
219.655
219.694
219.727
219.757
219.784
219.81
219.838
219.867
219.904
219.945
219.994
220.055
220.131
220.223
220.327
220.436
220.54
220.629
220.7
220.749
220.781
220.8
235.891
227.594
227.63
227.395
226.7
225.837
224.905
224.046
223.427
223.109
223.012
223.001
223.002
223.032
223.13
223.226
223.245
223.125
222.478
221.415
220.43
219.778
219.469
219.391
219.458
219.594
219.709
219.738
219.671
219.527
219.357
219.193
219.039
218.897
218.777
218.684
218.614
218.542
218.44
218.306
218.164
218.037
217.926
217.821
217.721
217.631
217.555
217.489
217.428
217.372
217.326
217.291
217.27
217.262
217.264
217.274
217.294
217.318
217.345
217.374
217.405
217.438
217.475
217.515
217.558
217.602
217.647
217.695
217.745
217.793
217.84
217.884
217.929
217.975
218.021
218.068
218.113
218.157
218.2
218.242
218.281
218.321
218.364
218.405
218.458
218.506
218.568
218.624
218.683
218.742
218.799
218.859
218.918
218.977
219.039
219.101
219.161
219.219
219.272
219.32
219.361
219.396
219.427
219.455
219.481
219.508
219.537
219.575
219.617
219.667
219.729
219.808
219.902
220.009
220.12
220.227
220.32
220.392
220.443
220.476
220.496
235.875
227.59
227.625
227.39
226.693
225.829
224.895
224.038
223.422
223.107
223.012
223
223.002
223.031
223.129
223.228
223.248
223.134
222.507
221.454
220.461
219.789
219.463
219.377
219.437
219.566
219.686
219.725
219.661
219.52
219.349
219.182
219.024
218.879
218.755
218.659
218.585
218.51
218.407
218.27
218.124
217.993
217.876
217.766
217.66
217.565
217.484
217.411
217.344
217.282
217.23
217.19
217.163
217.149
217.146
217.15
217.161
217.18
217.201
217.225
217.249
217.277
217.307
217.342
217.377
217.415
217.454
217.497
217.54
217.581
217.62
217.658
217.699
217.74
217.782
217.822
217.861
217.899
217.934
217.969
218.003
218.037
218.073
218.111
218.157
218.202
218.26
218.312
218.368
218.424
218.477
218.532
218.586
218.641
218.698
218.757
218.816
218.874
218.929
218.978
219.022
219.059
219.09
219.118
219.143
219.169
219.197
219.234
219.275
219.324
219.386
219.464
219.559
219.666
219.779
219.888
219.982
220.055
220.106
220.139
220.159
235.857
227.586
227.621
227.384
226.687
225.82
224.886
224.03
223.417
223.105
223.011
223
223.002
223.031
223.128
223.229
223.251
223.143
222.536
221.494
220.492
219.802
219.46
219.365
219.416
219.537
219.664
219.71
219.651
219.513
219.341
219.17
219.01
218.862
218.733
218.633
218.556
218.479
218.374
218.234
218.084
217.949
217.827
217.711
217.6
217.499
217.412
217.334
217.26
217.192
217.134
217.088
217.056
217.036
217.027
217.025
217.029
217.04
217.056
217.073
217.092
217.114
217.138
217.166
217.195
217.226
217.26
217.297
217.333
217.366
217.399
217.432
217.468
217.505
217.541
217.575
217.608
217.638
217.666
217.694
217.72
217.749
217.779
217.813
217.854
217.894
217.945
217.994
218.048
218.102
218.156
218.21
218.263
218.316
218.369
218.423
218.478
218.532
218.585
218.634
218.677
218.715
218.747
218.775
218.8
218.825
218.852
218.886
218.925
218.972
219.033
219.109
219.202
219.309
219.421
219.53
219.625
219.698
219.749
219.782
219.801
235.841
227.581
227.617
227.379
226.68
225.811
224.876
224.022
223.411
223.103
223.011
223
223.002
223.03
223.127
223.23
223.253
223.152
222.564
221.533
220.525
219.818
219.459
219.353
219.395
219.509
219.642
219.695
219.64
219.507
219.333
219.159
218.996
218.844
218.712
218.608
218.527
218.447
218.34
218.198
218.045
217.905
217.779
217.658
217.541
217.434
217.34
217.255
217.175
217.101
217.037
216.986
216.947
216.921
216.907
216.899
216.897
216.9
216.908
216.92
216.934
216.949
216.968
216.989
217.012
217.037
217.066
217.096
217.124
217.151
217.178
217.207
217.237
217.268
217.297
217.325
217.35
217.373
217.395
217.416
217.436
217.459
217.483
217.513
217.549
217.586
217.631
217.676
217.726
217.78
217.835
217.89
217.945
217.998
218.049
218.098
218.147
218.196
218.243
218.288
218.328
218.365
218.396
218.424
218.448
218.472
218.498
218.529
218.566
218.611
218.669
218.743
218.832
218.937
219.048
219.156
219.251
219.324
219.374
219.406
219.424
235.825
227.577
227.612
227.373
226.674
225.802
224.867
224.014
223.406
223.101
223.011
223
223.002
223.029
223.126
223.23
223.256
223.161
222.592
221.572
220.558
219.835
219.458
219.341
219.373
219.481
219.62
219.678
219.629
219.5
219.326
219.149
218.982
218.827
218.691
218.583
218.499
218.416
218.307
218.162
218.005
217.861
217.731
217.605
217.482
217.369
217.269
217.177
217.09
217.01
216.939
216.882
216.838
216.806
216.785
216.772
216.763
216.759
216.76
216.766
216.774
216.784
216.797
216.812
216.828
216.848
216.87
216.894
216.915
216.935
216.957
216.981
217.007
217.03
217.051
217.071
217.089
217.106
217.122
217.137
217.152
217.169
217.187
217.212
217.242
217.275
217.313
217.354
217.4
217.452
217.504
217.56
217.615
217.668
217.719
217.767
217.813
217.857
217.9
217.939
217.976
218.009
218.038
218.064
218.087
218.11
218.135
218.164
218.198
218.241
218.297
218.368
218.455
218.556
218.666
218.774
218.869
218.942
218.992
219.022
219.039
235.806
227.572
227.608
227.367
226.667
225.793
224.857
224.006
223.401
223.099
223.011
223
223.002
223.028
223.124
223.231
223.258
223.169
222.619
221.61
220.593
219.855
219.458
219.328
219.351
219.453
219.598
219.661
219.618
219.494
219.318
219.138
218.969
218.81
218.671
218.558
218.47
218.385
218.274
218.127
217.966
217.818
217.683
217.552
217.424
217.305
217.198
217.099
217.005
216.917
216.84
216.777
216.728
216.69
216.662
216.642
216.627
216.616
216.611
216.61
216.612
216.616
216.624
216.633
216.644
216.658
216.675
216.691
216.706
216.72
216.737
216.756
216.774
216.791
216.804
216.815
216.826
216.836
216.847
216.858
216.868
216.881
216.893
216.911
216.934
216.963
216.994
217.033
217.072
217.119
217.165
217.215
217.266
217.318
217.369
217.418
217.464
217.507
217.548
217.585
217.618
217.647
217.672
217.695
217.716
217.736
217.759
217.785
217.817
217.859
217.912
217.98
218.064
218.163
218.271
218.379
218.475
218.548
218.596
218.626
218.641
235.79
227.567
227.604
227.361
226.66
225.784
224.847
223.997
223.396
223.097
223.01
223
223.002
223.027
223.123
223.231
223.259
223.176
222.645
221.649
220.627
219.875
219.459
219.315
219.329
219.426
219.575
219.642
219.606
219.487
219.311
219.128
218.955
218.794
218.65
218.534
218.442
218.354
218.241
218.092
217.927
217.774
217.635
217.499
217.366
217.241
217.128
217.022
216.92
216.825
216.742
216.672
216.616
216.572
216.537
216.51
216.488
216.471
216.459
216.452
216.448
216.447
216.448
216.451
216.457
216.466
216.477
216.487
216.497
216.507
216.518
216.53
216.541
216.549
216.555
216.56
216.563
216.567
216.572
216.578
216.584
216.592
216.598
216.61
216.625
216.648
216.672
216.708
216.74
216.779
216.815
216.854
216.897
216.942
216.991
217.041
217.091
217.137
217.179
217.215
217.247
217.273
217.295
217.314
217.332
217.35
217.37
217.394
217.424
217.464
217.515
217.58
217.661
217.757
217.864
217.972
218.068
218.142
218.189
218.216
218.229
235.773
227.562
227.599
227.355
226.653
225.775
224.837
223.989
223.391
223.095
223.01
223
223.002
223.026
223.121
223.231
223.261
223.184
222.67
221.686
220.663
219.896
219.46
219.302
219.306
219.4
219.551
219.623
219.593
219.481
219.304
219.118
218.942
218.778
218.631
218.51
218.415
218.324
218.208
218.056
217.888
217.731
217.586
217.446
217.308
217.178
217.058
216.944
216.835
216.733
216.643
216.566
216.504
216.453
216.411
216.376
216.347
216.324
216.305
216.291
216.281
216.275
216.27
216.268
216.269
216.272
216.277
216.282
216.287
216.293
216.299
216.303
216.305
216.306
216.306
216.305
216.304
216.302
216.3
216.3
216.301
216.303
216.303
216.309
216.318
216.333
216.35
216.38
216.405
216.435
216.462
216.49
216.521
216.557
216.6
216.647
216.698
216.747
216.791
216.83
216.861
216.885
216.904
216.919
216.933
216.947
216.965
216.985
217.012
217.05
217.098
217.16
217.237
217.329
217.433
217.541
217.639
217.713
217.759
217.782
217.793
235.755
227.557
227.595
227.349
226.646
225.766
224.827
223.98
223.386
223.093
223.01
223
223.001
223.025
223.119
223.23
223.263
223.191
222.694
221.724
220.699
219.917
219.461
219.289
219.284
219.375
219.527
219.602
219.581
219.475
219.297
219.109
218.93
218.762
218.611
218.486
218.387
218.293
218.176
218.021
217.849
217.687
217.538
217.393
217.25
217.114
216.988
216.868
216.751
216.642
216.545
216.461
216.391
216.333
216.284
216.241
216.204
216.173
216.148
216.128
216.112
216.099
216.089
216.081
216.076
216.074
216.074
216.075
216.076
216.078
216.078
216.075
216.069
216.062
216.057
216.052
216.046
216.039
216.032
216.025
216.019
216.012
216.006
216.004
216.007
216.015
216.027
216.049
216.067
216.09
216.111
216.13
216.152
216.178
216.211
216.251
216.297
216.344
216.389
216.428
216.459
216.481
216.497
216.509
216.519
216.529
216.542
216.558
216.581
216.616
216.661
216.72
216.792
216.88
216.98
217.086
217.186
217.262
217.309
217.331
217.335
235.739
227.552
227.59
227.342
226.638
225.756
224.817
223.972
223.38
223.091
223.01
223
223.001
223.025
223.118
223.23
223.265
223.198
222.718
221.761
220.735
219.939
219.464
219.276
219.262
219.349
219.501
219.581
219.568
219.468
219.29
219.099
218.918
218.747
218.592
218.463
218.36
218.263
218.144
217.986
217.81
217.643
217.489
217.339
217.191
217.05
216.918
216.791
216.667
216.551
216.447
216.356
216.279
216.213
216.156
216.106
216.06
216.021
215.988
215.961
215.939
215.92
215.904
215.89
215.879
215.872
215.867
215.863
215.861
215.858
215.853
215.843
215.831
215.819
215.808
215.798
215.788
215.777
215.765
215.752
215.739
215.723
215.708
215.697
215.695
215.695
215.702
215.717
215.731
215.75
215.767
215.783
215.799
215.817
215.839
215.867
215.901
215.94
215.979
216.015
216.044
216.065
216.079
216.086
216.091
216.096
216.105
216.114
216.133
216.164
216.205
216.26
216.327
216.409
216.504
216.607
216.705
216.783
216.832
216.855
216.85
235.719
227.547
227.585
227.336
226.631
225.746
224.807
223.963
223.375
223.089
223.009
223
223.001
223.024
223.116
223.23
223.267
223.205
222.741
221.798
220.772
219.962
219.468
219.265
219.241
219.324
219.474
219.56
219.555
219.46
219.284
219.091
218.906
218.732
218.574
218.441
218.334
218.233
218.111
217.951
217.771
217.599
217.441
217.286
217.133
216.987
216.848
216.714
216.583
216.46
216.349
216.252
216.168
216.094
216.029
215.97
215.916
215.868
215.827
215.793
215.764
215.739
215.716
215.696
215.679
215.666
215.656
215.648
215.641
215.634
215.622
215.607
215.591
215.576
215.56
215.544
215.527
215.511
215.495
215.477
215.457
215.433
215.409
215.389
215.377
215.37
215.372
215.382
215.393
215.41
215.427
215.442
215.455
215.467
215.478
215.492
215.511
215.536
215.565
215.594
215.62
215.639
215.649
215.652
215.652
215.652
215.654
215.658
215.673
215.699
215.736
215.786
215.848
215.925
216.015
216.114
216.21
216.289
216.341
216.366
216.355
235.704
227.542
227.581
227.329
226.623
225.736
224.796
223.955
223.37
223.088
223.009
223
223.001
223.023
223.114
223.23
223.27
223.212
222.764
221.834
220.81
219.987
219.474
219.255
219.221
219.3
219.446
219.539
219.542
219.452
219.277
219.082
218.894
218.717
218.555
218.418
218.307
218.204
218.079
217.916
217.732
217.556
217.393
217.233
217.075
216.922
216.778
216.636
216.498
216.368
216.251
216.148
216.056
215.975
215.902
215.835
215.772
215.715
215.665
215.624
215.588
215.556
215.526
215.499
215.476
215.457
215.442
215.429
215.418
215.404
215.387
215.367
215.348
215.331
215.312
215.291
215.267
215.243
215.219
215.196
215.169
215.141
215.11
215.082
215.062
215.045
215.041
215.044
215.053
215.068
215.084
215.1
215.112
215.12
215.122
215.123
215.127
215.137
215.152
215.172
215.191
215.206
215.213
215.213
215.208
215.199
215.195
215.193
215.202
215.223
215.254
215.298
215.355
215.426
215.511
215.605
215.698
215.778
215.831
215.859
215.841
235.685
227.536
227.576
227.322
226.615
225.726
224.786
223.946
223.365
223.086
223.009
223
223.001
223.022
223.113
223.23
223.273
223.218
222.787
221.871
220.847
220.013
219.481
219.247
219.202
219.275
219.417
219.517
219.528
219.443
219.271
219.074
218.883
218.702
218.537
218.396
218.281
218.174
218.047
217.881
217.693
217.512
217.345
217.18
217.017
216.859
216.707
216.559
216.414
216.277
216.153
216.043
215.944
215.856
215.775
215.699
215.628
215.562
215.504
215.454
215.411
215.372
215.335
215.302
215.272
215.246
215.225
215.208
215.192
215.172
215.149
215.125
215.102
215.081
215.059
215.034
215.005
214.974
214.941
214.909
214.876
214.842
214.807
214.774
214.747
214.721
214.707
214.703
214.706
214.716
214.73
214.743
214.753
214.757
214.754
214.745
214.738
214.735
214.739
214.749
214.761
214.771
214.775
214.773
214.762
214.745
214.733
214.726
214.729
214.743
214.766
214.803
214.854
214.918
214.995
215.082
215.171
215.248
215.302
215.333
215.305
235.667
227.531
227.571
227.315
226.607
225.716
224.775
223.937
223.36
223.084
223.008
223
223.001
223.021
223.111
223.23
223.275
223.225
222.809
221.907
220.886
220.041
219.491
219.239
219.183
219.251
219.388
219.494
219.514
219.433
219.264
219.067
218.872
218.688
218.519
218.374
218.255
218.145
218.016
217.847
217.654
217.468
217.297
217.128
216.959
216.795
216.636
216.481
216.328
216.184
216.053
215.937
215.831
215.735
215.646
215.562
215.483
215.409
215.342
215.285
215.234
215.188
215.144
215.103
215.066
215.034
215.007
214.985
214.963
214.939
214.912
214.884
214.856
214.829
214.802
214.774
214.741
214.706
214.666
214.623
214.581
214.541
214.502
214.466
214.434
214.403
214.379
214.364
214.358
214.359
214.363
214.369
214.372
214.371
214.363
214.35
214.336
214.326
214.322
214.324
214.328
214.332
214.333
214.326
214.311
214.289
214.269
214.255
214.253
214.26
214.276
214.306
214.349
214.406
214.475
214.555
214.638
214.714
214.767
214.802
214.766
235.65
227.525
227.566
227.308
226.599
225.706
224.764
223.928
223.354
223.082
223.008
223
223.001
223.021
223.109
223.23
223.278
223.231
222.83
221.942
220.924
220.069
219.501
219.231
219.164
219.226
219.358
219.471
219.497
219.422
219.258
219.059
218.861
218.673
218.502
218.353
218.23
218.116
217.984
217.812
217.615
217.425
217.249
217.075
216.901
216.731
216.566
216.403
216.242
216.091
215.953
215.829
215.717
215.613
215.516
215.424
215.337
215.255
215.18
215.114
215.056
215.003
214.953
214.905
214.861
214.822
214.789
214.76
214.732
214.704
214.674
214.644
214.611
214.578
214.543
214.509
214.474
214.435
214.391
214.342
214.292
214.243
214.199
214.158
214.122
214.087
214.057
214.033
214.015
214.003
213.994
213.985
213.977
213.967
213.955
213.94
213.926
213.913
213.904
213.898
213.895
213.891
213.885
213.873
213.854
213.827
213.801
213.778
213.771
213.772
213.782
213.804
213.839
213.888
213.949
214.021
214.097
214.169
214.222
214.26
214.216
235.63
227.519
227.561
227.301
226.59
225.695
224.753
223.919
223.349
223.08
223.008
223
223.001
223.02
223.108
223.23
223.281
223.237
222.851
221.978
220.963
220.099
219.513
219.224
219.146
219.202
219.327
219.446
219.48
219.411
219.252
219.052
218.851
218.66
218.484
218.332
218.205
218.088
217.953
217.778
217.577
217.382
217.201
217.022
216.843
216.667
216.495
216.324
216.156
215.997
215.852
215.721
215.6
215.489
215.383
215.283
215.188
215.098
215.015
214.941
214.875
214.815
214.759
214.706
214.656
214.61
214.569
214.534
214.5
214.467
214.435
214.403
214.368
214.329
214.287
214.245
214.203
214.161
214.115
214.065
214.011
213.957
213.905
213.858
213.815
213.779
213.744
213.715
213.689
213.665
213.641
213.616
213.592
213.57
213.552
213.536
213.522
213.508
213.496
213.483
213.471
213.457
213.441
213.42
213.395
213.363
213.33
213.3
213.285
213.28
213.286
213.302
213.329
213.37
213.422
213.486
213.554
213.62
213.671
213.709
213.66
235.612
227.514
227.556
227.293
226.581
225.684
224.742
223.91
223.344
223.078
223.008
223
223.001
223.019
223.106
223.23
223.284
223.242
222.871
222.012
221.002
220.13
219.526
219.217
219.129
219.177
219.296
219.421
219.462
219.4
219.247
219.046
218.84
218.646
218.468
218.311
218.18
218.06
217.922
217.744
217.538
217.339
217.153
216.97
216.785
216.604
216.425
216.247
216.07
215.903
215.75
215.611
215.483
215.363
215.249
215.14
215.036
214.938
214.847
214.765
214.692
214.624
214.562
214.503
214.448
214.396
214.349
214.306
214.266
214.228
214.193
214.158
214.121
214.079
214.034
213.985
213.935
213.885
213.836
213.786
213.735
213.681
213.624
213.571
213.518
213.48
213.439
213.407
213.375
213.345
213.311
213.275
213.238
213.204
213.176
213.153
213.135
213.118
213.101
213.082
213.06
213.036
213.009
212.978
212.943
212.904
212.864
212.826
212.803
212.793
212.795
212.807
212.829
212.863
212.91
212.967
213.03
213.092
213.141
213.18
213.129
235.594
227.508
227.551
227.285
226.572
225.673
224.73
223.901
223.338
223.077
223.007
223
223.001
223.018
223.104
223.23
223.286
223.247
222.891
222.046
221.041
220.162
219.539
219.211
219.112
219.152
219.265
219.395
219.443
219.388
219.241
219.04
218.831
218.633
218.451
218.291
218.156
218.032
217.891
217.71
217.5
217.296
217.104
216.916
216.727
216.54
216.355
216.169
215.984
215.808
215.647
215.501
215.364
215.235
215.112
214.994
214.881
214.775
214.676
214.586
214.504
214.429
214.359
214.295
214.235
214.178
214.125
214.077
214.031
213.988
213.948
213.909
213.869
213.826
213.78
213.729
213.673
213.616
213.56
213.509
213.459
213.407
213.35
213.294
213.237
213.193
213.143
213.105
213.071
213.038
213.002
212.965
212.924
212.883
212.844
212.81
212.781
212.754
212.728
212.7
212.67
212.636
212.599
212.557
212.512
212.463
212.414
212.368
212.334
212.318
212.315
212.321
212.338
212.367
212.407
212.458
212.515
212.571
212.617
212.655
212.599
235.574
227.502
227.546
227.277
226.563
225.662
224.719
223.891
223.333
223.075
223.007
223
223.001
223.018
223.103
223.23
223.288
223.251
222.91
222.08
221.08
220.194
219.554
219.206
219.097
219.127
219.233
219.369
219.423
219.375
219.235
219.033
218.821
218.62
218.435
218.271
218.132
218.005
217.861
217.677
217.463
217.252
217.056
216.863
216.669
216.477
216.285
216.091
215.898
215.714
215.545
215.39
215.245
215.106
214.973
214.845
214.723
214.608
214.501
214.403
214.312
214.229
214.152
214.082
214.016
213.954
213.896
213.842
213.791
213.744
213.7
213.656
213.611
213.565
213.517
213.468
213.413
213.356
213.295
213.238
213.184
213.13
213.076
213.02
212.963
212.915
212.858
212.812
212.772
212.738
212.706
212.675
212.641
212.601
212.557
212.51
212.465
212.422
212.382
212.343
212.303
212.262
212.217
212.167
212.113
212.055
211.999
211.943
211.901
211.875
211.867
211.87
211.882
211.905
211.94
211.986
212.037
212.089
212.132
212.167
212.11
235.557
227.496
227.54
227.269
226.554
225.65
224.707
223.882
223.328
223.073
223.007
223
223.001
223.017
223.101
223.23
223.29
223.256
222.928
222.113
221.118
220.227
219.571
219.203
219.082
219.102
219.201
219.342
219.402
219.361
219.229
219.027
218.812
218.608
218.419
218.251
218.108
217.978
217.831
217.644
217.425
217.209
217.007
216.81
216.611
216.413
216.214
216.013
215.812
215.62
215.442
215.278
215.124
214.976
214.833
214.695
214.563
214.439
214.324
214.216
214.117
214.025
213.94
213.863
213.791
213.724
213.66
213.6
213.545
213.495
213.448
213.401
213.352
213.3
213.248
213.198
213.148
213.097
213.04
212.98
212.92
212.859
212.803
212.746
212.692
212.643
212.583
212.53
212.485
212.447
212.417
212.395
212.371
212.339
212.296
212.242
212.182
212.121
212.064
212.011
211.962
211.913
211.862
211.806
211.746
211.681
211.617
211.554
211.505
211.471
211.457
211.456
211.463
211.48
211.51
211.55
211.596
211.642
211.681
211.713
211.653
235.536
227.49
227.535
227.26
226.544
225.638
224.695
223.872
223.322
223.071
223.007
223
223.001
223.016
223.099
223.229
223.291
223.26
222.946
222.145
221.157
220.261
219.589
219.202
219.067
219.077
219.17
219.315
219.38
219.347
219.223
219.021
218.803
218.595
218.403
218.231
218.085
217.951
217.802
217.611
217.387
217.166
216.958
216.756
216.552
216.349
216.144
215.935
215.726
215.526
215.34
215.167
215.004
214.846
214.693
214.544
214.402
214.268
214.143
214.027
213.918
213.817
213.725
213.641
213.562
213.489
213.418
213.352
213.291
213.237
213.188
213.139
213.088
213.032
212.975
212.921
212.873
212.828
212.78
212.725
212.664
212.599
212.537
212.476
212.421
212.371
212.314
212.26
212.211
212.17
212.137
212.117
212.099
212.075
212.038
211.984
211.917
211.845
211.776
211.712
211.654
211.599
211.542
211.481
211.415
211.345
211.276
211.208
211.153
211.114
211.095
211.09
211.094
211.107
211.132
211.169
211.211
211.252
211.287
211.316
211.254
235.517
227.485
227.529
227.252
226.534
225.626
224.683
223.863
223.317
223.069
223.007
223
223.001
223.016
223.098
223.228
223.293
223.264
222.964
222.177
221.196
220.296
219.61
219.202
219.052
219.051
219.139
219.286
219.357
219.333
219.216
219.015
218.794
218.583
218.388
218.212
218.062
217.925
217.772
217.578
217.349
217.122
216.91
216.703
216.494
216.285
216.073
215.857
215.64
215.431
215.237
215.055
214.882
214.715
214.551
214.392
214.239
214.095
213.961
213.835
213.717
213.606
213.505
213.414
213.33
213.25
213.173
213.1
213.032
212.971
212.918
212.868
212.817
212.763
212.705
212.648
212.596
212.55
212.506
212.46
212.405
212.343
212.279
212.214
212.156
212.103
212.05
212
211.952
211.909
211.872
211.846
211.824
211.801
211.769
211.72
211.658
211.586
211.514
211.446
211.384
211.323
211.263
211.198
211.129
211.056
210.982
210.91
210.851
210.807
210.783
210.775
210.777
210.788
210.81
210.845
210.886
210.926
210.959
210.986
210.924
235.497
227.479
227.523
227.243
226.523
225.614
224.67
223.853
223.312
223.068
223.006
223
223.001
223.015
223.096
223.228
223.295
223.268
222.982
222.209
221.234
220.331
219.632
219.205
219.037
219.025
219.109
219.257
219.333
219.317
219.208
219.009
218.786
218.572
218.372
218.193
218.04
217.899
217.744
217.546
217.312
217.079
216.862
216.649
216.435
216.22
216.003
215.779
215.555
215.338
215.134
214.943
214.761
214.583
214.409
214.239
214.075
213.921
213.776
213.641
213.513
213.393
213.282
213.183
213.092
213.006
212.924
212.845
212.77
212.701
212.64
212.585
212.534
212.485
212.435
212.381
212.326
212.273
212.224
212.18
212.131
212.077
212.019
211.957
211.899
211.847
211.797
211.752
211.709
211.667
211.627
211.593
211.561
211.53
211.498
211.457
211.406
211.346
211.28
211.214
211.151
211.089
211.027
210.961
210.891
210.816
210.738
210.666
210.602
210.554
210.526
210.514
210.513
210.522
210.543
210.577
210.618
210.658
210.69
210.715
210.654
235.477
227.472
227.518
227.234
226.513
225.601
224.658
223.843
223.306
223.066
223.006
223
223.001
223.015
223.094
223.227
223.296
223.273
222.999
222.24
221.273
220.368
219.655
219.208
219.023
218.999
219.08
219.226
219.308
219.301
219.199
219.003
218.779
218.561
218.357
218.175
218.018
217.873
217.715
217.514
217.275
217.037
216.813
216.596
216.376
216.156
215.931
215.701
215.469
215.244
215.031
214.831
214.639
214.451
214.266
214.085
213.91
213.744
213.589
213.444
213.306
213.176
213.056
212.947
212.847
212.756
212.669
212.585
212.505
212.429
212.36
212.296
212.241
212.195
212.154
212.111
212.061
212.005
211.947
211.896
211.849
211.801
211.752
211.698
211.647
211.605
211.559
211.521
211.485
211.446
211.405
211.364
211.321
211.283
211.249
211.217
211.181
211.135
211.081
211.021
210.96
210.899
210.838
210.775
210.707
210.634
210.558
210.487
210.422
210.374
210.344
210.331
210.329
210.338
210.36
210.396
210.439
210.48
210.513
210.536
210.476
235.456
227.466
227.512
227.224
226.502
225.588
224.645
223.833
223.301
223.064
223.006
223
223.001
223.014
223.092
223.226
223.298
223.278
223.016
222.271
221.312
220.405
219.68
219.213
219.009
218.975
219.05
219.194
219.282
219.285
219.189
218.997
218.771
218.55
218.343
218.157
217.996
217.848
217.687
217.483
217.239
216.995
216.765
216.542
216.317
216.091
215.86
215.623
215.383
215.15
214.928
214.719
214.516
214.318
214.123
213.93
213.744
213.567
213.401
213.245
213.097
212.957
212.827
212.707
212.598
212.498
212.405
212.316
212.232
212.152
212.077
212.006
211.945
211.895
211.857
211.823
211.783
211.736
211.679
211.621
211.569
211.521
211.479
211.437
211.397
211.371
211.335
211.311
211.285
211.252
211.215
211.169
211.121
211.078
211.046
211.023
211.001
210.971
210.931
210.881
210.826
210.768
210.709
210.647
210.581
210.509
210.435
210.362
210.297
210.247
210.216
210.203
210.2
210.209
210.232
210.272
210.319
210.363
210.396
210.418
210.361
235.435
227.46
227.506
227.215
226.491
225.575
224.632
223.823
223.295
223.063
223.006
223
223.001
223.013
223.09
223.225
223.3
223.283
223.032
222.301
221.35
220.443
219.705
219.219
218.996
218.951
219.021
219.16
219.256
219.267
219.178
218.991
218.765
218.539
218.329
218.139
217.974
217.823
217.659
217.452
217.203
216.953
216.717
216.488
216.258
216.025
215.788
215.544
215.297
215.056
214.825
214.606
214.393
214.185
213.978
213.774
213.576
213.388
213.21
213.043
212.885
212.735
212.595
212.464
212.343
212.233
212.131
212.036
211.948
211.865
211.786
211.713
211.647
211.591
211.547
211.512
211.48
211.445
211.402
211.352
211.301
211.255
211.217
211.185
211.156
211.14
211.117
211.109
211.1
211.084
211.058
211.019
210.976
210.934
210.906
210.889
210.875
210.856
210.825
210.783
210.732
210.676
210.619
210.561
210.498
210.43
210.359
210.288
210.226
210.179
210.15
210.139
210.138
210.148
210.175
210.218
210.267
210.314
210.347
210.367
210.311
235.415
227.453
227.5
227.205
226.479
225.561
224.618
223.813
223.29
223.061
223.005
223
223
223.013
223.088
223.225
223.302
223.287
223.048
222.331
221.388
220.481
219.732
219.226
218.984
218.929
218.992
219.125
219.229
219.248
219.166
218.985
218.758
218.529
218.315
218.121
217.953
217.799
217.632
217.421
217.168
216.912
216.669
216.434
216.198
215.959
215.716
215.465
215.211
214.962
214.723
214.494
214.271
214.051
213.833
213.618
213.408
213.208
213.018
212.839
212.669
212.509
212.359
212.218
212.086
211.963
211.85
211.746
211.65
211.562
211.481
211.408
211.342
211.283
211.229
211.185
211.151
211.124
211.097
211.067
211.032
210.999
210.971
210.946
210.925
210.917
210.903
210.909
210.921
210.927
210.925
210.909
210.885
210.856
210.834
210.816
210.806
210.796
210.781
210.757
210.722
210.685
210.641
210.59
210.531
210.467
210.401
210.337
210.281
210.239
210.214
210.204
210.207
210.224
210.26
210.312
210.371
210.424
210.461
210.481
210.427
235.393
227.446
227.493
227.194
226.467
225.547
224.605
223.802
223.284
223.059
223.005
223
223
223.012
223.087
223.224
223.304
223.292
223.063
222.36
221.426
220.519
219.76
219.234
218.974
218.908
218.963
219.089
219.2
219.228
219.154
218.979
218.752
218.519
218.301
218.104
217.932
217.775
217.605
217.392
217.134
216.871
216.622
216.38
216.138
215.893
215.644
215.386
215.125
214.867
214.62
214.381
214.148
213.917
213.687
213.461
213.239
213.027
212.824
212.633
212.451
212.279
212.117
211.966
211.824
211.69
211.565
211.449
211.343
211.246
211.158
211.083
211.018
210.96
210.905
210.851
210.808
210.779
210.761
210.748
210.734
210.719
210.71
210.701
210.695
210.7
210.697
210.713
210.741
210.771
210.8
210.822
210.833
210.833
210.821
210.806
210.799
210.799
210.797
210.789
210.768
210.739
210.7
210.656
210.604
210.546
210.485
210.426
210.374
210.337
210.316
210.309
210.315
210.337
210.379
210.435
210.498
210.551
210.591
210.609
210.56
235.371
227.439
227.487
227.184
226.455
225.533
224.591
223.792
223.279
223.057
223.005
223
223
223.012
223.085
223.223
223.306
223.296
223.078
222.389
221.463
220.558
219.79
219.245
218.965
218.887
218.933
219.053
219.171
219.206
219.14
218.973
218.746
218.51
218.288
218.087
217.912
217.751
217.579
217.363
217.1
216.831
216.574
216.326
216.078
215.827
215.571
215.307
215.038
214.773
214.517
214.269
214.025
213.783
213.541
213.303
213.07
212.845
212.63
212.425
212.23
212.045
211.872
211.708
211.554
211.409
211.273
211.146
211.028
210.919
210.821
210.736
210.667
210.611
210.561
210.509
210.46
210.422
210.401
210.397
210.4
210.406
210.419
210.43
210.445
210.468
210.489
210.52
210.561
210.608
210.664
210.727
210.79
210.836
210.866
210.875
210.883
210.884
210.882
210.882
210.876
210.864
210.842
210.811
210.768
210.72
210.668
210.616
210.571
210.538
210.522
210.518
210.527
210.553
210.6
210.66
210.726
210.78
210.824
210.839
210.793
235.349
227.433
227.48
227.173
226.442
225.519
224.577
223.781
223.273
223.056
223.005
223
223
223.011
223.083
223.222
223.308
223.3
223.092
222.416
221.5
220.598
219.821
219.258
218.957
218.867
218.904
219.016
219.14
219.183
219.126
218.967
218.741
218.501
218.275
218.07
217.891
217.727
217.553
217.334
217.067
216.791
216.528
216.273
216.017
215.76
215.497
215.226
214.95
214.678
214.413
214.156
213.902
213.648
213.395
213.145
212.899
212.662
212.433
212.215
212.006
211.809
211.621
211.444
211.276
211.117
210.969
210.832
210.705
210.585
210.474
210.375
210.294
210.232
210.183
210.138
210.094
210.055
210.028
210.021
210.03
210.049
210.078
210.112
210.151
210.194
210.25
210.311
210.379
210.452
210.534
210.633
210.739
210.836
210.913
210.967
210.987
210.996
211.01
211.032
211.055
211.068
211.066
211.054
211.028
210.993
210.956
210.916
210.88
210.854
210.844
210.845
210.86
210.893
210.944
211.007
211.076
211.132
211.179
211.196
211.151
235.326
227.426
227.473
227.162
226.429
225.504
224.563
223.771
223.267
223.054
223.005
223
223
223.011
223.081
223.221
223.31
223.304
223.105
222.444
221.537
220.637
219.854
219.273
218.95
218.848
218.875
218.978
219.109
219.159
219.11
218.961
218.736
218.492
218.262
218.054
217.871
217.704
217.527
217.306
217.035
216.752
216.482
216.22
215.958
215.693
215.423
215.145
214.862
214.582
214.309
214.043
213.778
213.514
213.25
212.987
212.729
212.478
212.236
212.004
211.781
211.569
211.368
211.176
210.991
210.816
210.653
210.503
210.364
210.236
210.115
210.003
209.904
209.824
209.764
209.72
209.686
209.659
209.634
209.623
209.63
209.655
209.693
209.743
209.802
209.865
209.954
210.047
210.15
210.253
210.355
210.478
210.638
210.814
210.947
211.041
211.102
211.145
211.193
211.245
211.301
211.346
211.375
211.388
211.388
211.378
211.359
211.334
211.311
211.298
211.295
211.303
211.326
211.362
211.415
211.477
211.546
211.6
211.649
211.667
211.62
235.303
227.419
227.467
227.151
226.416
225.489
224.548
223.76
223.262
223.052
223.004
223
223
223.01
223.079
223.22
223.311
223.307
223.118
222.471
221.574
220.677
219.888
219.29
218.945
218.829
218.845
218.941
219.076
219.133
219.093
218.954
218.73
218.484
218.25
218.038
217.851
217.681
217.502
217.278
217.003
216.714
216.437
216.168
215.899
215.626
215.349
215.064
214.773
214.485
214.204
213.928
213.654
213.379
213.103
212.828
212.557
212.293
212.038
211.791
211.553
211.327
211.111
210.904
210.703
210.509
210.326
210.158
210.003
209.862
209.732
209.612
209.499
209.396
209.311
209.253
209.22
209.201
209.188
209.184
209.189
209.212
209.253
209.313
209.389
209.477
209.589
209.707
209.85
210
210.14
210.277
210.438
210.644
210.874
211.06
211.181
211.285
211.385
211.486
211.587
211.68
211.762
211.826
211.87
211.894
211.905
211.905
211.905
211.91
211.921
211.944
211.981
212.022
212.075
212.13
212.193
212.224
212.265
212.252
212.166
235.28
227.412
227.46
227.139
226.402
225.473
224.533
223.749
223.256
223.051
223.004
223
223
223.01
223.078
223.218
223.312
223.311
223.131
222.498
221.61
220.717
219.923
219.308
218.942
218.81
218.814
218.904
219.043
219.106
219.076
218.947
218.725
218.476
218.239
218.022
217.832
217.659
217.477
217.251
216.971
216.676
216.393
216.117
215.84
215.56
215.274
214.981
214.683
214.388
214.098
213.813
213.529
213.243
212.956
212.669
212.385
212.108
211.839
211.577
211.324
211.081
210.849
210.626
210.41
210.198
209.994
209.803
209.625
209.463
209.317
209.187
209.063
208.942
208.827
208.74
208.688
208.661
208.647
208.645
208.651
208.674
208.715
208.774
208.856
208.96
209.095
209.241
209.42
209.611
209.793
209.957
210.117
210.323
210.607
210.928
211.207
211.428
211.646
211.861
212.074
212.272
212.45
212.604
212.73
212.828
212.903
212.962
213.014
213.062
213.109
213.172
213.249
213.344
213.448
213.559
213.68
213.79
213.889
213.91
213.94
235.256
227.405
227.452
227.127
226.388
225.457
224.518
223.738
223.251
223.049
223.004
223
223
223.009
223.076
223.217
223.314
223.315
223.144
222.524
221.647
220.758
219.959
219.329
218.941
218.791
218.784
218.868
219.008
219.077
219.057
218.939
218.72
218.469
218.228
218.007
217.813
217.637
217.452
217.224
216.94
216.64
216.35
216.067
215.782
215.494
215.2
214.899
214.593
214.289
213.99
213.696
213.402
213.105
212.807
212.508
212.212
211.921
211.637
211.36
211.092
210.831
210.581
210.34
210.107
209.88
209.657
209.442
209.236
209.045
208.872
208.718
208.576
208.442
208.308
208.187
208.094
208.035
208.005
207.996
208
208.016
208.053
208.11
208.194
208.298
208.424
208.583
208.794
209.049
209.329
209.599
209.799
209.946
210.1
210.313
210.529
210.649
210.676
210.62
210.493
210.326
210.152
209.979
209.814
209.66
209.525
209.413
209.335
209.296
209.29
209.3
209.346
209.422
209.515
209.621
209.741
209.883
210.057
210.225
210.465
235.231
227.398
227.445
227.114
226.373
225.441
224.503
223.726
223.245
223.048
223.004
223
223
223.009
223.074
223.215
223.315
223.318
223.157
222.551
221.683
220.798
219.995
219.351
218.941
218.772
218.754
218.832
218.972
219.048
219.038
218.93
218.714
218.463
218.217
217.992
217.795
217.615
217.428
217.197
216.91
216.604
216.307
216.017
215.725
215.428
215.126
214.816
214.502
214.189
213.881
213.577
213.272
212.965
212.656
212.345
212.036
211.732
211.433
211.141
210.857
210.58
210.309
210.046
209.792
209.546
209.305
209.069
208.838
208.614
208.402
208.208
208.033
207.875
207.724
207.577
207.435
207.314
207.232
207.181
207.155
207.142
207.153
207.195
207.282
207.401
207.538
207.691
207.812
207.857
207.748
207.425
206.821
205.914
204.691
203.216
201.585
199.945
198.385
196.973
195.726
194.645
193.718
192.925
192.25
191.674
191.19
190.787
190.465
190.223
190.061
189.974
189.949
189.959
190.002
190.069
190.155
190.257
190.363
190.467
190.535
235.206
227.391
227.438
227.101
226.358
225.424
224.487
223.715
223.239
223.046
223.004
223
223
223.008
223.072
223.214
223.317
223.322
223.169
222.577
221.718
220.839
220.033
219.375
218.943
218.755
218.726
218.797
218.933
219.018
219.018
218.918
218.709
218.457
218.207
217.978
217.776
217.593
217.404
217.171
216.881
216.569
216.266
215.968
215.668
215.363
215.052
214.733
214.41
214.088
213.771
213.455
213.14
212.822
212.501
212.179
211.857
211.538
211.225
210.917
210.617
210.322
210.032
209.745
209.464
209.192
208.928
208.67
208.416
208.163
207.912
207.664
207.433
207.228
207.045
206.865
206.68
206.491
206.319
206.177
206.065
205.968
205.874
205.773
205.654
205.465
205.08
204.293
202.902
200.871
198.376
195.723
193.231
191.106
189.431
188.301
187.631
187.219
186.942
186.739
186.58
186.445
186.32
186.195
186.068
185.936
185.801
185.668
185.545
185.439
185.353
185.29
185.252
185.236
185.234
185.24
185.254
185.275
185.304
185.337
185.282
235.181
227.384
227.43
227.088
226.343
225.407
224.471
223.704
223.234
223.044
223.003
223
223
223.008
223.07
223.212
223.318
223.326
223.181
222.603
221.753
220.879
220.072
219.401
218.948
218.739
218.698
218.762
218.893
218.987
218.997
218.905
218.703
218.451
218.197
217.964
217.758
217.572
217.381
217.145
216.852
216.535
216.225
215.921
215.613
215.299
214.979
214.651
214.319
213.987
213.659
213.332
213.006
212.676
212.343
212.009
211.674
211.341
211.012
210.687
210.369
210.056
209.747
209.438
209.128
208.823
208.525
208.235
207.951
207.667
207.379
207.081
206.778
206.491
206.234
205.988
205.732
205.451
205.13
204.765
204.34
203.829
203.171
202.252
200.946
199.197
197.012
194.599
192.385
190.774
189.74
189.108
188.678
188.358
188.109
187.903
187.724
187.567
187.429
187.303
187.18
187.058
186.933
186.804
186.669
186.529
186.386
186.245
186.111
185.994
185.895
185.818
185.761
185.721
185.694
185.675
185.66
185.645
185.636
185.646
185.541
235.155
227.377
227.422
227.075
226.326
225.39
224.455
223.692
223.228
223.043
223.003
223
223
223.008
223.068
223.21
223.32
223.33
223.193
222.628
221.788
220.92
220.112
219.429
218.954
218.724
218.672
218.727
218.852
218.954
218.973
218.891
218.697
218.446
218.188
217.95
217.741
217.552
217.358
217.12
216.824
216.502
216.185
215.873
215.558
215.236
214.907
214.57
214.228
213.886
213.546
213.208
212.869
212.527
212.181
211.833
211.484
211.137
210.791
210.449
210.111
209.776
209.446
209.116
208.78
208.44
208.099
207.762
207.43
207.099
206.764
206.415
206.042
205.644
205.232
204.803
204.33
203.771
203.07
202.206
201.14
199.95
198.643
197.211
195.658
194.042
192.539
191.319
190.43
189.811
189.355
189.012
188.755
188.55
188.377
188.222
188.076
187.938
187.803
187.667
187.529
187.389
187.247
187.104
186.959
186.812
186.667
186.525
186.392
186.276
186.181
186.11
186.061
186.03
186.013
186.004
186
185.997
185.996
186.009
185.914
235.129
227.37
227.414
227.061
226.31
225.372
224.439
223.68
223.222
223.041
223.003
223
223
223.007
223.066
223.209
223.321
223.334
223.204
222.652
221.822
220.96
220.152
219.459
218.962
218.711
218.646
218.692
218.809
218.92
218.948
218.875
218.691
218.441
218.179
217.937
217.724
217.531
217.335
217.096
216.796
216.469
216.146
215.827
215.504
215.174
214.836
214.49
214.138
213.785
213.433
213.082
212.73
212.375
212.016
211.653
211.289
210.925
210.562
210.201
209.841
209.483
209.125
208.768
208.406
208.034
207.649
207.254
206.852
206.444
206.027
205.592
205.118
204.574
203.933
203.186
202.343
201.428
200.482
199.564
198.653
197.655
196.471
195.082
193.618
192.291
191.259
190.546
190.052
189.694
189.428
189.221
189.044
188.879
188.722
188.57
188.421
188.272
188.12
187.969
187.821
187.676
187.534
187.392
187.251
187.11
186.97
186.834
186.708
186.599
186.51
186.443
186.398
186.371
186.358
186.351
186.349
186.349
186.35
186.365
186.274
235.102
227.363
227.406
227.046
226.293
225.353
224.422
223.668
223.217
223.04
223.003
223
223
223.007
223.064
223.207
223.322
223.338
223.215
222.676
221.856
221
220.194
219.49
218.973
218.698
218.621
218.656
218.766
218.884
218.921
218.858
218.685
218.437
218.171
217.924
217.707
217.511
217.313
217.072
216.769
216.437
216.108
215.782
215.452
215.114
214.766
214.41
214.049
213.684
213.32
212.956
212.59
212.22
211.847
211.469
211.089
210.707
210.324
209.942
209.559
209.173
208.782
208.388
207.99
207.581
207.153
206.702
206.221
205.709
205.165
204.582
203.95
203.243
202.445
201.574
200.708
199.905
199.151
198.365
197.432
196.244
194.817
193.37
192.173
191.333
190.774
190.381
190.087
189.861
189.674
189.515
189.366
189.216
189.058
188.896
188.729
188.564
188.404
188.249
188.1
187.957
187.817
187.679
187.541
187.402
187.265
187.132
187.009
186.901
186.814
186.75
186.707
186.682
186.671
186.667
186.667
186.67
186.676
186.694
186.603
235.074
227.356
227.397
227.031
226.275
225.334
224.405
223.656
223.211
223.038
223.003
223
223
223.006
223.063
223.205
223.323
223.341
223.225
222.7
221.889
221.041
220.236
219.524
218.987
218.688
218.597
218.621
218.722
218.847
218.892
218.839
218.678
218.432
218.163
217.912
217.691
217.492
217.291
217.049
216.743
216.406
216.071
215.739
215.401
215.054
214.698
214.333
213.961
213.585
213.208
212.831
212.45
212.065
211.676
211.282
210.883
210.481
210.077
209.67
209.261
208.847
208.42
207.982
207.532
207.071
206.591
206.081
205.53
204.928
204.264
203.542
202.782
202.013
201.273
200.586
199.93
199.251
198.444
197.405
196.08
194.593
193.235
192.216
191.543
191.088
190.759
190.516
190.325
190.159
190.001
189.838
189.668
189.493
189.318
189.142
188.971
188.806
188.647
188.494
188.35
188.211
188.078
187.946
187.815
187.683
187.551
187.423
187.306
187.203
187.12
187.061
187.024
187.005
186.998
186.996
187
187.006
187.017
187.035
186.949
235.046
227.349
227.388
227.016
226.257
225.315
224.387
223.644
223.205
223.037
223.003
223
223
223.006
223.061
223.203
223.324
223.345
223.235
222.723
221.922
221.081
220.279
219.559
219.003
218.68
218.573
218.585
218.678
218.809
218.86
218.819
218.671
218.428
218.156
217.901
217.675
217.473
217.27
217.026
216.718
216.377
216.035
215.697
215.352
214.997
214.631
214.257
213.874
213.487
213.097
212.705
212.309
211.909
211.504
211.092
210.674
210.25
209.822
209.388
208.949
208.503
208.042
207.561
207.055
206.53
205.985
205.413
204.807
204.157
203.456
202.709
201.959
201.259
200.64
200.079
199.442
198.616
197.479
196.037
194.528
193.273
192.41
191.849
191.469
191.193
190.981
190.795
190.624
190.451
190.273
190.095
189.916
189.739
189.564
189.393
189.225
189.062
188.907
188.758
188.617
188.481
188.35
188.222
188.093
187.964
187.835
187.709
187.594
187.493
187.413
187.355
187.321
187.303
187.298
187.298
187.304
187.315
187.328
187.347
187.257
235.017
227.343
227.379
227
226.238
225.295
224.369
223.632
223.199
223.035
223.002
223
223
223.006
223.059
223.201
223.325
223.348
223.245
222.746
221.955
221.121
220.322
219.596
219.022
218.675
218.549
218.549
218.635
218.769
218.827
218.797
218.662
218.423
218.15
217.89
217.66
217.455
217.249
217.003
216.693
216.348
216.001
215.656
215.304
214.941
214.566
214.182
213.79
213.391
212.988
212.582
212.17
211.754
211.332
210.901
210.463
210.017
209.563
209.101
208.629
208.147
207.652
207.136
206.59
206.012
205.407
204.779
204.13
203.466
202.796
202.128
201.478
200.868
200.278
199.598
198.706
197.486
195.992
194.534
193.413
192.685
192.217
191.886
191.645
191.447
191.271
191.096
190.911
190.719
190.526
190.332
190.141
189.958
189.781
189.613
189.453
189.298
189.149
189.006
188.869
188.739
188.612
188.487
188.362
188.235
188.109
187.986
187.874
187.775
187.698
187.644
187.613
187.599
187.596
187.601
187.613
187.63
187.65
187.672
187.596
234.987
227.336
227.37
226.984
226.219
225.275
224.351
223.62
223.194
223.034
223.002
223
223
223.005
223.057
223.199
223.326
223.352
223.254
222.769
221.988
221.161
220.365
219.634
219.043
218.672
218.525
218.513
218.592
218.727
218.792
218.773
218.651
218.418
218.144
217.88
217.646
217.437
217.229
216.982
216.669
216.319
215.967
215.617
215.258
214.887
214.503
214.11
213.707
213.297
212.881
212.46
212.033
211.601
211.161
210.712
210.253
209.784
209.305
208.815
208.312
207.794
207.265
206.72
206.151
205.554
204.924
204.268
203.596
202.93
202.299
201.723
201.184
200.609
199.864
198.872
197.555
196.045
194.666
193.665
193.031
192.617
192.325
192.104
191.915
191.734
191.544
191.347
191.147
190.944
190.741
190.545
190.359
190.181
190.012
189.85
189.692
189.541
189.396
189.257
189.124
188.997
188.873
188.751
188.628
188.504
188.38
188.259
188.147
188.049
187.972
187.918
187.888
187.875
187.873
187.878
187.89
187.908
187.925
187.945
187.864
234.957
227.329
227.361
226.967
226.199
225.254
224.333
223.607
223.188
223.032
223.002
223
223
223.005
223.055
223.197
223.327
223.355
223.264
222.792
222.021
221.2
220.409
219.674
219.066
218.671
218.503
218.478
218.549
218.682
218.755
218.748
218.639
218.413
218.139
217.871
217.632
217.419
217.21
216.96
216.646
216.292
215.935
215.579
215.213
214.834
214.442
214.04
213.627
213.205
212.777
212.342
211.9
211.451
210.994
210.527
210.048
209.556
209.053
208.538
208.009
207.464
206.902
206.328
205.744
205.143
204.522
203.878
203.22
202.573
201.97
201.422
200.886
200.169
199.161
197.784
196.239
194.902
193.979
193.411
193.035
192.768
192.555
192.366
192.176
191.978
191.775
191.569
191.36
191.155
190.956
190.764
190.578
190.402
190.232
190.072
189.919
189.773
189.632
189.498
189.368
189.245
189.125
189.006
188.888
188.767
188.645
188.526
188.417
188.321
188.246
188.194
188.166
188.155
188.155
188.162
188.179
188.201
188.223
188.244
188.173
234.925
227.323
227.351
226.949
226.179
225.232
224.314
223.594
223.182
223.031
223.002
223
223
223.005
223.053
223.194
223.328
223.359
223.273
222.815
222.053
221.239
220.453
219.716
219.093
218.672
218.482
218.444
218.507
218.635
218.717
218.721
218.623
218.407
218.134
217.862
217.619
217.403
217.191
216.94
216.623
216.266
215.903
215.541
215.169
214.783
214.383
213.972
213.549
213.117
212.676
212.227
211.77
211.306
210.832
210.347
209.849
209.337
208.813
208.276
207.728
207.165
206.583
205.985
205.379
204.769
204.156
203.545
202.943
202.354
201.775
201.169
200.385
199.352
197.974
196.459
195.179
194.329
193.811
193.462
193.211
193.002
192.807
192.607
192.398
192.185
191.966
191.751
191.544
191.345
191.152
190.968
190.792
190.623
190.46
190.305
190.155
190.011
189.874
189.742
189.616
189.494
189.376
189.259
189.141
189.022
188.901
188.782
188.672
188.577
188.504
188.454
188.427
188.417
188.418
188.427
188.445
188.468
188.49
188.51
188.433
234.893
227.316
227.34
226.931
226.157
225.21
224.295
223.582
223.177
223.029
223.002
223
223
223.004
223.052
223.192
223.328
223.362
223.282
222.837
222.084
221.277
220.497
219.759
219.122
218.676
218.462
218.412
218.465
218.586
218.678
218.692
218.605
218.401
218.13
217.854
217.606
217.387
217.172
216.92
216.601
216.24
215.873
215.505
215.127
214.734
214.326
213.906
213.475
213.032
212.579
212.116
211.645
211.166
210.677
210.176
209.66
209.131
208.588
208.033
207.469
206.896
206.308
205.702
205.079
204.45
203.833
203.245
202.699
202.174
201.594
200.789
199.687
198.253
196.736
195.509
194.706
194.224
193.893
193.648
193.442
193.237
193.024
192.808
192.582
192.355
192.137
191.928
191.726
191.535
191.351
191.175
191.004
190.839
190.678
190.523
190.373
190.231
190.096
189.968
189.846
189.73
189.617
189.504
189.39
189.273
189.154
189.035
188.925
188.829
188.756
188.708
188.683
188.675
188.678
188.691
188.715
188.742
188.769
188.792
188.722
234.86
227.31
227.33
226.912
226.136
225.188
224.275
223.569
223.171
223.028
223.002
223
223
223.004
223.05
223.189
223.329
223.366
223.291
222.859
222.115
221.316
220.541
219.803
219.153
218.684
218.445
218.381
218.423
218.535
218.636
218.66
218.585
218.394
218.126
217.846
217.594
217.371
217.155
216.901
216.58
216.215
215.843
215.469
215.086
214.686
214.271
213.843
213.403
212.95
212.486
212.01
211.525
211.032
210.529
210.013
209.483
208.938
208.38
207.81
207.231
206.646
206.058
205.458
204.842
204.214
203.597
203.017
202.473
201.916
201.155
200.089
198.652
197.117
195.891
195.122
194.648
194.327
194.086
193.875
193.665
193.445
193.217
192.981
192.747
192.52
192.302
192.094
191.9
191.714
191.536
191.367
191.204
191.046
190.893
190.744
190.6
190.461
190.328
190.202
190.082
189.967
189.857
189.747
189.635
189.521
189.404
189.288
189.18
189.086
189.013
188.964
188.939
188.93
188.934
188.948
188.972
189
189.025
189.047
188.97
234.826
227.303
227.319
226.893
226.113
225.165
224.255
223.556
223.165
223.027
223.002
223
223
223.004
223.048
223.187
223.329
223.37
223.3
222.881
222.146
221.353
220.586
219.848
219.188
218.695
218.43
218.351
218.381
218.483
218.591
218.625
218.563
218.386
218.122
217.839
217.583
217.357
217.138
216.882
216.559
216.191
215.814
215.435
215.046
214.64
214.218
213.782
213.334
212.872
212.396
211.909
211.411
210.905
210.388
209.859
209.316
208.758
208.188
207.608
207.016
206.417
205.817
205.219
204.622
204.028
203.447
202.874
202.268
201.469
200.393
198.98
197.484
196.295
195.532
195.069
194.755
194.516
194.3
194.083
193.857
193.621
193.379
193.142
192.91
192.688
192.479
192.28
192.088
191.903
191.728
191.56
191.399
191.245
191.094
190.948
190.805
190.667
190.534
190.407
190.287
190.172
190.062
189.953
189.844
189.732
189.618
189.505
189.4
189.31
189.242
189.198
189.176
189.169
189.176
189.194
189.224
189.259
189.29
189.316
189.253
234.791
227.297
227.307
226.873
226.09
225.141
224.235
223.543
223.16
223.025
223.001
223
223
223.004
223.046
223.184
223.33
223.373
223.308
222.902
222.177
221.391
220.63
219.894
219.225
218.709
218.416
218.321
218.339
218.431
218.545
218.587
218.538
218.377
218.117
217.833
217.573
217.343
217.122
216.864
216.54
216.168
215.786
215.402
215.007
214.595
214.166
213.724
213.268
212.797
212.31
211.811
211.302
210.783
210.255
209.714
209.159
208.59
208.01
207.422
206.825
206.215
205.597
204.987
204.402
203.848
203.314
202.74
201.962
200.879
199.449
197.932
196.723
195.97
195.502
195.184
194.941
194.721
194.494
194.26
194.018
193.773
193.532
193.297
193.073
192.862
192.658
192.46
192.271
192.086
191.91
191.743
191.586
191.436
191.291
191.151
191.014
190.88
190.751
190.628
190.51
190.398
190.29
190.183
190.074
189.964
189.85
189.737
189.631
189.539
189.469
189.425
189.403
189.397
189.404
189.424
189.456
189.49
189.519
189.54
189.471
234.756
227.291
227.296
226.853
226.066
225.117
224.214
223.53
223.154
223.024
223.001
223
223
223.003
223.044
223.181
223.33
223.377
223.316
222.924
222.207
221.428
220.674
219.941
219.264
218.727
218.407
218.292
218.297
218.379
218.497
218.547
218.511
218.366
218.113
217.827
217.564
217.33
217.106
216.848
216.522
216.146
215.759
215.37
214.97
214.552
214.117
213.668
213.204
212.724
212.228
211.718
211.198
210.668
210.129
209.578
209.012
208.434
207.845
207.248
206.647
206.037
205.415
204.799
204.217
203.671
203.117
202.403
201.372
199.973
198.44
197.2
196.414
195.937
195.617
195.372
195.145
194.912
194.67
194.419
194.169
193.919
193.679
193.454
193.238
193.034
192.836
192.644
192.456
192.275
192.102
191.936
191.779
191.629
191.485
191.344
191.207
191.074
190.945
190.821
190.704
190.593
190.487
190.382
190.277
190.169
190.058
189.947
189.841
189.75
189.681
189.636
189.615
189.608
189.616
189.637
189.673
189.713
189.748
189.773
189.713
234.719
227.286
227.283
226.831
226.041
225.092
224.193
223.516
223.148
223.023
223.001
223
223
223.003
223.043
223.178
223.33
223.38
223.323
222.945
222.237
221.465
220.718
219.989
219.305
218.748
218.401
218.263
218.254
218.328
218.446
218.505
218.482
218.354
218.108
217.822
217.555
217.318
217.092
216.832
216.505
216.126
215.734
215.34
214.934
214.51
214.069
213.614
213.143
212.655
212.15
211.63
211.099
210.559
210.01
209.45
208.876
208.289
207.691
207.084
206.473
205.865
205.261
204.67
204.096
203.507
202.797
201.791
200.439
198.922
197.663
196.862
196.373
196.043
195.792
195.561
195.324
195.075
194.817
194.561
194.306
194.06
193.827
193.608
193.403
193.205
193.009
192.816
192.631
192.451
192.279
192.115
191.959
191.809
191.666
191.527
191.393
191.263
191.138
191.02
190.907
190.8
190.697
190.597
190.495
190.39
190.281
190.171
190.066
189.975
189.905
189.86
189.839
189.832
189.838
189.857
189.889
189.925
189.958
189.982
189.917
234.681
227.28
227.27
226.809
226.015
225.066
224.172
223.503
223.143
223.022
223.001
223
223
223.003
223.041
223.176
223.33
223.384
223.33
222.966
222.267
221.501
220.762
220.037
219.349
218.773
218.398
218.236
218.213
218.277
218.393
218.46
218.451
218.338
218.102
217.817
217.547
217.306
217.078
216.817
216.489
216.107
215.711
215.311
214.9
214.471
214.024
213.562
213.085
212.59
212.076
211.546
211.005
210.456
209.899
209.33
208.747
208.152
207.546
206.928
206.304
205.695
205.116
204.565
204.001
203.321
202.342
201.022
199.497
198.187
197.329
196.817
196.476
196.216
195.975
195.731
195.475
195.212
194.949
194.69
194.44
194.196
193.969
193.76
193.557
193.359
193.168
192.983
192.805
192.633
192.468
192.308
192.152
192.001
191.854
191.711
191.575
191.444
191.32
191.203
191.092
190.986
190.885
190.785
190.685
190.581
190.473
190.364
190.26
190.17
190.103
190.063
190.047
190.046
190.059
190.087
190.128
190.171
190.208
190.236
190.173
234.642
227.275
227.257
226.786
225.989
225.04
224.15
223.489
223.137
223.02
223.001
223
223
223.003
223.039
223.173
223.33
223.387
223.338
222.987
222.297
221.537
220.805
220.086
219.394
218.802
218.398
218.21
218.173
218.226
218.337
218.414
218.417
218.319
218.095
217.813
217.539
217.295
217.065
216.803
216.474
216.089
215.689
215.285
214.869
214.434
213.981
213.514
213.03
212.528
212.006
211.468
210.918
210.36
209.794
209.217
208.626
208.023
207.408
206.782
206.154
205.547
204.981
204.435
203.824
202.914
201.655
200.123
198.743
197.815
197.272
196.912
196.643
196.4
196.147
195.883
195.613
195.343
195.076
194.818
194.568
194.336
194.116
193.905
193.701
193.502
193.311
193.131
192.959
192.795
192.633
192.475
192.319
192.169
192.024
191.885
191.751
191.623
191.502
191.386
191.276
191.171
191.07
190.97
190.87
190.766
190.659
190.551
190.447
190.359
190.293
190.254
190.239
190.238
190.251
190.282
190.329
190.377
190.416
190.443
190.375
234.602
227.271
227.243
226.763
225.962
225.013
224.128
223.476
223.132
223.019
223.001
223
223
223.003
223.038
223.169
223.33
223.391
223.345
223.007
222.327
221.573
220.848
220.135
219.442
218.833
218.401
218.186
218.135
218.176
218.278
218.366
218.381
218.296
218.087
217.81
217.533
217.285
217.052
216.79
216.46
216.073
215.669
215.26
214.839
214.399
213.941
213.468
212.979
212.47
211.94
211.394
210.836
210.27
209.696
209.111
208.511
207.897
207.272
206.646
206.033
205.443
204.871
204.254
203.408
202.215
200.72
199.3
198.304
197.724
197.342
197.065
196.811
196.555
196.283
196.009
195.733
195.464
195.199
194.944
194.707
194.481
194.265
194.058
193.85
193.649
193.46
193.284
193.116
192.953
192.795
192.638
192.485
192.335
192.191
192.052
191.92
191.795
191.675
191.562
191.454
191.351
191.252
191.154
191.056
190.955
190.85
190.744
190.641
190.552
190.486
190.448
190.433
190.431
190.445
190.477
190.527
190.58
190.625
190.656
190.6
234.56
227.266
227.229
226.738
225.934
224.985
224.106
223.462
223.126
223.018
223.001
223
223
223.002
223.036
223.166
223.329
223.394
223.352
223.028
222.356
221.608
220.891
220.185
219.491
218.869
218.41
218.165
218.097
218.125
218.218
218.315
218.34
218.27
218.078
217.806
217.527
217.275
217.04
216.777
216.447
216.058
215.65
215.237
214.811
214.367
213.904
213.426
212.931
212.415
211.879
211.325
210.759
210.186
209.604
209.009
208.4
207.775
207.143
206.524
205.939
205.376
204.77
203.978
202.839
201.382
199.916
198.831
198.199
197.786
197.493
197.235
196.968
196.687
196.402
196.117
195.842
195.577
195.316
195.071
194.839
194.62
194.409
194.199
193.995
193.8
193.614
193.435
193.264
193.098
192.936
192.781
192.63
192.486
192.346
192.211
192.082
191.958
191.839
191.726
191.618
191.516
191.417
191.322
191.227
191.129
191.03
190.928
190.828
190.742
190.677
190.639
190.625
190.625
190.64
190.672
190.722
190.772
190.813
190.838
190.778
234.517
227.262
227.214
226.713
225.905
224.957
224.083
223.448
223.121
223.017
223.001
223
223
223.002
223.034
223.163
223.329
223.398
223.359
223.048
222.385
221.643
220.933
220.234
219.541
218.908
218.423
218.148
218.061
218.075
218.157
218.261
218.296
218.24
218.068
217.802
217.521
217.265
217.029
216.765
216.435
216.044
215.633
215.215
214.786
214.337
213.869
213.386
212.886
212.365
211.822
211.26
210.687
210.105
209.515
208.912
208.292
207.66
207.03
206.426
205.86
205.287
204.585
203.525
202.116
200.593
199.4
198.692
198.235
197.924
197.658
197.389
197.101
196.808
196.516
196.235
195.958
195.694
195.439
195.198
194.976
194.758
194.543
194.334
194.132
193.939
193.753
193.573
193.396
193.226
193.067
192.916
192.772
192.634
192.5
192.369
192.243
192.121
192.003
191.89
191.784
191.684
191.589
191.497
191.406
191.313
191.216
191.118
191.02
190.936
190.872
190.834
190.82
190.82
190.836
190.87
190.924
190.978
191.023
191.05
190.999
234.473
227.258
227.198
226.687
225.875
224.928
224.06
223.434
223.115
223.016
223.001
223
223
223.002
223.033
223.159
223.328
223.401
223.365
223.069
222.414
221.677
220.974
220.283
219.593
218.95
218.441
218.134
218.024
218.024
218.097
218.205
218.248
218.208
218.055
217.798
217.516
217.257
217.018
216.754
216.423
216.031
215.617
215.196
214.763
214.31
213.838
213.35
212.845
212.318
211.768
211.2
210.618
210.028
209.429
208.816
208.189
207.558
206.943
206.358
205.777
205.112
204.144
202.812
201.276
199.988
199.19
198.687
198.352
198.076
197.801
197.509
197.207
196.907
196.618
196.341
196.074
195.815
195.57
195.334
195.11
194.892
194.681
194.475
194.278
194.089
193.901
193.714
193.532
193.357
193.194
193.044
192.904
192.772
192.644
192.519
192.397
192.278
192.163
192.053
191.949
191.851
191.758
191.669
191.581
191.489
191.393
191.294
191.196
191.11
191.045
191.005
190.99
190.989
191.004
191.037
191.09
191.145
191.189
191.215
191.161
234.427
227.255
227.181
226.66
225.844
224.899
224.036
223.42
223.11
223.015
223.001
223
223
223.002
223.031
223.156
223.327
223.404
223.372
223.088
222.443
221.711
221.015
220.332
219.646
218.995
218.463
218.125
217.988
217.972
218.037
218.146
218.196
218.171
218.04
217.793
217.511
217.249
217.007
216.743
216.412
216.02
215.603
215.178
214.742
214.285
213.809
213.317
212.808
212.275
211.719
211.142
210.552
209.954
209.346
208.725
208.096
207.476
206.886
206.311
205.665
204.782
203.517
201.997
200.625
199.718
199.159
198.795
198.505
198.223
197.926
197.617
197.304
197.004
196.717
196.444
196.18
195.93
195.688
195.454
195.229
195.009
194.799
194.598
194.404
194.217
194.032
193.85
193.672
193.502
193.344
193.197
193.059
192.927
192.801
192.677
192.556
192.438
192.324
192.215
192.112
192.015
191.924
191.837
191.751
191.661
191.566
191.468
191.371
191.284
191.218
191.178
191.162
191.161
191.177
191.212
191.267
191.323
191.369
191.398
191.343
234.38
227.252
227.164
226.632
225.812
224.868
224.012
223.406
223.105
223.014
223.001
223
223
223.002
223.029
223.152
223.326
223.407
223.379
223.108
222.472
221.745
221.056
220.381
219.7
219.044
218.49
218.121
217.954
217.922
217.977
218.083
218.142
218.132
218.02
217.786
217.506
217.241
216.997
216.732
216.402
216.009
215.59
215.163
214.723
214.263
213.783
213.287
212.773
212.234
211.671
211.087
210.489
209.882
209.266
208.642
208.019
207.419
206.843
206.239
205.462
204.288
202.798
201.333
200.288
199.657
199.249
198.942
198.652
198.35
198.034
197.716
197.406
197.11
196.829
196.56
196.301
196.049
195.808
195.573
195.347
195.13
194.921
194.722
194.529
194.342
194.16
193.984
193.815
193.653
193.499
193.352
193.212
193.078
192.951
192.829
192.711
192.597
192.487
192.382
192.281
192.187
192.097
192.01
191.922
191.831
191.736
191.636
191.538
191.452
191.386
191.346
191.332
191.332
191.349
191.387
191.445
191.505
191.553
191.583
191.525
234.332
227.249
227.146
226.603
225.78
224.837
223.988
223.392
223.099
223.013
223.001
223
223
223.002
223.028
223.149
223.325
223.41
223.385
223.128
222.501
221.779
221.096
220.43
219.754
219.095
218.522
218.12
217.923
217.875
217.917
218.015
218.084
218.089
217.996
217.778
217.502
217.235
216.987
216.721
216.392
216
215.579
215.149
214.706
214.243
213.759
213.259
212.74
212.195
211.625
211.033
210.428
209.814
209.194
208.573
207.967
207.385
206.793
206.082
205.023
203.598
202.073
200.891
200.173
199.71
199.379
199.077
198.769
198.446
198.12
197.801
197.495
197.207
196.932
196.671
196.414
196.165
195.922
195.689
195.466
195.252
195.046
194.846
194.651
194.466
194.29
194.124
193.967
193.814
193.663
193.513
193.365
193.223
193.088
192.962
192.842
192.729
192.622
192.52
192.423
192.331
192.242
192.156
192.068
191.978
191.882
191.783
191.685
191.599
191.534
191.497
191.484
191.486
191.506
191.547
191.61
191.674
191.726
191.758
191.706
234.281
227.247
227.127
226.573
225.746
224.805
223.963
223.378
223.094
223.012
223
223
223
223.001
223.026
223.145
223.324
223.413
223.392
223.147
222.53
221.812
221.136
220.478
219.81
219.148
218.559
218.124
217.894
217.828
217.856
217.944
218.024
218.042
217.965
217.767
217.498
217.229
216.978
216.711
216.383
215.991
215.57
215.137
214.691
214.225
213.737
213.233
212.709
212.158
211.581
210.982
210.371
209.752
209.131
208.523
207.939
207.357
206.692
205.752
204.401
202.853
201.542
200.722
200.192
199.83
199.517
199.199
198.869
198.534
198.206
197.89
197.59
197.305
197.034
196.77
196.513
196.263
196.022
195.795
195.58
195.37
195.165
194.964
194.773
194.591
194.42
194.26
194.107
193.957
193.807
193.659
193.513
193.371
193.235
193.107
192.987
192.873
192.766
192.664
192.567
192.474
192.386
192.299
192.213
192.124
192.031
191.935
191.839
191.755
191.691
191.654
191.642
191.646
191.67
191.716
191.783
191.851
191.903
191.932
191.883
234.229
227.245
227.107
226.542
225.711
224.772
223.938
223.364
223.089
223.011
223
223
223
223.001
223.025
223.141
223.322
223.416
223.399
223.166
222.559
221.845
221.174
220.525
219.865
219.204
218.6
218.136
217.871
217.782
217.795
217.871
217.959
217.988
217.929
217.754
217.494
217.223
216.969
216.701
216.374
215.983
215.561
215.127
214.678
214.208
213.717
213.208
212.679
212.123
211.539
210.935
210.318
209.697
209.085
208.496
207.922
207.302
206.48
205.238
203.704
202.276
201.317
200.705
200.301
199.969
199.643
199.305
198.958
198.621
198.295
197.987
197.692
197.413
197.143
196.882
196.621
196.372
196.135
195.906
195.694
195.481
195.276
195.076
194.882
194.699
194.528
194.367
194.212
194.061
193.913
193.768
193.628
193.494
193.366
193.245
193.131
193.022
192.917
192.816
192.718
192.624
192.534
192.446
192.358
192.268
192.174
192.077
191.981
191.895
191.83
191.792
191.779
191.782
191.807
191.855
191.926
191.997
192.054
192.084
192.037
)
;

boundaryField
{
    inlet
    {
        type            fixedValue;
        value           uniform 223;
    }
    obstacle
    {
        type            zeroGradient;
    }
    bottom
    {
        type            symmetry;
    }
    outlet
    {
        type            inletOutlet;
        inletValue      nonuniform List<scalar> 0();
        value           nonuniform List<scalar> 0();
    }
    top
    {
        type            symmetry;
    }
    defaultFaces
    {
        type            empty;
    }
    procBoundary5to2
    {
        type            processor;
        value           nonuniform List<scalar> 
42
(
227.355
225.711
225.051
225.019
224.979
224.93
224.877
224.822
224.769
224.72
224.675
224.634
224.598
224.564
224.532
224.501
224.47
224.44
224.41
224.38
224.348
224.315
224.28
224.244
224.206
224.167
224.127
224.086
224.044
224.001
223.956
223.91
223.864
223.82
223.778
223.735
223.694
223.653
223.612
223.571
223.529
223.486
)
;
    }
    procBoundary5to3
    {
        type            processor;
        value           nonuniform List<scalar> 
83
(
223.491
223.491
223.415
223.335
222.534
222.534
222.406
222.278
222.149
222.02
221.89
221.76
221.63
221.5
221.37
221.241
221.113
220.987
220.862
220.738
220.616
220.496
220.378
220.264
220.153
220.045
219.942
219.843
219.75
219.662
219.582
219.507
219.438
219.375
219.319
219.272
219.236
219.211
219.195
219.186
219.187
219.197
219.221
219.261
219.314
219.36
219.384
219.397
219.416
219.457
219.522
219.605
219.697
219.8
219.917
220.035
220.109
220.117
220.04
219.885
219.775
219.784
220.022
220.618
221.598
222.616
223.121
223.181
223.144
223.058
223.009
223.006
223.044
223.223
223.659
224.376
225.265
226.161
226.939
227.577
227.818
227.676
236.261
)
;
    }
    procBoundary5to4
    {
        type            processor;
        value           nonuniform List<scalar> 
121
(
234.175
227.243
227.086
226.509
225.676
224.739
223.912
223.349
223.084
223.01
223
223
223
223.001
223.023
223.137
223.32
223.419
223.405
223.185
222.588
221.879
221.213
220.572
219.92
219.261
218.647
218.155
217.853
217.737
217.732
217.798
217.89
217.929
217.888
217.737
217.488
217.218
216.961
216.692
216.366
215.976
215.553
215.117
214.666
214.192
213.698
213.185
212.651
212.089
211.501
210.892
210.272
209.655
209.057
208.484
207.892
207.16
206.064
204.583
203.069
201.952
201.245
200.786
200.428
200.091
199.74
199.384
199.034
198.697
198.379
198.072
197.783
197.507
197.238
196.977
196.72
196.477
196.249
196.028
195.813
195.603
195.399
195.201
195.01
194.827
194.65
194.483
194.324
194.17
194.023
193.882
193.747
193.618
193.494
193.376
193.263
193.157
193.054
192.956
192.861
192.772
192.686
192.604
192.522
192.438
192.348
192.253
192.158
192.072
192.006
191.966
191.952
191.954
191.975
192.02
192.087
192.155
192.21
192.239
192.193
)
;
    }
}


// ************************************************************************* //
