/*--------------------------------*- C++ -*----------------------------------*\
| =========                 |                                                 |
| \\      /  F ield         | OpenFOAM: The Open Source CFD Toolbox           |
|  \\    /   O peration     | Version:  2412                                  |
|   \\  /    A nd           | Website:  www.openfoam.com                      |
|    \\/     M anipulation  |                                                 |
\*---------------------------------------------------------------------------*/
FoamFile
{
    version     2.0;
    format      ascii;
    arch        "LSB;label=32;scalar=64";
    class       volScalarField;
    location    "0.043";
    object      p;
}
// * * * * * * * * * * * * * * * * * * * * * * * * * * * * * * * * * * * * * //

dimensions      [1 -1 -2 0 0 0 0];

internalField   nonuniform List<scalar> 
9816
(
2929.5
2929.51
2929.36
2929.11
2928.75
2928.27
2927.69
2927.03
2926.29
2925.47
2924.57
2923.61
2922.58
2921.47
2920.32
2919.11
2917.84
2916.53
2915.1
2913.84
2912.4
2911
2909.54
2908.05
2906.51
2904.95
2903.33
2901.69
2899.97
2898.34
2896.57
2895.01
2893.28
2891.92
2890.29
2888.96
2887.38
2886.28
2884.78
2883.56
2881.8
2881.35
2853.2
2852.05
2850.83
2849.59
2848.36
2847.11
2845.88
2844.65
2843.44
2842.24
2841.06
2839.91
2838.78
2837.68
2836.58
2835.57
2834.52
2833.64
2832.69
2831.81
2830.93
2830.1
2829.28
2828.52
2827.77
2827.19
2826.52
2826.08
2825.55
2825.23
2824.78
2824.41
2823.86
2823.26
2822.74
2822.42
2821.93
2820.86
2821.92
2822
2819.39
2819.05
2815.33
2814.49
2813.66
2812.89
2812.12
2811.37
2810.66
2809.97
2809.31
2808.68
2808.07
2807.49
2806.94
2806.41
2805.91
2805.42
2804.96
2804.51
2804.08
2803.67
2803.29
2802.91
2802.58
2802.23
2801.92
2801.57
2801.27
2800.88
2800.54
2800.11
2799.79
2799.46
2799.18
2798.82
2798.73
2799.05
2798.18
2797.43
2799.28
2799.81
2797.41
2796.18
2792.89
2792.45
2792.02
2791.61
2791.21
2790.83
2790.46
2790.1
2789.75
2789.42
2789.09
2788.77
2788.45
2788.15
2787.85
2787.55
2787.27
2787
2786.74
2786.49
2786.25
2786.03
2785.81
2785.63
2785.43
2785.28
2785.11
2785.02
2784.89
2784.86
2784.78
2784.81
2784.71
2784.8
2784.77
2784.31
2784.53
2785.53
2784.35
2782.81
2783.45
2784.83
2777.87
2777.67
2777.48
2777.29
2777.1
2776.92
2776.74
2776.57
2776.41
2776.26
2776.11
2775.97
2775.85
2775.74
2775.64
2775.55
2775.48
2775.41
2775.36
2775.31
2775.27
2775.21
2775.18
2775.12
2775.08
2775
2774.97
2774.89
2774.87
2774.79
2774.78
2774.69
2774.69
2774.61
2774.55
2774.66
2774.85
2774.17
2774.09
2775.22
2775.41
2774.33
2767.84
2767.86
2767.9
2767.95
2768.02
2768.1
2768.2
2768.3
2768.4
2768.5
2768.59
2768.68
2768.76
2768.83
2768.89
2768.94
2768.99
2769.02
2769.06
2769.08
2769.11
2769.13
2769.17
2769.18
2769.24
2769.25
2769.33
2769.32
2769.39
2769.37
2769.43
2769.41
2769.47
2769.47
2769.52
2769.55
2769.54
2769.5
2769.88
2769.88
2769.25
2769.5
2761.87
2762.21
2762.54
2762.86
2763.16
2763.44
2763.71
2763.97
2764.23
2764.48
2764.72
2764.97
2765.21
2765.44
2765.68
2765.9
2766.12
2766.34
2766.54
2766.74
2766.92
2767.11
2767.29
2767.45
2767.61
2767.76
2767.93
2768.06
2768.22
2768.33
2768.48
2768.57
2768.72
2768.8
2768.93
2769.02
2769.11
2769.17
2769.31
2769.49
2769.29
2769.34
2760.24
2760.81
2761.36
2761.89
2762.4
2762.88
2763.35
2763.79
2764.21
2764.62
2765
2765.37
2765.72
2766.04
2766.37
2766.66
2766.96
2767.23
2767.5
2767.75
2767.99
2768.23
2768.45
2768.67
2768.87
2769.06
2769.25
2769.43
2769.61
2769.77
2769.96
2770.1
2770.26
2770.39
2770.56
2770.67
2770.79
2770.9
2771
2771.15
2771.2
2771.35
2760.22
2760.93
2761.62
2762.28
2762.93
2763.55
2764.15
2764.72
2765.27
2765.8
2766.31
2766.79
2767.25
2767.7
2768.12
2768.53
2768.92
2769.29
2769.65
2769.99
2770.31
2770.62
2770.92
2771.19
2771.47
2771.72
2771.94
2772.18
2772.37
2772.59
2772.76
2772.97
2773.1
2773.3
2773.42
2773.62
2773.7
2773.88
2773.95
2774.12
2774.19
2774.36
2761.86
2762.72
2763.55
2764.34
2765.09
2765.8
2766.49
2767.14
2767.76
2768.36
2768.92
2769.46
2769.98
2770.47
2770.95
2771.4
2771.83
2772.24
2772.63
2773.01
2773.37
2773.71
2774.04
2774.35
2774.64
2774.93
2775.2
2775.44
2775.69
2775.9
2776.14
2776.32
2776.53
2776.7
2776.88
2777.04
2777.19
2777.36
2777.47
2777.64
2777.73
2777.9
2765.16
2766.1
2767
2767.85
2768.66
2769.43
2770.17
2770.87
2771.54
2772.18
2772.78
2773.36
2773.9
2774.42
2774.92
2775.39
2775.83
2776.25
2776.65
2777.03
2777.39
2777.73
2778.05
2778.36
2778.65
2778.92
2779.18
2779.44
2779.67
2779.9
2780.12
2780.33
2780.53
2780.71
2780.9
2781.06
2781.23
2781.37
2781.53
2781.65
2781.8
2781.93
2769.16
2770.13
2771.05
2771.91
2772.73
2773.51
2774.24
2774.94
2775.59
2776.21
2776.79
2777.34
2777.85
2778.35
2778.81
2779.25
2779.67
2780.06
2780.44
2780.8
2781.14
2781.47
2781.78
2782.07
2782.35
2782.61
2782.87
2783.11
2783.34
2783.56
2783.74
2783.95
2784.12
2784.33
2784.48
2784.67
2784.81
2784.99
2785.12
2785.27
2785.4
2785.53
2772.97
2773.89
2774.77
2775.59
2776.37
2777.11
2777.81
2778.47
2779.1
2779.69
2780.26
2780.8
2781.31
2781.8
2782.26
2782.7
2783.11
2783.51
2783.89
2784.24
2784.58
2784.9
2785.21
2785.5
2785.78
2786.04
2786.29
2786.52
2786.75
2786.96
2787.17
2787.36
2787.53
2787.71
2787.85
2788.02
2788.14
2788.32
2788.43
2788.57
2788.69
2788.85
2776.41
2777.3
2778.14
2778.93
2779.68
2780.39
2781.07
2781.71
2782.31
2782.89
2783.43
2783.95
2784.44
2784.9
2785.35
2785.76
2786.16
2786.54
2786.9
2787.24
2787.56
2787.87
2788.16
2788.44
2788.7
2788.95
2789.19
2789.41
2789.62
2789.82
2790.03
2790.23
2790.36
2790.5
2790.78
2790.99
2790.87
2790.91
2791.37
2791.68
2791.42
2791.31
2779.44
2780.29
2781.1
2781.86
2782.58
2783.26
2783.91
2784.52
2785.1
2785.65
2786.18
2786.67
2787.14
2787.59
2788.01
2788.42
2788.8
2789.16
2789.5
2789.83
2790.14
2790.44
2790.72
2790.99
2791.24
2791.48
2791.71
2791.94
2792.13
2792.32
2792.53
2792.73
2792.86
2792.94
2793.15
2793.5
2793.6
2793.41
2793.37
2793.8
2794.33
2794.36
2781.98
2782.78
2783.54
2784.25
2784.93
2785.57
2786.18
2786.76
2787.31
2787.83
2788.32
2788.78
2789.23
2789.65
2790.05
2790.43
2790.79
2791.14
2791.46
2791.78
2792.07
2792.35
2792.62
2792.87
2793.11
2793.33
2793.57
2793.77
2793.94
2794.11
2794.35
2794.56
2794.64
2794.68
2794.83
2795.26
2795.44
2795.41
2795.18
2795.22
2795.72
2796.23
2784.12
2784.87
2785.59
2786.26
2786.89
2787.49
2788.06
2788.6
2789.11
2789.6
2790.06
2790.49
2790.91
2791.3
2791.67
2792.03
2792.36
2792.68
2792.99
2793.28
2793.56
2793.82
2794.07
2794.31
2794.53
2794.76
2794.97
2795.14
2795.32
2795.53
2795.73
2795.85
2795.93
2796.05
2796.34
2796.56
2796.62
2796.51
2796.52
2796.76
2797.19
2797.45
2785.97
2786.69
2787.36
2788
2788.6
2789.18
2789.72
2790.24
2790.73
2791.2
2791.65
2792.07
2792.47
2792.84
2793.2
2793.55
2793.87
2794.17
2794.46
2794.74
2795
2795.24
2795.47
2795.69
2795.9
2796.09
2796.28
2796.45
2796.61
2796.76
2796.93
2797.09
2797.18
2797.26
2797.39
2797.63
2797.77
2797.82
2797.75
2797.78
2797.99
2798.31
2787.59
2788.26
2788.9
2789.5
2790.07
2790.61
2791.12
2791.6
2792.06
2792.49
2792.89
2793.28
2793.64
2793.98
2794.31
2794.61
2794.91
2795.18
2795.45
2795.7
2795.93
2796.16
2796.37
2796.58
2796.78
2796.96
2797.14
2797.31
2797.47
2797.63
2797.76
2797.9
2798.05
2798.19
2798.28
2798.36
2798.47
2798.64
2798.76
2798.83
2798.85
2798.91
2788.86
2789.48
2790.08
2790.63
2791.16
2791.66
2792.14
2792.58
2793.01
2793.41
2793.8
2794.16
2794.51
2794.83
2795.14
2795.44
2795.72
2795.99
2796.24
2796.48
2796.71
2796.93
2797.14
2797.34
2797.53
2797.7
2797.87
2798.04
2798.2
2798.33
2798.46
2798.62
2798.77
2798.87
2798.93
2799.03
2799.19
2799.34
2799.43
2799.46
2799.5
2799.58
2789.83
2790.42
2790.98
2791.51
2792.01
2792.49
2792.94
2793.37
2793.77
2794.16
2794.53
2794.88
2795.21
2795.53
2795.83
2796.11
2796.38
2796.64
2796.88
2797.12
2797.34
2797.55
2797.75
2797.93
2798.11
2798.3
2798.46
2798.6
2798.73
2798.91
2799.07
2799.17
2799.23
2799.32
2799.5
2799.68
2799.78
2799.82
2799.83
2799.89
2800
2800.18
2790.56
2791.13
2791.66
2792.17
2792.65
2793.1
2793.54
2793.95
2794.34
2794.71
2795.07
2795.4
2795.72
2796.03
2796.31
2796.59
2796.85
2797.1
2797.33
2797.56
2797.77
2797.97
2798.17
2798.35
2798.52
2798.68
2798.86
2799.02
2799.14
2799.24
2799.38
2799.57
2799.7
2799.79
2799.84
2799.89
2800
2800.19
2800.33
2800.42
2800.46
2800.47
2791.1
2791.64
2792.15
2792.63
2793.09
2793.53
2793.95
2794.34
2794.72
2795.07
2795.41
2795.74
2796.04
2796.33
2796.61
2796.87
2797.12
2797.36
2797.59
2797.8
2798
2798.2
2798.4
2798.58
2798.72
2798.87
2799.06
2799.23
2799.34
2799.41
2799.51
2799.71
2799.9
2799.99
2800.03
2800.05
2800.09
2800.25
2800.47
2800.6
2800.66
2800.69
2791.46
2791.97
2792.46
2792.93
2793.37
2793.79
2794.19
2794.57
2794.93
2795.27
2795.6
2795.91
2796.2
2796.48
2796.75
2797
2797.24
2797.47
2797.69
2797.9
2798.09
2798.28
2798.47
2798.64
2798.78
2798.93
2799.11
2799.27
2799.38
2799.46
2799.56
2799.73
2799.9
2800
2800.05
2800.08
2800.12
2800.26
2800.44
2800.56
2800.63
2800.66
2791.67
2792.16
2792.63
2793.08
2793.5
2793.91
2794.29
2794.65
2795
2795.33
2795.64
2795.94
2796.22
2796.49
2796.75
2796.99
2797.22
2797.44
2797.65
2797.84
2798.03
2798.21
2798.38
2798.54
2798.69
2798.85
2798.99
2799.12
2799.24
2799.35
2799.48
2799.61
2799.71
2799.79
2799.85
2799.94
2800.07
2800.18
2800.26
2800.31
2800.34
2800.39
2791.75
2792.23
2792.68
2793.11
2793.52
2793.9
2794.27
2794.62
2794.95
2795.27
2795.57
2795.85
2796.13
2796.38
2796.63
2796.86
2797.08
2797.3
2797.5
2797.69
2797.87
2798.04
2798.21
2798.36
2798.51
2798.65
2798.8
2798.93
2799.03
2799.13
2799.26
2799.4
2799.5
2799.56
2799.61
2799.7
2799.84
2799.95
2800.03
2800.07
2800.1
2800.14
2791.76
2792.21
2792.65
2793.06
2793.45
2793.82
2794.17
2794.51
2794.83
2795.13
2795.42
2795.69
2795.95
2796.2
2796.44
2796.66
2796.87
2797.08
2797.27
2797.45
2797.63
2797.79
2797.96
2798.11
2798.24
2798.38
2798.52
2798.65
2798.75
2798.84
2798.95
2799.09
2799.2
2799.27
2799.33
2799.39
2799.48
2799.6
2799.7
2799.77
2799.81
2799.85
2791.73
2792.17
2792.58
2792.98
2793.35
2793.71
2794.05
2794.37
2794.67
2794.96
2795.24
2795.5
2795.75
2795.99
2796.21
2796.43
2796.63
2796.83
2797.01
2797.18
2797.35
2797.52
2797.67
2797.8
2797.93
2798.08
2798.22
2798.32
2798.4
2798.5
2798.65
2798.78
2798.87
2798.92
2798.96
2799.02
2799.13
2799.25
2799.35
2799.42
2799.47
2799.51
2791.67
2792.09
2792.48
2792.86
2793.22
2793.56
2793.89
2794.2
2794.49
2794.77
2795.04
2795.29
2795.53
2795.75
2795.97
2796.18
2796.37
2796.56
2796.74
2796.91
2797.07
2797.22
2797.37
2797.52
2797.64
2797.75
2797.87
2798
2798.13
2798.24
2798.33
2798.39
2798.46
2798.56
2798.67
2798.78
2798.86
2798.92
2798.96
2798.99
2799.04
2799.1
2791.55
2791.96
2792.34
2792.71
2793.06
2793.39
2793.71
2794.01
2794.3
2794.57
2794.82
2795.07
2795.3
2795.52
2795.74
2795.94
2796.13
2796.31
2796.49
2796.66
2796.81
2796.95
2797.09
2797.24
2797.38
2797.49
2797.59
2797.69
2797.82
2797.95
2798.05
2798.12
2798.18
2798.24
2798.34
2798.44
2798.54
2798.62
2798.67
2798.72
2798.75
2798.79
2791.4
2791.79
2792.17
2792.53
2792.87
2793.19
2793.5
2793.79
2794.07
2794.34
2794.59
2794.83
2795.06
2795.28
2795.48
2795.68
2795.87
2796.05
2796.22
2796.38
2796.54
2796.68
2796.82
2796.95
2797.09
2797.21
2797.32
2797.42
2797.53
2797.64
2797.74
2797.83
2797.9
2797.98
2798.05
2798.13
2798.21
2798.28
2798.35
2798.41
2798.46
2798.52
2791.21
2791.6
2791.97
2792.31
2792.65
2792.96
2793.26
2793.55
2793.82
2794.08
2794.33
2794.56
2794.79
2795
2795.2
2795.39
2795.58
2795.75
2795.92
2796.08
2796.23
2796.37
2796.51
2796.64
2796.76
2796.88
2796.99
2797.1
2797.2
2797.3
2797.39
2797.48
2797.56
2797.64
2797.71
2797.78
2797.85
2797.92
2797.98
2798.04
2798.1
2798.16
2791.02
2791.39
2791.75
2792.09
2792.41
2792.72
2793.01
2793.29
2793.55
2793.8
2794.04
2794.27
2794.49
2794.7
2794.89
2795.08
2795.26
2795.43
2795.59
2795.75
2795.89
2796.03
2796.17
2796.29
2796.41
2796.53
2796.63
2796.74
2796.84
2796.93
2797.02
2797.1
2797.18
2797.26
2797.34
2797.41
2797.47
2797.53
2797.59
2797.65
2797.71
2797.77
2790.85
2791.21
2791.55
2791.88
2792.2
2792.49
2792.78
2793.05
2793.3
2793.55
2793.78
2794
2794.21
2794.41
2794.6
2794.78
2794.96
2795.12
2795.28
2795.43
2795.57
2795.7
2795.83
2795.96
2796.07
2796.18
2796.29
2796.39
2796.49
2796.58
2796.66
2796.74
2796.82
2796.9
2796.97
2797.04
2797.1
2797.17
2797.22
2797.28
2797.33
2797.39
2790.73
2791.08
2791.42
2791.74
2792.04
2792.33
2792.6
2792.86
2793.11
2793.35
2793.57
2793.78
2793.99
2794.18
2794.36
2794.54
2794.7
2794.86
2795.02
2795.16
2795.3
2795.42
2795.55
2795.67
2795.78
2795.89
2795.99
2796.08
2796.18
2796.27
2796.35
2796.43
2796.51
2796.58
2796.65
2796.71
2796.77
2796.83
2796.89
2796.95
2797
2797.06
2790.67
2791.01
2791.33
2791.64
2791.94
2792.21
2792.48
2792.73
2792.97
2793.2
2793.42
2793.62
2793.82
2794.01
2794.19
2794.35
2794.51
2794.66
2794.81
2794.95
2795.09
2795.21
2795.32
2795.44
2795.55
2795.66
2795.76
2795.85
2795.93
2796.01
2796.09
2796.18
2796.26
2796.33
2796.4
2796.46
2796.51
2796.56
2796.61
2796.66
2796.72
2796.78
2790.64
2790.97
2791.28
2791.58
2791.86
2792.13
2792.39
2792.63
2792.86
2793.08
2793.29
2793.49
2793.68
2793.86
2794.03
2794.2
2794.35
2794.49
2794.63
2794.77
2794.9
2795.02
2795.13
2795.24
2795.35
2795.45
2795.55
2795.64
2795.72
2795.79
2795.87
2795.95
2796.03
2796.1
2796.17
2796.23
2796.28
2796.33
2796.38
2796.43
2796.47
2796.53
2790.64
2790.95
2791.25
2791.53
2791.8
2792.06
2792.3
2792.53
2792.75
2792.96
2793.16
2793.35
2793.53
2793.7
2793.87
2794.02
2794.17
2794.31
2794.44
2794.57
2794.7
2794.82
2794.92
2795.02
2795.12
2795.22
2795.32
2795.41
2795.49
2795.56
2795.63
2795.7
2795.77
2795.84
2795.9
2795.96
2796.02
2796.08
2796.12
2796.17
2796.21
2796.26
2790.65
2790.95
2791.23
2791.5
2791.76
2792
2792.23
2792.45
2792.66
2792.86
2793.04
2793.22
2793.39
2793.55
2793.71
2793.86
2794
2794.13
2794.25
2794.37
2794.49
2794.6
2794.71
2794.8
2794.89
2794.98
2795.07
2795.15
2795.23
2795.31
2795.37
2795.44
2795.5
2795.56
2795.62
2795.67
2795.73
2795.78
2795.83
2795.88
2795.92
2795.96
2790.67
2790.94
2791.21
2791.46
2791.69
2791.92
2792.14
2792.34
2792.54
2792.72
2792.9
2793.07
2793.23
2793.38
2793.53
2793.67
2793.8
2793.93
2794.05
2794.16
2794.27
2794.38
2794.48
2794.57
2794.66
2794.74
2794.83
2794.91
2794.98
2795.05
2795.12
2795.18
2795.24
2795.3
2795.35
2795.41
2795.46
2795.51
2795.55
2795.6
2795.64
2795.68
2790.71
2790.97
2791.22
2791.46
2791.68
2791.9
2792.1
2792.3
2792.48
2792.66
2792.83
2792.99
2793.14
2793.28
2793.42
2793.55
2793.67
2793.79
2793.9
2794.01
2794.11
2794.21
2794.3
2794.39
2794.47
2794.55
2794.62
2794.69
2794.76
2794.83
2794.89
2794.95
2795
2795.06
2795.11
2795.15
2795.2
2795.24
2795.28
2795.32
2795.36
2795.4
2790.8
2791.04
2791.27
2791.49
2791.7
2791.9
2792.09
2792.27
2792.44
2792.6
2792.76
2792.9
2793.04
2793.18
2793.3
2793.42
2793.54
2793.65
2793.75
2793.85
2793.95
2794.04
2794.12
2794.21
2794.28
2794.36
2794.43
2794.5
2794.56
2794.62
2794.68
2794.74
2794.79
2794.84
2794.89
2794.94
2794.98
2795.02
2795.06
2795.1
2795.14
2795.18
2790.93
2791.16
2791.37
2791.57
2791.77
2791.95
2792.13
2792.29
2792.45
2792.61
2792.75
2792.89
2793.02
2793.15
2793.27
2793.38
2793.49
2793.59
2793.69
2793.79
2793.87
2793.96
2794.04
2794.12
2794.19
2794.26
2794.33
2794.39
2794.45
2794.51
2794.56
2794.62
2794.67
2794.71
2794.76
2794.8
2794.84
2794.88
2794.92
2794.95
2794.99
2795.02
2790.97
2791.19
2791.39
2791.59
2791.78
2791.96
2792.13
2792.29
2792.45
2792.6
2792.74
2792.87
2793
2793.12
2793.23
2793.34
2793.45
2793.55
2793.64
2793.73
2793.81
2793.89
2793.97
2794.04
2794.11
2794.17
2794.23
2794.29
2794.34
2794.4
2794.45
2794.49
2794.54
2794.58
2794.62
2794.66
2794.7
2794.74
2794.77
2794.8
2794.83
2794.86
2791.1
2791.31
2791.51
2791.69
2791.87
2792.03
2792.18
2792.33
2792.46
2792.59
2792.71
2792.82
2792.93
2793.03
2793.12
2793.21
2793.3
2793.38
2793.46
2793.53
2793.6
2793.67
2793.73
2793.79
2793.85
2793.9
2793.95
2794
2794.05
2794.1
2794.14
2794.18
2794.22
2794.26
2794.29
2794.33
2794.36
2794.39
2794.42
2794.45
2794.48
2794.51
2790.98
2791.15
2791.31
2791.45
2791.59
2791.72
2791.85
2791.96
2792.07
2792.18
2792.28
2792.38
2792.47
2792.57
2792.65
2792.74
2792.82
2792.89
2792.97
2793.04
2793.11
2793.17
2793.24
2793.3
2793.35
2793.41
2793.46
2793.51
2793.56
2793.61
2793.65
2793.69
2793.74
2793.77
2793.81
2793.85
2793.88
2793.91
2793.94
2793.97
2794
2794.03
2790.84
2790.97
2791.09
2791.2
2791.31
2791.41
2791.51
2791.61
2791.7
2791.79
2791.87
2791.96
2792.04
2792.12
2792.19
2792.26
2792.33
2792.39
2792.46
2792.52
2792.57
2792.63
2792.68
2792.73
2792.78
2792.83
2792.87
2792.91
2792.95
2792.99
2793.03
2793.06
2793.09
2793.12
2793.15
2793.18
2793.21
2793.23
2793.26
2793.28
2793.3
2793.32
2790.49
2790.6
2790.71
2790.81
2790.9
2790.99
2791.08
2791.17
2791.25
2791.33
2791.41
2791.48
2791.54
2791.61
2791.67
2791.72
2791.77
2791.82
2791.87
2791.92
2791.96
2792
2792.04
2792.07
2792.11
2792.14
2792.17
2792.2
2792.23
2792.25
2792.28
2792.3
2792.32
2792.34
2792.36
2792.38
2792.4
2792.42
2792.43
2792.45
2792.46
2792.48
2790.23
2790.31
2790.38
2790.44
2790.5
2790.56
2790.61
2790.65
2790.69
2790.73
2790.76
2790.79
2790.82
2790.84
2790.86
2790.88
2790.9
2790.92
2790.94
2790.96
2790.98
2790.99
2791.01
2791.03
2791.04
2791.05
2791.07
2791.08
2791.09
2791.11
2791.12
2791.13
2791.14
2791.15
2791.16
2791.17
2791.18
2791.19
2791.19
2791.2
2791.21
2791.22
2790.09
2790.13
2790.17
2790.2
2790.23
2790.26
2790.29
2790.32
2790.34
2790.36
2790.39
2790.41
2790.43
2790.45
2790.47
2790.48
2790.5
2790.52
2790.54
2790.55
2790.57
2790.58
2790.59
2790.61
2790.62
2790.63
2790.64
2790.64
2790.65
2790.66
2790.67
2790.67
2790.68
2790.68
2790.68
2790.69
2790.69
2790.7
2790.7
2790.7
2790.7
2790.71
2790.15
2790.17
2790.19
2790.21
2790.24
2790.25
2790.27
2790.28
2790.3
2790.31
2790.33
2790.34
2790.36
2790.37
2790.38
2790.39
2790.39
2790.4
2790.4
2790.4
2790.41
2790.41
2790.41
2790.4
2790.4
2790.39
2790.39
2790.38
2790.37
2790.36
2790.35
2790.34
2790.33
2790.33
2790.32
2790.31
2790.3
2790.29
2790.28
2790.28
2790.27
2790.26
2790.55
2790.56
2790.57
2790.57
2790.56
2790.55
2790.54
2790.52
2790.51
2790.5
2790.49
2790.48
2790.47
2790.46
2790.45
2790.44
2790.43
2790.42
2790.41
2790.4
2790.39
2790.38
2790.37
2790.36
2790.35
2790.34
2790.32
2790.31
2790.3
2790.28
2790.27
2790.26
2790.25
2790.24
2790.22
2790.21
2790.2
2790.2
2790.19
2790.18
2790.17
2790.16
2791.21
2791.19
2791.17
2791.14
2791.11
2791.07
2791.04
2791.02
2790.99
2790.98
2790.96
2790.95
2790.94
2790.94
2790.93
2790.93
2790.93
2790.92
2790.92
2790.92
2790.92
2790.92
2790.91
2790.91
2790.91
2790.9
2790.9
2790.89
2790.89
2790.88
2790.87
2790.87
2790.86
2790.85
2790.85
2790.84
2790.84
2790.83
2790.82
2790.82
2790.81
2790.81
2792.1
2792.08
2792.07
2792.05
2792.04
2792.03
2792.02
2792.01
2792
2791.99
2791.99
2791.98
2791.97
2791.96
2791.95
2791.94
2791.93
2791.92
2791.91
2791.9
2791.89
2791.88
2791.87
2791.85
2791.84
2791.83
2791.82
2791.8
2791.79
2791.78
2791.77
2791.76
2791.75
2791.74
2791.72
2791.71
2791.7
2791.69
2791.68
2791.68
2791.67
2791.66
2793.23
2793.24
2793.24
2793.24
2793.24
2793.24
2793.24
2793.23
2793.22
2793.2
2793.19
2793.17
2793.15
2793.12
2793.1
2793.08
2793.06
2793.04
2793.02
2793
2792.98
2792.96
2792.94
2792.93
2792.92
2792.9
2792.89
2792.88
2792.87
2792.86
2792.85
2792.84
2792.83
2792.82
2792.81
2792.81
2792.8
2792.8
2792.79
2792.78
2792.78
2792.77
2794.43
2794.43
2794.43
2794.43
2794.43
2794.43
2794.43
2794.42
2794.41
2794.4
2794.38
2794.36
2794.35
2794.33
2794.31
2794.3
2794.28
2794.27
2794.25
2794.24
2794.23
2794.22
2794.2
2794.2
2794.19
2794.18
2794.17
2794.17
2794.16
2794.15
2794.15
2794.15
2794.14
2794.14
2794.13
2794.13
2794.13
2794.12
2794.12
2794.12
2794.12
2794.12
2795.6
2795.59
2795.58
2795.58
2795.57
2795.57
2795.57
2795.57
2795.56
2795.56
2795.55
2795.55
2795.54
2795.54
2795.54
2795.53
2795.53
2795.52
2795.52
2795.51
2795.51
2795.5
2795.5
2795.5
2795.51
2795.49
2795.49
2795.52
2795.49
2795.48
2795.51
2795.48
2795.48
2795.49
2795.47
2795.47
2795.48
2795.46
2795.46
2795.48
2795.46
2795.46
2796.73
2796.72
2796.71
2796.7
2796.7
2796.69
2796.69
2796.69
2796.69
2796.69
2796.69
2796.69
2796.69
2796.7
2796.7
2796.7
2796.7
2796.7
2796.7
2796.7
2796.7
2796.7
2796.71
2796.7
2796.7
2796.71
2796.71
2796.71
2796.7
2796.7
2796.7
2796.7
2796.7
2796.7
2796.7
2796.7
2796.7
2796.7
2796.69
2796.69
2796.69
2796.69
2797.82
2797.8
2797.79
2797.78
2797.77
2797.77
2797.76
2797.76
2797.75
2797.75
2797.75
2797.75
2797.75
2797.75
2797.76
2797.76
2797.76
2797.76
2797.76
2797.76
2797.76
2797.77
2797.77
2797.77
2797.77
2797.77
2797.77
2797.77
2797.77
2797.77
2797.77
2797.77
2797.77
2797.77
2797.77
2797.77
2797.77
2797.77
2797.77
2797.77
2797.77
2797.77
2798.81
2798.79
2798.78
2798.77
2798.76
2798.75
2798.74
2798.73
2798.73
2798.72
2798.72
2798.72
2798.71
2798.71
2798.71
2798.71
2798.71
2798.71
2798.71
2798.7
2798.7
2798.7
2798.7
2798.7
2798.7
2798.7
2798.7
2798.7
2798.7
2798.7
2798.7
2798.7
2798.7
2798.7
2798.7
2798.7
2798.7
2798.7
2798.7
2798.7
2798.7
2798.7
2799.7
2799.68
2799.66
2799.65
2799.64
2799.62
2799.61
2799.6
2799.59
2799.59
2799.58
2799.57
2799.57
2799.56
2799.56
2799.55
2799.55
2799.54
2799.54
2799.54
2799.54
2799.53
2799.53
2799.53
2799.53
2799.53
2799.52
2799.52
2799.52
2799.52
2799.52
2799.52
2799.52
2799.52
2799.52
2799.51
2799.51
2799.51
2799.51
2799.51
2799.51
2799.51
2800.49
2800.47
2800.44
2800.42
2800.41
2800.39
2800.37
2800.36
2800.35
2800.33
2800.32
2800.31
2800.3
2800.29
2800.29
2800.28
2800.27
2800.26
2800.26
2800.25
2800.25
2800.24
2800.24
2800.24
2800.23
2800.23
2800.22
2800.22
2800.22
2800.22
2800.21
2800.21
2800.21
2800.21
2800.21
2800.2
2800.2
2800.2
2800.2
2800.2
2800.2
2800.19
2801.17
2801.14
2801.11
2801.09
2801.06
2801.04
2801.02
2801
2800.99
2800.97
2800.96
2800.94
2800.93
2800.92
2800.91
2800.9
2800.89
2800.88
2800.87
2800.86
2800.85
2800.85
2800.84
2800.83
2800.83
2800.82
2800.82
2800.81
2800.81
2800.81
2800.8
2800.8
2800.8
2800.79
2800.79
2800.79
2800.78
2800.78
2800.78
2800.78
2800.77
2800.77
2801.77
2801.73
2801.7
2801.67
2801.64
2801.61
2801.59
2801.56
2801.54
2801.52
2801.5
2801.48
2801.47
2801.45
2801.43
2801.42
2801.41
2801.4
2801.38
2801.37
2801.36
2801.35
2801.34
2801.34
2801.33
2801.32
2801.31
2801.31
2801.3
2801.3
2801.29
2801.28
2801.28
2801.28
2801.27
2801.27
2801.26
2801.26
2801.26
2801.25
2801.25
2801.25
2802.3
2802.25
2802.21
2802.17
2802.14
2802.1
2802.07
2802.04
2802.01
2801.99
2801.97
2801.94
2801.92
2801.9
2801.88
2801.87
2801.85
2801.83
2801.82
2801.81
2801.79
2801.78
2801.77
2801.76
2801.75
2801.74
2801.73
2801.72
2801.71
2801.71
2801.7
2801.69
2801.68
2801.68
2801.67
2801.67
2801.66
2801.66
2801.65
2801.65
2801.64
2801.64
2802.79
2802.74
2802.69
2802.64
2802.6
2802.56
2802.52
2802.49
2802.46
2802.42
2802.4
2802.37
2802.34
2802.32
2802.29
2802.27
2802.25
2802.23
2802.22
2802.2
2802.18
2802.17
2802.15
2802.14
2802.13
2802.11
2802.1
2802.09
2802.08
2802.07
2802.06
2802.05
2802.04
2802.04
2802.03
2802.02
2802.01
2802.01
2802
2802
2801.99
2801.98
2803.28
2803.22
2803.17
2803.11
2803.06
2803.02
2802.97
2802.93
2802.89
2802.85
2802.82
2802.79
2802.76
2802.73
2802.7
2802.67
2802.65
2802.62
2802.6
2802.58
2802.56
2802.54
2802.53
2802.51
2802.49
2802.48
2802.47
2802.45
2802.44
2802.43
2802.42
2802.4
2802.39
2802.38
2802.38
2802.37
2802.36
2802.35
2802.34
2802.34
2802.33
2802.32
2803.79
2803.72
2803.65
2803.59
2803.54
2803.48
2803.43
2803.38
2803.34
2803.3
2803.26
2803.22
2803.18
2803.15
2803.12
2803.09
2803.06
2803.03
2803
2802.98
2802.96
2802.94
2802.92
2802.9
2802.88
2802.86
2802.84
2802.83
2802.81
2802.8
2802.78
2802.77
2802.76
2802.75
2802.74
2802.73
2802.72
2802.71
2802.7
2802.69
2802.68
2802.67
2804.28
2804.2
2804.13
2804.06
2803.99
2803.93
2803.88
2803.82
2803.77
2803.72
2803.68
2803.63
2803.59
2803.56
2803.52
2803.48
2803.45
2803.42
2803.39
2803.36
2803.34
2803.31
2803.29
2803.27
2803.24
2803.22
2803.21
2803.19
2803.17
2803.15
2803.14
2803.12
2803.11
2803.09
2803.08
2803.07
2803.06
2803.05
2803.04
2803.03
2803.02
2803.01
2804.72
2804.63
2804.55
2804.47
2804.4
2804.33
2804.27
2804.21
2804.15
2804.1
2804.05
2804
2803.95
2803.91
2803.87
2803.83
2803.79
2803.76
2803.72
2803.69
2803.66
2803.63
2803.61
2803.58
2803.56
2803.53
2803.51
2803.49
2803.47
2803.45
2803.43
2803.42
2803.4
2803.38
2803.37
2803.36
2803.34
2803.33
2803.32
2803.31
2803.29
2803.28
2805.1
2805.01
2804.92
2804.83
2804.75
2804.68
2804.6
2804.54
2804.47
2804.41
2804.35
2804.3
2804.25
2804.2
2804.15
2804.11
2804.06
2804.02
2803.99
2803.95
2803.91
2803.88
2803.85
2803.82
2803.79
2803.77
2803.74
2803.72
2803.69
2803.67
2803.65
2803.63
2803.61
2803.6
2803.58
2803.56
2803.55
2803.53
2803.52
2803.51
2803.49
2803.48
2805.47
2805.37
2805.26
2805.17
2805.08
2804.99
2804.91
2804.84
2804.76
2804.69
2804.63
2804.57
2804.51
2804.45
2804.4
2804.35
2804.3
2804.25
2804.21
2804.17
2804.13
2804.09
2804.06
2804.02
2803.99
2803.96
2803.93
2803.9
2803.88
2803.85
2803.83
2803.81
2803.78
2803.76
2803.74
2803.72
2803.71
2803.69
2803.67
2803.66
2803.64
2803.63
2805.87
2805.75
2805.64
2805.53
2805.43
2805.33
2805.24
2805.15
2805.07
2804.99
2804.92
2804.85
2804.78
2804.72
2804.66
2804.6
2804.54
2804.49
2804.44
2804.39
2804.35
2804.3
2804.26
2804.23
2804.19
2804.15
2804.12
2804.09
2804.06
2804.03
2804
2803.97
2803.95
2803.93
2803.9
2803.88
2803.86
2803.84
2803.82
2803.81
2803.79
2803.77
2806.29
2806.16
2806.03
2805.91
2805.8
2805.69
2805.59
2805.49
2805.39
2805.31
2805.22
2805.14
2805.06
2804.99
2804.92
2804.86
2804.79
2804.73
2804.68
2804.62
2804.57
2804.52
2804.47
2804.43
2804.39
2804.35
2804.31
2804.27
2804.24
2804.2
2804.17
2804.14
2804.11
2804.09
2804.06
2804.04
2804.01
2803.99
2803.97
2803.95
2803.93
2803.91
2806.68
2806.54
2806.4
2806.26
2806.14
2806.01
2805.9
2805.79
2805.68
2805.58
2805.49
2805.4
2805.31
2805.23
2805.15
2805.07
2805
2804.94
2804.87
2804.81
2804.75
2804.69
2804.64
2804.59
2804.54
2804.5
2804.45
2804.41
2804.37
2804.33
2804.3
2804.26
2804.23
2804.2
2804.17
2804.14
2804.12
2804.09
2804.07
2804.04
2804.02
2804
2807
2806.83
2806.68
2806.53
2806.39
2806.25
2806.12
2806
2805.88
2805.77
2805.66
2805.56
2805.46
2805.37
2805.28
2805.2
2805.12
2805.04
2804.97
2804.9
2804.84
2804.77
2804.71
2804.66
2804.6
2804.55
2804.5
2804.45
2804.41
2804.37
2804.33
2804.29
2804.25
2804.22
2804.18
2804.15
2804.12
2804.09
2804.06
2804.04
2804.01
2803.99
2807.22
2807.04
2806.87
2806.7
2806.55
2806.4
2806.25
2806.12
2805.99
2805.86
2805.74
2805.63
2805.52
2805.42
2805.32
2805.23
2805.14
2805.05
2804.97
2804.89
2804.82
2804.75
2804.68
2804.62
2804.56
2804.5
2804.45
2804.39
2804.34
2804.3
2804.25
2804.21
2804.17
2804.13
2804.09
2804.06
2804.02
2803.99
2803.96
2803.93
2803.9
2803.88
2807.4
2807.2
2807.01
2806.83
2806.66
2806.49
2806.33
2806.18
2806.04
2805.9
2805.77
2805.65
2805.53
2805.41
2805.3
2805.2
2805.1
2805.01
2804.92
2804.83
2804.75
2804.68
2804.6
2804.53
2804.46
2804.4
2804.34
2804.28
2804.23
2804.17
2804.12
2804.08
2804.03
2803.99
2803.95
2803.91
2803.87
2803.84
2803.8
2803.77
2803.74
2803.71
2807.57
2807.35
2807.15
2806.95
2806.76
2806.58
2806.41
2806.24
2806.08
2805.93
2805.79
2805.65
2805.52
2805.4
2805.28
2805.16
2805.06
2804.95
2804.86
2804.76
2804.67
2804.59
2804.51
2804.43
2804.36
2804.29
2804.22
2804.16
2804.1
2804.04
2803.99
2803.94
2803.89
2803.84
2803.79
2803.75
2803.71
2803.67
2803.64
2803.6
2803.57
2803.53
2807.71
2807.48
2807.26
2807.04
2806.84
2806.64
2806.45
2806.28
2806.11
2805.94
2805.79
2805.64
2805.5
2805.36
2805.24
2805.11
2805
2804.89
2804.78
2804.68
2804.58
2804.49
2804.41
2804.32
2804.25
2804.17
2804.1
2804.03
2803.97
2803.9
2803.85
2803.79
2803.74
2803.69
2803.64
2803.59
2803.55
2803.51
2803.47
2803.43
2803.39
2803.35
2807.79
2807.54
2807.3
2807.07
2806.85
2806.64
2806.44
2806.25
2806.07
2805.89
2805.73
2805.57
2805.42
2805.28
2805.14
2805.01
2804.89
2804.77
2804.65
2804.55
2804.44
2804.35
2804.25
2804.17
2804.08
2804
2803.93
2803.85
2803.78
2803.72
2803.66
2803.6
2803.54
2803.49
2803.43
2803.39
2803.34
2803.29
2803.25
2803.21
2803.17
2803.13
2807.76
2807.49
2807.24
2806.99
2806.76
2806.54
2806.33
2806.12
2805.93
2805.75
2805.57
2805.4
2805.24
2805.09
2804.95
2804.81
2804.68
2804.55
2804.43
2804.32
2804.21
2804.11
2804.01
2803.92
2803.83
2803.74
2803.66
2803.59
2803.51
2803.44
2803.38
2803.31
2803.25
2803.2
2803.14
2803.09
2803.04
2802.99
2802.95
2802.9
2802.86
2802.82
2807.65
2807.37
2807.1
2806.84
2806.59
2806.36
2806.13
2805.92
2805.72
2805.52
2805.34
2805.16
2804.99
2804.83
2804.68
2804.53
2804.39
2804.26
2804.13
2804.01
2803.9
2803.79
2803.69
2803.59
2803.49
2803.4
2803.32
2803.24
2803.16
2803.09
2803.02
2802.95
2802.89
2802.82
2802.77
2802.71
2802.66
2802.61
2802.56
2802.52
2802.47
2802.43
2807.53
2807.23
2806.95
2806.67
2806.41
2806.16
2805.93
2805.7
2805.48
2805.28
2805.08
2804.9
2804.72
2804.55
2804.39
2804.23
2804.09
2803.95
2803.81
2803.69
2803.57
2803.45
2803.34
2803.24
2803.14
2803.04
2802.95
2802.86
2802.78
2802.7
2802.63
2802.56
2802.49
2802.43
2802.37
2802.31
2802.25
2802.2
2802.15
2802.1
2802.05
2802.01
2807.45
2807.14
2806.83
2806.54
2806.27
2806
2805.75
2805.51
2805.29
2805.07
2804.86
2804.66
2804.48
2804.3
2804.13
2803.96
2803.81
2803.66
2803.52
2803.38
2803.26
2803.13
2803.02
2802.91
2802.8
2802.7
2802.61
2802.51
2802.43
2802.35
2802.27
2802.19
2802.12
2802.05
2801.99
2801.93
2801.87
2801.81
2801.76
2801.71
2801.66
2801.61
2807.4
2807.07
2806.75
2806.44
2806.15
2805.87
2805.61
2805.36
2805.11
2804.88
2804.67
2804.46
2804.26
2804.07
2803.89
2803.72
2803.55
2803.4
2803.25
2803.11
2802.97
2802.84
2802.72
2802.6
2802.49
2802.39
2802.29
2802.19
2802.1
2802.01
2801.93
2801.85
2801.77
2801.7
2801.63
2801.57
2801.51
2801.45
2801.39
2801.34
2801.28
2801.23
2807.33
2806.98
2806.64
2806.32
2806.01
2805.72
2805.44
2805.18
2804.92
2804.68
2804.45
2804.23
2804.02
2803.83
2803.64
2803.45
2803.28
2803.12
2802.96
2802.81
2802.67
2802.54
2802.41
2802.28
2802.17
2802.06
2801.95
2801.85
2801.75
2801.66
2801.57
2801.49
2801.41
2801.33
2801.26
2801.19
2801.13
2801.07
2801.01
2800.95
2800.89
2800.84
2807.19
2806.82
2806.47
2806.13
2805.81
2805.5
2805.21
2804.93
2804.67
2804.41
2804.17
2803.94
2803.72
2803.51
2803.32
2803.13
2802.94
2802.77
2802.61
2802.45
2802.3
2802.16
2802.02
2801.9
2801.77
2801.66
2801.54
2801.44
2801.34
2801.24
2801.15
2801.06
2800.98
2800.9
2800.82
2800.75
2800.68
2800.62
2800.55
2800.49
2800.44
2800.38
2806.98
2806.59
2806.22
2805.87
2805.53
2805.21
2804.9
2804.61
2804.33
2804.06
2803.81
2803.57
2803.34
2803.12
2802.91
2802.71
2802.52
2802.34
2802.17
2802
2801.84
2801.7
2801.55
2801.42
2801.29
2801.17
2801.05
2800.94
2800.83
2800.73
2800.63
2800.54
2800.45
2800.37
2800.29
2800.21
2800.14
2800.07
2800.01
2799.94
2799.88
2799.82
2806.72
2806.32
2805.93
2805.56
2805.2
2804.86
2804.54
2804.23
2803.94
2803.66
2803.39
2803.14
2802.9
2802.67
2802.45
2802.24
2802.04
2801.85
2801.67
2801.49
2801.33
2801.17
2801.02
2800.88
2800.75
2800.62
2800.49
2800.38
2800.26
2800.16
2800.06
2799.96
2799.87
2799.78
2799.7
2799.62
2799.54
2799.47
2799.4
2799.34
2799.27
2799.21
2806.47
2806.04
2805.63
2805.24
2804.87
2804.52
2804.18
2803.86
2803.55
2803.26
2802.98
2802.71
2802.46
2802.22
2801.99
2801.77
2801.56
2801.36
2801.17
2800.99
2800.82
2800.65
2800.5
2800.35
2800.21
2800.07
2799.94
2799.82
2799.7
2799.59
2799.49
2799.39
2799.29
2799.2
2799.11
2799.03
2798.95
2798.87
2798.8
2798.73
2798.66
2798.6
2806.24
2805.79
2805.37
2804.96
2804.57
2804.2
2803.85
2803.52
2803.2
2802.89
2802.6
2802.32
2802.06
2801.81
2801.56
2801.34
2801.12
2800.91
2800.71
2800.52
2800.34
2800.17
2800.01
2799.85
2799.7
2799.56
2799.43
2799.3
2799.18
2799.06
2798.95
2798.85
2798.75
2798.65
2798.56
2798.47
2798.39
2798.31
2798.24
2798.16
2798.09
2798.02
2806.01
2805.55
2805.1
2804.68
2804.28
2803.89
2803.53
2803.18
2802.84
2802.53
2802.22
2801.93
2801.66
2801.4
2801.15
2800.91
2800.68
2800.46
2800.26
2800.06
2799.87
2799.69
2799.52
2799.36
2799.21
2799.06
2798.92
2798.79
2798.66
2798.54
2798.42
2798.31
2798.21
2798.11
2798.01
2797.92
2797.84
2797.76
2797.68
2797.6
2797.53
2797.46
2805.72
2805.24
2804.78
2804.34
2803.92
2803.52
2803.14
2802.78
2802.43
2802.1
2801.78
2801.48
2801.2
2800.92
2800.66
2800.41
2800.18
2799.95
2799.74
2799.53
2799.34
2799.15
2798.98
2798.81
2798.65
2798.49
2798.35
2798.21
2798.08
2797.95
2797.83
2797.72
2797.61
2797.51
2797.41
2797.31
2797.22
2797.14
2797.06
2796.98
2796.9
2796.83
2805.31
2804.81
2804.34
2803.88
2803.45
2803.03
2802.63
2802.26
2801.9
2801.55
2801.22
2800.91
2800.61
2800.33
2800.06
2799.8
2799.56
2799.32
2799.1
2798.89
2798.69
2798.49
2798.31
2798.14
2797.97
2797.81
2797.66
2797.52
2797.38
2797.25
2797.12
2797.01
2796.89
2796.79
2796.68
2796.59
2796.49
2796.4
2796.32
2796.24
2796.16
2796.08
2804.79
2804.27
2803.77
2803.3
2802.85
2802.42
2802.01
2801.61
2801.24
2800.88
2800.54
2800.22
2799.91
2799.62
2799.34
2799.07
2798.82
2798.57
2798.34
2798.12
2797.91
2797.72
2797.53
2797.34
2797.17
2797.01
2796.85
2796.7
2796.56
2796.43
2796.3
2796.17
2796.06
2795.95
2795.84
2795.74
2795.64
2795.55
2795.47
2795.38
2795.3
2795.22
2804.19
2803.65
2803.14
2802.65
2802.18
2801.73
2801.31
2800.9
2800.52
2800.15
2799.8
2799.46
2799.14
2798.84
2798.55
2798.27
2798.01
2797.76
2797.52
2797.29
2797.08
2796.87
2796.67
2796.49
2796.31
2796.14
2795.98
2795.82
2795.68
2795.54
2795.4
2795.28
2795.16
2795.04
2794.93
2794.83
2794.73
2794.64
2794.55
2794.46
2794.38
2794.29
2803.58
2803.02
2802.49
2801.99
2801.5
2801.04
2800.6
2800.18
2799.78
2799.4
2799.04
2798.69
2798.36
2798.05
2797.75
2797.47
2797.2
2796.94
2796.69
2796.46
2796.23
2796.02
2795.82
2795.63
2795.44
2795.27
2795.1
2794.94
2794.79
2794.65
2794.51
2794.38
2794.26
2794.14
2794.03
2793.92
2793.82
2793.72
2793.63
2793.54
2793.45
2793.37
2802.97
2802.4
2801.85
2801.33
2800.84
2800.36
2799.91
2799.48
2799.07
2798.67
2798.3
2797.95
2797.61
2797.28
2796.98
2796.68
2796.41
2796.14
2795.89
2795.65
2795.42
2795.2
2794.99
2794.8
2794.61
2794.43
2794.26
2794.1
2793.94
2793.79
2793.65
2793.52
2793.39
2793.27
2793.16
2793.05
2792.94
2792.84
2792.75
2792.66
2792.57
2792.48
2802.33
2801.75
2801.19
2800.65
2800.14
2799.65
2799.19
2798.75
2798.33
2797.93
2797.55
2797.18
2796.83
2796.5
2796.19
2795.89
2795.61
2795.34
2795.08
2794.83
2794.6
2794.37
2794.16
2793.96
2793.77
2793.59
2793.41
2793.25
2793.09
2792.94
2792.8
2792.66
2792.53
2792.41
2792.29
2792.18
2792.07
2791.97
2791.87
2791.78
2791.69
2791.6
2801.59
2800.99
2800.42
2799.87
2799.35
2798.86
2798.39
2797.94
2797.51
2797.1
2796.71
2796.34
2795.99
2795.65
2795.33
2795.03
2794.74
2794.46
2794.2
2793.95
2793.71
2793.48
2793.27
2793.06
2792.87
2792.68
2792.51
2792.34
2792.18
2792.03
2791.88
2791.74
2791.61
2791.49
2791.37
2791.26
2791.15
2791.04
2790.95
2790.85
2790.76
2790.67
2801.35
2800.71
2800.1
2799.52
2798.96
2798.44
2797.93
2797.45
2797
2796.56
2796.15
2795.75
2795.38
2795.02
2794.68
2794.36
2794.05
2793.76
2793.48
2793.21
2792.96
2792.72
2792.49
2792.27
2792.07
2791.87
2791.68
2791.5
2791.33
2791.17
2791.02
2790.87
2790.73
2790.6
2790.47
2790.35
2790.24
2790.13
2790.03
2789.93
2789.83
2789.74
2789.65
2800.35
2799.7
2799.09
2798.5
2797.94
2797.41
2796.9
2796.42
2795.96
2795.52
2795.1
2794.7
2794.33
2793.97
2793.62
2793.3
2792.99
2792.69
2792.41
2792.15
2791.89
2791.65
2791.42
2791.2
2790.99
2790.79
2790.61
2790.43
2790.26
2790.09
2789.94
2789.79
2789.65
2789.52
2789.39
2789.27
2789.16
2789.05
2788.95
2788.85
2788.75
2788.66
2788.57
2799.32
2798.67
2798.05
2797.46
2796.9
2796.36
2795.85
2795.36
2794.9
2794.46
2794.04
2793.65
2793.27
2792.91
2792.56
2792.24
2791.93
2791.63
2791.35
2791.08
2790.83
2790.59
2790.36
2790.14
2789.93
2789.73
2789.54
2789.37
2789.2
2789.03
2788.88
2788.73
2788.59
2788.46
2788.33
2788.21
2788.1
2787.99
2787.89
2787.79
2787.69
2787.6
2787.51
2798.35
2797.7
2797.08
2796.49
2795.93
2795.39
2794.88
2794.4
2793.94
2793.5
2793.08
2792.68
2792.3
2791.95
2791.6
2791.28
2790.97
2790.68
2790.4
2790.13
2789.88
2789.64
2789.41
2789.19
2788.99
2788.79
2788.6
2788.42
2788.25
2788.09
2787.94
2787.8
2787.66
2787.53
2787.4
2787.28
2787.17
2787.06
2786.96
2786.86
2786.77
2786.67
2786.58
2797.49
2796.84
2796.23
2795.64
2795.08
2794.55
2794.04
2793.56
2793.11
2792.67
2792.26
2791.86
2791.49
2791.13
2790.8
2790.47
2790.17
2789.88
2789.6
2789.34
2789.09
2788.85
2788.63
2788.41
2788.21
2788.01
2787.83
2787.65
2787.49
2787.33
2787.18
2787.03
2786.9
2786.77
2786.64
2786.53
2786.41
2786.31
2786.21
2786.11
2786.02
2785.93
2785.84
2797.37
2796.7
2796.06
2795.45
2794.88
2794.33
2793.8
2793.3
2792.83
2792.38
2791.95
2791.55
2791.16
2790.79
2790.44
2790.11
2789.79
2789.49
2789.21
2788.94
2788.68
2788.43
2788.2
2787.98
2787.77
2787.57
2787.38
2787.2
2787.03
2786.86
2786.71
2786.56
2786.42
2786.28
2786.16
2786.04
2785.92
2785.81
2785.71
2785.61
2785.51
2785.42
2785.33
2785.25
2796.52
2795.87
2795.24
2794.65
2794.09
2793.55
2793.04
2792.56
2792.1
2791.66
2791.24
2790.85
2790.47
2790.11
2789.77
2789.45
2789.14
2788.85
2788.57
2788.31
2788.06
2787.82
2787.59
2787.38
2787.17
2786.98
2786.79
2786.62
2786.45
2786.29
2786.14
2785.99
2785.86
2785.73
2785.6
2785.49
2785.37
2785.27
2785.17
2785.07
2784.98
2784.89
2784.8
2784.72
2795.51
2794.88
2794.28
2793.71
2793.17
2792.65
2792.16
2791.69
2791.25
2790.83
2790.42
2790.04
2789.68
2789.33
2789.01
2788.7
2788.4
2788.12
2787.85
2787.6
2787.36
2787.13
2786.91
2786.71
2786.51
2786.32
2786.15
2785.98
2785.82
2785.66
2785.52
2785.38
2785.25
2785.12
2785.01
2784.89
2784.79
2784.68
2784.59
2784.49
2784.41
2784.32
2784.24
2784.16
2794.34
2793.74
2793.17
2792.63
2792.12
2791.63
2791.16
2790.72
2790.3
2789.91
2789.53
2789.17
2788.83
2788.51
2788.2
2787.9
2787.62
2787.36
2787.11
2786.86
2786.64
2786.42
2786.21
2786.02
2785.83
2785.65
2785.48
2785.32
2785.17
2785.03
2784.89
2784.76
2784.63
2784.51
2784.4
2784.29
2784.19
2784.1
2784
2783.92
2783.83
2783.75
2783.67
2783.6
2793.18
2792.62
2792.09
2791.58
2791.1
2790.64
2790.2
2789.79
2789.4
2789.02
2788.66
2788.32
2788
2787.7
2787.41
2787.13
2786.87
2786.62
2786.39
2786.16
2785.95
2785.75
2785.55
2785.37
2785.2
2785.03
2784.88
2784.73
2784.58
2784.45
2784.32
2784.2
2784.08
2783.97
2783.87
2783.77
2783.67
2783.58
2783.5
2783.41
2783.34
2783.26
2783.19
2783.12
2792.25
2791.73
2791.24
2790.77
2790.32
2789.9
2789.5
2789.11
2788.75
2788.41
2788.08
2787.77
2787.47
2787.19
2786.93
2786.67
2786.43
2786.2
2785.98
2785.78
2785.58
2785.39
2785.21
2785.04
2784.88
2784.73
2784.58
2784.44
2784.31
2784.18
2784.07
2783.95
2783.84
2783.74
2783.64
2783.55
2783.46
2783.38
2783.3
2783.22
2783.15
2783.08
2783.01
2782.94
2791.71
2791.23
2790.77
2790.34
2789.93
2789.53
2789.16
2788.8
2788.47
2788.15
2787.84
2787.55
2787.27
2787.01
2786.76
2786.53
2786.3
2786.09
2785.89
2785.7
2785.51
2785.34
2785.17
2785.02
2784.87
2784.72
2784.59
2784.46
2784.34
2784.22
2784.11
2784
2783.9
2783.81
2783.72
2783.63
2783.55
2783.47
2783.39
2783.32
2783.26
2783.19
2783.13
2783.06
2791.49
2791.03
2790.6
2790.19
2789.8
2789.43
2789.08
2788.75
2788.43
2788.13
2787.84
2787.57
2787.3
2787.05
2786.82
2786.59
2786.38
2786.18
2785.98
2785.8
2785.62
2785.45
2785.3
2785.15
2785
2784.86
2784.73
2784.61
2784.49
2784.38
2784.28
2784.17
2784.08
2783.99
2783.9
2783.82
2783.74
2783.66
2783.59
2783.53
2783.46
2783.4
2783.34
2783.28
2791.37
2790.94
2790.53
2790.14
2789.77
2789.42
2789.08
2788.76
2788.45
2788.16
2787.88
2787.62
2787.37
2787.13
2786.91
2786.69
2786.48
2786.29
2786.1
2785.93
2785.76
2785.6
2785.45
2785.3
2785.16
2785.03
2784.91
2784.79
2784.67
2784.57
2784.46
2784.37
2784.27
2784.18
2784.1
2784.02
2783.94
2783.87
2783.8
2783.74
2783.68
2783.62
2783.56
2783.5
2791.12
2790.71
2790.32
2789.94
2789.59
2789.25
2788.93
2788.63
2788.33
2788.06
2787.79
2787.54
2787.3
2787.07
2786.86
2786.65
2786.45
2786.26
2786.09
2785.92
2785.76
2785.6
2785.45
2785.32
2785.18
2785.06
2784.94
2784.82
2784.71
2784.61
2784.51
2784.42
2784.33
2784.24
2784.16
2784.09
2784.01
2783.94
2783.88
2783.81
2783.75
2783.7
2783.64
2783.58
2790.78
2790.39
2790.03
2789.68
2789.34
2789.03
2788.73
2788.44
2788.16
2787.9
2787.65
2787.42
2787.19
2786.97
2786.77
2786.58
2786.39
2786.21
2786.05
2785.89
2785.73
2785.59
2785.45
2785.32
2785.19
2785.08
2784.96
2784.85
2784.75
2784.65
2784.56
2784.47
2784.39
2784.31
2784.23
2784.16
2784.09
2784.03
2783.96
2783.9
2783.85
2783.79
2783.74
2783.69
2790.18
2789.83
2789.49
2789.17
2788.86
2788.57
2788.29
2788.03
2787.78
2787.54
2787.31
2787.09
2786.88
2786.68
2786.5
2786.32
2786.15
2785.98
2785.83
2785.68
2785.54
2785.41
2785.28
2785.16
2785.05
2784.94
2784.83
2784.73
2784.64
2784.55
2784.47
2784.39
2784.31
2784.23
2784.16
2784.1
2784.04
2783.98
2783.92
2783.86
2783.81
2783.76
2783.71
2783.66
2789.56
2789.25
2788.94
2788.65
2788.38
2788.12
2787.87
2787.63
2787.41
2787.19
2786.99
2786.8
2786.61
2786.44
2786.27
2786.11
2785.96
2785.81
2785.68
2785.55
2785.42
2785.31
2785.19
2785.09
2784.99
2784.89
2784.8
2784.71
2784.63
2784.55
2784.47
2784.4
2784.33
2784.27
2784.21
2784.15
2784.09
2784.04
2783.99
2783.94
2783.9
2783.85
2783.81
2783.77
2789.08
2788.8
2788.53
2788.27
2788.02
2787.79
2787.56
2787.35
2787.15
2786.96
2786.77
2786.6
2786.44
2786.28
2786.13
2785.99
2785.85
2785.72
2785.6
2785.48
2785.37
2785.27
2785.17
2785.07
2784.98
2784.9
2784.81
2784.74
2784.66
2784.59
2784.52
2784.46
2784.4
2784.34
2784.29
2784.23
2784.18
2784.14
2784.09
2784.05
2784.01
2783.97
2783.93
2783.89
2788.93
2788.68
2788.45
2788.23
2788.02
2787.81
2787.62
2787.43
2787.26
2787.09
2786.93
2786.78
2786.63
2786.49
2786.36
2786.23
2786.11
2786
2785.89
2785.79
2785.69
2785.6
2785.51
2785.42
2785.34
2785.26
2785.19
2785.12
2785.06
2784.99
2784.93
2784.88
2784.82
2784.77
2784.72
2784.68
2784.63
2784.59
2784.55
2784.51
2784.48
2784.44
2784.41
2784.38
2784.34
2783.86
2783.73
2783.62
2783.64
2783.53
2783.44
2783.22
2783
2782.88
2783.04
2783.52
2784.08
2784.63
2785.16
2785.75
2786.49
2787.42
2788.48
2789.56
2790.58
2791.51
2792.4
2793.28
2794.21
2795.14
2796
2796.75
2797.38
2797.95
2798.53
2799.14
2799.76
2800.32
2800.78
2801.18
2801.56
2801.96
2802.38
2802.78
2803.09
2803.32
2803.5
2803.68
2803.85
2803.96
2803.97
2803.89
2803.75
2803.61
2803.47
2803.27
2803
2802.66
2802.32
2801.98
2801.64
2801.24
2800.77
2800.19
2799.51
2798.7
2797.77
2796.69
2795.47
2794.12
2792.77
2791.65
2790.8
2790.15
2790.26
2790.71
2791.22
2792.49
2793.35
2794.06
2794.53
2794.89
2795.06
2795.21
2795.44
2795.73
2796.01
2796.3
2796.58
2796.83
2797.11
2797.44
2797.82
2798.21
2798.57
2798.85
2799.19
2799.53
2799.89
2800.2
2800.46
2800.67
2800.68
2800.49
2800.32
2799.72
2799.06
2798.5
2797.35
2796.31
2793.89
2791.77
2788.96
2785.68
2782.06
2777.98
2774.42
2771.42
2769.97
2770.33
2773.84
2785.25
2796.7
2784.31
2783.82
2783.68
2783.57
2783.58
2783.47
2783.38
2783.16
2782.94
2782.81
2782.97
2783.44
2784
2784.55
2785.07
2785.66
2786.41
2787.33
2788.39
2789.47
2790.49
2791.43
2792.31
2793.2
2794.13
2795.06
2795.93
2796.68
2797.31
2797.89
2798.47
2799.08
2799.7
2800.26
2800.73
2801.13
2801.51
2801.91
2802.34
2802.74
2803.05
2803.28
2803.46
2803.65
2803.82
2803.94
2803.95
2803.87
2803.74
2803.6
2803.45
2803.26
2802.99
2802.66
2802.31
2801.97
2801.63
2801.24
2800.77
2800.19
2799.51
2798.7
2797.77
2796.69
2795.45
2794.11
2792.77
2791.64
2790.79
2790.15
2790.25
2790.71
2791.23
2792.5
2793.37
2794.09
2794.56
2794.93
2795.09
2795.25
2795.48
2795.77
2796.05
2796.35
2796.63
2796.89
2797.16
2797.5
2797.88
2798.27
2798.62
2798.92
2799.29
2799.57
2799.95
2800.31
2800.57
2800.68
2800.67
2800.55
2800.41
2799.87
2799.22
2798.39
2796.99
2795.81
2793.95
2792.02
2789.09
2785.79
2782.19
2778.16
2774.56
2771.51
2769.83
2770.24
2774.13
2784.9
2797.89
2784.28
2783.78
2783.64
2783.52
2783.53
2783.42
2783.33
2783.1
2782.88
2782.75
2782.9
2783.37
2783.92
2784.47
2784.99
2785.57
2786.31
2787.24
2788.3
2789.38
2790.4
2791.34
2792.22
2793.11
2794.04
2794.98
2795.85
2796.6
2797.24
2797.82
2798.4
2799.02
2799.64
2800.21
2800.68
2801.07
2801.46
2801.87
2802.29
2802.69
2803.01
2803.24
2803.43
2803.61
2803.79
2803.91
2803.93
2803.85
2803.72
2803.58
2803.44
2803.25
2802.98
2802.65
2802.3
2801.97
2801.63
2801.24
2800.77
2800.19
2799.51
2798.7
2797.77
2796.69
2795.45
2794.11
2792.76
2791.63
2790.79
2790.14
2790.24
2790.71
2791.24
2792.52
2793.39
2794.12
2794.59
2794.96
2795.13
2795.29
2795.52
2795.81
2796.09
2796.4
2796.69
2796.94
2797.21
2797.55
2797.93
2798.33
2798.68
2799.01
2799.38
2799.63
2800.03
2800.43
2800.68
2800.73
2800.73
2800.71
2800.44
2799.97
2799.3
2798.21
2797.15
2795.76
2794.52
2791.93
2789.21
2785.94
2782.31
2778.22
2774.64
2771.55
2769.31
2769.56
2774.77
2783.61
2798.49
2784.25
2783.74
2783.6
2783.47
2783.48
2783.36
2783.27
2783.04
2782.81
2782.68
2782.83
2783.29
2783.83
2784.38
2784.9
2785.48
2786.22
2787.14
2788.2
2789.28
2790.31
2791.24
2792.13
2793.02
2793.96
2794.89
2795.77
2796.52
2797.16
2797.74
2798.33
2798.95
2799.58
2800.14
2800.62
2801.02
2801.41
2801.82
2802.25
2802.65
2802.97
2803.21
2803.39
2803.58
2803.76
2803.88
2803.91
2803.83
2803.7
2803.57
2803.43
2803.24
2802.97
2802.64
2802.29
2801.96
2801.62
2801.23
2800.76
2800.19
2799.51
2798.7
2797.77
2796.69
2795.47
2794.11
2792.76
2791.62
2790.78
2790.13
2790.23
2790.72
2791.25
2792.53
2793.41
2794.15
2794.62
2794.99
2795.16
2795.33
2795.56
2795.85
2796.14
2796.45
2796.74
2797
2797.26
2797.61
2797.99
2798.39
2798.75
2799.1
2799.45
2799.75
2800.14
2800.53
2800.77
2800.91
2800.92
2800.9
2800.42
2800.01
2799.31
2798.4
2797.67
2796.32
2794.65
2792.01
2789.36
2786.06
2782.46
2778.41
2774.79
2771.75
2769.73
2769.57
2775.07
2783.27
2798.23
2784.21
2783.7
2783.55
2783.42
2783.42
2783.3
2783.2
2782.97
2782.74
2782.6
2782.75
2783.2
2783.74
2784.29
2784.8
2785.38
2786.12
2787.04
2788.1
2789.18
2790.21
2791.15
2792.03
2792.93
2793.87
2794.81
2795.68
2796.44
2797.08
2797.67
2798.26
2798.88
2799.51
2800.08
2800.56
2800.96
2801.35
2801.77
2802.2
2802.61
2802.93
2803.17
2803.36
2803.55
2803.73
2803.86
2803.88
2803.81
2803.68
2803.55
2803.41
2803.22
2802.96
2802.63
2802.29
2801.96
2801.62
2801.23
2800.76
2800.19
2799.51
2798.7
2797.77
2796.69
2795.45
2794.11
2792.75
2791.61
2790.77
2790.12
2790.23
2790.72
2791.25
2792.55
2793.44
2794.18
2794.65
2795.02
2795.2
2795.37
2795.6
2795.89
2796.19
2796.51
2796.8
2797.05
2797.32
2797.67
2798.05
2798.45
2798.82
2799.18
2799.51
2799.87
2800.24
2800.59
2800.84
2801.09
2801.14
2801.04
2800.48
2800.03
2799.4
2798.73
2797.8
2796.53
2794.54
2792.24
2789.48
2786.21
2782.57
2778.49
2774.86
2771.76
2770.23
2769.9
2774.99
2783.38
2797.31
2784.17
2783.66
2783.5
2783.37
2783.36
2783.24
2783.14
2782.9
2782.67
2782.53
2782.67
2783.11
2783.65
2784.19
2784.7
2785.28
2786.02
2786.94
2788
2789.08
2790.1
2791.04
2791.93
2792.83
2793.77
2794.71
2795.59
2796.35
2797
2797.59
2798.18
2798.81
2799.44
2800.02
2800.5
2800.9
2801.3
2801.71
2802.15
2802.56
2802.89
2803.12
2803.32
2803.51
2803.7
2803.83
2803.86
2803.79
2803.66
2803.53
2803.4
2803.21
2802.95
2802.62
2802.28
2801.95
2801.61
2801.23
2800.76
2800.19
2799.51
2798.7
2797.77
2796.68
2795.45
2794.11
2792.75
2791.6
2790.77
2790.11
2790.22
2790.72
2791.26
2792.57
2793.46
2794.21
2794.68
2795.06
2795.24
2795.41
2795.64
2795.94
2796.24
2796.56
2796.86
2797.1
2797.38
2797.73
2798.11
2798.51
2798.9
2799.25
2799.55
2799.97
2800.32
2800.62
2800.86
2801.22
2801.29
2801.09
2800.65
2800.16
2799.54
2798.8
2797.67
2796.43
2794.71
2792.35
2789.64
2786.36
2782.75
2778.68
2775.02
2771.94
2770.15
2770.17
2774.58
2783.88
2796.59
2784.13
2783.61
2783.45
2783.31
2783.3
2783.17
2783.07
2782.83
2782.6
2782.45
2782.58
2783.02
2783.55
2784.09
2784.6
2785.18
2785.91
2786.83
2787.89
2788.97
2790
2790.94
2791.83
2792.73
2793.67
2794.62
2795.5
2796.26
2796.92
2797.5
2798.1
2798.73
2799.37
2799.95
2800.43
2800.84
2801.24
2801.66
2802.1
2802.51
2802.84
2803.08
2803.28
2803.47
2803.67
2803.8
2803.83
2803.76
2803.64
2803.52
2803.38
2803.2
2802.94
2802.61
2802.27
2801.94
2801.61
2801.22
2800.76
2800.19
2799.51
2798.7
2797.77
2796.68
2795.47
2794.11
2792.74
2791.59
2790.76
2790.11
2790.21
2790.72
2791.27
2792.58
2793.49
2794.25
2794.72
2795.1
2795.28
2795.45
2795.69
2795.99
2796.29
2796.62
2796.91
2797.15
2797.44
2797.8
2798.18
2798.58
2798.97
2799.3
2799.59
2800.04
2800.36
2800.65
2800.91
2801.22
2801.32
2801.04
2800.84
2800.31
2799.66
2798.81
2797.83
2796.57
2794.89
2792.5
2789.76
2786.5
2782.85
2778.77
2775.12
2772.06
2769.88
2770.27
2774.4
2784.25
2796.6
2784.09
2783.57
2783.4
2783.25
2783.23
2783.1
2783
2782.76
2782.52
2782.37
2782.49
2782.93
2783.45
2783.98
2784.49
2785.07
2785.8
2786.72
2787.77
2788.86
2789.88
2790.83
2791.72
2792.63
2793.57
2794.52
2795.4
2796.17
2796.82
2797.42
2798.02
2798.65
2799.29
2799.87
2800.36
2800.78
2801.18
2801.6
2802.04
2802.46
2802.79
2803.03
2803.24
2803.44
2803.63
2803.76
2803.8
2803.74
2803.62
2803.5
2803.37
2803.18
2802.92
2802.6
2802.26
2801.94
2801.6
2801.22
2800.76
2800.18
2799.51
2798.7
2797.77
2796.68
2795.44
2794.1
2792.73
2791.57
2790.75
2790.1
2790.2
2790.73
2791.28
2792.6
2793.51
2794.28
2794.75
2795.14
2795.32
2795.5
2795.73
2796.05
2796.35
2796.68
2796.96
2797.21
2797.51
2797.86
2798.25
2798.66
2799.04
2799.35
2799.63
2800.05
2800.4
2800.77
2801.05
2801.2
2801.23
2801.11
2800.92
2800.4
2799.75
2798.96
2798.01
2796.74
2795.02
2792.62
2789.95
2786.67
2783.05
2778.96
2775.27
2772.13
2770.13
2770.13
2774.6
2783.98
2797.25
2784.05
2783.52
2783.35
2783.19
2783.16
2783.03
2782.92
2782.68
2782.44
2782.28
2782.4
2782.83
2783.35
2783.87
2784.38
2784.95
2785.68
2786.6
2787.66
2788.74
2789.77
2790.71
2791.61
2792.51
2793.46
2794.41
2795.3
2796.07
2796.73
2797.33
2797.93
2798.57
2799.21
2799.8
2800.29
2800.71
2801.11
2801.54
2801.98
2802.4
2802.74
2802.99
2803.19
2803.39
2803.59
2803.73
2803.77
2803.71
2803.6
2803.48
2803.35
2803.17
2802.91
2802.59
2802.25
2801.93
2801.6
2801.21
2800.75
2800.18
2799.51
2798.7
2797.77
2796.68
2795.44
2794.1
2792.73
2791.56
2790.74
2790.09
2790.19
2790.73
2791.29
2792.62
2793.54
2794.32
2794.79
2795.18
2795.37
2795.55
2795.78
2796.1
2796.41
2796.74
2797.02
2797.27
2797.58
2797.93
2798.33
2798.73
2799.1
2799.39
2799.75
2800.09
2800.5
2800.92
2801.18
2801.33
2801.34
2801.32
2800.95
2800.49
2799.88
2799.11
2798.15
2796.88
2795.12
2792.81
2790.06
2786.8
2783.16
2779.08
2775.39
2772.16
2770.37
2770.09
2774.85
2783.41
2797.26
2784
2783.47
2783.29
2783.12
2783.09
2782.95
2782.84
2782.6
2782.35
2782.19
2782.3
2782.72
2783.24
2783.76
2784.26
2784.83
2785.56
2786.48
2787.53
2788.61
2789.64
2790.59
2791.49
2792.4
2793.34
2794.3
2795.19
2795.97
2796.63
2797.23
2797.84
2798.48
2799.13
2799.72
2800.21
2800.64
2801.04
2801.47
2801.92
2802.34
2802.68
2802.94
2803.14
2803.35
2803.55
2803.7
2803.74
2803.68
2803.57
2803.46
2803.33
2803.15
2802.9
2802.58
2802.24
2801.92
2801.59
2801.21
2800.75
2800.18
2799.51
2798.7
2797.77
2796.68
2795.44
2794.1
2792.72
2791.55
2790.73
2790.08
2790.18
2790.73
2791.3
2792.64
2793.57
2794.36
2794.83
2795.22
2795.42
2795.6
2795.84
2796.16
2796.47
2796.8
2797.08
2797.35
2797.66
2798.01
2798.4
2798.81
2799.18
2799.48
2799.92
2800.23
2800.65
2800.99
2801.24
2801.52
2801.57
2801.48
2801.06
2800.61
2800.01
2799.24
2798.24
2796.98
2795.31
2792.91
2790.28
2787.01
2783.38
2779.27
2775.54
2772.41
2770.5
2770.26
2774.83
2783.28
2796.64
2783.95
2783.41
2783.23
2783.05
2783.02
2782.87
2782.76
2782.51
2782.26
2782.09
2782.2
2782.61
2783.12
2783.64
2784.13
2784.7
2785.43
2786.35
2787.4
2788.48
2789.51
2790.46
2791.36
2792.27
2793.22
2794.18
2795.08
2795.86
2796.53
2797.13
2797.74
2798.39
2799.04
2799.64
2800.13
2800.56
2800.97
2801.41
2801.86
2802.28
2802.63
2802.88
2803.1
2803.31
2803.51
2803.66
2803.71
2803.66
2803.55
2803.44
2803.31
2803.14
2802.88
2802.57
2802.23
2801.91
2801.59
2801.21
2800.75
2800.18
2799.5
2798.7
2797.76
2796.68
2795.43
2794.09
2792.72
2791.53
2790.71
2790.07
2790.17
2790.73
2791.31
2792.66
2793.6
2794.4
2794.87
2795.26
2795.47
2795.65
2795.89
2796.22
2796.53
2796.86
2797.16
2797.43
2797.73
2798.09
2798.48
2798.89
2799.26
2799.63
2800.02
2800.37
2800.72
2801.06
2801.33
2801.61
2801.7
2801.54
2801.22
2800.74
2800.14
2799.36
2798.43
2797.16
2795.41
2793.13
2790.38
2787.14
2783.49
2779.41
2775.67
2772.55
2770.55
2770.4
2774.7
2783.52
2796.35
2783.91
2783.36
2783.17
2782.98
2782.94
2782.79
2782.67
2782.42
2782.17
2781.99
2782.09
2782.5
2783
2783.51
2784
2784.57
2785.3
2786.21
2787.26
2788.35
2789.38
2790.32
2791.23
2792.14
2793.1
2794.06
2794.96
2795.75
2796.42
2797.02
2797.64
2798.29
2798.95
2799.55
2800.05
2800.48
2800.9
2801.33
2801.79
2802.22
2802.57
2802.83
2803.04
2803.26
2803.47
2803.62
2803.67
2803.63
2803.52
2803.41
2803.29
2803.12
2802.87
2802.55
2802.22
2801.91
2801.58
2801.2
2800.74
2800.18
2799.5
2798.7
2797.76
2796.67
2795.43
2794.09
2792.71
2791.51
2790.7
2790.06
2790.15
2790.73
2791.32
2792.68
2793.64
2794.45
2794.91
2795.31
2795.52
2795.71
2795.95
2796.29
2796.59
2796.93
2797.24
2797.52
2797.81
2798.17
2798.57
2798.97
2799.36
2799.75
2800.03
2800.44
2800.81
2801.17
2801.44
2801.69
2801.75
2801.64
2801.33
2800.88
2800.28
2799.52
2798.53
2797.27
2795.61
2793.24
2790.63
2787.37
2783.72
2779.58
2775.88
2772.71
2770.62
2770.41
2774.73
2783.46
2796.42
2783.85
2783.3
2783.1
2782.91
2782.86
2782.7
2782.58
2782.33
2782.07
2781.89
2781.98
2782.38
2782.87
2783.38
2783.87
2784.43
2785.15
2786.07
2787.12
2788.2
2789.23
2790.18
2791.09
2792.01
2792.97
2793.93
2794.84
2795.63
2796.3
2796.91
2797.53
2798.19
2798.85
2799.46
2799.96
2800.4
2800.82
2801.26
2801.72
2802.15
2802.51
2802.77
2802.99
2803.21
2803.43
2803.58
2803.64
2803.59
2803.5
2803.39
2803.27
2803.1
2802.85
2802.54
2802.21
2801.9
2801.57
2801.2
2800.74
2800.18
2799.5
2798.7
2797.76
2796.67
2795.43
2794.09
2792.71
2791.5
2790.69
2790.04
2790.14
2790.74
2791.33
2792.7
2793.67
2794.49
2794.96
2795.36
2795.57
2795.77
2796.01
2796.35
2796.66
2797.01
2797.33
2797.61
2797.89
2798.26
2798.65
2799.07
2799.46
2799.79
2800.13
2800.52
2800.92
2801.3
2801.56
2801.81
2801.88
2801.78
2801.47
2801.01
2800.42
2799.64
2798.73
2797.47
2795.72
2793.47
2790.73
2787.51
2783.86
2779.79
2776.03
2772.82
2770.78
2770.43
2774.82
2783.22
2796.3
2783.8
2783.23
2783.03
2782.83
2782.77
2782.61
2782.49
2782.23
2781.97
2781.78
2781.86
2782.25
2782.74
2783.24
2783.72
2784.28
2785.01
2785.92
2786.97
2788.05
2789.08
2790.04
2790.94
2791.87
2792.83
2793.8
2794.71
2795.5
2796.18
2796.8
2797.42
2798.08
2798.75
2799.36
2799.87
2800.31
2800.73
2801.18
2801.65
2802.09
2802.44
2802.71
2802.93
2803.16
2803.38
2803.54
2803.6
2803.56
2803.47
2803.37
2803.25
2803.09
2802.84
2802.53
2802.2
2801.89
2801.57
2801.19
2800.74
2800.17
2799.5
2798.7
2797.76
2796.67
2795.43
2794.09
2792.7
2791.48
2790.67
2790.03
2790.13
2790.74
2791.34
2792.72
2793.71
2794.54
2795.01
2795.41
2795.63
2795.83
2796.08
2796.42
2796.74
2797.1
2797.42
2797.68
2797.97
2798.35
2798.76
2799.16
2799.53
2799.88
2800.27
2800.65
2801.05
2801.4
2801.66
2801.92
2802
2801.91
2801.59
2801.17
2800.57
2799.84
2798.84
2797.58
2795.94
2793.59
2791
2787.75
2784.08
2780.01
2776.25
2773
2770.93
2770.5
2774.85
2783.1
2796.04
2783.74
2783.17
2782.96
2782.74
2782.68
2782.51
2782.39
2782.13
2781.86
2781.66
2781.74
2782.12
2782.6
2783.09
2783.57
2784.13
2784.85
2785.76
2786.81
2787.89
2788.93
2789.88
2790.79
2791.72
2792.68
2793.66
2794.57
2795.37
2796.05
2796.68
2797.31
2797.97
2798.64
2799.26
2799.77
2800.22
2800.65
2801.1
2801.57
2802.01
2802.37
2802.64
2802.87
2803.1
2803.33
2803.5
2803.56
2803.53
2803.44
2803.34
2803.23
2803.07
2802.82
2802.51
2802.19
2801.88
2801.56
2801.19
2800.74
2800.17
2799.5
2798.7
2797.76
2796.67
2795.42
2794.09
2792.69
2791.46
2790.65
2790.02
2790.11
2790.74
2791.35
2792.75
2793.74
2794.59
2795.06
2795.47
2795.69
2795.9
2796.14
2796.5
2796.82
2797.18
2797.5
2797.74
2798.08
2798.45
2798.84
2799.26
2799.65
2800.01
2800.38
2800.76
2801.15
2801.53
2801.8
2802.05
2802.15
2802.05
2801.75
2801.3
2800.73
2799.93
2799.05
2797.8
2796.05
2793.83
2791.12
2787.92
2784.23
2780.2
2776.41
2773.15
2771.06
2770.58
2774.85
2783.05
2795.83
2783.68
2783.1
2782.88
2782.66
2782.59
2782.41
2782.28
2782.02
2781.74
2781.54
2781.61
2781.98
2782.45
2782.94
2783.42
2783.97
2784.69
2785.59
2786.64
2787.73
2788.76
2789.72
2790.63
2791.56
2792.53
2793.51
2794.43
2795.23
2795.92
2796.55
2797.18
2797.86
2798.53
2799.15
2799.67
2800.12
2800.56
2801.01
2801.49
2801.94
2802.3
2802.58
2802.81
2803.05
2803.28
2803.45
2803.52
2803.49
2803.41
2803.31
2803.21
2803.05
2802.8
2802.5
2802.18
2801.87
2801.55
2801.18
2800.73
2800.17
2799.5
2798.7
2797.76
2796.66
2795.42
2794.08
2792.69
2791.44
2790.63
2790.01
2790.1
2790.74
2791.37
2792.77
2793.78
2794.65
2795.11
2795.52
2795.75
2795.97
2796.22
2796.57
2796.9
2797.27
2797.56
2797.85
2798.17
2798.54
2798.96
2799.37
2799.74
2800.13
2800.49
2800.88
2801.28
2801.65
2801.9
2802.16
2802.25
2802.17
2801.88
2801.48
2800.88
2800.18
2799.18
2797.91
2796.29
2793.97
2791.39
2788.14
2784.53
2780.45
2776.64
2773.36
2771.2
2770.65
2774.86
2782.94
2795.64
2783.62
2783.03
2782.8
2782.57
2782.49
2782.31
2782.17
2781.91
2781.62
2781.42
2781.47
2781.83
2782.3
2782.78
2783.25
2783.8
2784.52
2785.42
2786.47
2787.55
2788.59
2789.55
2790.46
2791.39
2792.37
2793.35
2794.28
2795.08
2795.78
2796.41
2797.05
2797.73
2798.41
2799.04
2799.57
2800.02
2800.46
2800.92
2801.4
2801.85
2802.22
2802.51
2802.75
2802.99
2803.22
2803.4
2803.48
2803.45
2803.37
2803.28
2803.18
2803.02
2802.79
2802.48
2802.17
2801.86
2801.54
2801.18
2800.73
2800.17
2799.5
2798.7
2797.76
2796.66
2795.42
2794.08
2792.68
2791.42
2790.61
2789.99
2790.08
2790.74
2791.38
2792.8
2793.82
2794.7
2795.17
2795.59
2795.82
2796.04
2796.29
2796.65
2796.99
2797.35
2797.66
2797.96
2798.27
2798.66
2799.05
2799.46
2799.87
2800.24
2800.61
2801
2801.41
2801.79
2802.06
2802.32
2802.42
2802.36
2802.07
2801.61
2801.07
2800.26
2799.39
2798.16
2796.42
2794.21
2791.54
2788.29
2784.73
2780.65
2776.82
2773.52
2771.36
2770.74
2774.87
2782.81
2795.41
2783.55
2782.95
2782.72
2782.47
2782.38
2782.19
2782.06
2781.79
2781.5
2781.28
2781.33
2781.68
2782.14
2782.61
2783.08
2783.63
2784.34
2785.24
2786.29
2787.37
2788.41
2789.37
2790.29
2791.22
2792.2
2793.19
2794.12
2794.93
2795.63
2796.27
2796.92
2797.6
2798.29
2798.92
2799.45
2799.91
2800.36
2800.83
2801.31
2801.77
2802.14
2802.43
2802.68
2802.92
2803.17
2803.35
2803.43
2803.41
2803.34
2803.25
2803.16
2803
2802.77
2802.47
2802.15
2801.85
2801.54
2801.17
2800.73
2800.17
2799.5
2798.7
2797.76
2796.66
2795.41
2794.08
2792.68
2791.4
2790.59
2789.98
2790.06
2790.73
2791.4
2792.83
2793.87
2794.76
2795.23
2795.65
2795.89
2796.11
2796.36
2796.75
2797.07
2797.44
2797.78
2798.07
2798.38
2798.75
2799.17
2799.59
2799.97
2800.36
2800.74
2801.14
2801.54
2801.91
2802.17
2802.42
2802.51
2802.46
2802.2
2801.83
2801.2
2800.54
2799.56
2798.28
2796.66
2794.39
2791.77
2788.63
2785.01
2780.93
2777.08
2773.73
2771.53
2770.84
2774.87
2782.68
2795.16
2783.48
2782.88
2782.63
2782.37
2782.27
2782.08
2781.94
2781.66
2781.37
2781.15
2781.18
2781.52
2781.97
2782.44
2782.9
2783.44
2784.15
2785.05
2786.1
2787.18
2788.22
2789.18
2790.1
2791.04
2792.02
2793.02
2793.95
2794.77
2795.48
2796.12
2796.78
2797.47
2798.16
2798.8
2799.34
2799.8
2800.25
2800.73
2801.22
2801.68
2802.06
2802.35
2802.61
2802.86
2803.11
2803.3
2803.38
2803.37
2803.3
2803.22
2803.13
2802.98
2802.75
2802.45
2802.14
2801.84
2801.53
2801.17
2800.72
2800.17
2799.5
2798.7
2797.76
2796.66
2795.41
2794.08
2792.67
2791.38
2790.56
2789.96
2790.04
2790.73
2791.41
2792.86
2793.91
2794.83
2795.3
2795.72
2795.97
2796.19
2796.45
2796.83
2797.17
2797.55
2797.88
2798.16
2798.49
2798.89
2799.29
2799.69
2800.11
2800.49
2800.88
2801.26
2801.69
2802.07
2802.33
2802.6
2802.72
2802.68
2802.4
2801.94
2801.45
2800.62
2799.76
2798.53
2796.82
2794.62
2792.03
2788.86
2785.23
2781.15
2777.29
2773.93
2771.7
2770.94
2774.87
2782.56
2794.89
2783.41
2782.79
2782.54
2782.27
2782.16
2781.96
2781.81
2781.53
2781.23
2781
2781.02
2781.35
2781.8
2782.26
2782.71
2783.25
2783.95
2784.85
2785.9
2786.98
2788.02
2788.98
2789.91
2790.85
2791.84
2792.84
2793.78
2794.6
2795.31
2795.97
2796.63
2797.32
2798.03
2798.67
2799.21
2799.69
2800.14
2800.62
2801.12
2801.59
2801.97
2802.27
2802.53
2802.79
2803.04
2803.24
2803.33
2803.33
2803.26
2803.19
2803.1
2802.95
2802.72
2802.43
2802.12
2801.83
2801.52
2801.16
2800.72
2800.16
2799.5
2798.7
2797.76
2796.65
2795.41
2794.08
2792.66
2791.35
2790.54
2789.94
2790.02
2790.73
2791.43
2792.89
2793.95
2794.89
2795.36
2795.79
2796.04
2796.28
2796.53
2796.92
2797.27
2797.65
2797.98
2798.28
2798.62
2798.99
2799.4
2799.84
2800.23
2800.63
2801
2801.42
2801.82
2802.2
2802.46
2802.71
2802.81
2802.78
2802.54
2802.2
2801.55
2800.9
2799.96
2798.68
2797.05
2794.78
2792.3
2789.15
2785.52
2781.45
2777.56
2774.16
2771.88
2771.05
2774.87
2782.42
2794.61
2783.34
2782.71
2782.44
2782.16
2782.04
2781.83
2781.68
2781.39
2781.09
2780.85
2780.86
2781.18
2781.61
2782.06
2782.51
2783.05
2783.75
2784.64
2785.69
2786.77
2787.81
2788.78
2789.7
2790.65
2791.64
2792.65
2793.59
2794.42
2795.14
2795.8
2796.47
2797.17
2797.88
2798.53
2799.08
2799.56
2800.03
2800.51
2801.02
2801.49
2801.88
2802.19
2802.45
2802.72
2802.98
2803.18
2803.28
2803.28
2803.22
2803.15
2803.07
2802.93
2802.7
2802.41
2802.11
2801.81
2801.51
2801.15
2800.72
2800.16
2799.5
2798.7
2797.76
2796.65
2795.41
2794.08
2792.66
2791.32
2790.5
2789.93
2790
2790.73
2791.45
2792.92
2794
2794.96
2795.43
2795.86
2796.12
2796.37
2796.62
2797.02
2797.37
2797.77
2798.1
2798.39
2798.72
2799.13
2799.54
2799.95
2800.36
2800.76
2801.16
2801.55
2802
2802.37
2802.62
2802.89
2803.03
2803.02
2802.75
2802.29
2801.84
2801.03
2800.16
2798.92
2797.24
2795.11
2792.53
2789.4
2785.76
2781.71
2777.8
2774.39
2772.07
2771.17
2774.87
2782.27
2794.3
2783.26
2782.62
2782.34
2782.05
2781.91
2781.69
2781.54
2781.25
2780.94
2780.69
2780.69
2781
2781.42
2781.86
2782.31
2782.84
2783.53
2784.43
2785.47
2786.55
2787.59
2788.56
2789.49
2790.44
2791.44
2792.45
2793.4
2794.24
2794.96
2795.63
2796.31
2797.02
2797.73
2798.39
2798.95
2799.43
2799.9
2800.4
2800.91
2801.39
2801.79
2802.1
2802.37
2802.64
2802.91
2803.12
2803.23
2803.23
2803.18
2803.12
2803.04
2802.9
2802.68
2802.39
2802.09
2801.8
2801.5
2801.15
2800.71
2800.16
2799.5
2798.7
2797.76
2796.65
2795.4
2794.07
2792.65
2791.3
2790.47
2789.91
2789.98
2790.72
2791.47
2792.95
2794.05
2795.03
2795.51
2795.94
2796.21
2796.46
2796.71
2797.13
2797.48
2797.87
2798.21
2798.52
2798.87
2799.25
2799.66
2800.1
2800.52
2800.91
2801.3
2801.72
2802.12
2802.52
2802.77
2803.03
2803.14
2803.13
2802.92
2802.59
2801.94
2801.28
2800.37
2799.13
2797.54
2795.33
2792.85
2789.71
2786.07
2782.03
2778.09
2774.64
2772.27
2771.29
2774.87
2782.11
2793.97
2783.18
2782.53
2782.24
2781.93
2781.78
2781.55
2781.39
2781.1
2780.78
2780.53
2780.51
2780.81
2781.22
2781.65
2782.09
2782.61
2783.31
2784.2
2785.24
2786.32
2787.36
2788.33
2789.27
2790.22
2791.23
2792.24
2793.2
2794.04
2794.78
2795.45
2796.13
2796.85
2797.57
2798.24
2798.81
2799.3
2799.78
2800.28
2800.8
2801.28
2801.68
2802
2802.28
2802.56
2802.84
2803.05
2803.17
2803.18
2803.14
2803.08
2803.01
2802.87
2802.65
2802.37
2802.07
2801.79
2801.49
2801.14
2800.71
2800.16
2799.5
2798.7
2797.75
2796.65
2795.4
2794.07
2792.65
2791.27
2790.43
2789.89
2789.96
2790.72
2791.49
2792.98
2794.1
2795.1
2795.59
2796.02
2796.3
2796.56
2796.82
2797.23
2797.59
2798
2798.34
2798.65
2798.98
2799.39
2799.82
2800.24
2800.64
2801.07
2801.47
2801.86
2802.33
2802.69
2802.94
2803.22
2803.37
2803.37
2803.12
2802.69
2802.24
2801.46
2800.62
2799.41
2797.76
2795.65
2793.1
2789.99
2786.36
2782.33
2778.37
2774.9
2772.48
2771.42
2774.87
2781.95
2793.62
2783.09
2782.43
2782.13
2781.8
2781.65
2781.41
2781.24
2780.94
2780.61
2780.35
2780.33
2780.6
2781.01
2781.43
2781.86
2782.38
2783.07
2783.96
2785
2786.08
2787.12
2788.1
2789.03
2790
2791
2792.03
2792.99
2793.84
2794.58
2795.26
2795.95
2796.68
2797.41
2798.08
2798.66
2799.16
2799.64
2800.15
2800.68
2801.17
2801.58
2801.9
2802.19
2802.48
2802.76
2802.99
2803.11
2803.13
2803.09
2803.04
2802.97
2802.84
2802.63
2802.35
2802.06
2801.77
2801.48
2801.14
2800.71
2800.16
2799.5
2798.7
2797.75
2796.65
2795.4
2794.07
2792.64
2791.24
2790.39
2789.87
2789.94
2790.71
2791.51
2793.01
2794.15
2795.18
2795.67
2796.11
2796.4
2796.66
2796.92
2797.34
2797.71
2798.11
2798.46
2798.79
2799.15
2799.54
2799.94
2800.39
2800.83
2801.22
2801.62
2802.05
2802.46
2802.86
2803.12
2803.38
2803.5
2803.51
2803.32
2802.98
2802.38
2801.69
2800.85
2799.65
2798.05
2795.9
2793.43
2790.3
2786.69
2782.67
2778.69
2775.17
2772.7
2771.56
2774.87
2781.77
2793.24
2783
2782.33
2782.01
2781.67
2781.5
2781.25
2781.08
2780.78
2780.44
2780.17
2780.13
2780.4
2780.79
2781.2
2781.63
2782.14
2782.82
2783.71
2784.75
2785.83
2786.87
2787.85
2788.79
2789.75
2790.77
2791.8
2792.77
2793.63
2794.37
2795.06
2795.76
2796.5
2797.24
2797.92
2798.5
2799.01
2799.5
2800.02
2800.55
2801.05
2801.47
2801.8
2802.1
2802.39
2802.68
2802.92
2803.04
2803.07
2803.04
2803
2802.93
2802.81
2802.6
2802.33
2802.04
2801.76
2801.47
2801.13
2800.7
2800.16
2799.5
2798.7
2797.75
2796.64
2795.39
2794.07
2792.63
2791.21
2790.34
2789.85
2789.92
2790.71
2791.53
2793.04
2794.2
2795.26
2795.76
2796.2
2796.49
2796.77
2797.03
2797.46
2797.83
2798.25
2798.61
2798.92
2799.27
2799.68
2800.13
2800.55
2800.95
2801.4
2801.79
2802.21
2802.67
2803.03
2803.28
2803.57
2803.73
2803.75
2803.52
2803.13
2802.63
2801.97
2801.12
2799.93
2798.3
2796.22
2793.71
2790.63
2787.02
2783.01
2779.02
2775.46
2772.93
2771.7
2774.86
2781.59
2792.84
2782.91
2782.22
2781.89
2781.54
2781.35
2781.09
2780.91
2780.61
2780.26
2779.98
2779.93
2780.18
2780.55
2780.96
2781.38
2781.89
2782.57
2783.45
2784.48
2785.56
2786.61
2787.59
2788.53
2789.5
2790.52
2791.56
2792.53
2793.4
2794.16
2794.85
2795.56
2796.3
2797.05
2797.74
2798.33
2798.85
2799.35
2799.88
2800.42
2800.93
2801.35
2801.69
2802
2802.3
2802.6
2802.84
2802.98
2803.01
2802.99
2802.95
2802.9
2802.78
2802.57
2802.3
2802.02
2801.75
2801.46
2801.12
2800.7
2800.16
2799.5
2798.7
2797.76
2796.64
2795.39
2794.06
2792.63
2791.18
2790.29
2789.82
2789.9
2790.7
2791.55
2793.08
2794.26
2795.34
2795.84
2796.29
2796.6
2796.88
2797.14
2797.58
2797.96
2798.37
2798.74
2799.08
2799.45
2799.85
2800.26
2800.71
2801.16
2801.55
2801.98
2802.39
2802.83
2803.21
2803.47
2803.75
2803.9
2803.92
2803.73
2803.37
2802.91
2802.12
2801.37
2800.2
2798.62
2796.51
2794.06
2790.97
2787.38
2783.38
2779.36
2775.76
2773.17
2771.85
2774.86
2781.4
2792.41
2782.81
2782.11
2781.77
2781.4
2781.2
2780.93
2780.74
2780.42
2780.07
2779.79
2779.71
2779.95
2780.31
2780.71
2781.12
2781.62
2782.3
2783.17
2784.21
2785.29
2786.33
2787.31
2788.26
2789.24
2790.26
2791.31
2792.29
2793.16
2793.93
2794.64
2795.35
2796.1
2796.86
2797.56
2798.16
2798.69
2799.2
2799.73
2800.28
2800.8
2801.23
2801.58
2801.89
2802.2
2802.51
2802.76
2802.91
2802.95
2802.94
2802.9
2802.86
2802.74
2802.54
2802.28
2802
2801.73
2801.45
2801.12
2800.69
2800.16
2799.5
2798.7
2797.76
2796.64
2795.39
2794.06
2792.62
2791.15
2790.24
2789.8
2789.88
2790.69
2791.58
2793.12
2794.32
2795.43
2795.94
2796.39
2796.71
2797
2797.26
2797.71
2798.09
2798.52
2798.89
2799.22
2799.59
2800.01
2800.46
2800.88
2801.3
2801.76
2802.15
2802.57
2803.02
2803.41
2803.68
2803.96
2804.11
2804.14
2803.97
2803.65
2803.11
2802.48
2801.66
2800.5
2798.9
2796.85
2794.39
2791.33
2787.74
2783.76
2779.72
2776.08
2773.42
2772
2774.85
2781.19
2791.95
2782.71
2781.99
2781.64
2781.25
2781.03
2780.75
2780.56
2780.24
2779.88
2779.58
2779.49
2779.71
2780.06
2780.45
2780.85
2781.34
2782.01
2782.89
2783.92
2785
2786.04
2787.03
2787.98
2788.96
2789.99
2791.04
2792.03
2792.92
2793.69
2794.41
2795.13
2795.89
2796.66
2797.37
2797.98
2798.51
2799.03
2799.58
2800.14
2800.66
2801.1
2801.46
2801.78
2802.1
2802.42
2802.68
2802.83
2802.88
2802.88
2802.86
2802.81
2802.71
2802.51
2802.25
2801.98
2801.71
2801.44
2801.11
2800.69
2800.16
2799.5
2798.71
2797.76
2796.64
2795.39
2794.06
2792.62
2791.12
2790.18
2789.77
2789.86
2790.68
2791.61
2793.16
2794.38
2795.51
2796.04
2796.51
2796.83
2797.12
2797.39
2797.85
2798.23
2798.66
2799.04
2799.4
2799.77
2800.17
2800.6
2801.07
2801.5
2801.91
2802.34
2802.77
2803.25
2803.63
2803.89
2804.21
2804.38
2804.42
2804.23
2803.81
2803.39
2802.72
2801.95
2800.79
2799.24
2797.19
2794.76
2791.71
2788.13
2784.16
2780.1
2776.42
2773.68
2772.17
2774.84
2780.98
2791.46
2782.61
2781.87
2781.51
2781.09
2780.86
2780.57
2780.37
2780.04
2779.67
2779.36
2779.26
2779.46
2779.8
2780.17
2780.57
2781.05
2781.72
2782.59
2783.62
2784.7
2785.74
2786.73
2787.68
2788.67
2789.71
2790.76
2791.77
2792.66
2793.44
2794.16
2794.9
2795.67
2796.45
2797.17
2797.79
2798.33
2798.86
2799.42
2799.98
2800.52
2800.97
2801.34
2801.67
2802
2802.32
2802.59
2802.76
2802.82
2802.82
2802.8
2802.77
2802.67
2802.48
2802.23
2801.96
2801.7
2801.43
2801.1
2800.69
2800.16
2799.5
2798.71
2797.76
2796.64
2795.38
2794.05
2792.61
2791.09
2790.11
2789.74
2789.84
2790.67
2791.64
2793.21
2794.44
2795.6
2796.15
2796.61
2796.95
2797.25
2797.52
2797.98
2798.39
2798.82
2799.2
2799.54
2799.93
2800.36
2800.81
2801.24
2801.67
2802.11
2802.55
2802.99
2803.45
2803.82
2804.1
2804.33
2804.48
2804.53
2804.4
2804.13
2803.67
2803.06
2802.23
2801.12
2799.57
2797.56
2795.14
2792.11
2788.54
2784.58
2780.5
2776.77
2773.97
2772.35
2774.83
2780.76
2790.93
2782.5
2781.74
2781.36
2780.93
2780.68
2780.38
2780.17
2779.83
2779.46
2779.14
2779.01
2779.2
2779.52
2779.89
2780.27
2780.75
2781.41
2782.28
2783.3
2784.38
2785.43
2786.41
2787.37
2788.37
2789.41
2790.48
2791.48
2792.38
2793.18
2793.91
2794.66
2795.44
2796.23
2796.96
2797.59
2798.14
2798.68
2799.25
2799.82
2800.37
2800.83
2801.2
2801.54
2801.89
2802.22
2802.5
2802.67
2802.75
2802.76
2802.75
2802.72
2802.63
2802.45
2802.2
2801.94
2801.68
2801.42
2801.09
2800.68
2800.16
2799.5
2798.71
2797.76
2796.64
2795.38
2794.05
2792.6
2791.07
2790.04
2789.7
2789.82
2790.66
2791.66
2793.25
2794.5
2795.69
2796.26
2796.74
2797.08
2797.39
2797.66
2798.13
2798.52
2798.97
2799.37
2799.74
2800.12
2800.53
2800.97
2801.43
2801.87
2802.34
2802.76
2803.19
2803.66
2804.06
2804.3
2804.64
2804.82
2804.87
2804.73
2804.39
2803.95
2803.32
2802.56
2801.46
2799.93
2797.93
2795.54
2792.52
2788.96
2785.03
2780.92
2777.14
2774.26
2772.54
2774.82
2780.52
2790.37
2782.38
2781.61
2781.22
2780.76
2780.5
2780.18
2779.96
2779.62
2779.23
2778.9
2778.76
2778.93
2779.24
2779.59
2779.96
2780.44
2781.09
2781.95
2782.97
2784.05
2785.1
2786.09
2787.05
2788.05
2789.1
2790.17
2791.19
2792.1
2792.9
2793.65
2794.4
2795.2
2796
2796.73
2797.38
2797.94
2798.49
2799.07
2799.66
2800.21
2800.68
2801.07
2801.42
2801.77
2802.12
2802.41
2802.59
2802.67
2802.69
2802.69
2802.67
2802.59
2802.41
2802.17
2801.91
2801.66
2801.41
2801.09
2800.68
2800.16
2799.51
2798.72
2797.77
2796.65
2795.38
2794.04
2792.59
2791.04
2789.97
2789.66
2789.79
2790.64
2791.7
2793.28
2794.56
2795.78
2796.37
2796.86
2797.21
2797.53
2797.8
2798.29
2798.7
2799.14
2799.53
2799.9
2800.29
2800.72
2801.17
2801.65
2802.11
2802.54
2802.97
2803.42
2803.91
2804.24
2804.59
2804.88
2805.05
2805.11
2804.97
2804.71
2804.27
2803.66
2802.88
2801.81
2800.31
2798.33
2795.96
2792.97
2789.41
2785.5
2781.36
2777.53
2774.57
2772.73
2774.81
2780.27
2789.77
2782.26
2781.48
2781.06
2780.59
2780.3
2779.97
2779.74
2779.39
2779
2778.65
2778.49
2778.64
2778.94
2779.28
2779.64
2780.11
2780.75
2781.61
2782.63
2783.7
2784.75
2785.74
2786.71
2787.71
2788.77
2789.85
2790.88
2791.8
2792.61
2793.37
2794.14
2794.94
2795.75
2796.5
2797.15
2797.73
2798.29
2798.88
2799.48
2800.04
2800.52
2800.92
2801.29
2801.65
2802.01
2802.31
2802.5
2802.59
2802.62
2802.63
2802.62
2802.54
2802.37
2802.14
2801.89
2801.64
2801.39
2801.08
2800.68
2800.16
2799.51
2798.72
2797.77
2796.65
2795.38
2794.03
2792.57
2791.01
2789.89
2789.61
2789.78
2790.62
2791.75
2793.33
2794.63
2795.88
2796.5
2797
2797.35
2797.67
2797.96
2798.44
2798.84
2799.3
2799.7
2800.08
2800.49
2800.94
2801.41
2801.86
2802.31
2802.76
2803.19
2803.65
2804.11
2804.55
2804.82
2805.16
2805.36
2805.43
2805.3
2805
2804.57
2803.97
2803.25
2802.18
2800.7
2798.75
2796.39
2793.42
2789.88
2785.98
2781.82
2777.94
2774.9
2772.94
2774.8
2780.01
2789.13
2782.14
2781.33
2780.91
2780.41
2780.1
2779.75
2779.52
2779.16
2778.75
2778.4
2778.22
2778.35
2778.63
2778.95
2779.31
2779.77
2780.4
2781.25
2782.27
2783.34
2784.39
2785.38
2786.36
2787.37
2788.43
2789.52
2790.56
2791.48
2792.31
2793.08
2793.86
2794.67
2795.5
2796.26
2796.92
2797.51
2798.09
2798.68
2799.3
2799.87
2800.36
2800.77
2801.15
2801.52
2801.9
2802.21
2802.41
2802.51
2802.55
2802.57
2802.57
2802.5
2802.34
2802.11
2801.86
2801.63
2801.38
2801.07
2800.67
2800.16
2799.51
2798.73
2797.78
2796.65
2795.38
2794.01
2792.56
2790.99
2789.81
2789.56
2789.77
2790.6
2791.78
2793.36
2794.7
2795.97
2796.62
2797.13
2797.5
2797.84
2798.1
2798.6
2799.01
2799.48
2799.91
2800.31
2800.72
2801.15
2801.61
2802.07
2802.53
2802.99
2803.41
2803.9
2804.42
2804.79
2805.11
2805.42
2805.61
2805.69
2805.57
2805.32
2804.92
2804.32
2803.6
2802.56
2801.12
2799.18
2796.85
2793.9
2790.37
2786.5
2782.31
2778.38
2775.24
2773.16
2774.78
2779.73
2788.44
2782.01
2781.19
2780.74
2780.22
2779.89
2779.52
2779.28
2778.92
2778.5
2778.13
2777.93
2778.04
2778.3
2778.61
2778.96
2779.41
2780.04
2780.88
2781.89
2782.96
2784.01
2785.01
2785.99
2787
2788.07
2789.17
2790.22
2791.15
2791.99
2792.77
2793.56
2794.39
2795.23
2796
2796.68
2797.28
2797.87
2798.48
2799.1
2799.69
2800.19
2800.62
2801
2801.39
2801.78
2802.1
2802.31
2802.42
2802.48
2802.51
2802.51
2802.45
2802.3
2802.07
2801.84
2801.61
2801.37
2801.07
2800.67
2800.16
2799.52
2798.73
2797.79
2796.66
2795.38
2794
2792.53
2790.96
2789.73
2789.51
2789.78
2790.59
2791.81
2793.41
2794.77
2796.08
2796.76
2797.28
2797.66
2797.98
2798.27
2798.78
2799.22
2799.68
2800.1
2800.5
2800.92
2801.37
2801.83
2802.3
2802.76
2803.22
2803.67
2804.14
2804.69
2805.08
2805.38
2805.73
2805.94
2806.03
2805.92
2805.65
2805.24
2804.68
2804
2802.96
2801.56
2799.64
2797.33
2794.4
2790.89
2787.03
2782.82
2778.83
2775.6
2773.39
2774.77
2779.44
2787.71
2781.88
2781.04
2780.57
2780.02
2779.67
2779.29
2779.03
2778.66
2778.23
2777.85
2777.63
2777.72
2777.96
2778.26
2778.59
2779.03
2779.66
2780.5
2781.5
2782.57
2783.62
2784.62
2785.6
2786.62
2787.7
2788.8
2789.86
2790.81
2791.66
2792.45
2793.25
2794.1
2794.94
2795.73
2796.42
2797.04
2797.64
2798.26
2798.9
2799.5
2800.02
2800.45
2800.85
2801.25
2801.65
2801.98
2802.21
2802.33
2802.4
2802.44
2802.45
2802.4
2802.25
2802.04
2801.81
2801.59
2801.35
2801.06
2800.67
2800.16
2799.52
2798.74
2797.8
2796.67
2795.38
2793.98
2792.5
2790.93
2789.64
2789.44
2789.8
2790.6
2791.82
2793.45
2794.85
2796.18
2796.9
2797.44
2797.8
2798.15
2798.47
2798.97
2799.39
2799.87
2800.29
2800.71
2801.14
2801.59
2802.07
2802.53
2803.02
2803.48
2803.89
2804.45
2804.99
2805.35
2805.68
2806.03
2806.24
2806.33
2806.24
2806
2805.62
2805.05
2804.4
2803.39
2802.01
2800.11
2797.83
2794.92
2791.43
2787.6
2783.36
2779.31
2775.99
2773.64
2774.76
2779.13
2786.94
2781.75
2780.88
2780.4
2779.82
2779.44
2779.04
2778.78
2778.4
2777.96
2777.56
2777.32
2777.39
2777.61
2777.89
2778.21
2778.65
2779.26
2780.09
2781.09
2782.16
2783.21
2784.21
2785.19
2786.22
2787.31
2788.42
2789.49
2790.45
2791.31
2792.11
2792.93
2793.79
2794.65
2795.45
2796.16
2796.79
2797.4
2798.04
2798.69
2799.3
2799.83
2800.28
2800.69
2801.11
2801.52
2801.87
2802.1
2802.24
2802.31
2802.36
2802.39
2802.34
2802.21
2802
2801.78
2801.57
2801.34
2801.05
2800.67
2800.16
2799.53
2798.75
2797.81
2796.68
2795.38
2793.95
2792.45
2790.9
2789.54
2789.37
2789.85
2790.57
2791.82
2793.5
2794.94
2796.29
2797.05
2797.58
2797.97
2798.35
2798.64
2799.15
2799.59
2800.06
2800.49
2800.93
2801.37
2801.83
2802.3
2802.81
2803.24
2803.73
2804.22
2804.71
2805.29
2805.66
2805.99
2806.36
2806.59
2806.69
2806.61
2806.37
2805.98
2805.45
2804.82
2803.84
2802.49
2800.61
2798.35
2795.46
2792
2788.19
2783.92
2779.82
2776.39
2773.9
2774.75
2778.81
2786.13
2781.61
2780.72
2780.21
2779.61
2779.21
2778.79
2778.51
2778.12
2777.67
2777.26
2777
2777.04
2777.24
2777.51
2777.82
2778.24
2778.85
2779.67
2780.67
2781.73
2782.78
2783.78
2784.77
2785.8
2786.9
2788.02
2789.1
2790.07
2790.94
2791.76
2792.59
2793.46
2794.34
2795.16
2795.88
2796.52
2797.15
2797.8
2798.47
2799.09
2799.64
2800.1
2800.53
2800.96
2801.38
2801.74
2801.99
2802.14
2802.22
2802.29
2802.32
2802.29
2802.16
2801.96
2801.75
2801.54
2801.33
2801.04
2800.67
2800.17
2799.53
2798.76
2797.82
2796.69
2795.38
2793.93
2792.4
2790.86
2789.45
2789.3
2789.86
2790.56
2791.83
2793.57
2795.04
2796.4
2797.18
2797.74
2798.16
2798.53
2798.84
2799.35
2799.79
2800.27
2800.71
2801.16
2801.61
2802.07
2802.58
2803.01
2803.56
2804.04
2804.48
2805.03
2805.6
2805.97
2806.32
2806.69
2806.92
2807.03
2806.97
2806.75
2806.39
2805.87
2805.26
2804.32
2802.99
2801.14
2798.89
2796.04
2792.6
2788.82
2784.52
2780.35
2776.81
2774.17
2774.74
2778.46
2785.27
2781.46
2780.55
2780.03
2779.39
2778.96
2778.53
2778.23
2777.83
2777.37
2776.94
2776.66
2776.68
2776.86
2777.11
2777.41
2777.82
2778.42
2779.24
2780.22
2781.28
2782.33
2783.33
2784.33
2785.36
2786.47
2787.6
2788.69
2789.67
2790.56
2791.39
2792.24
2793.12
2794.01
2794.85
2795.58
2796.24
2796.88
2797.55
2798.24
2798.88
2799.43
2799.91
2800.35
2800.8
2801.24
2801.61
2801.88
2802.03
2802.13
2802.21
2802.25
2802.23
2802.11
2801.92
2801.72
2801.52
2801.31
2801.04
2800.67
2800.17
2799.54
2798.77
2797.83
2796.7
2795.38
2793.89
2792.34
2790.82
2789.36
2789.23
2789.97
2790.49
2791.82
2793.64
2795.14
2796.51
2797.34
2797.93
2798.34
2798.72
2799.03
2799.55
2800
2800.48
2800.94
2801.41
2801.86
2802.35
2802.8
2803.36
2803.84
2804.32
2804.81
2805.33
2805.93
2806.31
2806.67
2807.05
2807.3
2807.42
2807.37
2807.15
2806.8
2806.32
2805.73
2804.81
2803.51
2801.69
2799.47
2796.64
2793.22
2789.46
2785.14
2780.91
2777.25
2774.46
2774.73
2778.1
2784.38
2781.31
2780.38
2779.83
2779.17
2778.71
2778.25
2777.95
2777.54
2777.06
2776.62
2776.31
2776.3
2776.46
2776.7
2776.98
2777.39
2777.97
2778.78
2779.76
2780.82
2781.86
2782.87
2783.87
2784.91
2786.02
2787.16
2788.26
2789.26
2790.15
2791
2791.86
2792.77
2793.67
2794.52
2795.27
2795.95
2796.61
2797.29
2797.99
2798.65
2799.22
2799.71
2800.17
2800.64
2801.09
2801.48
2801.75
2801.92
2802.04
2802.12
2802.18
2802.17
2802.06
2801.88
2801.69
2801.5
2801.3
2801.03
2800.67
2800.18
2799.55
2798.78
2797.85
2796.72
2795.38
2793.86
2792.27
2790.76
2789.26
2789.16
2790.07
2790.4
2791.83
2793.72
2795.25
2796.63
2797.52
2798.11
2798.52
2798.91
2799.25
2799.77
2800.22
2800.71
2801.18
2801.65
2802.14
2802.58
2803.15
2803.64
2804.15
2804.65
2805.12
2805.68
2806.25
2806.66
2807.03
2807.43
2807.68
2807.81
2807.77
2807.58
2807.25
2806.78
2806.22
2805.33
2804.06
2802.26
2800.06
2797.26
2793.88
2790.14
2785.79
2781.5
2777.72
2774.77
2774.72
2777.72
2783.43
2789.08
2790.2
2790.29
2791.85
2793.82
2795.37
2796.76
2797.68
2798.29
2798.71
2799.12
2799.47
2799.99
2800.45
2800.95
2801.42
2801.93
2802.37
2802.92
2803.43
2803.97
2804.46
2804.96
2805.48
2806.03
2806.6
2807.03
2807.42
2807.83
2808.08
2808.22
2808.2
2808.02
2807.71
2807.27
2806.73
2805.87
2804.63
2802.86
2800.69
2797.92
2794.57
2790.85
2786.48
2782.12
2778.21
2775.1
2774.72
2777.32
2782.45
2796.89
2797.85
2798.48
2798.92
2799.33
2799.71
2800.22
2800.68
)
;

boundaryField
{
    inlet
    {
        type            fixedValue;
        value           nonuniform List<scalar> 0();
    }
    obstacle
    {
        type            zeroGradient;
    }
    bottom
    {
        type            symmetry;
    }
    outlet
    {
        type            zeroGradient;
    }
    top
    {
        type            symmetry;
    }
    defaultFaces
    {
        type            empty;
    }
    procBoundary2to0
    {
        type            processor;
        value           nonuniform List<scalar> 
123
(
2929.36
2854.35
2816.18
2793.36
2778.07
2767.83
2761.51
2759.64
2759.48
2760.96
2764.18
2768.14
2771.99
2775.48
2778.55
2781.13
2783.32
2785.22
2786.88
2788.2
2789.2
2789.97
2790.53
2790.91
2791.15
2791.25
2791.28
2791.27
2791.23
2791.13
2790.98
2790.81
2790.62
2790.46
2790.36
2790.31
2790.3
2790.31
2790.34
2790.38
2790.43
2790.54
2790.7
2790.75
2790.88
2790.8
2790.7
2790.37
2790.15
2790.05
2790.13
2790.54
2791.23
2792.12
2793.23
2794.43
2795.6
2796.75
2797.83
2798.82
2799.72
2800.51
2801.2
2801.81
2802.34
2802.85
2803.35
2803.86
2804.36
2804.81
2805.21
2805.59
2805.99
2806.43
2806.84
2807.17
2807.41
2807.6
2807.79
2807.96
2808.05
2808.04
2807.95
2807.85
2807.79
2807.76
2807.7
2807.58
2807.38
2807.15
2806.92
2806.71
2806.5
2806.23
2805.84
2805.33
2804.75
2804.16
2803.58
2802.95
2802.22
2802.22
2802.01
2801.03
2800
2799.03
2798.17
2798.17
2798.07
2797.21
2796.17
2794.97
2793.77
2792.79
2792.22
2791.96
2791.83
2791.55
2791.18
2790.55
2789.9
2789.38
2789.18
)
;
    }
    procBoundary2to1
    {
        type            processor;
        value           nonuniform List<scalar> 
42
(
2964.57
2965.64
2966.61
2967.43
2968.14
2968.73
2969.22
2969.59
2969.87
2970.05
2970.16
2970.19
2970.15
2970.05
2969.9
2969.74
2969.53
2969.31
2969.09
2968.79
2968.51
2968.18
2967.89
2967.69
2967.61
2967.73
2968.09
2968.73
2969.8
2971.4
2973.76
2977
2981.26
2985.91
2990.41
2994.83
2999
3003.35
3008.18
3013.81
3019.76
3025.2
)
;
    }
    procBoundary2to3
    {
        type            processor;
        value           nonuniform List<scalar> 
122
(
2781.16
2780.2
2779.63
2778.94
2778.45
2777.97
2777.65
2777.23
2776.74
2776.28
2775.95
2775.92
2776.05
2776.27
2776.54
2776.93
2777.51
2778.31
2779.28
2780.33
2781.38
2782.38
2783.39
2784.43
2785.55
2786.7
2787.81
2788.82
2789.73
2790.6
2791.47
2792.39
2793.32
2794.18
2794.95
2795.64
2796.32
2797.02
2797.74
2798.41
2799
2799.51
2799.98
2800.46
2800.93
2801.33
2801.62
2801.81
2801.93
2802.04
2802.1
2802.1
2802.01
2801.84
2801.65
2801.48
2801.28
2801.02
2800.67
2800.18
2799.57
2798.8
2797.87
2796.74
2795.38
2793.82
2792.18
2790.7
2789.19
2789.19
2789.06
2790.3
2790.16
2791.88
2793.91
2795.52
2801.22
2801.7
2802.17
2802.71
2803.21
2803.77
2804.28
2804.79
2805.32
2805.83
2806.41
2806.96
2807.42
2807.82
2808.24
2808.5
2808.65
2808.65
2808.49
2808.2
2807.78
2807.26
2806.44
2805.23
2803.49
2801.35
2798.61
2795.29
2791.6
2787.2
2782.78
2778.73
2775.45
2774.71
2776.9
2781.41
2795.52
2797.02
2798.02
2798.68
2799.13
2799.55
2799.96
2800.44
2801.22
2800.96
)
;
    }
    procBoundary2to5
    {
        type            processor;
        value           nonuniform List<scalar> 
42
(
2879.71
2821.16
2821.16
2821.8
2820.56
2818.37
2818.1
2818.53
2819
2818.55
2817.55
2817.13
2817
2816.55
2815.98
2815.48
2814.98
2814.42
2813.83
2813.21
2812.57
2811.88
2811.16
2810.39
2809.59
2808.74
2807.84
2806.89
2805.91
2804.87
2803.81
2802.71
2801.58
2800.4
2799.17
2797.86
2796.47
2794.98
2793.37
2791.65
2789.78
2787.84
)
;
    }
}


// ************************************************************************* //
