/*--------------------------------*- C++ -*----------------------------------*\
| =========                 |                                                 |
| \\      /  F ield         | OpenFOAM: The Open Source CFD Toolbox           |
|  \\    /   O peration     | Version:  2412                                  |
|   \\  /    A nd           | Website:  www.openfoam.com                      |
|    \\/     M anipulation  |                                                 |
\*---------------------------------------------------------------------------*/
FoamFile
{
    version     2.0;
    format      ascii;
    arch        "LSB;label=32;scalar=64";
    class       volScalarField;
    location    "0.014";
    object      p;
}
// * * * * * * * * * * * * * * * * * * * * * * * * * * * * * * * * * * * * * //

dimensions      [1 -1 -2 0 0 0 0];

internalField   nonuniform List<scalar> 
9922
(
3281.89
2978.7
2957.48
2924.32
2884.38
2844.36
2813.75
2796.89
2791.07
2790.06
2790
2790
2790
2790
2790.02
2790.46
2793.94
2802.02
2808.43
2809.46
2804.42
2783.33
2754.06
2726.57
2701.69
2677.38
2652.44
2626.9
2601.7
2578.47
2559.56
2547.28
2542.16
2541.51
2543.41
2546.45
2547.67
2546
2539.84
2529.11
2516.47
2504.16
2492.19
2478.9
2463.1
2445.34
2426.8
2407.97
2388.58
2368.41
2347.85
2327.56
2307.55
2286.04
2257.6
2213.96
2156.65
2104.44
2070.31
2049.26
2034.05
2020.54
2006.87
1993.08
1979.36
1966.25
1953.66
1941.75
1930.28
1919.36
1908.7
1898.59
1888.8
1879.47
1870.44
1861.67
1853.3
1845.21
1837.54
1830.23
1823.15
1816.32
1809.61
1803.19
1797.07
1791.26
1785.61
1780.09
1774.85
1769.88
1765.17
1760.73
1756.43
1752.27
1748.22
1744.33
1740.57
1736.98
1733.52
1730.2
1727
1723.92
1720.95
1718.09
1715.34
1712.72
1710.21
1707.85
1705.58
1703.45
1701.42
1699.47
1697.57
1695.76
1694.08
1692.42
1690.89
1689.38
1687.98
1686.72
1684.28
3278.91
2978.47
2956.28
2922.76
2882.77
2843.02
2812.9
2796.53
2790.99
2790.05
2790
2790
2790
2790
2790.01
2790.43
2793.78
2801.85
2808.49
2809.7
2805.03
2784.52
2755.4
2727.94
2703.24
2679.27
2654.72
2629.53
2604.44
2580.79
2560.72
2546.57
2539.48
2537.79
2539.12
2541.97
2543.57
2542.82
2538.08
2528.37
2516.09
2503.74
2491.61
2478.2
2462.39
2444.65
2426.12
2407.25
2387.79
2367.62
2347.28
2327.24
2306.41
2280.5
2241.37
2186.59
2131.51
2093.09
2069.65
2053.01
2038.75
2024.62
2010.29
1995.95
1982.25
1969.13
1956.7
1944.78
1933.36
1922.33
1911.76
1901.54
1891.9
1882.47
1873.63
1864.88
1856.55
1848.53
1840.9
1833.7
1826.68
1819.79
1813.18
1806.85
1800.86
1794.94
1789.21
1783.66
1778.35
1773.38
1768.64
1764.12
1759.76
1755.59
1751.57
1747.72
1744.02
1740.47
1737.08
1733.84
1730.73
1727.74
1724.86
1722.09
1719.43
1716.88
1714.43
1712.09
1709.83
1707.7
1705.67
1703.73
1701.84
1700.05
1698.4
1696.77
1695.28
1693.8
1692.43
1691.13
1688.88
3275.8
2978.25
2955.03
2921.14
2881.11
2841.65
2812.04
2796.18
2790.92
2790.05
2790
2790
2790
2790
2790.01
2790.39
2793.63
2801.68
2808.55
2809.94
2805.62
2785.7
2756.74
2729.31
2704.78
2681.11
2656.96
2632.15
2607.25
2583.36
2562.31
2546.36
2537.03
2534.12
2534.69
2537.09
2539.11
2539.22
2535.78
2527.33
2515.7
2503.45
2491.18
2477.64
2461.77
2444.03
2425.46
2406.51
2387.01
2367.02
2346.98
2326.51
2302.5
2267.58
2216.41
2159.86
2117.19
2091.03
2072.77
2057.66
2043.07
2028.19
2013.22
1998.89
1985.18
1972.27
1959.85
1947.95
1936.51
1925.42
1914.83
1904.61
1894.8
1885.42
1876.37
1867.69
1859.36
1851.42
1843.89
1836.64
1829.66
1822.79
1816.28
1810.04
1803.96
1798.07
1792.38
1787.02
1782
1777.19
1772.54
1767.98
1763.59
1759.36
1755.31
1751.43
1747.67
1744.06
1740.57
1737.21
1733.99
1730.9
1727.95
1725.13
1722.45
1719.9
1717.48
1715.18
1712.96
1710.88
1708.85
1706.93
1705.09
1703.34
1701.71
1700.1
1698.61
1697.14
1695.82
1694.53
1692.38
3272.6
2978.02
2953.74
2919.47
2879.41
2840.25
2811.18
2795.83
2790.84
2790.04
2790
2790
2790
2790
2790.01
2790.36
2793.47
2801.5
2808.59
2810.19
2806.2
2786.9
2758.11
2730.69
2706.29
2682.92
2659.15
2634.73
2610.1
2586.1
2564.25
2546.58
2535.12
2530.49
2530.08
2531.94
2534.26
2535.02
2532.71
2525.82
2515.18
2503.22
2490.91
2477.24
2461.28
2443.47
2424.81
2405.8
2386.42
2366.72
2346.51
2323.79
2292.32
2245.2
2188.64
2142.25
2113.21
2093.34
2077.28
2062.2
2046.77
2031.17
2016.1
2001.67
1988.16
1975.22
1962.89
1950.96
1939.5
1928.48
1917.82
1907.64
1897.88
1888.49
1879.54
1870.8
1862.53
1854.59
1846.99
1839.74
1832.7
1825.92
1819.38
1813.1
1806.97
1801.03
1795.43
1790.16
1785.15
1780.29
1775.56
1770.96
1766.56
1762.4
1758.43
1754.66
1751.01
1747.52
1744.1
1740.82
1737.63
1734.58
1731.65
1728.85
1726.17
1723.61
1721.17
1718.84
1716.59
1714.46
1712.38
1710.4
1708.46
1706.61
1704.87
1703.11
1701.5
1699.9
1698.47
1697.09
1694.89
3269.26
2977.8
2952.41
2917.75
2877.66
2838.83
2810.31
2795.49
2790.77
2790.04
2790
2790
2790
2790
2790.01
2790.33
2793.32
2801.31
2808.62
2810.43
2806.75
2788.1
2759.49
2732.06
2707.79
2684.69
2661.29
2637.27
2612.96
2589.01
2566.6
2547.41
2533.87
2526.95
2525.37
2526.6
2528.88
2530.13
2528.88
2523.76
2514.4
2502.97
2490.75
2477
2460.94
2443
2424.26
2405.31
2386.15
2366.38
2344.57
2315.84
2272.83
2217.57
2168.17
2136.05
2114.69
2097.73
2082.11
2066.13
2049.94
2034.13
2018.93
2004.7
1991.18
1978.32
1965.9
1953.95
1942.39
1931.36
1920.64
1910.41
1900.66
1891.28
1882.33
1873.64
1865.45
1857.62
1850.16
1842.91
1835.94
1829.16
1822.62
1816.31
1810.21
1804.38
1798.91
1793.69
1788.64
1783.72
1778.89
1774.25
1769.81
1765.57
1761.5
1757.59
1753.85
1750.29
1746.88
1743.61
1740.45
1737.44
1734.55
1731.8
1729.17
1726.66
1724.26
1721.97
1719.73
1717.58
1715.5
1713.5
1711.55
1709.69
1707.98
1706.26
1704.71
1703.18
1701.81
1700.52
1698.28
3265.82
2977.57
2951.02
2915.98
2875.86
2837.38
2809.45
2795.15
2790.7
2790.03
2790
2790
2790
2790
2790.01
2790.31
2793.16
2801.11
2808.65
2810.67
2807.3
2789.31
2760.9
2733.45
2709.26
2686.41
2663.38
2639.76
2615.81
2592.01
2569.28
2549.05
2533.49
2523.75
2520.63
2520.99
2522.87
2524.5
2524.27
2520.84
2513.06
2502.52
2490.59
2476.87
2460.74
2442.7
2423.94
2405.09
2385.9
2364.93
2338.23
2298.8
2245.71
2194.35
2159.27
2136.61
2118.81
2102.66
2086.19
2069.5
2052.96
2036.93
2021.89
2007.66
1994.22
1981.33
1968.87
1956.89
1945.34
1934.15
1923.51
1913.17
1903.48
1894.01
1885.05
1876.38
1868.14
1860.29
1852.77
1845.59
1838.69
1831.88
1825.36
1819.06
1813.07
1807.45
1802.11
1796.94
1791.86
1786.93
1782.25
1777.8
1773.54
1769.36
1765.31
1761.37
1757.62
1754.02
1750.57
1747.25
1744.03
1740.97
1738.03
1735.23
1732.55
1729.98
1727.53
1725.17
1722.9
1720.72
1718.65
1716.64
1714.73
1712.93
1711.31
1709.68
1708.18
1706.67
1705.31
1704.09
1701.71
3262.23
2977.34
2949.59
2914.14
2874.02
2835.91
2808.58
2794.82
2790.64
2790.03
2790
2790
2790
2790
2790.01
2790.28
2793.01
2800.9
2808.66
2810.91
2807.82
2790.53
2762.32
2734.84
2710.74
2688.12
2665.42
2642.19
2618.62
2595.08
2572.26
2551.21
2533.73
2521.31
2515.81
2514.96
2516.28
2518.13
2518.68
2516.75
2510.87
2501.66
2490.31
2476.75
2460.62
2442.56
2423.78
2404.84
2384.66
2359.62
2323.26
2272.8
2220.56
2182.83
2158.92
2140.34
2123.75
2106.99
2089.88
2072.63
2055.8
2039.93
2024.86
2010.72
1997.23
1984.27
1971.81
1959.7
1948.17
1936.94
1926.28
1916.14
1906.3
1896.96
1887.9
1879.26
1871.08
1863.32
1855.89
1848.64
1841.56
1834.76
1828.11
1821.9
1815.99
1810.34
1804.97
1799.64
1794.47
1789.53
1784.88
1780.51
1776.28
1772.14
1768.11
1764.25
1760.55
1757.02
1753.62
1750.38
1747.26
1744.31
1741.45
1738.73
1736.07
1733.52
1731.04
1728.68
1726.42
1724.29
1722.27
1720.34
1718.47
1716.7
1715.06
1713.41
1711.9
1710.39
1709.02
1707.81
1705.38
3258.54
2977.11
2948.12
2912.25
2872.13
2834.42
2807.71
2794.5
2790.57
2790.02
2790
2790
2790
2790
2790.01
2790.26
2792.86
2800.68
2808.66
2811.15
2808.33
2791.75
2763.77
2736.25
2712.2
2689.78
2667.4
2644.56
2621.38
2598.16
2575.4
2553.83
2534.85
2520.28
2511.17
2508.53
2509.03
2510.73
2511.82
2511.15
2507.36
2499.94
2489.62
2476.47
2460.46
2442.39
2423.46
2403.54
2379.67
2345.77
2298.03
2246.02
2206.48
2181.42
2162.12
2145.2
2128.4
2110.99
2093.09
2075.57
2058.86
2042.89
2027.94
2013.72
2000.21
1987.18
1974.6
1962.49
1950.77
1939.65
1928.86
1918.71
1908.88
1899.44
1890.51
1881.88
1873.76
1866.08
1858.71
1851.47
1844.46
1837.57
1831.07
1824.97
1819.13
1813.55
1808.13
1802.9
1797.82
1793.01
1788.39
1783.92
1779.52
1775.24
1771.12
1767.19
1763.43
1759.78
1756.28
1752.94
1749.78
1746.78
1743.92
1741.19
1738.57
1736.09
1733.72
1731.48
1729.32
1727.29
1725.35
1723.49
1721.68
1719.94
1718.34
1716.74
1715.29
1713.84
1712.5
1711.29
1708.95
3254.68
2976.86
2946.58
2910.29
2870.19
2832.9
2806.84
2794.18
2790.51
2790.02
2790
2790
2790
2790
2790.01
2790.23
2792.7
2800.45
2808.66
2811.39
2808.82
2792.98
2765.23
2737.67
2713.66
2691.43
2669.34
2646.87
2624.09
2601.22
2578.66
2556.88
2537
2520.36
2507.89
2501.76
2500.8
2501.99
2503.33
2503.69
2501.85
2496.69
2487.95
2475.61
2459.86
2441.63
2421.65
2398.17
2366.04
2321.02
2270.32
2229.97
2203.96
2184.04
2166.83
2150.12
2132.6
2114.34
2096.22
2078.65
2061.83
2046.04
2031.01
2016.79
2003.17
1990.08
1977.43
1965.26
1953.51
1942.33
1931.62
1921.3
1911.53
1902.03
1893.05
1884.44
1876.35
1868.64
1861.22
1853.88
1846.83
1840.05
1833.62
1827.58
1821.76
1816.13
1810.61
1805.34
1800.38
1795.66
1791.11
1786.6
1782.2
1778.01
1774.09
1770.35
1766.72
1763.16
1759.71
1756.4
1753.23
1750.19
1747.27
1744.47
1741.79
1739.24
1736.8
1734.48
1732.28
1730.21
1728.19
1726.29
1724.44
1722.7
1721.09
1719.47
1718.02
1716.59
1715.33
1714.14
1712.03
3250.71
2976.59
2944.97
2908.25
2868.21
2831.37
2805.97
2793.87
2790.46
2790.02
2790
2790
2790
2790
2790.01
2790.21
2792.55
2800.21
2808.64
2811.63
2809.29
2794.21
2766.72
2739.11
2715.12
2693.04
2671.24
2649.11
2626.72
2604.23
2581.94
2560.16
2539.68
2521.57
2507
2496.17
2491.79
2491.53
2492.65
2493.61
2493.28
2490.6
2483.93
2472.82
2457.35
2438.06
2414.45
2383.17
2340.66
2292.51
2252.84
2226.43
2206.06
2188.55
2171.97
2154.55
2136.22
2117.65
2099.31
2081.71
2065.06
2049.13
2034.08
2019.74
2006.02
1992.85
1980.11
1967.86
1956.14
1944.85
1934.18
1923.8
1914.09
1904.69
1895.74
1887.23
1879.22
1871.53
1864.04
1856.64
1849.53
1842.95
1836.57
1830.59
1824.76
1819.05
1813.61
1808.3
1803.27
1798.42
1793.66
1788.94
1784.42
1780.22
1776.33
1772.61
1768.98
1765.47
1762.15
1759.03
1756.05
1753.17
1750.36
1747.64
1745.01
1742.49
1740.06
1737.75
1735.55
1733.47
1731.39
1729.46
1727.55
1725.76
1724.09
1722.39
1720.82
1719.24
1717.81
1716.42
1714.24
3246.55
2976.28
2943.26
2906.14
2866.18
2829.82
2805.1
2793.57
2790.41
2790.01
2790
2790
2790
2790
2790
2790.19
2792.41
2799.96
2808.6
2811.86
2809.75
2795.45
2768.23
2740.58
2716.59
2694.65
2673.09
2651.29
2629.27
2607.18
2585.23
2563.61
2542.87
2523.8
2507.53
2494.14
2484.17
2479.94
2479.26
2479.81
2480.37
2479.55
2475.17
2465.26
2449.29
2426.84
2396.22
2356.17
2311.94
2274.83
2248.82
2228.13
2210.34
2193.84
2176.63
2158.48
2139.69
2120.78
2102.47
2084.97
2068.21
2052.35
2037.17
2022.72
2008.92
1995.58
1982.82
1970.45
1958.69
1947.29
1936.46
1926.24
1916.41
1907.14
1898.05
1889.61
1881.56
1873.9
1866.49
1859.14
1852.13
1845.65
1839.43
1833.39
1827.59
1822.01
1816.62
1811.44
1806.37
1801.46
1796.63
1792.01
1787.69
1783.68
1779.81
1775.95
1772.14
1768.52
1765.15
1761.98
1758.95
1756.01
1753.18
1750.45
1747.84
1745.35
1742.96
1740.7
1738.51
1736.45
1734.4
1732.49
1730.59
1728.81
1727.16
1725.48
1723.95
1722.42
1721.05
1719.65
1717.55
3242.29
2975.9
2941.44
2903.95
2864.11
2828.25
2804.24
2793.27
2790.36
2790.01
2790
2790
2790
2790
2790
2790.17
2792.26
2799.7
2808.56
2812.08
2810.21
2796.68
2769.77
2742.07
2718.06
2696.23
2674.91
2653.41
2631.75
2610.04
2588.45
2567.1
2546.35
2526.65
2509.02
2494.08
2481.22
2470.95
2465.19
2462.68
2461.74
2460.98
2457.45
2447.9
2429.94
2402.53
2366.62
2328.11
2295.46
2270.92
2250.22
2232.13
2215.64
2198.7
2180.86
2162.09
2142.91
2124.05
2105.77
2088.22
2071.52
2055.48
2040.22
2025.65
2011.68
1998.32
1985.4
1973.08
1961.13
1949.82
1938.89
1928.73
1918.9
1909.49
1900.62
1892.08
1884.06
1876.26
1868.77
1861.48
1854.58
1848.18
1841.88
1835.82
1830
1824.38
1819.06
1813.89
1808.81
1803.82
1799.04
1794.62
1790.61
1786.79
1782.96
1779.09
1775.33
1771.81
1768.5
1765.31
1762.25
1759.29
1756.45
1753.73
1751.09
1748.55
1746.12
1743.8
1741.56
1739.41
1737.36
1735.39
1733.45
1731.64
1730.01
1728.41
1726.98
1725.53
1724.21
1722.88
1720.76
3237.77
2975.42
2939.52
2901.69
2861.99
2826.66
2803.38
2792.99
2790.31
2790.01
2790
2790
2790
2790
2790
2790.15
2792.12
2799.43
2808.49
2812.29
2810.66
2797.9
2771.33
2743.58
2719.55
2697.81
2676.7
2655.49
2634.16
2612.82
2591.61
2570.57
2549.96
2530.13
2511.7
2495.26
2480.91
2467.88
2456.19
2447.37
2441.3
2436.67
2430.73
2419.44
2399.75
2372.24
2341.97
2314.91
2292.44
2272.19
2253.91
2237.34
2220.7
2203.26
2184.68
2165.47
2146.27
2127.37
2109.12
2091.64
2074.79
2058.69
2043.27
2028.52
2014.45
2000.92
1987.97
1975.48
1963.54
1952.11
1941.33
1931
1921.24
1911.78
1902.99
1894.59
1886.56
1878.79
1871.33
1864.24
1857.39
1850.97
1844.73
1838.76
1833.07
1827.46
1822.13
1816.87
1811.81
1806.85
1802.14
1797.79
1793.73
1789.74
1785.69
1781.7
1777.98
1774.53
1771.23
1768.02
1764.94
1762.03
1759.27
1756.63
1754.08
1751.63
1749.27
1747.02
1744.87
1742.8
1740.81
1738.91
1737.08
1735.36
1733.76
1732.13
1730.64
1729.14
1727.77
1726.47
1724.27
3233
2974.8
2937.53
2899.37
2859.83
2825.06
2802.53
2792.72
2790.27
2790.01
2790
2790
2790
2790
2790
2790.14
2791.98
2799.15
2808.41
2812.49
2811.1
2799.12
2772.91
2745.13
2721.05
2699.39
2678.45
2657.5
2636.5
2615.5
2594.67
2573.98
2553.64
2533.77
2514.82
2497.4
2481.87
2467.57
2453.97
2440.81
2428.83
2418.52
2408.17
2394.94
2377.05
2355.68
2333.85
2313.21
2293.71
2275.61
2259.02
2242.59
2225.56
2207.28
2188.23
2168.9
2149.6
2130.8
2112.62
2095.01
2078.13
2061.86
2046.27
2031.41
2017.15
2003.53
1990.45
1977.9
1965.88
1954.41
1943.58
1933.07
1923.22
1913.85
1905.02
1896.69
1888.67
1880.88
1873.4
1866.38
1859.54
1853.11
1846.96
1841.18
1835.59
1830.14
1824.78
1819.62
1814.62
1809.86
1805.33
1801.03
1796.87
1792.73
1788.65
1784.79
1781.22
1777.83
1774.49
1771.23
1768.1
1765.15
1762.35
1759.66
1757.06
1754.56
1752.16
1749.88
1747.71
1745.65
1743.69
1741.82
1740.02
1738.3
1736.73
1735.13
1733.67
1732.2
1730.85
1729.61
1727.26
3227.76
2974.03
2935.49
2896.99
2857.6
2823.43
2801.69
2792.45
2790.23
2790.01
2790
2790
2790
2790
2790
2790.12
2791.85
2798.86
2808.31
2812.69
2811.55
2800.33
2774.52
2746.72
2722.58
2700.97
2680.19
2659.48
2638.76
2618.1
2597.63
2577.3
2557.27
2537.58
2518.54
2500.41
2483.68
2468.46
2453.89
2439.67
2426.02
2413.25
2400.89
2387.25
2371.11
2352.7
2333.44
2314.68
2297.01
2280.65
2264.37
2247.66
2229.78
2211.05
2191.73
2172.28
2153.14
2134.37
2116.12
2098.53
2081.47
2065.04
2049.29
2034.2
2019.85
2006.05
1992.91
1980.27
1968.26
1956.69
1945.7
1935.28
1925.42
1916.22
1907.27
1898.88
1890.92
1883.22
1875.86
1868.82
1861.85
1855.4
1849.28
1843.61
1838.03
1832.56
1827.21
1822.05
1817.13
1812.42
1807.92
1803.53
1799.21
1794.99
1791.06
1787.49
1784.13
1780.84
1777.59
1774.45
1771.46
1768.63
1765.89
1763.25
1760.66
1758.19
1755.78
1753.49
1751.26
1749.11
1747.06
1745.1
1743.21
1741.42
1739.8
1738.16
1736.68
1735.22
1733.91
1732.74
1730.53
3222.15
2973.17
2933.42
2894.55
2855.33
2821.79
2800.86
2792.2
2790.2
2790
2790
2790
2790
2790
2790
2790.11
2791.71
2798.56
2808.19
2812.88
2811.98
2801.53
2776.15
2748.33
2724.12
2702.54
2681.91
2661.41
2640.97
2620.62
2600.49
2580.51
2560.81
2541.42
2522.48
2504.19
2486.71
2470.3
2454.92
2440.13
2425.85
2412.64
2400.03
2386.48
2370.84
2353.42
2335.39
2318.07
2302.07
2286.07
2269.63
2252.1
2233.76
2214.64
2195.21
2175.87
2156.71
2137.98
2119.76
2101.98
2084.81
2068.21
2052.24
2037.02
2022.43
2008.56
1995.19
1982.53
1970.34
1958.77
1947.58
1937.29
1927.5
1918.27
1909.41
1900.9
1892.98
1885.5
1878.2
1871.16
1864.26
1857.97
1852.08
1846.41
1840.73
1835.15
1829.86
1824.8
1819.98
1815.34
1810.85
1806.43
1802.08
1797.95
1794.2
1790.73
1787.33
1783.9
1780.52
1777.3
1774.24
1771.33
1768.53
1765.83
1763.25
1760.81
1758.45
1756.18
1753.96
1751.85
1749.8
1747.86
1745.97
1744.18
1742.53
1740.86
1739.33
1737.79
1736.4
1735.09
1732.76
3216.14
2972.28
2931.32
2892.04
2852.99
2820.13
2800.04
2791.97
2790.17
2790
2790
2790
2790
2790
2790
2790.1
2791.59
2798.25
2808.05
2813.06
2812.41
2802.71
2777.81
2749.99
2725.7
2704.14
2683.63
2663.32
2643.12
2623.06
2603.25
2583.61
2564.25
2545.14
2526.4
2508.11
2490.48
2473.46
2457.19
2441.56
2426.97
2413.63
2401.01
2387.71
2372.56
2355.94
2339.24
2323.3
2307.52
2291.43
2274.24
2256.27
2237.47
2218.22
2198.82
2179.47
2160.44
2141.72
2123.37
2105.56
2088.2
2071.38
2055.26
2039.78
2025.07
2010.98
1997.57
1984.7
1972.48
1960.78
1949.76
1939.29
1929.51
1920.03
1911.28
1902.83
1894.87
1887.36
1880.03
1872.96
1866.31
1860.27
1854.5
1848.81
1842.99
1837.41
1832.16
1827.23
1822.48
1817.92
1813.54
1809.29
1805.23
1801.4
1797.8
1794.32
1790.88
1787.48
1784.15
1780.93
1777.83
1774.84
1771.95
1769.16
1766.48
1763.93
1761.46
1759.11
1756.87
1754.76
1752.7
1750.78
1748.9
1747.13
1745.5
1743.85
1742.33
1740.78
1739.41
1738.04
1735.84
3210.01
2971.4
2929.17
2889.46
2850.61
2818.46
2799.24
2791.74
2790.14
2790
2790
2790
2790
2790
2790
2790.08
2791.46
2797.94
2807.88
2813.23
2812.84
2803.87
2779.48
2751.69
2727.31
2705.75
2685.33
2665.19
2645.21
2625.42
2605.91
2586.6
2567.57
2548.8
2530.38
2512.29
2494.58
2477.42
2460.63
2444.62
2429.43
2415.7
2403.11
2390.23
2375.99
2360.5
2344.53
2328.77
2312.95
2296.17
2278.56
2260.08
2241.13
2221.85
2202.48
2183.27
2164.23
2145.47
2127.12
2109.1
2091.56
2074.58
2058.18
2042.56
2027.59
2013.36
1999.78
1986.8
1974.44
1962.74
1951.84
1941.28
1931.28
1921.77
1913.09
1904.97
1897.17
1889.59
1882.16
1875.13
1868.69
1862.88
1857.07
1851.3
1845.47
1839.93
1834.8
1829.93
1825.25
1820.72
1816.35
1812.17
1808.22
1804.45
1800.77
1797.14
1793.58
1790.12
1786.78
1783.57
1780.5
1777.56
1774.74
1772.04
1769.45
1766.95
1764.52
1762.17
1759.9
1757.76
1755.67
1753.73
1751.82
1750.01
1748.34
1746.64
1745.08
1743.51
1742.07
1740.61
1738.44
3203.72
2970.55
2926.97
2886.81
2848.17
2816.79
2798.45
2791.53
2790.12
2790
2790
2790
2790
2790
2790
2790.07
2791.34
2797.61
2807.69
2813.4
2813.26
2805
2781.18
2753.42
2728.96
2707.39
2687.05
2667.05
2647.26
2627.71
2608.49
2589.48
2570.76
2552.3
2534.16
2516.38
2498.93
2481.73
2464.97
2448.54
2433.17
2419.46
2407.08
2394.6
2380.79
2365.71
2350.09
2334.17
2317.74
2300.58
2282.47
2263.84
2244.81
2225.56
2206.3
2187.11
2168.1
2149.34
2130.82
2112.71
2095
2077.76
2061.19
2045.26
2030.16
2015.66
2001.96
1988.81
1976.36
1964.54
1953.37
1942.85
1932.74
1923.48
1914.65
1906.64
1898.87
1891.27
1884.02
1877.3
1871.08
1865.34
1859.37
1853.61
1848.07
1842.81
1837.94
1833.25
1828.73
1824.36
1820.14
1816.11
1812.21
1808.35
1804.5
1800.72
1797.09
1793.58
1790.15
1786.85
1783.72
1780.79
1778.03
1775.38
1772.82
1770.36
1767.97
1765.67
1763.44
1761.31
1759.27
1757.31
1755.36
1753.49
1751.77
1750.05
1748.53
1747.02
1745.65
1744.3
1742.2
3197.38
2969.68
2924.72
2884.09
2845.7
2815.11
2797.69
2791.33
2790.09
2790
2790
2790
2790
2790
2790
2790.06
2791.23
2797.29
2807.47
2813.56
2813.68
2806.1
2782.9
2755.2
2730.64
2709.05
2688.77
2668.89
2649.27
2629.94
2610.97
2592.24
2573.83
2555.67
2537.84
2520.32
2503.13
2486.23
2469.47
2453.21
2437.83
2424.02
2411.71
2399.56
2386.15
2371.22
2355.27
2338.97
2322.17
2304.56
2286.29
2267.54
2248.54
2229.4
2210.18
2191.07
2172.06
2153.21
2134.64
2116.34
2098.41
2080.99
2064.13
2048.03
2032.63
2018.04
2003.97
1990.83
1978.15
1966.31
1954.82
1944.28
1934.49
1925.31
1916.53
1908.12
1900.26
1892.67
1885.65
1879.26
1873.13
1867.29
1861.26
1855.6
1850.32
1845.28
1840.52
1835.94
1831.51
1827.27
1823.18
1819.23
1815.33
1811.46
1807.7
1804.13
1800.71
1797.31
1793.93
1790.72
1787.74
1784.92
1782.19
1779.53
1776.96
1774.48
1772.08
1769.77
1767.56
1765.47
1763.49
1761.58
1759.7
1757.92
1756.27
1754.57
1753
1751.39
1749.96
1748.58
1746.28
3190.77
2968.75
2922.43
2881.32
2843.18
2813.43
2796.95
2791.15
2790.07
2790
2790
2790
2790
2790
2790
2790.06
2791.12
2796.95
2807.23
2813.71
2814.09
2807.18
2784.63
2757.02
2732.37
2710.74
2690.51
2670.73
2651.26
2632.12
2613.38
2594.91
2576.77
2558.9
2541.37
2524.14
2507.2
2490.51
2474.05
2457.86
2442.47
2428.78
2416.62
2404.56
2391.15
2376.15
2360.06
2343.36
2326.22
2308.43
2290.03
2271.3
2252.38
2233.31
2214.21
2195.1
2176.08
2157.19
2138.45
2120.01
2101.91
2084.2
2067.15
2050.74
2035.13
2020.24
2006.09
1992.54
1979.95
1967.76
1956.51
1945.79
1936.12
1926.87
1918.14
1909.71
1901.83
1894.41
1887.51
1881.3
1875.17
1869.4
1863.63
1858.31
1853.34
1848.43
1843.7
1839.14
1834.75
1830.55
1826.46
1822.43
1818.38
1814.47
1810.81
1807.4
1804.05
1800.65
1797.32
1794.27
1791.44
1788.68
1785.95
1783.29
1780.72
1778.26
1775.87
1773.58
1771.42
1769.4
1767.44
1765.54
1763.67
1761.87
1760.18
1758.47
1756.9
1755.32
1753.91
1752.58
1750.26
3183.91
2967.74
2920.1
2878.49
2840.61
2811.75
2796.23
2790.98
2790.06
2790
2790
2790
2790
2790
2790
2790.05
2791.02
2796.62
2806.96
2813.84
2814.49
2808.23
2786.39
2758.88
2734.13
2712.47
2692.28
2672.58
2653.23
2634.24
2615.71
2597.48
2579.6
2561.99
2544.71
2527.74
2511.08
2494.62
2478.32
2462.3
2447.12
2433.47
2421.33
2409.34
2395.92
2380.72
2364.32
2347.43
2330.09
2312.19
2293.8
2275.13
2256.3
2237.35
2218.28
2199.21
2180.17
2161.17
2142.35
2123.74
2105.39
2087.51
2070.12
2053.52
2037.57
2022.42
2008.06
1994.31
1981.39
1969.25
1958
1947.38
1937.19
1927.7
1918.97
1910.83
1903.17
1896.02
1889.11
1882.83
1876.66
1870.97
1865.66
1860.62
1855.8
1851.04
1846.44
1842.07
1837.92
1833.93
1829.98
1825.98
1822
1818.3
1814.91
1811.66
1808.31
1804.95
1801.76
1798.82
1795.96
1793.07
1790.15
1787.36
1784.75
1782.28
1779.93
1777.72
1775.62
1773.62
1771.65
1769.7
1767.79
1765.97
1764.28
1762.62
1761.07
1759.51
1758.09
1756.78
1754.43
3176.63
2966.61
2917.74
2875.61
2838.01
2810.07
2795.54
2790.83
2790.05
2790
2790
2790
2790
2790
2790
2790.04
2790.92
2796.28
2806.67
2813.95
2814.89
2809.24
2788.16
2760.78
2735.93
2714.24
2694.08
2674.44
2655.19
2636.34
2617.98
2599.96
2582.32
2564.95
2547.92
2531.18
2514.71
2498.47
2482.34
2466.48
2451.28
2437.63
2425.51
2413.53
2400.11
2384.89
2368.39
2351.29
2333.87
2315.96
2297.61
2279.03
2260.32
2241.45
2222.47
2203.41
2184.31
2165.26
2146.28
2127.48
2108.97
2090.78
2073.2
2056.22
2040.11
2024.58
2009.99
1996.1
1982.85
1970.62
1959.14
1948.53
1938.15
1928.55
1919.88
1912.06
1904.51
1897.42
1890.58
1884.36
1878.4
1873.02
1867.8
1862.76
1857.88
1853.23
1848.83
1844.7
1840.76
1836.95
1833.12
1829.23
1825.49
1822.09
1818.92
1815.75
1812.52
1809.44
1806.57
1803.78
1800.94
1797.96
1795
1792.22
1789.64
1787.18
1784.81
1782.58
1780.45
1778.4
1776.4
1774.46
1772.6
1770.83
1769.2
1767.55
1766
1764.44
1763.01
1761.63
1759.32
3168.98
2965.34
2915.28
2872.65
2835.35
2808.41
2794.88
2790.69
2790.03
2790
2790
2790
2790
2790
2790
2790.03
2790.83
2795.94
2806.36
2814.05
2815.28
2810.23
2789.94
2762.72
2737.78
2716.04
2695.91
2676.33
2657.15
2638.41
2620.2
2602.36
2584.92
2567.78
2550.97
2534.44
2518.16
2502.05
2486.07
2470.26
2455.16
2441.58
2429.49
2417.53
2404.1
2388.79
2372.21
2355.09
2337.62
2319.75
2301.49
2283.03
2264.42
2245.66
2226.73
2207.67
2188.54
2169.36
2150.26
2131.31
2112.53
2094.15
2076.23
2059
2042.46
2026.81
2011.65
1997.68
1984.17
1971.67
1959.82
1948.95
1938.98
1929.67
1921.14
1913.17
1905.49
1898.36
1891.68
1885.79
1880.34
1875.36
1870.15
1865.13
1860.33
1855.9
1851.82
1847.97
1844.22
1840.52
1836.84
1833.16
1829.68
1826.45
1823.31
1820.17
1817.09
1814.19
1811.41
1808.61
1805.69
1802.78
1800.09
1797.63
1795.24
1792.85
1790.56
1788.41
1786.32
1784.27
1782.27
1780.34
1778.5
1776.74
1775.11
1773.49
1771.96
1770.43
1769.03
1767.58
1765.43
3160.8
2963.87
2912.74
2869.59
2832.64
2806.76
2794.25
2790.56
2790.03
2790
2790
2790
2790
2790
2790
2790.03
2790.74
2795.59
2806.02
2814.12
2815.67
2811.17
2791.73
2764.7
2739.67
2717.9
2697.79
2678.25
2659.13
2640.47
2622.38
2604.7
2587.44
2570.48
2553.86
2537.51
2521.39
2505.43
2489.53
2473.83
2458.75
2445.12
2433.04
2421.16
2407.83
2392.59
2375.98
2358.79
2341.38
2323.58
2305.45
2287.1
2268.63
2249.95
2231.07
2212.01
2192.81
2173.56
2154.32
2135.16
2116.22
2097.53
2079.36
2061.8
2044.95
2028.9
2013.59
1998.93
1985.65
1972.65
1960.84
1949.58
1939.75
1930.73
1922.03
1913.76
1905.95
1898.81
1892.33
1886.71
1881.58
1876.9
1871.75
1866.96
1862.53
1858.49
1854.74
1851.15
1847.61
1844.11
1840.67
1837.36
1834.19
1831.12
1828.12
1825.2
1822.36
1819.6
1816.8
1813.85
1810.92
1808.26
1805.91
1803.64
1801.28
1798.92
1796.7
1794.61
1792.55
1790.48
1788.43
1786.49
1784.64
1782.89
1781.28
1779.69
1778.11
1776.63
1775.1
1773.67
1771.58
3152.07
2962.12
2910.04
2866.42
2829.89
2805.14
2793.67
2790.46
2790.02
2790
2790
2790
2790
2790
2790
2790.02
2790.66
2795.25
2805.65
2814.16
2816.05
2812.07
2793.53
2766.73
2741.61
2719.79
2699.7
2680.2
2661.13
2642.54
2624.54
2606.98
2589.87
2573.08
2556.63
2540.44
2524.45
2508.6
2492.81
2477.15
2462.11
2448.54
2436.52
2424.71
2411.44
2396.24
2379.68
2362.54
2345.15
2327.48
2309.47
2291.27
2272.9
2254.32
2235.47
2216.41
2197.17
2177.8
2158.42
2139.12
2119.91
2101
2082.48
2064.6
2047.41
2030.88
2015.35
2000.31
1986.52
1973.71
1961.67
1950.66
1940.23
1930.96
1922.11
1913.76
1906.31
1899.55
1893.47
1888
1882.78
1878.02
1873.12
1868.79
1864.86
1861.21
1857.7
1854.33
1851.03
1847.77
1844.64
1841.66
1838.74
1835.84
1832.99
1830.25
1827.62
1824.98
1822.21
1819.44
1817.02
1814.9
1812.84
1810.59
1808.2
1805.93
1803.81
1801.77
1799.72
1797.63
1795.63
1793.74
1791.9
1790.12
1788.42
1786.7
1785
1783.44
1781.84
1780.37
1778.31
3142.6
2960.03
2907.23
2863.13
2827.08
2803.55
2793.12
2790.36
2790.01
2790
2790
2790
2790
2790
2790
2790.02
2790.58
2794.91
2805.26
2814.18
2816.44
2812.93
2795.34
2768.79
2743.58
2721.73
2701.67
2682.21
2663.17
2644.62
2626.69
2609.23
2592.24
2575.59
2559.28
2543.22
2527.36
2511.62
2495.92
2480.35
2465.38
2451.82
2439.84
2428.15
2415.02
2399.9
2383.36
2366.26
2348.99
2331.44
2313.59
2295.52
2277.27
2258.76
2239.96
2220.89
2201.58
2182.13
2162.63
2143.11
2123.73
2104.51
2085.72
2067.44
2049.91
2032.98
2016.9
2001.85
1987.17
1974.13
1961.91
1950.86
1940.25
1930.32
1921.46
1913.33
1906.17
1899.88
1894.06
1888.76
1883.57
1878.89
1874.48
1870.63
1867.1
1863.73
1860.49
1857.42
1854.49
1851.64
1848.89
1846.26
1843.66
1841.02
1838.43
1835.95
1833.51
1830.97
1828.44
1826.25
1824.34
1822.43
1820.31
1817.98
1815.67
1813.52
1811.49
1809.5
1807.43
1805.32
1803.35
1801.54
1799.69
1797.89
1796.23
1794.62
1793.14
1791.68
1790.24
1788.92
1787.03
3132.45
2957.59
2904.22
2859.7
2824.23
2802.01
2792.62
2790.28
2790.01
2790
2790
2790
2790
2790
2790
2790.02
2790.51
2794.57
2804.84
2814.17
2816.82
2813.74
2797.15
2770.89
2745.6
2723.71
2703.68
2684.26
2665.26
2646.74
2628.86
2611.46
2594.57
2578.03
2561.85
2545.9
2530.15
2514.52
2498.93
2483.45
2468.52
2455.01
2443.11
2431.51
2418.5
2403.5
2387.06
2370.04
2352.86
2335.48
2317.79
2299.86
2281.71
2263.28
2244.5
2225.42
2206.08
2186.53
2166.88
2147.23
2127.58
2108.12
2088.97
2070.36
2052.33
2035.13
2018.44
2003.01
1988.16
1974.2
1961.64
1950.09
1939.72
1929.64
1920.93
1913.33
1906.15
1899.76
1893.82
1888.64
1883.68
1879.45
1875.59
1872.11
1868.81
1865.75
1862.91
1860.24
1857.76
1855.36
1853
1850.71
1848.46
1846.2
1844.02
1841.95
1839.86
1837.8
1835.96
1834.26
1832.46
1830.46
1828.34
1826.22
1824.25
1822.41
1820.59
1818.71
1816.69
1814.7
1812.83
1811.11
1809.32
1807.63
1806.15
1804.64
1803.3
1801.76
1800.47
1799.1
1797.04
3121.64
2954.82
2901.06
2856.1
2821.33
2800.51
2792.17
2790.21
2790.01
2790
2790
2790
2790
2790
2790
2790.01
2790.45
2794.24
2804.39
2814.14
2817.2
2814.5
2798.97
2773.01
2747.65
2725.74
2705.74
2686.37
2667.4
2648.91
2631.06
2613.71
2596.89
2580.44
2564.35
2548.51
2532.87
2517.35
2501.87
2486.49
2471.67
2458.22
2446.38
2434.9
2422.01
2407.11
2390.75
2373.84
2356.82
2339.6
2322.07
2304.28
2286.23
2267.86
2249.12
2230.04
2210.65
2191.02
2171.25
2151.39
2131.55
2111.81
2092.34
2073.34
2054.88
2037.16
2020.19
2003.84
1989.15
1974.74
1961.59
1949.46
1938.82
1929.34
1920.6
1913
1905.7
1899.12
1893.07
1887.95
1883.57
1879.92
1876.32
1873.09
1870.1
1867.47
1865.22
1863.07
1861.06
1859.12
1857.22
1855.38
1853.61
1851.8
1850.05
1848.38
1846.84
1845.42
1844.07
1842.51
1840.73
1838.81
1836.85
1835.02
1833.38
1831.82
1830.16
1828.43
1826.61
1824.97
1823.43
1821.99
1820.51
1819.08
1817.71
1816.17
1814.71
1813.19
1811.74
1810.28
1808.15
3110.42
2951.79
2897.61
2852.29
2818.41
2799.09
2791.76
2790.16
2790
2790
2790
2790
2790
2790
2790
2790.01
2790.39
2793.91
2803.92
2814.07
2817.56
2815.22
2800.79
2775.18
2749.75
2727.8
2707.83
2688.52
2669.6
2651.14
2633.31
2615.99
2599.21
2582.84
2566.83
2551.09
2535.55
2520.14
2504.78
2489.54
2474.78
2461.37
2449.58
2438.21
2425.47
2410.72
2394.49
2377.69
2360.83
2343.8
2326.43
2308.77
2290.82
2272.51
2253.81
2234.73
2215.31
2195.6
2175.69
2155.69
2135.6
2115.57
2095.77
2076.34
2057.5
2039.17
2021.77
2004.9
1989.39
1975.25
1961.6
1949.35
1938
1928.38
1919.41
1911.28
1903.95
1897.29
1891.5
1886.69
1882.86
1879.63
1876.17
1873.22
1870.68
1868.66
1867.16
1865.58
1864.04
1862.56
1861.2
1860
1858.87
1857.66
1856.45
1855.37
1854.44
1853.53
1852.45
1851.16
1849.63
1847.91
1846.29
1844.94
1843.72
1842.35
1840.81
1839.4
1837.89
1836.49
1835.08
1833.69
1832.27
1830.97
1829.63
1828.11
1826.69
1825.15
1823.7
1822.23
1820.08
3098.89
2948.52
2893.85
2848.25
2815.47
2797.74
2791.4
2790.11
2790
2790
2790
2790
2790
2790
2790
2790.01
2790.33
2793.58
2803.42
2813.96
2817.9
2815.93
2802.59
2777.36
2751.89
2729.91
2709.98
2690.73
2671.86
2653.42
2635.61
2618.32
2601.58
2585.25
2569.32
2553.66
2538.22
2522.93
2507.7
2492.57
2477.91
2464.56
2452.82
2441.55
2428.94
2414.34
2398.25
2381.62
2364.93
2348.08
2330.89
2313.34
2295.47
2277.22
2258.56
2239.49
2220.04
2200.27
2180.26
2160.06
2139.78
2119.48
2099.32
2079.5
2060.14
2041.35
2023.24
2006.14
1989.49
1974.6
1960.94
1948.35
1936.84
1926.36
1917.09
1908.47
1901.17
1894.62
1889.28
1885.02
1881.44
1878.34
1875.17
1872.7
1870.79
1869.43
1868.55
1867.55
1866.55
1865.65
1864.93
1864.45
1864.03
1863.49
1862.97
1862.55
1862.16
1861.71
1861.13
1860.23
1859.13
1858.05
1857.29
1856.62
1855.68
1854.46
1853.13
1852.17
1851.02
1849.74
1848.35
1846.98
1845.55
1844.35
1843.04
1841.53
1840.17
1838.66
1837.07
1835.57
1833.46
3087.14
2945.04
2889.62
2843.99
2812.56
2796.49
2791.1
2790.08
2790
2790
2790
2790
2790
2790
2790
2790.01
2790.29
2793.27
2802.89
2813.82
2818.21
2816.62
2804.37
2779.59
2754.07
2732.05
2712.16
2692.98
2674.18
2655.78
2637.99
2620.71
2604
2587.72
2571.85
2556.27
2540.93
2525.76
2510.65
2495.64
2481.05
2467.72
2456.01
2444.85
2432.42
2418
2402.08
2385.61
2369.1
2352.44
2335.4
2317.97
2300.18
2281.99
2263.38
2244.33
2224.87
2205.04
2184.91
2164.57
2144.06
2123.46
2102.97
2082.71
2062.86
2043.51
2024.75
2007.11
1989.9
1973.58
1959.12
1945.98
1934.21
1923.17
1913.62
1904.96
1897.71
1891.64
1886.58
1882.66
1878.92
1875.92
1873.24
1871.41
1870.35
1869.64
1869.09
1868.67
1868.43
1868.28
1868.34
1868.7
1869.18
1869.5
1869.65
1869.76
1869.94
1870.07
1869.94
1869.91
1869.93
1870.02
1870.12
1869.8
1869.05
1868.11
1867.19
1866.75
1865.99
1865
1863.8
1862.56
1861.11
1859.94
1858.68
1857.23
1855.85
1854.39
1852.62
1851.21
1849.24
3074.97
2941.21
2884.94
2839.51
2809.69
2795.33
2790.83
2790.05
2790
2790
2790
2790
2790
2790
2790
2790.01
2790.24
2792.97
2802.34
2813.63
2818.5
2817.3
2806.13
2781.83
2756.29
2734.22
2714.37
2695.29
2676.55
2658.2
2640.43
2623.18
2606.49
2590.25
2574.43
2558.93
2543.68
2528.63
2513.65
2498.74
2484.21
2470.89
2459.22
2448.16
2435.9
2421.68
2405.96
2389.68
2373.37
2356.89
2340
2322.67
2304.96
2286.83
2268.26
2249.26
2229.8
2209.92
2189.7
2169.19
2148.46
2127.62
2106.76
2086.1
2065.7
2045.82
2026.41
2007.81
1990.5
1973.52
1957.77
1943.51
1930.86
1919.51
1909.61
1901.44
1894.12
1888.32
1883.05
1878.82
1874.99
1872.19
1870.19
1869.13
1868.71
1868.49
1868.46
1868.67
1869.32
1870.21
1871.42
1872.83
1873.95
1874.85
1875.82
1876.86
1877.83
1878.62
1879.77
1880.88
1881.9
1882.94
1883.53
1883.67
1883.34
1882.94
1882.82
1882.95
1882.71
1882.18
1881.44
1880.49
1879.09
1877.91
1876.78
1875.42
1874.12
1872.71
1871.86
1870.71
1869.3
3062.15
2936.93
2879.71
2834.87
2806.91
2794.29
2790.61
2790.03
2790
2790
2790
2790
2790
2790
2790
2790
2790.2
2792.68
2801.76
2813.39
2818.78
2817.96
2807.85
2784.1
2758.56
2736.43
2716.61
2697.62
2678.97
2660.68
2642.95
2625.71
2609.06
2592.86
2577.1
2561.67
2546.51
2531.56
2516.68
2501.87
2487.39
2474.08
2462.43
2451.49
2439.44
2425.44
2409.92
2393.83
2377.71
2361.4
2344.65
2327.43
2309.79
2291.73
2273.23
2254.27
2234.82
2214.91
2194.59
2173.95
2153.02
2131.87
2110.7
2089.58
2068.71
2048.14
2028.22
2008.56
1990.52
1973.57
1957.09
1941.98
1928.2
1916.36
1905.81
1897.27
1889.56
1883.27
1877.82
1873.19
1869.5
1867.09
1865.74
1865.12
1865.28
1865.68
1866.18
1867.22
1868.79
1870.91
1873.22
1875.4
1877.32
1879.46
1881.69
1883.83
1885.89
1888.14
1890.8
1893.27
1895.5
1897.21
1898.4
1898.76
1898.87
1899.51
1900.92
1901.58
1901.87
1901.79
1901.55
1900.82
1899.77
1898.48
1897.44
1896.57
1895.85
1894.99
1894.79
1894.16
1893.36
3048.34
2931.97
2873.89
2830.08
2804.25
2793.37
2790.44
2790.02
2790
2790
2790
2790
2790
2790
2790
2790
2790.17
2792.4
2801.17
2813.1
2819.04
2818.61
2809.52
2786.39
2760.87
2738.68
2718.9
2699.99
2681.44
2663.21
2645.53
2628.33
2611.71
2595.55
2579.84
2564.48
2549.4
2534.54
2519.76
2505.02
2490.58
2477.27
2465.65
2454.84
2443
2429.25
2413.97
2398.08
2382.12
2365.98
2349.37
2332.24
2314.68
2296.7
2278.27
2259.37
2239.95
2220.01
2199.63
2178.84
2157.7
2136.33
2114.79
2093.29
2071.86
2050.65
2029.95
2009.78
1990.08
1972.18
1955.22
1939.48
1924.98
1912.14
1900.79
1890.96
1882.76
1875.83
1870.25
1865.49
1862.04
1860.15
1859.22
1859.17
1859.48
1860.37
1862.25
1864.56
1867.32
1870.24
1872.76
1875.87
1879.1
1882.84
1886.77
1890.66
1894.71
1898.65
1902.33
1905.6
1908.52
1910.99
1912.74
1914.24
1916.24
1918.95
1920.53
1921.41
1922.2
1923.08
1923.58
1923.41
1922.54
1921.4
1920.63
1920.14
1919.54
1918.81
1918.28
1917.16
1914.86
3033.33
2926.12
2867.43
2825.16
2801.73
2792.56
2790.3
2790.01
2790
2790
2790
2790
2790
2790
2790
2790
2790.14
2792.14
2800.55
2812.74
2819.28
2819.25
2811.13
2788.71
2763.23
2740.97
2721.2
2702.38
2683.94
2665.79
2648.17
2631.01
2614.43
2598.31
2582.66
2567.36
2552.35
2537.57
2522.88
2508.2
2493.79
2480.5
2468.91
2458.24
2446.63
2433.14
2418.09
2402.39
2386.61
2370.62
2354.13
2337.11
2319.63
2301.73
2283.39
2264.56
2245.17
2225.23
2204.78
2183.87
2162.56
2140.92
2119.09
2097.13
2075.23
2053.38
2031.74
2011.12
1990.27
1970.22
1951.97
1935.08
1919.74
1905.68
1893.42
1882.2
1873.3
1865.61
1859.83
1855.23
1852.27
1850.97
1850.2
1850.37
1851.22
1853.53
1856.93
1860.26
1863.57
1866.88
1870.65
1874.89
1879.57
1884.09
1888.54
1893.19
1897.29
1900.08
1901.42
1901.96
1901.82
1900.74
1898.69
1896.61
1893.21
1887.33
1880.17
1872.89
1865.63
1858.48
1851.8
1845.38
1839.66
1834.28
1828.63
1822.32
1815.55
1808.03
1801.84
1794.38
1784.63
3016.9
2919.18
2860.24
2820.14
2799.39
2791.88
2790.19
2790.01
2790
2790
2790
2790
2790
2790
2790
2790
2790.12
2791.89
2799.92
2812.33
2819.5
2819.88
2812.68
2791.05
2765.65
2743.29
2723.54
2704.82
2686.48
2668.42
2650.86
2633.75
2617.22
2601.15
2585.54
2570.3
2555.36
2540.65
2526.02
2511.41
2497.03
2483.74
2472.2
2461.68
2450.33
2437.11
2422.3
2406.78
2391.16
2375.32
2358.96
2342.03
2324.65
2306.84
2288.59
2269.84
2250.51
2230.58
2210.08
2189.06
2167.57
2145.72
2123.56
2101.26
2078.76
2056.4
2033.98
2012.12
1991.13
1969.64
1949.47
1930.53
1913.25
1897.48
1883.56
1871.07
1860.76
1852.23
1845.64
1841.22
1838.85
1837.43
1836.56
1836.78
1838.1
1840.35
1842.73
1843.75
1843.78
1843.11
1840.21
1833.37
1822.43
1807.92
1790.05
1768.31
1743.63
1717.8
1691.76
1666.09
1641.34
1618.03
1596.62
1577.25
1559.75
1544.05
1530.01
1517.41
1506.18
1496.12
1487.14
1479.33
1472.6
1466.76
1461.77
1457.42
1453.66
1450.37
1447
1444.28
1440.93
2998.95
2910.88
2852.43
2815.08
2797.24
2791.32
2790.12
2790
2790
2790
2790
2790
2790
2790
2790
2790
2790.09
2791.65
2799.28
2811.86
2819.68
2820.48
2814.18
2793.42
2768.13
2745.66
2725.9
2707.27
2689.05
2671.08
2653.59
2636.54
2620.06
2604.04
2588.48
2573.3
2558.41
2543.76
2529.2
2514.65
2500.31
2487.04
2475.55
2465.2
2454.1
2441.16
2426.58
2411.24
2395.76
2380.07
2363.83
2347.01
2329.73
2312.02
2293.88
2275.22
2255.95
2236.04
2215.5
2194.39
2172.77
2150.68
2128.27
2105.55
2082.66
2059.53
2036.72
2013.41
1991.46
1970.1
1948.48
1927.8
1908.04
1889.91
1873.18
1858.94
1845.9
1835.33
1826
1819.27
1813.67
1808.18
1802.14
1795.45
1786.92
1774.53
1757.26
1735.47
1709.92
1681.65
1652.69
1624.32
1597.67
1573.53
1552.2
1533.6
1517.73
1504.38
1493.2
1483.58
1475.15
1467.77
1461.37
1455.75
1450.46
1445.32
1440.52
1436.19
1432.22
1428.54
1425.14
1421.99
1419.07
1416.34
1413.77
1411.39
1408.96
1406.77
1404.36
1402.56
1400.01
2979.31
2901
2843.95
2810.07
2795.32
2790.87
2790.07
2790
2790
2790
2790
2790
2790
2790
2790
2790
2790.08
2791.44
2798.64
2811.34
2819.82
2821.06
2815.6
2795.81
2770.65
2748.08
2728.31
2709.77
2691.65
2673.78
2656.37
2639.38
2622.95
2606.98
2591.47
2576.33
2561.5
2546.91
2532.41
2517.93
2503.63
2490.39
2478.97
2468.78
2457.95
2445.28
2430.93
2415.75
2400.42
2384.86
2368.76
2352.05
2334.88
2317.29
2299.26
2280.71
2261.51
2241.63
2221.08
2199.9
2178.13
2155.88
2133.19
2110.17
2086.79
2063.16
2039.41
2015.77
1991.75
1969.35
1946.85
1924.87
1903.59
1883.16
1863.76
1846.02
1829.12
1813.41
1798.04
1782.56
1764.8
1745.21
1724.55
1702.42
1678.31
1653.06
1628.15
1604.73
1583.6
1564.81
1548.44
1534.3
1522.17
1511.51
1501.79
1492.81
1484.8
1477.71
1471.22
1465.09
1459.43
1454.37
1449.75
1445.12
1440.36
1435.79
1431.73
1428.07
1424.54
1421.14
1417.93
1414.91
1412.07
1409.34
1406.71
1404.23
1401.63
1399.25
1396.5
1394.35
1391.07
2956.94
2888.85
2835.02
2805.31
2793.68
2790.54
2790.03
2790
2790
2790
2790
2790
2790
2790
2790
2790
2790.06
2791.24
2797.99
2810.76
2819.91
2821.64
2816.95
2798.21
2773.25
2750.54
2730.75
2712.28
2694.28
2676.51
2659.18
2642.26
2625.89
2609.97
2594.51
2579.42
2564.63
2550.1
2535.67
2521.25
2507.02
2493.82
2482.47
2472.44
2461.86
2449.47
2435.34
2420.33
2405.13
2389.7
2373.73
2357.15
2340.09
2322.63
2304.73
2286.28
2267.18
2247.35
2226.8
2205.56
2183.7
2161.26
2138.37
2115.01
2091.25
2067.08
2042.48
2018.23
1993.35
1968.18
1944.06
1920.35
1897.47
1874.84
1852.91
1830.71
1809.19
1786.94
1764.45
1739.95
1714.89
1690.68
1666.6
1643.87
1622.29
1602.18
1583.86
1568.04
1554.5
1542.22
1530.76
1520.08
1510.21
1500.74
1491.82
1483.75
1476.68
1470.14
1463.93
1458.08
1452.69
1447.53
1442.29
1436.83
1431.77
1427.54
1423.81
1420.17
1416.58
1413.13
1409.86
1406.77
1403.81
1400.97
1398.26
1395.78
1393.27
1391.03
1388.49
1386.36
1383.31
2928.68
2872.92
2825.45
2800.96
2792.36
2790.3
2790.02
2790
2790
2790
2790
2790
2790
2790
2790
2790
2790.05
2791.06
2797.34
2810.12
2819.95
2822.2
2818.21
2800.62
2775.89
2753.05
2733.23
2714.84
2696.95
2679.28
2662.03
2645.18
2628.87
2613.01
2597.6
2582.55
2567.81
2553.34
2538.98
2524.65
2510.49
2497.34
2486.05
2476.18
2465.85
2453.72
2439.81
2424.95
2409.88
2394.6
2378.77
2362.32
2345.39
2328.06
2310.29
2291.97
2272.96
2253.19
2232.66
2211.4
2189.44
2166.88
2143.77
2120.18
2096.02
2071.39
2046.26
2020.81
1995.73
1969.02
1942.88
1916.92
1891.17
1865.9
1840.84
1815.13
1789.56
1763.73
1737.85
1712.47
1688.13
1665.47
1643.78
1623.33
1603.79
1586.24
1571.05
1557.95
1545.93
1533.96
1522.35
1511.36
1501.23
1491.97
1483.88
1476.7
1470.03
1463.5
1457.28
1451.27
1445.29
1439.25
1433.52
1428.45
1424.15
1420.41
1416.68
1412.83
1409.12
1405.61
1402.25
1399.03
1395.88
1392.85
1389.95
1387.35
1384.87
1382.7
1380.37
1378.29
1375.39
2890.13
2851.27
2815.37
2797.25
2791.39
2790.15
2790.01
2790
2790
2790
2790
2790
2790
2790
2790
2790
2790.04
2790.89
2796.7
2809.42
2819.93
2822.76
2819.37
2803.05
2778.6
2755.61
2735.74
2717.42
2699.65
2682.08
2664.92
2648.14
2631.89
2616.09
2600.73
2585.73
2571.05
2556.64
2542.36
2528.12
2514.03
2500.93
2489.7
2479.98
2469.88
2458.02
2444.32
2429.62
2414.68
2399.53
2383.85
2367.54
2350.75
2333.56
2315.94
2297.76
2278.85
2259.16
2238.67
2217.4
2195.39
2172.71
2149.45
2125.6
2101.2
2076.08
2050.58
2024.24
1998.02
1971.78
1944.55
1917.18
1888.96
1861.23
1833.09
1805.78
1778.34
1751.85
1725.91
1701.55
1678.01
1655.46
1633.72
1612.97
1594.03
1578.25
1564.27
1550.93
1537.76
1525.16
1513.77
1503.45
1494.23
1485.88
1478.19
1470.66
1463.25
1456.18
1449.54
1443.04
1436.77
1431.14
1426.24
1421.94
1417.89
1413.77
1409.54
1405.42
1401.61
1398.06
1394.67
1391.45
1388.32
1385.39
1382.71
1380.39
1378.16
1376
1374.02
1371.79
1368.92
2843.36
2824.87
2805.07
2794.27
2790.76
2790.07
2790
2790
2790
2790
2790
2790
2790
2790
2790
2790
2790.03
2790.75
2796.06
2808.66
2819.85
2823.31
2820.43
2805.49
2781.36
2758.23
2738.31
2720.05
2702.39
2684.93
2667.85
2651.14
2634.97
2619.22
2603.92
2588.97
2574.34
2560.01
2545.82
2531.67
2517.66
2504.61
2493.43
2483.84
2473.97
2462.36
2448.88
2434.33
2419.53
2404.53
2389
2372.84
2356.2
2339.16
2321.7
2303.65
2284.87
2265.27
2244.83
2223.57
2201.53
2178.79
2155.39
2131.38
2106.66
2081.31
2055.17
2028.59
2000.94
1974.1
1946.29
1918.05
1889.56
1860.55
1831.58
1803.1
1775.03
1747.67
1721.28
1696.02
1671.91
1648.8
1626.67
1606.75
1589.28
1573.93
1558.91
1543.92
1530.18
1518.11
1507.61
1497.99
1489.09
1480.51
1471.98
1463.65
1456.01
1449.16
1442.76
1436.64
1431.07
1426.08
1421.3
1416.56
1411.82
1406.99
1402.35
1398.15
1394.33
1390.86
1387.6
1384.54
1381.59
1378.84
1376.23
1373.87
1371.54
1369.36
1367.06
1364.88
1361.86
2805.93
2802.15
2796.38
2792.06
2790.38
2790.03
2790
2790
2790
2790
2790
2790
2790
2790
2790
2790
2790.02
2790.62
2795.45
2807.84
2819.7
2823.81
2821.44
2807.91
2784.17
2760.9
2740.92
2722.7
2705.15
2687.8
2670.82
2654.19
2638.09
2622.41
2607.17
2592.27
2577.71
2563.45
2549.35
2535.3
2521.38
2508.37
2497.22
2487.74
2478.09
2466.75
2453.48
2439.09
2424.42
2409.57
2394.2
2378.2
2361.72
2344.85
2327.54
2309.65
2290.99
2271.5
2251.14
2229.91
2207.88
2185.09
2161.6
2137.43
2112.55
2086.83
2060.35
2033.23
2005.32
1976.39
1947.48
1917.93
1889.17
1859.34
1830.18
1800.7
1772.09
1743.79
1716.58
1690.68
1666.34
1643.65
1622.55
1603.84
1586.08
1569.05
1552.58
1537.73
1525.19
1514.03
1503.66
1493.62
1483.95
1474.49
1465.63
1457.76
1450.69
1444.01
1437.64
1431.69
1426.06
1420.44
1414.82
1409.47
1404.4
1399.64
1395.3
1391.55
1388.15
1385.04
1381.98
1378.94
1375.92
1373.01
1370.05
1367.3
1364.59
1362.06
1359.24
1357.01
1353.61
2791.87
2791.91
2791.48
2790.68
2790.16
2790.02
2790
2790
2790
2790
2790
2790
2790
2790
2790
2790
2790.02
2790.51
2794.85
2806.97
2819.47
2824.25
2822.41
2810.31
2787.02
2763.64
2743.57
2725.4
2707.97
2690.72
2673.83
2657.28
2641.26
2625.66
2610.47
2595.64
2581.14
2566.96
2552.96
2539
2525.16
2512.19
2501.07
2491.69
2482.25
2471.16
2458.12
2443.91
2429.38
2414.67
2399.47
2383.64
2367.32
2350.62
2333.49
2315.75
2297.24
2277.87
2257.59
2236.43
2214.43
2191.63
2168.09
2143.83
2118.78
2092.89
2066.02
2038.42
2010.42
1980.52
1950.52
1920.23
1889.56
1859.17
1828.81
1798.91
1769.78
1741.66
1714.6
1688.81
1664.21
1641.55
1620.65
1601.35
1582.59
1564.94
1549.24
1535.8
1523.28
1511.03
1499.27
1487.96
1477.86
1469.09
1461.37
1454.11
1446.88
1439.68
1432.78
1426.17
1419.74
1413.69
1408.2
1403.24
1398.59
1394.32
1390.44
1387
1383.55
1379.97
1376.37
1372.75
1369.19
1365.82
1362.47
1359.47
1356.57
1353.89
1350.95
1348.62
1345.13
2790.06
2790.1
2790.14
2790.11
2790.05
2790.01
2790
2790
2790
2790
2790
2790
2790
2790
2790
2790
2790.01
2790.41
2794.27
2806.04
2819.15
2824.65
2823.35
2812.66
2789.91
2766.44
2746.28
2728.14
2710.8
2693.68
2676.88
2660.42
2644.48
2628.95
2613.84
2599.08
2584.65
2570.55
2556.64
2542.78
2529.01
2516.07
2504.96
2495.68
2486.45
2475.62
2462.81
2448.77
2434.38
2419.83
2404.8
2389.15
2373
2356.48
2339.53
2321.96
2303.61
2284.36
2264.2
2243.12
2221.17
2198.4
2174.84
2150.52
2125.38
2099.33
2072.4
2044.36
2015.75
1986.54
1956.28
1926.07
1894.11
1863.39
1832.01
1801.67
1771.99
1743.65
1716.48
1690.44
1665.4
1641.85
1619.62
1598.87
1579.79
1563.22
1548.04
1533.82
1519.84
1506.35
1494.23
1483.79
1474.96
1466.71
1458.51
1450.16
1441.82
1433.74
1426.34
1419.7
1413.76
1408.53
1403.7
1399.04
1394.51
1390.21
1386.1
1381.95
1377.67
1373.23
1368.94
1365.12
1361.61
1358.44
1355.32
1352.5
1349.68
1346.96
1343.95
1341.58
1338.16
2790
2790
2790
2790.01
2790.01
2790
2790
2790
2790
2790
2790
2790
2790
2790
2790
2790
2790.01
2790.33
2793.73
2805.05
2818.73
2825.01
2824.26
2814.93
2792.83
2769.31
2749.04
2730.92
2713.69
2696.67
2679.97
2663.6
2647.74
2632.3
2617.26
2602.57
2588.22
2574.2
2560.38
2546.62
2532.93
2520.01
2508.9
2499.7
2490.67
2480.1
2467.54
2453.68
2439.44
2425.05
2410.2
2394.73
2378.77
2362.43
2345.67
2328.28
2310.09
2291
2270.96
2249.98
2228.12
2205.41
2181.88
2157.55
2132.37
2106.28
2079.2
2051.2
2021.86
1992.67
1962.46
1931.57
1900.28
1868.54
1837.27
1806.12
1775.54
1745.73
1717.37
1690.64
1665.24
1641.18
1618.58
1598.23
1579.48
1562.5
1546.17
1530.67
1516.08
1503.31
1492.51
1482.63
1472.94
1463.04
1453.22
1443.93
1435.67
1428.43
1422.06
1416.3
1410.88
1405.64
1400.47
1395.2
1390.01
1384.94
1379.97
1375.02
1370.28
1365.93
1362.03
1358.65
1355.48
1352.58
1349.67
1346.94
1344.14
1341.46
1338.47
1336.13
1332.68
2790
2790
2790
2790
2790
2790
2790
2790
2790
2790
2790
2790
2790
2790
2790
2790
2790.01
2790.26
2793.22
2804.03
2818.19
2825.34
2825.14
2817.11
2795.79
2772.27
2751.86
2733.73
2716.6
2699.7
2683.09
2666.81
2651.05
2635.69
2620.73
2606.12
2591.84
2577.91
2564.18
2550.5
2536.89
2524
2512.89
2503.75
2494.92
2484.63
2472.32
2458.66
2444.56
2430.33
2415.67
2400.38
2384.61
2368.47
2351.9
2334.71
2316.7
2297.76
2277.86
2257.02
2235.27
2212.65
2189.19
2164.89
2139.73
2113.59
2086.42
2058.27
2029.13
1998.81
1968.2
1936.17
1905.28
1872.74
1841.23
1809.88
1778.98
1748.75
1719.78
1692.47
1666.91
1643.37
1621.3
1600.54
1580.52
1561.73
1544.35
1529.13
1515.37
1503.27
1491.89
1480.61
1469.23
1457.81
1447.65
1439.14
1432.27
1426.25
1420.05
1413.63
1407.34
1401.06
1394.9
1388.88
1383.25
1378.06
1373.25
1368.71
1364.42
1360.52
1357.04
1353.93
1350.96
1348.16
1345.3
1342.61
1339.82
1337.16
1334.15
1331.7
1328.05
2790
2790
2790
2790
2790
2790
2790
2790
2790
2790
2790
2790
2790
2790
2790
2790
2790
2790.2
2792.75
2802.98
2817.54
2825.61
2826
2819.17
2798.77
2775.29
2754.74
2736.6
2719.57
2702.78
2686.26
2670.07
2654.4
2639.13
2624.25
2609.71
2595.51
2581.66
2568.02
2554.44
2540.89
2528.03
2516.91
2507.84
2499.21
2489.19
2477.16
2463.69
2449.75
2435.68
2421.2
2406.11
2390.54
2374.6
2358.24
2341.25
2323.43
2304.67
2284.92
2264.22
2242.61
2220.12
2196.77
2172.56
2147.47
2121.38
2094.17
2065.91
2036.93
2006.34
1975.09
1943.4
1911.36
1879.37
1847.08
1815.77
1785.1
1755.42
1726.46
1698.67
1672.53
1648.16
1624.97
1602.82
1581.94
1563.02
1545.9
1530.74
1516.31
1502.75
1489.69
1476.91
1464.82
1454.06
1445.23
1437.85
1431.18
1424.16
1416.75
1409.13
1401.76
1394.86
1388.6
1382.95
1377.9
1373.32
1368.97
1364.69
1360.59
1356.82
1353.35
1350.08
1346.9
1343.9
1340.87
1338.11
1335.26
1332.56
1329.47
1326.99
1323.18
2790
2790
2790
2790
2790
2790
2790
2790
2790
2790
2790
2790
2790
2790
2790
2790
2790
2790.15
2792.32
2801.9
2816.76
2825.82
2826.82
2821.12
2801.78
2778.41
2757.68
2739.51
2722.57
2705.88
2689.47
2673.37
2657.79
2642.61
2627.81
2613.35
2599.23
2585.47
2571.91
2558.42
2544.95
2532.11
2520.99
2511.97
2503.53
2493.8
2482.04
2468.78
2455.01
2441.1
2426.8
2411.91
2396.54
2380.81
2364.67
2347.89
2330.27
2311.7
2292.13
2271.6
2250.15
2227.81
2204.61
2180.53
2155.53
2129.53
2102.5
2074.3
2045.06
2015.13
1984.02
1953.33
1920.62
1889.09
1856.81
1824.97
1793.92
1763.61
1734.1
1705.68
1678.73
1653.2
1628.76
1605.72
1584.66
1565.81
1547.87
1531.37
1515.82
1501.1
1487.02
1474.11
1463.01
1454.02
1445.82
1437.25
1428.74
1420.03
1411.52
1403.56
1396.44
1390.12
1384.52
1379.49
1374.84
1370.28
1365.75
1361.25
1356.98
1353
1349.2
1345.48
1341.76
1338.31
1334.89
1331.87
1328.91
1326.28
1323.31
1320.77
1316.98
2790
2790
2790
2790
2790
2790
2790
2790
2790
2790
2790
2790
2790
2790
2790
2790
2790
2790.11
2791.93
2800.82
2815.89
2825.93
2827.6
2822.93
2804.81
2781.6
2760.68
2742.47
2725.63
2709.05
2692.72
2676.71
2661.22
2646.13
2631.41
2617.03
2602.99
2589.31
2575.85
2562.45
2549.05
2536.24
2525.11
2516.14
2507.89
2498.45
2486.98
2473.94
2460.33
2446.58
2432.48
2417.79
2402.62
2387.11
2371.19
2354.64
2337.24
2318.87
2299.49
2279.14
2257.88
2235.73
2212.71
2188.8
2163.96
2138.11
2111.22
2083.29
2054
2024.12
1993.58
1962.33
1930.31
1897.89
1866.11
1833.72
1801.93
1770.82
1740.86
1711.81
1683.67
1657.02
1632.02
1609.23
1587.91
1568.13
1549.07
1531.28
1514.96
1500.21
1486.38
1474.16
1463.71
1454.46
1445.05
1434.82
1424.56
1415
1406.86
1399.94
1393.88
1388.07
1382.45
1376.97
1371.66
1366.46
1361.45
1356.7
1352.24
1348.05
1343.89
1339.75
1335.63
1331.86
1328.18
1325.08
1322.23
1319.7
1316.92
1314.41
1310.9
2790
2790
2790
2790
2790
2790
2790
2790
2790
2790
2790
2790
2790
2790
2790
2790
2790
2790.08
2791.58
2799.73
2814.89
2825.96
2828.37
2824.59
2807.86
2784.88
2763.75
2745.49
2728.72
2712.24
2696.01
2680.09
2664.7
2649.69
2635.06
2620.76
2606.8
2593.21
2579.83
2566.52
2553.21
2540.43
2529.28
2520.36
2512.29
2503.14
2491.97
2479.16
2465.71
2452.13
2438.21
2423.73
2408.78
2393.5
2377.81
2361.49
2344.31
2326.16
2306.99
2286.85
2265.79
2243.86
2221.05
2197.34
2172.7
2147.06
2120.31
2092.43
2063.61
2033.47
2002.83
1970.5
1938.95
1906.16
1874.02
1841.95
1809.85
1778.49
1748.35
1719.57
1691.64
1664.99
1639.74
1616.02
1593.24
1571.63
1551.47
1533.21
1516.34
1501.14
1487.15
1474.95
1463.82
1453.06
1442.23
1430.8
1420.29
1411.5
1404.61
1398.51
1392.28
1385.76
1379.27
1372.85
1366.71
1360.99
1355.8
1351.07
1346.72
1342.6
1338.47
1334.37
1330.24
1326.49
1322.83
1319.74
1316.86
1314.2
1311.36
1308.87
1305.39
2790
2790
2790
2790
2790
2790
2790
2790
2790
2790
2790
2790
2790
2790
2790
2790
2790
2790.06
2791.28
2798.66
2813.78
2825.87
2829.11
2826.08
2810.92
2788.23
2766.88
2748.56
2731.87
2715.49
2699.36
2683.53
2668.23
2653.31
2638.76
2624.53
2610.65
2597.15
2583.86
2570.65
2557.42
2544.68
2533.52
2524.63
2516.73
2507.88
2497.01
2484.45
2471.17
2457.74
2444.02
2429.76
2415.03
2399.97
2384.52
2368.44
2351.51
2333.59
2314.64
2294.72
2273.9
2252.2
2229.63
2206.18
2181.78
2156.35
2129.84
2102.2
2073.47
2043.69
2012.63
1980.88
1949.04
1917.2
1884.34
1852.75
1820.72
1789.04
1757.9
1728.28
1700.12
1673.06
1647.02
1622.13
1598.47
1576.52
1556.14
1537.26
1519.12
1502.65
1488.09
1475.53
1463.23
1450.52
1438.48
1427.27
1418.01
1410.3
1403.36
1396.3
1389
1381.67
1374.56
1367.87
1361.79
1356.32
1351.37
1346.8
1342.57
1338.45
1334.3
1330.2
1326.12
1322.43
1318.72
1315.41
1312.25
1309.31
1306.21
1303.55
1299.77
2790
2790
2790
2790
2790
2790
2790
2790
2790
2790
2790
2790
2790
2790
2790
2790
2790
2790.04
2791.01
2797.62
2812.55
2825.66
2829.8
2827.44
2813.97
2791.65
2770.08
2751.69
2735.05
2718.76
2702.74
2687.01
2671.8
2656.97
2642.5
2628.36
2614.56
2601.15
2587.95
2574.84
2561.69
2548.99
2537.82
2528.95
2521.22
2512.66
2502.11
2489.8
2476.69
2463.43
2449.9
2435.85
2421.35
2406.53
2391.32
2375.5
2358.81
2341.14
2322.43
2302.76
2282.18
2260.74
2238.44
2215.26
2191.13
2165.97
2139.74
2112.42
2083.94
2054.43
2023.88
1993.29
1961.29
1929.58
1897.13
1864.62
1832.55
1800.58
1768.67
1737.36
1707.59
1679.48
1652.73
1627.43
1603.62
1581.56
1560.49
1540.53
1521.62
1505.12
1490.61
1477.29
1463.5
1449.16
1436.47
1426.26
1417.91
1409.62
1401.14
1392.57
1384.51
1377.14
1370.54
1364.55
1358.98
1353.66
1348.56
1343.68
1339.08
1334.59
1330.19
1326.04
1322.02
1318.3
1314.46
1310.95
1307.59
1304.45
1301.11
1298.26
1294.19
2790
2790
2790
2790
2790
2790
2790
2790
2790
2790
2790
2790
2790
2790
2790
2790
2790
2790.03
2790.79
2796.61
2811.22
2825.31
2830.39
2828.73
2816.98
2795.1
2773.36
2754.89
2738.3
2722.1
2706.17
2690.54
2675.43
2660.68
2646.29
2632.23
2618.53
2605.2
2592.09
2579.08
2566.03
2553.37
2542.18
2533.32
2525.75
2517.49
2507.26
2495.21
2482.29
2469.18
2455.85
2442.03
2427.76
2413.18
2398.22
2382.65
2366.23
2348.82
2330.37
2310.94
2290.63
2269.47
2247.48
2224.6
2200.77
2175.92
2150.02
2122.98
2094.84
2065.65
2035.69
2004.9
1973.1
1940.42
1908.75
1875.36
1842.95
1811.07
1779.62
1748.26
1717.52
1688.48
1660.93
1635.1
1610.27
1586.52
1564.13
1543.5
1524.96
1508.92
1493.42
1478.06
1462.99
1448.87
1436.74
1427.05
1418.07
1408.33
1398.42
1389.19
1381.42
1374.71
1368.68
1362.76
1356.81
1350.87
1345.02
1339.44
1334.24
1329.42
1325
1321.03
1317.23
1313.63
1309.9
1306.44
1303.01
1299.71
1296.19
1293.18
1288.78
2790
2790
2790
2790
2790
2790
2790
2790
2790
2790
2790
2790
2790
2790
2790
2790
2790
2790.02
2790.61
2795.66
2809.78
2824.79
2830.9
2829.97
2819.89
2798.61
2776.74
2758.16
2741.58
2725.46
2709.65
2694.12
2679.1
2664.44
2650.13
2636.16
2622.55
2609.31
2596.3
2583.38
2570.42
2557.82
2546.6
2537.75
2530.33
2522.35
2512.46
2500.68
2487.95
2475.01
2461.87
2448.27
2434.24
2419.91
2405.21
2389.9
2373.76
2356.61
2338.43
2319.28
2299.25
2278.4
2256.72
2234.17
2210.68
2186.18
2160.56
2133.82
2106.03
2077.19
2047.25
2015.91
1984.25
1951.95
1919.74
1887.32
1854.5
1822.32
1790.81
1760.22
1729.85
1700.31
1671.97
1645.09
1619.21
1594.13
1570.4
1549.37
1530.35
1512.42
1494.38
1476.61
1460.94
1448.61
1437.94
1427.78
1417.6
1407.04
1397.14
1388.2
1380.46
1373.33
1366.56
1359.84
1353.12
1346.55
1340.44
1335.01
1330.02
1325.37
1321.11
1317.18
1313.31
1309.51
1305.59
1301.87
1298.19
1294.72
1291.07
1287.91
1283.37
2790
2790
2790
2790
2790
2790
2790
2790
2790
2790
2790
2790
2790
2790
2790
2790
2790
2790.01
2790.45
2794.77
2808.26
2824.09
2831.34
2831.17
2822.66
2802.13
2780.2
2761.5
2744.91
2728.88
2713.18
2697.75
2682.83
2668.25
2654.02
2640.14
2626.62
2613.47
2600.56
2587.74
2574.88
2562.33
2551.09
2542.24
2534.95
2527.26
2517.71
2506.22
2493.68
2480.9
2467.96
2454.6
2440.81
2426.73
2412.28
2397.25
2381.39
2364.53
2346.63
2327.77
2308.04
2287.51
2266.16
2243.97
2220.85
2196.7
2171.45
2145.09
2117.64
2089.04
2059.23
2028.47
1997.18
1966.15
1933.08
1901.47
1868.7
1835.84
1803.21
1771.21
1740.24
1709.99
1680.87
1653
1626.33
1601.01
1577.52
1556.76
1536.33
1515.64
1495.27
1477.04
1462.54
1451.67
1440.63
1428.78
1417.3
1406.52
1396.96
1387.89
1379.33
1371.01
1363.09
1355.67
1348.98
1343.11
1337.9
1332.9
1327.85
1322.87
1318.11
1313.51
1308.96
1304.68
1300.55
1296.76
1293.2
1289.93
1286.4
1283.35
1279.14
2790
2790
2790
2790
2790
2790
2790
2790
2790
2790
2790
2790
2790
2790
2790
2790
2790
2790.01
2790.33
2793.95
2806.67
2823.16
2831.73
2832.31
2825.24
2805.7
2783.78
2764.92
2748.29
2732.33
2716.74
2701.43
2686.6
2672.11
2657.96
2644.17
2630.74
2617.7
2604.88
2592.16
2579.4
2566.9
2555.65
2546.77
2539.61
2532.21
2523.01
2511.82
2499.48
2486.87
2474.13
2460.99
2447.45
2433.62
2419.44
2404.69
2389.11
2372.55
2354.96
2336.41
2316.99
2296.79
2275.8
2253.98
2231.25
2207.48
2182.64
2156.69
2129.58
2101.33
2072.19
2042.31
2011.39
1979.95
1947.55
1914.7
1882.38
1849.41
1816.56
1783.66
1751.78
1721.06
1691.18
1662.11
1634.46
1609.43
1586.23
1564.07
1542.16
1520.5
1500.08
1483.37
1468.98
1455.78
1442.56
1429.13
1416.43
1404.91
1394.89
1385.56
1376.62
1367.84
1359.8
1352.8
1346.9
1341.48
1336.01
1330.3
1324.47
1318.78
1313.45
1308.64
1304.29
1300.41
1296.7
1293.26
1289.96
1286.82
1283.32
1280.31
1276.03
2790
2790
2790
2790
2790
2790
2790
2790
2790
2790
2790
2790
2790
2790
2790
2790
2790
2790.01
2790.24
2793.22
2805.03
2822.07
2831.97
2833.39
2827.63
2809.28
2787.47
2768.41
2751.73
2735.84
2720.37
2705.17
2690.43
2676.02
2661.95
2648.25
2634.92
2621.97
2609.24
2596.63
2583.98
2571.54
2560.28
2551.37
2544.32
2537.19
2528.35
2517.47
2505.36
2492.91
2480.37
2467.47
2454.18
2440.61
2426.69
2412.23
2396.94
2380.69
2363.41
2345.18
2326.1
2306.24
2285.63
2264.2
2241.87
2218.53
2194.11
2168.52
2141.8
2114.1
2085.45
2055.65
2024.77
1992.39
1960.92
1927.63
1895.11
1862.66
1830
1797.83
1765.74
1734.61
1704.11
1674.49
1646.2
1619.94
1594.76
1570.06
1546.63
1525.73
1507.36
1490.94
1474.41
1457.93
1442.51
1427.52
1414.11
1402.38
1392.3
1382.96
1374.23
1365.94
1358.42
1351.47
1344.93
1338.47
1331.98
1325.7
1319.92
1314.89
1310.41
1306.17
1302.12
1298.34
1294.54
1290.88
1287.29
1283.85
1279.99
1276.74
1271.79
2790
2790
2790
2790
2790
2790
2790
2790
2790
2790
2790
2790
2790
2790
2790
2790
2790
2790
2790.17
2792.57
2803.38
2820.76
2832.08
2834.42
2829.79
2812.9
2791.29
2771.99
2755.22
2739.39
2724.03
2708.95
2694.31
2679.98
2665.99
2652.38
2639.16
2626.3
2613.67
2601.16
2588.61
2576.25
2564.97
2556.03
2549.06
2542.2
2533.73
2523.19
2511.3
2499.03
2486.68
2474.02
2460.99
2447.67
2434.03
2419.84
2404.87
2388.93
2371.99
2354.09
2335.35
2315.86
2295.63
2274.61
2252.71
2229.81
2205.8
2180.64
2154.41
2127.08
2098.53
2068.76
2038.04
2006.63
1974.82
1942.95
1909.87
1877.57
1844.37
1811.57
1779.05
1747.04
1715.77
1685.78
1656.86
1629
1602.01
1575.97
1551.97
1531.2
1512.74
1495.5
1477.71
1459.49
1442.78
1427.62
1414.86
1403.66
1393.62
1384.09
1375.2
1366.71
1358.59
1350.59
1342.77
1335.54
1329.1
1323.41
1318.32
1313.43
1308.48
1303.52
1298.73
1294.25
1289.86
1285.66
1281.65
1277.94
1273.86
1270.33
1265.11
2790
2790
2790
2790
2790
2790
2790
2790
2790
2790
2790
2790
2790
2790
2790
2790
2790
2790
2790.12
2792.01
2801.74
2819.28
2832.01
2835.4
2831.68
2816.54
2795.21
2775.65
2758.77
2742.99
2727.76
2712.79
2698.25
2683.99
2670.08
2656.56
2643.44
2630.68
2618.15
2605.74
2593.31
2581.02
2569.73
2560.74
2553.86
2547.26
2539.16
2528.96
2517.31
2505.22
2493.07
2480.65
2467.88
2454.82
2441.45
2427.55
2412.89
2397.28
2380.67
2363.13
2344.75
2325.64
2305.81
2285.21
2263.76
2241.31
2217.76
2193.09
2167.29
2140.22
2112.03
2082.91
2053
2022.64
1990.45
1958.7
1925.83
1892.81
1859.81
1826.45
1793.35
1760.51
1728.34
1697.59
1668.23
1639.77
1612.22
1586.38
1562.42
1540.65
1519.86
1499.78
1480.64
1461.88
1445.27
1431.17
1419.39
1407.99
1396.92
1386.44
1376.85
1367.83
1359.2
1350.71
1342.47
1334.86
1328.01
1321.68
1315.55
1309.46
1303.55
1298.02
1292.96
1288.29
1283.85
1279.71
1275.87
1272.36
1268.46
1264.98
1260.34
2790
2790
2790
2790
2790
2790
2790
2790
2790
2790
2790
2790
2790
2790
2790
2790
2790
2790
2790.08
2791.54
2800.13
2817.58
2831.77
2836.29
2833.34
2820.19
2799.24
2779.4
2762.38
2746.63
2731.52
2716.68
2702.23
2688.05
2674.22
2660.8
2647.78
2635.13
2622.68
2610.38
2598.07
2585.86
2574.56
2565.52
2558.69
2552.34
2544.62
2534.78
2523.39
2511.48
2499.52
2487.35
2474.84
2462.05
2448.95
2435.34
2420.99
2405.72
2389.47
2372.29
2354.29
2335.57
2316.15
2295.99
2274.98
2253
2229.95
2205.76
2180.33
2153.74
2126.24
2097.8
2068.28
2037.56
2005.86
1973.09
1940.96
1907.39
1874.54
1841.54
1808.59
1776.07
1743.92
1712.72
1682.67
1653.1
1624.42
1598.1
1573.42
1550.04
1527.57
1505.82
1485.14
1465.86
1449.4
1435.35
1423.02
1410.42
1397.9
1386.26
1375.89
1366.34
1357.21
1348.22
1339.46
1331.27
1323.91
1317.2
1310.9
1304.93
1299.35
1294.18
1289.35
1284.81
1280.53
1276.55
1272.84
1269.44
1265.65
1262.39
1257.8
2790
2790
2790
2790
2790
2790
2790
2790
2790
2790
2790
2790
2790
2790
2790
2790
2790
2790
2790.05
2791.15
2798.59
2815.71
2831.27
2837.01
2834.89
2823.79
2803.33
2783.23
2766.05
2750.33
2735.35
2720.64
2706.28
2692.16
2678.41
2665.09
2652.18
2639.61
2627.26
2615.07
2602.88
2590.76
2579.47
2570.35
2563.57
2557.46
2550.11
2540.66
2529.55
2517.83
2506.06
2494.13
2481.89
2469.36
2456.53
2443.22
2429.19
2414.27
2398.38
2381.57
2363.96
2345.64
2326.65
2306.93
2286.4
2264.91
2242.36
2218.61
2193.68
2167.7
2140.66
2112.32
2082.75
2052.08
2020.92
1988.82
1956.7
1923.85
1890.57
1857.36
1823.74
1790.29
1757.49
1725.42
1694.02
1663.56
1634.09
1606.94
1581.65
1557.35
1533.43
1511.02
1490.28
1471.85
1455.33
1439.93
1425.43
1411.38
1397.83
1385.25
1373.88
1363.3
1353.26
1343.86
1335.47
1328.16
1321.69
1315.66
1309.8
1304.2
1298.95
1293.93
1289.02
1284.31
1279.87
1275.69
1271.8
1268.24
1264.3
1260.74
1255.51
2790
2790
2790
2790
2790
2790
2790
2790
2790
2790
2790
2790
2790
2790
2790
2790
2790
2790
2790.03
2790.83
2797.14
2813.65
2830.54
2837.59
2836.35
2827.26
2807.47
2787.18
2769.81
2754.07
2739.21
2724.63
2710.37
2696.32
2682.65
2669.43
2656.63
2644.16
2631.9
2619.82
2607.75
2595.73
2584.44
2575.26
2568.5
2562.6
2555.63
2546.58
2535.76
2524.24
2512.67
2500.98
2489
2476.75
2464.19
2451.18
2437.47
2422.9
2407.38
2390.97
2373.76
2355.86
2337.29
2318.03
2297.98
2276.99
2254.93
2231.7
2207.34
2181.8
2154.95
2126.85
2097.93
2068.22
2037.48
2006.38
1973.63
1941.42
1907.84
1874.16
1840.55
1806.86
1773.47
1740.55
1707.89
1676.99
1647.39
1618.6
1591.2
1565.48
1541.06
1518.51
1498.07
1479.77
1462.36
1445.35
1428.75
1413.26
1399.19
1386.17
1374.16
1362.83
1352.55
1343.72
1336.67
1330.3
1323.68
1316.99
1310.58
1304.62
1298.99
1293.56
1288.22
1283.13
1278.32
1273.74
1269.54
1265.7
1261.64
1257.99
1252.71
2790
2790
2790
2790
2790
2790
2790
2790
2790
2790
2790
2790
2790
2790
2790
2790
2790
2790
2790.02
2790.59
2795.81
2811.45
2829.5
2838.03
2837.73
2830.54
2811.63
2791.24
2773.64
2757.87
2743.15
2728.7
2714.52
2700.53
2686.94
2673.83
2661.13
2648.76
2636.59
2624.62
2612.67
2600.76
2589.49
2580.22
2573.47
2567.78
2561.19
2552.55
2542.05
2530.73
2519.36
2507.91
2496.21
2484.22
2471.94
2459.22
2445.83
2431.62
2416.49
2400.47
2383.68
2366.2
2348.08
2329.28
2309.72
2289.24
2267.7
2245.03
2221.17
2195.99
2169.62
2142.35
2114.22
2084.88
2054.4
2022.92
1990.3
1957.65
1924.45
1890.65
1857.01
1823.54
1790.19
1757.26
1724.49
1692.91
1663
1633.67
1604.72
1577.4
1551.96
1528.33
1506.53
1486.78
1468.05
1449.77
1432.21
1416.11
1402.23
1389.46
1377.47
1365.98
1355.94
1347.22
1339.48
1331.67
1323.52
1315.8
1308.74
1302.33
1296.29
1290.44
1284.72
1279.27
1274.09
1269.02
1264.44
1260.36
1256.15
1252.44
1246.81
2790
2790
2790
2790
2790
2790
2790
2790
2790
2790
2790
2790
2790
2790
2790
2790
2790
2790
2790.01
2790.41
2794.62
2809.16
2828.09
2838.37
2839.05
2833.53
2815.81
2795.44
2777.55
2761.71
2747.12
2732.81
2718.71
2704.79
2691.29
2678.28
2665.7
2653.41
2641.33
2629.47
2617.65
2605.86
2594.61
2585.26
2578.48
2572.98
2566.76
2558.55
2548.39
2537.3
2526.11
2514.9
2503.47
2491.76
2479.75
2467.33
2454.27
2440.42
2425.69
2410.08
2393.71
2376.66
2358.99
2340.67
2321.6
2301.65
2280.66
2258.52
2235.1
2210.48
2184.87
2158.16
2130.12
2100.77
2070.52
2039.23
2007.59
1974.77
1942.1
1908.51
1874.41
1840.49
1806.62
1772.98
1739.98
1707.4
1676.31
1646.53
1616.94
1588.62
1561.63
1536.56
1513.38
1492.19
1472.46
1453.2
1435.26
1419.31
1405.79
1392.86
1380.4
1368.56
1358.17
1348.59
1339.42
1330.21
1320.79
1312.01
1304.25
1297.35
1290.93
1284.83
1278.99
1273.54
1268.39
1263.38
1258.89
1254.76
1250.39
1246.42
1240.63
2790
2790
2790
2790
2790
2790
2790
2790
2790
2790
2790
2790
2790
2790
2790
2790
2790
2790
2790.01
2790.27
2793.58
2806.81
2826.4
2838.47
2840.29
2836.22
2820.01
2799.76
2781.54
2765.63
2751.18
2736.99
2722.95
2709.1
2695.69
2682.79
2670.31
2658.12
2646.12
2634.37
2622.68
2611.02
2599.8
2590.36
2583.55
2578.21
2572.36
2564.6
2554.8
2543.94
2532.95
2521.98
2510.82
2499.38
2487.65
2475.52
2462.79
2449.31
2434.97
2419.79
2403.84
2387.24
2370.03
2352.19
2333.63
2314.21
2293.77
2272.14
2249.3
2225.34
2200.19
2173.62
2145.82
2117.09
2087.63
2057.35
2026.12
1993.76
1960.59
1927.41
1893.14
1858.63
1824.11
1789.53
1755.86
1722.79
1690.18
1659.29
1629.02
1599.69
1572.14
1546.82
1523.12
1500.45
1479.24
1459.47
1441.71
1425.22
1410.22
1395.85
1382.28
1369.66
1358.63
1348.04
1337.39
1327.12
1317.5
1308.75
1300.93
1293.83
1287.18
1280.97
1275.15
1269.84
1264.85
1259.97
1255.44
1251.16
1246.69
1242.76
1237.29
2790
2790
2790
2790
2790
2790
2790
2790
2790
2790
2790
2790
2790
2790
2790
2790
2790
2790
2790
2790.17
2792.7
2804.48
2824.36
2838.36
2841.47
2838.55
2824.24
2804.23
2785.61
2769.61
2755.28
2741.2
2727.23
2713.45
2700.14
2687.36
2674.99
2662.88
2650.97
2639.32
2627.77
2616.24
2605.06
2595.54
2588.66
2583.47
2577.97
2570.67
2561.26
2550.65
2539.85
2529.11
2518.23
2507.07
2495.61
2483.78
2471.38
2458.28
2444.35
2429.59
2414.09
2397.94
2381.19
2363.83
2345.78
2326.9
2307
2285.95
2263.73
2240.27
2215.43
2189.39
2162.49
2134.61
2105.66
2075.4
2044.04
2012.03
1978.74
1945.31
1911.16
1876.74
1842.28
1807.85
1773.79
1740.97
1707.63
1675.13
1644.5
1615.02
1587.05
1560.88
1536.05
1512.01
1488.88
1467.69
1448.65
1430.55
1413.24
1397.32
1383.02
1370.27
1358.78
1347.32
1335.96
1325.74
1317.1
1309.21
1301.55
1294.24
1287.22
1280.78
1274.88
1269.54
1264.45
1259.39
1254.56
1250.1
1245.4
1241.32
1235.28
2790
2790
2790
2790
2790
2790
2790
2790
2790
2790
2790
2790
2790
2790
2790
2790
2790
2790
2790
2790.11
2791.97
2802.2
2822.05
2837.91
2842.51
2840.57
2828.45
2808.77
2789.75
2773.68
2759.46
2745.47
2731.57
2717.87
2704.66
2692
2679.72
2667.69
2655.86
2644.32
2632.91
2621.52
2610.39
2600.78
2593.83
2588.74
2583.59
2576.76
2567.77
2557.44
2546.83
2536.32
2525.71
2514.83
2503.65
2492.11
2480.05
2467.32
2453.8
2439.47
2424.42
2408.73
2392.45
2375.59
2358.06
2339.71
2320.39
2299.94
2278.26
2255.24
2231.04
2205.87
2179.59
2151.86
2122.88
2092.79
2062.01
2030.38
1998.02
1964.41
1930.96
1896.91
1862.19
1827.56
1792.59
1758.53
1725.15
1691.87
1659.82
1629.19
1599.64
1571.83
1545.47
1520.6
1496.39
1474.15
1453.86
1434.71
1416.46
1400.35
1386.38
1373.74
1361.39
1348.99
1337.8
1328.42
1320.71
1312.93
1304.73
1296.75
1289.12
1282.12
1275.71
1269.9
1264.42
1259.17
1254.17
1249.5
1244.49
1239.92
1233.11
2790
2790
2790
2790
2790
2790
2790
2790
2790
2790
2790
2790
2790
2790
2790
2790
2790
2790
2790
2790.07
2791.4
2800.03
2819.42
2837.12
2843.35
2842.47
2832.54
2813.34
2794.02
2777.86
2763.7
2749.76
2735.93
2722.32
2709.23
2696.68
2684.51
2672.55
2660.81
2649.37
2638.11
2626.86
2615.8
2606.1
2599.04
2594.05
2589.22
2582.87
2574.33
2564.3
2553.88
2543.6
2533.25
2522.65
2511.75
2500.51
2488.79
2476.44
2463.33
2449.45
2434.85
2419.62
2403.82
2387.45
2370.44
2352.65
2333.9
2314.02
2292.87
2270.5
2247.05
2222.36
2196.21
2168.77
2140.51
2111.4
2081.43
2050.3
2018.28
1984.77
1950.47
1915.82
1880.61
1845.61
1810.36
1774.81
1740.78
1707.41
1674.57
1643.37
1613.01
1583.81
1555.11
1528.22
1503.15
1480.42
1460.31
1442.04
1424.75
1408.69
1393.73
1379.36
1365.49
1352.4
1341.35
1331.6
1322.8
1314.08
1305.21
1296.68
1288.62
1281.14
1274.16
1267.78
1261.84
1256.37
1251.29
1246.6
1241.69
1237.03
1230.16
2790
2790
2790
2790
2790
2790
2790
2790
2790
2790
2790
2790
2790
2790
2790
2790
2790
2790
2790
2790.04
2790.96
2798.04
2816.57
2835.88
2844
2844.27
2836.32
2817.91
2798.42
2782.16
2768
2754.11
2740.35
2726.83
2713.87
2701.44
2689.35
2677.46
2665.79
2654.47
2643.35
2632.25
2621.27
2611.49
2604.31
2599.37
2594.86
2588.99
2580.94
2571.23
2561.02
2550.94
2540.86
2530.54
2519.91
2508.97
2497.59
2485.62
2472.94
2459.5
2445.36
2430.6
2415.28
2399.41
2382.92
2365.69
2347.52
2328.22
2307.7
2286
2263.03
2238.66
2213.12
2186.71
2159.31
2130.57
2100.72
2069.68
2037.47
2004.62
1970.72
1936.64
1901.88
1866.61
1831.56
1795.83
1760.41
1726.52
1693.43
1661.84
1630.94
1600.63
1570.65
1542.33
1516.61
1492.91
1471.61
1452
1433.67
1416.1
1399.32
1383.11
1368.15
1354.72
1343.24
1332.27
1321.67
1311.74
1302.36
1293.56
1285.33
1277.59
1270.19
1263.37
1257.03
1251.23
1245.95
1241.25
1236.55
1231.91
1224.81
2790
2790
2790
2790
2790
2790
2790
2790
2790
2790
2790
2790
2790
2790
2790
2790
2790
2790
2790
2790.02
2790.63
2796.26
2813.53
2834.17
2844.49
2845.94
2839.73
2822.49
2803.02
2786.59
2772.35
2758.48
2744.79
2731.39
2718.56
2706.25
2694.24
2682.42
2670.83
2659.62
2648.65
2637.71
2626.81
2616.96
2609.63
2604.73
2600.5
2595.12
2587.57
2578.21
2568.21
2558.35
2548.52
2538.48
2528.13
2517.49
2506.45
2494.87
2482.62
2469.63
2455.95
2441.67
2426.83
2411.46
2395.5
2378.83
2361.24
2342.54
2322.66
2301.5
2279.01
2255.37
2230.79
2204.98
2177.67
2149.01
2119.49
2088.97
2057.65
2025.29
1991.65
1956.77
1922.08
1886.81
1851.44
1816.19
1780.27
1745.8
1711.94
1678.66
1646.35
1614.54
1584.26
1555.56
1529.28
1504.45
1480.96
1458.92
1439.02
1419.96
1401.95
1385.05
1370.23
1357.1
1344.84
1332.31
1320.2
1309.33
1299.67
1290.84
1282.66
1275.08
1267.85
1261.06
1254.55
1248.47
1242.81
1237.61
1232.62
1227.78
1220.7
2790
2790
2790
2790
2790
2790
2790
2790
2790
2790
2790
2790
2790
2790
2790
2790
2790
2790
2790
2790.01
2790.4
2794.72
2810.4
2832.06
2844.65
2847.47
2842.68
2827.08
2807.81
2791.13
2776.76
2762.88
2749.28
2736.01
2723.32
2711.12
2699.18
2687.42
2675.91
2664.81
2654
2643.22
2632.41
2622.49
2615
2610.1
2606.14
2601.24
2594.23
2585.27
2575.49
2565.82
2556.25
2546.49
2536.42
2526.08
2515.38
2504.19
2492.36
2479.83
2466.62
2452.81
2438.45
2423.59
2408.16
2392.05
2375.05
2356.98
2337.68
2317.09
2295.32
2272.48
2248.36
2222.7
2195.85
2168.12
2139.52
2109.77
2079.03
2046.97
2013.67
1979.15
1944.22
1908.81
1872.21
1836.01
1799.5
1763.39
1728.64
1694.3
1660.73
1628.11
1596.86
1567.35
1540
1514.71
1490.03
1466.76
1445.39
1425.14
1406.29
1389.77
1375.55
1362.27
1348.9
1335.03
1321.9
1310.77
1301.52
1292.95
1284.71
1277.04
1269.69
1262.68
1255.88
1249.41
1243.21
1237.5
1232.12
1226.99
1219.3
2790
2790
2790
2790
2790
2790
2790
2790
2790
2790
2790
2790
2790
2790
2790
2790
2790
2790
2790
2790.01
2790.24
2793.43
2807.25
2829.45
2844.51
2848.9
2845.08
2831.73
2812.83
2795.81
2781.22
2767.31
2753.8
2740.68
2728.15
2716.04
2704.16
2692.46
2681.03
2670.06
2659.4
2648.78
2638.08
2628.1
2620.44
2615.51
2611.78
2607.35
2600.91
2592.37
2582.84
2573.35
2564.02
2554.53
2544.75
2534.71
2524.35
2513.55
2502.16
2490.09
2477.36
2464.02
2450.16
2435.79
2420.9
2405.34
2388.94
2371.47
2352.79
2332.87
2311.81
2289.45
2265.7
2240.83
2215.06
2188.14
2159.85
2130.13
2099.45
2067.58
2034.43
2000.51
1965.37
1930.29
1894.36
1857.98
1822.03
1785.59
1749.98
1715.04
1680.28
1647.03
1615.13
1585.37
1556.66
1529.88
1503.94
1479.09
1455.86
1434.24
1414.58
1397.35
1381.62
1366.45
1351.94
1338.55
1326.92
1316.42
1306.98
1297.43
1287.84
1278.92
1270.68
1263.18
1256.11
1249.48
1243.04
1237.14
1231.46
1226.05
1217.81
2790
2790
2790
2790
2790
2790
2790
2790
2790
2790
2790
2790
2790
2790
2790
2790
2790
2790
2790
2790
2790.14
2792.4
2804.2
2826.45
2843.9
2849.99
2847.18
2836.35
2817.99
2800.6
2785.74
2771.78
2758.37
2745.43
2733.05
2721.03
2709.19
2697.53
2686.2
2675.36
2664.85
2654.4
2643.8
2633.78
2625.93
2620.94
2617.42
2613.45
2607.6
2599.52
2590.26
2580.95
2571.85
2562.63
2553.13
2543.39
2533.38
2522.98
2512.02
2500.42
2488.16
2475.3
2461.92
2448.06
2433.69
2418.71
2402.9
2386.05
2368.01
2348.76
2328.25
2306.44
2283.54
2259.64
2234.39
2207.56
2179.45
2150.31
2120.38
2089.2
2056.9
2023.43
1988.7
1953.2
1917.5
1880.72
1844.48
1808.28
1771.46
1735.8
1700.41
1666.31
1633.6
1602.16
1571.15
1541.61
1514
1487.74
1463.08
1440.52
1420.4
1402.11
1384.76
1367.79
1352.43
1339.29
1328.7
1318.57
1308.48
1298.05
1287.56
1277.66
1268.56
1260.35
1252.71
1245.76
1238.97
1232.93
1227.02
1221.41
1212.83
2790
2790
2790
2790
2790
2790
2790
2790
2790
2790
2790
2790
2790
2790
2790
2790
2790
2790
2790
2790
2790.08
2791.61
2801.33
2822.98
2842.79
2850.77
2849.06
2840.84
2823.25
2805.53
2790.33
2776.27
2762.98
2750.23
2738.01
2726.06
2714.24
2702.64
2691.42
2680.71
2670.36
2660.06
2649.58
2639.52
2631.49
2626.4
2623.05
2619.52
2614.28
2606.71
2597.74
2588.6
2579.71
2570.77
2561.55
2552.11
2542.45
2532.44
2521.93
2510.8
2499.02
2486.65
2473.75
2460.39
2446.55
2432.13
2416.91
2400.69
2383.31
2364.67
2344.78
2323.76
2301.66
2278.18
2253.19
2227.03
2199.97
2171.86
2142.59
2111.83
2079.95
2046.64
2012.05
1976.08
1939.88
1903.42
1865.87
1828.97
1791.16
1754.21
1718.25
1683.49
1650.07
1617.51
1584.92
1553.33
1524.38
1497.45
1473.44
1451.49
1430.98
1411.09
1392.41
1374.48
1358.36
1344.06
1330.85
1318.15
1305.98
1294.7
1284.23
1274.26
1264.98
1256.62
1248.81
1241.78
1234.8
1228.58
1222.61
1216.72
1208.12
2790
2790
2790
2790
2790
2790
2790
2790
2790
2790
2790
2790
2790
2790
2790
2790
2790
2790
2790
2790
2790.04
2791.04
2798.73
2819.19
2841.08
2851.25
2850.77
2845.03
2828.53
2810.59
2794.99
2780.8
2767.65
2755.12
2743.04
2731.13
2719.33
2707.79
2696.68
2686.11
2675.91
2665.77
2655.4
2645.33
2637.11
2631.9
2628.68
2625.57
2620.94
2613.93
2605.28
2596.32
2587.63
2578.95
2570.02
2560.89
2551.56
2541.96
2531.89
2521.22
2509.92
2498.03
2485.62
2472.76
2459.45
2445.59
2430.98
2415.39
2398.64
2380.65
2361.49
2341.18
2319.58
2296.61
2272.54
2247.49
2221.14
2193.25
2164.01
2133.33
2101.73
2068.85
2034.6
1999.59
1963.23
1927.15
1889.8
1852.18
1814.72
1777.25
1741.11
1705.59
1670.3
1636.07
1603.2
1571.02
1540.78
1512.39
1486.21
1462.3
1440.31
1418.82
1399.62
1382.63
1366.81
1351.43
1336.26
1320.48
1305.73
1293.35
1283.05
1273.77
1265.11
1257.19
1249.6
1242.56
1235.36
1228.82
1222.77
1216.97
1208.35
2790
2790
2790
2790
2790
2790
2790
2790
2790
2790
2790
2790
2790
2790
2790
2790
2790
2790
2790
2790
2790.02
2790.64
2796.48
2815.17
2838.62
2851.47
2852.4
2848.72
2833.8
2815.84
2799.72
2785.36
2772.39
2760.08
2748.12
2736.22
2724.43
2712.97
2701.99
2691.58
2681.52
2671.52
2661.28
2651.2
2642.79
2637.44
2634.32
2631.59
2627.57
2621.17
2612.88
2604.09
2595.59
2587.16
2578.51
2569.68
2560.71
2551.5
2541.88
2531.69
2520.88
2509.47
2497.55
2485.18
2472.39
2459.09
2445.07
2430.12
2414.02
2396.72
2378.24
2358.52
2337.57
2315.52
2292.38
2267.77
2241.57
2214.07
2185.56
2155.89
2125.3
2093.17
2059.61
2025.04
1988.95
1952.41
1915.29
1877.03
1839.24
1801.51
1764.36
1728.41
1691.91
1655.74
1621.15
1588.36
1556.61
1526.55
1497.76
1471.62
1448.11
1425.07
1403.97
1386
1369.91
1354.13
1338.52
1323.24
1309.12
1297.2
1287.88
1279.32
1270.88
1262.62
1254.35
1246.61
1238.97
1231.98
1225.53
1219.25
1209.26
2790
2790
2790
2790
2790
2790
2790
2790
2790
2790
2790
2790
2790
2790
2790
2790
2790
2790
2790
2790
2790.01
2790.37
2794.61
2811.09
2835.55
2851.26
2853.96
2851.79
2839.04
2821.24
2804.49
2789.98
2777.23
2765.13
2753.25
2741.35
2729.56
2718.19
2707.36
2697.1
2687.18
2677.31
2667.18
2657.13
2648.55
2643.01
2639.96
2637.57
2634.16
2628.4
2620.53
2611.92
2603.59
2595.4
2587.04
2578.52
2569.9
2561.09
2551.91
2542.19
2531.86
2520.94
2509.5
2497.63
2485.35
2472.6
2459.19
2444.87
2429.44
2412.82
2394.99
2375.96
2355.84
2334.57
2311.86
2287.68
2262.35
2236
2208.47
2179.43
2149.06
2116.94
2083.6
2048.79
2013.21
1976.24
1938.73
1900.45
1861.96
1823.86
1785.36
1747.6
1709.9
1672.54
1636.87
1603.53
1571.55
1541.9
1513.76
1487.09
1462.78
1439.18
1415.93
1394.65
1375.55
1358.17
1342.24
1328.04
1315.81
1304.23
1293.78
1283.93
1274.19
1264.75
1255.7
1247.39
1239.4
1231.9
1225.32
1218.79
1208.63
2790
2790
2790
2790
2790
2790
2790
2790
2790
2790
2790
2790
2790
2790
2790
2790
2790
2790
2790
2790
2790
2790.2
2793.14
2807.11
2831.77
2850.51
2855.34
2854.41
2844.2
2826.7
2809.34
2794.71
2782.18
2770.23
2758.39
2746.47
2734.71
2723.45
2712.79
2702.69
2692.88
2683.13
2673.12
2663.1
2654.38
2648.64
2645.61
2643.53
2640.7
2635.62
2628.22
2619.81
2611.61
2603.66
2595.59
2587.38
2579.1
2570.69
2561.96
2552.72
2542.88
2532.44
2521.48
2510.1
2498.34
2486.14
2473.32
2459.64
2444.88
2428.93
2411.79
2393.53
2374.12
2353.41
2331.36
2308.21
2283.92
2258.19
2230.88
2202.02
2171.97
2140.34
2107.71
2073.73
2038.29
2001.75
1964.07
1926.51
1887.91
1849.85
1811.37
1772.47
1734.2
1696.34
1659.34
1624.05
1590.83
1559.95
1530.78
1501.66
1475.18
1451.66
1428.95
1406.95
1386.16
1367.01
1349.88
1334.94
1321.52
1308.26
1295.63
1284.32
1273.98
1263.98
1254.23
1244.98
1236.24
1228.07
1221.5
1215.02
1204.74
2790
2790
2790
2790
2790
2790
2790
2790
2790
2790
2790
2790
2790
2790
2790
2790
2790
2790
2790
2790
2790
2790.11
2792.03
2803.38
2827.48
2848.95
2856.36
2856.83
2848.98
2832.1
2814.29
2799.6
2787.24
2775.39
2763.54
2751.61
2739.89
2728.77
2718.29
2708.33
2698.63
2688.97
2679.07
2669.12
2660.28
2654.33
2651.28
2649.46
2647.16
2642.8
2635.93
2627.75
2619.69
2611.95
2604.17
2596.28
2588.34
2580.33
2572.04
2563.27
2553.91
2543.95
2533.47
2522.58
2511.32
2499.67
2487.45
2474.4
2460.32
2445.06
2428.64
2411.08
2392.33
2372.37
2351.28
2328.97
2305.1
2279.68
2252.98
2225.06
2195.96
2165.31
2133.65
2100.42
2065.49
2029.5
1991.67
1953.79
1914.85
1875.51
1836.3
1796.56
1757.79
1720.92
1683.5
1646.74
1611.06
1577.24
1546.15
1514.65
1484.83
1459.23
1436.03
1414.32
1393.06
1372.87
1354.43
1338.2
1323.55
1309.07
1295.13
1282.7
1271.42
1260.62
1250.55
1241.46
1233.01
1224.64
1217.17
1210.14
1199.01
2790
2790
2790
2790
2790
2790
2790
2790
2790
2790
2790
2790
2790
2790
2790
2790
2790
2790
2790
2790
2790
2790.05
2791.24
2800.04
2822.72
2846.62
2857.1
2859.03
2853.2
2837.45
2819.46
2804.7
2792.4
2780.56
2768.68
2756.73
2745.1
2734.14
2723.85
2714.03
2704.4
2694.82
2685.05
2675.19
2666.26
2660.08
2656.97
2655.36
2653.55
2649.92
2643.65
2635.73
2627.79
2620.25
2612.75
2605.18
2597.59
2589.97
2582.12
2573.83
2564.95
2555.48
2545.48
2535.06
2524.31
2513.2
2501.56
2489.16
2475.75
2461.19
2445.48
2428.61
2410.61
2391.51
2371.17
2349.37
2326.13
2301.73
2276.18
2249.19
2220.66
2190.36
2158.77
2125.3
2090.61
2054.44
2017.21
1978.87
1939.93
1900.01
1859.81
1819.56
1779.64
1741.43
1703.21
1665.69
1628.92
1593.53
1561.05
1530.3
1500.04
1472.04
1445.11
1420.29
1398.33
1379.49
1361.49
1344.1
1328.1
1312.77
1297.97
1283.61
1270.55
1259.3
1249.79
1241.43
1233.13
1224.48
1215.95
1208.35
1197.02
)
;

boundaryField
{
    inlet
    {
        type            fixedValue;
        value           uniform 2790;
    }
    obstacle
    {
        type            zeroGradient;
    }
    bottom
    {
        type            symmetry;
    }
    outlet
    {
        type            zeroGradient;
    }
    top
    {
        type            symmetry;
    }
    defaultFaces
    {
        type            empty;
    }
    procBoundary4to5
    {
        type            processor;
        value           nonuniform List<scalar> 
121
(
3284.79
2978.93
2958.64
2925.84
2885.95
2845.68
2814.59
2797.25
2791.16
2790.07
2790
2790
2790
2790
2790.02
2790.49
2794.09
2802.17
2808.36
2809.22
2803.8
2782.16
2752.73
2725.19
2700.11
2675.45
2650.11
2624.26
2599.06
2576.44
2559
2548.53
2544.98
2545.25
2547.66
2550.57
2551.34
2548.75
2541.21
2529.66
2516.86
2504.7
2492.89
2479.69
2463.88
2446.09
2427.53
2408.7
2389.34
2369.25
2348.66
2328.1
2307.97
2287.87
2265.29
2233.65
2185.38
2126.99
2078.74
2048.74
2029.87
2015.84
2002.98
1989.77
1976.48
1963.25
1950.64
1938.5
1927.07
1916.01
1905.44
1895.2
1885.45
1876.08
1867.14
1858.41
1850.04
1841.93
1834.17
1826.85
1819.93
1813.11
1806.44
1800.03
1793.9
1788.03
1782.41
1776.94
1771.62
1766.52
1761.68
1757.02
1752.56
1748.26
1744.13
1740.14
1736.33
1732.69
1729.23
1725.93
1722.75
1719.71
1716.77
1713.94
1711.21
1708.58
1706.06
1703.64
1701.33
1699.12
1696.99
1694.98
1693.04
1691.2
1689.5
1687.78
1686.18
1684.59
1683.14
1681.86
1679.34
)
;
    }
    procBoundary4to6
    {
        type            processor;
        value           nonuniform List<scalar> 
121
(
2790
2790
2790
2790
2790
2790
2790
2790
2790
2790
2790
2790
2790
2790
2790
2790
2790
2790
2790
2790
2790
2790.02
2790.72
2797.19
2817.73
2843.53
2857.33
2861
2856.66
2842.75
2824.93
2810.02
2797.65
2785.74
2773.8
2761.88
2750.36
2739.6
2729.49
2719.77
2710.2
2700.68
2691.03
2681.28
2672.31
2665.9
2662.69
2661.24
2659.85
2656.96
2651.36
2643.77
2635.93
2628.57
2621.35
2614.11
2606.87
2599.64
2592.22
2584.39
2576
2567
2557.47
2547.53
2537.28
2526.7
2515.65
2503.88
2491.15
2477.3
2462.29
2446.17
2428.95
2410.58
2390.88
2369.9
2347.73
2324.28
2299.26
2272.57
2244.39
2214.66
2183.73
2151.08
2117.3
2082.15
2045.58
2007.46
1968.44
1929.08
1888.63
1849.22
1809.31
1769.01
1729.21
1690.6
1653.31
1615.99
1580.29
1547.94
1516.58
1487.34
1459.76
1432.56
1408.23
1387.27
1367.37
1348.25
1330.63
1314.76
1300.55
1286.68
1274.3
1263.49
1254.09
1245.08
1236.13
1227.49
1218.67
1210.67
1198.41
)
;
    }
}


// ************************************************************************* //
