/*--------------------------------*- C++ -*----------------------------------*\
| =========                 |                                                 |
| \\      /  F ield         | OpenFOAM: The Open Source CFD Toolbox           |
|  \\    /   O peration     | Version:  2412                                  |
|   \\  /    A nd           | Website:  www.openfoam.com                      |
|    \\/     M anipulation  |                                                 |
\*---------------------------------------------------------------------------*/
FoamFile
{
    version     2.0;
    format      ascii;
    arch        "LSB;label=32;scalar=64";
    class       volScalarField;
    location    "0.097";
    object      T;
}
// * * * * * * * * * * * * * * * * * * * * * * * * * * * * * * * * * * * * * //

dimensions      [0 0 0 1 0 0 0];

internalField   nonuniform List<scalar> 
9816
(
227.169
227.179
227.187
227.191
227.193
227.193
227.19
227.185
227.177
227.168
227.157
227.145
227.131
227.116
227.099
227.081
227.062
227.04
227.019
226.993
226.968
226.939
226.908
226.875
226.841
226.809
226.781
226.761
226.751
226.751
226.758
226.795
226.872
227.004
227.184
227.418
227.68
227.978
228.282
228.61
228.92
229.213
225.571
225.549
225.526
225.502
225.478
225.454
225.429
225.404
225.38
225.356
225.333
225.311
225.289
225.267
225.246
225.222
225.198
225.169
225.137
225.102
225.065
225.03
225
224.98
224.971
224.97
224.993
225.059
225.195
225.395
225.657
225.953
226.274
226.593
226.905
227.187
227.436
227.635
227.784
227.871
227.909
227.887
224.837
224.819
224.8
224.782
224.765
224.746
224.732
224.716
224.702
224.688
224.675
224.662
224.649
224.635
224.618
224.6
224.58
224.561
224.543
224.531
224.524
224.523
224.531
224.557
224.616
224.715
224.865
225.064
225.308
225.591
225.901
226.216
226.514
226.78
226.988
227.109
227.185
227.242
227.264
227.255
227.23
227.191
224.403
224.389
224.377
224.364
224.352
224.34
224.329
224.318
224.308
224.298
224.288
224.277
224.264
224.249
224.233
224.216
224.202
224.192
224.188
224.189
224.194
224.213
224.254
224.329
224.447
224.619
224.845
225.122
225.434
225.761
226.068
226.34
226.564
226.7
226.756
226.804
226.837
226.845
226.833
226.807
226.771
226.728
224.118
224.108
224.097
224.086
224.076
224.067
224.057
224.049
224.04
224.032
224.022
224.011
223.999
223.986
223.972
223.962
223.955
223.953
223.953
223.958
223.974
224.01
224.075
224.182
224.337
224.551
224.816
225.125
225.454
225.774
226.048
226.268
226.421
226.48
226.493
226.516
226.537
226.546
226.54
226.518
226.484
226.444
223.91
223.902
223.894
223.887
223.88
223.875
223.87
223.865
223.861
223.855
223.848
223.839
223.829
223.819
223.809
223.802
223.799
223.798
223.801
223.811
223.834
223.879
223.957
224.079
224.253
224.483
224.764
225.077
225.4
225.698
225.94
226.119
226.241
226.293
226.3
226.311
226.328
226.34
226.34
226.328
226.304
226.273
223.758
223.753
223.749
223.745
223.741
223.737
223.733
223.729
223.724
223.718
223.711
223.702
223.692
223.683
223.675
223.67
223.669
223.669
223.674
223.686
223.713
223.762
223.846
223.971
224.149
224.378
224.654
224.956
225.263
225.544
225.779
225.945
226.06
226.13
226.152
226.151
226.159
226.171
226.179
226.178
226.169
226.147
223.645
223.64
223.636
223.632
223.629
223.626
223.623
223.62
223.616
223.612
223.605
223.598
223.591
223.585
223.58
223.579
223.579
223.58
223.587
223.602
223.632
223.684
223.769
223.894
224.065
224.285
224.546
224.833
225.125
225.398
225.633
225.809
225.924
226.004
226.048
226.057
226.052
226.058
226.067
226.073
226.075
226.068
223.549
223.546
223.544
223.542
223.541
223.539
223.538
223.536
223.533
223.529
223.524
223.519
223.513
223.508
223.505
223.504
223.504
223.507
223.515
223.532
223.563
223.617
223.7
223.822
223.986
224.195
224.442
224.715
224.995
225.264
225.498
225.685
225.822
225.915
225.955
225.967
225.982
225.998
226.006
226.007
226
225.993
223.48
223.479
223.477
223.476
223.475
223.474
223.472
223.47
223.467
223.464
223.459
223.454
223.45
223.447
223.445
223.445
223.446
223.449
223.458
223.475
223.507
223.559
223.639
223.753
223.906
224.098
224.326
224.58
224.847
225.109
225.352
225.557
225.716
225.828
225.904
225.942
225.951
225.958
225.97
225.981
225.985
225.984
223.423
223.423
223.422
223.422
223.421
223.421
223.42
223.419
223.418
223.415
223.412
223.41
223.407
223.405
223.405
223.405
223.406
223.41
223.418
223.434
223.462
223.508
223.576
223.675
223.807
223.975
224.178
224.41
224.659
224.914
225.158
225.38
225.569
225.72
225.827
225.899
225.947
225.971
225.973
225.976
225.984
225.992
223.377
223.377
223.377
223.377
223.378
223.378
223.378
223.377
223.376
223.374
223.372
223.37
223.368
223.367
223.366
223.366
223.367
223.37
223.377
223.389
223.412
223.448
223.502
223.579
223.685
223.821
223.989
224.186
224.407
224.642
224.882
225.115
225.33
225.518
225.674
225.796
225.882
225.941
225.978
225.991
225.993
226
223.335
223.335
223.336
223.336
223.337
223.337
223.337
223.337
223.336
223.336
223.334
223.332
223.33
223.329
223.328
223.328
223.328
223.33
223.334
223.343
223.358
223.383
223.421
223.477
223.555
223.657
223.786
223.943
224.126
224.331
224.552
224.782
225.01
225.228
225.426
225.599
225.738
225.847
225.928
225.975
225.995
226.013
223.307
223.308
223.309
223.31
223.311
223.312
223.312
223.312
223.312
223.312
223.311
223.309
223.308
223.306
223.306
223.306
223.306
223.307
223.31
223.315
223.325
223.343
223.369
223.409
223.465
223.541
223.638
223.762
223.911
224.085
224.281
224.496
224.721
224.95
225.173
225.381
225.566
225.722
225.842
225.928
225.993
226.028
223.281
223.283
223.285
223.286
223.288
223.289
223.291
223.291
223.292
223.292
223.291
223.291
223.29
223.289
223.289
223.289
223.289
223.291
223.293
223.297
223.305
223.318
223.339
223.371
223.419
223.485
223.572
223.682
223.818
223.979
224.164
224.368
224.588
224.817
225.045
225.266
225.469
225.648
225.796
225.905
225.983
226.041
223.258
223.26
223.262
223.264
223.266
223.267
223.268
223.268
223.268
223.268
223.268
223.267
223.266
223.265
223.265
223.264
223.265
223.266
223.268
223.272
223.279
223.292
223.314
223.347
223.395
223.461
223.549
223.661
223.798
223.96
224.146
224.351
224.571
224.8
225.03
225.253
225.458
225.642
225.795
225.909
225.991
226.054
223.237
223.239
223.241
223.243
223.245
223.246
223.247
223.248
223.248
223.248
223.248
223.247
223.247
223.247
223.247
223.248
223.249
223.252
223.256
223.263
223.274
223.292
223.318
223.357
223.411
223.483
223.577
223.695
223.836
224.004
224.193
224.402
224.624
224.855
225.084
225.306
225.51
225.692
225.841
225.952
226.035
226.095
223.218
223.221
223.223
223.225
223.227
223.229
223.23
223.231
223.231
223.232
223.232
223.232
223.233
223.233
223.234
223.236
223.238
223.243
223.249
223.259
223.275
223.299
223.333
223.381
223.446
223.531
223.639
223.77
223.926
224.105
224.305
224.522
224.751
224.982
225.21
225.426
225.621
225.788
225.922
226.027
226.102
226.141
223.206
223.209
223.212
223.214
223.216
223.218
223.219
223.22
223.221
223.221
223.221
223.222
223.222
223.223
223.225
223.227
223.231
223.237
223.246
223.26
223.281
223.312
223.356
223.415
223.495
223.595
223.72
223.868
224.042
224.237
224.451
224.678
224.913
225.145
225.369
225.575
225.756
225.908
226.027
226.11
226.169
226.212
223.196
223.199
223.202
223.204
223.206
223.208
223.209
223.21
223.21
223.211
223.211
223.211
223.212
223.213
223.216
223.219
223.225
223.233
223.245
223.263
223.29
223.329
223.382
223.454
223.546
223.662
223.803
223.969
224.158
224.369
224.595
224.831
225.069
225.302
225.52
225.717
225.885
226.021
226.125
226.202
226.249
226.271
223.189
223.192
223.195
223.198
223.2
223.201
223.202
223.203
223.204
223.204
223.204
223.205
223.206
223.208
223.212
223.217
223.224
223.234
223.249
223.273
223.305
223.353
223.416
223.5
223.606
223.738
223.894
224.077
224.28
224.504
224.739
224.982
225.222
225.452
225.664
225.85
226.006
226.132
226.223
226.281
226.319
226.348
223.186
223.189
223.192
223.194
223.196
223.198
223.199
223.2
223.2
223.201
223.202
223.203
223.205
223.208
223.213
223.219
223.228
223.242
223.262
223.292
223.335
223.393
223.47
223.569
223.694
223.843
224.019
224.218
224.439
224.674
224.919
225.164
225.402
225.625
225.826
225.998
226.137
226.248
226.324
226.366
226.394
226.418
223.185
223.188
223.191
223.193
223.195
223.196
223.198
223.198
223.199
223.2
223.202
223.204
223.207
223.212
223.218
223.227
223.24
223.26
223.289
223.33
223.387
223.463
223.561
223.683
223.833
224.008
224.209
224.43
224.669
224.916
225.166
225.409
225.638
225.845
226.024
226.171
226.285
226.372
226.429
226.454
226.47
226.49
223.186
223.189
223.192
223.194
223.196
223.198
223.199
223.2
223.201
223.203
223.205
223.209
223.214
223.221
223.23
223.244
223.264
223.294
223.337
223.396
223.475
223.578
223.707
223.864
224.047
224.257
224.488
224.734
224.989
225.245
225.491
225.721
225.926
226.103
226.247
226.36
226.441
226.492
226.524
226.549
226.563
226.567
223.189
223.192
223.194
223.196
223.198
223.2
223.201
223.203
223.205
223.208
223.211
223.217
223.224
223.234
223.249
223.269
223.301
223.345
223.407
223.491
223.6
223.738
223.906
224.102
224.326
224.571
224.832
225.099
225.363
225.614
225.844
226.046
226.216
226.351
226.454
226.529
226.574
226.598
226.618
226.635
226.642
226.644
223.194
223.197
223.2
223.202
223.203
223.205
223.207
223.208
223.211
223.215
223.22
223.227
223.236
223.25
223.27
223.3
223.343
223.405
223.489
223.6
223.741
223.914
224.119
224.354
224.612
224.888
225.168
225.445
225.705
225.942
226.147
226.316
226.446
226.543
226.613
226.655
226.673
226.686
226.701
226.713
226.718
226.72
223.201
223.203
223.206
223.207
223.209
223.21
223.211
223.213
223.216
223.221
223.227
223.235
223.247
223.265
223.291
223.33
223.386
223.463
223.567
223.702
223.87
224.072
224.307
224.57
224.852
225.144
225.434
225.71
225.961
226.18
226.361
226.503
226.605
226.678
226.726
226.748
226.756
226.766
226.778
226.788
226.793
226.795
223.205
223.208
223.209
223.211
223.212
223.214
223.216
223.218
223.222
223.228
223.235
223.244
223.259
223.28
223.313
223.36
223.427
223.517
223.639
223.791
223.981
224.205
224.461
224.741
225.039
225.338
225.631
225.902
226.144
226.348
226.511
226.634
226.723
226.779
226.81
226.831
226.847
226.855
226.857
226.859
226.862
226.867
223.211
223.213
223.215
223.216
223.217
223.219
223.221
223.224
223.228
223.234
223.242
223.254
223.272
223.297
223.336
223.391
223.469
223.573
223.71
223.88
224.089
224.331
224.604
224.898
225.205
225.51
225.801
226.067
226.298
226.49
226.639
226.748
226.825
226.876
226.9
226.911
226.922
226.934
226.942
226.945
226.946
226.946
223.216
223.218
223.219
223.221
223.222
223.224
223.226
223.23
223.235
223.242
223.251
223.266
223.287
223.319
223.365
223.431
223.521
223.643
223.797
223.99
224.218
224.481
224.771
225.079
225.393
225.7
225.987
226.244
226.462
226.639
226.772
226.866
226.932
226.974
226.99
226.997
227.007
227.018
227.028
227.032
227.034
227.034
223.219
223.221
223.222
223.224
223.225
223.227
223.231
223.235
223.242
223.25
223.262
223.28
223.308
223.348
223.407
223.488
223.599
223.743
223.924
224.143
224.399
224.685
224.995
225.315
225.634
225.937
226.214
226.454
226.652
226.806
226.917
226.996
227.047
227.069
227.079
227.092
227.105
227.115
227.119
227.121
227.121
227.12
223.221
223.223
223.225
223.226
223.228
223.231
223.235
223.241
223.249
223.26
223.277
223.302
223.339
223.394
223.471
223.576
223.716
223.892
224.109
224.364
224.652
224.967
225.295
225.624
225.94
226.23
226.485
226.696
226.862
226.986
227.072
227.122
227.152
227.176
227.191
227.198
227.201
227.204
227.208
227.212
227.217
227.221
223.222
223.223
223.225
223.227
223.23
223.234
223.24
223.248
223.258
223.274
223.298
223.335
223.387
223.464
223.568
223.708
223.886
224.108
224.369
224.667
224.992
225.333
225.674
226.002
226.302
226.564
226.782
226.952
227.076
227.167
227.225
227.251
227.266
227.283
227.298
227.307
227.31
227.311
227.311
227.312
227.314
227.317
223.22
223.222
223.224
223.227
223.231
223.237
223.245
223.255
223.271
223.294
223.33
223.383
223.46
223.566
223.71
223.895
224.126
224.399
224.713
225.054
225.412
225.769
226.111
226.42
226.687
226.906
227.077
227.199
227.278
227.332
227.37
227.387
227.393
227.4
227.407
227.415
227.423
227.427
227.429
227.428
227.426
227.424
223.217
223.22
223.223
223.227
223.233
223.241
223.252
223.267
223.29
223.326
223.38
223.458
223.569
223.718
223.913
224.156
224.446
224.778
225.141
225.52
225.896
226.252
226.572
226.844
227.064
227.231
227.344
227.416
227.468
227.5
227.512
227.516
227.524
227.531
227.54
227.547
227.552
227.553
227.552
227.548
227.544
227.54
223.213
223.216
223.221
223.227
223.235
223.247
223.262
223.286
223.323
223.379
223.46
223.577
223.734
223.941
224.199
224.509
224.862
225.249
225.65
226.047
226.419
226.75
227.027
227.246
227.403
227.513
227.587
227.624
227.638
227.653
227.668
227.68
227.688
227.691
227.69
227.689
227.687
227.685
227.684
227.682
227.678
227.673
223.206
223.211
223.217
223.227
223.239
223.256
223.282
223.322
223.382
223.47
223.596
223.766
223.989
224.268
224.6
224.979
225.39
225.816
226.232
226.62
226.959
227.241
227.457
227.605
227.706
227.777
227.812
227.82
227.83
227.84
227.851
227.861
227.866
227.867
227.863
227.856
227.848
227.839
227.829
227.818
227.806
227.792
223.2
223.207
223.218
223.231
223.251
223.28
223.326
223.394
223.494
223.635
223.826
224.073
224.38
224.742
225.152
225.591
226.042
226.478
226.877
227.222
227.501
227.707
227.854
227.953
228.002
228.023
228.042
228.059
228.072
228.077
228.077
228.073
228.067
228.059
228.049
228.037
228.022
228.005
227.985
227.963
227.939
227.914
223.196
223.208
223.223
223.246
223.281
223.335
223.416
223.535
223.699
223.922
224.204
224.551
224.954
225.403
225.877
226.354
226.808
227.214
227.56
227.834
228.029
228.157
228.251
228.302
228.318
228.326
228.332
228.338
228.344
228.347
228.343
228.332
228.312
228.287
228.257
228.225
228.192
228.161
228.131
228.103
228.076
228.048
223.197
223.214
223.242
223.283
223.349
223.446
223.59
223.786
224.049
224.38
224.779
225.237
225.736
226.254
226.76
227.232
227.643
227.98
228.235
228.424
228.545
228.611
228.648
228.671
228.684
228.689
228.688
228.684
228.674
228.656
228.631
228.599
228.561
228.52
228.475
228.431
228.388
228.347
228.309
228.273
228.24
228.209
223.205
223.237
223.284
223.361
223.477
223.646
223.879
224.189
224.576
225.039
225.561
226.12
226.686
227.228
227.717
228.131
228.453
228.691
228.863
228.967
229.013
229.04
229.056
229.069
229.074
229.072
229.062
229.04
229.009
228.966
228.916
228.86
228.803
228.747
228.693
228.642
228.595
228.551
228.512
228.476
228.442
228.41
223.23
223.284
223.371
223.502
223.696
223.964
224.319
224.763
225.29
225.878
226.499
227.116
227.693
228.199
228.607
228.911
229.135
229.28
229.348
229.383
229.408
229.425
229.434
229.433
229.423
229.401
229.366
229.318
229.26
229.196
229.13
229.065
229.003
228.944
228.89
228.84
228.795
228.753
228.716
228.681
228.649
228.619
223.281
223.376
223.522
223.736
224.035
224.43
224.923
225.505
226.15
226.824
227.483
228.087
228.601
228.995
229.279
229.484
229.598
229.636
229.662
229.679
229.694
229.701
229.696
229.673
229.632
229.575
229.505
229.43
229.355
229.285
229.221
229.164
229.112
229.064
229.019
228.977
228.937
228.901
228.866
228.834
228.803
228.773
223.389
223.549
223.784
224.11
224.54
225.075
225.701
226.389
227.098
227.78
228.39
228.888
229.273
229.537
229.677
229.757
229.817
229.853
229.862
229.856
229.841
229.818
229.78
229.729
229.667
229.597
229.522
229.446
229.371
229.299
229.233
229.174
229.121
229.074
229.033
228.997
228.964
228.935
228.908
228.883
228.858
228.834
223.587
223.844
224.2
224.665
225.237
225.898
226.617
227.344
228.026
228.625
229.101
229.428
229.655
229.807
229.867
229.881
229.893
229.9
229.904
229.901
229.884
229.849
229.795
229.727
229.649
229.566
229.484
229.407
229.336
229.272
229.216
229.166
229.121
229.08
229.042
229.007
228.974
228.943
228.913
228.885
228.857
228.83
223.931
224.321
224.824
225.432
226.124
226.862
227.591
228.261
228.83
229.262
229.539
229.731
229.852
229.894
229.899
229.902
229.907
229.908
229.907
229.896
229.868
229.819
229.751
229.67
229.583
229.496
229.414
229.34
229.275
229.219
229.171
229.128
229.089
229.052
229.017
228.983
228.95
228.918
228.887
228.856
228.827
228.797
224.473
225.016
225.662
226.378
227.122
227.839
228.478
228.989
229.375
229.638
229.771
229.829
229.873
229.903
229.914
229.915
229.907
229.892
229.865
229.827
229.774
229.708
229.632
229.551
229.468
229.387
229.312
229.243
229.182
229.128
229.08
229.037
228.998
228.963
228.929
228.898
228.869
228.84
228.813
228.787
228.761
228.735
225.233
225.911
226.644
227.382
228.072
228.661
229.116
229.445
229.659
229.76
229.804
229.84
229.863
229.875
229.873
229.861
229.836
229.797
229.742
229.675
229.598
229.517
229.433
229.352
229.274
229.202
229.136
229.077
229.024
228.976
228.934
228.895
228.859
228.826
228.796
228.767
228.739
228.713
228.687
228.663
228.639
228.615
226.168
226.903
227.622
228.263
228.793
229.186
229.45
229.62
229.711
229.752
229.77
229.782
229.786
229.779
229.759
229.721
229.662
229.587
229.502
229.412
229.322
229.235
229.154
229.081
229.015
228.955
228.902
228.854
228.81
228.77
228.733
228.699
228.666
228.635
228.605
228.577
228.55
228.524
228.5
228.476
228.453
228.43
227.148
227.824
228.404
228.863
229.187
229.403
229.527
229.603
229.638
229.653
229.653
229.646
229.625
229.582
229.52
229.441
229.349
229.251
229.153
229.059
228.973
228.896
228.828
228.768
228.715
228.667
228.624
228.584
228.547
228.512
228.478
228.446
228.415
228.385
228.357
228.33
228.305
228.28
228.257
228.235
228.214
228.193
227.99
228.496
228.868
229.13
229.288
229.389
229.439
229.463
229.466
229.46
229.435
229.389
229.321
229.235
229.137
229.033
228.93
228.831
228.742
228.662
228.592
228.531
228.477
228.43
228.387
228.347
228.31
228.275
228.241
228.208
228.177
228.147
228.119
228.091
228.065
228.041
228.018
227.996
227.975
227.955
227.936
227.917
228.531
228.823
229.006
229.125
229.193
229.224
229.229
229.223
229.194
229.144
229.068
228.976
228.873
228.765
228.658
228.558
228.467
228.386
228.316
228.255
228.202
228.154
228.112
228.072
228.035
228
227.967
227.934
227.903
227.873
227.845
227.818
227.792
227.768
227.745
227.723
227.702
227.683
227.664
227.647
227.629
227.612
228.712
228.84
228.918
228.953
228.961
228.952
228.917
228.858
228.774
228.675
228.566
228.455
228.348
228.248
228.158
228.079
228.011
227.951
227.899
227.853
227.811
227.772
227.736
227.701
227.668
227.636
227.605
227.576
227.548
227.521
227.495
227.471
227.448
227.427
227.406
227.387
227.369
227.352
227.335
227.319
227.304
227.289
228.643
228.678
228.684
228.672
228.628
228.556
228.462
228.352
228.237
228.122
228.014
227.916
227.829
227.753
227.688
227.631
227.581
227.536
227.496
227.458
227.422
227.388
227.356
227.324
227.294
227.265
227.237
227.21
227.185
227.161
227.139
227.117
227.097
227.078
227.06
227.043
227.026
227.011
226.996
226.982
226.968
226.954
228.427
228.407
228.352
228.263
228.154
228.032
227.908
227.788
227.679
227.582
227.498
227.425
227.363
227.309
227.261
227.219
227.179
227.142
227.107
227.074
227.041
227.01
226.98
226.951
226.924
226.897
226.872
226.849
226.826
226.805
226.785
226.766
226.748
226.73
226.714
226.698
226.683
226.669
226.655
226.642
226.63
226.617
228.109
228.006
227.879
227.741
227.603
227.475
227.361
227.264
227.182
227.113
227.055
227.004
226.959
226.918
226.88
226.843
226.808
226.773
226.74
226.708
226.677
226.647
226.619
226.592
226.566
226.542
226.519
226.498
226.477
226.458
226.44
226.422
226.406
226.39
226.375
226.361
226.348
226.335
226.323
226.311
226.3
226.288
227.65
227.497
227.348
227.212
227.094
226.994
226.911
226.841
226.781
226.729
226.683
226.641
226.601
226.563
226.526
226.491
226.458
226.425
226.395
226.365
226.337
226.311
226.286
226.262
226.24
226.218
226.198
226.178
226.16
226.142
226.125
226.109
226.093
226.078
226.064
226.051
226.038
226.025
226.013
226.002
225.991
225.98
227.156
227.007
226.881
226.776
226.69
226.618
226.556
226.501
226.451
226.405
226.362
226.321
226.282
226.245
226.21
226.177
226.145
226.116
226.088
226.062
226.037
226.013
225.991
225.969
225.948
225.928
225.908
225.89
225.871
225.854
225.837
225.821
225.805
225.79
225.776
225.762
225.749
225.736
225.724
225.712
225.701
225.689
226.733
226.615
226.519
226.442
226.376
226.319
226.267
226.218
226.172
226.129
226.087
226.047
226.009
225.973
225.94
225.908
225.878
225.849
225.822
225.796
225.771
225.747
225.724
225.702
225.68
225.66
225.64
225.621
225.602
225.585
225.568
225.552
225.536
225.521
225.507
225.494
225.481
225.469
225.457
225.446
225.435
225.424
226.417
226.324
226.247
226.181
226.123
226.07
226.021
225.975
225.932
225.89
225.851
225.813
225.778
225.743
225.71
225.678
225.648
225.618
225.589
225.561
225.534
225.509
225.484
225.46
225.437
225.416
225.395
225.375
225.356
225.339
225.322
225.306
225.291
225.276
225.263
225.25
225.237
225.226
225.215
225.204
225.194
225.183
226.174
226.095
226.027
225.966
225.911
225.86
225.813
225.769
225.727
225.688
225.65
225.613
225.577
225.542
225.507
225.474
225.441
225.409
225.378
225.348
225.319
225.292
225.266
225.241
225.218
225.196
225.175
225.155
225.137
225.119
225.102
225.087
225.072
225.058
225.045
225.033
225.021
225.01
225
224.99
224.98
224.971
225.973
225.904
225.842
225.786
225.734
225.686
225.639
225.595
225.552
225.511
225.47
225.43
225.391
225.353
225.315
225.279
225.244
225.211
225.179
225.149
225.121
225.094
225.068
225.044
225.022
225
224.981
224.962
224.944
224.928
224.912
224.897
224.884
224.871
224.858
224.846
224.835
224.825
224.815
224.805
224.796
224.787
225.809
225.748
225.69
225.636
225.583
225.531
225.481
225.433
225.386
225.34
225.296
225.253
225.212
225.172
225.135
225.099
225.065
225.032
225.002
224.973
224.946
224.92
224.896
224.874
224.853
224.833
224.814
224.796
224.779
224.763
224.748
224.733
224.719
224.706
224.694
224.682
224.671
224.66
224.65
224.64
224.63
224.62
225.67
225.611
225.553
225.495
225.437
225.381
225.325
225.272
225.222
225.174
225.128
225.085
225.044
225.006
224.97
224.936
224.904
224.873
224.845
224.818
224.793
224.768
224.745
224.724
224.703
224.683
224.664
224.646
224.629
224.612
224.596
224.581
224.567
224.553
224.539
224.527
224.514
224.503
224.492
224.481
224.47
224.46
225.536
225.474
225.411
225.349
225.288
225.228
225.171
225.118
225.067
225.02
224.975
224.934
224.895
224.858
224.823
224.79
224.759
224.73
224.702
224.675
224.65
224.626
224.602
224.58
224.558
224.537
224.517
224.498
224.48
224.462
224.445
224.429
224.414
224.399
224.385
224.371
224.358
224.346
224.334
224.323
224.311
224.3
225.397
225.33
225.263
225.198
225.136
225.077
225.021
224.969
224.921
224.875
224.833
224.792
224.755
224.719
224.685
224.652
224.621
224.591
224.562
224.534
224.507
224.482
224.457
224.433
224.41
224.388
224.367
224.347
224.328
224.309
224.292
224.275
224.259
224.244
224.229
224.215
224.202
224.19
224.178
224.167
224.156
224.145
225.246
225.177
225.11
225.047
224.986
224.93
224.877
224.828
224.781
224.737
224.695
224.656
224.617
224.581
224.545
224.511
224.478
224.447
224.416
224.387
224.358
224.331
224.305
224.28
224.257
224.234
224.213
224.192
224.173
224.155
224.137
224.121
224.105
224.091
224.077
224.063
224.051
224.039
224.028
224.017
224.007
223.997
225.09
225.022
224.957
224.896
224.839
224.785
224.734
224.686
224.64
224.596
224.553
224.512
224.473
224.434
224.397
224.362
224.327
224.294
224.263
224.232
224.204
224.176
224.15
224.126
224.102
224.08
224.06
224.04
224.021
224.004
223.987
223.972
223.957
223.944
223.931
223.918
223.907
223.896
223.886
223.876
223.866
223.857
224.929
224.863
224.801
224.743
224.688
224.635
224.586
224.538
224.491
224.446
224.402
224.36
224.318
224.279
224.241
224.204
224.169
224.136
224.105
224.075
224.047
224.02
223.995
223.972
223.95
223.929
223.91
223.892
223.875
223.859
223.844
223.829
223.816
223.804
223.792
223.781
223.771
223.761
223.752
223.743
223.734
223.726
224.764
224.7
224.639
224.582
224.527
224.475
224.425
224.376
224.329
224.284
224.239
224.197
224.156
224.116
224.079
224.043
224.01
223.978
223.948
223.92
223.893
223.869
223.845
223.824
223.803
223.784
223.766
223.75
223.734
223.719
223.706
223.693
223.681
223.669
223.659
223.649
223.639
223.63
223.622
223.614
223.606
223.599
224.595
224.531
224.47
224.412
224.357
224.304
224.254
224.205
224.159
224.114
224.071
224.029
223.99
223.953
223.918
223.884
223.853
223.823
223.796
223.77
223.745
223.723
223.701
223.681
223.663
223.645
223.629
223.614
223.599
223.586
223.573
223.561
223.55
223.54
223.53
223.521
223.512
223.504
223.496
223.489
223.481
223.474
224.418
224.353
224.292
224.234
224.18
224.128
224.079
224.032
223.987
223.944
223.904
223.865
223.828
223.794
223.761
223.73
223.701
223.674
223.648
223.624
223.602
223.581
223.561
223.543
223.526
223.51
223.495
223.481
223.467
223.455
223.443
223.433
223.422
223.413
223.404
223.395
223.387
223.38
223.373
223.366
223.36
223.354
224.239
224.174
224.114
224.057
224.004
223.954
223.907
223.862
223.82
223.779
223.741
223.705
223.671
223.639
223.609
223.581
223.554
223.529
223.505
223.483
223.463
223.444
223.426
223.409
223.394
223.38
223.366
223.354
223.342
223.331
223.321
223.311
223.302
223.294
223.285
223.278
223.271
223.264
223.258
223.252
223.246
223.24
224.063
224
223.941
223.886
223.835
223.787
223.741
223.699
223.658
223.621
223.585
223.552
223.52
223.491
223.463
223.438
223.414
223.391
223.371
223.351
223.333
223.316
223.3
223.285
223.271
223.258
223.246
223.234
223.224
223.214
223.205
223.196
223.188
223.181
223.174
223.167
223.161
223.155
223.15
223.145
223.14
223.135
223.895
223.834
223.777
223.724
223.675
223.629
223.585
223.545
223.507
223.472
223.44
223.409
223.38
223.353
223.328
223.304
223.282
223.262
223.243
223.226
223.21
223.195
223.181
223.168
223.156
223.145
223.134
223.124
223.115
223.107
223.099
223.091
223.084
223.078
223.072
223.066
223.061
223.056
223.051
223.046
223.042
223.038
223.735
223.677
223.623
223.573
223.526
223.483
223.442
223.404
223.368
223.335
223.304
223.276
223.25
223.225
223.203
223.182
223.162
223.144
223.128
223.112
223.098
223.085
223.073
223.062
223.051
223.042
223.033
223.024
223.016
223.009
223.002
222.995
222.989
222.984
222.978
222.973
222.969
222.964
222.96
222.956
222.952
222.949
223.586
223.531
223.481
223.433
223.389
223.348
223.309
223.274
223.241
223.21
223.182
223.156
223.132
223.11
223.09
223.071
223.054
223.038
223.024
223.01
222.998
222.986
222.975
222.965
222.956
222.948
222.94
222.932
222.925
222.919
222.913
222.907
222.902
222.897
222.892
222.887
222.883
222.879
222.875
222.872
222.868
222.865
223.446
223.394
223.346
223.302
223.261
223.223
223.188
223.155
223.125
223.098
223.072
223.049
223.027
223.008
222.989
222.973
222.957
222.943
222.93
222.918
222.907
222.896
222.887
222.878
222.87
222.862
222.855
222.848
222.842
222.836
222.83
222.825
222.82
222.816
222.812
222.808
222.804
222.8
222.797
222.794
222.791
222.787
223.315
223.266
223.221
223.18
223.142
223.108
223.076
223.047
223.02
222.995
222.972
222.951
222.932
222.914
222.898
222.883
222.869
222.856
222.844
222.833
222.823
222.814
222.806
222.798
222.79
222.783
222.777
222.771
222.765
222.76
222.755
222.75
222.746
222.742
222.738
222.734
222.731
222.727
222.724
222.721
222.719
222.716
223.191
223.145
223.104
223.066
223.032
223.001
222.972
222.945
222.921
222.899
222.879
222.86
222.843
222.827
222.812
222.799
222.786
222.775
222.765
222.755
222.746
222.738
222.73
222.723
222.716
222.71
222.704
222.698
222.693
222.688
222.684
222.68
222.676
222.672
222.668
222.665
222.662
222.659
222.656
222.654
222.651
222.649
223.074
223.032
222.994
222.96
222.929
222.9
222.874
222.851
222.829
222.809
222.791
222.774
222.759
222.745
222.732
222.72
222.709
222.699
222.69
222.681
222.673
222.665
222.658
222.652
222.646
222.64
222.635
222.63
222.625
222.621
222.617
222.613
222.61
222.606
222.603
222.6
222.597
222.595
222.592
222.59
222.587
222.585
222.962
222.925
222.89
222.859
222.831
222.806
222.783
222.761
222.742
222.724
222.708
222.693
222.68
222.667
222.656
222.645
222.635
222.626
222.618
222.61
222.603
222.596
222.59
222.584
222.579
222.574
222.569
222.565
222.561
222.557
222.553
222.55
222.546
222.543
222.541
222.538
222.535
222.533
222.531
222.529
222.527
222.525
222.854
222.821
222.79
222.762
222.738
222.715
222.694
222.676
222.659
222.643
222.629
222.616
222.604
222.593
222.583
222.573
222.565
222.557
222.549
222.542
222.536
222.53
222.525
222.52
222.515
222.51
222.506
222.502
222.498
222.495
222.492
222.489
222.486
222.483
222.481
222.478
222.476
222.474
222.472
222.47
222.468
222.467
222.75
222.72
222.693
222.669
222.647
222.627
222.609
222.592
222.578
222.564
222.552
222.541
222.53
222.521
222.512
222.504
222.496
222.489
222.483
222.477
222.471
222.466
222.461
222.456
222.452
222.448
222.445
222.441
222.438
222.435
222.432
222.429
222.427
222.424
222.422
222.42
222.418
222.416
222.414
222.413
222.411
222.409
222.65
222.624
222.6
222.579
222.56
222.543
222.528
222.514
222.501
222.489
222.479
222.469
222.46
222.452
222.444
222.437
222.43
222.424
222.419
222.413
222.408
222.404
222.4
222.396
222.392
222.389
222.385
222.382
222.379
222.377
222.374
222.372
222.369
222.367
222.365
222.363
222.362
222.36
222.358
222.357
222.355
222.354
222.556
222.533
222.514
222.496
222.48
222.465
222.452
222.44
222.429
222.419
222.41
222.401
222.393
222.386
222.38
222.373
222.368
222.363
222.358
222.353
222.349
222.345
222.341
222.338
222.334
222.331
222.328
222.326
222.323
222.321
222.318
222.316
222.314
222.312
222.311
222.309
222.307
222.306
222.304
222.303
222.301
222.3
222.47
222.451
222.434
222.419
222.405
222.393
222.382
222.372
222.362
222.354
222.346
222.338
222.332
222.326
222.32
222.314
222.309
222.305
222.301
222.296
222.293
222.289
222.286
222.283
222.28
222.277
222.274
222.272
222.27
222.267
222.265
222.263
222.262
222.26
222.258
222.257
222.255
222.254
222.252
222.251
222.25
222.249
222.392
222.376
222.362
222.349
222.338
222.327
222.318
222.309
222.301
222.294
222.287
222.281
222.275
222.269
222.264
222.26
222.255
222.251
222.247
222.244
222.24
222.237
222.234
222.231
222.228
222.226
222.224
222.221
222.219
222.217
222.215
222.213
222.212
222.21
222.209
222.207
222.206
222.204
222.203
222.202
222.201
222.2
222.323
222.31
222.298
222.287
222.278
222.269
222.26
222.253
222.246
222.239
222.233
222.228
222.223
222.218
222.213
222.209
222.205
222.201
222.198
222.194
222.191
222.188
222.186
222.183
222.181
222.178
222.176
222.174
222.172
222.17
222.168
222.167
222.165
222.163
222.162
222.161
222.159
222.158
222.157
222.156
222.155
222.154
222.262
222.251
222.241
222.232
222.223
222.216
222.208
222.202
222.196
222.19
222.184
222.179
222.175
222.17
222.166
222.162
222.159
222.155
222.152
222.149
222.146
222.143
222.14
222.138
222.136
222.133
222.131
222.129
222.127
222.126
222.124
222.122
222.121
222.119
222.118
222.117
222.116
222.114
222.113
222.112
222.111
222.11
222.208
222.198
222.19
222.182
222.174
222.167
222.161
222.155
222.149
222.144
222.139
222.134
222.13
222.126
222.122
222.118
222.115
222.112
222.109
222.106
222.103
222.1
222.098
222.095
222.093
222.091
222.089
222.087
222.085
222.084
222.082
222.08
222.079
222.078
222.076
222.075
222.074
222.073
222.072
222.071
222.07
222.069
222.159
222.151
222.143
222.136
222.129
222.122
222.117
222.111
222.106
222.101
222.096
222.092
222.088
222.084
222.08
222.077
222.073
222.07
222.067
222.064
222.062
222.059
222.057
222.054
222.052
222.05
222.048
222.046
222.045
222.043
222.041
222.04
222.038
222.037
222.036
222.035
222.033
222.032
222.031
222.03
222.029
222.028
222.114
222.106
222.099
222.092
222.086
222.08
222.074
222.069
222.064
222.059
222.054
222.05
222.046
222.042
222.039
222.035
222.032
222.029
222.026
222.023
222.02
222.018
222.016
222.013
222.011
222.009
222.007
222.005
222.004
222.002
222
221.999
221.998
221.996
221.995
221.994
221.992
221.991
221.99
221.989
221.988
221.987
222.07
222.063
222.056
222.049
222.043
222.037
222.032
222.027
222.022
222.017
222.013
222.009
222.005
222.001
221.997
221.994
221.991
221.987
221.985
221.982
221.979
221.977
221.974
221.972
221.97
221.968
221.966
221.964
221.962
221.961
221.959
221.958
221.956
221.955
221.953
221.952
221.951
221.95
221.949
221.948
221.947
221.946
222.029
222.022
222.015
222.009
222.003
221.997
221.991
221.986
221.981
221.977
221.972
221.968
221.964
221.96
221.956
221.953
221.95
221.946
221.943
221.941
221.938
221.935
221.933
221.931
221.928
221.926
221.924
221.922
221.921
221.919
221.917
221.916
221.914
221.913
221.912
221.91
221.909
221.908
221.907
221.906
221.905
221.904
221.989
221.982
221.975
221.968
221.962
221.956
221.951
221.945
221.94
221.935
221.931
221.926
221.922
221.918
221.915
221.911
221.908
221.904
221.901
221.899
221.896
221.893
221.891
221.888
221.886
221.884
221.882
221.88
221.878
221.876
221.875
221.873
221.871
221.87
221.869
221.867
221.866
221.865
221.864
221.863
221.862
221.861
221.949
221.942
221.935
221.928
221.922
221.916
221.91
221.905
221.9
221.895
221.89
221.885
221.881
221.877
221.873
221.87
221.866
221.863
221.86
221.857
221.854
221.851
221.848
221.846
221.844
221.841
221.839
221.837
221.835
221.834
221.832
221.83
221.829
221.827
221.826
221.824
221.823
221.822
221.821
221.82
221.818
221.817
221.911
221.903
221.896
221.889
221.883
221.877
221.871
221.865
221.86
221.855
221.85
221.845
221.841
221.837
221.833
221.829
221.825
221.822
221.819
221.816
221.813
221.81
221.807
221.805
221.802
221.8
221.798
221.796
221.794
221.792
221.79
221.788
221.787
221.785
221.784
221.782
221.781
221.78
221.778
221.777
221.776
221.775
221.874
221.867
221.859
221.852
221.846
221.839
221.833
221.827
221.822
221.817
221.812
221.807
221.802
221.798
221.794
221.79
221.786
221.783
221.779
221.776
221.773
221.77
221.767
221.765
221.762
221.76
221.758
221.756
221.754
221.752
221.75
221.748
221.746
221.745
221.743
221.742
221.74
221.739
221.738
221.737
221.735
221.734
221.839
221.831
221.824
221.817
221.81
221.803
221.797
221.791
221.785
221.78
221.775
221.77
221.765
221.761
221.757
221.753
221.749
221.745
221.742
221.738
221.735
221.732
221.729
221.727
221.724
221.722
221.719
221.717
221.715
221.713
221.711
221.709
221.708
221.706
221.705
221.703
221.702
221.7
221.699
221.698
221.697
221.695
221.806
221.798
221.79
221.782
221.775
221.769
221.762
221.756
221.75
221.745
221.74
221.735
221.73
221.725
221.721
221.717
221.713
221.709
221.706
221.702
221.699
221.696
221.693
221.69
221.688
221.685
221.683
221.681
221.679
221.677
221.675
221.673
221.671
221.669
221.668
221.666
221.665
221.663
221.662
221.661
221.66
221.658
221.782
221.773
221.764
221.756
221.749
221.741
221.734
221.728
221.722
221.716
221.71
221.705
221.7
221.695
221.69
221.686
221.682
221.678
221.674
221.67
221.667
221.664
221.661
221.658
221.655
221.652
221.65
221.647
221.645
221.643
221.641
221.639
221.637
221.635
221.633
221.632
221.63
221.629
221.627
221.626
221.625
221.624
221.622
221.749
221.74
221.731
221.723
221.715
221.708
221.701
221.694
221.688
221.681
221.676
221.67
221.665
221.66
221.655
221.651
221.647
221.643
221.639
221.635
221.632
221.628
221.625
221.622
221.62
221.617
221.614
221.612
221.61
221.607
221.605
221.603
221.601
221.6
221.598
221.596
221.595
221.593
221.592
221.59
221.589
221.588
221.587
221.716
221.706
221.698
221.689
221.681
221.673
221.666
221.659
221.653
221.646
221.641
221.635
221.63
221.625
221.62
221.615
221.611
221.607
221.603
221.599
221.596
221.592
221.589
221.586
221.583
221.581
221.578
221.576
221.573
221.571
221.569
221.567
221.565
221.563
221.561
221.56
221.558
221.557
221.555
221.554
221.553
221.551
221.55
221.682
221.672
221.663
221.655
221.647
221.639
221.632
221.625
221.618
221.612
221.606
221.6
221.595
221.59
221.585
221.58
221.576
221.572
221.568
221.564
221.561
221.557
221.554
221.551
221.548
221.545
221.543
221.54
221.538
221.536
221.534
221.531
221.53
221.528
221.526
221.524
221.523
221.521
221.52
221.518
221.517
221.516
221.514
221.648
221.639
221.63
221.621
221.613
221.605
221.598
221.591
221.584
221.578
221.572
221.566
221.561
221.555
221.55
221.546
221.541
221.537
221.533
221.529
221.525
221.522
221.519
221.516
221.513
221.51
221.507
221.504
221.502
221.5
221.497
221.495
221.493
221.491
221.49
221.488
221.486
221.485
221.483
221.482
221.48
221.479
221.478
221.622
221.612
221.602
221.593
221.584
221.575
221.567
221.56
221.553
221.546
221.54
221.533
221.528
221.522
221.517
221.512
221.507
221.503
221.499
221.495
221.491
221.487
221.484
221.48
221.477
221.474
221.472
221.469
221.466
221.464
221.462
221.459
221.457
221.455
221.454
221.452
221.45
221.448
221.447
221.445
221.444
221.443
221.441
221.44
221.586
221.576
221.566
221.557
221.548
221.54
221.532
221.525
221.518
221.511
221.505
221.498
221.493
221.487
221.482
221.477
221.472
221.468
221.463
221.459
221.455
221.452
221.448
221.445
221.442
221.438
221.436
221.433
221.43
221.428
221.425
221.423
221.421
221.419
221.417
221.415
221.413
221.411
221.41
221.408
221.407
221.405
221.404
221.403
221.552
221.542
221.532
221.523
221.514
221.506
221.498
221.49
221.483
221.476
221.47
221.464
221.458
221.452
221.447
221.442
221.437
221.433
221.428
221.424
221.42
221.416
221.413
221.409
221.406
221.403
221.4
221.397
221.395
221.392
221.39
221.388
221.386
221.383
221.382
221.38
221.378
221.376
221.375
221.373
221.372
221.37
221.369
221.368
221.518
221.508
221.498
221.489
221.48
221.472
221.464
221.456
221.449
221.442
221.436
221.429
221.424
221.418
221.413
221.407
221.403
221.398
221.394
221.389
221.385
221.382
221.378
221.375
221.371
221.368
221.365
221.362
221.36
221.357
221.355
221.353
221.35
221.348
221.346
221.344
221.343
221.341
221.339
221.338
221.336
221.335
221.334
221.332
221.487
221.477
221.467
221.458
221.449
221.44
221.432
221.424
221.417
221.41
221.404
221.397
221.391
221.386
221.38
221.375
221.37
221.365
221.361
221.356
221.352
221.349
221.345
221.341
221.338
221.335
221.332
221.329
221.326
221.324
221.321
221.319
221.317
221.315
221.313
221.311
221.309
221.307
221.305
221.304
221.302
221.301
221.3
221.298
221.453
221.443
221.433
221.424
221.415
221.406
221.398
221.391
221.383
221.377
221.37
221.364
221.358
221.352
221.347
221.341
221.336
221.332
221.327
221.323
221.319
221.315
221.311
221.308
221.305
221.301
221.298
221.296
221.293
221.29
221.288
221.285
221.283
221.281
221.279
221.277
221.275
221.274
221.272
221.27
221.269
221.267
221.266
221.265
221.416
221.406
221.396
221.386
221.377
221.368
221.36
221.352
221.344
221.337
221.331
221.324
221.318
221.312
221.307
221.301
221.296
221.292
221.287
221.283
221.279
221.275
221.271
221.268
221.264
221.261
221.258
221.255
221.253
221.25
221.248
221.245
221.243
221.241
221.239
221.237
221.235
221.234
221.232
221.23
221.229
221.227
221.226
221.225
221.383
221.373
221.363
221.354
221.345
221.336
221.328
221.321
221.313
221.306
221.299
221.293
221.286
221.28
221.275
221.269
221.264
221.259
221.254
221.25
221.245
221.241
221.237
221.233
221.23
221.226
221.223
221.22
221.217
221.214
221.212
221.209
221.207
221.205
221.202
221.2
221.199
221.197
221.195
221.193
221.192
221.19
221.189
221.187
221.322
221.312
221.302
221.292
221.283
221.275
221.267
221.26
221.253
221.247
221.241
221.235
221.229
221.224
221.219
221.215
221.21
221.206
221.202
221.198
221.194
221.19
221.187
221.183
221.18
221.177
221.174
221.171
221.169
221.166
221.164
221.161
221.159
221.157
221.155
221.153
221.152
221.15
221.148
221.147
221.145
221.144
221.142
221.141
221.275
221.265
221.255
221.245
221.236
221.227
221.219
221.211
221.203
221.196
221.189
221.182
221.175
221.169
221.164
221.158
221.153
221.148
221.143
221.138
221.134
221.13
221.126
221.122
221.118
221.115
221.112
221.109
221.106
221.103
221.1
221.098
221.096
221.093
221.091
221.089
221.087
221.086
221.084
221.082
221.081
221.079
221.078
221.076
221.225
221.215
221.206
221.198
221.19
221.183
221.176
221.17
221.164
221.158
221.153
221.148
221.143
221.139
221.135
221.131
221.127
221.124
221.12
221.117
221.114
221.111
221.108
221.106
221.103
221.101
221.099
221.097
221.095
221.093
221.091
221.089
221.087
221.086
221.084
221.083
221.081
221.08
221.079
221.078
221.076
221.075
221.074
221.073
221.165
221.158
221.151
221.145
221.14
221.135
221.13
221.126
221.122
221.118
221.115
221.111
221.108
221.105
221.103
221.1
221.098
221.095
221.093
221.091
221.089
221.088
221.086
221.084
221.083
221.082
221.08
221.079
221.078
221.076
221.075
221.074
221.073
221.072
221.071
221.07
221.069
221.069
221.068
221.067
221.066
221.066
221.065
221.064
221.164
221.16
221.155
221.152
221.148
221.145
221.142
221.14
221.137
221.135
221.133
221.131
221.129
221.128
221.126
221.124
221.123
221.121
221.12
221.119
221.118
221.117
221.116
221.115
221.114
221.113
221.112
221.111
221.11
221.11
221.109
221.108
221.108
221.107
221.107
221.106
221.106
221.105
221.105
221.105
221.104
221.104
221.104
221.103
221.241
221.241
221.241
221.242
221.243
221.245
221.246
221.248
221.25
221.253
221.255
221.257
221.259
221.261
221.263
221.266
221.268
221.27
221.271
221.273
221.275
221.277
221.279
221.28
221.282
221.283
221.285
221.286
221.288
221.289
221.29
221.291
221.292
221.293
221.294
221.295
221.295
221.296
221.297
221.297
221.298
221.299
221.299
221.3
221.68
221.676
221.673
221.669
221.666
221.663
221.659
221.656
221.653
221.651
221.648
221.645
221.642
221.639
221.636
221.633
221.631
221.628
221.625
221.623
221.62
221.618
221.615
221.613
221.61
221.608
221.606
221.604
221.602
221.6
221.598
221.596
221.594
221.592
221.59
221.589
221.587
221.585
221.584
221.583
221.582
221.581
221.58
221.579
221.578
221.3
221.103
221.064
221.072
221.075
221.14
221.186
221.223
221.263
221.297
221.331
221.366
221.401
221.439
221.476
221.513
221.549
221.585
221.621
221.657
221.694
221.733
221.774
221.816
221.86
221.903
221.945
221.986
222.027
222.068
222.109
222.153
222.198
222.247
222.299
222.352
222.408
222.465
222.523
222.583
222.646
222.713
222.784
222.862
222.945
223.034
223.13
223.234
223.348
223.467
223.591
223.718
223.848
223.987
224.134
224.29
224.449
224.61
224.777
224.961
225.173
225.413
225.678
225.969
226.277
226.605
226.941
227.274
227.596
227.898
228.172
228.407
228.592
228.71
228.769
228.803
228.811
228.745
228.591
228.38
228.179
228.021
227.887
227.777
227.664
227.536
227.422
227.32
227.223
227.121
227.033
226.948
226.872
226.794
226.72
226.646
226.57
226.503
226.43
226.361
226.29
226.233
226.165
226.12
226.086
226.068
226.037
226.03
226.012
225.997
225.979
225.986
226.049
226.12
226.237
226.4
226.68
227.142
221.577
221.301
221.103
221.063
221.071
221.073
221.138
221.184
221.222
221.262
221.296
221.33
221.365
221.4
221.437
221.475
221.512
221.548
221.584
221.62
221.656
221.693
221.732
221.773
221.815
221.859
221.902
221.944
221.985
222.026
222.067
222.108
222.152
222.197
222.246
222.297
222.351
222.406
222.463
222.521
222.581
222.644
222.71
222.782
222.858
222.941
223.03
223.125
223.229
223.342
223.461
223.584
223.71
223.839
223.977
224.124
224.279
224.439
224.601
224.768
224.952
225.163
225.402
225.667
225.958
226.266
226.592
226.927
227.259
227.579
227.88
228.152
228.385
228.568
228.685
228.741
228.777
228.787
228.718
228.564
228.352
228.151
227.993
227.861
227.759
227.652
227.532
227.421
227.322
227.223
227.124
227.034
226.951
226.876
226.794
226.722
226.65
226.576
226.507
226.43
226.361
226.307
226.238
226.188
226.126
226.091
226.073
226.047
226.036
226.019
225.996
225.971
225.978
226.024
226.086
226.199
226.357
226.634
227.084
221.575
221.301
221.102
221.062
221.07
221.072
221.137
221.183
221.221
221.261
221.294
221.328
221.364
221.399
221.436
221.474
221.511
221.546
221.583
221.619
221.655
221.692
221.731
221.772
221.814
221.857
221.901
221.943
221.984
222.025
222.066
222.107
222.15
222.196
222.245
222.296
222.35
222.405
222.461
222.519
222.579
222.641
222.708
222.779
222.855
222.938
223.026
223.121
223.224
223.335
223.454
223.577
223.702
223.83
223.967
224.113
224.268
224.428
224.591
224.759
224.942
225.153
225.391
225.655
225.946
226.255
226.58
226.914
227.244
227.562
227.861
228.131
228.362
228.544
228.66
228.713
228.751
228.762
228.692
228.538
228.324
228.123
227.964
227.833
227.738
227.637
227.528
227.42
227.322
227.221
227.128
227.037
226.955
226.879
226.796
226.726
226.657
226.584
226.507
226.432
226.366
226.314
226.248
226.202
226.142
226.101
226.084
226.063
226.035
226.02
225.992
225.964
225.967
225.993
226.051
226.164
226.321
226.591
227.025
221.574
221.302
221.102
221.062
221.069
221.07
221.136
221.181
221.219
221.259
221.293
221.327
221.362
221.397
221.435
221.473
221.509
221.545
221.582
221.617
221.654
221.691
221.73
221.77
221.813
221.856
221.9
221.942
221.983
222.024
222.065
222.106
222.149
222.195
222.244
222.295
222.348
222.403
222.459
222.517
222.576
222.639
222.705
222.775
222.852
222.934
223.021
223.116
223.218
223.329
223.447
223.569
223.693
223.821
223.956
224.102
224.256
224.417
224.581
224.749
224.933
225.143
225.38
225.643
225.935
226.243
226.567
226.899
227.228
227.545
227.842
228.109
228.338
228.518
228.633
228.686
228.724
228.736
228.666
228.512
228.296
228.094
227.934
227.805
227.713
227.618
227.523
227.419
227.318
227.218
227.131
227.041
226.958
226.879
226.8
226.731
226.663
226.591
226.511
226.441
226.377
226.316
226.262
226.206
226.16
226.119
226.1
226.07
226.035
226.016
225.985
225.956
225.954
225.963
226.02
226.135
226.292
226.551
226.972
221.572
221.302
221.102
221.061
221.068
221.069
221.134
221.18
221.218
221.258
221.291
221.325
221.361
221.396
221.433
221.471
221.508
221.544
221.58
221.616
221.652
221.689
221.728
221.769
221.812
221.855
221.899
221.941
221.982
222.023
222.064
222.105
222.148
222.194
222.242
222.293
222.347
222.401
222.458
222.515
222.574
222.636
222.702
222.772
222.848
222.93
223.017
223.111
223.212
223.323
223.439
223.561
223.685
223.811
223.946
224.09
224.245
224.405
224.57
224.739
224.922
225.132
225.368
225.631
225.922
226.231
226.553
226.885
227.212
227.527
227.821
228.087
228.313
228.492
228.606
228.658
228.696
228.708
228.641
228.485
228.269
228.066
227.903
227.776
227.686
227.597
227.513
227.415
227.313
227.215
227.132
227.043
226.959
226.877
226.805
226.735
226.667
226.595
226.518
226.453
226.389
226.323
226.273
226.211
226.17
226.13
226.108
226.072
226.039
226.013
225.98
225.947
225.935
225.938
225.996
226.109
226.262
226.507
226.916
221.571
221.303
221.101
221.06
221.067
221.067
221.133
221.178
221.216
221.256
221.29
221.324
221.359
221.394
221.432
221.47
221.506
221.542
221.579
221.615
221.651
221.688
221.727
221.768
221.811
221.854
221.897
221.94
221.981
222.022
222.062
222.104
222.147
222.193
222.241
222.292
222.345
222.4
222.456
222.513
222.572
222.634
222.699
222.769
222.845
222.926
223.012
223.105
223.206
223.316
223.432
223.553
223.676
223.801
223.935
224.079
224.232
224.393
224.559
224.729
224.912
225.121
225.356
225.618
225.909
226.218
226.539
226.869
227.195
227.508
227.8
228.063
228.287
228.464
228.578
228.63
228.668
228.678
228.615
228.459
228.241
228.036
227.872
227.748
227.657
227.573
227.498
227.406
227.307
227.213
227.128
227.043
226.957
226.875
226.806
226.735
226.666
226.596
226.526
226.461
226.396
226.332
226.28
226.222
226.174
226.136
226.109
226.073
226.046
226.014
225.976
225.935
225.913
225.923
225.976
226.081
226.227
226.461
226.857
221.569
221.303
221.101
221.06
221.066
221.066
221.131
221.176
221.214
221.254
221.288
221.322
221.358
221.393
221.43
221.468
221.505
221.541
221.577
221.613
221.649
221.687
221.726
221.767
221.809
221.853
221.896
221.939
221.98
222.021
222.061
222.103
222.146
222.191
222.24
222.29
222.343
222.398
222.454
222.51
222.569
222.631
222.696
222.766
222.841
222.922
223.008
223.1
223.2
223.309
223.424
223.544
223.667
223.791
223.924
224.066
224.219
224.381
224.547
224.718
224.901
225.109
225.343
225.604
225.896
226.204
226.524
226.853
227.177
227.488
227.779
228.039
228.26
228.434
228.548
228.602
228.638
228.646
228.589
228.431
228.212
228.006
227.84
227.72
227.626
227.548
227.477
227.393
227.3
227.212
227.122
227.039
226.954
226.876
226.804
226.733
226.664
226.596
226.531
226.463
226.399
226.343
226.285
226.234
226.18
226.139
226.111
226.077
226.049
226.014
225.971
225.918
225.889
225.908
225.951
226.048
226.191
226.427
226.813
221.568
221.304
221.101
221.059
221.065
221.064
221.129
221.175
221.213
221.253
221.286
221.321
221.356
221.391
221.429
221.466
221.503
221.539
221.576
221.612
221.648
221.685
221.724
221.765
221.808
221.851
221.895
221.937
221.979
222.02
222.06
222.101
222.144
222.19
222.238
222.289
222.342
222.396
222.452
222.508
222.567
222.628
222.693
222.762
222.837
222.918
223.003
223.094
223.194
223.301
223.416
223.536
223.657
223.78
223.912
224.053
224.206
224.367
224.534
224.706
224.889
225.096
225.329
225.59
225.882
226.19
226.508
226.836
227.158
227.468
227.756
228.014
228.232
228.404
228.518
228.574
228.607
228.611
228.561
228.401
228.182
227.975
227.808
227.693
227.596
227.523
227.451
227.375
227.292
227.209
227.117
227.034
226.953
226.877
226.8
226.731
226.665
226.597
226.531
226.465
226.403
226.348
226.29
226.242
226.189
226.146
226.118
226.083
226.047
226.012
225.961
225.898
225.872
225.886
225.924
226.023
226.166
226.412
226.788
221.566
221.304
221.1
221.058
221.063
221.062
221.127
221.173
221.211
221.251
221.285
221.319
221.354
221.389
221.427
221.465
221.502
221.538
221.574
221.61
221.646
221.684
221.723
221.764
221.807
221.85
221.894
221.936
221.978
222.019
222.059
222.1
222.143
222.188
222.237
222.287
222.34
222.394
222.449
222.506
222.564
222.625
222.69
222.758
222.833
222.913
222.998
223.089
223.187
223.294
223.407
223.526
223.647
223.769
223.9
224.04
224.192
224.353
224.521
224.693
224.877
225.083
225.315
225.575
225.867
226.175
226.492
226.818
227.139
227.446
227.732
227.987
228.203
228.371
228.486
228.546
228.576
228.575
228.53
228.368
228.15
227.943
227.776
227.664
227.568
227.497
227.422
227.353
227.281
227.201
227.113
227.031
226.952
226.876
226.798
226.731
226.666
226.599
226.53
226.466
226.406
226.351
226.296
226.246
226.198
226.154
226.124
226.085
226.045
226.004
225.944
225.882
225.863
225.863
225.907
226.011
226.155
226.405
226.763
221.564
221.305
221.1
221.057
221.062
221.06
221.126
221.171
221.209
221.249
221.283
221.317
221.352
221.387
221.425
221.463
221.5
221.536
221.573
221.608
221.645
221.682
221.721
221.762
221.805
221.849
221.892
221.935
221.976
222.017
222.058
222.099
222.142
222.187
222.235
222.285
222.338
222.392
222.447
222.503
222.561
222.622
222.686
222.755
222.829
222.908
222.993
223.083
223.18
223.286
223.399
223.517
223.637
223.758
223.887
224.026
224.177
224.338
224.507
224.68
224.864
225.07
225.3
225.559
225.851
226.159
226.475
226.8
227.119
227.424
227.707
227.96
228.172
228.338
228.453
228.517
228.542
228.536
228.495
228.332
228.115
227.908
227.744
227.633
227.539
227.469
227.393
227.329
227.264
227.186
227.109
227.027
226.949
226.872
226.797
226.73
226.666
226.599
226.531
226.469
226.409
226.352
226.3
226.248
226.202
226.159
226.126
226.084
226.041
225.99
225.926
225.872
225.855
225.85
225.9
226.008
226.148
226.38
226.722
221.562
221.306
221.1
221.056
221.06
221.059
221.124
221.169
221.207
221.247
221.281
221.315
221.35
221.385
221.423
221.461
221.498
221.534
221.571
221.607
221.643
221.68
221.719
221.76
221.803
221.847
221.891
221.933
221.975
222.016
222.056
222.097
222.14
222.185
222.233
222.284
222.336
222.39
222.445
222.501
222.558
222.619
222.683
222.751
222.824
222.904
222.987
223.077
223.173
223.278
223.39
223.507
223.626
223.746
223.874
224.012
224.162
224.323
224.492
224.666
224.85
225.055
225.285
225.543
225.834
226.143
226.457
226.78
227.097
227.401
227.682
227.931
228.141
228.303
228.418
228.485
228.507
228.496
228.457
228.292
228.076
227.872
227.711
227.597
227.509
227.437
227.365
227.303
227.239
227.165
227.097
227.019
226.941
226.863
226.793
226.726
226.662
226.598
226.532
226.47
226.411
226.354
226.301
226.25
226.203
226.159
226.125
226.082
226.034
225.973
225.909
225.86
225.84
225.843
225.893
225.996
226.126
226.342
226.68
221.56
221.306
221.099
221.055
221.059
221.057
221.122
221.166
221.205
221.245
221.279
221.313
221.348
221.383
221.421
221.459
221.496
221.532
221.569
221.605
221.641
221.678
221.718
221.759
221.802
221.846
221.889
221.932
221.974
222.014
222.055
222.096
222.138
222.184
222.231
222.282
222.334
222.388
222.443
222.498
222.555
222.615
222.679
222.746
222.82
222.899
222.982
223.07
223.166
223.269
223.38
223.497
223.615
223.734
223.86
223.997
224.146
224.306
224.476
224.652
224.836
225.04
225.269
225.525
225.817
226.125
226.438
226.76
227.075
227.376
227.655
227.902
228.109
228.268
228.382
228.452
228.469
228.454
228.415
228.248
228.034
227.833
227.675
227.557
227.473
227.4
227.336
227.273
227.207
227.14
227.075
227.003
226.926
226.851
226.782
226.716
226.655
226.594
226.531
226.469
226.41
226.355
226.301
226.251
226.203
226.159
226.124
226.078
226.02
225.952
225.888
225.839
225.819
225.83
225.873
225.967
226.093
226.308
226.647
221.558
221.307
221.099
221.054
221.057
221.055
221.119
221.164
221.203
221.243
221.276
221.311
221.346
221.381
221.419
221.457
221.494
221.53
221.567
221.603
221.639
221.677
221.716
221.757
221.8
221.844
221.888
221.93
221.972
222.013
222.053
222.094
222.137
222.182
222.23
222.28
222.332
222.385
222.44
222.495
222.552
222.612
222.675
222.742
222.815
222.893
222.976
223.064
223.158
223.26
223.37
223.486
223.603
223.721
223.846
223.981
224.129
224.289
224.46
224.636
224.821
225.025
225.252
225.507
225.798
226.106
226.418
226.738
227.052
227.351
227.627
227.871
228.075
228.232
228.344
228.414
228.429
228.413
228.369
228.203
227.99
227.791
227.636
227.513
227.431
227.357
227.3
227.237
227.171
227.111
227.045
226.978
226.905
226.834
226.763
226.7
226.643
226.586
226.526
226.466
226.409
226.354
226.3
226.25
226.203
226.159
226.121
226.068
225.999
225.926
225.86
225.812
225.796
225.805
225.843
225.936
226.061
226.284
226.618
221.556
221.307
221.098
221.053
221.055
221.052
221.117
221.162
221.2
221.24
221.274
221.309
221.344
221.379
221.417
221.455
221.492
221.528
221.565
221.601
221.637
221.675
221.714
221.755
221.798
221.842
221.886
221.929
221.97
222.011
222.052
222.092
222.135
222.18
222.228
222.278
222.33
222.383
222.437
222.492
222.549
222.609
222.671
222.738
222.81
222.888
222.97
223.057
223.15
223.251
223.36
223.475
223.591
223.708
223.832
223.965
224.112
224.271
224.442
224.619
224.805
225.008
225.234
225.489
225.779
226.086
226.398
226.716
227.027
227.324
227.597
227.839
228.041
228.194
228.304
228.373
228.387
228.372
228.32
228.156
227.945
227.748
227.593
227.468
227.385
227.312
227.255
227.194
227.135
227.078
227.013
226.948
226.88
226.811
226.74
226.68
226.625
226.572
226.517
226.46
226.404
226.35
226.297
226.247
226.2
226.155
226.112
226.05
225.972
225.895
225.83
225.784
225.772
225.773
225.814
225.91
226.036
226.259
226.582
221.554
221.308
221.098
221.052
221.053
221.05
221.115
221.159
221.198
221.238
221.272
221.306
221.342
221.377
221.415
221.453
221.49
221.526
221.563
221.599
221.635
221.673
221.712
221.753
221.796
221.84
221.884
221.927
221.969
222.01
222.05
222.091
222.133
222.178
222.226
222.275
222.327
222.381
222.435
222.489
222.546
222.605
222.667
222.733
222.805
222.883
222.964
223.05
223.142
223.242
223.349
223.463
223.578
223.694
223.817
223.949
224.094
224.253
224.424
224.602
224.788
224.99
225.215
225.469
225.758
226.066
226.376
226.692
227.002
227.296
227.567
227.806
228.006
228.157
228.263
228.329
228.343
228.331
228.271
228.11
227.9
227.704
227.548
227.425
227.339
227.269
227.206
227.149
227.094
227.036
226.978
226.915
226.849
226.78
226.713
226.653
226.6
226.551
226.501
226.448
226.394
226.341
226.289
226.239
226.192
226.144
226.095
226.024
225.94
225.862
225.798
225.755
225.742
225.743
225.787
225.884
226.009
226.224
226.545
221.551
221.308
221.098
221.051
221.051
221.048
221.113
221.157
221.196
221.236
221.269
221.304
221.339
221.374
221.412
221.45
221.488
221.524
221.56
221.596
221.633
221.67
221.71
221.751
221.794
221.838
221.882
221.925
221.967
222.008
222.048
222.089
222.131
222.176
222.223
222.273
222.325
222.378
222.432
222.486
222.543
222.601
222.663
222.729
222.8
222.877
222.958
223.043
223.134
223.232
223.338
223.451
223.565
223.68
223.801
223.932
224.075
224.233
224.404
224.583
224.77
224.972
225.196
225.448
225.737
226.043
226.353
226.667
226.975
227.267
227.535
227.772
227.969
228.118
228.22
228.28
228.298
228.292
228.224
228.066
227.857
227.66
227.503
227.386
227.297
227.23
227.161
227.103
227.048
226.989
226.935
226.876
226.812
226.745
226.679
226.619
226.568
226.523
226.477
226.428
226.377
226.325
226.273
226.224
226.176
226.125
226.069
225.992
225.904
225.826
225.764
225.719
225.706
225.709
225.752
225.849
225.974
226.186
226.509
221.549
221.309
221.097
221.05
221.049
221.046
221.11
221.154
221.193
221.233
221.267
221.301
221.337
221.372
221.41
221.448
221.485
221.521
221.558
221.594
221.631
221.668
221.708
221.749
221.792
221.836
221.88
221.923
221.965
222.006
222.046
222.087
222.129
222.174
222.221
222.271
222.322
222.375
222.429
222.483
222.539
222.597
222.658
222.724
222.795
222.871
222.951
223.035
223.125
223.222
223.327
223.438
223.552
223.666
223.785
223.914
224.056
224.212
224.383
224.563
224.75
224.952
225.175
225.427
225.714
226.02
226.329
226.641
226.947
227.237
227.502
227.736
227.931
228.079
228.176
228.229
228.252
228.252
228.18
228.025
227.816
227.618
227.459
227.349
227.256
227.187
227.118
227.057
226.998
226.942
226.888
226.831
226.77
226.705
226.639
226.58
226.531
226.488
226.445
226.4
226.351
226.301
226.25
226.2
226.15
226.096
226.034
225.953
225.865
225.789
225.727
225.681
225.668
225.669
225.711
225.809
225.935
226.152
226.474
221.546
221.309
221.097
221.048
221.046
221.043
221.107
221.151
221.19
221.23
221.264
221.298
221.334
221.369
221.407
221.445
221.483
221.519
221.556
221.592
221.628
221.666
221.705
221.747
221.79
221.834
221.878
221.921
221.963
222.004
222.044
222.085
222.127
222.172
222.219
222.268
222.32
222.373
222.426
222.48
222.535
222.593
222.654
222.719
222.789
222.865
222.944
223.027
223.116
223.211
223.315
223.425
223.537
223.651
223.769
223.896
224.036
224.191
224.362
224.541
224.73
224.931
225.154
225.404
225.69
225.995
226.303
226.614
226.918
227.205
227.467
227.698
227.892
228.038
228.13
228.177
228.205
228.211
228.138
227.984
227.774
227.575
227.415
227.305
227.212
227.137
227.071
227.008
226.948
226.893
226.839
226.784
226.725
226.662
226.596
226.538
226.489
226.447
226.406
226.364
226.317
226.269
226.217
226.167
226.116
226.059
225.993
225.911
225.824
225.75
225.688
225.642
225.629
225.628
225.672
225.771
225.9
226.118
226.438
221.543
221.31
221.096
221.047
221.044
221.041
221.105
221.148
221.187
221.227
221.261
221.296
221.331
221.366
221.405
221.442
221.48
221.516
221.553
221.589
221.626
221.663
221.703
221.744
221.788
221.832
221.876
221.919
221.961
222.002
222.042
222.083
222.125
222.169
222.217
222.266
222.317
222.37
222.423
222.477
222.532
222.589
222.649
222.714
222.783
222.858
222.937
223.019
223.106
223.2
223.302
223.411
223.522
223.635
223.752
223.877
224.016
224.169
224.339
224.518
224.707
224.909
225.131
225.381
225.665
225.969
226.276
226.585
226.887
227.172
227.431
227.659
227.85
227.995
228.084
228.126
228.157
228.165
228.097
227.939
227.727
227.529
227.37
227.252
227.161
227.083
227.018
226.956
226.898
226.842
226.789
226.735
226.677
226.615
226.551
226.492
226.443
226.401
226.361
226.32
226.276
226.228
226.177
226.126
226.073
226.015
225.948
225.868
225.783
225.711
225.649
225.602
225.589
225.588
225.634
225.736
225.866
226.082
226.4
221.54
221.31
221.096
221.045
221.041
221.038
221.102
221.145
221.184
221.224
221.258
221.293
221.328
221.363
221.402
221.44
221.477
221.513
221.55
221.586
221.623
221.661
221.7
221.742
221.785
221.83
221.874
221.917
221.959
222
222.04
222.081
222.123
222.167
222.214
222.263
222.314
222.367
222.42
222.473
222.528
222.585
222.645
222.708
222.777
222.852
222.93
223.011
223.097
223.189
223.289
223.396
223.507
223.619
223.735
223.858
223.994
224.146
224.314
224.494
224.684
224.885
225.108
225.357
225.638
225.941
226.248
226.555
226.855
227.137
227.394
227.618
227.806
227.949
228.037
228.077
228.108
228.112
228.052
227.886
227.675
227.479
227.322
227.197
227.109
227.033
226.966
226.905
226.847
226.791
226.738
226.684
226.627
226.567
226.503
226.444
226.394
226.352
226.312
226.272
226.228
226.182
226.13
226.079
226.025
225.967
225.901
225.823
225.742
225.671
225.609
225.562
225.55
225.55
225.597
225.7
225.83
226.045
226.36
221.537
221.311
221.095
221.044
221.038
221.036
221.099
221.142
221.181
221.221
221.255
221.29
221.325
221.36
221.399
221.437
221.474
221.51
221.547
221.584
221.62
221.658
221.698
221.739
221.783
221.827
221.872
221.915
221.957
221.998
222.038
222.079
222.12
222.165
222.211
222.26
222.311
222.364
222.416
222.469
222.524
222.58
222.64
222.703
222.771
222.845
222.922
223.003
223.087
223.177
223.276
223.381
223.49
223.602
223.717
223.839
223.973
224.122
224.289
224.468
224.658
224.86
225.083
225.331
225.61
225.911
226.218
226.524
226.822
227.101
227.354
227.575
227.759
227.901
227.989
228.03
228.057
228.054
227.998
227.827
227.618
227.425
227.272
227.149
227.059
226.986
226.916
226.854
226.795
226.739
226.686
226.632
226.576
226.517
226.454
226.395
226.344
226.301
226.261
226.22
226.177
226.131
226.08
226.028
225.974
225.917
225.853
225.779
225.7
225.631
225.569
225.522
225.511
225.512
225.56
225.664
225.794
226.008
226.318
221.533
221.311
221.095
221.042
221.035
221.033
221.096
221.138
221.177
221.217
221.252
221.286
221.322
221.357
221.395
221.433
221.471
221.507
221.544
221.581
221.617
221.655
221.695
221.737
221.78
221.825
221.869
221.913
221.955
221.996
222.036
222.076
222.118
222.162
222.209
222.257
222.308
222.36
222.413
222.466
222.52
222.576
222.635
222.697
222.765
222.838
222.914
222.994
223.077
223.165
223.262
223.365
223.473
223.584
223.698
223.819
223.951
224.097
224.262
224.441
224.631
224.833
225.056
225.304
225.58
225.88
226.186
226.491
226.787
227.064
227.314
227.531
227.711
227.849
227.939
227.985
228.005
227.991
227.936
227.766
227.561
227.372
227.222
227.105
227.011
226.935
226.866
226.803
226.744
226.687
226.633
226.58
226.524
226.466
226.404
226.345
226.293
226.249
226.207
226.166
226.123
226.078
226.027
225.976
225.923
225.867
225.806
225.736
225.659
225.591
225.53
225.483
225.472
225.475
225.524
225.628
225.758
225.969
226.275
221.529
221.312
221.094
221.041
221.032
221.03
221.092
221.135
221.174
221.214
221.248
221.283
221.318
221.354
221.392
221.43
221.468
221.504
221.541
221.578
221.614
221.652
221.692
221.734
221.778
221.822
221.867
221.91
221.952
221.993
222.033
222.074
222.115
222.159
222.206
222.254
222.305
222.357
222.409
222.462
222.516
222.571
222.63
222.692
222.759
222.83
222.906
222.985
223.066
223.153
223.248
223.349
223.455
223.566
223.679
223.798
223.928
224.072
224.235
224.412
224.602
224.805
225.028
225.276
225.549
225.847
226.153
226.456
226.75
227.024
227.271
227.485
227.66
227.794
227.887
227.938
227.951
227.93
227.872
227.709
227.51
227.323
227.17
227.056
226.961
226.883
226.814
226.752
226.693
226.636
226.581
226.528
226.472
226.415
226.353
226.294
226.242
226.196
226.153
226.111
226.068
226.024
225.974
225.923
225.872
225.818
225.76
225.693
225.618
225.551
225.49
225.445
225.435
225.438
225.487
225.592
225.72
225.929
226.23
221.526
221.312
221.093
221.039
221.029
221.027
221.089
221.131
221.17
221.21
221.244
221.279
221.315
221.35
221.389
221.427
221.464
221.501
221.538
221.574
221.611
221.649
221.689
221.731
221.775
221.819
221.864
221.907
221.95
221.991
222.031
222.071
222.113
222.156
222.203
222.251
222.302
222.354
222.406
222.458
222.511
222.567
222.624
222.686
222.752
222.823
222.898
222.975
223.055
223.14
223.233
223.332
223.437
223.546
223.659
223.777
223.904
224.046
224.206
224.381
224.571
224.774
224.998
225.246
225.517
225.812
226.118
226.42
226.711
226.983
227.227
227.437
227.608
227.738
227.831
227.885
227.894
227.874
227.81
227.657
227.461
227.274
227.119
227.001
226.909
226.831
226.763
226.701
226.642
226.584
226.529
226.475
226.42
226.363
226.302
226.243
226.19
226.143
226.099
226.056
226.013
225.97
225.921
225.872
225.822
225.771
225.715
225.65
225.577
225.51
225.451
225.407
225.397
225.401
225.45
225.553
225.681
225.887
226.183
221.521
221.312
221.093
221.037
221.026
221.024
221.085
221.127
221.166
221.206
221.241
221.275
221.311
221.347
221.385
221.423
221.461
221.497
221.534
221.571
221.608
221.646
221.686
221.728
221.772
221.816
221.861
221.905
221.947
221.988
222.028
222.068
222.11
222.154
222.2
222.248
222.298
222.35
222.402
222.454
222.507
222.562
222.619
222.68
222.745
222.815
222.889
222.965
223.044
223.127
223.217
223.314
223.417
223.526
223.639
223.755
223.881
224.019
224.176
224.349
224.538
224.741
224.967
225.214
225.482
225.775
226.081
226.381
226.671
226.94
227.181
227.388
227.555
227.681
227.771
227.824
227.835
227.824
227.755
227.605
227.407
227.22
227.067
226.948
226.857
226.781
226.712
226.65
226.591
226.533
226.477
226.423
226.368
226.311
226.251
226.192
226.138
226.09
226.045
226.002
225.959
225.916
225.869
225.821
225.774
225.724
225.671
225.607
225.536
225.47
225.412
225.369
225.36
225.363
225.411
225.513
225.639
225.843
226.135
221.517
221.312
221.092
221.035
221.022
221.021
221.081
221.123
221.162
221.202
221.237
221.272
221.307
221.343
221.381
221.419
221.457
221.494
221.531
221.567
221.604
221.642
221.682
221.724
221.768
221.813
221.858
221.902
221.944
221.985
222.026
222.066
222.107
222.15
222.196
222.244
222.295
222.346
222.398
222.449
222.502
222.557
222.614
222.674
222.738
222.807
222.88
222.955
223.032
223.113
223.201
223.295
223.397
223.505
223.617
223.733
223.856
223.992
224.145
224.316
224.504
224.707
224.933
225.181
225.446
225.737
226.042
226.341
226.628
226.895
227.133
227.338
227.503
227.625
227.708
227.757
227.773
227.774
227.701
227.545
227.345
227.162
227.014
226.897
226.805
226.73
226.661
226.599
226.539
226.481
226.425
226.37
226.315
226.259
226.199
226.141
226.087
226.038
225.992
225.948
225.905
225.863
225.818
225.772
225.726
225.678
225.626
225.564
225.495
225.429
225.373
225.33
225.322
225.325
225.37
225.47
225.595
225.797
226.085
221.512
221.312
221.091
221.033
221.019
221.018
221.077
221.118
221.158
221.198
221.232
221.267
221.303
221.339
221.377
221.415
221.453
221.49
221.527
221.564
221.601
221.639
221.679
221.721
221.765
221.81
221.855
221.899
221.941
221.982
222.023
222.063
222.104
222.147
222.193
222.241
222.291
222.342
222.394
222.445
222.498
222.552
222.608
222.668
222.731
222.799
222.871
222.945
223.021
223.1
223.185
223.276
223.375
223.483
223.595
223.71
223.832
223.964
224.113
224.281
224.467
224.67
224.897
225.145
225.408
225.696
226
226.299
226.584
226.848
227.084
227.285
227.449
227.569
227.646
227.687
227.708
227.714
227.64
227.477
227.282
227.104
226.959
226.845
226.754
226.678
226.609
226.547
226.488
226.429
226.373
226.318
226.262
226.206
226.148
226.089
226.035
225.985
225.939
225.895
225.852
225.811
225.768
225.724
225.679
225.633
225.582
225.52
225.452
225.388
225.333
225.291
225.283
225.285
225.328
225.425
225.548
225.748
226.033
221.507
221.312
221.091
221.032
221.015
221.015
221.073
221.114
221.153
221.193
221.228
221.263
221.298
221.335
221.373
221.411
221.449
221.486
221.523
221.56
221.597
221.635
221.675
221.717
221.761
221.806
221.852
221.895
221.938
221.979
222.02
222.06
222.101
222.144
222.19
222.237
222.287
222.338
222.389
222.441
222.493
222.547
222.603
222.661
222.724
222.791
222.862
222.935
223.009
223.086
223.168
223.257
223.353
223.459
223.571
223.686
223.806
223.936
224.081
224.245
224.429
224.631
224.858
225.106
225.368
225.653
225.957
226.254
226.537
226.799
227.032
227.231
227.392
227.512
227.584
227.62
227.642
227.64
227.57
227.408
227.221
227.048
226.904
226.791
226.701
226.625
226.557
226.495
226.436
226.377
226.32
226.265
226.209
226.153
226.095
226.037
225.983
225.933
225.886
225.841
225.8
225.76
225.718
225.676
225.632
225.587
225.536
225.476
225.409
225.346
225.292
225.252
225.243
225.244
225.284
225.378
225.499
225.695
225.978
221.502
221.311
221.09
221.03
221.012
221.012
221.069
221.109
221.148
221.189
221.223
221.258
221.294
221.33
221.368
221.407
221.445
221.482
221.519
221.555
221.593
221.631
221.671
221.713
221.758
221.803
221.848
221.892
221.935
221.976
222.017
222.056
222.098
222.141
222.186
222.233
222.283
222.334
222.385
222.436
222.488
222.541
222.597
222.655
222.717
222.782
222.852
222.924
222.997
223.072
223.151
223.236
223.331
223.435
223.546
223.661
223.78
223.907
224.048
224.208
224.39
224.59
224.817
225.065
225.326
225.609
225.911
226.206
226.488
226.747
226.978
227.174
227.333
227.451
227.524
227.559
227.578
227.563
227.497
227.343
227.161
226.99
226.848
226.736
226.647
226.572
226.504
226.443
226.383
226.324
226.267
226.212
226.156
226.1
226.042
225.985
225.93
225.88
225.832
225.788
225.747
225.708
225.669
225.627
225.585
225.54
225.489
225.43
225.364
225.302
225.25
225.211
225.202
225.202
225.238
225.329
225.446
225.638
225.918
221.496
221.311
221.089
221.028
221.008
221.009
221.064
221.104
221.143
221.184
221.219
221.254
221.289
221.326
221.364
221.402
221.44
221.477
221.514
221.551
221.588
221.627
221.667
221.709
221.754
221.799
221.844
221.889
221.931
221.973
222.013
222.053
222.094
222.137
222.182
222.229
222.279
222.33
222.38
222.431
222.483
222.536
222.591
222.649
222.709
222.774
222.842
222.913
222.984
223.057
223.134
223.216
223.308
223.41
223.52
223.635
223.753
223.877
224.014
224.171
224.349
224.548
224.773
225.02
225.281
225.562
225.862
226.156
226.436
226.694
226.921
227.114
227.268
227.384
227.461
227.5
227.514
227.494
227.426
227.278
227.097
226.929
226.791
226.68
226.592
226.518
226.451
226.389
226.33
226.271
226.214
226.158
226.102
226.046
225.989
225.932
225.877
225.826
225.779
225.735
225.694
225.657
225.618
225.579
225.537
225.492
225.441
225.382
225.318
225.258
225.207
225.169
225.16
225.159
225.192
225.278
225.392
225.578
225.853
221.49
221.31
221.088
221.026
221.004
221.005
221.059
221.099
221.138
221.178
221.213
221.249
221.284
221.321
221.359
221.397
221.436
221.473
221.51
221.547
221.584
221.622
221.663
221.705
221.75
221.795
221.84
221.885
221.928
221.969
222.01
222.05
222.091
222.133
222.178
222.225
222.275
222.325
222.376
222.426
222.478
222.531
222.585
222.642
222.702
222.765
222.832
222.902
222.972
223.043
223.117
223.196
223.284
223.384
223.493
223.607
223.725
223.847
223.981
224.133
224.307
224.504
224.726
224.973
225.234
225.513
225.81
226.103
226.382
226.637
226.862
227.051
227.201
227.313
227.391
227.433
227.445
227.431
227.356
227.208
227.03
226.867
226.732
226.623
226.536
226.463
226.396
226.335
226.276
226.217
226.159
226.103
226.047
225.991
225.935
225.878
225.823
225.772
225.725
225.681
225.641
225.604
225.568
225.529
225.488
225.443
225.392
225.334
225.271
225.213
225.163
225.125
225.117
225.114
225.145
225.226
225.336
225.515
225.781
221.484
221.309
221.087
221.024
221
221.002
221.054
221.093
221.132
221.173
221.208
221.243
221.279
221.316
221.354
221.392
221.431
221.468
221.505
221.542
221.579
221.618
221.658
221.701
221.745
221.791
221.836
221.881
221.924
221.966
222.006
222.046
222.087
222.129
222.174
222.221
222.27
222.32
222.371
222.421
222.472
222.525
222.579
222.636
222.695
222.757
222.823
222.891
222.96
223.029
223.1
223.176
223.261
223.358
223.465
223.579
223.696
223.816
223.946
224.094
224.264
224.458
224.678
224.922
225.183
225.461
225.755
226.047
226.324
226.578
226.801
226.987
227.133
227.241
227.315
227.356
227.367
227.361
227.282
227.133
226.962
226.804
226.671
226.564
226.479
226.406
226.34
226.279
226.221
226.161
226.103
226.047
225.991
225.935
225.879
225.823
225.769
225.718
225.67
225.626
225.587
225.551
225.516
225.478
225.437
225.392
225.341
225.284
225.222
225.166
225.117
225.081
225.072
225.069
225.097
225.173
225.28
225.45
225.703
221.477
221.308
221.086
221.022
220.996
220.998
221.048
221.088
221.127
221.167
221.203
221.238
221.273
221.31
221.349
221.387
221.425
221.463
221.5
221.537
221.574
221.613
221.654
221.696
221.741
221.786
221.832
221.877
221.92
221.962
222.002
222.042
222.083
222.126
222.17
222.217
222.265
222.315
222.366
222.416
222.467
222.519
222.573
222.629
222.687
222.749
222.813
222.88
222.947
223.015
223.083
223.156
223.237
223.331
223.436
223.548
223.665
223.785
223.912
224.055
224.221
224.411
224.626
224.867
225.13
225.407
225.697
225.988
226.264
226.516
226.736
226.921
227.066
227.171
227.238
227.275
227.288
227.28
227.205
227.059
226.893
226.739
226.609
226.504
226.42
226.348
226.282
226.222
226.164
226.105
226.047
225.99
225.933
225.878
225.822
225.766
225.712
225.661
225.614
225.571
225.532
225.497
225.462
225.426
225.385
225.34
225.288
225.232
225.172
225.117
225.07
225.035
225.026
225.022
225.048
225.121
225.224
225.385
225.622
221.47
221.307
221.085
221.02
220.992
220.994
221.042
221.082
221.12
221.161
221.197
221.232
221.268
221.305
221.343
221.382
221.42
221.457
221.495
221.532
221.569
221.608
221.649
221.691
221.736
221.782
221.828
221.873
221.916
221.958
221.998
222.038
222.079
222.121
222.166
222.212
222.261
222.31
222.36
222.41
222.461
222.514
222.567
222.623
222.68
222.74
222.803
222.869
222.935
223.001
223.067
223.136
223.215
223.304
223.406
223.517
223.633
223.752
223.877
224.016
224.177
224.363
224.573
224.81
225.073
225.349
225.636
225.925
226.2
226.45
226.669
226.852
226.997
227.101
227.165
227.199
227.213
227.198
227.125
226.984
226.822
226.672
226.545
226.442
226.359
226.288
226.223
226.164
226.106
226.047
225.989
225.931
225.875
225.819
225.764
225.708
225.654
225.604
225.556
225.514
225.476
225.442
225.408
225.372
225.331
225.286
225.235
225.18
225.121
225.068
225.023
224.987
224.979
224.975
224.999
225.067
225.167
225.321
225.541
221.463
221.305
221.084
221.017
220.987
220.989
221.036
221.075
221.114
221.155
221.191
221.226
221.262
221.299
221.337
221.376
221.414
221.452
221.489
221.526
221.564
221.603
221.644
221.686
221.731
221.777
221.823
221.868
221.912
221.954
221.994
222.034
222.075
222.117
222.161
222.207
222.256
222.305
222.355
222.405
222.456
222.508
222.561
222.616
222.673
222.732
222.794
222.858
222.923
222.987
223.051
223.118
223.193
223.278
223.376
223.484
223.599
223.717
223.841
223.977
224.133
224.314
224.518
224.75
225.012
225.287
225.571
225.858
226.133
226.382
226.599
226.78
226.922
227.026
227.09
227.123
227.136
227.118
227.044
226.906
226.749
226.603
226.479
226.378
226.296
226.227
226.163
226.103
226.046
225.988
225.929
225.871
225.814
225.759
225.703
225.648
225.595
225.544
225.497
225.455
225.418
225.385
225.352
225.317
225.276
225.231
225.18
225.126
225.07
225.018
224.974
224.939
224.93
224.926
224.948
225.013
225.111
225.258
225.462
221.455
221.303
221.083
221.015
220.983
220.985
221.029
221.069
221.107
221.148
221.184
221.22
221.255
221.293
221.331
221.37
221.408
221.446
221.483
221.521
221.558
221.597
221.638
221.681
221.726
221.772
221.818
221.863
221.907
221.949
221.99
222.03
222.071
222.113
222.157
222.202
222.251
222.3
222.349
222.399
222.45
222.502
222.555
222.61
222.666
222.725
222.785
222.848
222.911
222.974
223.037
223.101
223.172
223.253
223.346
223.45
223.563
223.681
223.804
223.937
224.089
224.264
224.462
224.687
224.947
225.222
225.503
225.788
226.062
226.309
226.525
226.703
226.843
226.944
227.01
227.042
227.053
227.038
226.962
226.826
226.674
226.532
226.411
226.313
226.232
226.164
226.1
226.042
225.985
225.927
225.868
225.81
225.753
225.696
225.641
225.586
225.533
225.483
225.437
225.395
225.359
225.326
225.294
225.26
225.22
225.175
225.125
225.072
225.017
224.967
224.924
224.889
224.88
224.875
224.896
224.958
225.055
225.195
225.384
221.446
221.301
221.082
221.012
220.978
220.98
221.023
221.062
221.1
221.142
221.177
221.213
221.249
221.287
221.325
221.364
221.402
221.44
221.477
221.515
221.553
221.592
221.633
221.675
221.72
221.766
221.813
221.858
221.902
221.944
221.985
222.025
222.066
222.108
222.152
222.197
222.245
222.294
222.343
222.393
222.444
222.496
222.549
222.603
222.659
222.717
222.777
222.838
222.9
222.962
223.023
223.085
223.153
223.229
223.316
223.416
223.526
223.643
223.765
223.896
224.044
224.214
224.404
224.623
224.878
225.152
225.431
225.714
225.986
226.233
226.447
226.624
226.761
226.86
226.924
226.957
226.967
226.954
226.878
226.745
226.597
226.459
226.342
226.245
226.166
226.099
226.036
225.979
225.922
225.864
225.805
225.747
225.689
225.632
225.577
225.522
225.47
225.42
225.374
225.333
225.297
225.266
225.235
225.201
225.163
225.118
225.069
225.017
224.964
224.915
224.873
224.839
224.829
224.824
224.843
224.902
224.997
225.131
225.307
221.437
221.299
221.081
221.009
220.974
220.975
221.015
221.055
221.093
221.134
221.17
221.206
221.242
221.28
221.318
221.357
221.396
221.433
221.471
221.509
221.547
221.586
221.627
221.67
221.715
221.761
221.807
221.853
221.897
221.939
221.981
222.021
222.062
222.103
222.147
222.192
222.24
222.288
222.337
222.387
222.438
222.489
222.542
222.597
222.653
222.71
222.769
222.828
222.889
222.949
223.01
223.071
223.136
223.206
223.288
223.383
223.489
223.603
223.724
223.854
223.998
224.162
224.345
224.556
224.806
225.077
225.355
225.636
225.906
226.152
226.366
226.542
226.679
226.776
226.838
226.87
226.88
226.866
226.792
226.662
226.519
226.385
226.271
226.176
226.098
226.032
225.971
225.914
225.858
225.8
225.741
225.682
225.624
225.566
225.51
225.456
225.404
225.354
225.309
225.269
225.235
225.204
225.174
225.141
225.104
225.06
225.012
224.962
224.909
224.863
224.821
224.787
224.776
224.771
224.788
224.845
224.937
225.065
225.229
221.428
221.296
221.081
221.005
220.969
220.969
221.008
221.047
221.085
221.127
221.163
221.199
221.235
221.273
221.311
221.35
221.389
221.427
221.464
221.502
221.54
221.579
221.621
221.664
221.709
221.755
221.802
221.847
221.892
221.934
221.976
222.016
222.057
222.098
222.142
222.187
222.234
222.282
222.331
222.38
222.431
222.483
222.535
222.59
222.646
222.704
222.761
222.819
222.878
222.938
222.998
223.058
223.119
223.186
223.262
223.35
223.451
223.562
223.681
223.809
223.949
224.107
224.285
224.49
224.731
224.998
225.274
225.553
225.821
226.067
226.28
226.456
226.593
226.69
226.75
226.782
226.792
226.778
226.704
226.577
226.438
226.309
226.198
226.105
226.029
225.964
225.903
225.847
225.792
225.734
225.675
225.615
225.556
225.498
225.442
225.388
225.336
225.287
225.242
225.203
225.17
225.14
225.111
225.08
225.044
225.002
224.954
224.906
224.855
224.809
224.769
224.735
224.722
224.717
224.732
224.786
224.875
224.997
225.15
225.976
226.19
226.366
226.502
226.599
226.659
226.691
226.701
226.687
226.615
226.491
226.356
226.232
226.123
226.032
225.957
225.894
225.834
225.778
225.724
225.667
225.608
225.547
225.488
225.429
225.372
225.317
225.266
225.217
225.173
225.135
225.103
225.075
225.047
225.017
224.982
224.942
224.896
224.849
224.799
224.755
224.715
224.681
224.667
224.661
224.674
224.725
224.811
224.925
225.069
226.596
226.606
226.594
226.524
226.403
226.273
226.152
226.047
)
;

boundaryField
{
    inlet
    {
        type            fixedValue;
        value           nonuniform List<scalar> 0();
    }
    obstacle
    {
        type            zeroGradient;
    }
    bottom
    {
        type            symmetry;
    }
    outlet
    {
        type            inletOutlet;
        inletValue      uniform 223;
        value           nonuniform List<scalar> 
83
(
221.68
221.676
221.672
221.669
221.666
221.663
221.659
221.656
221.653
221.651
221.648
221.645
221.642
221.639
221.636
221.633
221.631
221.628
221.625
221.623
221.62
221.618
221.615
221.613
221.611
221.608
221.606
221.604
221.602
221.6
221.598
221.596
221.594
221.592
221.59
221.589
221.587
221.585
221.584
221.583
221.582
221.581
221.58
221.579
221.578
221.577
221.575
221.574
221.572
221.571
221.569
221.568
221.566
221.564
221.562
221.56
221.558
221.556
221.554
221.551
221.549
221.546
221.543
221.54
221.537
221.533
221.53
221.526
221.522
221.517
221.512
221.507
221.502
221.496
221.49
221.484
221.477
221.47
221.463
221.455
221.446
221.438
221.428
)
;
    }
    top
    {
        type            symmetry;
    }
    defaultFaces
    {
        type            empty;
    }
    procBoundary2to0
    {
        type            processor;
        value           nonuniform List<scalar> 
123
(
227.156
225.593
224.856
224.416
224.129
223.919
223.763
223.649
223.553
223.481
223.424
223.378
223.334
223.306
223.279
223.256
223.234
223.216
223.203
223.193
223.186
223.182
223.181
223.182
223.185
223.19
223.198
223.203
223.208
223.214
223.217
223.219
223.22
223.218
223.215
223.21
223.202
223.194
223.187
223.184
223.186
223.196
223.222
223.285
223.41
223.645
224.043
224.648
225.465
226.426
227.381
228.129
228.521
228.568
228.424
228.177
227.793
227.322
226.878
226.53
226.267
226.052
225.877
225.73
225.598
225.463
225.316
225.16
224.998
224.832
224.662
224.486
224.307
224.13
223.959
223.797
223.645
223.503
223.368
223.241
223.12
223.005
222.892
222.783
222.679
222.581
222.491
222.409
222.337
222.274
222.218
222.168
222.123
222.078
222.037
221.996
221.957
221.919
221.882
221.848
221.815
221.815
221.791
221.759
221.726
221.692
221.658
221.658
221.633
221.597
221.563
221.529
221.498
221.464
221.428
221.393
221.334
221.285
221.235
221.173
221.17
221.242
221.684
)
;
    }
    procBoundary2to1
    {
        type            processor;
        value           nonuniform List<scalar> 
42
(
227.785
227.816
227.844
227.87
227.894
227.915
227.935
227.952
227.967
227.981
227.993
228.003
228.011
228.019
228.025
228.03
228.034
228.036
228.036
228.035
228.032
228.026
228.019
228.012
228.005
228
227.999
228
228.004
228.013
228.028
228.054
228.092
228.152
228.225
228.317
228.43
228.576
228.74
228.921
229.085
229.196
)
;
    }
    procBoundary2to3
    {
        type            processor;
        value           nonuniform List<scalar> 
122
(
221.419
221.292
221.08
221.001
220.965
220.963
221
221.039
221.077
221.119
221.155
221.191
221.227
221.265
221.304
221.343
221.382
221.42
221.458
221.495
221.534
221.573
221.614
221.657
221.702
221.749
221.796
221.841
221.886
221.929
221.97
222.011
222.052
222.093
222.137
222.181
222.228
222.276
222.325
222.374
222.424
222.476
222.528
222.583
222.64
222.697
222.754
222.81
222.868
222.927
222.986
223.045
223.105
223.167
223.237
223.319
223.413
223.52
223.636
223.761
223.897
224.05
224.224
224.422
224.653
224.914
225.189
225.465
225.732
225.732
225.881
226.094
226.27
226.406
226.503
226.564
225.958
225.884
225.822
225.763
225.708
225.654
225.598
225.538
225.477
225.417
225.357
225.3
225.245
225.193
225.146
225.103
225.066
225.035
225.007
224.981
224.953
224.92
224.881
224.837
224.791
224.742
224.699
224.659
224.626
224.611
224.605
224.615
224.663
224.743
224.849
224.985
226.564
226.498
226.509
226.498
226.43
226.313
226.188
226.071
225.958
225.969
)
;
    }
    procBoundary2to5
    {
        type            processor;
        value           nonuniform List<scalar> 
42
(
229.39
227.847
227.847
227.785
227.715
227.639
227.563
227.488
227.419
227.354
227.296
227.244
227.196
227.151
227.107
227.065
227.023
226.98
226.937
226.891
226.843
226.792
226.737
226.679
226.62
226.557
226.494
226.43
226.366
226.301
226.236
226.167
226.093
226.008
225.911
225.802
225.69
225.582
225.482
225.384
225.285
225.181
)
;
    }
}


// ************************************************************************* //
