/*--------------------------------*- C++ -*----------------------------------*\
| =========                 |                                                 |
| \\      /  F ield         | OpenFOAM: The Open Source CFD Toolbox           |
|  \\    /   O peration     | Version:  2412                                  |
|   \\  /    A nd           | Website:  www.openfoam.com                      |
|    \\/     M anipulation  |                                                 |
\*---------------------------------------------------------------------------*/
FoamFile
{
    version     2.0;
    format      ascii;
    arch        "LSB;label=32;scalar=64";
    class       volScalarField;
    location    "0.023";
    object      T;
}
// * * * * * * * * * * * * * * * * * * * * * * * * * * * * * * * * * * * * * //

dimensions      [0 0 0 1 0 0 0];

internalField   nonuniform List<scalar> 
9922
(
238.563
226.786
226.958
227.103
227.06
226.946
226.755
226.512
226.13
225.505
224.602
223.53
222.272
221.175
220.495
220.185
220.104
220.117
220.167
220.217
220.225
220.182
220.08
219.944
219.793
219.634
219.475
219.309
219.125
218.915
218.68
218.427
218.157
217.868
217.557
217.224
216.868
216.486
216.074
215.631
215.156
214.647
214.101
213.513
212.88
212.201
211.473
210.692
209.852
208.949
207.975
206.924
205.787
204.553
203.228
201.792
200.3
198.701
197.076
195.445
193.873
192.402
191.035
189.77
188.633
187.605
186.673
185.812
185.015
184.275
183.569
182.865
182.169
181.505
180.878
180.288
179.736
179.229
178.766
178.345
177.965
177.619
177.306
177.015
176.745
176.487
176.243
176.007
175.781
175.561
175.348
175.141
174.942
174.751
174.568
174.394
174.228
174.069
173.917
173.77
173.627
173.489
173.356
173.227
173.099
172.97
172.834
172.691
172.545
172.408
172.294
172.22
172.184
172.178
172.197
172.246
172.328
172.415
172.487
172.521
172.457
238.528
226.779
226.948
227.093
227.052
226.937
226.743
226.494
226.107
225.484
224.589
223.534
222.292
221.195
220.504
220.182
220.095
220.104
220.152
220.206
220.218
220.178
220.079
219.943
219.789
219.63
219.471
219.305
219.121
218.911
218.676
218.422
218.151
217.861
217.549
217.215
216.858
216.474
216.06
215.614
215.135
214.622
214.071
213.477
212.838
212.151
211.414
210.622
209.769
208.85
207.859
206.789
205.631
204.381
203.019
201.61
200.062
198.536
196.88
195.291
193.757
192.31
190.972
189.758
188.639
187.608
186.667
185.812
185.016
184.255
183.51
182.776
182.085
181.432
180.802
180.204
179.649
179.148
178.701
178.301
177.943
177.613
177.309
177.022
176.753
176.496
176.25
176.013
175.786
175.566
175.353
175.147
174.95
174.759
174.574
174.395
174.22
174.05
173.884
173.723
173.568
173.421
173.285
173.156
173.032
172.908
172.779
172.643
172.502
172.37
172.26
172.189
172.156
172.152
172.173
172.225
172.308
172.397
172.471
172.509
172.449
238.491
226.772
226.939
227.083
227.043
226.928
226.73
226.476
226.084
225.461
224.576
223.537
222.312
221.216
220.514
220.18
220.085
220.09
220.138
220.195
220.21
220.174
220.079
219.942
219.787
219.626
219.466
219.3
219.117
218.908
218.672
218.417
218.146
217.855
217.542
217.207
216.848
216.462
216.046
215.597
215.116
214.599
214.044
213.445
212.799
212.105
211.359
210.556
209.692
208.76
207.754
206.668
205.494
204.23
202.868
201.434
199.924
198.368
196.788
195.229
193.734
192.312
190.975
189.739
188.613
187.601
186.674
185.803
184.976
184.189
183.442
182.743
182.058
181.389
180.751
180.16
179.619
179.129
178.689
178.288
177.922
177.579
177.265
176.972
176.702
176.446
176.203
175.969
175.744
175.524
175.309
175.099
174.895
174.698
174.506
174.322
174.147
173.98
173.822
173.671
173.53
173.397
173.271
173.151
173.033
172.913
172.786
172.652
172.511
172.377
172.264
172.189
172.154
172.148
172.167
172.218
172.299
172.387
172.457
172.491
172.43
238.451
226.765
226.929
227.072
227.035
226.919
226.717
226.457
226.06
225.438
224.562
223.541
222.333
221.239
220.526
220.178
220.075
220.076
220.122
220.183
220.201
220.17
220.078
219.941
219.784
219.623
219.462
219.296
219.113
218.904
218.668
218.412
218.14
217.849
217.536
217.2
216.839
216.451
216.032
215.582
215.097
214.578
214.018
213.414
212.763
212.062
211.308
210.497
209.622
208.679
207.661
206.562
205.374
204.092
202.745
201.277
199.823
198.236
196.712
195.188
193.711
192.306
190.977
189.729
188.601
187.576
186.635
185.761
184.943
184.161
183.4
182.665
181.947
181.264
180.628
180.047
179.517
179.038
178.606
178.212
177.856
177.529
177.23
176.947
176.68
176.42
176.169
175.927
175.695
175.471
175.256
175.048
174.849
174.658
174.476
174.301
174.134
173.973
173.816
173.663
173.514
173.372
173.235
173.103
172.975
172.847
172.713
172.573
172.426
172.286
172.165
172.083
172.041
172.032
172.049
172.098
172.18
172.271
172.342
172.377
172.315
238.409
226.759
226.921
227.062
227.026
226.91
226.704
226.437
226.035
225.413
224.547
223.543
222.355
221.263
220.539
220.177
220.064
220.061
220.107
220.171
220.192
220.166
220.078
219.941
219.782
219.619
219.457
219.291
219.109
218.9
218.664
218.408
218.135
217.843
217.529
217.192
216.83
216.44
216.02
215.567
215.081
214.558
213.995
213.386
212.73
212.023
211.262
210.443
209.559
208.607
207.579
206.468
205.272
203.985
202.623
201.198
199.704
198.189
196.637
195.132
193.675
192.293
191.004
189.813
188.698
187.655
186.698
185.821
184.989
184.184
183.394
182.609
181.888
181.22
180.596
180.019
179.49
179.018
178.595
178.213
177.867
177.543
177.241
176.954
176.682
176.422
176.173
175.932
175.699
175.473
175.255
175.044
174.84
174.641
174.446
174.258
174.076
173.9
173.731
173.569
173.416
173.273
173.137
173.01
172.889
172.768
172.643
172.51
172.369
172.232
172.113
172.031
171.99
171.983
172.003
172.056
172.142
172.238
172.315
172.356
172.297
238.364
226.754
226.912
227.052
227.018
226.9
226.69
226.416
226.009
225.387
224.531
223.546
222.379
221.289
220.554
220.177
220.054
220.046
220.091
220.158
220.182
220.161
220.078
219.941
219.78
219.616
219.453
219.287
219.105
218.896
218.66
218.403
218.131
217.838
217.524
217.186
216.822
216.431
216.009
215.554
215.065
214.54
213.973
213.361
212.699
211.987
211.22
210.394
209.504
208.544
207.507
206.389
205.186
203.906
202.53
201.145
199.637
198.165
196.635
195.152
193.734
192.385
191.103
189.898
188.768
187.722
186.75
185.836
184.959
184.126
183.338
182.602
181.882
181.198
180.561
179.983
179.459
178.993
178.571
178.187
177.833
177.503
177.195
176.903
176.627
176.363
176.11
175.867
175.632
175.403
175.18
174.963
174.752
174.55
174.357
174.175
174.002
173.838
173.682
173.532
173.39
173.254
173.123
172.999
172.879
172.758
172.632
172.496
172.353
172.213
172.089
172.004
171.96
171.951
171.969
172.02
172.104
172.198
172.274
172.312
172.251
238.318
226.75
226.904
227.042
227.009
226.891
226.676
226.395
225.981
225.36
224.515
223.549
222.403
221.316
220.57
220.178
220.044
220.032
220.075
220.144
220.171
220.155
220.078
219.941
219.779
219.613
219.449
219.283
219.101
218.892
218.656
218.4
218.127
217.834
217.518
217.179
216.814
216.422
215.998
215.542
215.051
214.523
213.954
213.338
212.672
211.954
211.183
210.352
209.456
208.489
207.447
206.324
205.121
203.844
202.5
201.078
199.646
198.134
196.671
195.223
193.827
192.492
191.216
189.983
188.828
187.762
186.769
185.84
184.968
184.132
183.312
182.526
181.786
181.1
180.472
179.909
179.398
178.943
178.53
178.156
177.814
177.496
177.197
176.91
176.633
176.362
176.102
175.849
175.607
175.373
175.15
174.937
174.733
174.538
174.352
174.173
173.998
173.826
173.658
173.496
173.341
173.193
173.053
172.922
172.796
172.672
172.542
172.406
172.262
172.123
172.001
171.918
171.876
171.868
171.888
171.942
172.031
172.131
172.21
172.25
172.194
238.268
226.746
226.896
227.032
227.001
226.881
226.662
226.372
225.952
225.332
224.497
223.551
222.427
221.345
220.588
220.18
220.035
220.018
220.059
220.13
220.16
220.149
220.078
219.942
219.777
219.609
219.445
219.278
219.097
218.888
218.652
218.396
218.123
217.829
217.513
217.173
216.807
216.413
215.989
215.531
215.038
214.508
213.936
213.316
212.647
211.926
211.15
210.315
209.414
208.443
207.397
206.272
205.071
203.794
202.472
201.048
199.635
198.148
196.689
195.265
193.882
192.555
191.292
190.103
188.974
187.902
186.892
185.943
185.043
184.174
183.335
182.524
181.776
181.098
180.48
179.924
179.417
178.964
178.552
178.178
177.83
177.501
177.189
176.892
176.61
176.341
176.086
175.839
175.6
175.365
175.139
174.917
174.704
174.496
174.297
174.105
173.92
173.743
173.577
173.42
173.273
173.134
173.004
172.883
172.766
172.649
172.527
172.396
172.257
172.121
172.002
171.921
171.882
171.877
171.898
171.957
172.049
172.152
172.233
172.272
172.21
238.217
226.743
226.889
227.023
226.992
226.87
226.646
226.349
225.922
225.302
224.479
223.553
222.453
221.375
220.607
220.184
220.027
220.003
220.042
220.114
220.149
220.143
220.078
219.943
219.776
219.606
219.441
219.274
219.093
218.885
218.649
218.393
218.12
217.826
217.509
217.168
216.801
216.406
215.98
215.521
215.027
214.494
213.92
213.298
212.625
211.901
211.122
210.283
209.38
208.405
207.357
206.233
205.036
203.767
202.429
201.07
199.611
198.198
196.747
195.346
193.994
192.687
191.425
190.228
189.096
188.017
186.988
185.998
185.045
184.14
183.295
182.512
181.767
181.076
180.444
179.882
179.378
178.929
178.521
178.145
177.795
177.465
177.155
176.859
176.575
176.299
176.035
175.778
175.531
175.293
175.064
174.844
174.636
174.437
174.25
174.072
173.901
173.738
173.582
173.431
173.284
173.144
173.01
172.884
172.762
172.64
172.513
172.378
172.235
172.095
171.972
171.887
171.844
171.835
171.856
171.913
172.006
172.11
172.194
172.237
172.178
238.161
226.74
226.882
227.013
226.984
226.86
226.631
226.324
225.891
225.271
224.46
223.554
222.478
221.407
220.629
220.189
220.019
219.989
220.025
220.098
220.138
220.137
220.077
219.943
219.775
219.604
219.437
219.27
219.089
218.881
218.646
218.391
218.117
217.823
217.505
217.163
216.795
216.399
215.973
215.512
215.016
214.482
213.905
213.281
212.606
211.879
211.098
210.258
209.352
208.376
207.327
206.206
205.015
203.756
202.424
201.075
199.656
198.24
196.853
195.485
194.154
192.861
191.609
190.377
189.204
188.102
187.053
186.05
185.095
184.186
183.311
182.48
181.717
181.032
180.418
179.874
179.384
178.942
178.537
178.163
177.816
177.488
177.178
176.879
176.593
176.316
176.047
175.784
175.533
175.292
175.065
174.848
174.642
174.443
174.251
174.064
173.883
173.709
173.54
173.377
173.22
173.073
172.935
172.805
172.681
172.56
172.434
172.301
172.16
172.021
171.899
171.815
171.774
171.768
171.791
171.854
171.952
172.062
172.15
172.196
172.142
238.103
226.738
226.876
227.004
226.976
226.849
226.614
226.299
225.858
225.238
224.44
223.555
222.504
221.44
220.653
220.195
220.011
219.975
220.007
220.08
220.126
220.131
220.075
219.944
219.775
219.601
219.433
219.266
219.085
218.878
218.644
218.389
218.115
217.82
217.501
217.158
216.79
216.394
215.966
215.504
215.007
214.472
213.893
213.267
212.59
211.862
211.08
210.237
209.33
208.354
207.307
206.191
205.009
203.763
202.469
201.086
199.736
198.317
196.948
195.595
194.267
192.978
191.739
190.553
189.4
188.29
187.225
186.2
185.21
184.26
183.367
182.534
181.765
181.074
180.453
179.899
179.404
178.958
178.55
178.168
177.813
177.472
177.151
176.841
176.55
176.268
176
175.74
175.491
175.25
175.018
174.793
174.578
174.37
174.173
173.984
173.808
173.641
173.481
173.325
173.177
173.037
172.906
172.78
172.66
172.541
172.417
172.285
172.143
172.004
171.881
171.796
171.754
171.748
171.769
171.831
171.929
172.04
172.126
172.168
172.108
238.04
226.737
226.87
226.995
226.968
226.838
226.597
226.272
225.824
225.205
224.418
223.555
222.531
221.475
220.678
220.203
220.003
219.96
219.989
220.061
220.114
220.123
220.072
219.945
219.776
219.599
219.429
219.261
219.081
218.875
218.642
218.387
218.113
217.818
217.498
217.155
216.786
216.389
215.96
215.498
214.999
214.463
213.883
213.255
212.578
211.848
211.065
210.222
209.314
208.339
207.296
206.189
205.016
203.78
202.498
201.157
199.789
198.435
197.061
195.72
194.412
193.136
191.892
190.704
189.559
188.443
187.352
186.284
185.248
184.264
183.349
182.513
181.747
181.05
180.423
179.871
179.382
178.941
178.538
178.159
177.809
177.472
177.153
176.842
176.546
176.255
175.975
175.703
175.445
175.2
174.97
174.75
174.542
174.343
174.154
173.973
173.799
173.63
173.462
173.299
173.142
172.994
172.853
172.719
172.591
172.466
172.338
172.203
172.059
171.916
171.789
171.702
171.658
171.65
171.671
171.733
171.833
171.949
172.039
172.084
172.029
237.976
226.735
226.865
226.986
226.96
226.826
226.579
226.245
225.788
225.169
224.396
223.555
222.558
221.512
220.706
220.212
219.996
219.946
219.97
220.041
220.1
220.115
220.069
219.947
219.776
219.596
219.425
219.257
219.077
218.872
218.64
218.386
218.112
217.816
217.496
217.152
216.783
216.385
215.956
215.493
214.993
214.455
213.874
213.246
212.568
211.838
211.055
210.212
209.305
208.333
207.297
206.196
205.031
203.804
202.515
201.23
199.858
198.535
197.212
195.904
194.62
193.36
192.122
190.89
189.705
188.566
187.456
186.38
185.349
184.363
183.427
182.555
181.769
181.075
180.462
179.922
179.438
178.999
178.592
178.207
177.844
177.491
177.159
176.84
176.539
176.249
175.972
175.704
175.449
175.204
174.97
174.744
174.527
174.316
174.111
173.915
173.727
173.545
173.371
173.207
173.055
172.912
172.777
172.649
172.528
172.41
172.29
172.16
172.021
171.881
171.757
171.671
171.628
171.623
171.647
171.713
171.818
171.938
172.03
172.077
172.02
237.906
226.735
226.86
226.978
226.952
226.815
226.561
226.216
225.751
225.133
224.373
223.554
222.586
221.55
220.736
220.224
219.991
219.932
219.952
220.02
220.086
220.105
220.065
219.948
219.777
219.595
219.421
219.253
219.073
218.869
218.638
218.385
218.111
217.814
217.494
217.15
216.78
216.383
215.953
215.488
214.989
214.45
213.869
213.24
212.562
211.832
211.048
210.205
209.302
208.336
207.306
206.213
205.057
203.84
202.573
201.275
199.974
198.634
197.344
196.058
194.781
193.527
192.309
191.122
189.946
188.795
187.67
186.571
185.501
184.476
183.52
182.646
181.855
181.149
180.519
179.958
179.457
179.005
178.588
178.193
177.821
177.463
177.129
176.806
176.498
176.198
175.912
175.64
175.383
175.137
174.899
174.671
174.453
174.247
174.052
173.866
173.688
173.517
173.354
173.201
173.054
172.912
172.775
172.645
172.521
172.401
172.276
172.143
171.999
171.855
171.724
171.631
171.582
171.572
171.592
171.653
171.752
171.867
171.956
172.001
171.943
237.834
226.734
226.855
226.969
226.945
226.803
226.541
226.185
225.712
225.095
224.349
223.553
222.614
221.589
220.768
220.238
219.986
219.918
219.933
219.999
220.07
220.095
220.061
219.951
219.779
219.594
219.418
219.249
219.069
218.866
218.636
218.383
218.11
217.813
217.493
217.149
216.779
216.381
215.95
215.486
214.985
214.446
213.864
213.236
212.558
211.829
211.046
210.207
209.306
208.345
207.322
206.239
205.093
203.896
202.659
201.368
200.093
198.79
197.489
196.208
194.946
193.703
192.479
191.295
190.134
188.978
187.827
186.684
185.572
184.522
183.551
182.665
181.87
181.161
180.529
179.972
179.473
179.026
178.613
178.225
177.855
177.499
177.162
176.834
176.519
176.213
175.92
175.64
175.378
175.129
174.893
174.669
174.456
174.252
174.054
173.862
173.673
173.491
173.318
173.154
172.995
172.842
172.697
172.562
172.436
172.313
172.188
172.054
171.912
171.768
171.638
171.546
171.499
171.492
171.516
171.582
171.685
171.806
171.9
171.951
171.899
237.757
226.735
226.851
226.961
226.937
226.79
226.521
226.153
225.672
225.056
224.324
223.552
222.643
221.631
220.803
220.255
219.984
219.904
219.914
219.976
220.054
220.083
220.056
219.953
219.782
219.593
219.415
219.245
219.066
218.864
218.635
218.382
218.108
217.813
217.493
217.148
216.779
216.38
215.949
215.484
214.984
214.445
213.864
213.236
212.558
211.83
211.049
210.212
209.316
208.362
207.347
206.272
205.139
203.956
202.735
201.503
200.208
198.959
197.689
196.429
195.186
193.957
192.734
191.509
190.31
189.131
187.963
186.818
185.719
184.675
183.695
182.79
181.976
181.26
180.629
180.069
179.561
179.098
178.667
178.259
177.87
177.497
177.146
176.807
176.485
176.177
175.888
175.613
175.353
175.103
174.861
174.628
174.403
174.187
173.981
173.783
173.594
173.416
173.25
173.093
172.939
172.79
172.651
172.523
172.403
172.284
172.161
172.03
171.89
171.748
171.618
171.524
171.475
171.466
171.486
171.547
171.647
171.764
171.854
171.901
171.841
237.676
226.736
226.848
226.954
226.93
226.777
226.499
226.12
225.63
225.015
224.298
223.55
222.671
221.673
220.84
220.274
219.982
219.89
219.894
219.953
220.036
220.071
220.05
219.956
219.786
219.593
219.412
219.241
219.062
218.861
218.633
218.38
218.107
217.812
217.493
217.149
216.779
216.381
215.95
215.485
214.985
214.447
213.866
213.238
212.561
211.835
211.056
210.223
209.333
208.386
207.379
206.313
205.191
204.02
202.812
201.603
200.352
199.094
197.864
196.628
195.393
194.172
192.97
191.779
190.583
189.391
188.209
187.046
185.91
184.823
183.815
182.9
182.08
181.351
180.701
180.119
179.59
179.111
178.664
178.253
177.868
177.503
177.151
176.806
176.476
176.159
175.86
175.577
175.31
175.056
174.814
174.584
174.364
174.155
173.956
173.765
173.582
173.406
173.237
173.072
172.907
172.75
172.604
172.469
172.341
172.215
172.087
171.951
171.806
171.659
171.524
171.425
171.369
171.356
171.374
171.437
171.54
171.662
171.757
171.808
171.754
237.591
226.737
226.845
226.947
226.923
226.764
226.477
226.085
225.586
224.972
224.27
223.547
222.7
221.717
220.88
220.296
219.983
219.876
219.873
219.929
220.017
220.057
220.044
219.958
219.79
219.594
219.409
219.237
219.059
218.859
218.631
218.379
218.106
217.812
217.493
217.15
216.781
216.382
215.951
215.487
214.987
214.449
213.869
213.242
212.567
211.843
211.067
210.239
209.356
208.416
207.418
206.363
205.253
204.098
202.911
201.7
200.505
199.247
198.018
196.796
195.576
194.364
193.161
191.976
190.794
189.602
188.4
187.197
186.022
184.918
183.903
182.977
182.147
181.41
180.759
180.181
179.657
179.182
178.735
178.323
177.926
177.539
177.168
176.812
176.481
176.167
175.874
175.593
175.325
175.066
174.82
174.583
174.353
174.131
173.917
173.713
173.517
173.331
173.153
172.98
172.814
172.661
172.522
172.392
172.266
172.144
172.019
171.889
171.748
171.605
171.471
171.371
171.316
171.306
171.328
171.393
171.498
171.621
171.715
171.764
171.703
237.5
226.739
226.842
226.94
226.916
226.75
226.453
226.049
225.54
224.928
224.242
223.544
222.729
221.763
220.922
220.321
219.985
219.862
219.852
219.905
219.996
220.044
220.038
219.959
219.794
219.595
219.407
219.233
219.055
218.856
218.629
218.377
218.105
217.812
217.494
217.152
216.783
216.384
215.954
215.49
214.991
214.454
213.874
213.249
212.576
211.854
211.083
210.261
209.384
208.452
207.463
206.419
205.324
204.188
203.026
201.847
200.644
199.447
198.232
197.028
195.83
194.635
193.432
192.213
190.995
189.779
188.562
187.363
186.216
185.131
184.114
183.175
182.328
181.574
180.907
180.31
179.763
179.26
178.786
178.344
177.919
177.519
177.143
176.786
176.451
176.133
175.836
175.549
175.273
175.008
174.754
174.511
174.279
174.06
173.854
173.659
173.475
173.299
173.126
172.958
172.799
172.652
172.511
172.374
172.241
172.112
171.982
171.846
171.699
171.548
171.405
171.296
171.234
171.217
171.233
171.292
171.391
171.514
171.609
171.659
171.602
237.405
226.74
226.84
226.934
226.909
226.735
226.428
226.01
225.493
224.882
224.213
223.541
222.759
221.81
220.967
220.348
219.989
219.85
219.831
219.879
219.973
220.03
220.031
219.96
219.798
219.597
219.406
219.23
219.052
218.854
218.627
218.375
218.105
217.812
217.496
217.154
216.785
216.387
215.957
215.494
214.996
214.46
213.882
213.258
212.587
211.87
211.104
210.288
209.418
208.495
207.515
206.481
205.399
204.284
203.151
202.009
200.816
199.637
198.456
197.266
196.076
194.889
193.704
192.509
191.293
190.064
188.836
187.624
186.44
185.31
184.263
183.309
182.452
181.682
180.993
180.372
179.807
179.292
178.811
178.373
177.958
177.567
177.19
176.828
176.489
176.164
175.857
175.556
175.271
175
174.747
174.506
174.279
174.063
173.854
173.653
173.458
173.268
173.082
172.902
172.735
172.578
172.425
172.278
172.14
172.01
171.883
171.751
171.608
171.459
171.317
171.209
171.148
171.133
171.152
171.215
171.321
171.451
171.552
171.608
171.552
237.304
226.742
226.838
226.928
226.902
226.72
226.401
225.969
225.443
224.835
224.183
223.538
222.79
221.859
221.015
220.379
219.996
219.837
219.811
219.854
219.949
220.015
220.023
219.959
219.803
219.6
219.405
219.227
219.049
218.851
218.625
218.374
218.104
217.813
217.498
217.157
216.789
216.391
215.962
215.5
215.003
214.469
213.892
213.27
212.603
211.889
211.128
210.319
209.458
208.542
207.572
206.55
205.484
204.39
203.275
202.145
201.009
199.812
198.641
197.463
196.284
195.102
193.916
192.725
191.521
190.297
189.055
187.809
186.592
185.455
184.413
183.458
182.591
181.81
181.112
180.49
179.924
179.407
178.916
178.457
178.011
177.589
177.188
176.816
176.47
176.141
175.83
175.53
175.246
174.972
174.714
174.466
174.229
174.001
173.783
173.576
173.38
173.192
173.012
172.844
172.686
172.532
172.381
172.238
172.108
171.986
171.865
171.734
171.589
171.435
171.286
171.169
171.098
171.075
171.09
171.148
171.248
171.375
171.474
171.527
171.467
237.197
226.744
226.836
226.922
226.895
226.704
226.372
225.926
225.391
224.786
224.153
223.535
222.82
221.909
221.065
220.413
220.005
219.827
219.791
219.828
219.923
219.999
220.013
219.957
219.808
219.605
219.406
219.225
219.046
218.849
218.623
218.373
218.104
217.814
217.5
217.16
216.793
216.396
215.968
215.507
215.012
214.479
213.904
213.285
212.621
211.912
211.158
210.355
209.501
208.594
207.634
206.626
205.58
204.503
203.402
202.288
201.175
200.018
198.852
197.699
196.546
195.383
194.197
192.98
191.745
190.497
189.247
188.017
186.84
185.724
184.678
183.711
182.826
182.023
181.299
180.641
180.037
179.48
178.958
178.474
178.013
177.594
177.202
176.834
176.48
176.138
175.813
175.504
175.215
174.938
174.678
174.432
174.201
173.98
173.77
173.569
173.376
173.186
173.004
172.829
172.659
172.49
172.327
172.178
172.043
171.916
171.786
171.647
171.494
171.333
171.179
171.058
170.987
170.967
170.987
171.052
171.16
171.293
171.399
171.458
171.405
237.083
226.746
226.835
226.917
226.888
226.688
226.342
225.881
225.336
224.736
224.122
223.532
222.851
221.96
221.117
220.451
220.018
219.817
219.771
219.801
219.894
219.981
220.002
219.955
219.814
219.61
219.406
219.222
219.044
218.846
218.621
218.372
218.104
217.815
217.503
217.164
216.797
216.402
215.975
215.516
215.022
214.491
213.919
213.303
212.643
211.939
211.191
210.395
209.549
208.651
207.702
206.709
205.68
204.622
203.547
202.457
201.343
200.232
199.094
197.962
196.819
195.665
194.494
193.295
192.061
190.806
189.549
188.307
187.097
185.946
184.871
183.882
182.98
182.157
181.41
180.729
180.106
179.544
179.024
178.549
178.095
177.67
177.26
176.87
176.502
176.155
175.831
175.527
175.239
174.959
174.694
174.439
174.197
173.963
173.739
173.521
173.311
173.109
172.92
172.742
172.57
172.402
172.247
172.109
171.983
171.86
171.735
171.598
171.451
171.296
171.147
171.031
170.965
170.947
170.963
171.021
171.12
171.246
171.347
171.401
171.339
236.964
226.747
226.833
226.912
226.881
226.671
226.31
225.833
225.279
224.684
224.09
223.528
222.881
222.012
221.171
220.491
220.034
219.809
219.751
219.774
219.864
219.961
219.99
219.951
219.82
219.616
219.407
219.221
219.041
218.844
218.62
218.372
218.105
217.817
217.506
217.168
216.802
216.408
215.983
215.526
215.034
214.505
213.936
213.323
212.668
211.969
211.228
210.439
209.601
208.712
207.776
206.797
205.785
204.751
203.704
202.637
201.551
200.426
199.311
198.185
197.047
195.896
194.725
193.529
192.306
191.056
189.787
188.517
187.287
186.134
185.077
184.1
183.199
182.366
181.602
180.909
180.275
179.69
179.137
178.622
178.134
177.68
177.251
176.854
176.481
176.13
175.803
175.495
175.201
174.914
174.641
174.38
174.137
173.905
173.686
173.475
173.274
173.083
172.905
172.732
172.561
172.395
172.241
172.098
171.961
171.825
171.689
171.546
171.394
171.235
171.081
170.959
170.883
170.857
170.866
170.918
171.016
171.145
171.25
171.307
171.251
236.837
226.748
226.831
226.907
226.872
226.654
226.276
225.782
225.22
224.631
224.057
223.524
222.911
222.064
221.228
220.536
220.054
219.803
219.731
219.746
219.833
219.94
219.977
219.947
219.826
219.623
219.409
219.219
219.039
218.842
218.619
218.372
218.106
217.819
217.509
217.172
216.808
216.416
215.992
215.537
215.048
214.522
213.955
213.347
212.696
212.003
211.268
210.487
209.657
208.778
207.853
206.891
205.899
204.888
203.858
202.812
201.754
200.646
199.538
198.429
197.317
196.183
195.012
193.797
192.549
191.283
190.016
188.775
187.575
186.44
185.381
184.391
183.468
182.609
181.815
181.082
180.402
179.769
179.182
178.652
178.168
177.728
177.313
176.916
176.537
176.177
175.84
175.518
175.213
174.919
174.645
174.387
174.146
173.913
173.689
173.467
173.255
173.053
172.861
172.672
172.49
172.319
172.162
172.012
171.869
171.732
171.6
171.467
171.326
171.175
171.027
170.906
170.832
170.808
170.824
170.883
170.985
171.116
171.219
171.275
171.211
236.703
226.748
226.829
226.901
226.862
226.634
226.24
225.728
225.158
224.576
224.024
223.52
222.941
222.117
221.286
220.584
220.077
219.8
219.712
219.718
219.799
219.916
219.962
219.942
219.831
219.63
219.412
219.219
219.037
218.841
218.619
218.373
218.107
217.822
217.512
217.177
216.815
216.424
216.003
215.549
215.063
214.54
213.977
213.372
212.726
212.04
211.311
210.537
209.715
208.847
207.937
206.992
206.021
205.028
204.013
202.983
201.939
200.889
199.8
198.711
197.61
196.485
195.325
194.123
192.881
191.614
190.347
189.096
187.883
186.724
185.622
184.603
183.658
182.781
181.966
181.211
180.515
179.881
179.303
178.771
178.27
177.795
177.349
176.926
176.535
176.168
175.828
175.503
175.194
174.896
174.616
174.349
174.096
173.851
173.617
173.392
173.185
172.99
172.804
172.622
172.452
172.295
172.146
171.998
171.854
171.718
171.589
171.457
171.312
171.154
170.995
170.862
170.776
170.745
170.753
170.801
170.894
171.021
171.123
171.18
171.119
236.56
226.747
226.83
226.899
226.851
226.612
226.201
225.671
225.093
224.52
223.991
223.515
222.97
222.171
221.347
220.636
220.106
219.8
219.693
219.689
219.765
219.891
219.946
219.935
219.836
219.637
219.416
219.219
219.035
218.84
218.619
218.374
218.109
217.824
217.516
217.182
216.822
216.433
216.014
215.563
215.08
214.56
214.001
213.401
212.76
212.079
211.357
210.591
209.778
208.921
208.025
207.099
206.146
205.171
204.177
203.166
202.139
201.102
200.035
198.956
197.857
196.73
195.57
194.371
193.137
191.875
190.598
189.333
188.116
186.96
185.891
184.892
183.951
183.065
182.233
181.455
180.735
180.063
179.432
178.844
178.305
177.809
177.361
176.944
176.561
176.192
175.845
175.509
175.19
174.884
174.602
174.334
174.082
173.841
173.613
173.397
173.193
172.995
172.799
172.61
172.434
172.269
172.106
171.942
171.786
171.642
171.507
171.369
171.219
171.056
170.894
170.761
170.677
170.648
170.659
170.713
170.814
170.952
171.065
171.13
171.076
236.409
226.748
226.834
226.898
226.839
226.587
226.158
225.61
225.026
224.462
223.957
223.51
222.999
222.225
221.409
220.691
220.138
219.803
219.674
219.66
219.73
219.862
219.929
219.928
219.838
219.645
219.422
219.22
219.034
218.839
218.62
218.376
218.111
217.828
217.521
217.189
216.83
216.444
216.027
215.579
215.098
214.581
214.026
213.431
212.796
212.121
211.406
210.647
209.844
209
208.12
207.21
206.275
205.32
204.349
203.363
202.352
201.315
200.262
199.205
198.126
197.016
195.859
194.649
193.401
192.133
190.869
189.629
188.421
187.287
186.224
185.207
184.243
183.324
182.459
181.646
180.887
180.171
179.508
178.921
178.395
177.907
177.452
177.019
176.617
176.233
175.874
175.53
175.205
174.896
174.608
174.334
174.072
173.82
173.58
173.352
173.134
172.923
172.72
172.531
172.36
172.197
172.032
171.872
171.726
171.594
171.468
171.333
171.183
171.021
170.861
170.726
170.634
170.599
170.604
170.652
170.75
170.886
170.997
171.057
170.994
236.249
226.755
226.841
226.9
226.825
226.558
226.112
225.547
224.956
224.404
223.924
223.506
223.028
222.28
221.473
220.75
220.176
219.81
219.657
219.632
219.694
219.83
219.911
219.919
219.839
219.654
219.429
219.222
219.033
218.839
218.621
218.378
218.114
217.831
217.526
217.195
216.839
216.455
216.04
215.595
215.118
214.605
214.054
213.464
212.834
212.166
211.457
210.707
209.914
209.083
208.219
207.326
206.41
205.475
204.523
203.551
202.564
201.57
200.539
199.498
198.433
197.333
196.186
194.986
193.745
192.484
191.225
189.986
188.787
187.623
186.501
185.459
184.476
183.545
182.665
181.835
181.052
180.337
179.684
179.08
178.506
177.972
177.478
177.023
176.608
176.219
175.855
175.504
175.172
174.857
174.566
174.29
174.028
173.779
173.545
173.322
173.109
172.904
172.709
172.526
172.351
172.177
172.003
171.839
171.691
171.554
171.415
171.265
171.104
170.935
170.766
170.619
170.521
170.485
170.496
170.552
170.659
170.803
170.922
170.989
170.933
236.085
226.764
226.851
226.905
226.811
226.526
226.061
225.479
224.884
224.344
223.89
223.501
223.056
222.334
221.538
220.812
220.218
219.821
219.643
219.605
219.657
219.794
219.89
219.907
219.839
219.664
219.438
219.225
219.033
218.84
218.623
218.38
218.117
217.835
217.531
217.203
216.849
216.467
216.055
215.613
215.139
214.63
214.083
213.498
212.874
212.212
211.511
210.77
209.989
209.172
208.323
207.449
206.552
205.634
204.695
203.739
202.781
201.815
200.814
199.766
198.696
197.592
196.443
195.247
194.012
192.756
191.497
190.26
189.071
187.928
186.848
185.819
184.831
183.889
182.983
182.126
181.321
180.565
179.846
179.177
178.567
178.032
177.545
177.099
176.685
176.291
175.915
175.55
175.209
174.889
174.596
174.317
174.05
173.792
173.545
173.309
173.081
172.863
172.656
172.459
172.266
172.077
171.901
171.745
171.607
171.474
171.337
171.191
171.038
170.879
170.717
170.577
170.489
170.46
170.471
170.524
170.625
170.764
170.877
170.939
170.871
235.92
226.776
226.864
226.91
226.795
226.49
226.005
225.408
224.809
224.283
223.857
223.497
223.084
222.388
221.604
220.877
220.266
219.838
219.63
219.578
219.62
219.756
219.866
219.894
219.838
219.675
219.448
219.229
219.034
218.841
218.625
218.382
218.119
217.839
217.536
217.211
216.86
216.48
216.071
215.632
215.161
214.656
214.114
213.534
212.916
212.261
211.568
210.836
210.068
209.265
208.434
207.577
206.698
205.796
204.875
203.942
202.995
202.03
201.05
200.017
198.967
197.876
196.732
195.532
194.294
193.043
191.8
190.581
189.391
188.272
187.198
186.151
185.141
184.161
183.218
182.328
181.499
180.709
179.967
179.316
178.722
178.173
177.652
177.171
176.723
176.305
175.91
175.539
175.198
174.878
174.578
174.289
174.006
173.734
173.479
173.243
173.021
172.811
172.611
172.419
172.229
172.045
171.88
171.734
171.596
171.454
171.307
171.156
170.999
170.832
170.663
170.516
170.418
170.377
170.377
170.42
170.518
170.659
170.776
170.843
170.783
235.757
226.791
226.875
226.913
226.778
226.451
225.946
225.332
224.731
224.222
223.825
223.493
223.111
222.442
221.671
220.944
220.318
219.86
219.62
219.552
219.582
219.715
219.84
219.879
219.835
219.686
219.46
219.234
219.036
218.842
218.627
218.385
218.123
217.843
217.542
217.219
216.871
216.494
216.087
215.651
215.185
214.684
214.147
213.572
212.96
212.312
211.627
210.907
210.151
209.364
208.55
207.711
206.849
205.966
205.067
204.151
203.213
202.264
201.303
200.314
199.281
198.2
197.065
195.876
194.65
193.411
192.181
190.974
189.798
188.631
187.511
186.45
185.428
184.441
183.507
182.597
181.723
180.922
180.194
179.505
178.848
178.248
177.698
177.208
176.751
176.332
175.938
175.572
175.228
174.901
174.59
174.289
174.002
173.732
173.483
173.249
173.025
172.807
172.596
172.389
172.185
171.994
171.822
171.664
171.508
171.35
171.197
171.051
170.903
170.747
170.585
170.441
170.344
170.304
170.31
170.362
170.466
170.61
170.728
170.794
170.727
235.592
226.806
226.883
226.915
226.76
226.409
225.882
225.253
224.651
224.159
223.793
223.49
223.138
222.495
221.738
221.015
220.376
219.888
219.615
219.527
219.545
219.67
219.81
219.861
219.83
219.696
219.472
219.242
219.039
218.844
218.63
218.388
218.127
217.848
217.549
217.228
216.882
216.508
216.105
215.672
215.209
214.713
214.181
213.611
213.005
212.365
211.69
210.981
210.239
209.468
208.671
207.85
207.007
206.144
205.262
204.359
203.446
202.525
201.583
200.603
199.557
198.469
197.334
196.149
194.93
193.7
192.479
191.286
190.133
189.021
187.93
186.868
185.833
184.827
183.845
182.91
182.033
181.2
180.396
179.64
178.965
178.38
177.839
177.338
176.862
176.42
176.004
175.619
175.256
174.911
174.583
174.268
173.97
173.694
173.438
173.192
172.956
172.733
172.522
172.319
172.123
171.944
171.779
171.62
171.459
171.305
171.163
171.027
170.884
170.723
170.548
170.386
170.273
170.222
170.22
170.262
170.359
170.5
170.619
170.685
170.62
235.42
226.819
226.889
226.914
226.741
226.365
225.814
225.17
224.568
224.096
223.761
223.487
223.165
222.549
221.805
221.087
220.439
219.923
219.614
219.503
219.507
219.623
219.777
219.842
219.823
219.705
219.486
219.251
219.043
218.847
218.633
218.392
218.131
217.853
217.556
217.238
216.894
216.523
216.123
215.694
215.235
214.743
214.215
213.652
213.053
212.421
211.756
211.06
210.332
209.577
208.798
207.995
207.171
206.326
205.459
204.576
203.683
202.775
201.843
200.862
199.83
198.752
197.623
196.442
195.229
194.013
192.811
191.631
190.474
189.364
188.282
187.211
186.153
185.117
184.1
183.141
182.236
181.38
180.564
179.843
179.176
178.541
177.947
177.404
176.9
176.44
176.011
175.619
175.25
174.9
174.564
174.243
173.947
173.68
173.433
173.191
172.959
172.74
172.53
172.324
172.123
171.932
171.748
171.567
171.393
171.234
171.088
170.944
170.788
170.612
170.428
170.263
170.153
170.105
170.109
170.159
170.266
170.418
170.545
170.618
170.555
235.234
226.831
226.894
226.91
226.719
226.315
225.741
225.084
224.483
224.031
223.729
223.484
223.191
222.602
221.873
221.162
220.507
219.965
219.618
219.479
219.469
219.575
219.739
219.82
219.814
219.711
219.5
219.262
219.049
218.85
218.636
218.397
218.137
217.86
217.565
217.248
216.907
216.539
216.142
215.716
215.261
214.774
214.252
213.695
213.103
212.48
211.826
211.142
210.43
209.692
208.929
208.144
207.338
206.511
205.663
204.799
203.918
203.016
202.094
201.144
200.144
199.083
197.964
196.793
195.595
194.397
193.214
192.054
190.912
189.766
188.653
187.569
186.508
185.47
184.475
183.502
182.534
181.644
180.842
180.068
179.328
178.648
178.044
177.507
177.009
176.55
176.116
175.712
175.326
174.955
174.601
174.276
173.982
173.712
173.45
173.187
172.935
172.698
172.471
172.251
172.045
171.851
171.665
171.485
171.319
171.172
171.035
170.894
170.737
170.561
170.381
170.216
170.098
170.04
170.036
170.079
170.18
170.326
170.449
170.516
170.448
235.035
226.842
226.901
226.904
226.692
226.26
225.662
224.994
224.397
223.967
223.697
223.481
223.216
222.655
221.941
221.237
220.578
220.014
219.63
219.46
219.433
219.526
219.696
219.796
219.803
219.715
219.515
219.275
219.056
218.854
218.641
218.403
218.144
217.867
217.574
217.259
216.92
216.555
216.161
215.74
215.289
214.807
214.29
213.74
213.156
212.543
211.9
211.23
210.532
209.81
209.065
208.298
207.51
206.7
205.871
205.025
204.159
203.271
202.363
201.423
200.428
199.363
198.243
197.076
195.889
194.706
193.541
192.399
191.284
190.196
189.106
188.02
186.942
185.875
184.825
183.81
182.875
181.969
181.09
180.251
179.51
178.853
178.236
177.659
177.12
176.626
176.166
175.734
175.325
174.936
174.58
174.263
173.977
173.701
173.427
173.156
172.902
172.667
172.445
172.235
172.037
171.846
171.653
171.463
171.289
171.13
170.98
170.825
170.656
170.471
170.282
170.106
169.982
169.928
169.93
169.979
170.086
170.237
170.362
170.436
170.371
234.821
226.854
226.912
226.896
226.657
226.198
225.578
224.9
224.31
223.903
223.666
223.477
223.241
222.707
222.009
221.313
220.654
220.07
219.648
219.443
219.399
219.476
219.647
219.768
219.789
219.715
219.53
219.29
219.064
218.858
218.646
218.411
218.152
217.876
217.584
217.271
216.935
216.572
216.182
215.765
215.319
214.841
214.331
213.787
213.212
212.608
211.978
211.321
210.639
209.933
209.205
208.455
207.684
206.892
206.082
205.254
204.404
203.534
202.634
201.687
200.696
199.642
198.53
197.376
196.206
195.044
193.899
192.772
191.654
190.549
189.459
188.37
187.276
186.19
185.127
184.109
183.126
182.19
181.305
180.514
179.76
179.035
178.357
177.743
177.187
176.685
176.221
175.786
175.378
174.997
174.652
174.337
174.036
173.735
173.438
173.154
172.891
172.644
172.411
172.189
171.978
171.768
171.56
171.367
171.198
171.046
170.899
170.747
170.586
170.413
170.236
170.075
169.961
169.906
169.899
169.938
170.033
170.173
170.29
170.357
170.28
234.596
226.866
226.925
226.886
226.616
226.127
225.487
224.804
224.223
223.84
223.635
223.474
223.265
222.76
222.076
221.39
220.733
220.133
219.676
219.432
219.367
219.426
219.593
219.736
219.773
219.714
219.546
219.307
219.074
218.864
218.652
218.419
218.162
217.887
217.595
217.284
216.95
216.59
216.204
215.791
215.35
214.878
214.373
213.837
213.271
212.678
212.06
211.417
210.75
210.06
209.348
208.615
207.861
207.088
206.296
205.482
204.649
203.798
202.911
201.982
201.005
199.97
198.872
197.735
196.585
195.445
194.322
193.217
192.115
191.008
189.901
188.796
187.703
186.622
185.564
184.531
183.486
182.518
181.636
180.779
179.948
179.198
178.532
177.93
177.362
176.83
176.33
175.862
175.437
175.044
174.688
174.35
174.018
173.685
173.37
173.081
172.822
172.581
172.356
172.143
171.939
171.736
171.542
171.365
171.201
171.04
170.877
170.713
170.544
170.369
170.187
170.015
169.881
169.808
169.789
169.825
169.921
170.068
170.195
170.27
170.203
234.361
226.88
226.942
226.873
226.568
226.048
225.39
224.704
224.135
223.778
223.605
223.47
223.287
222.811
222.143
221.467
220.814
220.203
219.712
219.427
219.338
219.377
219.535
219.699
219.752
219.71
219.56
219.326
219.086
218.871
218.66
218.429
218.174
217.899
217.608
217.298
216.966
216.61
216.228
215.819
215.383
214.916
214.419
213.89
213.334
212.752
212.146
211.517
210.864
210.19
209.494
208.777
208.041
207.286
206.508
205.712
204.902
204.066
203.191
202.268
201.289
200.253
199.16
198.035
196.9
195.779
194.677
193.589
192.511
191.436
190.35
189.252
188.142
187.028
185.922
184.84
183.839
182.877
181.922
181.01
180.201
179.462
178.754
178.089
177.468
176.891
176.36
175.879
175.458
175.075
174.723
174.371
174.02
173.679
173.374
173.098
172.842
172.595
172.359
172.136
171.917
171.704
171.504
171.317
171.135
170.954
170.779
170.618
170.462
170.298
170.119
169.945
169.809
169.739
169.725
169.768
169.867
170.013
170.137
170.209
170.136
234.113
226.893
226.958
226.856
226.512
225.961
225.287
224.601
224.047
223.718
223.576
223.466
223.308
222.862
222.211
221.543
220.897
220.279
219.757
219.428
219.312
219.328
219.472
219.656
219.728
219.702
219.574
219.346
219.101
218.881
218.669
218.44
218.186
217.913
217.623
217.314
216.985
216.632
216.254
215.849
215.418
214.957
214.467
213.947
213.4
212.829
212.236
211.621
210.983
210.323
209.643
208.943
208.224
207.484
206.725
205.952
205.158
204.327
203.453
202.53
201.553
200.525
199.45
198.345
197.235
196.142
195.064
193.993
192.913
191.823
190.727
189.621
188.504
187.387
186.292
185.236
184.196
183.155
182.196
181.33
180.489
179.671
178.913
178.231
177.609
177.029
176.497
176.014
175.585
175.175
174.781
174.392
174.023
173.682
173.378
173.091
172.811
172.544
172.301
172.079
171.864
171.656
171.462
171.278
171.097
170.923
170.761
170.606
170.443
170.262
170.063
169.874
169.724
169.64
169.616
169.652
169.748
169.9
170.034
170.114
170.049
233.853
226.904
226.973
226.834
226.448
225.865
225.177
224.496
223.959
223.66
223.549
223.463
223.327
222.912
222.277
221.619
220.981
220.361
219.813
219.439
219.287
219.281
219.408
219.607
219.7
219.692
219.584
219.365
219.118
218.893
218.679
218.451
218.2
217.929
217.639
217.332
217.006
216.656
216.281
215.882
215.455
215.001
214.518
214.007
213.47
212.911
212.33
211.728
211.104
210.46
209.795
209.111
208.407
207.684
206.946
206.191
205.406
204.586
203.732
202.827
201.866
200.852
199.793
198.71
197.625
196.557
195.502
194.453
193.395
192.317
191.22
190.107
188.99
187.876
186.768
185.666
184.572
183.543
182.585
181.638
180.723
179.905
179.171
178.479
177.813
177.185
176.613
176.094
175.633
175.187
174.768
174.371
174.018
173.693
173.393
173.099
172.817
172.561
172.33
172.101
171.869
171.642
171.43
171.231
171.04
170.86
170.688
170.518
170.34
170.154
169.96
169.775
169.624
169.543
169.525
169.572
169.679
169.836
169.974
170.053
169.98
233.583
226.914
226.98
226.803
226.372
225.759
225.062
224.388
223.871
223.604
223.523
223.458
223.344
222.962
222.344
221.694
221.066
220.447
219.879
219.462
219.269
219.235
219.344
219.55
219.668
219.678
219.588
219.385
219.139
218.907
218.69
218.463
218.215
217.946
217.658
217.352
217.029
216.682
216.312
215.916
215.496
215.048
214.573
214.07
213.544
212.996
212.428
211.839
211.229
210.599
209.95
209.281
208.593
207.889
207.169
206.424
205.655
204.864
204.03
203.128
202.164
201.144
200.087
199.022
197.961
196.914
195.878
194.842
193.799
192.739
191.656
190.55
189.422
188.279
187.135
186.01
184.953
183.94
182.905
181.921
181.044
180.218
179.411
178.652
177.94
177.294
176.719
176.196
175.722
175.264
174.846
174.454
174.099
173.756
173.422
173.107
172.823
172.564
172.305
172.042
171.787
171.555
171.346
171.149
170.964
170.791
170.628
170.469
170.305
170.127
169.927
169.725
169.56
169.469
169.442
169.478
169.577
169.731
169.868
169.947
169.872
233.315
226.925
226.981
226.756
226.281
225.643
224.943
224.28
223.784
223.552
223.499
223.454
223.359
223.011
222.411
221.768
221.15
220.537
219.954
219.497
219.257
219.195
219.279
219.486
219.631
219.66
219.589
219.406
219.162
218.924
218.702
218.476
218.231
217.964
217.678
217.375
217.054
216.711
216.344
215.954
215.539
215.098
214.631
214.137
213.621
213.085
212.529
211.953
211.357
210.742
210.107
209.453
208.782
208.095
207.388
206.662
205.919
205.141
204.295
203.388
202.424
201.413
200.379
199.35
198.325
197.307
196.297
195.277
194.235
193.164
192.071
190.959
189.832
188.703
187.588
186.495
185.404
184.288
183.253
182.309
181.374
180.466
179.622
178.872
178.178
177.534
176.934
176.364
175.836
175.336
174.888
174.471
174.098
173.74
173.4
173.095
172.828
172.566
172.287
172.016
171.774
171.554
171.338
171.126
170.925
170.74
170.569
170.403
170.228
170.035
169.822
169.623
169.466
169.38
169.357
169.398
169.502
169.659
169.795
169.876
169.79
233.064
226.946
226.964
226.685
226.173
225.52
224.821
224.171
223.699
223.501
223.478
223.449
223.373
223.06
222.477
221.841
221.232
220.629
220.038
219.544
219.254
219.161
219.216
219.414
219.585
219.635
219.585
219.425
219.189
218.944
218.716
218.49
218.247
217.984
217.7
217.4
217.082
216.742
216.38
215.994
215.585
215.151
214.692
214.208
213.702
213.177
212.634
212.071
211.488
210.887
210.266
209.628
208.974
208.301
207.612
206.908
206.178
205.393
204.555
203.668
202.724
201.738
200.731
199.731
198.73
197.736
196.749
195.751
194.729
193.674
192.589
191.48
190.353
189.217
188.072
186.92
185.776
184.708
183.691
182.659
181.666
180.776
179.947
179.152
178.399
177.704
177.056
176.447
175.894
175.386
174.943
174.527
174.152
173.797
173.472
173.169
172.867
172.564
172.261
171.982
171.732
171.498
171.264
171.042
170.844
170.667
170.502
170.338
170.167
169.982
169.784
169.591
169.419
169.312
169.275
169.305
169.392
169.532
169.658
169.734
169.648
232.834
226.981
226.921
226.585
226.05
225.391
224.697
224.064
223.616
223.451
223.455
223.446
223.386
223.108
222.544
221.913
221.314
220.722
220.129
219.603
219.26
219.131
219.156
219.336
219.533
219.603
219.575
219.443
219.217
218.967
218.732
218.504
218.265
218.005
217.724
217.427
217.112
216.776
216.418
216.038
215.635
215.208
214.756
214.282
213.786
213.273
212.741
212.191
211.622
211.035
210.429
209.806
209.166
208.511
207.841
207.151
206.423
205.653
204.844
203.973
203.033
202.052
201.051
200.059
199.08
198.108
197.137
196.153
195.141
194.097
193.019
191.911
190.778
189.627
188.468
187.333
186.247
185.165
184.056
183.007
182.06
181.129
180.218
179.365
178.594
177.9
177.252
176.638
176.074
175.546
175.067
174.613
174.21
173.839
173.5
173.172
172.832
172.503
172.21
171.951
171.713
171.48
171.254
171.042
170.84
170.647
170.46
170.277
170.088
169.889
169.672
169.459
169.282
169.181
169.15
169.187
169.281
169.43
169.566
169.652
169.58
232.614
227.022
226.857
226.471
225.919
225.257
224.57
223.958
223.539
223.4
223.431
223.443
223.399
223.156
222.61
221.984
221.394
220.815
220.226
219.676
219.283
219.109
219.1
219.257
219.471
219.566
219.559
219.456
219.244
218.993
218.751
218.52
218.283
218.027
217.75
217.456
217.144
216.812
216.458
216.084
215.687
215.267
214.824
214.359
213.874
213.372
212.852
212.315
211.759
211.185
210.594
209.986
209.362
208.724
208.07
207.388
206.675
205.929
205.125
204.239
203.3
202.331
201.354
200.399
199.463
198.523
197.578
196.605
195.598
194.554
193.476
192.374
191.253
190.121
188.991
187.864
186.717
185.558
184.474
183.459
182.431
181.428
180.514
179.687
178.91
178.172
177.469
176.803
176.19
175.623
175.125
174.669
174.277
173.908
173.55
173.196
172.84
172.51
172.227
171.967
171.706
171.446
171.198
170.969
170.751
170.549
170.36
170.181
170.003
169.817
169.617
169.422
169.256
169.159
169.127
169.159
169.245
169.386
169.516
169.596
169.508
232.392
227.061
226.786
226.351
225.783
225.118
224.441
223.852
223.466
223.351
223.408
223.442
223.411
223.202
222.676
222.055
221.472
220.907
220.327
219.762
219.322
219.096
219.049
219.179
219.398
219.523
219.539
219.46
219.271
219.022
218.773
218.538
218.302
218.05
217.778
217.487
217.178
216.85
216.502
216.132
215.742
215.33
214.895
214.439
213.965
213.474
212.966
212.442
211.899
211.339
210.762
210.169
209.561
208.939
208.297
207.631
206.936
206.192
205.372
204.495
203.586
202.651
201.714
200.797
199.89
198.973
198.047
197.092
196.099
195.066
193.998
192.901
191.778
190.634
189.473
188.295
187.128
186.033
184.956
183.849
182.785
181.826
180.9
179.997
179.144
178.355
177.619
176.943
176.336
175.789
175.311
174.85
174.412
173.98
173.56
173.159
172.801
172.481
172.199
171.934
171.666
171.405
171.166
170.948
170.745
170.55
170.359
170.174
169.987
169.792
169.579
169.367
169.178
169.057
169.009
169.032
169.115
169.261
169.402
169.487
169.406
232.159
227.094
226.71
226.23
225.642
224.973
224.309
223.748
223.396
223.305
223.386
223.441
223.424
223.246
222.742
222.126
221.548
220.996
220.43
219.858
219.377
219.094
219.009
219.104
219.315
219.471
219.511
219.458
219.297
219.055
218.8
218.559
218.322
218.074
217.807
217.52
217.214
216.891
216.547
216.184
215.8
215.395
214.969
214.523
214.059
213.579
213.083
212.571
212.042
211.495
210.932
210.354
209.762
209.155
208.528
207.878
207.188
206.437
205.629
204.784
203.896
202.978
202.064
201.162
200.269
199.367
198.452
197.512
196.528
195.502
194.436
193.337
192.214
191.07
189.918
188.782
187.668
186.531
185.366
184.269
183.249
182.224
181.216
180.282
179.429
178.645
177.908
177.219
176.584
175.993
175.458
174.942
174.449
173.97
173.533
173.143
172.83
172.547
172.256
171.962
171.676
171.413
171.17
170.94
170.716
170.503
170.3
170.107
169.915
169.713
169.494
169.272
169.075
168.953
168.909
168.945
169.044
169.207
169.361
169.458
169.378
231.908
227.117
226.63
226.103
225.494
224.823
224.174
223.646
223.331
223.261
223.364
223.441
223.437
223.287
222.809
222.198
221.623
221.083
220.533
219.962
219.447
219.105
218.98
219.035
219.223
219.409
219.474
219.447
219.319
219.09
218.831
218.583
218.345
218.1
217.837
217.554
217.252
216.933
216.595
216.238
215.861
215.463
215.046
214.609
214.156
213.687
213.203
212.703
212.187
211.654
211.105
210.542
209.965
209.373
208.762
208.121
207.433
206.691
205.905
205.065
204.171
203.274
202.391
201.52
200.664
199.789
198.892
197.963
196.994
195.979
194.929
193.852
192.75
191.624
190.486
189.333
188.15
186.96
185.848
184.77
183.662
182.587
181.61
180.686
179.787
178.931
178.136
177.403
176.737
176.121
175.574
175.044
174.532
174.04
173.61
173.234
172.917
172.601
172.259
171.927
171.643
171.399
171.164
170.928
170.699
170.489
170.293
170.102
169.902
169.691
169.465
169.243
169.05
168.931
168.887
168.917
169.005
169.156
169.303
169.397
169.311
231.636
227.129
226.542
225.969
225.338
224.666
224.038
223.548
223.271
223.22
223.342
223.441
223.45
223.326
222.875
222.27
221.696
221.167
220.634
220.072
219.535
219.137
218.964
218.973
219.127
219.334
219.428
219.427
219.332
219.125
218.867
218.613
218.371
218.127
217.869
217.589
217.292
216.977
216.645
216.294
215.924
215.535
215.125
214.698
214.255
213.798
213.326
212.839
212.335
211.815
211.28
210.732
210.171
209.595
208.996
208.362
207.681
206.952
206.164
205.313
204.445
203.596
202.756
201.924
201.107
200.251
199.372
198.455
197.495
196.49
195.448
194.369
193.257
192.122
190.965
189.784
188.618
187.501
186.368
185.199
184.088
183.064
182.04
181.026
180.069
179.184
178.382
177.651
176.99
176.36
175.768
175.178
174.618
174.109
173.698
173.325
172.973
172.628
172.291
171.99
171.727
171.47
171.2
170.935
170.683
170.452
170.239
170.036
169.832
169.625
169.405
169.182
168.974
168.834
168.773
168.788
168.859
168.998
169.14
169.231
169.143
231.339
227.131
226.446
225.826
225.173
224.503
223.902
223.453
223.216
223.184
223.321
223.441
223.463
223.362
222.942
222.344
221.77
221.248
220.733
220.186
219.637
219.192
218.958
218.916
219.034
219.245
219.375
219.399
219.333
219.159
218.909
218.647
218.399
218.156
217.901
217.626
217.333
217.024
216.697
216.353
215.99
215.609
215.208
214.791
214.358
213.912
213.452
212.977
212.486
211.979
211.458
210.925
210.379
209.817
209.229
208.603
207.931
207.202
206.407
205.578
204.758
203.939
203.122
202.316
201.512
200.671
199.801
198.895
197.941
196.94
195.901
194.828
193.731
192.612
191.474
190.339
189.201
188.021
186.817
185.69
184.608
183.501
182.413
181.408
180.468
179.581
178.748
177.971
177.248
176.546
175.879
175.246
174.714
174.254
173.863
173.459
173.044
172.665
172.333
172.025
171.724
171.428
171.134
170.852
170.588
170.351
170.141
169.947
169.754
169.547
169.311
169.067
168.846
168.701
168.642
168.669
168.757
168.911
169.066
169.167
169.085
231.015
227.122
226.343
225.673
224.998
224.335
223.767
223.365
223.167
223.151
223.3
223.441
223.475
223.396
223.009
222.42
221.843
221.326
220.827
220.298
219.75
219.267
218.97
218.876
218.95
219.145
219.309
219.36
219.326
219.191
218.954
218.686
218.431
218.187
217.935
217.665
217.377
217.073
216.752
216.414
216.059
215.685
215.294
214.886
214.464
214.029
213.58
213.117
212.639
212.145
211.639
211.12
210.589
210.04
209.463
208.845
208.174
207.442
206.661
205.868
205.064
204.254
203.467
202.693
201.911
201.096
200.239
199.346
198.414
197.438
196.425
195.38
194.302
193.192
192.056
190.895
189.697
188.497
187.365
186.231
185.059
183.932
182.894
181.867
180.848
179.895
179.007
178.187
177.422
176.697
176.042
175.458
174.95
174.46
173.995
173.533
173.075
172.672
172.338
172.02
171.7
171.388
171.092
170.807
170.535
170.285
170.061
169.858
169.664
169.469
169.252
169.026
168.809
168.662
168.601
168.624
168.704
168.856
169.01
169.105
169.009
230.66
227.095
226.23
225.508
224.812
224.161
223.634
223.283
223.126
223.123
223.28
223.44
223.487
223.426
223.075
222.498
221.917
221.403
220.917
220.408
219.871
219.362
219.001
218.854
218.876
219.035
219.227
219.31
219.306
219.211
218.999
218.731
218.468
218.22
217.971
217.707
217.424
217.124
216.809
216.478
216.13
215.765
215.382
214.984
214.573
214.149
213.712
213.261
212.795
212.314
211.821
211.318
210.801
210.264
209.696
209.082
208.411
207.685
206.925
206.144
205.349
204.581
203.846
203.108
202.349
201.564
200.721
199.835
198.912
197.944
196.933
195.883
194.794
193.68
192.541
191.378
190.226
189.091
187.912
186.698
185.56
184.471
183.361
182.257
181.222
180.269
179.378
178.542
177.751
177.006
176.309
175.673
175.115
174.586
174.089
173.611
173.164
172.753
172.379
172.015
171.659
171.331
171.039
170.772
170.521
170.287
170.071
169.875
169.687
169.488
169.258
169.012
168.769
168.597
168.515
168.523
168.597
168.758
168.927
169.038
168.957
230.269
227.047
226.103
225.328
224.613
223.983
223.506
223.21
223.09
223.099
223.26
223.437
223.499
223.452
223.141
222.577
221.993
221.478
221.003
220.513
219.993
219.474
219.062
218.848
218.815
218.931
219.127
219.246
219.274
219.214
219.041
218.782
218.51
218.256
218.008
217.75
217.474
217.179
216.869
216.545
216.204
215.847
215.474
215.085
214.684
214.271
213.846
213.406
212.952
212.485
212.007
211.517
211.014
210.488
209.926
209.314
208.645
207.929
207.179
206.41
205.661
204.95
204.242
203.515
202.768
201.99
201.167
200.289
199.367
198.408
197.408
196.379
195.324
194.238
193.119
191.988
190.836
189.628
188.406
187.26
186.121
184.945
183.797
182.742
181.715
180.701
179.747
178.859
178.019
177.233
176.51
175.874
175.317
174.77
174.233
173.721
173.249
172.793
172.363
171.971
171.63
171.333
171.081
170.844
170.594
170.348
170.11
169.89
169.676
169.455
169.213
168.964
168.729
168.57
168.501
168.518
168.597
168.754
168.919
169.031
168.936
229.828
226.966
225.952
225.125
224.399
223.803
223.385
223.148
223.062
223.079
223.241
223.433
223.51
223.476
223.206
222.659
222.07
221.554
221.085
220.613
220.114
219.599
219.15
218.866
218.777
218.841
219.011
219.167
219.227
219.204
219.077
218.835
218.559
218.297
218.048
217.796
217.526
217.237
216.933
216.615
216.282
215.933
215.568
215.19
214.799
214.397
213.982
213.554
213.113
212.659
212.194
211.719
211.227
210.71
210.152
209.541
208.875
208.165
207.428
206.697
205.998
205.308
204.606
203.897
203.17
202.407
201.604
200.747
199.854
198.924
197.953
196.943
195.894
194.803
193.687
192.539
191.347
190.161
189.015
187.831
186.608
185.455
184.356
183.244
182.129
181.071
180.074
179.145
178.279
177.497
176.805
176.152
175.511
174.888
174.305
173.766
173.295
172.839
172.418
172.042
171.726
171.433
171.147
170.87
170.599
170.342
170.097
169.869
169.653
169.44
169.213
168.973
168.733
168.557
168.467
168.461
168.511
168.639
168.779
168.878
168.765
229.345
226.851
225.764
224.89
224.169
223.624
223.277
223.098
223.039
223.063
223.221
223.427
223.519
223.498
223.268
222.741
222.151
221.631
221.165
220.707
220.229
219.729
219.259
218.911
218.765
218.768
218.887
219.065
219.165
219.178
219.093
218.887
218.615
218.343
218.092
217.844
217.581
217.298
217
216.688
216.362
216.021
215.666
215.297
214.917
214.525
214.121
213.705
213.275
212.835
212.384
211.922
211.441
210.93
210.374
209.763
209.099
208.398
207.688
206.998
206.322
205.648
204.982
204.314
203.613
202.865
202.071
201.24
200.35
199.419
198.449
197.438
196.391
195.313
194.206
193.07
191.938
190.793
189.581
188.343
187.185
186.041
184.86
183.692
182.609
181.575
180.562
179.613
178.728
177.897
177.114
176.368
175.671
175.017
174.434
173.894
173.403
172.936
172.534
172.175
171.843
171.519
171.192
170.883
170.6
170.337
170.083
169.841
169.607
169.374
169.123
168.856
168.591
168.393
168.289
168.279
168.336
168.478
168.636
168.74
168.639
228.825
226.691
225.519
224.611
223.923
223.454
223.185
223.059
223.023
223.049
223.202
223.417
223.526
223.519
223.327
222.825
222.235
221.709
221.244
220.796
220.338
219.858
219.386
218.991
218.769
218.714
218.776
218.94
219.084
219.134
219.091
218.937
218.678
218.398
218.14
217.893
217.637
217.362
217.07
216.764
216.445
216.113
215.767
215.407
215.037
214.656
214.263
213.857
213.44
213.013
212.576
212.125
211.653
211.145
210.588
209.977
209.318
208.634
207.956
207.294
206.645
206.014
205.392
204.744
204.049
203.308
202.525
201.698
200.818
199.901
198.957
197.978
196.969
195.919
194.828
193.711
192.558
191.345
190.131
188.97
187.78
186.551
185.377
184.262
183.142
182.016
180.95
179.946
179.029
178.163
177.349
176.59
175.905
175.228
174.589
174.002
173.506
173.072
172.704
172.331
171.942
171.562
171.193
170.849
170.532
170.24
169.966
169.71
169.469
169.233
168.984
168.723
168.466
168.276
168.184
168.186
168.254
168.409
168.579
168.69
168.587
228.176
226.416
225.186
224.284
223.672
223.302
223.111
223.032
223.012
223.038
223.182
223.405
223.532
223.538
223.382
222.909
222.321
221.79
221.323
220.88
220.438
219.981
219.522
219.103
218.805
218.692
218.688
218.804
218.974
219.071
219.072
218.969
218.741
218.461
218.194
217.945
217.694
217.427
217.143
216.844
216.532
216.207
215.87
215.52
215.16
214.788
214.406
214.012
213.608
213.194
212.769
212.329
211.863
211.355
210.796
210.184
209.534
208.874
208.225
207.596
206.99
206.399
205.79
205.138
204.45
203.725
202.96
202.155
201.321
200.431
199.502
198.533
197.519
196.46
195.373
194.254
193.091
191.938
190.784
189.561
188.312
187.142
185.989
184.801
183.611
182.496
181.442
180.404
179.429
178.526
177.691
176.88
176.109
175.39
174.77
174.22
173.754
173.297
172.837
172.391
171.947
171.515
171.119
170.76
170.444
170.159
169.898
169.656
169.426
169.197
168.954
168.7
168.448
168.254
168.148
168.14
168.203
168.36
168.534
168.651
168.541
227.133
225.854
224.728
223.922
223.435
223.177
223.059
223.016
223.006
223.03
223.162
223.389
223.536
223.556
223.431
222.993
222.412
221.874
221.403
220.964
220.533
220.096
219.657
219.235
218.89
218.693
218.627
218.678
218.834
218.984
219.033
218.974
218.802
218.535
218.256
218
217.752
217.494
217.218
216.926
216.622
216.305
215.976
215.635
215.284
214.923
214.551
214.169
213.778
213.377
212.964
212.532
212.067
211.557
210.994
210.385
209.75
209.116
208.502
207.914
207.346
206.771
206.167
205.535
204.876
204.176
203.428
202.637
201.803
200.919
199.994
199.037
198.043
197.018
195.951
194.848
193.737
192.59
191.364
190.131
188.959
187.764
186.523
185.323
184.187
183.064
181.939
180.903
179.923
178.965
178.031
177.142
176.357
175.684
175.088
174.505
173.953
173.419
172.891
172.39
171.924
171.492
171.112
170.773
170.474
170.2
169.947
169.707
169.475
169.24
168.987
168.72
168.454
168.248
168.135
168.123
168.185
168.341
168.514
168.633
168.517
225.51
224.854
224.113
223.559
223.241
223.088
223.027
223.006
223.003
223.023
223.142
223.371
223.538
223.572
223.476
223.077
222.505
221.961
221.485
221.046
220.622
220.201
219.785
219.376
219.006
218.737
218.606
218.575
218.679
218.861
218.964
218.958
218.844
218.61
218.329
218.06
217.811
217.561
217.294
217.012
216.714
216.405
216.084
215.753
215.411
215.06
214.698
214.328
213.95
213.562
213.159
212.731
212.265
211.749
211.184
210.581
209.967
209.366
208.791
208.241
207.698
207.14
206.562
205.963
205.322
204.628
203.887
203.103
202.282
201.437
200.538
199.608
198.64
197.628
196.571
195.483
194.35
193.157
191.979
190.808
189.578
188.319
187.129
185.961
184.761
183.56
182.409
181.305
180.249
179.27
178.338
177.498
176.709
175.968
175.312
174.703
174.124
173.553
173.006
172.488
172.018
171.589
171.214
170.873
170.56
170.268
169.993
169.737
169.49
169.241
168.971
168.688
168.407
168.185
168.059
168.039
168.097
168.245
168.412
168.531
168.413
223.852
223.719
223.484
223.252
223.106
223.036
223.01
223.002
223.001
223.017
223.122
223.349
223.537
223.588
223.515
223.159
222.601
222.052
221.57
221.13
220.71
220.299
219.902
219.514
219.146
218.832
218.616
218.513
218.538
218.7
218.861
218.913
218.851
218.68
218.412
218.131
217.873
217.626
217.37
217.098
216.809
216.507
216.195
215.872
215.539
215.198
214.848
214.491
214.125
213.748
213.352
212.924
212.452
211.929
211.364
210.775
210.19
209.627
209.091
208.573
208.053
207.522
206.97
206.378
205.734
205.048
204.329
203.578
202.787
201.955
201.073
200.146
199.176
198.166
197.119
196.036
194.92
193.805
192.65
191.412
190.165
188.984
187.783
186.528
185.295
184.141
183.028
181.903
180.788
179.766
178.813
177.909
177.051
176.264
175.569
174.916
174.278
173.657
173.097
172.596
172.162
171.735
171.333
170.955
170.599
170.267
169.961
169.682
169.417
169.15
168.862
168.558
168.255
168.01
167.865
167.834
167.891
168.039
168.208
168.323
168.192
223.108
223.119
223.104
223.067
223.032
223.011
223.003
223.001
223.001
223.013
223.103
223.326
223.533
223.602
223.547
223.241
222.7
222.145
221.658
221.216
220.797
220.392
220.008
219.642
219.291
218.961
218.677
218.499
218.434
218.527
218.711
218.826
218.826
218.717
218.496
218.217
217.945
217.693
217.444
217.183
216.904
216.61
216.306
215.992
215.669
215.338
215
214.656
214.303
213.935
213.54
213.107
212.626
212.098
211.538
210.972
210.422
209.898
209.4
208.911
208.418
207.908
207.363
206.773
206.144
205.484
204.788
204.047
203.26
202.438
201.584
200.678
199.74
198.77
197.752
196.689
195.604
194.463
193.249
192.048
190.867
189.632
188.362
187.147
185.96
184.747
183.522
182.374
181.299
180.241
179.223
178.279
177.443
176.65
175.864
175.109
174.385
173.715
173.134
172.618
172.183
171.769
171.363
170.969
170.587
170.232
169.909
169.614
169.334
169.056
168.763
168.457
168.15
167.894
167.738
167.701
167.755
167.9
168.069
168.188
168.073
223.004
223.006
223.008
223.008
223.005
223.002
223.001
223
223
223.009
223.086
223.3
223.525
223.614
223.576
223.32
222.799
222.242
221.749
221.304
220.886
220.483
220.107
219.756
219.428
219.111
218.799
218.539
218.394
218.379
218.519
218.69
218.759
218.712
218.563
218.314
218.033
217.769
217.519
217.265
216.997
216.713
216.417
216.112
215.8
215.482
215.157
214.826
214.482
214.118
213.718
213.274
212.782
212.254
211.71
211.176
210.665
210.182
209.717
209.257
208.785
208.286
207.75
207.18
206.578
205.937
205.25
204.523
203.765
202.972
202.138
201.261
200.332
199.356
198.341
197.296
196.2
195.055
193.922
192.749
191.5
190.241
189.045
187.832
186.564
185.306
184.11
182.951
181.772
180.674
179.663
178.713
177.807
176.935
176.101
175.317
174.616
173.98
173.407
172.858
172.357
171.894
171.469
171.066
170.679
170.318
169.98
169.665
169.367
169.078
168.785
168.477
168.161
167.891
167.722
167.673
167.72
167.863
168.031
168.159
168.037
223
223
223
223
223
223
223
223
223
223.006
223.069
223.272
223.513
223.623
223.602
223.395
222.899
222.341
221.842
221.395
220.977
220.575
220.201
219.86
219.551
219.259
218.947
218.628
218.397
218.298
218.335
218.496
218.631
218.66
218.576
218.399
218.138
217.861
217.602
217.35
217.09
216.816
216.53
216.236
215.936
215.631
215.32
214.999
214.66
214.291
213.879
213.421
212.923
212.405
211.888
211.391
210.923
210.478
210.044
209.606
209.15
208.664
208.145
207.594
207.004
206.37
205.701
205
204.26
203.477
202.652
201.794
200.873
199.916
198.926
197.889
196.822
195.741
194.594
193.369
192.156
190.969
189.728
188.439
187.192
185.984
184.759
183.543
182.391
181.294
180.22
179.16
178.158
177.236
176.401
175.606
174.872
174.232
173.675
173.129
172.623
172.141
171.687
171.247
170.826
170.435
170.075
169.744
169.438
169.148
168.853
168.538
168.21
167.927
167.747
167.693
167.736
167.871
168.033
168.157
168.015
223
223
223
223
223
223
223
223
223
223.004
223.055
223.242
223.496
223.63
223.626
223.464
222.999
222.443
221.939
221.489
221.071
220.668
220.294
219.956
219.661
219.392
219.105
218.776
218.469
218.283
218.221
218.29
218.444
218.543
218.535
218.426
218.23
217.97
217.704
217.447
217.191
216.926
216.652
216.37
216.083
215.791
215.489
215.171
214.826
214.442
214.013
213.545
213.053
212.557
212.076
211.622
211.195
210.784
210.376
209.957
209.515
209.044
208.54
207.998
207.416
206.798
206.149
205.464
204.741
203.98
203.182
202.346
201.471
200.545
199.574
198.561
197.51
196.391
195.221
194.067
192.883
191.63
190.36
189.146
187.912
186.622
185.34
184.118
182.952
181.786
180.67
179.605
178.625
177.66
176.728
175.856
175.103
174.447
173.852
173.278
172.735
172.219
171.73
171.262
170.823
170.411
170.035
169.694
169.39
169.107
168.82
168.509
168.179
167.884
167.687
167.619
167.651
167.775
167.945
168.075
167.931
223
223
223
223
223
223
223
223
223
223.003
223.042
223.212
223.474
223.635
223.648
223.525
223.098
222.549
222.039
221.585
221.167
220.764
220.387
220.049
219.761
219.511
219.254
218.946
218.611
218.341
218.196
218.152
218.223
218.355
218.426
218.392
218.261
218.058
217.812
217.56
217.308
217.051
216.787
216.517
216.241
215.956
215.654
215.326
214.963
214.56
214.12
213.655
213.182
212.719
212.281
211.87
211.48
211.099
210.712
210.309
209.88
209.421
208.927
208.397
207.834
207.241
206.615
205.954
205.254
204.516
203.735
202.912
202.049
201.118
200.149
199.151
198.105
197.028
195.935
194.767
193.528
192.302
191.109
189.859
188.548
187.266
186.041
184.816
183.554
182.337
181.22
180.15
179.093
178.076
177.133
176.291
175.533
174.849
174.207
173.564
172.943
172.357
171.819
171.321
170.868
170.442
170.047
169.687
169.36
169.052
168.747
168.43
168.096
167.787
167.563
167.476
167.501
167.624
167.802
167.935
167.795
223
223
223
223
223
223
223
223
223
223.002
223.032
223.182
223.448
223.636
223.668
223.58
223.196
222.657
222.141
221.684
221.267
220.863
220.484
220.143
219.855
219.616
219.383
219.106
218.778
218.46
218.238
218.117
218.07
218.128
218.232
218.28
218.228
218.081
217.881
217.657
217.421
217.177
216.923
216.661
216.387
216.098
215.783
215.437
215.057
214.644
214.208
213.761
213.32
212.899
212.505
212.135
211.777
211.42
211.05
210.66
210.243
209.795
209.314
208.801
208.26
207.685
207.073
206.423
205.736
205.012
204.248
203.445
202.6
201.719
200.779
199.794
198.779
197.734
196.607
195.422
194.255
193.063
191.803
190.515
189.273
188.021
186.717
185.417
184.17
182.982
181.79
180.641
179.554
178.563
177.629
176.721
175.871
175.108
174.438
173.794
173.153
172.526
171.966
171.462
171.023
170.602
170.199
169.823
169.471
169.136
168.803
168.464
168.113
167.788
167.553
167.458
167.478
167.593
167.772
167.913
167.777
223
223
223
223
223
223
223
223
223
223.001
223.023
223.152
223.418
223.633
223.687
223.626
223.293
222.767
222.245
221.785
221.368
220.965
220.583
220.237
219.948
219.714
219.497
219.25
218.952
218.628
218.342
218.152
218.034
217.976
218.006
218.077
218.106
218.043
217.89
217.695
217.483
217.255
217.012
216.754
216.479
216.181
215.855
215.499
215.116
214.711
214.293
213.877
213.477
213.101
212.749
212.414
212.083
211.745
211.389
211.01
210.604
210.167
209.701
209.205
208.676
208.113
207.516
206.888
206.23
205.536
204.8
204.023
203.201
202.338
201.411
200.446
199.439
198.369
197.27
196.16
194.984
193.739
192.499
191.291
190.024
188.696
187.382
186.125
184.864
183.585
182.35
181.221
180.133
179.055
178.052
177.116
176.244
175.394
174.592
173.875
173.195
172.546
171.979
171.469
171.033
170.621
170.23
169.865
169.522
169.188
168.844
168.499
168.145
167.814
167.566
167.457
167.462
167.563
167.731
167.876
167.736
223
223
223
223
223
223
223
223
223
223.001
223.016
223.125
223.384
223.624
223.703
223.664
223.386
222.879
222.351
221.888
221.473
221.07
220.685
220.335
220.043
219.808
219.601
219.376
219.108
218.808
218.508
218.251
218.069
217.945
217.873
217.866
217.9
217.909
217.836
217.686
217.49
217.271
217.034
216.78
216.504
216.206
215.881
215.532
215.161
214.776
214.389
214.013
213.658
213.325
213.011
212.705
212.395
212.071
211.726
211.357
210.962
210.538
210.086
209.603
209.091
208.55
207.982
207.381
206.742
206.06
205.335
204.569
203.756
202.902
202.009
201.056
200.064
199.051
197.993
196.848
195.654
194.478
193.285
192.016
190.709
189.44
188.163
186.835
185.507
184.246
183.054
181.855
180.677
179.542
178.525
177.597
176.699
175.816
174.95
174.145
173.428
172.78
172.22
171.694
171.214
170.763
170.331
169.912
169.501
169.115
168.742
168.379
168.016
167.676
167.415
167.287
167.274
167.363
167.519
167.661
167.498
223
223
223
223
223
223
223
223
223
223
223.011
223.099
223.346
223.61
223.716
223.698
223.475
222.992
222.46
221.994
221.579
221.177
220.79
220.437
220.139
219.903
219.7
219.488
219.243
218.971
218.69
218.416
218.17
217.988
217.855
217.773
217.723
217.71
217.685
217.598
217.445
217.248
217.022
216.772
216.499
216.205
215.892
215.559
215.21
214.855
214.507
214.176
213.865
213.572
213.288
213.004
212.709
212.397
212.062
211.702
211.317
210.906
210.468
210.004
209.513
208.993
208.438
207.846
207.218
206.554
205.855
205.12
204.344
203.526
202.661
201.738
200.77
199.757
198.673
197.558
196.429
195.241
193.988
192.734
191.507
190.22
188.865
187.52
186.243
184.968
183.681
182.429
181.256
180.141
179.039
177.996
177.015
176.083
175.235
174.455
173.738
173.077
172.484
171.908
171.373
170.875
170.4
169.944
169.491
169.078
168.699
168.324
167.934
167.566
167.285
167.152
167.15
167.244
167.404
167.543
167.391
223
223
223
223
223
223
223
223
223
223
223.007
223.077
223.305
223.589
223.726
223.73
223.557
223.103
222.572
222.103
221.687
221.286
220.899
220.541
220.24
219.999
219.797
219.594
219.365
219.114
218.857
218.599
218.338
218.094
217.909
217.769
217.671
217.589
217.521
217.444
217.329
217.166
216.964
216.732
216.477
216.204
215.908
215.596
215.277
214.961
214.657
214.37
214.099
213.837
213.576
213.307
213.024
212.72
212.393
212.044
211.67
211.273
210.852
210.405
209.929
209.422
208.884
208.316
207.717
207.084
206.413
205.696
204.931
204.119
203.261
202.37
201.407
200.399
199.38
198.306
197.153
195.944
194.758
193.555
192.268
190.93
189.626
188.333
187.001
185.653
184.34
183.098
181.887
180.705
179.547
178.444
177.453
176.482
175.515
174.657
173.917
173.242
172.628
172.022
171.459
170.928
170.434
169.977
169.573
169.199
168.826
168.441
168.039
167.662
167.368
167.217
167.201
167.287
167.44
167.573
167.385
223
223
223
223
223
223
223
223
223
223
223.005
223.058
223.264
223.561
223.732
223.758
223.628
223.213
222.688
222.214
221.795
221.395
221.009
220.649
220.343
220.098
219.896
219.698
219.479
219.241
219.005
218.771
218.524
218.268
218.026
217.835
217.69
217.571
217.468
217.359
217.233
217.082
216.903
216.698
216.468
216.214
215.94
215.658
215.376
215.103
214.842
214.594
214.353
214.114
213.869
213.611
213.336
213.04
212.722
212.383
212.022
211.64
211.234
210.802
210.343
209.858
209.345
208.8
208.218
207.599
206.937
206.232
205.488
204.705
203.875
202.999
202.077
201.109
200.087
198.992
197.868
196.737
195.549
194.288
193.014
191.759
190.447
189.077
187.712
186.421
185.108
183.773
182.473
181.271
180.156
179.021
177.934
176.941
175.983
175.108
174.344
173.636
172.992
172.362
171.769
171.197
170.67
170.189
169.754
169.34
168.929
168.521
168.117
167.74
167.427
167.249
167.206
167.277
167.415
167.543
167.327
223
223
223
223
223
223
223
223
223
223
223.003
223.042
223.222
223.526
223.733
223.783
223.688
223.322
222.808
222.328
221.906
221.506
221.121
220.761
220.451
220.2
219.996
219.802
219.589
219.36
219.136
218.923
218.7
218.458
218.207
217.972
217.773
217.62
217.482
217.353
217.219
217.068
216.896
216.702
216.486
216.251
216.008
215.762
215.52
215.286
215.061
214.841
214.622
214.397
214.162
213.912
213.644
213.356
213.048
212.72
212.373
212.004
211.614
211.2
210.761
210.295
209.797
209.264
208.699
208.1
207.465
206.794
206.084
205.329
204.523
203.672
202.776
201.81
200.788
199.743
198.651
197.486
196.274
195.077
193.857
192.551
191.193
189.87
188.548
187.183
185.814
184.481
183.205
181.943
180.727
179.545
178.422
177.412
176.466
175.579
174.764
173.997
173.288
172.599
171.951
171.329
170.769
170.262
169.811
169.376
168.937
168.506
168.082
167.68
167.331
167.125
167.067
167.136
167.286
167.409
167.184
223
223
223
223
223
223
223
223
223
223
223.002
223.029
223.182
223.485
223.728
223.805
223.736
223.429
222.932
222.445
222.017
221.617
221.234
220.874
220.562
220.306
220.099
219.908
219.7
219.476
219.258
219.057
218.855
218.638
218.402
218.161
217.937
217.733
217.56
217.408
217.259
217.101
216.929
216.742
216.543
216.337
216.126
215.915
215.708
215.505
215.305
215.104
214.897
214.682
214.453
214.21
213.949
213.669
213.371
213.056
212.722
212.368
211.994
211.598
211.175
210.723
210.243
209.735
209.196
208.622
208.01
207.356
206.657
205.912
205.122
204.289
203.412
202.497
201.528
200.487
199.377
198.239
197.101
195.903
194.621
193.324
192.048
190.719
189.32
187.916
186.592
185.277
183.935
182.587
181.316
180.16
179.042
177.97
176.955
175.989
175.101
174.273
173.504
172.765
172.085
171.45
170.902
170.403
169.946
169.506
169.059
168.612
168.137
167.687
167.318
167.1
167.038
167.111
167.274
167.41
167.199
223
223
223
223
223
223
223
223
223
223
223.001
223.019
223.144
223.439
223.714
223.822
223.775
223.532
223.058
222.566
222.131
221.73
221.348
220.989
220.675
220.415
220.204
220.015
219.813
219.593
219.378
219.182
218.993
218.796
218.582
218.359
218.133
217.919
217.722
217.537
217.363
217.194
217.024
216.85
216.669
216.485
216.301
216.116
215.932
215.748
215.563
215.372
215.172
214.962
214.74
214.502
214.249
213.979
213.693
213.39
213.07
212.732
212.374
211.993
211.587
211.155
210.698
210.21
209.687
209.127
208.531
207.899
207.228
206.515
205.755
204.949
204.096
203.195
202.228
201.199
200.146
199.048
197.882
196.659
195.446
194.206
192.878
191.489
190.131
188.79
187.408
186.009
184.641
183.335
182.056
180.812
179.608
178.491
177.484
176.521
175.596
174.723
173.902
173.115
172.405
171.749
171.169
170.615
170.087
169.596
169.129
168.688
168.238
167.795
167.402
167.153
167.07
167.127
167.263
167.401
167.194
223
223
223
223
223
223
223
223
223
223
223
223.012
223.111
223.387
223.693
223.832
223.81
223.629
223.185
222.689
222.246
221.842
221.463
221.106
220.79
220.526
220.311
220.125
219.929
219.713
219.499
219.304
219.121
218.936
218.741
218.539
218.333
218.126
217.923
217.73
217.545
217.367
217.194
217.023
216.855
216.687
216.517
216.348
216.176
216.002
215.823
215.638
215.443
215.238
215.021
214.791
214.547
214.288
214.013
213.723
213.417
213.094
212.751
212.387
212
211.587
211.145
210.671
210.167
209.633
209.066
208.461
207.813
207.119
206.38
205.593
204.755
203.871
202.948
201.964
200.908
199.79
198.65
197.505
196.297
195.003
193.679
192.367
191.007
189.607
188.194
186.833
185.461
184.093
182.748
181.459
180.238
179.087
178.02
176.991
175.993
175.055
174.177
173.336
172.578
171.883
171.272
170.681
170.118
169.604
169.138
168.692
168.236
167.792
167.386
167.114
166.993
167.011
167.113
167.241
167.011
223
223
223
223
223
223
223
223
223
223
223
223.007
223.081
223.333
223.661
223.838
223.84
223.716
223.311
222.817
222.364
221.957
221.58
221.225
220.908
220.638
220.42
220.237
220.047
219.836
219.622
219.427
219.247
219.068
218.884
218.697
218.509
218.321
218.134
217.948
217.764
217.585
217.412
217.244
217.079
216.917
216.755
216.591
216.425
216.255
216.08
215.898
215.708
215.508
215.298
215.076
214.842
214.595
214.333
214.056
213.764
213.455
213.128
212.781
212.41
212.013
211.588
211.137
210.658
210.147
209.596
209.004
208.372
207.702
206.989
206.231
205.429
204.582
203.68
202.714
201.671
200.598
199.494
198.317
197.083
195.854
194.586
193.227
191.814
190.45
189.093
187.682
186.24
184.836
183.488
182.201
180.965
179.722
178.517
177.383
176.322
175.327
174.416
173.554
172.79
172.088
171.466
170.861
170.296
169.781
169.295
168.804
168.295
167.807
167.361
167.06
166.949
166.994
167.125
167.257
167.024
223
223
223
223
223
223
223
223
223
223
223
223.004
223.057
223.278
223.618
223.839
223.868
223.789
223.434
222.948
222.484
222.072
221.698
221.346
221.026
220.751
220.529
220.349
220.167
219.962
219.75
219.553
219.374
219.199
219.021
218.842
218.666
218.494
218.322
218.15
217.978
217.807
217.638
217.473
217.312
217.152
216.993
216.831
216.667
216.5
216.329
216.151
215.967
215.774
215.572
215.36
215.137
214.901
214.651
214.387
214.109
213.815
213.504
213.172
212.817
212.438
212.035
211.604
211.141
210.644
210.112
209.55
208.952
208.314
207.628
206.893
206.107
205.268
204.383
203.453
202.466
201.398
200.271
199.125
197.969
196.741
195.416
194.065
192.739
191.365
189.929
188.486
187.088
185.699
184.294
182.899
181.599
180.346
179.146
177.996
176.923
175.892
174.944
174.05
173.236
172.461
171.744
171.067
170.452
169.899
169.398
168.89
168.372
167.879
167.438
167.157
167.052
167.083
167.212
167.349
167.069
223
223
223
223
223
223
223
223
223
223
223
223.002
223.039
223.224
223.567
223.831
223.892
223.849
223.555
223.082
222.607
222.19
221.819
221.469
221.146
220.866
220.639
220.462
220.287
220.09
219.88
219.683
219.503
219.331
219.156
218.983
218.813
218.65
218.49
218.332
218.172
218.011
217.85
217.691
217.534
217.377
217.22
217.061
216.9
216.737
216.57
216.399
216.221
216.036
215.844
215.642
215.429
215.205
214.968
214.718
214.453
214.173
213.877
213.561
213.223
212.863
212.477
212.062
211.618
211.145
210.643
210.105
209.525
208.9
208.229
207.512
206.75
205.945
205.092
204.181
203.216
202.168
201.09
199.984
198.802
197.554
196.296
195.005
193.636
192.205
190.796
189.413
187.981
186.513
185.069
183.661
182.285
180.927
179.653
178.454
177.353
176.278
175.288
174.366
173.514
172.682
171.906
171.202
170.599
170.061
169.565
169.067
168.546
168.026
167.536
167.197
167.043
167.064
167.176
167.308
167.031
223
223
223
223
223
223
223
223
223
223
223
223.001
223.025
223.174
223.507
223.813
223.913
223.897
223.669
223.216
222.731
222.31
221.942
221.593
221.267
220.981
220.75
220.575
220.408
220.219
220.013
219.815
219.635
219.465
219.294
219.124
218.958
218.8
218.648
218.497
218.347
218.196
218.043
217.891
217.74
217.588
217.435
217.28
217.124
216.967
216.807
216.643
216.473
216.297
216.114
215.923
215.722
215.509
215.285
215.047
214.796
214.53
214.248
213.948
213.627
213.284
212.915
212.52
212.099
211.648
211.162
210.639
210.078
209.479
208.841
208.161
207.434
206.655
205.821
204.935
204
203.008
201.932
200.794
199.64
198.466
197.218
195.874
194.501
193.147
191.742
190.285
188.817
187.366
185.925
184.501
183.127
181.714
180.34
179.058
177.878
176.751
175.713
174.772
173.907
173.079
172.32
171.621
170.956
170.325
169.722
169.155
168.592
168.031
167.514
167.157
166.99
166.997
167.115
167.253
166.955
223
223
223
223
223
223
223
223
223
223
223
223.001
223.015
223.129
223.441
223.781
223.926
223.94
223.771
223.348
222.859
222.435
222.068
221.718
221.389
221.097
220.862
220.687
220.529
220.349
220.148
219.95
219.769
219.602
219.435
219.268
219.106
218.951
218.802
218.657
218.513
218.369
218.224
218.079
217.934
217.788
217.641
217.493
217.344
217.193
217.041
216.885
216.724
216.558
216.384
216.203
216.013
215.812
215.599
215.374
215.136
214.884
214.617
214.333
214.028
213.702
213.352
212.977
212.573
212.139
211.675
211.179
210.648
210.079
209.467
208.808
208.099
207.342
206.539
205.682
204.767
203.79
202.738
201.654
200.536
199.336
198.072
196.799
195.476
194.072
192.62
191.188
189.762
188.285
186.767
185.247
183.814
182.507
181.2
179.908
178.678
177.527
176.445
175.446
174.498
173.592
172.736
171.945
171.199
170.481
169.797
169.179
168.631
168.11
167.625
167.26
167.071
167.05
167.182
167.339
167.036
223
223
223
223
223
223
223
223
223
223
223
223
223.009
223.092
223.372
223.737
223.934
223.976
223.858
223.477
222.992
222.564
222.195
221.844
221.511
221.213
220.974
220.801
220.65
220.48
220.284
220.086
219.905
219.74
219.577
219.415
219.256
219.104
218.958
218.817
218.677
218.538
218.399
218.261
218.123
217.983
217.843
217.702
217.56
217.417
217.273
217.126
216.974
216.817
216.654
216.483
216.303
216.114
215.913
215.7
215.475
215.237
214.984
214.715
214.427
214.118
213.786
213.428
213.044
212.633
212.192
211.718
211.207
210.657
210.065
209.429
208.747
208.017
207.234
206.398
205.513
204.572
203.579
202.507
201.365
200.201
199.011
197.743
196.371
194.974
193.601
192.176
190.675
189.163
187.695
186.235
184.701
183.225
181.825
180.493
179.22
178.054
176.934
175.877
174.864
173.913
173.023
172.198
171.434
170.721
170.087
169.487
168.902
168.316
167.769
167.364
167.14
167.078
167.156
167.288
166.974
)
;

boundaryField
{
    inlet
    {
        type            fixedValue;
        value           uniform 223;
    }
    obstacle
    {
        type            zeroGradient;
    }
    bottom
    {
        type            symmetry;
    }
    outlet
    {
        type            inletOutlet;
        inletValue      nonuniform List<scalar> 0();
        value           nonuniform List<scalar> 0();
    }
    top
    {
        type            symmetry;
    }
    defaultFaces
    {
        type            empty;
    }
    procBoundary4to5
    {
        type            processor;
        value           nonuniform List<scalar> 
121
(
238.596
226.794
226.968
227.114
227.069
226.955
226.766
226.529
226.151
225.526
224.614
223.526
222.253
221.157
220.487
220.188
220.113
220.129
220.181
220.227
220.231
220.185
220.08
219.945
219.796
219.639
219.48
219.314
219.129
218.919
218.684
218.432
218.163
217.874
217.565
217.233
216.879
216.499
216.09
215.65
215.178
214.673
214.132
213.55
212.925
212.255
211.537
210.768
209.942
209.056
208.102
207.073
205.96
204.754
203.458
202.032
200.564
198.944
197.336
195.667
194.059
192.546
191.139
189.853
188.7
187.672
186.74
185.879
185.071
184.317
183.624
182.964
182.298
181.638
180.996
180.401
179.845
179.332
178.862
178.439
178.056
177.702
177.377
177.076
176.801
176.543
176.302
176.07
175.848
175.631
175.42
175.214
175.013
174.816
174.625
174.439
174.26
174.087
173.922
173.766
173.62
173.486
173.361
173.241
173.123
173.002
172.872
172.735
172.593
172.461
172.353
172.284
172.253
172.249
172.269
172.319
172.4
172.485
172.555
172.59
172.526
)
;
    }
    procBoundary4to6
    {
        type            processor;
        value           nonuniform List<scalar> 
121
(
223
223
223
223
223
223
223
223
223
223
223
223
223.005
223.062
223.302
223.682
223.932
224.008
223.925
223.603
223.132
222.698
222.324
221.97
221.634
221.331
221.088
220.915
220.771
220.609
220.42
220.223
220.042
219.879
219.722
219.564
219.409
219.26
219.117
218.979
218.843
218.709
218.575
218.443
218.31
218.178
218.044
217.91
217.776
217.641
217.505
217.367
217.224
217.076
216.922
216.761
216.592
216.414
216.224
216.024
215.811
215.586
215.348
215.094
214.822
214.53
214.215
213.877
213.514
213.123
212.7
212.246
211.758
211.235
210.67
210.062
209.406
208.705
207.956
207.158
206.302
205.376
204.394
203.352
202.262
201.128
199.911
198.622
197.319
195.978
194.554
193.077
191.609
190.158
188.655
187.164
185.695
184.228
182.774
181.357
180.016
178.77
177.574
176.425
175.349
174.371
173.467
172.606
171.805
171.054
170.375
169.709
169.06
168.443
167.87
167.391
167.091
167.003
167.078
167.199
166.852
)
;
    }
}


// ************************************************************************* //
