/*--------------------------------*- C++ -*----------------------------------*\
| =========                 |                                                 |
| \\      /  F ield         | OpenFOAM: The Open Source CFD Toolbox           |
|  \\    /   O peration     | Version:  2412                                  |
|   \\  /    A nd           | Website:  www.openfoam.com                      |
|    \\/     M anipulation  |                                                 |
\*---------------------------------------------------------------------------*/
FoamFile
{
    version     2.0;
    format      ascii;
    arch        "LSB;label=32;scalar=64";
    class       volScalarField;
    location    "0.011";
    object      T;
}
// * * * * * * * * * * * * * * * * * * * * * * * * * * * * * * * * * * * * * //

dimensions      [0 0 0 1 0 0 0];

internalField   nonuniform List<scalar> 
9831
(
223
223
223
223
223
223
223
223
223
223
223
223
223
223
223
223
223
223
223
223
223
223
223
223
223
223
223
223
223
223
223
223.01
223.146
223.779
224.862
225.665
225.888
225.915
225.799
225.553
225.293
225.064
224.859
224.667
224.483
224.312
224.154
224.008
223.87
223.741
223.619
223.503
223.391
223.284
223.183
223.088
222.998
222.914
222.835
222.762
222.694
222.631
222.571
222.51
222.444
222.388
222.374
222.462
222.694
222.897
222.967
222.962
222.912
222.818
222.709
222.595
222.468
222.323
222.158
221.971
221.76
221.52
221.25
220.944
220.6
220.211
219.773
219.283
218.736
218.129
217.455
216.712
215.893
214.995
214.006
212.941
211.78
210.541
209.202
207.771
206.254
204.673
203.051
201.39
199.767
198.099
196.445
194.832
193.21
191.657
190.212
188.797
187.444
186.119
184.789
183.613
182.687
181.985
181.499
181.204
179.93
223
223
223
223
223
223
223
223
223
223
223
223
223
223
223
223
223
223
223
223
223
223
223
223
223
223
223
223
223
223
223
223.005
223.091
223.596
224.651
225.576
225.898
225.97
225.888
225.66
225.39
225.155
224.951
224.763
224.584
224.416
224.262
224.118
223.982
223.855
223.734
223.619
223.508
223.403
223.305
223.213
223.126
223.047
222.973
222.905
222.843
222.786
222.735
222.684
222.629
222.578
222.559
222.63
222.861
223.103
223.215
223.233
223.209
223.142
223.053
222.96
222.857
222.738
222.602
222.446
222.269
222.068
221.839
221.579
221.284
220.949
220.57
220.143
219.663
219.125
218.524
217.855
217.111
216.291
215.389
214.418
213.355
212.217
210.972
209.643
208.233
206.738
205.147
203.492
201.762
200.047
198.28
196.587
194.896
193.214
191.644
190.145
188.699
187.42
186.107
184.874
183.808
182.929
182.325
181.946
180.556
223
223
223
223
223
223
223
223
223
223
223
223
223
223
223
223
223
223
223
223
223
223
223
223
223
223
223
223
223
223
223
223.002
223.054
223.434
224.421
225.451
225.9
226.023
225.962
225.762
225.487
225.248
225.046
224.862
224.686
224.523
224.372
224.23
224.096
223.969
223.849
223.735
223.625
223.522
223.426
223.337
223.255
223.18
223.111
223.049
222.993
222.943
222.899
222.858
222.814
222.771
222.75
222.807
223.031
223.309
223.468
223.506
223.499
223.459
223.395
223.322
223.24
223.145
223.035
222.909
222.764
222.598
222.407
222.188
221.938
221.652
221.326
220.956
220.536
220.063
219.531
218.938
218.276
217.544
216.737
215.859
214.887
213.832
212.667
211.426
210.094
208.676
207.181
205.589
203.921
202.218
200.462
198.659
196.935
195.127
193.384
191.721
190.029
188.449
187.006
185.696
184.574
183.604
182.907
182.47
181.033
223
223
223
223
223
223
223
223
223
223
223
223
223
223
223
223
223
223
223
223
223
223
223
223
223
223
223
223
223
223
223
223.001
223.029
223.297
224.171
225.285
225.889
226.073
226.025
225.861
225.59
225.351
225.148
224.967
224.795
224.635
224.486
224.345
224.211
224.084
223.965
223.851
223.742
223.641
223.548
223.462
223.385
223.315
223.251
223.195
223.144
223.101
223.064
223.032
222.999
222.964
222.943
222.985
223.193
223.499
223.709
223.777
223.783
223.768
223.728
223.676
223.613
223.541
223.458
223.36
223.246
223.114
222.96
222.782
222.576
222.338
222.065
221.753
221.394
220.987
220.527
220.01
219.43
218.782
218.061
217.264
216.374
215.401
214.326
213.176
211.92
210.581
209.153
207.631
206.043
204.348
202.662
200.874
199.139
197.364
195.553
193.86
192.149
190.428
188.81
187.267
185.893
184.723
183.796
183.154
181.322
223
223
223
223
223
223
223
223
223
223
223
223
223
223
223
223
223
223
223
223
223
223
223
223
223
223
223
223
223
223
223
223
223.014
223.189
223.921
225.076
225.845
226.11
226.078
225.956
225.701
225.459
225.255
225.075
224.907
224.749
224.601
224.461
224.326
224.2
224.08
223.967
223.86
223.761
223.671
223.59
223.517
223.452
223.394
223.343
223.298
223.261
223.231
223.207
223.185
223.159
223.14
223.169
223.354
223.68
223.943
224.051
224.071
224.07
224.053
224.023
223.981
223.931
223.871
223.799
223.714
223.613
223.493
223.352
223.186
222.993
222.768
222.507
222.205
221.86
221.466
221.021
220.516
219.948
219.309
218.594
217.795
216.92
215.952
214.902
213.735
212.484
211.129
209.679
208.128
206.465
204.744
202.96
201.113
199.325
197.459
195.595
193.875
192.133
190.453
188.889
187.461
186.277
185.357
184.66
182.667
223
223
223
223
223
223
223
223
223
223
223
223
223
223
223
223
223
223
223
223
223
223
223
223
223
223
223
223
223
223
223
223
223.006
223.11
223.68
224.817
225.755
226.125
226.128
226.052
225.819
225.572
225.367
225.19
225.025
224.869
224.72
224.578
224.443
224.315
224.196
224.084
223.98
223.884
223.798
223.721
223.652
223.593
223.54
223.494
223.455
223.424
223.4
223.384
223.372
223.356
223.34
223.359
223.517
223.848
224.163
224.318
224.361
224.369
224.369
224.362
224.342
224.313
224.275
224.228
224.17
224.099
224.013
223.908
223.782
223.632
223.454
223.244
222.999
222.715
222.385
222.008
221.577
221.086
220.528
219.9
219.199
218.426
217.561
216.609
215.544
214.4
213.146
211.796
210.337
208.774
207.109
205.37
203.549
201.665
199.775
197.784
195.887
193.926
192.011
190.194
188.522
187.103
186.036
185.337
183.266
223
223
223
223
223
223
223
223
223
223
223
223
223
223
223
223
223
223
223
223
223
223
223
223
223
223
223
223
223
223
223
223
223.003
223.057
223.466
224.522
225.608
226.118
226.19
226.139
225.934
225.691
225.487
225.31
225.147
224.99
224.839
224.694
224.558
224.431
224.313
224.203
224.102
224.01
223.927
223.855
223.791
223.737
223.689
223.649
223.615
223.589
223.571
223.562
223.559
223.553
223.543
223.556
223.684
224.007
224.37
224.58
224.652
224.672
224.684
224.694
224.695
224.687
224.671
224.647
224.614
224.571
224.514
224.442
224.353
224.242
224.106
223.944
223.75
223.52
223.251
222.94
222.58
222.168
221.697
221.162
220.558
219.883
219.116
218.26
217.3
216.256
215.097
213.845
212.475
211.003
209.432
207.751
206
204.133
202.317
200.382
198.426
196.494
194.514
192.651
190.767
189.123
187.664
186.576
183.92
223
223
223
223
223
223
223
223
223
223
223
223
223
223
223
223
223
223
223
223
223
223
223
223
223
223
223
223
223
223
223
223
223.001
223.027
223.292
224.204
225.394
226.09
226.239
226.213
226.051
225.82
225.615
225.435
225.269
225.109
224.956
224.81
224.674
224.549
224.433
224.327
224.229
224.14
224.062
223.994
223.935
223.885
223.842
223.807
223.778
223.757
223.744
223.742
223.745
223.749
223.747
223.756
223.857
224.159
224.559
224.83
224.938
224.973
224.995
225.02
225.04
225.052
225.057
225.056
225.047
225.03
225.003
224.962
224.908
224.835
224.741
224.624
224.48
224.305
224.095
223.847
223.556
223.217
222.822
222.368
221.847
221.253
220.577
219.82
218.969
218.03
216.977
215.832
214.566
213.194
211.695
210.076
208.354
206.524
204.604
202.646
200.57
198.596
196.57
194.668
192.779
191.154
189.794
188.698
185.914
223
223
223
223
223
223
223
223
223
223
223
223
223
223
223
223
223
223
223
223
223
223
223
223
223
223
223
223
223
223
223
223
223
223.011
223.165
223.888
225.121
226.013
226.26
226.281
226.172
225.959
225.745
225.557
225.387
225.226
225.072
224.927
224.793
224.67
224.557
224.454
224.359
224.275
224.201
224.136
224.082
224.036
223.998
223.967
223.943
223.926
223.919
223.921
223.932
223.943
223.95
223.96
224.038
224.307
224.731
225.066
225.22
225.274
225.306
225.342
225.38
225.411
225.435
225.454
225.467
225.474
225.473
225.462
225.439
225.401
225.346
225.27
225.171
225.045
224.888
224.699
224.471
224.201
223.883
223.511
223.078
222.581
222.012
221.372
220.641
219.82
218.888
217.866
216.721
215.47
214.081
212.576
210.952
209.217
207.35
205.414
203.327
201.161
199.054
196.72
194.635
192.648
191.052
189.885
186.942
223
223
223
223
223
223
223
223
223
223
223
223
223
223
223
223
223
223
223
223
223
223
223
223
223
223
223
223
223
223
223
223
223
223.004
223.082
223.602
224.786
225.871
226.263
226.36
226.287
226.095
225.87
225.675
225.504
225.344
225.191
225.048
224.916
224.796
224.686
224.586
224.495
224.414
224.343
224.283
224.232
224.19
224.156
224.128
224.109
224.096
224.093
224.1
224.116
224.135
224.149
224.163
224.223
224.456
224.887
225.285
225.493
225.571
225.613
225.659
225.71
225.759
225.802
225.841
225.876
225.905
225.928
225.944
225.952
225.947
225.929
225.893
225.837
225.759
225.654
225.521
225.354
225.15
224.903
224.608
224.258
223.851
223.378
222.836
222.207
221.49
220.673
219.764
218.736
217.599
216.326
214.942
213.431
211.797
210.041
208.125
206.179
204.087
202.053
199.78
197.596
195.559
193.581
191.994
188.415
223
223
223
223
223
223
223
223
223
223
223
223
223
223
223
223
223
223
223
223
223
223
223
223
223
223
223
223
223
223
223
223
223
223.001
223.036
223.369
224.414
225.654
226.249
226.429
226.382
226.223
225.992
225.794
225.624
225.465
225.313
225.172
225.043
224.925
224.818
224.721
224.633
224.555
224.488
224.43
224.382
224.343
224.312
224.289
224.272
224.263
224.264
224.275
224.296
224.322
224.345
224.363
224.412
224.607
225.029
225.484
225.754
225.863
225.917
225.971
226.035
226.1
226.161
226.217
226.271
226.322
226.368
226.409
226.443
226.467
226.481
226.483
226.466
226.431
226.374
226.291
226.179
226.037
225.857
225.636
225.367
225.046
224.666
224.221
223.696
223.092
222.395
221.607
220.702
219.688
218.545
217.289
215.884
214.339
212.644
210.82
208.858
206.778
204.515
202.33
199.97
197.936
196.072
194.643
191.177
223
223
223
223
223
223
223
223
223
223
223
223
223
223
223
223
223
223
223
223
223
223
223
223
223
223
223
223
223
223
223
223
223
223
223.014
223.202
224.038
225.357
226.202
226.478
226.454
226.339
226.121
225.92
225.747
225.589
225.439
225.299
225.173
225.059
224.955
224.859
224.774
224.699
224.633
224.578
224.532
224.495
224.466
224.446
224.432
224.427
224.431
224.446
224.471
224.503
224.534
224.559
224.601
224.76
225.159
225.662
226.001
226.148
226.216
226.277
226.351
226.431
226.506
226.58
226.652
226.722
226.79
226.855
226.914
226.968
227.012
227.045
227.066
227.072
227.06
227.026
226.968
226.883
226.766
226.613
226.418
226.176
225.882
225.529
225.109
224.617
224.04
223.375
222.604
221.734
220.744
219.633
218.366
216.971
215.427
213.744
211.894
209.866
207.692
205.459
203.028
200.567
198.267
196.375
192.286
223
223
223
223
223
223
223
223
223
223
223
223
223
223
223
223
223
223
223
223
223
223
223
223
223
223
223
223
223
223
223
223
223
223
223.005
223.098
223.7
224.994
226.08
226.49
226.522
226.453
226.253
226.046
225.87
225.713
225.567
225.43
225.307
225.195
225.091
224.998
224.914
224.839
224.775
224.721
224.676
224.64
224.614
224.596
224.585
224.583
224.591
224.609
224.638
224.677
224.716
224.748
224.788
224.916
225.281
225.818
226.23
226.424
226.509
226.577
226.659
226.752
226.842
226.931
227.02
227.108
227.196
227.281
227.364
227.443
227.515
227.579
227.633
227.674
227.7
227.711
227.702
227.669
227.611
227.521
227.396
227.231
227.021
226.76
226.44
226.056
225.593
225.047
224.405
223.668
222.809
221.825
220.697
219.448
218.041
216.48
214.745
212.855
210.823
208.612
206.41
204.07
201.769
199.838
195.55
223
223
223
223
223
223
223
223
223
223
223
223
223
223
223
223
223
223
223
223
223
223
223
223
223
223
223
223
223
223
223
223
223
223
223.001
223.042
223.428
224.592
225.871
226.474
226.598
226.551
226.375
226.168
225.995
225.842
225.699
225.563
225.441
225.329
225.225
225.132
225.048
224.974
224.911
224.857
224.814
224.779
224.755
224.738
224.731
224.732
224.744
224.766
224.799
224.842
224.889
224.929
224.97
225.075
225.398
225.954
226.441
226.69
226.796
226.87
226.958
227.062
227.165
227.268
227.372
227.477
227.582
227.688
227.792
227.894
227.992
228.084
228.169
228.244
228.308
228.358
228.391
228.407
228.405
228.373
228.314
228.219
228.085
227.906
227.676
227.389
227.031
226.6
226.082
225.473
224.749
223.913
222.948
221.851
220.585
219.165
217.567
215.796
213.82
211.656
209.317
207.067
204.505
202.519
198.361
223
223
223
223
223
223
223
223
223
223
223
223
223
223
223
223
223
223
223
223
223
223
223
223
223
223
223
223
223
223
223
223
223
223
223
223.016
223.236
224.188
225.586
226.431
226.649
226.627
226.489
226.295
226.124
225.97
225.827
225.692
225.568
225.455
225.352
225.258
225.175
225.101
225.039
224.986
224.944
224.91
224.887
224.872
224.867
224.872
224.887
224.913
224.95
224.998
225.053
225.102
225.146
225.235
225.514
226.072
226.63
226.942
227.074
227.156
227.248
227.361
227.476
227.592
227.709
227.829
227.951
228.074
228.198
228.321
228.442
228.56
228.672
228.777
228.874
228.961
229.035
229.093
229.135
229.157
229.16
229.129
229.068
228.967
228.824
228.63
228.376
228.059
227.662
227.184
226.606
225.929
225.128
224.191
223.097
221.859
220.444
218.852
217.039
215.033
212.827
210.578
208.015
205.7
201.169
223
223
223
223
223
223
223
223
223
223
223
223
223
223
223
223
223
223
223
223
223
223
223
223
223
223
223
223
223
223
223
223
223
223
223
223.005
223.117
223.824
225.24
226.335
226.661
226.696
226.608
226.427
226.248
226.09
225.947
225.811
225.687
225.574
225.47
225.377
225.294
225.222
225.16
225.108
225.067
225.034
225.012
224.999
224.996
225.005
225.024
225.053
225.095
225.147
225.208
225.266
225.316
225.393
225.632
226.177
226.8
227.182
227.344
227.433
227.529
227.648
227.775
227.901
228.031
228.164
228.301
228.44
228.581
228.724
228.866
229.006
229.143
229.277
229.403
229.523
229.633
229.732
229.819
229.888
229.939
229.968
229.974
229.944
229.879
229.77
229.612
229.397
229.114
228.76
228.318
227.781
227.124
226.343
225.418
224.348
223.096
221.667
220.022
218.188
216.139
213.937
211.628
209.409
205.169
223
223
223
223
223
223
223
223
223
223
223
223
223
223
223
223
223
223
223
223
223
223
223
223
223
223
223
223
223
223
223
223
223
223
223
223.002
223.053
223.532
224.857
226.169
226.651
226.782
226.716
226.547
226.361
226.2
226.058
225.923
225.799
225.687
225.583
225.49
225.408
225.336
225.276
225.226
225.185
225.154
225.132
225.121
225.12
225.133
225.154
225.188
225.232
225.289
225.355
225.421
225.478
225.549
225.754
226.274
226.952
227.408
227.606
227.703
227.8
227.925
228.061
228.197
228.337
228.482
228.632
228.785
228.942
229.101
229.262
229.423
229.583
229.741
229.894
230.043
230.185
230.319
230.444
230.557
230.657
230.737
230.797
230.832
230.842
230.814
230.744
230.626
230.449
230.21
229.891
229.488
228.977
228.358
227.605
226.708
225.636
224.392
222.941
221.286
219.363
217.259
214.905
212.517
208.323
223
223
223
223
223
223
223
223
223
223
223
223
223
223
223
223
223
223
223
223
223
223
223
223
223
223
223
223
223
223
223
223
223
223
223
223
223.022
223.321
224.474
225.941
226.636
226.852
226.802
226.653
226.463
226.302
226.164
226.032
225.908
225.795
225.691
225.598
225.517
225.447
225.389
225.341
225.301
225.272
225.251
225.242
225.243
225.258
225.282
225.318
225.366
225.425
225.496
225.569
225.632
225.702
225.879
226.369
227.092
227.623
227.859
227.964
228.061
228.19
228.334
228.479
228.628
228.783
228.944
229.109
229.28
229.454
229.632
229.811
229.991
230.171
230.348
230.523
230.694
230.86
231.019
231.17
231.311
231.439
231.552
231.644
231.713
231.754
231.767
231.736
231.658
231.525
231.325
231.054
230.693
230.236
229.656
228.943
228.072
227.036
225.799
224.348
222.651
220.778
218.616
216.4
212.583
223
223
223
223
223
223
223
223
223
223
223
223
223
223
223
223
223
223
223
223
223
223
223
223
223
223
223
223
223
223
223
223
223
223
223
223
223.009
223.185
224.127
225.674
226.608
226.898
226.864
226.744
226.562
226.404
226.269
226.136
226.009
225.895
225.791
225.7
225.622
225.555
225.499
225.454
225.417
225.389
225.37
225.362
225.365
225.383
225.408
225.446
225.495
225.557
225.631
225.709
225.78
225.849
226.005
226.467
227.225
227.828
228.103
228.217
228.312
228.442
228.594
228.747
228.904
229.068
229.238
229.414
229.596
229.783
229.975
230.171
230.369
230.567
230.766
230.964
231.16
231.353
231.542
231.727
231.905
232.074
232.231
232.375
232.502
232.607
232.685
232.733
232.747
232.715
232.626
232.477
232.248
231.932
231.505
230.959
230.266
229.416
228.375
227.127
225.649
223.926
221.936
219.711
216.315
223
223
223
223
223
223
223
223
223
223
223
223
223
223
223
223
223
223
223
223
223
223
223
223
223
223
223
223
223
223
223
223
223
223
223
223
223.004
223.104
223.84
225.393
226.548
226.919
226.918
226.833
226.661
226.503
226.367
226.23
226.099
225.985
225.885
225.797
225.723
225.66
225.607
225.565
225.53
225.504
225.487
225.481
225.487
225.506
225.533
225.571
225.622
225.685
225.76
225.844
225.92
225.99
226.133
226.57
227.358
228.028
228.341
228.462
228.554
228.683
228.841
229.001
229.164
229.336
229.515
229.7
229.891
230.09
230.294
230.503
230.716
230.932
231.149
231.367
231.585
231.802
232.017
232.231
232.441
232.646
232.843
233.031
233.207
233.368
233.51
233.626
233.714
233.766
233.781
233.74
233.634
233.453
233.178
232.8
232.291
231.637
230.802
229.774
228.52
227.008
225.266
223.161
220.17
223
223
223
223
223
223
223
223
223
223
223
223
223
223
223
223
223
223
223
223
223
223
223
223
223
223
223
223
223
223
223
223
223
223
223
223
223.002
223.058
223.621
225.123
226.456
226.924
226.979
226.917
226.754
226.591
226.451
226.31
226.179
226.068
225.972
225.889
225.818
225.758
225.708
225.668
225.637
225.614
225.599
225.596
225.605
225.625
225.653
225.693
225.743
225.807
225.885
225.972
226.053
226.125
226.258
226.68
227.498
228.227
228.573
228.698
228.785
228.913
229.074
229.239
229.409
229.588
229.774
229.967
230.167
230.374
230.589
230.81
231.036
231.266
231.499
231.734
231.971
232.209
232.447
232.685
232.923
233.159
233.39
233.616
233.834
234.043
234.239
234.417
234.574
234.702
234.799
234.856
234.87
234.817
234.69
234.47
234.141
233.684
233.067
232.274
231.252
229.976
228.45
226.543
223.853
223
223
223
223
223
223
223
223
223
223
223
223
223
223
223
223
223
223
223
223
223
223
223
223
223
223
223
223
223
223
223
223
223
223
223
223
223.001
223.034
223.465
224.885
226.353
226.927
227.04
226.992
226.836
226.666
226.519
226.378
226.252
226.147
226.055
225.974
225.905
225.846
225.797
225.759
225.73
225.711
225.7
225.7
225.713
225.735
225.766
225.807
225.859
225.924
226.003
226.094
226.178
226.252
226.381
226.8
227.651
228.43
228.798
228.925
229.007
229.131
229.295
229.464
229.638
229.823
230.015
230.215
230.423
230.638
230.862
231.092
231.329
231.571
231.818
232.068
232.321
232.577
232.834
233.093
233.354
233.616
233.876
234.134
234.389
234.638
234.879
235.109
235.324
235.521
235.695
235.835
235.941
235.999
236.007
235.928
235.761
235.473
235.047
234.455
233.645
232.602
231.296
229.63
227.268
223
223
223
223
223
223
223
223
223
223
223
223
223
223
223
223
223
223
223
223
223
223
223
223
223
223
223
223
223
223
223
223
223
223
223
223
223
223.022
223.362
224.694
226.258
226.936
227.094
227.055
226.903
226.724
226.576
226.441
226.325
226.223
226.131
226.05
225.979
225.918
225.869
225.832
225.806
225.791
225.785
225.789
225.808
225.833
225.868
225.911
225.965
226.032
226.115
226.208
226.295
226.37
226.499
226.93
227.824
228.64
229.017
229.141
229.217
229.338
229.504
229.675
229.852
230.041
230.239
230.445
230.66
230.882
231.113
231.352
231.598
231.85
232.108
232.371
232.637
232.908
233.181
233.458
233.738
234.021
234.306
234.591
234.875
235.158
235.437
235.711
235.975
236.228
236.466
236.682
236.873
237.024
237.134
237.188
237.183
237.06
236.84
236.468
235.911
235.141
234.067
232.646
230.526
223
223
223
223
223
223
223
223
223
223
223
223
223
223
223
223
223
223
223
223
223
223
223
223
223
223
223
223
223
223
223
223
223
223
223
223
223
223.017
223.299
224.56
226.185
226.952
227.142
227.105
226.953
226.77
226.625
226.502
226.396
226.293
226.199
226.114
226.039
225.975
225.924
225.887
225.864
225.854
225.854
225.863
225.887
225.917
225.957
226.004
226.062
226.132
226.218
226.314
226.403
226.477
226.612
227.076
228.023
228.861
229.23
229.344
229.414
229.533
229.701
229.874
230.052
230.245
230.447
230.658
230.878
231.106
231.343
231.589
231.843
232.104
232.371
232.644
232.922
233.205
233.492
233.784
234.08
234.381
234.685
234.991
235.3
235.611
235.921
236.23
236.534
236.834
237.124
237.402
237.663
237.901
238.11
238.273
238.391
238.439
238.404
238.223
237.892
237.363
236.52
235.407
233.564
223
223
223
223
223
223
223
223
223
223
223
223
223
223
223
223
223
223
223
223
223
223
223
223
223
223
223
223
223
223
223
223
223
223
223
223
223
223.014
223.271
224.488
226.153
226.976
227.185
227.144
226.988
226.806
226.668
226.558
226.457
226.354
226.257
226.168
226.089
226.021
225.968
225.931
225.911
225.905
225.909
225.924
225.953
225.988
226.033
226.085
226.147
226.221
226.311
226.411
226.499
226.573
226.722
227.244
228.251
229.093
229.437
229.533
229.596
229.715
229.885
230.06
230.24
230.435
230.641
230.855
231.08
231.313
231.555
231.806
232.066
232.334
232.609
232.891
233.179
233.472
233.77
234.074
234.383
234.698
235.018
235.343
235.671
236.004
236.339
236.676
237.013
237.349
237.682
238.011
238.329
238.635
238.922
239.182
239.408
239.576
239.682
239.702
239.606
239.341
238.758
237.974
236.424
223
223
223
223
223
223
223
223
223
223
223
223
223
223
223
223
223
223
223
223
223
223
223
223
223
223
223
223
223
223
223
223
223
223
223
223
223
223.014
223.267
224.477
226.158
227.009
227.224
227.174
227.016
226.838
226.703
226.598
226.502
226.402
226.304
226.213
226.132
226.063
226.009
225.973
225.954
225.95
225.958
225.977
226.009
226.049
226.098
226.155
226.221
226.3
226.395
226.497
226.582
226.656
226.832
227.443
228.512
229.331
229.636
229.708
229.763
229.884
230.057
230.233
230.415
230.611
230.82
231.039
231.266
231.504
231.75
232.006
232.271
232.545
232.826
233.115
233.41
233.712
234.02
234.333
234.654
234.98
235.313
235.652
235.996
236.346
236.701
237.06
237.423
237.788
238.155
238.522
238.885
239.244
239.593
239.929
240.245
240.531
240.764
240.93
241.032
241.046
240.756
240.318
239.098
223
223
223
223
223
223
223
223
223
223
223
223
223
223
223
223
223
223
223
223
223
223
223
223
223
223
223
223
223
223
223
223
223
223
223
223
223
223.015
223.278
224.521
226.206
227.049
227.258
227.202
227.042
226.866
226.73
226.622
226.527
226.432
226.338
226.25
226.171
226.103
226.051
226.016
225.998
225.994
226.004
226.025
226.06
226.103
226.155
226.215
226.285
226.369
226.468
226.57
226.651
226.729
226.954
227.685
228.807
229.568
229.822
229.868
229.916
230.04
230.217
230.393
230.576
230.776
230.987
231.209
231.44
231.681
231.932
232.192
232.461
232.739
233.026
233.32
233.622
233.931
234.246
234.568
234.897
235.233
235.577
235.927
236.284
236.647
237.018
237.394
237.776
238.164
238.556
238.952
239.35
239.75
240.147
240.54
240.925
241.295
241.635
241.93
242.168
242.375
242.468
242.299
241.621
223
223
223
223
223
223
223
223
223
223
223
223
223
223
223
223
223
223
223
223
223
223
223
223
223
223
223
223
223
223
223
223
223
223
223
223
223
223.018
223.317
224.629
226.302
227.092
227.287
227.226
227.065
226.891
226.75
226.633
226.533
226.444
226.357
226.275
226.202
226.14
226.091
226.058
226.041
226.037
226.048
226.07
226.106
226.151
226.205
226.267
226.34
226.428
226.531
226.63
226.706
226.796
227.103
227.984
229.132
229.794
229.989
230.011
230.055
230.186
230.365
230.542
230.726
230.928
231.142
231.367
231.602
231.847
232.101
232.365
232.638
232.92
233.211
233.51
233.818
234.132
234.454
234.783
235.119
235.463
235.815
236.174
236.541
236.916
237.298
237.688
238.085
238.489
238.9
239.319
239.742
240.17
240.601
241.035
241.467
241.897
242.316
242.712
243.08
243.412
243.729
243.857
243.736
223
223
223
223
223
223
223
223
223
223
223
223
223
223
223
223
223
223
223
223
223
223
223
223
223
223
223
223
223
223
223
223
223
223
223
223
223
223.024
223.388
224.794
226.429
227.137
227.306
227.245
227.082
226.911
226.766
226.639
226.531
226.44
226.36
226.287
226.221
226.165
226.122
226.093
226.078
226.075
226.087
226.11
226.145
226.191
226.246
226.309
226.385
226.478
226.583
226.676
226.748
226.866
227.3
228.345
229.469
230.006
230.131
230.135
230.18
230.321
230.504
230.68
230.866
231.07
231.286
231.514
231.753
232.001
232.259
232.527
232.804
233.09
233.385
233.688
234
234.319
234.647
234.981
235.324
235.675
236.033
236.4
236.775
237.158
237.55
237.95
238.358
238.774
239.199
239.632
240.073
240.521
240.973
241.434
241.896
242.364
242.828
243.286
243.729
244.167
244.585
244.883
245.152
223
223
223
223
223
223
223
223
223
223
223
223
223
223
223
223
223
223
223
223
223
223
223
223
223
223
223
223
223
223
223
223
223
223
223
223
223.001
223.037
223.497
225.01
226.577
227.186
227.312
227.249
227.089
226.924
226.778
226.644
226.528
226.432
226.353
226.284
226.226
226.178
226.141
226.117
226.105
226.104
226.116
226.141
226.177
226.223
226.279
226.344
226.424
226.522
226.625
226.71
226.783
226.957
227.573
228.761
229.79
230.194
230.249
230.241
230.291
230.446
230.632
230.809
230.996
231.202
231.421
231.651
231.893
232.145
232.407
232.679
232.959
233.249
233.547
233.855
234.17
234.494
234.826
235.166
235.513
235.87
236.234
236.607
236.988
237.378
237.777
238.184
238.599
239.024
239.457
239.9
240.35
240.808
241.273
241.745
242.222
242.707
243.189
243.666
244.135
244.611
245.062
245.459
245.791
223
223
223
223
223
223
223
223
223
223
223
223
223
223
223
223
223
223
223
223
223
223
223
223
223
223
223
223
223
223
223
223
223
223
223
223
223.002
223.06
223.651
225.268
226.732
227.24
227.314
227.238
227.081
226.927
226.786
226.651
226.529
226.428
226.345
226.277
226.223
226.18
226.148
226.129
226.12
226.122
226.136
226.163
226.2
226.248
226.305
226.373
226.459
226.56
226.657
226.733
226.82
227.095
227.939
229.212
230.069
230.346
230.351
230.332
230.389
230.56
230.749
230.926
231.117
231.326
231.546
231.778
232.023
232.278
232.544
232.819
233.104
233.397
233.699
234.01
234.329
234.657
234.993
235.337
235.689
236.049
236.418
236.795
237.181
237.575
237.979
238.39
238.81
239.238
239.676
240.121
240.574
241.035
241.501
241.974
242.448
242.928
243.401
243.876
244.32
244.751
245.143
245.444
245.678
223
223
223
223
223
223
223
223
223
223
223
223
223
223
223
223
223
223
223
223
223
223
223
223
223
223
223
223
223
223
223
223
223
223
223
223
223.003
223.099
223.856
225.553
226.878
227.298
227.317
227.214
227.053
226.912
226.783
226.654
226.532
226.428
226.343
226.273
226.218
226.177
226.148
226.133
226.128
226.132
226.149
226.179
226.217
226.267
226.326
226.399
226.489
226.59
226.679
226.75
226.874
227.313
228.396
229.655
230.3
230.451
230.434
230.409
230.478
230.664
230.854
231.033
231.228
231.44
231.663
231.898
232.144
232.402
232.67
232.949
233.236
233.533
233.838
234.153
234.475
234.806
235.145
235.493
235.848
236.212
236.584
236.964
237.353
237.75
238.155
238.568
238.989
239.416
239.853
240.295
240.745
241.199
241.657
242.118
242.586
243.044
243.478
243.888
244.258
244.609
244.898
245.057
245.033
223
223
223
223
223
223
223
223
223
223
223
223
223
223
223
223
223
223
223
223
223
223
223
223
223
223
223
223
223
223
223
223
223
223
223
223
223.007
223.162
224.114
225.848
227.002
227.349
227.324
227.189
227.016
226.879
226.759
226.642
226.527
226.426
226.34
226.27
226.215
226.175
226.148
226.134
226.13
226.137
226.157
226.19
226.231
226.283
226.345
226.423
226.517
226.614
226.692
226.769
226.969
227.642
228.918
230.037
230.487
230.52
230.486
230.475
230.564
230.759
230.947
231.127
231.327
231.544
231.77
232.008
232.257
232.517
232.788
233.069
233.359
233.658
233.966
234.283
234.609
234.942
235.283
235.633
235.99
236.356
236.73
237.111
237.501
237.898
238.302
238.713
239.131
239.554
239.985
240.419
240.859
241.301
241.748
242.182
242.603
243
243.376
243.711
244.005
244.245
244.417
244.466
244.276
223
223
223
223
223
223
223
223
223
223
223
223
223
223
223
223
223
223
223
223
223
223
223
223
223
223
223
223
223
223
223
223
223
223
223
223
223.015
223.259
224.418
226.139
227.097
227.378
227.331
227.168
226.984
226.841
226.72
226.61
226.506
226.413
226.33
226.262
226.209
226.17
226.144
226.131
226.128
226.138
226.162
226.196
226.24
226.295
226.362
226.446
226.541
226.629
226.7
226.802
227.138
228.092
229.453
230.331
230.609
230.576
230.518
230.529
230.645
230.847
231.032
231.213
231.417
231.637
231.866
232.106
232.358
232.621
232.894
233.177
233.47
233.772
234.082
234.401
234.728
235.064
235.406
235.757
236.116
236.482
236.855
237.236
237.623
238.018
238.418
238.824
239.235
239.649
240.069
240.495
240.921
241.334
241.737
242.124
242.496
242.839
243.143
243.397
243.597
243.747
243.786
243.724
243.445
223
223
223
223
223
223
223
223
223
223
223
223
223
223
223
223
223
223
223
223
223
223
223
223
223
223
223
223
223
223
223
223
223
223
223
223.001
223.03
223.399
224.757
226.409
227.173
227.382
227.326
227.148
226.961
226.813
226.685
226.572
226.471
226.383
226.307
226.243
226.193
226.156
226.134
226.123
226.123
226.135
226.162
226.199
226.246
226.305
226.377
226.465
226.557
226.636
226.709
226.869
227.422
228.639
229.933
230.55
230.662
230.61
230.545
230.574
230.72
230.925
231.108
231.291
231.499
231.722
231.953
232.196
232.45
232.715
232.99
233.275
233.57
233.873
234.185
234.505
234.833
235.169
235.512
235.863
236.221
236.586
236.957
237.335
237.718
238.108
238.501
238.898
239.298
239.707
240.111
240.508
240.892
241.269
241.631
241.974
242.289
242.563
242.789
242.962
243.083
243.134
243.046
242.931
242.61
223
223
223
223
223
223
223
223
223
223
223
223
223
223
223
223
223
223
223
223
223
223
223
223
223
223
223
223
223
223
223
223
223
223
223
223.002
223.057
223.588
225.113
226.649
227.236
227.369
227.301
227.118
226.94
226.791
226.659
226.54
226.438
226.351
226.277
226.216
226.17
226.136
226.117
226.108
226.11
226.127
226.158
226.197
226.248
226.312
226.39
226.48
226.566
226.639
226.729
227.002
227.842
229.224
230.306
230.701
230.687
230.614
230.566
230.617
230.787
230.991
231.173
231.36
231.571
231.796
232.029
232.275
232.531
232.798
233.076
233.363
233.659
233.963
234.276
234.596
234.924
235.259
235.601
235.951
236.306
236.667
237.034
237.407
237.784
238.165
238.551
238.941
239.326
239.707
240.076
240.441
240.794
241.132
241.447
241.733
241.982
242.185
242.335
242.438
242.475
242.434
242.294
242.128
241.794
223
223
223
223
223
223
223
223
223
223
223
223
223
223
223
223
223
223
223
223
223
223
223
223
223
223
223
223
223
223
223
223
223
223
223
223.004
223.103
223.826
225.467
226.845
227.296
227.352
227.255
227.069
226.906
226.766
226.636
226.517
226.413
226.325
226.251
226.19
226.145
226.114
226.096
226.09
226.096
226.117
226.15
226.193
226.249
226.318
226.401
226.489
226.569
226.641
226.776
227.243
228.382
229.768
230.561
230.767
230.703
230.607
230.585
230.662
230.848
231.047
231.229
231.421
231.636
231.862
232.097
232.344
232.602
232.871
233.15
233.438
233.735
234.04
234.353
234.673
235
235.333
235.672
236.018
236.369
236.726
237.086
237.452
237.823
238.196
238.565
238.927
239.285
239.637
239.983
240.315
240.627
240.917
241.178
241.404
241.588
241.723
241.807
241.843
241.802
241.709
241.542
241.343
241.01
223
223
223
223
223
223
223
223
223
223
223
223
223
223
223
223
223
223
223
223
223
223
223
223
223
223
223
223
223
223
223
223
223
223
223
223.009
223.174
224.106
225.8
226.998
227.349
227.34
227.2
227.008
226.859
226.73
226.607
226.492
226.39
226.303
226.229
226.169
226.124
226.094
226.078
226.074
226.082
226.106
226.142
226.188
226.248
226.322
226.408
226.493
226.565
226.647
226.879
227.623
228.988
230.207
230.73
230.777
230.69
230.594
230.6
230.707
230.902
231.094
231.276
231.473
231.691
231.92
232.156
232.405
232.665
232.934
233.214
233.503
233.8
234.104
234.416
234.734
235.059
235.389
235.725
236.066
236.411
236.761
237.118
237.475
237.83
238.178
238.524
238.865
239.201
239.525
239.834
240.124
240.391
240.63
240.835
241.001
241.121
241.197
241.222
241.197
241.106
240.98
240.801
240.589
240.264
223
223
223
223
223
223
223
223
223
223
223
223
223
223
223
223
223
223
223
223
223
223
223
223
223
223
223
223
223
223
223
223
223
223
223
223.018
223.278
224.417
226.102
227.103
227.38
227.339
227.156
226.955
226.805
226.678
226.561
226.455
226.36
226.277
226.206
226.148
226.105
226.076
226.061
226.058
226.068
226.095
226.133
226.182
226.247
226.326
226.412
226.49
226.557
226.676
227.082
228.135
229.569
230.508
230.817
230.771
230.653
230.575
230.61
230.752
230.95
231.136
231.318
231.519
231.739
231.968
232.206
232.456
232.717
232.987
233.267
233.556
233.852
234.155
234.465
234.78
235.102
235.427
235.758
236.094
236.435
236.776
237.117
237.452
237.787
238.119
238.444
238.76
239.063
239.352
239.622
239.869
240.088
240.276
240.426
240.536
240.601
240.626
240.598
240.528
240.407
240.259
240.077
239.865
239.551
223
223
223
223
223
223
223
223
223
223
223
223
223
223
223
223
223
223
223
223
223
223
223
223
223
223
223
223
223
223
223
223
223
223
223.001
223.035
223.416
224.744
226.367
227.175
227.385
227.325
227.122
226.918
226.762
226.63
226.513
226.41
226.321
226.244
226.178
226.124
226.083
226.057
226.043
226.042
226.054
226.084
226.123
226.176
226.245
226.328
226.41
226.477
226.554
226.757
227.419
228.729
230.059
230.696
230.829
230.745
230.614
230.566
230.623
230.787
230.985
231.168
231.353
231.559
231.78
232.01
232.25
232.5
232.76
233.031
233.31
233.597
233.892
234.193
234.5
234.811
235.128
235.45
235.776
236.103
236.428
236.752
237.076
237.399
237.716
238.025
238.323
238.608
238.878
239.129
239.357
239.558
239.728
239.865
239.963
240.022
240.042
240.021
239.952
239.853
239.714
239.553
239.374
239.168
238.867
223
223
223
223
223
223
223
223
223
223
223
223
223
223
223
223
223
223
223
223
223
223
223
223
223
223
223
223
223
223
223
223
223
223
223.002
223.062
223.589
225.07
226.589
227.229
227.369
227.292
227.084
226.888
226.73
226.593
226.472
226.367
226.279
226.206
226.144
226.095
226.058
226.035
226.022
226.023
226.038
226.07
226.111
226.169
226.242
226.324
226.397
226.46
226.569
226.923
227.884
229.314
230.407
230.804
230.806
230.693
230.573
230.564
230.644
230.822
231.013
231.193
231.381
231.59
231.812
232.043
232.284
232.535
232.795
233.065
233.342
233.627
233.919
234.217
234.52
234.829
235.141
235.455
235.766
236.079
236.391
236.703
237.01
237.312
237.604
237.886
238.154
238.406
238.639
238.85
239.035
239.191
239.316
239.406
239.46
239.479
239.456
239.399
239.303
239.182
239.032
238.865
238.69
238.492
238.205
223
223
223
223
223
223
223
223
223
223
223
223
223
223
223
223
223
223
223
223
223
223
223
223
223
223
223
223
223
223
223
223
223
223
223.004
223.102
223.794
225.383
226.773
227.277
227.346
227.241
227.036
226.854
226.701
226.563
226.438
226.331
226.242
226.169
226.109
226.063
226.029
226.009
226
226.002
226.021
226.055
226.099
226.161
226.237
226.314
226.378
226.45
226.629
227.21
228.444
229.832
230.618
230.839
230.771
230.628
230.531
230.553
230.664
230.851
231.037
231.215
231.405
231.615
231.838
232.069
232.31
232.561
232.821
233.089
233.365
233.647
233.936
234.231
234.529
234.83
235.128
235.429
235.732
236.034
236.332
236.625
236.912
237.19
237.458
237.711
237.947
238.164
238.359
238.529
238.671
238.784
238.863
238.91
238.924
238.904
238.846
238.764
238.649
238.515
238.361
238.194
238.024
237.834
237.56
223
223
223
223
223
223
223
223
223
223
223
223
223
223
223
223
223
223
223
223
223
223
223
223
223
223
223
223
223
223
223
223
223
223
223.008
223.159
224.023
225.67
226.915
227.321
227.328
227.184
226.977
226.809
226.666
226.531
226.407
226.299
226.209
226.135
226.076
226.032
226
225.983
225.976
225.98
226.003
226.038
226.086
226.152
226.227
226.296
226.355
226.454
226.758
227.616
229.013
230.222
230.74
230.819
230.722
230.576
230.506
230.544
230.68
230.87
231.051
231.23
231.424
231.635
231.857
232.087
232.328
232.578
232.837
233.103
233.378
233.658
233.942
234.228
234.515
234.805
235.097
235.389
235.678
235.962
236.242
236.515
236.779
237.031
237.269
237.49
237.692
237.872
238.029
238.159
238.261
238.334
238.376
238.39
238.369
238.32
238.239
238.137
238.007
237.861
237.703
237.536
237.369
237.187
236.925
223
223
223
223
223
223
223
223
223
223
223
223
223
223
223
223
223
223
223
223
223
223
223
223
223
223
223
223
223
223
223
223.015
223.236
224.273
225.936
227.022
227.345
227.313
227.133
226.921
226.759
226.622
226.494
226.375
226.268
226.178
226.104
226.045
226.001
225.972
225.956
225.951
225.958
225.983
226.021
226.073
226.141
226.212
226.271
226.338
226.492
226.994
228.132
229.545
230.481
230.793
230.768
230.645
230.517
230.484
230.54
230.694
230.883
231.06
231.24
231.437
231.648
231.869
232.099
232.339
232.588
232.846
233.111
233.381
233.652
233.928
234.207
234.487
234.768
235.048
235.325
235.598
235.866
236.126
236.377
236.617
236.842
237.05
237.24
237.407
237.552
237.67
237.762
237.824
237.86
237.868
237.844
237.792
237.717
237.614
237.496
237.357
237.206
237.05
236.889
236.728
236.553
236.298
223
223
223
223
223
223
223
223
223.001
223.026
223.336
224.536
226.172
227.1
227.35
227.299
227.089
226.872
226.71
226.576
226.451
226.337
226.235
226.146
226.073
226.015
225.972
225.944
225.929
225.926
225.935
225.963
226.004
226.059
226.127
226.19
226.244
226.332
226.589
227.343
228.68
229.97
230.627
230.799
230.725
230.568
230.459
230.459
230.538
230.705
230.889
231.064
231.246
231.445
231.657
231.877
232.106
232.345
232.592
232.847
233.106
233.37
233.637
233.907
234.177
234.447
234.715
234.981
235.242
235.498
235.745
235.982
236.207
236.418
236.612
236.788
236.943
237.075
237.183
237.266
237.322
237.352
237.359
237.333
237.286
237.212
237.12
237.004
236.875
236.73
236.574
236.414
236.251
236.089
235.914
235.663
223
223
223
223
223
223
223
223
223.001
223.043
223.466
224.819
226.391
227.157
227.343
227.276
227.048
226.831
226.667
226.529
226.404
226.294
226.197
226.112
226.041
225.985
225.943
225.916
225.902
225.901
225.912
225.943
225.986
226.044
226.109
226.163
226.22
226.354
226.788
227.827
229.238
230.289
230.695
230.755
230.656
230.496
230.411
230.432
230.541
230.715
230.894
231.066
231.25
231.451
231.664
231.884
232.112
232.349
232.594
232.844
233.1
233.359
233.619
233.881
234.142
234.402
234.659
234.911
235.157
235.395
235.622
235.838
236.039
236.223
236.389
236.534
236.655
236.753
236.825
236.871
236.894
236.891
236.86
236.805
236.731
236.633
236.521
236.389
236.247
236.094
235.934
235.775
235.619
235.463
235.296
235.052
223
223
223
223
223
223
223
223
223.003
223.074
223.649
225.141
226.602
227.209
227.322
227.232
227
226.79
226.624
226.482
226.355
226.246
226.152
226.071
226.003
225.949
225.909
225.884
225.872
225.871
225.886
225.919
225.965
226.023
226.08
226.127
226.206
226.427
227.108
228.387
229.721
230.497
230.718
230.682
230.563
230.425
230.369
230.405
230.534
230.712
230.882
231.05
231.235
231.437
231.648
231.865
232.09
232.322
232.562
232.807
233.056
233.308
233.561
233.814
234.065
234.312
234.555
234.792
235.02
235.239
235.446
235.64
235.818
235.979
236.12
236.24
236.337
236.41
236.46
236.485
236.489
236.464
236.419
236.35
236.265
236.158
236.039
235.904
235.758
235.605
235.445
235.285
235.126
234.966
234.795
234.565
223
223
223
223
223
223
223
223
223.006
223.128
223.887
225.473
226.778
227.246
227.293
227.166
226.939
226.744
226.581
226.435
226.306
226.196
226.103
226.024
225.96
225.908
225.871
225.848
225.837
225.838
225.855
225.891
225.939
225.994
226.041
226.089
226.21
226.595
227.551
228.918
230.03
230.546
230.686
230.617
230.474
230.356
230.325
230.373
230.514
230.688
230.854
231.022
231.206
231.405
231.613
231.827
232.049
232.278
232.513
232.752
232.995
233.24
233.485
233.729
233.971
234.208
234.44
234.666
234.882
235.088
235.282
235.462
235.625
235.772
235.899
236.005
236.089
236.15
236.188
236.204
236.199
236.166
236.116
236.044
235.957
235.85
235.732
235.6
235.456
235.307
235.151
234.995
234.842
234.692
234.533
234.316
223
223
223
223
223
223
223
223
223.013
223.211
224.176
225.803
226.93
227.275
227.262
227.092
226.865
226.686
226.532
226.389
226.259
226.147
226.053
225.976
225.913
225.864
225.83
225.809
225.8
225.802
225.824
225.863
225.911
225.958
225.997
226.067
226.272
226.898
228.096
229.41
230.262
230.571
230.623
230.539
230.39
230.289
230.278
230.342
230.493
230.663
230.827
230.995
231.178
231.374
231.578
231.79
232.009
232.234
232.464
232.697
232.934
233.171
233.408
233.643
233.875
234.102
234.323
234.536
234.739
234.932
235.111
235.276
235.425
235.556
235.668
235.76
235.83
235.878
235.904
235.91
235.892
235.852
235.796
235.718
235.627
235.517
235.398
235.265
235.122
234.973
234.819
234.667
234.517
234.368
234.207
233.975
223
223
223
223
223
223
223
223.001
223.026
223.331
224.497
226.1
227.032
227.284
227.234
227.019
226.79
226.619
226.473
226.336
226.211
226.1
226.006
225.928
225.866
225.819
225.787
225.768
225.76
225.765
225.791
225.832
225.876
225.914
225.956
226.069
226.435
227.342
228.655
229.777
230.366
230.556
230.542
230.447
230.305
230.225
230.232
230.311
230.466
230.63
230.791
230.96
231.143
231.336
231.537
231.745
231.96
232.181
232.406
232.634
232.863
233.093
233.322
233.548
233.77
233.986
234.195
234.396
234.587
234.767
234.932
235.083
235.218
235.335
235.433
235.511
235.568
235.604
235.62
235.617
235.589
235.543
235.481
235.399
235.306
235.196
235.076
234.945
234.804
234.658
234.508
234.359
234.213
234.068
233.915
233.703
223
223
223
223
223
223
223.002
223.049
223.494
224.84
226.36
227.103
227.273
227.198
226.955
226.724
226.552
226.407
226.276
226.156
226.05
225.958
225.881
225.82
225.774
225.743
225.725
225.719
225.728
225.757
225.798
225.835
225.866
225.93
226.128
226.737
227.882
229.147
230.017
230.397
230.507
230.463
230.35
230.221
230.162
230.182
230.279
230.435
230.593
230.751
230.92
231.103
231.294
231.492
231.696
231.907
232.123
232.343
232.564
232.787
233.009
233.229
233.445
233.657
233.863
234.061
234.25
234.428
234.594
234.747
234.884
235.005
235.108
235.193
235.258
235.303
235.328
235.335
235.32
235.286
235.233
235.166
235.081
234.985
234.873
234.752
234.622
234.481
234.337
234.189
234.043
233.9
233.759
233.608
233.39
223
223
223
223
223
223
223.004
223.089
223.703
225.186
226.578
227.152
227.247
227.143
226.893
226.667
226.491
226.343
226.211
226.096
225.995
225.906
225.832
225.773
225.728
225.698
225.682
225.678
225.689
225.721
225.758
225.788
225.822
225.931
226.295
227.18
228.435
229.519
230.142
230.388
230.44
230.378
230.253
230.138
230.098
230.13
230.243
230.399
230.551
230.707
230.876
231.058
231.246
231.441
231.641
231.848
232.059
232.273
232.488
232.704
232.918
233.129
233.336
233.538
233.732
233.919
234.096
234.262
234.415
234.554
234.678
234.785
234.876
234.948
235.001
235.035
235.05
235.048
235.023
234.983
234.924
234.852
234.763
234.665
234.553
234.431
234.302
234.163
234.021
233.876
233.733
233.593
233.455
233.308
233.099
223
223
223
223
223
223.008
223.151
223.956
225.521
226.753
227.185
227.214
227.069
226.822
226.611
226.436
226.283
226.148
226.033
225.935
225.851
225.781
225.724
225.682
225.653
225.638
225.636
225.651
225.683
225.714
225.737
225.796
225.994
226.603
227.716
228.917
229.761
230.185
230.347
230.361
230.288
230.158
230.057
230.034
230.078
230.202
230.357
230.506
230.66
230.829
231.008
231.194
231.386
231.582
231.784
231.989
232.197
232.406
232.614
232.82
233.022
233.22
233.411
233.595
233.77
233.935
234.089
234.229
234.356
234.466
234.561
234.639
234.699
234.741
234.764
234.771
234.758
234.726
234.679
234.614
234.539
234.447
234.347
234.234
234.112
233.983
233.845
233.705
233.563
233.422
233.286
233.151
233.006
232.8
223
223
223
223
223
223.017
223.243
224.245
225.832
226.884
227.2
227.177
226.988
226.744
226.547
226.378
226.225
226.089
225.973
225.875
225.794
225.727
225.673
225.633
225.607
225.593
225.594
225.612
225.641
225.664
225.692
225.799
226.17
227.053
228.259
229.277
229.891
230.187
230.287
230.274
230.191
230.064
229.979
229.969
230.025
230.158
230.311
230.458
230.611
230.778
230.955
231.137
231.326
231.518
231.715
231.914
232.116
232.318
232.518
232.716
232.909
233.097
233.278
233.451
233.615
233.768
233.909
234.038
234.151
234.25
234.332
234.398
234.446
234.477
234.492
234.489
234.467
234.428
234.376
234.306
234.227
234.133
234.031
233.917
233.795
233.666
233.531
233.392
233.252
233.115
232.981
232.849
232.708
232.507
223
223
223
223.001
223.032
223.37
224.56
226.108
226.973
227.2
227.143
226.91
226.665
226.478
226.316
226.167
226.031
225.915
225.817
225.736
225.672
225.621
225.583
225.559
225.548
225.551
225.571
225.594
225.611
225.667
225.869
226.492
227.59
228.723
229.508
229.941
230.157
230.219
230.185
230.089
229.969
229.902
229.905
229.973
230.11
230.26
230.405
230.558
230.724
230.897
231.077
231.261
231.449
231.641
231.835
232.029
232.224
232.417
232.606
232.79
232.968
233.139
233.301
233.453
233.595
233.724
233.841
233.942
234.029
234.099
234.154
234.191
234.212
234.218
234.206
234.176
234.131
234.074
234
233.917
233.82
233.717
233.603
233.48
233.353
233.218
233.081
232.944
232.809
232.679
232.55
232.412
232.214
223
223
223
223.002
223.059
223.537
224.886
226.344
227.032
227.184
227.1
226.839
226.592
226.407
226.249
226.105
225.973
225.857
225.759
225.68
225.616
225.567
225.531
225.51
225.502
225.507
225.526
225.542
225.565
225.672
226.057
226.954
228.122
229.063
229.631
229.948
230.104
230.142
230.094
229.987
229.876
229.825
229.84
229.923
230.06
230.205
230.35
230.503
230.666
230.837
231.012
231.192
231.376
231.562
231.75
231.938
232.125
232.309
232.49
232.665
232.833
232.994
233.145
233.286
233.416
233.534
233.639
233.729
233.804
233.863
233.906
233.934
233.946
233.943
233.922
233.886
233.835
233.772
233.694
233.609
233.511
233.405
233.291
233.169
233.042
232.909
232.774
232.64
232.508
232.38
232.255
232.12
231.927
228.566
229.274
229.681
229.93
230.042
230.059
230
229.886
229.785
229.748
229.774
229.87
230.009
230.149
230.291
230.444
230.606
230.773
230.944
231.12
231.298
231.479
231.66
231.841
232.021
232.197
232.369
232.535
232.693
232.843
232.984
233.114
233.233
233.34
233.433
233.512
233.575
233.624
233.657
233.675
233.679
233.667
233.638
233.597
233.54
233.473
233.392
233.304
233.204
233.097
232.983
232.861
232.735
232.604
232.471
232.339
232.21
232.086
231.963
231.832
231.643
228.88
229.383
229.691
229.89
229.973
229.969
229.901
229.786
229.697
229.673
229.709
229.816
229.954
230.09
230.23
230.382
230.541
230.705
230.872
231.043
231.216
231.391
231.566
231.74
231.912
232.08
232.243
232.399
232.548
232.688
232.818
232.937
233.045
233.141
233.223
233.291
233.344
233.383
233.406
233.416
233.411
233.39
233.356
233.308
233.246
233.176
233.091
233.001
232.9
232.792
232.678
232.557
232.432
232.302
232.172
232.042
231.916
231.795
231.676
231.548
231.365
229.068
229.424
229.678
229.839
229.899
229.877
229.799
229.688
229.612
229.599
229.645
229.76
229.897
230.03
230.168
230.317
230.474
230.634
230.797
230.963
231.131
231.299
231.468
231.635
231.799
231.958
232.112
232.259
232.398
232.528
232.648
232.757
232.854
232.939
233.01
233.068
233.111
233.14
233.155
233.157
233.142
233.115
233.074
233.021
232.955
232.881
232.794
232.701
232.599
232.491
232.377
232.257
232.133
232.006
231.877
231.75
231.628
231.51
231.394
231.27
231.091
229.158
229.432
229.646
229.779
229.819
229.784
229.695
229.59
229.53
229.527
229.582
229.702
229.837
229.967
230.104
230.25
230.403
230.56
230.718
230.879
231.041
231.204
231.366
231.525
231.681
231.832
231.977
232.115
232.244
232.364
232.474
232.572
232.659
232.733
232.795
232.843
232.876
232.896
232.903
232.896
232.874
232.841
232.794
232.737
232.666
232.589
232.5
232.406
232.303
232.194
232.081
231.961
231.839
231.714
231.588
231.464
231.344
231.23
231.117
230.996
230.821
229.187
229.418
229.605
229.711
229.734
229.688
229.593
229.496
229.449
229.456
229.521
229.643
229.775
229.903
230.038
230.182
230.331
230.483
230.637
230.792
230.949
231.105
231.26
231.412
231.56
231.702
231.838
231.966
232.086
232.196
232.296
232.385
232.461
232.526
232.577
232.616
232.64
232.652
232.651
232.635
232.607
232.568
232.516
232.454
232.38
232.3
232.209
232.114
232.011
231.902
231.789
231.671
231.55
231.427
231.304
231.183
231.066
230.955
230.846
230.729
230.561
229.187
229.389
229.555
229.638
229.644
229.591
229.493
229.405
229.369
229.386
229.462
229.584
229.711
229.837
229.971
230.111
230.256
230.403
230.552
230.703
230.853
231.002
231.15
231.295
231.434
231.568
231.695
231.815
231.925
232.026
232.116
232.194
232.261
232.316
232.358
232.388
232.404
232.408
232.399
232.376
232.342
232.297
232.24
232.175
232.097
232.015
231.923
231.827
231.724
231.615
231.503
231.386
231.267
231.146
231.025
230.908
230.795
230.687
230.581
230.468
230.305
229.168
229.352
229.498
229.559
229.551
229.492
229.396
229.318
229.292
229.317
229.403
229.525
229.647
229.771
229.902
230.039
230.179
230.322
230.465
230.61
230.754
230.897
231.037
231.174
231.306
231.431
231.55
231.66
231.761
231.852
231.933
232.002
232.059
232.105
232.138
232.159
232.168
232.165
232.147
232.118
232.078
232.028
231.967
231.898
231.818
231.734
231.641
231.544
231.441
231.332
231.221
231.106
230.989
230.871
230.753
230.638
230.528
230.424
230.322
230.212
230.053
229.137
229.309
229.433
229.476
229.457
229.391
229.301
229.234
229.217
229.25
229.345
229.465
229.583
229.703
229.832
229.965
230.101
230.238
230.376
230.515
230.652
230.789
230.922
231.051
231.175
231.292
231.401
231.502
231.594
231.676
231.748
231.808
231.856
231.893
231.918
231.931
231.933
231.921
231.897
231.862
231.817
231.763
231.697
231.626
231.543
231.457
231.364
231.266
231.163
231.055
230.945
230.832
230.717
230.601
230.486
230.375
230.268
230.167
230.068
229.963
229.81
229.101
229.261
229.361
229.389
229.362
229.293
229.208
229.154
229.145
229.186
229.286
229.404
229.518
229.635
229.76
229.889
230.02
230.152
230.284
230.417
230.548
230.678
230.803
230.925
231.041
231.149
231.25
231.343
231.426
231.499
231.561
231.613
231.652
231.68
231.697
231.703
231.697
231.678
231.648
231.608
231.558
231.5
231.431
231.356
231.272
231.185
231.091
230.993
230.89
230.783
230.675
230.563
230.45
230.337
230.225
230.117
230.014
229.916
229.821
229.719
229.571
229.062
229.206
229.284
229.3
229.268
229.197
229.12
229.076
229.076
229.124
229.227
229.341
229.452
229.566
229.687
229.812
229.938
230.064
230.191
230.317
230.442
230.564
230.683
230.797
230.904
231.005
231.098
231.181
231.256
231.32
231.374
231.417
231.448
231.468
231.477
231.476
231.462
231.438
231.402
231.357
231.303
231.24
231.168
231.091
231.006
230.917
230.823
230.724
230.623
230.517
230.41
230.3
230.189
230.079
229.969
229.864
229.765
229.67
229.579
229.48
229.337
229.018
229.144
229.203
229.21
229.175
229.105
229.035
229.001
229.008
229.064
229.167
229.278
229.385
229.496
229.613
229.733
229.853
229.974
230.095
230.215
230.333
230.449
230.56
230.666
230.766
230.859
230.943
231.018
231.084
231.14
231.185
231.22
231.243
231.256
231.258
231.249
231.229
231.199
231.158
231.109
231.05
230.984
230.909
230.83
230.743
230.654
230.56
230.461
230.361
230.256
230.15
230.042
229.933
229.826
229.719
229.617
229.521
229.43
229.341
229.246
229.108
228.97
229.076
229.121
229.121
229.084
229.016
228.955
228.929
228.943
229.006
229.108
229.213
229.317
229.425
229.537
229.652
229.767
229.883
229.997
230.111
230.223
230.331
230.435
230.534
230.626
230.711
230.787
230.854
230.912
230.96
230.997
231.023
231.039
231.045
231.04
231.024
230.998
230.962
230.917
230.864
230.801
230.732
230.654
230.574
230.486
230.396
230.301
230.203
230.103
230
229.895
229.79
229.683
229.578
229.474
229.375
229.282
229.194
229.108
229.017
228.884
228.915
229.003
229.037
229.033
228.995
228.932
228.878
228.858
228.878
228.948
229.047
229.148
229.248
229.352
229.46
229.57
229.68
229.79
229.898
230.006
230.111
230.212
230.31
230.401
230.485
230.562
230.63
230.689
230.739
230.778
230.808
230.827
230.836
230.835
230.822
230.8
230.768
230.728
230.678
230.621
230.555
230.484
230.403
230.321
230.233
230.142
230.048
229.95
229.851
229.748
229.646
229.542
229.438
229.335
229.234
229.138
229.048
228.963
228.88
228.791
228.662
228.856
228.928
228.955
228.948
228.91
228.851
228.805
228.791
228.816
228.89
228.986
229.081
229.177
229.278
229.382
229.486
229.591
229.695
229.798
229.899
229.998
230.093
230.183
230.267
230.343
230.412
230.473
230.524
230.565
230.597
230.619
230.631
230.633
230.625
230.606
230.578
230.541
230.496
230.442
230.382
230.312
230.239
230.157
230.073
229.984
229.893
229.798
229.701
229.603
229.502
229.401
229.299
229.197
229.096
228.998
228.905
228.817
228.735
228.655
228.569
228.444
228.792
228.853
228.874
228.866
228.828
228.774
228.734
228.725
228.754
228.831
228.924
229.014
229.106
229.203
229.302
229.402
229.501
229.6
229.697
229.792
229.884
229.972
230.055
230.131
230.2
230.262
230.314
230.358
230.391
230.416
230.43
230.436
230.431
230.415
230.391
230.358
230.316
230.266
230.209
230.145
230.073
229.997
229.914
229.829
229.739
229.648
229.554
229.457
229.359
229.26
229.16
229.06
228.96
228.862
228.766
228.676
228.591
228.511
228.434
228.351
228.231
228.727
228.778
228.796
228.786
228.749
228.699
228.665
228.66
228.694
228.771
228.86
228.946
229.035
229.127
229.222
229.317
229.411
229.504
229.595
229.684
229.769
229.85
229.926
229.995
230.057
230.111
230.156
230.191
230.218
230.234
230.242
230.241
230.229
230.208
230.178
230.139
230.093
230.04
229.978
229.912
229.837
229.759
229.674
229.589
229.499
229.407
229.313
229.216
229.12
229.022
228.923
228.825
228.727
228.631
228.538
228.45
228.367
228.29
228.215
228.135
228.019
228.661
228.706
228.72
228.709
228.673
228.627
228.598
228.597
228.634
228.711
228.796
228.878
228.963
229.051
229.142
229.231
229.32
229.408
229.493
229.576
229.654
229.728
229.797
229.858
229.913
229.959
229.996
230.024
230.043
230.053
230.055
230.046
230.028
230.001
229.966
229.922
229.872
229.814
229.75
229.681
229.603
229.524
229.439
229.352
229.262
229.17
229.076
228.98
228.884
228.788
228.69
228.594
228.498
228.404
228.313
228.227
228.147
228.072
227.999
227.92
227.807
229.452
229.373
229.293
229.206
229.118
229.028
228.936
228.842
228.747
228.652
228.556
228.46
228.365
228.271
228.179
228.09
228.006
227.928
227.855
227.784
227.707
227.597
228.328
228.233
228.14
228.047
227.956
227.869
227.787
227.711
227.639
227.57
227.495
227.388
223
223
223
223
223
223
223
223
223
223
223
223
223
223
223
223
223
223
223
223
223
223
223
223
223
223
223.003
223.055
223.377
224.09
224.744
225.02
224.992
224.866
224.525
224.174
223.873
223.588
223.315
223.058
222.818
222.587
222.358
222.129
221.9
221.678
221.463
221.257
221.057
220.861
220.665
220.469
220.272
220.075
219.877
219.678
219.478
219.277
219.075
218.87
218.652
218.415
218.167
217.948
217.795
217.692
217.578
217.386
217.093
216.737
216.362
215.972
215.554
215.101
214.613
214.092
213.535
212.939
212.301
211.624
210.91
210.151
209.338
208.479
207.561
206.597
205.588
204.538
203.462
202.333
201.191
200.014
198.816
197.629
196.44
195.285
194.162
193.027
191.933
190.863
189.812
188.854
187.959
187.12
186.32
185.574
184.887
184.244
183.639
183.066
182.564
182.077
181.62
181.186
180.775
180.419
180.181
180.09
180.109
180.177
179.849
223
223
223
223
223
223
223
223
223
223
223
223
223
223
223
223
223
223
223
223
223
223
223
223
223
223
223.001
223.032
223.277
223.94
224.667
225.027
225.038
224.966
224.661
224.307
223.993
223.702
223.433
223.183
222.948
222.72
222.492
222.263
222.036
221.817
221.607
221.406
221.211
221.019
220.827
220.635
220.443
220.251
220.059
219.866
219.673
219.48
219.287
219.091
218.885
218.659
218.42
218.205
218.055
217.961
217.867
217.704
217.437
217.099
216.739
216.368
215.971
215.539
215.073
214.575
214.04
213.467
212.857
212.209
211.513
210.768
209.972
209.136
208.249
207.32
206.344
205.324
204.263
203.141
201.996
200.83
199.613
198.412
197.235
196.043
194.9
193.745
192.624
191.51
190.417
189.367
188.374
187.441
186.569
185.759
185.011
184.327
183.716
183.152
182.657
182.161
181.672
181.199
180.758
180.399
180.167
180.074
180.096
180.158
179.841
223
223
223
223
223
223
223
223
223
223
223
223
223
223
223
223
223
223
223
223
223
223
223
223
223
223
223.001
223.018
223.193
223.784
224.562
225.021
225.086
225.049
224.796
224.444
224.112
223.817
223.553
223.311
223.081
222.854
222.624
222.396
222.172
221.958
221.753
221.557
221.366
221.178
220.99
220.801
220.613
220.426
220.24
220.055
219.869
219.684
219.499
219.312
219.116
218.902
218.672
218.461
218.315
218.229
218.153
218.019
217.781
217.461
217.116
216.762
216.386
215.976
215.532
215.056
214.545
213.998
213.414
212.785
212.109
211.391
210.632
209.83
208.971
208.066
207.106
206.097
205.039
203.935
202.791
201.631
200.442
199.228
198.032
196.774
195.534
194.331
193.158
192.016
190.943
189.903
188.93
187.969
187.073
186.232
185.422
184.657
183.942
183.277
182.674
182.128
181.594
181.073
180.588
180.209
179.981
179.898
179.954
180.04
179.764
223
223
223
223
223
223
223
223
223
223
223
223
223
223
223
223
223
223
223
223
223
223
223
223
223
223
223
223.009
223.128
223.629
224.431
224.994
225.126
225.122
224.926
224.58
224.232
223.933
223.677
223.442
223.215
222.987
222.756
222.528
222.308
222.098
221.899
221.708
221.521
221.336
221.151
220.967
220.783
220.602
220.422
220.243
220.065
219.887
219.711
219.533
219.348
219.144
218.923
218.717
218.573
218.494
218.435
218.33
218.122
217.822
217.491
217.155
216.8
216.412
215.99
215.537
215.05
214.528
213.965
213.36
212.715
212.032
211.298
210.511
209.664
208.771
207.821
206.822
205.776
204.684
203.552
202.374
201.196
199.973
198.749
197.482
196.207
194.959
193.72
192.516
191.365
190.275
189.285
188.347
187.457
186.629
185.808
185.034
184.305
183.596
182.889
182.231
181.624
181.059
180.535
180.09
179.781
179.635
179.666
179.747
179.437
223
223
223
223
223
223
223
223
223
223
223
223
223
223
223
223
223
223
223
223
223
223
223
223
223
223
223
223.005
223.08
223.483
224.276
224.939
225.158
225.191
225.045
224.712
224.352
224.053
223.804
223.574
223.349
223.119
222.887
222.661
222.445
222.241
222.046
221.86
221.676
221.495
221.313
221.132
220.953
220.776
220.603
220.431
220.26
220.09
219.922
219.753
219.578
219.385
219.175
218.973
218.83
218.758
218.713
218.636
218.461
218.183
217.867
217.546
217.212
216.845
216.446
216.016
215.553
215.054
214.516
213.941
213.325
212.662
211.944
211.177
210.361
209.5
208.581
207.615
206.598
205.531
204.426
203.254
202.072
200.857
199.579
198.311
197.037
195.773
194.536
193.301
192.098
190.894
189.738
188.709
187.742
186.874
186.015
185.198
184.442
183.739
183.079
182.436
181.809
181.205
180.631
180.1
179.706
179.479
179.435
179.492
179.154
223
223
223
223
223
223
223
223
223
223
223
223
223
223
223
223
223
223
223
223
223
223
223
223
223
223
223
223.002
223.046
223.353
224.103
224.856
225.176
225.253
225.146
224.842
224.478
224.179
223.934
223.708
223.482
223.25
223.017
222.793
222.582
222.384
222.195
222.012
221.832
221.652
221.474
221.296
221.122
220.951
220.784
220.619
220.455
220.293
220.133
219.973
219.807
219.625
219.424
219.228
219.086
219.018
218.986
218.936
218.796
218.542
218.241
217.936
217.621
217.276
216.9
216.492
216.052
215.578
215.068
214.519
213.925
213.284
212.597
211.868
211.088
210.256
209.359
208.412
207.409
206.357
205.255
204.105
202.905
201.697
200.402
199.101
197.83
196.544
195.31
194.055
192.833
191.624
190.477
189.381
188.324
187.345
186.418
185.516
184.676
183.884
183.155
182.477
181.861
181.299
180.749
180.203
179.765
179.5
179.407
179.45
179.084
223
223
223
223
223
223
223
223
223
223
223
223
223
223
223
223
223
223
223
223
223
223
223
223
223
223
223
223.001
223.025
223.244
223.918
224.743
225.179
225.309
225.225
224.97
224.61
224.311
224.068
223.841
223.613
223.379
223.146
222.927
222.721
222.529
222.344
222.164
221.986
221.809
221.633
221.46
221.29
221.125
220.965
220.806
220.65
220.495
220.343
220.191
220.034
219.864
219.673
219.482
219.341
219.276
219.254
219.229
219.126
218.901
218.614
218.323
218.027
217.705
217.35
216.966
216.549
216.101
215.616
215.09
214.522
213.914
213.261
212.559
211.798
210.98
210.1
209.172
208.189
207.153
206.063
204.924
203.73
202.481
201.214
199.888
198.6
197.289
195.995
194.699
193.411
192.183
191.042
189.983
188.936
187.927
186.979
186.059
185.194
184.359
183.567
182.788
182.053
181.389
180.827
180.343
179.953
179.705
179.598
179.643
179.202
223
223
223
223
223
223
223
223
223
223
223
223
223
223
223
223
223
223
223
223
223
223
223
223
223
223
223
223
223.013
223.158
223.732
224.597
225.161
225.354
225.289
225.094
224.751
224.449
224.204
223.974
223.741
223.506
223.276
223.061
222.862
222.675
222.493
222.316
222.14
221.965
221.792
221.622
221.458
221.299
221.145
220.994
220.844
220.697
220.552
220.408
220.26
220.1
219.919
219.735
219.594
219.53
219.517
219.515
219.45
219.257
218.987
218.708
218.43
218.129
217.797
217.435
217.043
216.619
216.158
215.659
215.122
214.542
213.913
213.231
212.495
211.708
210.866
209.977
209.027
208.024
206.96
205.837
204.674
203.42
202.174
200.871
199.555
198.241
196.919
195.611
194.29
192.976
191.651
190.464
189.365
188.303
187.332
186.398
185.515
184.69
183.93
183.194
182.498
181.802
181.163
180.622
180.177
179.898
179.785
179.829
179.345
223
223
223
223
223
223
223
223
223
223
223
223
223
223
223
223
223
223
223
223
223
223
223
223
223
223
223
223
223.006
223.096
223.556
224.42
225.111
225.382
225.342
225.213
224.898
224.593
224.341
224.103
223.866
223.632
223.406
223.198
223.005
222.822
222.643
222.467
222.293
222.119
221.949
221.784
221.625
221.472
221.325
221.18
221.038
220.898
220.76
220.623
220.484
220.333
220.163
219.986
219.846
219.783
219.778
219.791
219.763
219.611
219.36
219.091
218.829
218.55
218.24
217.901
217.532
217.132
216.697
216.226
215.716
215.16
214.557
213.908
213.209
212.458
211.648
210.783
209.851
208.864
207.813
206.704
205.538
204.32
203.055
201.79
200.451
199.119
197.789
196.453
195.132
193.822
192.509
191.201
189.998
188.804
187.711
186.707
185.735
184.863
184.088
183.345
182.64
181.968
181.335
180.795
180.35
180.058
179.924
179.946
179.467
223
223
223
223
223
223
223
223
223
223
223
223
223
223
223
223
223
223
223
223
223
223
223
223
223
223
223
223
223.003
223.054
223.398
224.217
225.023
225.393
225.391
225.323
225.047
224.74
224.476
224.229
223.989
223.758
223.539
223.337
223.15
222.97
222.792
222.617
222.443
222.272
222.106
221.945
221.792
221.645
221.504
221.366
221.231
221.097
220.966
220.836
220.705
220.564
220.405
220.235
220.097
220.033
220.034
220.063
220.064
219.957
219.732
219.474
219.226
218.966
218.679
218.362
218.016
217.641
217.232
216.787
216.302
215.775
215.206
214.59
213.919
213.191
212.402
211.557
210.647
209.685
208.658
207.574
206.429
205.234
203.978
202.683
201.339
199.962
198.606
197.231
195.871
194.523
193.247
191.96
190.767
189.552
188.384
187.329
186.277
185.304
184.405
183.576
182.797
182.064
181.363
180.767
180.316
180.047
179.948
179.972
179.495
223
223
223
223
223
223
223
223
223
223
223
223
223
223
223
223
223
223
223
223
223
223
223
223
223
223
223
223
223.001
223.028
223.268
224
224.89
225.385
225.445
225.414
225.193
224.89
224.609
224.351
224.111
223.885
223.674
223.48
223.296
223.117
222.94
222.765
222.592
222.423
222.261
222.106
221.958
221.818
221.683
221.552
221.422
221.295
221.17
221.047
220.923
220.791
220.643
220.482
220.346
220.282
220.287
220.333
220.358
220.288
220.098
219.856
219.619
219.378
219.112
218.818
218.495
218.144
217.761
217.341
216.885
216.389
215.848
215.258
214.612
213.915
213.162
212.353
211.48
210.553
209.559
208.508
207.397
206.226
205.011
203.705
202.381
200.994
199.617
198.208
196.783
195.348
193.97
192.6
191.316
190.097
188.897
187.811
186.749
185.762
184.841
183.971
183.151
182.369
181.64
180.945
180.378
180.011
179.87
179.864
179.305
223
223
223
223
223
223
223
223
223
223
223
223
223
223
223
223
223
223
223
223
223
223
223
223
223
223
223
223
223
223.013
223.168
223.783
224.717
225.349
225.489
225.496
225.333
225.037
224.737
224.471
224.234
224.017
223.814
223.624
223.442
223.263
223.085
222.91
222.739
222.573
222.415
222.266
222.124
221.99
221.861
221.736
221.612
221.491
221.372
221.255
221.138
221.015
220.877
220.726
220.594
220.529
220.535
220.598
220.644
220.606
220.459
220.236
220.009
219.784
219.54
219.268
218.968
218.641
218.283
217.89
217.462
216.994
216.48
215.919
215.31
214.65
213.93
213.15
212.304
211.4
210.425
209.392
208.294
207.136
205.918
204.62
203.277
201.891
200.478
199.043
197.613
196.15
194.752
193.33
191.951
190.666
189.402
188.246
187.142
186.071
185.067
184.146
183.311
182.495
181.752
181.074
180.505
180.129
179.944
179.9
179.268
223
223
223
223
223
223
223
223
223
223
223
223
223
223
223
223
223
223
223
223
223
223
223
223
223
223
223
223
223
223.006
223.098
223.58
224.508
225.273
225.52
225.571
225.458
225.179
224.864
224.593
224.361
224.152
223.956
223.769
223.586
223.406
223.227
223.053
222.884
222.722
222.569
222.426
222.29
222.162
222.039
221.918
221.8
221.684
221.571
221.46
221.35
221.235
221.108
220.967
220.839
220.773
220.78
220.857
220.926
220.916
220.81
220.61
220.395
220.186
219.962
219.712
219.435
219.131
218.798
218.432
218.031
217.59
217.107
216.58
216.004
215.373
214.679
213.926
213.111
212.238
211.295
210.295
209.226
208.092
206.886
205.609
204.258
202.875
201.458
200.015
198.608
197.142
195.708
194.266
192.843
191.508
190.2
188.987
187.849
186.734
185.653
184.59
183.628
182.706
181.86
181.113
180.497
180.121
179.962
180.02
179.373
223
223
223
223
223
223
223
223
223
223
223
223
223
223
223
223
223
223
223
223
223
223
223
223
223
223
223
223
223
223.002
223.052
223.403
224.272
225.156
225.535
225.638
225.56
225.314
224.993
224.72
224.493
224.29
224.099
223.913
223.728
223.545
223.366
223.193
223.027
222.87
222.724
222.586
222.456
222.332
222.214
222.099
221.986
221.875
221.767
221.662
221.558
221.451
221.334
221.204
221.082
221.015
221.021
221.109
221.206
221.22
221.148
220.977
220.778
220.584
220.379
220.15
219.894
219.614
219.306
218.966
218.592
218.18
217.728
217.232
216.684
216.083
215.424
214.71
213.936
213.099
212.192
211.223
210.177
209.064
207.879
206.618
205.296
203.908
202.493
201.03
199.557
198.06
196.537
195.074
193.592
192.192
190.841
189.561
188.381
187.234
186.169
185.156
184.209
183.304
182.417
181.564
180.807
180.229
179.98
179.961
179.308
223
223
223
223
223
223
223
223
223
223
223
223
223
223
223
223
223
223
223
223
223
223
223
223
223
223
223
223
223
223.001
223.026
223.261
224.023
224.994
225.528
225.699
225.639
225.442
225.128
224.854
224.629
224.43
224.241
224.053
223.865
223.681
223.502
223.332
223.17
223.019
222.878
222.746
222.621
222.502
222.388
222.277
222.169
222.062
221.96
221.86
221.762
221.663
221.556
221.438
221.322
221.255
221.258
221.355
221.48
221.518
221.474
221.337
221.157
220.976
220.788
220.58
220.347
220.09
219.806
219.492
219.145
218.762
218.339
217.872
217.356
216.791
216.169
215.491
214.747
213.938
213.058
212.112
211.086
209.995
208.83
207.597
206.303
204.925
203.511
202.048
200.553
199.049
197.478
195.949
194.405
192.919
191.493
190.095
188.821
187.58
186.442
185.404
184.427
183.577
182.802
181.979
181.21
180.549
180.128
180.007
179.264
223
223
223
223
223
223
223
223
223
223
223
223
223
223
223
223
223
223
223
223
223
223
223
223
223
223
223
223
223
223
223.012
223.156
223.778
224.787
225.489
225.741
225.702
225.563
225.27
224.994
224.769
224.571
224.38
224.189
223.998
223.813
223.637
223.47
223.314
223.169
223.033
222.906
222.785
222.67
222.56
222.453
222.348
222.246
222.148
222.054
221.962
221.87
221.774
221.667
221.559
221.492
221.492
221.593
221.747
221.809
221.789
221.69
221.531
221.362
221.19
221.003
220.792
220.557
220.297
220.009
219.689
219.334
218.941
218.505
218.024
217.493
216.904
216.257
215.546
214.772
213.929
213.018
212.027
210.97
209.839
208.64
207.366
206.011
204.602
203.152
201.648
200.126
198.574
197.014
195.469
193.952
192.507
191.026
189.634
188.287
186.959
185.782
184.673
183.656
182.837
182.1
181.452
180.898
180.481
180.353
179.558
223
223
223
223
223
223
223
223
223
223
223
223
223
223
223
223
223
223
223
223
223
223
223
223
223
223
223
223
223
223
223.005
223.086
223.557
224.541
225.4
225.759
225.757
225.677
225.414
225.137
224.91
224.708
224.513
224.319
224.126
223.942
223.77
223.608
223.458
223.318
223.188
223.064
222.947
222.835
222.728
222.624
222.523
222.425
222.332
222.243
222.157
222.072
221.986
221.89
221.792
221.726
221.721
221.824
222.004
222.096
222.097
222.031
221.894
221.739
221.584
221.417
221.227
221.014
220.777
220.514
220.22
219.893
219.529
219.124
218.674
218.174
217.619
217.008
216.335
215.599
214.792
213.913
212.954
211.932
210.831
209.658
208.4
207.052
205.625
204.158
202.634
201.07
199.487
197.885
196.323
194.77
193.33
191.838
190.386
189.059
187.732
186.449
185.248
184.116
183.149
182.338
181.682
181.224
180.862
180.695
179.898
223
223
223
223
223
223
223
223
223
223
223
223
223
223
223
223
223
223
223
223
223
223
223
223
223
223
223
223
223
223
223.002
223.044
223.373
224.271
225.254
225.755
225.817
225.771
225.553
225.284
225.05
224.84
224.64
224.443
224.251
224.071
223.903
223.748
223.602
223.467
223.341
223.221
223.106
222.996
222.891
222.79
222.693
222.6
222.511
222.427
222.347
222.27
222.192
222.109
222.021
221.956
221.948
222.049
222.251
222.377
222.399
222.357
222.248
222.11
221.972
221.824
221.654
221.463
221.25
221.012
220.746
220.447
220.113
219.74
219.323
218.86
218.343
217.77
217.135
216.436
215.665
214.824
213.907
212.923
211.852
210.707
209.471
208.151
206.771
205.317
203.829
202.251
200.653
198.965
197.326
195.65
194.071
192.499
190.99
189.596
188.252
186.918
185.671
184.481
183.439
182.608
181.904
181.38
181.014
180.838
180.129
223
223
223
223
223
223
223
223
223
223
223
223
223
223
223
223
223
223
223
223
223
223
223
223
223
223
223
223
223
223
223.001
223.021
223.236
224.008
225.07
225.73
225.864
225.849
225.687
225.427
225.179
224.959
224.755
224.56
224.372
224.196
224.034
223.883
223.742
223.611
223.487
223.369
223.256
223.148
223.044
222.946
222.853
222.764
222.68
222.601
222.527
222.457
222.388
222.316
222.238
222.177
222.166
222.261
222.483
222.646
222.688
222.666
222.584
222.465
222.34
222.207
222.057
221.886
221.695
221.48
221.237
220.964
220.657
220.312
219.925
219.493
219.006
218.463
217.859
217.191
216.453
215.645
214.759
213.8
212.747
211.618
210.394
209.091
207.715
206.254
204.761
203.195
201.653
200.007
198.408
196.717
195.1
193.513
191.973
190.535
189.149
187.762
186.424
185.082
183.827
182.851
182.09
181.489
181.054
180.826
179.793
)
;

boundaryField
{
    inlet
    {
        type            fixedValue;
        value           uniform 223;
    }
    obstacle
    {
        type            zeroGradient;
    }
    bottom
    {
        type            symmetry;
    }
    outlet
    {
        type            inletOutlet;
        inletValue      nonuniform List<scalar> 0();
        value           nonuniform List<scalar> 0();
    }
    top
    {
        type            symmetry;
    }
    defaultFaces
    {
        type            empty;
    }
    procBoundary6to4
    {
        type            processor;
        value           nonuniform List<scalar> 
121
(
223
223
223
223
223
223
223
223
223
223
223
223
223
223
223
223
223
223
223
223
223
223
223
223
223
223
223.005
223.087
223.491
224.226
224.794
225.001
224.944
224.754
224.389
224.044
223.753
223.473
223.198
222.936
222.689
222.455
222.225
221.995
221.765
221.539
221.32
221.109
220.904
220.703
220.503
220.303
220.102
219.899
219.696
219.49
219.282
219.074
218.863
218.648
218.42
218.172
217.915
217.692
217.535
217.42
217.285
217.065
216.748
216.375
215.984
215.576
215.137
214.662
214.153
213.609
213.028
212.412
211.752
211.047
210.3
209.518
208.692
207.826
206.903
205.929
204.906
203.845
202.758
201.651
200.517
199.351
198.192
197.003
195.808
194.664
193.539
192.433
191.386
190.397
189.474
188.601
187.771
186.952
186.146
185.393
184.694
184.031
183.408
182.837
182.334
181.863
181.43
181.001
180.593
180.248
180.035
179.97
180.009
180.08
179.807
)
;
    }
    procBoundary6to7
    {
        type            processor;
        value           nonuniform List<scalar> 
153
(
223
223
223
223
223
223
223
223
223
223
223
223
223
223
223
223
223
223
223
223
223
223
223
223
223
223
223
223
223
223
223
223
223
223
223
223
223
223
223
223
223
223
223
223
223.005
223.101
223.744
225.209
226.539
227.072
227.153
227.036
226.769
226.528
226.341
226.181
226.039
225.912
225.799
225.702
225.624
225.561
225.512
225.479
225.46
225.455
225.461
225.476
225.487
225.54
225.749
226.396
227.493
227.493
228.013
228.435
228.722
228.885
228.956
228.975
228.968
228.939
228.904
228.867
228.828
228.786
228.741
228.692
228.639
228.584
228.595
228.634
228.646
228.635
228.599
228.556
228.531
228.534
228.574
228.65
228.731
228.809
228.891
228.975
229.061
229.145
229.229
229.311
229.39
229.466
229.538
229.605
229.666
229.721
229.768
229.806
229.836
229.857
229.869
229.873
229.867
229.852
229.828
229.796
229.755
229.708
229.653
229.592
229.524
229.524
229.226
229.145
229.063
228.976
228.888
228.797
228.705
228.612
228.517
228.423
228.423
228.102
228.008
227.916
227.824
227.735
227.65
227.57
227.495
227.425
227.357
227.284
227.178
)
;
    }
}


// ************************************************************************* //
