/*--------------------------------*- C++ -*----------------------------------*\
| =========                 |                                                 |
| \\      /  F ield         | OpenFOAM: The Open Source CFD Toolbox           |
|  \\    /   O peration     | Version:  2412                                  |
|   \\  /    A nd           | Website:  www.openfoam.com                      |
|    \\/     M anipulation  |                                                 |
\*---------------------------------------------------------------------------*/
FoamFile
{
    version     2.0;
    format      ascii;
    arch        "LSB;label=32;scalar=64";
    class       volScalarField;
    location    "0.027";
    object      T;
}
// * * * * * * * * * * * * * * * * * * * * * * * * * * * * * * * * * * * * * //

dimensions      [0 0 0 1 0 0 0];

internalField   nonuniform List<scalar> 
9763
(
227.997
229.676
227.995
229.755
227.982
229.763
227.957
229.672
227.889
229.537
227.789
229.378
227.679
229.219
227.581
229.069
227.496
228.932
227.419
228.806
227.349
228.689
227.29
228.575
227.235
228.467
227.181
228.36
227.127
228.255
227.073
228.149
227.017
228.042
226.96
227.933
226.899
227.821
226.834
227.704
226.765
227.582
226.691
227.455
226.614
227.324
226.533
227.187
226.45
227.047
226.366
226.904
226.28
226.759
226.194
226.612
226.105
226.465
226.013
226.32
225.912
226.177
225.799
226.035
225.678
225.891
225.551
225.743
225.422
225.588
225.29
225.43
225.155
225.268
225.018
225.104
224.879
224.934
224.743
224.754
224.563
224.361
224.156
240.986
227.328
227.883
227.946
227.841
227.572
227.011
226.168
225.405
224.825
224.449
224.18
223.862
223.42
222.903
222.354
221.818
221.332
220.953
220.705
220.52
220.379
220.259
220.148
220.038
219.924
219.805
219.68
219.554
219.428
219.304
219.182
219.063
218.95
218.846
218.751
218.664
218.587
218.522
218.469
218.43
218.405
218.394
218.398
218.417
218.448
218.492
218.551
218.625
218.71
218.803
218.902
219.004
219.112
219.228
219.348
219.47
219.6
219.725
219.877
220.022
220.191
220.375
220.568
220.769
220.983
221.197
221.412
221.628
221.839
222.046
222.254
222.462
222.67
222.882
223.094
223.304
223.512
223.718
223.92
224.122
224.323
224.526
224.732
224.938
225.141
225.34
225.534
225.719
225.894
226.055
226.21
226.359
226.503
226.64
226.773
226.903
227.028
227.149
227.265
227.374
227.476
227.572
227.663
227.749
227.836
227.924
228.019
228.117
228.219
228.333
228.451
228.574
228.693
228.797
228.875
228.922
228.938
228.899
228.858
228.65
240.923
227.328
227.872
227.94
227.836
227.571
227.013
226.172
225.405
224.823
224.443
224.171
223.852
223.408
222.89
222.34
221.804
221.32
220.945
220.698
220.515
220.375
220.255
220.143
220.032
219.918
219.797
219.67
219.541
219.413
219.287
219.163
219.041
218.925
218.817
218.718
218.627
218.546
218.478
218.421
218.377
218.347
218.332
218.332
218.346
218.374
218.414
218.468
218.538
218.621
218.712
218.809
218.91
219.016
219.129
219.246
219.367
219.494
219.619
219.769
219.911
220.084
220.264
220.459
220.658
220.867
221.078
221.289
221.503
221.712
221.919
222.129
222.336
222.543
222.752
222.958
223.161
223.36
223.554
223.744
223.932
224.123
224.321
224.527
224.74
224.954
225.167
225.375
225.574
225.762
225.934
226.09
226.231
226.363
226.49
226.613
226.733
226.852
226.966
227.076
227.179
227.276
227.366
227.451
227.532
227.614
227.698
227.789
227.888
227.994
228.114
228.252
228.405
228.564
228.714
228.836
228.918
228.959
228.978
228.99
228.991
240.888
227.325
227.862
227.936
227.833
227.57
227.016
226.177
225.405
224.82
224.438
224.162
223.841
223.397
222.878
222.327
221.791
221.309
220.937
220.691
220.51
220.37
220.251
220.138
220.027
219.911
219.788
219.66
219.529
219.398
219.27
219.143
219.019
218.9
218.788
218.684
218.589
218.505
218.432
218.372
218.323
218.288
218.269
218.264
218.273
218.297
218.332
218.382
218.448
218.527
218.616
218.711
218.811
218.915
219.025
219.139
219.257
219.38
219.504
219.651
219.791
219.964
220.14
220.333
220.532
220.737
220.942
221.148
221.358
221.563
221.769
221.978
222.184
222.391
222.597
222.8
222.997
223.19
223.377
223.56
223.742
223.928
224.122
224.324
224.53
224.735
224.935
225.126
225.304
225.469
225.621
225.762
225.893
226.019
226.141
226.261
226.38
226.496
226.609
226.716
226.817
226.91
226.997
227.077
227.153
227.23
227.307
227.391
227.483
227.583
227.699
227.832
227.98
228.133
228.279
228.405
228.502
228.569
228.616
228.651
228.677
240.872
227.32
227.853
227.931
227.829
227.569
227.018
226.181
225.405
224.818
224.433
224.154
223.831
223.386
222.866
222.314
221.779
221.299
220.93
220.686
220.505
220.367
220.247
220.134
220.021
219.904
219.78
219.65
219.517
219.385
219.254
219.125
218.998
218.875
218.76
218.652
218.553
218.465
218.389
218.324
218.271
218.231
218.208
218.198
218.202
218.222
218.254
218.299
218.36
218.435
218.521
218.614
218.713
218.816
218.924
219.035
219.15
219.268
219.389
219.534
219.671
219.845
220.019
220.212
220.408
220.609
220.808
221.007
221.21
221.41
221.612
221.819
222.022
222.228
222.432
222.633
222.828
223.02
223.202
223.38
223.554
223.732
223.918
224.112
224.309
224.505
224.694
224.87
225.03
225.174
225.305
225.426
225.542
225.655
225.768
225.881
225.994
226.106
226.215
226.319
226.417
226.507
226.591
226.668
226.743
226.817
226.892
226.976
227.066
227.167
227.284
227.419
227.568
227.722
227.87
228.001
228.108
228.188
228.245
228.286
228.314
240.872
227.317
227.845
227.927
227.825
227.569
227.021
226.186
225.405
224.816
224.428
224.146
223.822
223.375
222.854
222.302
221.767
221.289
220.923
220.68
220.501
220.363
220.243
220.13
220.016
219.898
219.773
219.641
219.506
219.372
219.239
219.108
218.978
218.852
218.733
218.621
218.518
218.426
218.347
218.278
218.22
218.176
218.147
218.134
218.134
218.148
218.176
218.218
218.274
218.345
218.428
218.518
218.615
218.717
218.823
218.932
219.044
219.158
219.278
219.417
219.552
219.725
219.895
220.087
220.281
220.478
220.673
220.867
221.064
221.258
221.455
221.656
221.854
222.055
222.256
222.455
222.649
222.839
223.019
223.195
223.367
223.543
223.726
223.913
224.1
224.284
224.459
224.619
224.764
224.894
225.012
225.122
225.227
225.332
225.437
225.544
225.651
225.758
225.862
225.961
226.054
226.139
226.218
226.29
226.36
226.428
226.498
226.576
226.66
226.755
226.871
227.005
227.154
227.311
227.463
227.599
227.709
227.791
227.847
227.885
227.911
240.878
227.314
227.836
227.922
227.822
227.568
227.023
226.19
225.406
224.814
224.424
224.138
223.812
223.365
222.843
222.29
221.755
221.279
220.917
220.675
220.497
220.36
220.24
220.126
220.011
219.892
219.765
219.632
219.495
219.359
219.224
219.09
218.958
218.829
218.707
218.591
218.484
218.388
218.305
218.233
218.171
218.122
218.088
218.07
218.066
218.075
218.1
218.138
218.19
218.256
218.335
218.423
218.518
218.619
218.724
218.831
218.94
219.051
219.167
219.302
219.435
219.604
219.771
219.96
220.152
220.346
220.537
220.728
220.921
221.11
221.302
221.496
221.688
221.882
222.077
222.272
222.463
222.651
222.83
223.005
223.178
223.354
223.536
223.72
223.901
224.075
224.237
224.383
224.513
224.628
224.734
224.832
224.929
225.027
225.128
225.231
225.337
225.443
225.547
225.645
225.737
225.821
225.898
225.967
226.034
226.097
226.164
226.235
226.311
226.404
226.513
226.644
226.79
226.946
227.098
227.234
227.345
227.428
227.482
227.513
227.519
240.869
227.31
227.827
227.917
227.818
227.567
227.026
226.194
225.406
224.812
224.419
224.13
223.803
223.354
222.832
222.278
221.744
221.269
220.91
220.67
220.493
220.356
220.236
220.121
220.006
219.886
219.758
219.623
219.485
219.346
219.21
219.073
218.938
218.807
218.681
218.561
218.449
218.35
218.263
218.187
218.121
218.067
218.028
218.006
217.997
218.002
218.022
218.056
218.104
218.166
218.241
218.326
218.418
218.518
218.622
218.727
218.834
218.942
219.055
219.184
219.314
219.48
219.642
219.828
220.017
220.207
220.396
220.585
220.776
220.963
221.153
221.342
221.528
221.716
221.904
222.09
222.275
222.456
222.632
222.806
222.981
223.162
223.346
223.529
223.705
223.871
224.021
224.154
224.272
224.377
224.474
224.567
224.66
224.756
224.856
224.961
225.068
225.176
225.282
225.382
225.475
225.56
225.637
225.706
225.77
225.831
225.896
225.963
226.036
226.125
226.233
226.36
226.504
226.659
226.813
226.951
227.063
227.144
227.199
227.24
227.265
240.854
227.306
227.817
227.913
227.814
227.566
227.028
226.199
225.407
224.81
224.414
224.122
223.793
223.343
222.82
222.266
221.732
221.26
220.904
220.664
220.489
220.353
220.233
220.117
220.001
219.88
219.751
219.614
219.474
219.334
219.195
219.056
218.918
218.784
218.654
218.53
218.415
218.312
218.221
218.141
218.07
218.011
217.967
217.94
217.928
217.929
217.943
217.973
218.016
218.075
218.145
218.226
218.316
218.414
218.517
218.621
218.727
218.832
218.941
219.065
219.191
219.352
219.509
219.692
219.877
220.063
220.249
220.437
220.626
220.813
221.003
221.189
221.372
221.555
221.736
221.914
222.09
222.262
222.432
222.602
222.777
222.958
223.143
223.324
223.496
223.653
223.792
223.914
224.019
224.115
224.205
224.293
224.385
224.482
224.585
224.694
224.806
224.918
225.028
225.132
225.227
225.313
225.39
225.458
225.521
225.58
225.641
225.705
225.776
225.862
225.966
226.089
226.231
226.383
226.536
226.675
226.787
226.865
226.916
226.954
226.992
240.844
227.301
227.807
227.908
227.81
227.565
227.031
226.203
225.407
224.808
224.41
224.114
223.783
223.332
222.808
222.253
221.72
221.25
220.897
220.659
220.485
220.349
220.229
220.113
219.996
219.873
219.743
219.605
219.463
219.321
219.18
219.039
218.898
218.76
218.627
218.499
218.38
218.273
218.178
218.093
218.018
217.954
217.905
217.872
217.856
217.853
217.862
217.887
217.927
217.98
218.047
218.124
218.21
218.306
218.407
218.511
218.615
218.718
218.824
218.943
219.064
219.22
219.372
219.55
219.731
219.913
220.096
220.282
220.468
220.655
220.844
221.029
221.211
221.392
221.568
221.741
221.909
222.072
222.234
222.399
222.571
222.75
222.933
223.109
223.274
223.421
223.549
223.659
223.754
223.842
223.928
224.014
224.107
224.207
224.314
224.427
224.543
224.658
224.77
224.875
224.97
225.054
225.127
225.192
225.249
225.304
225.357
225.414
225.479
225.558
225.654
225.769
225.903
226.049
226.198
226.334
226.446
226.524
226.569
226.589
226.595
240.821
227.296
227.798
227.903
227.806
227.564
227.033
226.207
225.408
224.805
224.405
224.105
223.772
223.321
222.796
222.241
221.708
221.24
220.891
220.654
220.481
220.346
220.226
220.109
219.991
219.867
219.736
219.596
219.453
219.309
219.165
219.022
218.878
218.737
218.6
218.468
218.345
218.233
218.134
218.046
217.966
217.897
217.842
217.804
217.783
217.775
217.78
217.8
217.835
217.885
217.947
218.019
218.102
218.194
218.294
218.397
218.501
218.603
218.706
218.82
218.936
219.087
219.233
219.407
219.583
219.761
219.94
220.122
220.304
220.487
220.673
220.855
221.036
221.215
221.39
221.56
221.726
221.885
222.042
222.202
222.368
222.54
222.714
222.879
223.032
223.167
223.281
223.381
223.469
223.552
223.637
223.725
223.823
223.93
224.043
224.162
224.282
224.402
224.515
224.62
224.712
224.792
224.862
224.921
224.975
225.025
225.073
225.126
225.186
225.259
225.349
225.459
225.589
225.731
225.876
226.011
226.121
226.2
226.244
226.262
226.265
240.79
227.29
227.788
227.898
227.802
227.563
227.036
226.212
225.408
224.803
224.4
224.097
223.762
223.31
222.784
222.228
221.696
221.23
220.884
220.649
220.477
220.343
220.222
220.104
219.985
219.861
219.728
219.588
219.442
219.296
219.151
219.004
218.857
218.713
218.573
218.437
218.31
218.194
218.091
217.997
217.913
217.838
217.777
217.734
217.708
217.696
217.696
217.711
217.742
217.787
217.844
217.912
217.99
218.079
218.175
218.278
218.382
218.485
218.586
218.696
218.807
218.952
219.092
219.26
219.432
219.606
219.781
219.958
220.133
220.31
220.489
220.663
220.84
221.016
221.19
221.36
221.527
221.687
221.844
222.003
222.164
222.329
222.491
222.642
222.78
222.9
223.002
223.093
223.176
223.258
223.347
223.442
223.549
223.663
223.784
223.909
224.036
224.158
224.27
224.371
224.459
224.534
224.598
224.654
224.703
224.748
224.793
224.841
224.897
224.967
225.054
225.161
225.287
225.428
225.571
225.705
225.816
225.895
225.941
225.959
225.962
240.767
227.285
227.778
227.893
227.798
227.562
227.038
226.216
225.409
224.801
224.395
224.088
223.751
223.298
222.772
222.215
221.684
221.22
220.877
220.644
220.474
220.339
220.218
220.1
219.98
219.855
219.721
219.579
219.432
219.284
219.136
218.986
218.837
218.689
218.545
218.406
218.274
218.154
218.047
217.949
217.859
217.779
217.713
217.664
217.632
217.615
217.611
217.62
217.647
217.687
217.741
217.805
217.878
217.962
218.055
218.156
218.259
218.363
218.464
218.571
218.68
218.818
218.953
219.115
219.283
219.451
219.621
219.791
219.959
220.127
220.297
220.462
220.63
220.799
220.968
221.137
221.305
221.469
221.629
221.789
221.948
222.105
222.254
222.39
222.51
222.614
222.705
222.791
222.873
222.959
223.056
223.162
223.279
223.402
223.532
223.663
223.791
223.911
224.019
224.114
224.196
224.265
224.324
224.376
224.422
224.465
224.508
224.554
224.608
224.676
224.763
224.87
224.996
225.137
225.281
225.416
225.529
225.61
225.659
225.681
225.686
240.765
227.28
227.767
227.887
227.794
227.561
227.041
226.221
225.41
224.798
224.391
224.08
223.741
223.287
222.759
222.202
221.671
221.21
220.871
220.639
220.47
220.336
220.215
220.096
219.975
219.849
219.714
219.57
219.421
219.271
219.121
218.969
218.816
218.666
218.518
218.375
218.239
218.115
218.002
217.9
217.806
217.72
217.647
217.592
217.554
217.533
217.524
217.528
217.549
217.586
217.635
217.695
217.764
217.842
217.931
218.029
218.132
218.237
218.338
218.444
218.551
218.683
218.814
218.97
219.131
219.294
219.459
219.624
219.786
219.948
220.11
220.268
220.427
220.586
220.745
220.906
221.069
221.231
221.393
221.554
221.712
221.864
222.002
222.125
222.231
222.323
222.407
222.491
222.575
222.668
222.776
222.893
223.019
223.152
223.289
223.422
223.546
223.66
223.76
223.846
223.92
223.982
224.035
224.082
224.125
224.166
224.206
224.251
224.305
224.372
224.459
224.566
224.694
224.837
224.983
225.12
225.235
225.32
225.372
225.397
225.405
240.77
227.275
227.757
227.882
227.79
227.56
227.044
226.225
225.411
224.796
224.386
224.071
223.73
223.275
222.747
222.189
221.659
221.2
220.864
220.635
220.466
220.333
220.211
220.092
219.97
219.843
219.706
219.561
219.411
219.259
219.106
218.951
218.796
218.642
218.491
218.344
218.204
218.075
217.958
217.852
217.752
217.66
217.582
217.52
217.477
217.45
217.437
217.436
217.451
217.483
217.529
217.585
217.649
217.722
217.806
217.899
218
218.105
218.209
218.314
218.422
218.549
218.678
218.827
218.981
219.138
219.298
219.458
219.617
219.776
219.935
220.09
220.243
220.393
220.541
220.689
220.841
220.993
221.146
221.301
221.453
221.597
221.727
221.84
221.938
222.025
222.108
222.194
222.285
222.388
222.504
222.63
222.766
222.905
223.042
223.169
223.286
223.39
223.482
223.56
223.626
223.682
223.73
223.774
223.813
223.853
223.893
223.937
223.99
224.058
224.146
224.256
224.387
224.532
224.682
224.822
224.941
225.029
225.085
225.114
225.126
240.771
227.27
227.747
227.877
227.786
227.559
227.046
226.229
225.412
224.794
224.381
224.062
223.719
223.263
222.734
222.177
221.647
221.191
220.857
220.63
220.463
220.329
220.208
220.088
219.965
219.837
219.699
219.553
219.401
219.247
219.091
218.934
218.776
218.618
218.464
218.313
218.169
218.035
217.914
217.803
217.698
217.601
217.516
217.448
217.398
217.365
217.348
217.342
217.351
217.379
217.42
217.472
217.533
217.601
217.679
217.767
217.864
217.968
218.073
218.179
218.29
218.414
218.542
218.684
218.83
218.98
219.134
219.29
219.447
219.607
219.766
219.921
220.073
220.219
220.359
220.496
220.633
220.769
220.908
221.048
221.189
221.323
221.445
221.552
221.647
221.733
221.819
221.911
222.01
222.122
222.246
222.38
222.521
222.659
222.789
222.907
223.014
223.106
223.186
223.255
223.312
223.362
223.405
223.445
223.482
223.522
223.562
223.605
223.659
223.728
223.817
223.929
224.063
224.212
224.366
224.51
224.632
224.723
224.782
224.814
224.83
240.762
227.265
227.736
227.871
227.782
227.558
227.049
226.234
225.413
224.792
224.377
224.053
223.708
223.251
222.722
222.164
221.635
221.181
220.851
220.625
220.459
220.326
220.204
220.084
219.96
219.831
219.692
219.544
219.391
219.234
219.076
218.917
218.756
218.595
218.437
218.282
218.134
217.996
217.87
217.754
217.644
217.541
217.45
217.376
217.32
217.281
217.258
217.248
217.252
217.273
217.311
217.359
217.416
217.48
217.552
217.635
217.727
217.827
217.933
218.038
218.154
218.274
218.404
218.54
218.68
218.823
218.971
219.122
219.276
219.433
219.591
219.749
219.902
220.048
220.186
220.318
220.445
220.566
220.687
220.808
220.932
221.051
221.163
221.265
221.358
221.446
221.537
221.636
221.744
221.863
221.996
222.135
222.275
222.406
222.526
222.633
222.727
222.807
222.876
222.936
222.988
223.033
223.073
223.11
223.146
223.184
223.224
223.268
223.322
223.392
223.482
223.595
223.731
223.884
224.042
224.19
224.315
224.409
224.471
224.506
224.524
240.737
227.259
227.726
227.866
227.778
227.556
227.051
226.238
225.415
224.791
224.372
224.044
223.697
223.239
222.709
222.151
221.623
221.171
220.844
220.621
220.455
220.323
220.201
220.08
219.955
219.825
219.685
219.536
219.381
219.222
219.062
218.899
218.736
218.572
218.41
218.252
218.099
217.956
217.825
217.705
217.59
217.482
217.384
217.303
217.241
217.196
217.167
217.153
217.151
217.166
217.199
217.244
217.297
217.357
217.424
217.501
217.587
217.683
217.787
217.89
218.01
218.129
218.262
218.395
218.53
218.667
218.808
218.952
219.099
219.25
219.402
219.557
219.71
219.858
220
220.135
220.26
220.373
220.483
220.591
220.7
220.804
220.903
220.996
221.085
221.173
221.268
221.372
221.487
221.615
221.753
221.891
222.023
222.143
222.25
222.343
222.423
222.491
222.553
222.607
222.655
222.697
222.735
222.77
222.805
222.841
222.881
222.925
222.978
223.047
223.137
223.251
223.388
223.543
223.704
223.856
223.984
224.081
224.144
224.181
224.2
240.713
227.253
227.715
227.86
227.774
227.555
227.054
226.243
225.417
224.79
224.367
224.035
223.686
223.227
222.697
222.138
221.611
221.162
220.838
220.616
220.452
220.32
220.197
220.076
219.951
219.819
219.678
219.528
219.371
219.21
219.047
218.882
218.716
218.549
218.384
218.221
218.064
217.917
217.781
217.656
217.536
217.422
217.319
217.231
217.162
217.111
217.076
217.057
217.05
217.059
217.087
217.128
217.177
217.233
217.296
217.368
217.448
217.538
217.638
217.738
217.862
217.977
218.114
218.245
218.379
218.512
218.647
218.783
218.92
219.058
219.198
219.341
219.487
219.634
219.778
219.919
220.05
220.168
220.279
220.384
220.486
220.579
220.667
220.75
220.833
220.917
221.011
221.116
221.236
221.369
221.506
221.64
221.762
221.87
221.963
222.042
222.111
222.172
222.227
222.276
222.321
222.361
222.397
222.43
222.463
222.499
222.537
222.58
222.632
222.7
222.789
222.902
223.04
223.196
223.359
223.515
223.646
223.745
223.809
223.847
223.866
240.7
227.248
227.704
227.855
227.77
227.554
227.056
226.248
225.42
224.789
224.363
224.026
223.675
223.215
222.684
222.125
221.598
221.152
220.832
220.612
220.448
220.316
220.194
220.072
219.946
219.814
219.671
219.52
219.361
219.198
219.033
218.866
218.696
218.527
218.358
218.191
218.03
217.877
217.737
217.606
217.482
217.362
217.252
217.158
217.082
217.025
216.985
216.96
216.949
216.952
216.973
217.01
217.056
217.108
217.167
217.234
217.309
217.393
217.488
217.582
217.707
217.819
217.96
218.09
218.225
218.356
218.486
218.615
218.74
218.865
218.991
219.121
219.255
219.392
219.533
219.675
219.811
219.937
220.058
220.172
220.275
220.366
220.448
220.522
220.597
220.675
220.764
220.869
220.991
221.123
221.257
221.382
221.492
221.587
221.666
221.734
221.795
221.85
221.899
221.945
221.987
222.025
222.06
222.093
222.125
222.159
222.195
222.236
222.287
222.353
222.439
222.551
222.687
222.843
223.008
223.165
223.299
223.399
223.465
223.502
223.521
240.694
227.242
227.693
227.849
227.766
227.553
227.059
226.252
225.423
224.788
224.358
224.017
223.663
223.203
222.671
222.112
221.587
221.143
220.826
220.607
220.445
220.313
220.191
220.068
219.941
219.808
219.665
219.512
219.351
219.187
219.019
218.849
218.677
218.504
218.332
218.162
217.995
217.838
217.693
217.557
217.428
217.303
217.186
217.085
217.002
216.939
216.893
216.862
216.846
216.844
216.858
216.891
216.934
216.982
217.038
217.1
217.171
217.249
217.339
217.427
217.55
217.657
217.801
217.931
218.067
218.198
218.324
218.447
218.565
218.681
218.796
218.913
219.034
219.158
219.286
219.419
219.551
219.682
219.814
219.94
220.053
220.147
220.227
220.297
220.366
220.436
220.522
220.626
220.747
220.875
221.001
221.116
221.214
221.295
221.363
221.421
221.474
221.523
221.568
221.612
221.652
221.69
221.725
221.758
221.79
221.823
221.859
221.899
221.947
222.011
222.095
222.203
222.336
222.492
222.657
222.817
222.953
223.054
223.12
223.158
223.176
240.693
227.236
227.683
227.843
227.761
227.551
227.061
226.257
225.426
224.787
224.354
224.008
223.652
223.191
222.659
222.099
221.575
221.134
220.819
220.603
220.442
220.31
220.188
220.064
219.937
219.802
219.658
219.504
219.342
219.175
219.005
218.833
218.658
218.482
218.307
218.132
217.961
217.799
217.648
217.508
217.373
217.243
217.12
217.011
216.922
216.852
216.799
216.763
216.742
216.735
216.743
216.77
216.81
216.855
216.907
216.964
217.031
217.105
217.191
217.273
217.391
217.493
217.636
217.766
217.904
218.035
218.16
218.281
218.397
218.51
218.621
218.733
218.845
218.955
219.065
219.179
219.294
219.417
219.549
219.681
219.801
219.901
219.984
220.055
220.123
220.192
220.279
220.383
220.501
220.624
220.741
220.843
220.928
220.998
221.055
221.104
221.15
221.193
221.235
221.277
221.317
221.355
221.391
221.425
221.457
221.49
221.525
221.563
221.61
221.671
221.751
221.855
221.986
222.139
222.305
222.466
222.604
222.707
222.773
222.81
222.828
240.689
227.23
227.672
227.837
227.757
227.55
227.064
226.262
225.43
224.787
224.35
223.998
223.64
223.178
222.646
222.086
221.563
221.124
220.813
220.599
220.438
220.307
220.185
220.061
219.932
219.797
219.652
219.496
219.332
219.164
218.991
218.817
218.639
218.461
218.281
218.103
217.927
217.76
217.605
217.459
217.319
217.183
217.054
216.938
216.841
216.764
216.706
216.663
216.637
216.625
216.628
216.649
216.684
216.726
216.774
216.828
216.891
216.962
217.043
217.121
217.235
217.331
217.471
217.598
217.736
217.867
217.991
218.11
218.228
218.344
218.46
218.573
218.684
218.787
218.884
218.978
219.071
219.176
219.291
219.413
219.525
219.624
219.707
219.78
219.854
219.931
220.023
220.132
220.249
220.366
220.472
220.561
220.634
220.692
220.739
220.781
220.82
220.859
220.899
220.94
220.981
221.021
221.059
221.093
221.125
221.158
221.191
221.228
221.274
221.332
221.408
221.508
221.635
221.787
221.952
222.115
222.256
222.361
222.427
222.463
222.48
240.663
227.224
227.661
227.831
227.752
227.548
227.066
226.267
225.433
224.787
224.346
223.989
223.628
223.166
222.633
222.073
221.551
221.115
220.807
220.595
220.435
220.304
220.181
220.057
219.928
219.791
219.645
219.488
219.323
219.152
218.978
218.801
218.621
218.439
218.256
218.074
217.894
217.721
217.561
217.41
217.265
217.123
216.987
216.864
216.759
216.676
216.611
216.562
216.529
216.513
216.511
216.525
216.556
216.595
216.639
216.689
216.748
216.816
216.895
216.971
217.079
217.17
217.305
217.428
217.564
217.694
217.817
217.938
218.058
218.179
218.299
218.418
218.532
218.633
218.725
218.807
218.884
218.968
219.059
219.157
219.25
219.336
219.413
219.487
219.568
219.656
219.761
219.876
219.993
220.103
220.197
220.273
220.333
220.379
220.418
220.452
220.486
220.522
220.561
220.602
220.645
220.686
220.725
220.759
220.791
220.821
220.853
220.889
220.931
220.986
221.059
221.155
221.279
221.428
221.594
221.759
221.902
222.009
222.076
222.111
222.127
240.648
227.218
227.65
227.824
227.748
227.547
227.068
226.272
225.437
224.788
224.342
223.979
223.617
223.154
222.62
222.06
221.539
221.106
220.801
220.591
220.432
220.301
220.178
220.054
219.924
219.786
219.639
219.481
219.314
219.141
218.965
218.785
218.603
218.418
218.232
218.045
217.86
217.683
217.517
217.361
217.21
217.063
216.921
216.79
216.678
216.587
216.515
216.46
216.422
216.4
216.392
216.4
216.427
216.462
216.503
216.549
216.604
216.669
216.746
216.82
216.925
217.011
217.141
217.26
217.391
217.518
217.641
217.762
217.882
218.003
218.124
218.245
218.363
218.468
218.562
218.642
218.713
218.783
218.852
218.923
218.991
219.057
219.123
219.194
219.279
219.379
219.494
219.616
219.731
219.832
219.913
219.976
220.023
220.06
220.091
220.119
220.15
220.183
220.223
220.265
220.309
220.351
220.389
220.421
220.451
220.479
220.508
220.541
220.581
220.633
220.702
220.795
220.915
221.061
221.227
221.395
221.542
221.651
221.718
221.752
221.766
240.652
227.211
227.638
227.818
227.743
227.545
227.071
226.277
225.441
224.79
224.338
223.969
223.604
223.141
222.607
222.047
221.527
221.097
220.796
220.587
220.429
220.299
220.176
220.05
219.919
219.781
219.633
219.473
219.305
219.13
218.952
218.77
218.585
218.397
218.207
218.016
217.827
217.644
217.473
217.312
217.156
217.003
216.855
216.717
216.596
216.497
216.419
216.357
216.312
216.284
216.272
216.274
216.294
216.327
216.364
216.406
216.457
216.518
216.593
216.666
216.769
216.853
216.978
217.092
217.218
217.34
217.462
217.582
217.697
217.813
217.928
218.044
218.16
218.268
218.369
218.457
218.535
218.604
218.663
218.716
218.763
218.81
218.861
218.924
219.008
219.112
219.233
219.355
219.465
219.555
219.623
219.672
219.708
219.735
219.76
219.784
219.812
219.845
219.884
219.927
219.971
220.011
220.047
220.077
220.103
220.127
220.153
220.183
220.219
220.268
220.334
220.423
220.539
220.683
220.848
221.018
221.17
221.282
221.35
221.381
221.393
240.642
227.205
227.627
227.812
227.739
227.544
227.073
226.282
225.446
224.792
224.334
223.959
223.592
223.128
222.594
222.034
221.516
221.089
220.79
220.583
220.426
220.296
220.173
220.047
219.915
219.776
219.626
219.466
219.296
219.119
218.939
218.755
218.567
218.376
218.183
217.987
217.793
217.606
217.43
217.263
217.102
216.943
216.789
216.643
216.515
216.408
216.322
216.254
216.202
216.167
216.15
216.147
216.16
216.189
216.224
216.262
216.308
216.366
216.438
216.51
216.611
216.694
216.815
216.924
217.045
217.163
217.282
217.399
217.508
217.614
217.718
217.823
217.928
218.031
218.133
218.229
218.321
218.403
218.47
218.521
218.56
218.596
218.637
218.689
218.766
218.865
218.981
219.097
219.197
219.274
219.328
219.364
219.39
219.41
219.428
219.449
219.475
219.507
219.546
219.588
219.63
219.668
219.7
219.726
219.749
219.768
219.789
219.815
219.848
219.893
219.955
220.04
220.152
220.294
220.458
220.629
220.784
220.902
220.973
221.004
221.009
240.636
227.198
227.616
227.805
227.734
227.542
227.076
226.287
225.451
224.794
224.33
223.949
223.58
223.116
222.581
222.021
221.504
221.08
220.784
220.579
220.423
220.293
220.17
220.043
219.911
219.771
219.62
219.459
219.287
219.109
218.926
218.74
218.55
218.356
218.158
217.959
217.76
217.568
217.386
217.213
217.047
216.883
216.722
216.57
216.433
216.318
216.224
216.149
216.09
216.049
216.025
216.017
216.024
216.048
216.08
216.115
216.157
216.211
216.279
216.35
216.449
216.532
216.65
216.755
216.873
216.987
217.102
217.215
217.32
217.419
217.513
217.608
217.7
217.79
217.883
217.977
218.076
218.172
218.256
218.319
218.365
218.401
218.439
218.485
218.551
218.641
218.745
218.847
218.933
218.994
219.034
219.058
219.075
219.087
219.101
219.118
219.141
219.172
219.21
219.25
219.289
219.322
219.35
219.371
219.389
219.403
219.419
219.44
219.468
219.509
219.566
219.647
219.755
219.892
220.053
220.224
220.381
220.503
220.577
220.61
220.606
240.628
227.191
227.604
227.798
227.729
227.54
227.078
226.292
225.455
224.795
224.325
223.938
223.568
223.103
222.568
222.008
221.493
221.071
220.778
220.575
220.42
220.291
220.167
220.04
219.907
219.766
219.614
219.452
219.279
219.099
218.914
218.726
218.533
218.335
218.135
217.931
217.728
217.53
217.343
217.164
216.992
216.823
216.656
216.496
216.352
216.228
216.127
216.044
215.979
215.93
215.9
215.887
215.888
215.906
215.934
215.967
216.005
216.054
216.118
216.187
216.284
216.367
216.482
216.584
216.699
216.81
216.922
217.031
217.133
217.23
217.322
217.413
217.497
217.576
217.654
217.736
217.83
217.931
218.027
218.104
218.161
218.205
218.246
218.291
218.352
218.43
218.519
218.604
218.672
218.717
218.744
218.758
218.766
218.771
218.78
218.793
218.815
218.843
218.877
218.913
218.947
218.975
218.998
219.013
219.026
219.034
219.046
219.062
219.086
219.122
219.175
219.251
219.354
219.487
219.644
219.813
219.971
220.095
220.172
220.209
220.198
240.616
227.184
227.593
227.791
227.724
227.539
227.08
226.297
225.46
224.795
224.32
223.928
223.555
223.09
222.555
221.995
221.481
221.063
220.773
220.571
220.417
220.288
220.164
220.037
219.903
219.761
219.609
219.445
219.27
219.088
218.902
218.711
218.516
218.315
218.111
217.903
217.695
217.493
217.299
217.115
216.937
216.762
216.59
216.423
216.27
216.138
216.028
215.939
215.866
215.81
215.773
215.754
215.75
215.761
215.786
215.816
215.851
215.895
215.955
216.021
216.116
216.199
216.311
216.411
216.523
216.632
216.742
216.849
216.95
217.051
217.149
217.244
217.328
217.402
217.468
217.532
217.609
217.698
217.792
217.873
217.939
217.992
218.041
218.091
218.152
218.225
218.301
218.368
218.418
218.448
218.463
218.467
218.466
218.466
218.47
218.481
218.499
218.524
218.552
218.582
218.609
218.631
218.646
218.656
218.663
218.666
218.673
218.685
218.704
218.736
218.785
218.856
218.954
219.082
219.234
219.4
219.558
219.684
219.764
219.804
219.787
240.598
227.177
227.581
227.784
227.719
227.537
227.083
226.302
225.465
224.794
224.315
223.917
223.543
223.077
222.542
221.982
221.469
221.054
220.767
220.567
220.414
220.286
220.162
220.033
219.898
219.756
219.603
219.438
219.262
219.078
218.89
218.697
218.499
218.295
218.087
217.876
217.663
217.456
217.256
217.066
216.882
216.701
216.523
216.349
216.188
216.047
215.93
215.833
215.753
215.69
215.645
215.62
215.611
215.616
215.636
215.664
215.695
215.736
215.791
215.854
215.946
216.029
216.137
216.236
216.346
216.453
216.561
216.666
216.769
216.876
216.982
217.087
217.179
217.258
217.32
217.373
217.429
217.494
217.566
217.633
217.694
217.751
217.809
217.871
217.941
218.015
218.082
218.134
218.168
218.185
218.19
218.186
218.177
218.171
218.173
218.18
218.195
218.213
218.235
218.256
218.276
218.291
218.3
218.304
218.305
218.304
218.306
218.314
218.329
218.356
218.4
218.466
218.559
218.681
218.829
218.991
219.146
219.274
219.356
219.4
219.373
240.596
227.169
227.57
227.777
227.714
227.535
227.085
226.308
225.469
224.793
224.31
223.907
223.53
223.064
222.528
221.969
221.458
221.046
220.762
220.563
220.411
220.283
220.159
220.03
219.894
219.751
219.597
219.431
219.254
219.069
218.878
218.683
218.482
218.276
218.064
217.848
217.631
217.418
217.213
217.017
216.827
216.64
216.455
216.275
216.106
215.956
215.83
215.725
215.638
215.568
215.516
215.484
215.47
215.47
215.484
215.509
215.537
215.574
215.625
215.686
215.775
215.857
215.962
216.06
216.167
216.273
216.379
216.482
216.586
216.695
216.808
216.921
217.024
217.115
217.184
217.235
217.277
217.319
217.361
217.402
217.446
217.496
217.559
217.632
217.716
217.795
217.86
217.902
217.924
217.93
217.927
217.914
217.898
217.889
217.887
217.891
217.9
217.912
217.925
217.938
217.95
217.959
217.963
217.962
217.957
217.951
217.949
217.953
217.964
217.987
218.025
218.086
218.174
218.292
218.435
218.594
218.749
218.877
218.962
219.01
218.976
240.59
227.162
227.558
227.769
227.709
227.533
227.087
226.313
225.473
224.792
224.304
223.896
223.518
223.051
222.515
221.955
221.446
221.037
220.756
220.56
220.409
220.281
220.156
220.027
219.89
219.746
219.591
219.424
219.245
219.059
218.867
218.669
218.466
218.256
218.041
217.821
217.6
217.382
217.171
216.968
216.771
216.579
216.388
216.2
216.023
215.864
215.729
215.616
215.522
215.445
215.386
215.347
215.327
215.322
215.33
215.351
215.378
215.412
215.458
215.517
215.602
215.684
215.787
215.884
215.989
216.093
216.197
216.298
216.399
216.506
216.615
216.728
216.837
216.94
217.024
217.086
217.127
217.155
217.175
217.193
217.215
217.251
217.309
217.388
217.481
217.566
217.628
217.663
217.676
217.677
217.666
217.645
217.625
217.612
217.608
217.608
217.611
217.615
217.621
217.628
217.634
217.638
217.639
217.634
217.624
217.611
217.605
217.605
217.612
217.629
217.661
217.716
217.798
217.912
218.051
218.208
218.361
218.49
218.578
218.629
218.591
240.582
227.154
227.546
227.762
227.704
227.531
227.09
226.319
225.477
224.791
224.299
223.885
223.505
223.037
222.501
221.942
221.435
221.029
220.751
220.556
220.406
220.278
220.154
220.023
219.886
219.741
219.586
219.417
219.237
219.049
218.856
218.656
218.449
218.237
218.018
217.794
217.568
217.345
217.128
216.919
216.715
216.517
216.32
216.126
215.94
215.772
215.627
215.505
215.404
215.32
215.254
215.208
215.182
215.171
215.175
215.192
215.216
215.247
215.29
215.346
215.428
215.511
215.611
215.71
215.812
215.915
216.017
216.115
216.212
216.31
216.408
216.51
216.612
216.718
216.814
216.894
216.949
216.982
216.996
217.002
217.011
217.033
217.08
217.155
217.247
217.33
217.388
217.417
217.426
217.421
217.401
217.375
217.353
217.337
217.329
217.325
217.323
217.323
217.324
217.327
217.329
217.331
217.329
217.323
217.309
217.292
217.279
217.274
217.276
217.287
217.312
217.36
217.435
217.542
217.678
217.832
217.984
218.113
218.201
218.253
218.211
240.58
227.146
227.534
227.754
227.698
227.529
227.092
226.324
225.481
224.789
224.293
223.873
223.492
223.024
222.487
221.928
221.423
221.02
220.745
220.552
220.403
220.276
220.151
220.02
219.882
219.736
219.58
219.411
219.229
219.04
218.844
218.642
218.433
218.217
217.995
217.767
217.537
217.309
217.086
216.87
216.66
216.455
216.252
216.051
215.857
215.679
215.525
215.394
215.284
215.193
215.119
215.066
215.033
215.018
215.018
215.03
215.052
215.08
215.12
215.173
215.251
215.336
215.435
215.536
215.638
215.739
215.84
215.935
216.026
216.113
216.196
216.28
216.365
216.461
216.558
216.653
216.731
216.786
216.813
216.824
216.829
216.843
216.878
216.942
217.023
217.096
217.144
217.167
217.171
217.158
217.132
217.101
217.076
217.059
217.048
217.041
217.037
217.034
217.034
217.035
217.037
217.039
217.037
217.03
217.015
216.994
216.974
216.962
216.958
216.964
216.982
217.021
217.089
217.19
217.322
217.473
217.625
217.753
217.843
217.896
217.852
240.571
227.138
227.522
227.746
227.693
227.527
227.094
226.33
225.485
224.788
224.287
223.862
223.478
223.01
222.473
221.915
221.411
221.012
220.74
220.549
220.401
220.273
220.148
220.017
219.878
219.732
219.574
219.404
219.222
219.031
218.833
218.628
218.416
218.198
217.972
217.741
217.506
217.273
217.044
216.821
216.604
216.392
216.183
215.975
215.774
215.586
215.421
215.281
215.162
215.063
214.982
214.921
214.882
214.862
214.857
214.865
214.884
214.911
214.947
214.999
215.072
215.159
215.258
215.363
215.464
215.566
215.666
215.759
215.846
215.926
215.999
216.066
216.131
216.207
216.288
216.384
216.481
216.564
216.618
216.646
216.659
216.673
216.7
216.751
216.815
216.87
216.905
216.918
216.914
216.893
216.858
216.825
216.798
216.779
216.767
216.759
216.754
216.752
216.753
216.756
216.76
216.763
216.763
216.756
216.74
216.714
216.686
216.665
216.655
216.655
216.666
216.696
216.755
216.848
216.974
217.121
217.269
217.396
217.485
217.537
217.489
240.567
227.13
227.51
227.738
227.687
227.525
227.097
226.335
225.49
224.787
224.281
223.851
223.465
222.996
222.459
221.901
221.4
221.003
220.735
220.545
220.398
220.271
220.146
220.014
219.874
219.727
219.569
219.397
219.214
219.021
218.822
218.615
218.4
218.179
217.95
217.714
217.476
217.238
217.003
216.773
216.548
216.33
216.114
215.9
215.69
215.493
215.318
215.167
215.04
214.932
214.843
214.775
214.728
214.702
214.693
214.698
214.714
214.739
214.772
214.821
214.89
214.981
215.077
215.187
215.291
215.394
215.493
215.585
215.672
215.752
215.825
215.886
215.942
215.997
216.056
216.134
216.23
216.326
216.403
216.454
216.484
216.507
216.535
216.578
216.624
216.661
216.679
216.681
216.665
216.631
216.59
216.552
216.524
216.505
216.492
216.486
216.484
216.485
216.49
216.496
216.503
216.507
216.507
216.5
216.481
216.451
216.417
216.387
216.369
216.364
216.37
216.393
216.443
216.529
216.647
216.79
216.934
217.059
217.146
217.198
217.148
240.56
227.122
227.498
227.73
227.682
227.522
227.099
226.341
225.494
224.786
224.275
223.839
223.452
222.982
222.445
221.887
221.388
220.995
220.729
220.542
220.395
220.269
220.143
220.01
219.87
219.722
219.563
219.391
219.206
219.012
218.811
218.602
218.384
218.16
217.927
217.688
217.445
217.202
216.961
216.724
216.493
216.267
216.045
215.824
215.607
215.4
215.214
215.053
214.915
214.799
214.702
214.625
214.571
214.539
214.526
214.527
214.54
214.563
214.594
214.64
214.705
214.799
214.895
215.01
215.115
215.219
215.317
215.411
215.501
215.589
215.671
215.742
215.8
215.849
215.891
215.946
216.019
216.102
216.179
216.241
216.288
216.329
216.371
216.416
216.452
216.471
216.475
216.462
216.43
216.385
216.338
216.298
216.27
216.251
216.241
216.238
216.239
216.245
216.254
216.263
216.27
216.274
216.272
216.262
216.239
216.204
216.163
216.124
216.098
216.088
216.09
216.106
216.149
216.227
216.339
216.476
216.616
216.737
216.822
216.872
216.819
240.556
227.113
227.485
227.721
227.676
227.52
227.101
226.347
225.498
224.785
224.269
223.827
223.438
222.968
222.43
221.873
221.376
220.987
220.724
220.538
220.393
220.266
220.14
220.007
219.866
219.717
219.557
219.384
219.198
219.003
218.8
218.588
218.368
218.141
217.905
217.662
217.415
217.166
216.92
216.676
216.437
216.204
215.975
215.747
215.523
215.307
215.11
214.938
214.79
214.664
214.559
214.474
214.412
214.373
214.356
214.353
214.362
214.384
214.412
214.456
214.517
214.613
214.708
214.828
214.934
215.039
215.138
215.233
215.327
215.424
215.523
215.612
215.688
215.744
215.785
215.824
215.868
215.918
215.97
216.022
216.077
216.136
216.2
216.254
216.288
216.297
216.289
216.261
216.214
216.16
216.11
216.071
216.045
216.03
216.025
216.026
216.033
216.043
216.053
216.061
216.066
216.068
216.063
216.047
216.017
215.976
215.928
215.883
215.85
215.834
215.832
215.845
215.882
215.954
216.062
216.194
216.331
216.448
216.53
216.578
216.524
240.547
227.104
227.473
227.713
227.67
227.518
227.103
226.353
225.502
224.784
224.263
223.815
223.424
222.954
222.416
221.859
221.365
220.979
220.719
220.535
220.39
220.264
220.138
220.004
219.862
219.713
219.552
219.378
219.191
218.994
218.789
218.575
218.353
218.122
217.883
217.636
217.385
217.131
216.878
216.627
216.381
216.14
215.904
215.67
215.438
215.214
215.006
214.822
214.663
214.528
214.413
214.32
214.25
214.204
214.181
214.174
214.181
214.201
214.227
214.269
214.325
214.423
214.518
214.642
214.748
214.855
214.955
215.052
215.15
215.255
215.367
215.475
215.575
215.652
215.706
215.741
215.764
215.779
215.797
215.824
215.871
215.942
216.028
216.097
216.132
216.136
216.119
216.077
216.019
215.959
215.91
215.876
215.856
215.848
215.849
215.856
215.868
215.88
215.888
215.893
215.894
215.891
215.878
215.854
215.818
215.771
215.717
215.666
215.628
215.607
215.602
215.613
215.648
215.715
215.82
215.95
216.084
216.199
216.279
216.324
216.27
240.54
227.095
227.46
227.704
227.664
227.515
227.105
226.358
225.507
224.783
224.257
223.803
223.41
222.939
222.401
221.845
221.353
220.97
220.714
220.531
220.388
220.261
220.135
220.001
219.858
219.708
219.546
219.371
219.183
218.985
218.778
218.562
218.337
218.103
217.861
217.611
217.355
217.096
216.837
216.579
216.325
216.076
215.833
215.592
215.353
215.12
214.901
214.705
214.535
214.39
214.266
214.164
214.085
214.031
214.002
213.991
213.997
214.015
214.039
214.079
214.13
214.229
214.324
214.452
214.557
214.665
214.768
214.868
214.968
215.074
215.19
215.308
215.431
215.534
215.615
215.661
215.679
215.673
215.666
215.668
215.701
215.769
215.869
215.947
215.985
215.986
215.96
215.908
215.843
215.782
215.737
215.711
215.701
215.702
215.711
215.726
215.742
215.752
215.756
215.756
215.751
215.739
215.718
215.687
215.644
215.592
215.535
215.481
215.439
215.415
215.409
215.418
215.45
215.515
215.618
215.747
215.881
215.994
216.072
216.114
216.061
240.536
227.085
227.448
227.695
227.658
227.513
227.107
226.364
225.511
224.782
224.25
223.791
223.396
222.925
222.386
221.831
221.341
220.962
220.708
220.528
220.385
220.259
220.132
219.997
219.855
219.703
219.541
219.365
219.176
218.977
218.767
218.549
218.321
218.085
217.84
217.585
217.325
217.061
216.796
216.531
216.269
216.012
215.761
215.514
215.267
215.025
214.795
214.587
214.406
214.249
214.116
214.004
213.917
213.854
213.818
213.805
213.808
213.823
213.847
213.884
213.932
214.031
214.126
214.258
214.363
214.474
214.581
214.683
214.783
214.884
214.99
215.103
215.233
215.357
215.471
215.548
215.584
215.583
215.567
215.557
215.579
215.637
215.733
215.811
215.846
215.843
215.811
215.753
215.685
215.627
215.591
215.575
215.575
215.585
215.605
215.627
215.642
215.648
215.648
215.642
215.628
215.607
215.579
215.541
215.495
215.44
215.381
215.325
215.281
215.256
215.247
215.255
215.285
215.35
215.453
215.583
215.717
215.83
215.906
215.946
215.895
240.536
227.075
227.435
227.686
227.652
227.51
227.109
226.37
225.516
224.781
224.244
223.779
223.382
222.91
222.37
221.816
221.329
220.954
220.703
220.524
220.382
220.257
220.13
219.994
219.851
219.699
219.536
219.359
219.169
218.968
218.757
218.536
218.306
218.067
217.818
217.56
217.295
217.026
216.756
216.484
216.213
215.948
215.689
215.434
215.18
214.929
214.689
214.469
214.275
214.107
213.963
213.842
213.745
213.674
213.631
213.614
213.612
213.626
213.65
213.686
213.732
213.829
213.926
214.06
214.166
214.282
214.393
214.499
214.599
214.692
214.78
214.872
214.987
215.109
215.245
215.367
215.451
215.485
215.485
215.478
215.495
215.543
215.626
215.692
215.719
215.711
215.672
215.61
215.544
215.495
215.47
215.464
215.474
215.497
215.527
215.551
215.562
215.563
215.557
215.542
215.521
215.494
215.46
215.42
215.371
215.315
215.256
215.199
215.154
215.128
215.119
215.126
215.155
215.22
215.325
215.457
215.593
215.706
215.781
215.818
215.77
240.533
227.065
227.422
227.676
227.645
227.507
227.111
226.376
225.521
224.78
224.237
223.766
223.368
222.895
222.355
221.802
221.317
220.946
220.698
220.521
220.38
220.254
220.127
219.991
219.847
219.694
219.53
219.353
219.161
218.959
218.746
218.523
218.291
218.049
217.797
217.535
217.266
216.992
216.715
216.436
216.158
215.884
215.617
215.354
215.093
214.833
214.583
214.35
214.142
213.962
213.807
213.676
213.57
213.49
213.439
213.415
213.41
213.424
213.447
213.484
213.528
213.623
213.721
213.858
213.967
214.089
214.205
214.317
214.42
214.51
214.582
214.652
214.74
214.838
214.971
215.125
215.263
215.355
215.397
215.411
215.433
215.476
215.542
215.593
215.606
215.591
215.544
215.481
215.422
215.386
215.373
215.381
215.403
215.439
215.472
215.491
215.497
215.492
215.479
215.457
215.43
215.399
215.362
215.319
215.269
215.213
215.152
215.095
215.05
215.023
215.013
215.02
215.05
215.116
215.223
215.359
215.498
215.613
215.687
215.723
215.678
240.528
227.055
227.409
227.666
227.639
227.504
227.113
226.382
225.525
224.779
224.231
223.754
223.354
222.879
222.339
221.787
221.306
220.938
220.693
220.518
220.377
220.252
220.124
219.988
219.843
219.69
219.525
219.346
219.154
218.95
218.736
218.511
218.276
218.031
217.776
217.511
217.237
216.958
216.675
216.39
216.103
215.82
215.544
215.273
215.004
214.737
214.476
214.23
214.009
213.816
213.649
213.507
213.391
213.301
213.242
213.21
213.202
213.215
213.239
213.276
213.319
213.413
213.512
213.651
213.765
213.894
214.015
214.134
214.246
214.341
214.41
214.468
214.536
214.606
214.718
214.872
215.043
215.182
215.275
215.326
215.37
215.42
215.476
215.511
215.509
215.483
215.429
215.368
215.321
215.301
215.303
215.322
215.363
215.405
215.435
215.447
215.446
215.435
215.415
215.388
215.357
215.323
215.285
215.242
215.192
215.135
215.075
215.019
214.973
214.947
214.937
214.944
214.976
215.045
215.156
215.296
215.439
215.557
215.631
215.664
215.621
240.519
227.044
227.396
227.657
227.632
227.501
227.115
226.388
225.53
224.779
224.224
223.741
223.339
222.864
222.323
221.772
221.294
220.929
220.688
220.514
220.375
220.249
220.122
219.985
219.84
219.686
219.52
219.34
219.147
218.942
218.725
218.498
218.261
218.014
217.756
217.486
217.208
216.924
216.636
216.343
216.048
215.756
215.471
215.192
214.915
214.639
214.368
214.11
213.875
213.667
213.488
213.335
213.208
213.109
213.039
212.999
212.988
213
213.024
213.062
213.106
213.199
213.298
213.438
213.559
213.696
213.823
213.948
214.075
214.183
214.266
214.33
214.394
214.451
214.537
214.666
214.829
214.985
215.11
215.2
215.281
215.354
215.412
215.438
215.424
215.385
215.326
215.273
215.242
215.24
215.256
215.297
215.347
215.391
215.414
215.42
215.414
215.398
215.374
215.344
215.309
215.272
215.232
215.188
215.138
215.083
215.024
214.969
214.924
214.898
214.89
214.898
214.931
215.003
215.119
215.263
215.411
215.53
215.607
215.639
215.598
240.515
227.033
227.383
227.647
227.625
227.498
227.117
226.394
225.535
224.778
224.218
223.729
223.325
222.848
222.307
221.758
221.282
220.921
220.683
220.511
220.373
220.247
220.119
219.982
219.836
219.681
219.515
219.334
219.14
218.933
218.715
218.486
218.247
217.997
217.735
217.462
217.179
216.891
216.597
216.297
215.994
215.693
215.398
215.11
214.825
214.541
214.26
213.99
213.74
213.518
213.325
213.159
213.022
212.912
212.832
212.785
212.769
212.778
212.8
212.84
212.887
212.98
213.078
213.218
213.347
213.493
213.625
213.757
213.898
214.029
214.137
214.227
214.303
214.364
214.436
214.534
214.656
214.786
214.917
215.038
215.161
215.272
215.345
215.365
215.344
215.294
215.237
215.198
215.187
215.202
215.239
215.293
215.35
215.392
215.408
215.407
215.396
215.379
215.355
215.326
215.293
215.258
215.218
215.174
215.123
215.069
215.011
214.956
214.912
214.885
214.876
214.885
214.919
214.993
215.111
215.258
215.409
215.531
215.609
215.64
215.601
240.516
227.021
227.37
227.636
227.618
227.495
227.119
226.4
225.54
224.778
224.211
223.716
223.31
222.832
222.291
221.743
221.27
220.913
220.678
220.508
220.37
220.245
220.117
219.98
219.833
219.677
219.51
219.328
219.133
218.925
218.705
218.474
218.232
217.98
217.715
217.438
217.151
216.857
216.557
216.251
215.94
215.629
215.325
215.028
214.734
214.442
214.151
213.869
213.605
213.367
213.159
212.98
212.831
212.71
212.62
212.565
212.542
212.547
212.568
212.611
212.663
212.756
212.854
212.995
213.132
213.286
213.422
213.56
213.714
213.866
214.005
214.132
214.234
214.315
214.389
214.463
214.537
214.619
214.731
214.869
215.031
215.182
215.273
215.288
215.264
215.21
215.163
215.141
215.154
215.185
215.248
215.318
215.375
215.409
215.424
215.424
215.414
215.391
215.359
215.323
215.288
215.252
215.213
215.17
215.121
215.067
215.009
214.955
214.912
214.887
214.878
214.888
214.926
215.006
215.131
215.285
215.443
215.565
215.646
215.676
215.64
240.517
227.01
227.357
227.626
227.611
227.492
227.121
226.407
225.545
224.777
224.205
223.703
223.295
222.815
222.274
221.728
221.258
220.906
220.673
220.505
220.368
220.243
220.114
219.977
219.829
219.673
219.505
219.323
219.126
218.916
218.695
218.462
218.218
217.963
217.695
217.414
217.123
216.824
216.519
216.206
215.886
215.567
215.252
214.945
214.643
214.342
214.041
213.747
213.468
213.214
212.99
212.798
212.636
212.504
212.405
212.339
212.307
212.307
212.328
212.373
212.432
212.527
212.624
212.765
212.909
213.072
213.215
213.358
213.517
213.68
213.844
214.012
214.154
214.269
214.359
214.422
214.461
214.505
214.593
214.734
214.914
215.091
215.197
215.209
215.186
215.137
215.108
215.11
215.139
215.207
215.291
215.371
215.428
215.456
215.462
215.454
215.438
215.414
215.386
215.354
215.32
215.285
215.249
215.209
215.162
215.111
215.055
215
214.955
214.929
214.921
214.93
214.969
215.049
215.179
215.334
215.498
215.624
215.709
215.739
215.705
240.515
226.998
227.344
227.615
227.604
227.489
227.123
226.413
225.551
224.777
224.198
223.69
223.279
222.799
222.257
221.712
221.246
220.898
220.668
220.501
220.365
220.24
220.112
219.974
219.826
219.668
219.5
219.317
219.119
218.908
218.685
218.45
218.204
217.947
217.676
217.391
217.095
216.791
216.48
216.16
215.833
215.504
215.179
214.861
214.549
214.239
213.93
213.624
213.33
213.059
212.819
212.611
212.436
212.293
212.183
212.106
212.065
212.06
212.08
212.125
212.192
212.291
212.391
212.531
212.679
212.85
213.001
213.152
213.311
213.471
213.646
213.842
214.022
214.181
214.305
214.381
214.408
214.44
214.515
214.646
214.828
215.006
215.118
215.13
215.115
215.083
215.076
215.103
215.169
215.264
215.363
215.44
215.486
215.509
215.512
215.506
215.491
215.469
215.442
215.411
215.379
215.346
215.313
215.276
215.232
215.182
215.126
215.071
215.027
215.001
214.993
215.003
215.044
215.128
215.261
215.418
215.589
215.719
215.808
215.838
215.806
240.511
226.986
227.33
227.605
227.597
227.485
227.125
226.419
225.556
224.777
224.192
223.677
223.264
222.782
222.24
221.697
221.234
220.89
220.663
220.498
220.363
220.238
220.11
219.971
219.822
219.664
219.495
219.311
219.112
218.9
218.675
218.439
218.191
217.93
217.656
217.368
217.068
216.759
216.442
216.116
215.78
215.442
215.106
214.777
214.455
214.136
213.817
213.499
213.191
212.903
212.645
212.42
212.231
212.076
211.956
211.864
211.815
211.805
211.823
211.865
211.94
212.045
212.151
212.29
212.44
212.617
212.78
212.941
213.098
213.248
213.419
213.62
213.813
214.005
214.176
214.3
214.359
214.407
214.479
214.598
214.769
214.933
215.039
215.061
215.055
215.049
215.068
215.123
215.228
215.336
215.439
215.509
215.555
215.579
215.585
215.58
215.567
215.545
215.519
215.49
215.462
215.434
215.406
215.375
215.337
215.29
215.237
215.183
215.14
215.114
215.108
215.119
215.161
215.246
215.384
215.542
215.72
215.855
215.949
215.981
215.951
240.505
226.973
227.316
227.594
227.59
227.481
227.127
226.426
225.562
224.778
224.186
223.664
223.248
222.764
222.223
221.682
221.223
220.882
220.659
220.495
220.36
220.236
220.107
219.968
219.819
219.66
219.49
219.305
219.106
218.892
218.666
218.428
218.178
217.915
217.637
217.345
217.041
216.727
216.405
216.071
215.728
215.38
215.033
214.693
214.36
214.03
213.701
213.373
213.05
212.745
212.468
212.225
212.019
211.851
211.719
211.617
211.559
211.541
211.554
211.594
211.675
211.788
211.902
212.041
212.191
212.374
212.551
212.726
212.886
213.025
213.185
213.372
213.55
213.743
213.955
214.15
214.284
214.376
214.459
214.57
214.728
214.869
214.96
214.992
215.011
215.041
215.089
215.184
215.307
215.422
215.52
215.593
215.639
215.667
215.676
215.673
215.66
215.64
215.617
215.593
215.572
215.554
215.535
215.512
215.481
215.44
215.391
215.339
215.297
215.272
215.267
215.278
215.323
215.41
215.549
215.706
215.89
216.03
216.126
216.16
216.131
240.502
226.961
227.302
227.583
227.583
227.478
227.128
226.433
225.568
224.778
224.179
223.651
223.231
222.746
222.205
221.666
221.211
220.875
220.654
220.492
220.358
220.234
220.105
219.966
219.815
219.656
219.485
219.3
219.099
218.884
218.656
218.417
218.165
217.899
217.618
217.323
217.014
216.696
216.368
216.028
215.676
215.318
214.96
214.608
214.263
213.923
213.584
213.244
212.908
212.586
212.288
212.025
211.802
211.619
211.474
211.363
211.294
211.266
211.274
211.31
211.396
211.517
211.64
211.78
211.931
212.119
212.309
212.502
212.671
212.81
212.964
213.13
213.276
213.445
213.673
213.936
214.153
214.312
214.426
214.546
214.694
214.812
214.893
214.937
214.988
215.054
215.145
215.266
215.4
215.517
215.613
215.687
215.737
215.771
215.784
215.785
215.774
215.757
215.739
215.724
215.713
215.705
215.696
215.682
215.658
215.624
215.58
215.532
215.491
215.466
215.461
215.473
215.52
215.609
215.749
215.911
216.097
216.243
216.342
216.38
216.354
240.503
226.948
227.288
227.571
227.575
227.474
227.13
226.439
225.575
224.779
224.173
223.637
223.215
222.728
222.187
221.651
221.199
220.867
220.649
220.489
220.356
220.232
220.103
219.963
219.812
219.652
219.48
219.294
219.092
218.876
218.647
218.406
218.152
217.883
217.6
217.301
216.988
216.665
216.331
215.984
215.625
215.258
214.888
214.523
214.166
213.814
213.464
213.113
212.764
212.425
212.107
211.823
211.579
211.378
211.219
211.101
211.019
210.98
210.982
211.013
211.1
211.229
211.364
211.507
211.66
211.851
212.052
212.267
212.456
212.608
212.769
212.923
213.046
213.194
213.411
213.705
213.976
214.182
214.336
214.498
214.656
214.771
214.848
214.908
214.983
215.093
215.215
215.352
215.494
215.619
215.715
215.791
215.848
215.887
215.907
215.911
215.905
215.895
215.886
215.884
215.888
215.894
215.896
215.891
215.877
215.852
215.814
215.769
215.729
215.705
215.7
215.713
215.761
215.853
215.992
216.155
216.338
216.488
216.59
216.628
216.601
240.503
226.935
227.274
227.56
227.568
227.47
227.132
226.446
225.581
224.78
224.167
223.624
223.198
222.709
222.169
221.635
221.187
220.86
220.645
220.486
220.353
220.229
220.101
219.96
219.809
219.648
219.475
219.288
219.086
218.868
218.638
218.395
218.139
217.868
217.582
217.279
216.962
216.634
216.295
215.942
215.575
215.198
214.817
214.439
214.068
213.703
213.342
212.98
212.618
212.262
211.924
211.617
211.35
211.13
210.956
210.826
210.731
210.682
210.679
210.707
210.79
210.926
211.072
211.221
211.38
211.571
211.779
212.017
212.232
212.413
212.596
212.757
212.884
213.037
213.231
213.497
213.762
213.988
214.186
214.406
214.611
214.745
214.835
214.907
215.013
215.147
215.292
215.439
215.594
215.723
215.822
215.904
215.971
216.016
216.042
216.052
216.056
216.058
216.064
216.078
216.098
216.118
216.134
216.141
216.138
216.121
216.091
216.05
216.014
215.991
215.988
216.005
216.058
216.156
216.295
216.46
216.643
216.802
216.915
216.963
216.943
240.502
226.922
227.26
227.548
227.56
227.465
227.133
226.453
225.588
224.782
224.161
223.61
223.18
222.69
222.151
221.619
221.176
220.852
220.64
220.483
220.351
220.227
220.098
219.957
219.805
219.643
219.471
219.283
219.079
218.86
218.629
218.385
218.126
217.853
217.564
217.258
216.937
216.604
216.259
215.899
215.524
215.138
214.746
214.355
213.969
213.591
213.217
212.843
212.468
212.096
211.739
211.408
211.116
210.873
210.683
210.536
210.43
210.373
210.364
210.386
210.462
210.604
210.763
210.923
211.091
211.285
211.494
211.751
211.994
212.211
212.425
212.615
212.775
212.955
213.133
213.333
213.54
213.753
213.992
214.274
214.549
214.726
214.844
214.942
215.07
215.218
215.383
215.543
215.702
215.823
215.918
216.007
216.086
216.138
216.171
216.19
216.208
216.229
216.256
216.29
216.328
216.365
216.396
216.418
216.427
216.419
216.397
216.363
216.329
216.308
216.305
216.325
216.383
216.483
216.619
216.777
216.951
217.106
217.217
217.261
217.225
240.499
226.909
227.246
227.536
227.552
227.461
227.135
226.46
225.595
224.783
224.155
223.597
223.163
222.671
222.132
221.603
221.164
220.845
220.636
220.48
220.348
220.225
220.096
219.955
219.802
219.639
219.466
219.277
219.073
218.853
218.62
218.375
218.114
217.838
217.546
217.237
216.912
216.575
216.224
215.858
215.475
215.079
214.676
214.271
213.871
213.477
213.089
212.702
212.314
211.927
211.55
211.195
210.877
210.609
210.398
210.23
210.116
210.049
210.032
210.048
210.119
210.264
210.432
210.604
210.79
210.988
211.199
211.466
211.73
211.983
212.228
212.466
212.683
212.899
213.069
213.204
213.343
213.541
213.804
214.111
214.446
214.682
214.834
214.964
215.12
215.305
215.506
215.699
215.859
215.973
216.079
216.19
216.291
216.367
216.423
216.47
216.517
216.57
216.63
216.698
216.768
216.832
216.886
216.931
216.962
216.974
216.971
216.957
216.938
216.927
216.935
216.967
217.04
217.154
217.299
217.467
217.648
217.816
217.951
218.01
218.007
240.5
226.896
227.231
227.524
227.544
227.456
227.137
226.468
225.603
224.785
224.149
223.583
223.145
222.651
222.113
221.587
221.152
220.838
220.631
220.477
220.346
220.223
220.094
219.952
219.799
219.635
219.461
219.272
219.066
218.846
218.612
218.364
218.102
217.824
217.528
217.216
216.887
216.546
216.189
215.816
215.426
215.021
214.606
214.188
213.772
213.362
212.958
212.556
212.154
211.752
211.356
210.978
210.633
210.336
210.099
209.911
209.784
209.707
209.681
209.692
209.758
209.904
210.078
210.264
210.473
210.68
210.893
211.163
211.436
211.719
211.986
212.278
212.576
212.826
212.992
213.1
213.199
213.389
213.658
213.961
214.366
214.674
214.845
214.977
215.145
215.389
215.6
215.739
215.883
215.94
215.831
215.583
215.254
214.915
214.615
214.364
214.155
213.978
213.821
213.682
213.56
213.462
213.389
213.333
213.281
213.229
213.172
213.115
213.072
213.054
213.07
213.129
213.247
213.409
213.592
213.784
213.997
214.252
214.54
214.81
215.069
240.496
226.882
227.217
227.512
227.536
227.452
227.138
226.475
225.611
224.787
224.144
223.569
223.127
222.631
222.094
221.571
221.141
220.831
220.627
220.474
220.344
220.221
220.091
219.949
219.795
219.632
219.457
219.267
219.06
218.838
218.603
218.355
218.09
217.809
217.511
217.195
216.863
216.517
216.155
215.775
215.377
214.963
214.538
214.106
213.673
213.246
212.824
212.406
211.989
211.572
211.158
210.756
210.384
210.057
209.787
209.579
209.433
209.342
209.308
209.315
209.378
209.522
209.702
209.9
210.134
210.355
210.577
210.843
211.116
211.415
211.69
212.023
212.392
212.654
212.881
213.064
213.163
213.339
213.551
213.557
213.218
212.4
211.292
210.006
208.606
207.151
205.569
203.599
201.406
199.285
197.265
195.413
193.724
192.189
190.795
189.538
188.411
187.406
186.519
185.74
185.064
184.483
183.987
183.562
183.2
182.894
182.638
182.435
182.295
182.23
182.245
182.335
182.506
182.731
182.982
183.237
183.497
183.754
184.011
184.242
184.435
240.497
226.869
227.202
227.5
227.527
227.447
227.14
226.482
225.619
224.79
224.139
223.556
223.108
222.611
222.074
221.554
221.129
220.824
220.623
220.471
220.341
220.219
220.089
219.947
219.792
219.628
219.452
219.261
219.054
218.831
218.595
218.345
218.078
217.795
217.494
217.175
216.839
216.489
216.121
215.735
215.329
214.906
214.47
214.024
213.575
213.129
212.688
212.252
211.818
211.384
210.952
210.529
210.128
209.767
209.462
209.231
209.059
208.952
208.909
208.912
208.971
209.117
209.304
209.51
209.767
210.008
210.251
210.511
210.773
211.06
211.33
211.697
212.189
212.394
212.42
211.846
210.346
207.944
204.734
200.246
195.374
190.815
186.707
183.043
179.771
176.901
174.704
173.737
173.266
172.946
172.676
172.424
172.182
171.95
171.723
171.504
171.29
171.084
170.886
170.696
170.513
170.337
170.165
169.997
169.826
169.653
169.477
169.3
169.129
168.974
168.848
168.759
168.713
168.699
168.707
168.731
168.774
168.828
168.888
168.93
168.874
240.493
226.856
227.188
227.487
227.519
227.442
227.141
226.49
225.627
224.793
224.135
223.542
223.089
222.59
222.054
221.538
221.118
220.817
220.618
220.468
220.339
220.216
220.087
219.944
219.789
219.624
219.447
219.256
219.048
218.824
218.587
218.335
218.066
217.781
217.477
217.155
216.816
216.461
216.088
215.695
215.282
214.85
214.403
213.944
213.479
213.013
212.551
212.095
211.641
211.189
210.738
210.293
209.864
209.469
209.129
208.864
208.661
208.532
208.478
208.476
208.533
208.681
208.876
209.09
209.369
209.629
209.89
210.146
210.437
210.735
210.89
210.331
208.475
205.233
199.836
193.329
187.03
181.529
177.609
176.332
175.799
175.397
175.034
174.693
174.371
174.066
173.775
173.487
173.209
172.936
172.685
172.445
172.213
171.988
171.768
171.555
171.347
171.146
170.952
170.768
170.591
170.422
170.257
170.095
169.93
169.76
169.586
169.41
169.24
169.087
168.963
168.872
168.82
168.799
168.799
168.81
168.836
168.864
168.89
168.915
168.807
240.494
226.842
227.173
227.474
227.51
227.437
227.142
226.498
225.636
224.797
224.131
223.529
223.07
222.569
222.034
221.522
221.106
220.81
220.614
220.465
220.336
220.214
220.085
219.941
219.786
219.62
219.443
219.251
219.042
218.817
218.579
218.325
218.055
217.767
217.461
217.136
216.793
216.434
216.055
215.656
215.235
214.794
214.336
213.864
213.383
212.897
212.413
211.934
211.458
210.985
210.513
210.045
209.589
209.16
208.784
208.471
208.234
208.08
208.008
208
208.057
208.21
208.41
208.63
208.923
209.224
209.574
209.792
209.495
207.485
203
195.576
187.716
181.344
178.837
178.015
177.504
177.052
176.617
176.192
175.78
175.396
175.035
174.689
174.358
174.043
173.745
173.463
173.185
172.927
172.681
172.443
172.211
171.99
171.775
171.568
171.365
171.168
170.978
170.796
170.623
170.459
170.301
170.148
169.991
169.829
169.658
169.486
169.317
169.165
169.041
168.95
168.897
168.875
168.876
168.893
168.93
168.976
169.018
169.048
168.947
240.49
226.829
227.158
227.461
227.501
227.431
227.144
226.506
225.645
224.802
224.127
223.515
223.05
222.547
222.014
221.505
221.095
220.803
220.61
220.462
220.334
220.212
220.082
219.939
219.783
219.616
219.439
219.246
219.036
218.811
218.571
218.316
218.044
217.754
217.445
217.117
216.771
216.407
216.023
215.618
215.189
214.74
214.271
213.786
213.288
212.783
212.275
211.77
211.269
210.771
210.275
209.783
209.299
208.837
208.423
208.056
207.779
207.589
207.493
207.476
207.532
207.686
207.9
208.156
208.507
208.706
207.913
204.364
196.707
188.071
181.988
180.233
179.539
178.998
178.479
177.983
177.496
177.025
176.575
176.146
175.741
175.361
174.998
174.654
174.33
174.023
173.731
173.451
173.183
172.922
172.673
172.436
172.208
171.989
171.778
171.575
171.378
171.188
171.003
170.824
170.652
170.488
170.331
170.18
170.028
169.874
169.713
169.55
169.392
169.251
169.137
169.058
169.014
168.997
168.999
169.016
169.054
169.097
169.137
169.162
169.056
240.489
226.815
227.143
227.448
227.492
227.426
227.145
226.514
225.654
224.807
224.123
223.501
223.03
222.524
221.993
221.488
221.083
220.797
220.606
220.459
220.332
220.21
220.08
219.936
219.779
219.612
219.434
219.24
219.03
218.804
218.563
218.306
218.032
217.74
217.429
217.098
216.748
216.38
215.992
215.58
215.144
214.686
214.207
213.709
213.195
212.669
212.137
211.605
211.075
210.547
210.023
209.502
208.99
208.495
208.036
207.617
207.291
207.055
206.924
206.897
206.95
207.117
207.387
207.549
206.66
202.088
193.451
185.229
182.325
181.363
180.702
180.093
179.509
178.949
178.42
177.907
177.433
176.974
176.538
176.119
175.72
175.338
174.977
174.635
174.311
174.002
173.708
173.429
173.159
172.908
172.668
172.438
172.214
171.999
171.789
171.587
171.39
171.201
171.018
170.843
170.675
170.516
170.36
170.208
170.052
169.89
169.722
169.552
169.389
169.245
169.132
169.057
169.02
169.008
169.018
169.046
169.095
169.15
169.2
169.235
169.157
240.485
226.802
227.128
227.434
227.482
227.42
227.146
226.522
225.664
224.812
224.119
223.486
223.009
222.502
221.972
221.471
221.072
220.791
220.602
220.456
220.329
220.208
220.078
219.934
219.776
219.609
219.43
219.235
219.024
218.797
218.556
218.297
218.021
217.727
217.413
217.08
216.727
216.354
215.961
215.543
215.1
214.633
214.144
213.633
213.104
212.558
212.001
211.439
210.876
210.315
209.757
209.203
208.656
208.124
207.615
207.153
206.763
206.464
206.289
206.254
206.309
206.403
206.029
202.129
193.72
186.206
183.708
182.749
182.01
181.316
180.649
180.005
179.421
178.871
178.353
177.862
177.388
176.936
176.504
176.088
175.69
175.316
174.959
174.618
174.296
173.991
173.705
173.436
173.178
172.924
172.679
172.448
172.227
172.015
171.809
171.611
171.417
171.229
171.045
170.869
170.702
170.547
170.401
170.261
170.119
169.97
169.81
169.645
169.481
169.333
169.213
169.132
169.088
169.071
169.076
169.099
169.142
169.189
169.229
169.256
169.166
240.483
226.789
227.113
227.421
227.473
227.414
227.147
226.53
225.674
224.817
224.113
223.47
222.987
222.479
221.951
221.454
221.061
220.784
220.599
220.453
220.327
220.205
220.076
219.931
219.774
219.605
219.425
219.23
219.019
218.791
218.548
218.288
218.01
217.714
217.398
217.062
216.705
216.329
215.93
215.506
215.056
214.58
214.081
213.559
213.014
212.448
211.866
211.273
210.675
210.075
209.476
208.881
208.291
207.715
207.153
206.644
206.175
205.802
205.578
205.503
205.378
203.356
196.391
188.694
185.581
184.376
183.503
182.697
181.935
181.215
180.555
179.941
179.356
178.809
178.298
177.805
177.346
176.902
176.476
176.066
175.675
175.298
174.942
174.603
174.285
173.984
173.698
173.424
173.157
172.902
172.659
172.427
172.207
171.997
171.796
171.603
171.418
171.239
171.064
170.895
170.729
170.571
170.418
170.27
170.124
169.977
169.825
169.671
169.518
169.38
169.271
169.199
169.165
169.157
169.17
169.203
169.257
169.313
169.361
169.388
169.296
240.48
226.776
227.098
227.407
227.463
227.408
227.148
226.539
225.685
224.822
224.107
223.453
222.965
222.455
221.929
221.437
221.05
220.778
220.595
220.451
220.324
220.203
220.074
219.929
219.771
219.602
219.421
219.226
219.013
218.785
218.54
218.279
218
217.702
217.383
217.044
216.684
216.304
215.901
215.471
215.013
214.528
214.019
213.485
212.925
212.34
211.734
211.11
210.474
209.83
209.183
208.536
207.891
207.254
206.631
206.047
205.513
205.1
204.764
204.002
199.96
192.886
188.298
186.398
185.26
184.31
183.419
182.6
181.842
181.138
180.479
179.856
179.289
178.754
178.248
177.766
177.305
176.862
176.438
176.03
175.638
175.27
174.919
174.585
174.267
173.961
173.665
173.38
173.112
172.862
172.624
172.396
172.178
171.97
171.77
171.578
171.393
171.216
171.045
170.882
170.727
170.58
170.436
170.292
170.144
169.993
169.835
169.674
169.516
169.374
169.26
169.186
169.149
169.14
169.153
169.187
169.246
169.31
169.367
169.399
169.318
240.477
226.763
227.083
227.393
227.453
227.402
227.149
226.547
225.695
224.827
224.101
223.436
222.942
222.431
221.907
221.42
221.039
220.772
220.591
220.448
220.322
220.201
220.072
219.927
219.768
219.598
219.417
219.221
219.008
218.779
218.533
218.27
217.989
217.689
217.369
217.027
216.664
216.279
215.871
215.435
214.971
214.478
213.958
213.412
212.838
212.235
211.605
210.95
210.275
209.584
208.881
208.168
207.45
206.725
206.015
205.323
204.697
204.034
202.505
197.96
192.491
189.24
187.487
186.246
185.17
184.207
183.33
182.509
181.758
181.057
180.413
179.807
179.233
178.697
178.196
177.715
177.264
176.828
176.408
176.004
175.622
175.256
174.905
174.569
174.249
173.944
173.655
173.383
173.126
172.879
172.644
172.42
172.205
171.998
171.799
171.608
171.422
171.243
171.067
170.899
170.737
170.586
170.444
170.312
170.18
170.044
169.897
169.744
169.589
169.45
169.339
169.265
169.227
169.215
169.224
169.254
169.307
169.363
169.413
169.44
169.358
240.472
226.751
227.068
227.379
227.443
227.395
227.149
226.555
225.706
224.831
224.093
223.418
222.919
222.406
221.884
221.402
221.028
220.766
220.588
220.445
220.32
220.199
220.069
219.925
219.765
219.595
219.413
219.216
219.002
218.772
218.526
218.261
217.979
217.677
217.354
217.01
216.643
216.255
215.842
215.401
214.929
214.428
213.899
213.341
212.752
212.132
211.479
210.795
210.082
209.342
208.577
207.788
206.976
206.137
205.293
204.393
203.329
201.368
197.506
193.485
190.652
188.773
187.339
186.133
185.077
184.111
183.227
182.429
181.688
180.998
180.349
179.737
179.179
178.651
178.152
177.682
177.233
176.805
176.398
176.006
175.623
175.255
174.904
174.569
174.253
173.954
173.671
173.399
173.135
172.883
172.643
172.415
172.197
171.99
171.793
171.606
171.425
171.252
171.085
170.925
170.769
170.616
170.463
170.313
170.167
170.023
169.876
169.725
169.575
169.44
169.334
169.267
169.238
169.234
169.252
169.293
169.359
169.426
169.484
169.516
169.444
240.468
226.738
227.053
227.364
227.432
227.388
227.15
226.564
225.716
224.834
224.085
223.4
222.895
222.381
221.861
221.385
221.016
220.76
220.584
220.442
220.317
220.197
220.067
219.923
219.763
219.591
219.409
219.211
218.997
218.766
218.518
218.253
217.969
217.666
217.341
216.993
216.624
216.232
215.814
215.368
214.889
214.38
213.84
213.271
212.668
212.03
211.356
210.644
209.894
209.107
208.281
207.411
206.492
205.522
204.468
203.185
201.324
198.357
195.069
192.3
190.219
188.579
187.22
186.034
184.967
184.023
183.165
182.366
181.629
180.942
180.309
179.713
179.151
178.624
178.132
177.657
177.211
176.782
176.371
175.972
175.589
175.224
174.878
174.551
174.236
173.928
173.631
173.347
173.078
172.826
172.587
172.36
172.145
171.939
171.743
171.556
171.376
171.203
171.038
170.882
170.736
170.598
170.465
170.334
170.197
170.055
169.906
169.754
169.601
169.462
169.349
169.277
169.242
169.232
169.243
169.277
169.339
169.403
169.458
169.488
169.407
240.462
226.726
227.038
227.35
227.421
227.382
227.15
226.572
225.727
224.838
224.078
223.382
222.871
222.355
221.838
221.367
221.005
220.754
220.581
220.44
220.315
220.194
220.066
219.921
219.76
219.588
219.405
219.207
218.992
218.76
218.511
218.245
217.959
217.654
217.327
216.977
216.604
216.209
215.787
215.335
214.85
214.332
213.784
213.202
212.586
211.931
211.236
210.497
209.713
208.882
207.997
207.051
206.026
204.911
203.591
201.92
199.603
196.764
194.049
191.803
189.973
188.451
187.118
185.946
184.91
183.965
183.101
182.319
181.593
180.911
180.27
179.665
179.107
178.584
178.092
177.62
177.17
176.74
176.331
175.939
175.566
175.208
174.862
174.527
174.203
173.894
173.606
173.336
173.081
172.838
172.605
172.381
172.167
171.963
171.768
171.58
171.398
171.222
171.052
170.89
170.734
170.586
170.445
170.313
170.183
170.051
169.909
169.763
169.617
169.485
169.38
169.316
169.289
169.286
169.302
169.341
169.406
169.474
169.532
169.561
169.483
240.457
226.714
227.023
227.335
227.41
227.374
227.151
226.581
225.738
224.842
224.07
223.364
222.847
222.329
221.814
221.348
220.994
220.748
220.577
220.437
220.312
220.192
220.064
219.919
219.758
219.585
219.401
219.203
218.987
218.755
218.504
218.236
217.95
217.643
217.314
216.961
216.586
216.186
215.76
215.303
214.811
214.286
213.728
213.135
212.505
211.834
211.118
210.354
209.538
208.664
207.724
206.706
205.584
204.314
202.767
200.844
198.404
195.827
193.498
191.509
189.825
188.35
187.055
185.899
184.855
183.925
183.08
182.286
181.555
180.869
180.235
179.635
179.067
178.533
178.039
177.575
177.142
176.729
176.333
175.95
175.578
175.215
174.865
174.53
174.215
173.919
173.637
173.365
173.104
172.854
172.615
172.387
172.169
171.963
171.767
171.58
171.401
171.23
171.066
170.91
170.759
170.614
170.47
170.33
170.192
170.052
169.904
169.75
169.595
169.456
169.345
169.278
169.251
169.251
169.271
169.317
169.39
169.466
169.53
169.563
169.491
240.45
226.703
227.008
227.32
227.399
227.367
227.151
226.59
225.749
224.847
224.062
223.346
222.823
222.303
221.79
221.33
220.983
220.742
220.573
220.434
220.31
220.19
220.062
219.917
219.755
219.582
219.397
219.198
218.983
218.749
218.498
218.228
217.941
217.632
217.301
216.946
216.567
216.164
215.734
215.272
214.774
214.242
213.674
213.07
212.426
211.738
211.002
210.214
209.366
208.453
207.46
206.371
205.157
203.728
202.024
199.938
197.574
195.255
193.158
191.332
189.723
188.303
187.021
185.871
184.842
183.894
183.025
182.236
181.504
180.827
180.193
179.595
179.046
178.529
178.045
177.582
177.143
176.718
176.307
175.912
175.536
175.178
174.84
174.521
174.213
173.909
173.611
173.326
173.056
172.801
172.559
172.33
172.112
171.906
171.71
171.523
171.344
171.173
171.01
170.855
170.708
170.57
170.441
170.318
170.194
170.067
169.929
169.784
169.634
169.495
169.382
169.311
169.278
169.273
169.289
169.334
169.404
169.478
169.539
169.571
169.502
240.443
226.691
226.993
227.305
227.388
227.359
227.151
226.598
225.761
224.852
224.055
223.329
222.798
222.276
221.765
221.311
220.971
220.736
220.57
220.431
220.307
220.188
220.06
219.915
219.753
219.579
219.393
219.194
218.978
218.743
218.491
218.221
217.932
217.622
217.289
216.931
216.55
216.143
215.709
215.242
214.738
214.198
213.622
213.007
212.349
211.646
210.89
210.077
209.199
208.245
207.202
206.045
204.736
203.187
201.384
199.256
197.024
194.887
192.955
191.224
189.678
188.275
187.006
185.857
184.809
183.868
183.012
182.223
181.495
180.817
180.186
179.585
179.028
178.502
178.012
177.544
177.096
176.667
176.265
175.886
175.523
175.173
174.833
174.5
174.171
173.861
173.572
173.3
173.044
172.8
172.566
172.342
172.127
171.922
171.726
171.539
171.359
171.187
171.02
170.859
170.704
170.558
170.419
170.287
170.155
170.021
169.882
169.738
169.592
169.459
169.352
169.288
169.263
169.266
169.29
169.342
169.42
169.502
169.569
169.601
169.533
240.434
226.68
226.978
227.29
227.376
227.352
227.151
226.607
225.773
224.857
224.048
223.311
222.773
222.248
221.74
221.292
220.96
220.73
220.566
220.428
220.305
220.186
220.058
219.913
219.751
219.576
219.39
219.19
218.973
218.738
218.484
218.213
217.923
217.612
217.277
216.917
216.533
216.123
215.684
215.212
214.703
214.156
213.571
212.946
212.275
211.556
210.781
209.943
209.035
208.044
206.954
205.734
204.328
202.708
200.82
198.762
196.66
194.665
192.834
191.176
189.657
188.272
187.001
185.85
184.817
183.873
183.012
182.22
181.492
180.81
180.176
179.578
179.006
178.466
177.972
177.508
177.077
176.67
176.282
175.902
175.532
175.175
174.826
174.487
174.174
173.881
173.602
173.333
173.074
172.825
172.585
172.355
172.136
171.927
171.729
171.542
171.363
171.193
171.029
170.872
170.721
170.579
170.443
170.312
170.179
170.043
169.897
169.747
169.594
169.454
169.339
169.268
169.236
169.233
169.251
169.3
169.378
169.461
169.526
169.558
169.488
240.425
226.67
226.964
227.275
227.364
227.344
227.151
226.616
225.785
224.863
224.041
223.294
222.748
222.22
221.715
221.273
220.948
220.724
220.562
220.426
220.302
220.184
220.057
219.911
219.748
219.573
219.386
219.186
218.969
218.732
218.478
218.206
217.915
217.602
217.265
216.903
216.516
216.103
215.66
215.184
214.669
214.116
213.523
212.887
212.204
211.469
210.675
209.814
208.877
207.851
206.716
205.44
203.966
202.293
200.389
198.408
196.413
194.515
192.767
191.153
189.664
188.293
187.047
185.902
184.844
183.881
183.004
182.191
181.446
180.764
180.133
179.54
178.996
178.481
177.992
177.526
177.086
176.66
176.246
175.852
175.482
175.131
174.799
174.485
174.182
173.882
173.587
173.304
173.033
172.776
172.531
172.298
172.077
171.867
171.667
171.478
171.299
171.127
170.962
170.805
170.655
170.515
170.383
170.257
170.134
170.008
169.875
169.736
169.592
169.46
169.352
169.287
169.259
169.258
169.277
169.328
169.408
169.495
169.561
169.594
169.523
240.414
226.66
226.949
227.259
227.351
227.335
227.15
226.626
225.798
224.87
224.036
223.278
222.723
222.192
221.689
221.254
220.936
220.718
220.559
220.423
220.3
220.182
220.055
219.91
219.746
219.57
219.383
219.182
218.964
218.727
218.472
218.199
217.907
217.593
217.254
216.89
216.5
216.084
215.637
215.156
214.636
214.077
213.476
212.83
212.136
211.386
210.574
209.691
208.727
207.668
206.491
205.161
203.648
201.922
200.085
198.13
196.224
194.423
192.737
191.162
189.707
188.365
187.111
185.951
184.885
183.898
182.995
182.193
181.466
180.788
180.152
179.551
178.985
178.448
177.951
177.48
177.035
176.611
176.22
175.851
175.496
175.15
174.81
174.475
174.144
173.834
173.544
173.271
173.012
172.764
172.527
172.301
172.083
171.875
171.675
171.485
171.302
171.127
170.958
170.797
170.643
170.498
170.359
170.226
170.095
169.962
169.823
169.678
169.53
169.394
169.285
169.22
169.193
169.196
169.22
169.276
169.361
169.454
169.525
169.562
169.496
240.403
226.65
226.934
227.243
227.339
227.327
227.15
226.635
225.812
224.877
224.031
223.263
222.698
222.163
221.662
221.234
220.925
220.712
220.556
220.42
220.297
220.18
220.053
219.908
219.744
219.567
219.38
219.178
218.96
218.722
218.466
218.193
217.899
217.584
217.244
216.877
216.485
216.065
215.615
215.13
214.605
214.039
213.431
212.776
212.071
211.307
210.478
209.574
208.584
207.493
206.278
204.904
203.363
201.636
199.842
197.944
196.114
194.381
192.746
191.21
189.772
188.422
187.168
186.004
184.927
183.95
183.063
182.247
181.492
180.794
180.152
179.553
178.991
178.446
177.95
177.48
177.042
176.63
176.24
175.859
175.483
175.122
174.774
174.442
174.135
173.848
173.572
173.303
173.042
172.79
172.548
172.317
172.095
171.884
171.684
171.493
171.311
171.138
170.97
170.81
170.657
170.513
170.375
170.243
170.112
169.979
169.839
169.693
169.542
169.403
169.289
169.217
169.186
169.185
169.205
169.257
169.338
169.428
169.498
169.536
169.475
240.39
226.641
226.92
227.228
227.326
227.318
227.15
226.644
225.826
224.886
224.028
223.248
222.673
222.134
221.635
221.214
220.913
220.706
220.552
220.418
220.295
220.178
220.052
219.906
219.742
219.564
219.376
219.175
218.955
218.717
218.461
218.186
217.892
217.575
217.233
216.865
216.47
216.048
215.594
215.104
214.575
214.003
213.388
212.725
212.009
211.232
210.387
209.464
208.45
207.331
206.083
204.682
203.11
201.433
199.625
197.828
196.074
194.387
192.783
191.271
189.842
188.504
187.247
186.081
185.011
184.019
183.096
182.244
181.465
180.762
180.121
179.524
178.971
178.456
177.96
177.483
177.035
176.608
176.202
175.814
175.446
175.098
174.769
174.456
174.153
173.853
173.559
173.276
173.003
172.742
172.494
172.259
172.034
171.821
171.619
171.426
171.242
171.067
170.898
170.738
170.585
170.44
170.302
170.172
170.045
169.918
169.784
169.645
169.5
169.367
169.258
169.192
169.166
169.169
169.192
169.248
169.332
169.424
169.493
169.529
169.466
240.377
226.632
226.905
227.212
227.312
227.309
227.149
226.654
225.84
224.895
224.025
223.233
222.647
222.103
221.608
221.194
220.901
220.7
220.549
220.415
220.293
220.176
220.05
219.905
219.74
219.562
219.373
219.171
218.951
218.712
218.455
218.18
217.885
217.567
217.223
216.853
216.456
216.031
215.574
215.08
214.546
213.968
213.346
212.675
211.949
211.161
210.301
209.36
208.326
207.183
205.913
204.497
202.923
201.262
199.494
197.756
196.054
194.409
192.848
191.363
189.956
188.618
187.361
186.185
185.086
184.061
183.12
182.27
181.506
180.813
180.172
179.567
178.994
178.436
177.926
177.448
177.006
176.592
176.204
175.829
175.465
175.112
174.77
174.439
174.114
173.804
173.512
173.237
172.975
172.725
172.485
172.254
172.032
171.819
171.614
171.417
171.227
171.045
170.871
170.707
170.55
170.401
170.26
170.126
169.997
169.866
169.73
169.587
169.439
169.302
169.187
169.117
169.087
169.086
169.106
169.161
169.247
169.342
169.412
169.448
169.386
240.361
226.624
226.891
227.195
227.299
227.3
227.148
226.663
225.855
224.905
224.023
223.217
222.619
222.073
221.581
221.174
220.889
220.695
220.546
220.413
220.29
220.174
220.048
219.903
219.738
219.56
219.37
219.168
218.947
218.707
218.45
218.174
217.878
217.558
217.214
216.842
216.442
216.015
215.555
215.057
214.518
213.935
213.307
212.629
211.893
211.094
210.221
209.264
208.212
207.05
205.761
204.331
202.782
201.104
199.433
197.715
196.049
194.458
192.936
191.48
190.083
188.753
187.486
186.285
185.169
184.149
183.217
182.365
181.578
180.851
180.18
179.563
178.998
178.464
177.961
177.484
177.04
176.614
176.203
175.804
175.426
175.068
174.732
174.414
174.109
173.816
173.536
173.265
173.003
172.75
172.506
172.272
172.046
171.832
171.627
171.432
171.243
171.062
170.889
170.724
170.567
170.417
170.275
170.141
170.011
169.88
169.743
169.6
169.452
169.313
169.197
169.125
169.093
169.092
169.112
169.168
169.256
169.354
169.426
169.463
169.399
)
;

boundaryField
{
    inlet
    {
        type            fixedValue;
        value           uniform 223;
    }
    obstacle
    {
        type            zeroGradient;
    }
    bottom
    {
        type            symmetry;
    }
    outlet
    {
        type            inletOutlet;
        inletValue      nonuniform List<scalar> 0();
        value           nonuniform List<scalar> 0();
    }
    top
    {
        type            symmetry;
    }
    defaultFaces
    {
        type            empty;
    }
    procBoundary5to2
    {
        type            processor;
        value           nonuniform List<scalar> 
42
(
229.448
227.997
226.87
226.863
226.863
226.854
226.827
226.774
226.707
226.645
226.593
226.537
226.482
226.436
226.398
226.361
226.325
226.29
226.254
226.215
226.174
226.13
226.083
226.032
225.979
225.922
225.863
225.801
225.736
225.667
225.592
225.51
225.42
225.326
225.228
225.127
225.024
224.918
224.809
224.698
224.586
224.475
)
;
    }
    procBoundary5to3
    {
        type            processor;
        value           nonuniform List<scalar> 
83
(
224.616
224.616
224.496
224.38
223.952
223.952
223.751
223.553
223.357
223.162
222.966
222.768
222.568
222.365
222.158
221.951
221.747
221.545
221.35
221.163
220.981
220.811
220.657
220.512
220.376
220.244
220.116
219.989
219.866
219.747
219.634
219.525
219.422
219.323
219.23
219.144
219.069
219.006
218.955
218.916
218.889
218.873
218.872
218.886
218.913
218.954
219.004
219.063
219.131
219.209
219.297
219.392
219.492
219.595
219.7
219.807
219.915
220.02
220.122
220.224
220.334
220.46
220.615
220.821
221.105
221.521
222.026
222.567
223.106
223.603
224.026
224.326
224.564
224.899
225.404
226.145
226.99
227.61
227.946
228.122
228.078
227.787
241.116
)
;
    }
    procBoundary5to4
    {
        type            processor;
        value           nonuniform List<scalar> 
121
(
240.344
226.617
226.877
227.179
227.285
227.291
227.146
226.673
225.87
224.916
224.02
223.201
222.591
222.042
221.553
221.153
220.877
220.689
220.544
220.411
220.288
220.171
220.046
219.901
219.736
219.557
219.367
219.164
218.943
218.703
218.445
218.169
217.871
217.551
217.204
216.831
216.429
215.999
215.536
215.035
214.491
213.904
213.27
212.584
211.84
211.031
210.146
209.175
208.108
206.928
205.624
204.187
202.649
201.018
199.374
197.714
196.099
194.542
193.043
191.591
190.195
188.858
187.594
186.407
185.298
184.269
183.315
182.425
181.598
180.846
180.17
179.555
178.985
178.449
177.947
177.466
177.011
176.573
176.161
175.777
175.424
175.088
174.761
174.439
174.123
173.818
173.523
173.239
172.966
172.704
172.455
172.216
171.989
171.772
171.565
171.367
171.179
170.999
170.827
170.663
170.504
170.353
170.211
170.076
169.946
169.816
169.681
169.54
169.393
169.254
169.136
169.061
169.027
169.025
169.046
169.103
169.192
169.291
169.365
169.404
169.342
)
;
    }
}


// ************************************************************************* //
