/*--------------------------------*- C++ -*----------------------------------*\
| =========                 |                                                 |
| \\      /  F ield         | OpenFOAM: The Open Source CFD Toolbox           |
|  \\    /   O peration     | Version:  2412                                  |
|   \\  /    A nd           | Website:  www.openfoam.com                      |
|    \\/     M anipulation  |                                                 |
\*---------------------------------------------------------------------------*/
FoamFile
{
    version     2.0;
    format      ascii;
    arch        "LSB;label=32;scalar=64";
    class       volScalarField;
    location    "0.051";
    object      T;
}
// * * * * * * * * * * * * * * * * * * * * * * * * * * * * * * * * * * * * * //

dimensions      [0 0 0 1 0 0 0];

internalField   nonuniform List<scalar> 
9859
(
223.266
223.276
223.283
223.289
223.293
223.299
223.301
223.307
223.309
223.314
223.315
223.319
223.323
223.325
223.324
223.322
223.315
223.306
223.299
223.292
223.289
223.287
223.286
223.285
223.283
223.28
223.278
223.276
223.274
223.272
223.269
223.267
223.267
223.267
223.267
223.267
223.266
223.264
223.264
223.263
223.263
223.262
223.26
223.258
223.255
223.251
223.245
223.238
223.229
223.219
223.207
223.194
223.178
223.158
223.137
223.122
223.116
223.097
223.155
223.159
223.211
223.232
223.236
223.237
223.242
223.25
223.262
223.27
223.275
223.265
223.276
223.282
223.289
223.293
223.299
223.301
223.308
223.31
223.315
223.316
223.32
223.323
223.326
223.325
223.322
223.316
223.307
223.299
223.292
223.289
223.287
223.287
223.285
223.283
223.281
223.278
223.276
223.275
223.272
223.27
223.268
223.268
223.268
223.268
223.268
223.267
223.266
223.265
223.265
223.265
223.264
223.262
223.26
223.256
223.252
223.247
223.24
223.231
223.221
223.209
223.196
223.179
223.16
223.141
223.129
223.127
223.11
223.16
223.157
223.204
223.222
223.226
223.227
223.233
223.241
223.254
223.263
223.267
223.265
223.271
223.27
223.27
223.274
223.278
223.293
223.338
223.416
223.537
223.697
223.884
224.082
224.28
224.466
224.633
224.782
224.917
225.044
225.168
225.293
225.419
225.544
225.666
225.788
225.908
226.03
226.15
226.266
226.378
226.489
226.6
226.715
226.84
226.974
227.12
227.268
227.416
227.584
227.768
227.985
228.217
228.361
223.264
223.275
223.282
223.289
223.293
223.299
223.302
223.309
223.311
223.316
223.317
223.321
223.324
223.327
223.326
223.323
223.317
223.307
223.299
223.293
223.289
223.287
223.287
223.286
223.284
223.281
223.279
223.277
223.275
223.273
223.271
223.269
223.269
223.269
223.27
223.269
223.268
223.267
223.267
223.266
223.266
223.265
223.264
223.261
223.258
223.255
223.249
223.242
223.233
223.223
223.211
223.197
223.181
223.162
223.145
223.136
223.137
223.123
223.162
223.157
223.198
223.213
223.217
223.219
223.226
223.233
223.247
223.256
223.261
223.259
223.265
223.265
223.265
223.269
223.272
223.275
223.277
223.28
223.28
223.277
223.274
223.273
223.275
223.287
223.328
223.4
223.513
223.664
223.842
224.034
224.226
224.408
224.574
224.721
224.855
224.981
225.104
225.228
225.352
225.475
225.596
225.716
225.835
225.955
226.073
226.188
226.298
226.407
226.516
226.631
226.754
226.887
227.029
227.172
227.313
227.473
227.652
227.863
228.094
228.223
223.263
223.274
223.282
223.289
223.293
223.3
223.303
223.309
223.312
223.317
223.318
223.322
223.325
223.328
223.327
223.324
223.318
223.308
223.3
223.293
223.29
223.288
223.287
223.286
223.284
223.282
223.279
223.278
223.276
223.274
223.272
223.27
223.27
223.27
223.271
223.271
223.27
223.269
223.268
223.268
223.268
223.267
223.266
223.263
223.26
223.257
223.252
223.244
223.236
223.225
223.213
223.199
223.182
223.164
223.149
223.143
223.145
223.137
223.162
223.158
223.192
223.206
223.21
223.212
223.22
223.227
223.241
223.251
223.256
223.254
223.261
223.261
223.261
223.265
223.269
223.271
223.273
223.276
223.277
223.274
223.272
223.271
223.272
223.283
223.32
223.386
223.49
223.632
223.801
223.985
224.172
224.35
224.513
224.659
224.792
224.917
225.039
225.161
225.283
225.405
225.524
225.642
225.76
225.879
225.995
226.107
226.216
226.324
226.432
226.546
226.668
226.799
226.938
227.075
227.209
227.361
227.533
227.735
227.964
228.084
223.263
223.274
223.281
223.289
223.294
223.3
223.303
223.31
223.312
223.318
223.319
223.323
223.326
223.329
223.328
223.325
223.319
223.309
223.3
223.293
223.29
223.288
223.287
223.286
223.285
223.282
223.28
223.278
223.277
223.275
223.273
223.271
223.271
223.272
223.272
223.272
223.271
223.27
223.27
223.27
223.27
223.269
223.268
223.265
223.263
223.259
223.254
223.247
223.238
223.228
223.215
223.2
223.183
223.167
223.155
223.151
223.152
223.152
223.161
223.16
223.188
223.2
223.204
223.207
223.216
223.222
223.237
223.246
223.252
223.25
223.258
223.258
223.259
223.262
223.266
223.268
223.271
223.274
223.274
223.273
223.27
223.269
223.27
223.28
223.313
223.373
223.468
223.6
223.76
223.936
224.117
224.291
224.451
224.596
224.728
224.852
224.973
225.093
225.214
225.334
225.451
225.567
225.683
225.8
225.914
226.025
226.132
226.239
226.347
226.462
226.582
226.71
226.845
226.976
227.104
227.249
227.413
227.604
227.825
227.941
227.731
223.262
223.273
223.281
223.289
223.294
223.301
223.304
223.311
223.313
223.319
223.32
223.324
223.327
223.33
223.329
223.326
223.319
223.309
223.301
223.294
223.29
223.288
223.288
223.287
223.285
223.283
223.281
223.279
223.278
223.276
223.274
223.272
223.272
223.273
223.274
223.274
223.273
223.272
223.272
223.272
223.272
223.271
223.27
223.268
223.265
223.261
223.257
223.25
223.241
223.23
223.217
223.201
223.185
223.17
223.162
223.159
223.157
223.168
223.158
223.163
223.185
223.196
223.2
223.203
223.213
223.218
223.233
223.243
223.249
223.248
223.256
223.256
223.258
223.261
223.265
223.267
223.269
223.272
223.273
223.272
223.27
223.269
223.27
223.278
223.308
223.361
223.448
223.57
223.72
223.888
224.062
224.231
224.389
224.531
224.663
224.786
224.906
225.025
225.143
225.261
225.376
225.49
225.603
225.718
225.831
225.94
226.047
226.154
226.262
226.376
226.495
226.619
226.75
226.876
226.999
227.135
227.292
227.47
227.679
227.792
227.542
223.261
223.273
223.281
223.288
223.294
223.301
223.304
223.312
223.314
223.32
223.321
223.325
223.329
223.331
223.33
223.327
223.32
223.31
223.302
223.294
223.291
223.289
223.288
223.287
223.285
223.283
223.281
223.28
223.278
223.277
223.275
223.274
223.273
223.274
223.275
223.275
223.275
223.274
223.273
223.274
223.274
223.273
223.272
223.27
223.267
223.264
223.259
223.253
223.244
223.232
223.219
223.202
223.186
223.174
223.169
223.167
223.161
223.184
223.154
223.167
223.184
223.194
223.198
223.2
223.211
223.215
223.231
223.241
223.247
223.247
223.255
223.256
223.257
223.261
223.264
223.266
223.269
223.272
223.273
223.272
223.27
223.269
223.27
223.278
223.304
223.352
223.43
223.542
223.681
223.84
224.006
224.171
224.325
224.466
224.596
224.718
224.837
224.954
225.071
225.186
225.299
225.411
225.522
225.635
225.746
225.854
225.961
226.068
226.175
226.289
226.406
226.527
226.653
226.775
226.892
227.021
227.171
227.335
227.527
227.638
227.351
223.259
223.272
223.28
223.288
223.294
223.302
223.305
223.313
223.315
223.321
223.323
223.326
223.33
223.332
223.331
223.328
223.321
223.311
223.302
223.295
223.291
223.289
223.289
223.288
223.286
223.284
223.282
223.281
223.279
223.278
223.276
223.275
223.275
223.276
223.277
223.277
223.276
223.276
223.275
223.276
223.276
223.275
223.274
223.272
223.27
223.267
223.262
223.256
223.246
223.235
223.22
223.204
223.189
223.18
223.177
223.176
223.165
223.199
223.149
223.171
223.184
223.193
223.196
223.199
223.21
223.214
223.229
223.239
223.245
223.247
223.255
223.255
223.257
223.26
223.264
223.266
223.269
223.272
223.273
223.273
223.271
223.269
223.27
223.278
223.301
223.344
223.413
223.515
223.644
223.793
223.951
224.11
224.26
224.398
224.528
224.649
224.766
224.882
224.996
225.11
225.22
225.329
225.438
225.549
225.658
225.766
225.873
225.979
226.087
226.2
226.314
226.431
226.553
226.671
226.784
226.907
227.049
227.2
227.372
227.476
227.153
223.258
223.271
223.28
223.288
223.294
223.302
223.306
223.314
223.317
223.322
223.324
223.327
223.331
223.333
223.333
223.329
223.322
223.312
223.303
223.295
223.291
223.289
223.289
223.288
223.287
223.284
223.283
223.281
223.28
223.279
223.277
223.276
223.276
223.277
223.278
223.279
223.278
223.278
223.277
223.278
223.278
223.278
223.277
223.275
223.273
223.27
223.265
223.259
223.249
223.237
223.221
223.205
223.192
223.186
223.185
223.186
223.17
223.212
223.146
223.174
223.184
223.193
223.196
223.198
223.209
223.213
223.229
223.238
223.244
223.247
223.255
223.256
223.258
223.261
223.265
223.267
223.27
223.273
223.275
223.275
223.273
223.271
223.272
223.278
223.299
223.337
223.399
223.49
223.608
223.747
223.897
224.049
224.195
224.33
224.457
224.578
224.693
224.808
224.92
225.031
225.139
225.246
225.353
225.461
225.569
225.676
225.783
225.889
225.996
226.109
226.219
226.333
226.451
226.564
226.675
226.791
226.927
227.064
227.213
227.309
226.949
223.257
223.27
223.279
223.288
223.294
223.302
223.306
223.315
223.318
223.324
223.325
223.329
223.332
223.335
223.334
223.33
223.324
223.313
223.304
223.296
223.292
223.29
223.289
223.289
223.287
223.285
223.284
223.282
223.281
223.28
223.278
223.278
223.278
223.279
223.28
223.281
223.28
223.28
223.28
223.28
223.28
223.28
223.279
223.278
223.275
223.273
223.268
223.262
223.252
223.239
223.223
223.207
223.196
223.193
223.195
223.196
223.176
223.223
223.144
223.178
223.185
223.193
223.196
223.197
223.208
223.212
223.228
223.238
223.244
223.248
223.255
223.257
223.259
223.262
223.266
223.269
223.272
223.275
223.278
223.278
223.277
223.276
223.276
223.281
223.298
223.332
223.386
223.468
223.574
223.702
223.843
223.987
224.128
224.26
224.385
224.504
224.618
224.731
224.842
224.951
225.056
225.16
225.265
225.371
225.478
225.584
225.691
225.797
225.903
226.014
226.122
226.231
226.345
226.455
226.563
226.674
226.803
226.926
227.053
227.135
226.739
223.256
223.269
223.278
223.288
223.294
223.303
223.307
223.316
223.319
223.325
223.327
223.33
223.334
223.336
223.335
223.332
223.325
223.314
223.304
223.296
223.292
223.29
223.29
223.289
223.288
223.286
223.284
223.283
223.282
223.281
223.28
223.279
223.279
223.281
223.282
223.283
223.282
223.282
223.282
223.282
223.283
223.283
223.282
223.28
223.279
223.276
223.272
223.265
223.254
223.24
223.224
223.209
223.201
223.2
223.204
223.206
223.184
223.23
223.145
223.182
223.187
223.194
223.197
223.198
223.208
223.213
223.229
223.238
223.244
223.25
223.257
223.259
223.262
223.266
223.269
223.273
223.276
223.28
223.282
223.284
223.283
223.282
223.281
223.285
223.299
223.329
223.376
223.448
223.543
223.66
223.791
223.927
224.061
224.189
224.312
224.428
224.541
224.652
224.761
224.867
224.97
225.072
225.175
225.28
225.385
225.49
225.597
225.702
225.808
225.916
226.02
226.125
226.235
226.344
226.449
226.555
226.677
226.786
226.892
226.956
226.525
223.254
223.268
223.278
223.287
223.294
223.303
223.308
223.317
223.32
223.326
223.328
223.332
223.335
223.338
223.337
223.333
223.326
223.315
223.305
223.297
223.293
223.291
223.29
223.29
223.288
223.287
223.285
223.284
223.283
223.282
223.281
223.281
223.281
223.282
223.284
223.285
223.285
223.284
223.284
223.285
223.286
223.285
223.285
223.283
223.282
223.279
223.275
223.268
223.257
223.242
223.226
223.213
223.207
223.209
223.215
223.217
223.194
223.233
223.147
223.187
223.19
223.197
223.199
223.199
223.207
223.214
223.23
223.238
223.245
223.252
223.259
223.263
223.266
223.27
223.274
223.278
223.282
223.286
223.289
223.291
223.291
223.289
223.288
223.291
223.301
223.327
223.367
223.43
223.514
223.62
223.74
223.867
223.995
224.117
224.236
224.35
224.461
224.57
224.677
224.781
224.882
224.982
225.082
225.186
225.29
225.395
225.5
225.604
225.708
225.814
225.915
226.016
226.123
226.229
226.332
226.433
226.547
226.644
226.729
226.771
226.308
223.253
223.267
223.277
223.287
223.294
223.303
223.308
223.318
223.321
223.328
223.329
223.333
223.337
223.339
223.339
223.335
223.327
223.316
223.306
223.298
223.293
223.291
223.291
223.29
223.289
223.287
223.286
223.285
223.285
223.284
223.283
223.282
223.283
223.284
223.286
223.287
223.287
223.286
223.287
223.288
223.288
223.288
223.288
223.287
223.285
223.283
223.279
223.271
223.259
223.244
223.229
223.218
223.214
223.218
223.226
223.226
223.207
223.234
223.153
223.193
223.193
223.2
223.202
223.201
223.207
223.215
223.231
223.239
223.247
223.256
223.263
223.268
223.272
223.276
223.281
223.284
223.288
223.293
223.297
223.299
223.3
223.298
223.297
223.298
223.305
223.326
223.361
223.415
223.489
223.583
223.692
223.809
223.929
224.045
224.16
224.271
224.378
224.486
224.59
224.692
224.791
224.888
224.988
225.089
225.193
225.297
225.401
225.503
225.605
225.707
225.805
225.903
226.006
226.11
226.211
226.307
226.412
226.5
226.567
226.579
226.091
223.251
223.266
223.276
223.286
223.294
223.304
223.309
223.319
223.323
223.329
223.331
223.335
223.338
223.341
223.34
223.336
223.329
223.317
223.307
223.298
223.294
223.292
223.292
223.291
223.29
223.288
223.287
223.286
223.286
223.285
223.284
223.284
223.285
223.286
223.288
223.289
223.289
223.289
223.289
223.29
223.291
223.291
223.291
223.29
223.289
223.286
223.282
223.274
223.262
223.247
223.232
223.223
223.221
223.227
223.237
223.235
223.224
223.235
223.161
223.199
223.199
223.205
223.206
223.204
223.207
223.219
223.234
223.241
223.251
223.26
223.268
223.274
223.279
223.283
223.288
223.292
223.296
223.301
223.305
223.308
223.309
223.308
223.306
223.306
223.31
223.327
223.357
223.403
223.467
223.549
223.647
223.754
223.864
223.974
224.083
224.19
224.294
224.398
224.5
224.6
224.697
224.792
224.89
224.99
225.093
225.195
225.298
225.398
225.497
225.596
225.691
225.786
225.886
225.987
226.086
226.177
226.272
226.351
226.405
226.379
225.871
223.249
223.264
223.275
223.286
223.293
223.304
223.309
223.32
223.324
223.33
223.332
223.336
223.34
223.343
223.342
223.338
223.33
223.318
223.308
223.299
223.295
223.293
223.292
223.292
223.291
223.289
223.288
223.288
223.287
223.287
223.286
223.286
223.287
223.289
223.291
223.292
223.292
223.292
223.292
223.293
223.294
223.294
223.294
223.293
223.292
223.29
223.286
223.277
223.264
223.249
223.237
223.23
223.229
223.238
223.248
223.243
223.244
223.234
223.171
223.207
223.205
223.211
223.211
223.209
223.208
223.223
223.237
223.244
223.255
223.265
223.274
223.281
223.286
223.291
223.296
223.3
223.304
223.309
223.314
223.317
223.319
223.318
223.316
223.315
223.317
223.329
223.354
223.394
223.448
223.519
223.606
223.701
223.802
223.904
224.007
224.108
224.209
224.309
224.408
224.505
224.599
224.693
224.789
224.888
224.989
225.09
225.19
225.288
225.385
225.48
225.573
225.665
225.762
225.859
225.956
226.042
226.126
226.194
226.24
226.173
225.648
223.247
223.263
223.274
223.285
223.293
223.304
223.31
223.321
223.325
223.332
223.334
223.338
223.342
223.345
223.344
223.34
223.332
223.32
223.309
223.3
223.295
223.293
223.293
223.293
223.292
223.29
223.29
223.289
223.289
223.288
223.288
223.288
223.289
223.291
223.293
223.294
223.294
223.294
223.295
223.296
223.297
223.298
223.298
223.297
223.296
223.294
223.289
223.28
223.267
223.253
223.242
223.238
223.239
223.249
223.259
223.251
223.265
223.233
223.184
223.215
223.213
223.217
223.216
223.214
223.21
223.228
223.242
223.248
223.26
223.27
223.28
223.288
223.294
223.299
223.304
223.308
223.313
223.318
223.323
223.326
223.328
223.328
223.326
223.324
223.325
223.333
223.354
223.387
223.433
223.493
223.568
223.653
223.744
223.837
223.933
224.027
224.123
224.219
224.314
224.407
224.499
224.591
224.685
224.782
224.881
224.98
225.077
225.172
225.266
225.359
225.449
225.539
225.633
225.726
225.819
225.901
225.974
226.031
226.065
225.963
225.421
223.245
223.261
223.272
223.284
223.293
223.304
223.31
223.322
223.326
223.333
223.336
223.34
223.344
223.347
223.346
223.341
223.334
223.321
223.311
223.301
223.296
223.294
223.294
223.293
223.293
223.292
223.291
223.29
223.29
223.29
223.289
223.29
223.291
223.293
223.295
223.297
223.297
223.297
223.298
223.3
223.301
223.302
223.301
223.301
223.3
223.298
223.293
223.283
223.27
223.257
223.249
223.246
223.249
223.261
223.27
223.26
223.286
223.232
223.2
223.224
223.222
223.224
223.221
223.22
223.212
223.235
223.246
223.252
223.266
223.276
223.286
223.295
223.301
223.307
223.312
223.317
223.321
223.326
223.331
223.335
223.337
223.338
223.336
223.334
223.334
223.34
223.355
223.384
223.421
223.472
223.536
223.61
223.69
223.774
223.861
223.949
224.038
224.129
224.219
224.309
224.397
224.486
224.577
224.672
224.768
224.864
224.959
225.051
225.142
225.232
225.319
225.407
225.497
225.586
225.675
225.752
225.818
225.861
225.88
225.748
225.19
223.242
223.259
223.271
223.283
223.292
223.304
223.311
223.323
223.327
223.335
223.337
223.341
223.346
223.349
223.348
223.343
223.336
223.323
223.312
223.302
223.297
223.295
223.295
223.294
223.294
223.293
223.292
223.292
223.292
223.292
223.291
223.292
223.293
223.296
223.298
223.3
223.3
223.3
223.301
223.303
223.305
223.305
223.305
223.305
223.304
223.302
223.297
223.286
223.274
223.262
223.256
223.255
223.26
223.273
223.282
223.27
223.307
223.235
223.216
223.235
223.231
223.229
223.225
223.227
223.215
223.241
223.251
223.257
223.271
223.282
223.293
223.302
223.308
223.314
223.32
223.324
223.329
223.334
223.339
223.343
223.346
223.347
223.346
223.345
223.344
223.347
223.359
223.382
223.413
223.455
223.509
223.572
223.641
223.716
223.794
223.874
223.956
224.04
224.125
224.21
224.294
224.379
224.467
224.558
224.651
224.743
224.834
224.923
225.012
225.098
225.183
225.268
225.355
225.439
225.523
225.595
225.655
225.686
225.683
225.525
224.951
223.24
223.257
223.269
223.282
223.291
223.304
223.311
223.323
223.329
223.336
223.339
223.343
223.348
223.351
223.35
223.346
223.338
223.325
223.314
223.304
223.298
223.296
223.296
223.295
223.295
223.294
223.294
223.294
223.294
223.294
223.294
223.294
223.296
223.298
223.301
223.303
223.303
223.304
223.305
223.307
223.308
223.309
223.31
223.31
223.309
223.306
223.3
223.29
223.278
223.268
223.264
223.265
223.272
223.286
223.294
223.282
223.323
223.241
223.234
223.247
223.241
223.235
223.228
223.233
223.218
223.248
223.256
223.262
223.277
223.289
223.299
223.308
223.316
223.322
223.327
223.332
223.336
223.341
223.346
223.351
223.355
223.356
223.356
223.355
223.354
223.356
223.364
223.382
223.409
223.443
223.487
223.54
223.599
223.664
223.732
223.804
223.878
223.955
224.034
224.113
224.192
224.272
224.355
224.442
224.53
224.618
224.705
224.79
224.875
224.958
225.041
225.122
225.205
225.284
225.362
225.428
225.481
225.506
225.475
225.294
224.704
223.237
223.255
223.267
223.28
223.291
223.304
223.312
223.324
223.33
223.338
223.341
223.345
223.35
223.353
223.353
223.348
223.34
223.327
223.315
223.305
223.3
223.297
223.297
223.297
223.296
223.295
223.295
223.295
223.296
223.296
223.296
223.297
223.298
223.301
223.304
223.306
223.307
223.307
223.309
223.31
223.312
223.314
223.314
223.314
223.313
223.31
223.304
223.293
223.282
223.275
223.273
223.275
223.284
223.298
223.307
223.294
223.336
223.25
223.252
223.26
223.251
223.24
223.23
223.239
223.222
223.255
223.261
223.268
223.283
223.295
223.306
223.315
223.323
223.329
223.334
223.339
223.344
223.349
223.354
223.359
223.363
223.365
223.366
223.366
223.365
223.366
223.372
223.384
223.407
223.435
223.471
223.514
223.564
223.619
223.678
223.741
223.807
223.877
223.948
224.02
224.093
224.167
224.244
224.325
224.408
224.49
224.572
224.653
224.734
224.813
224.891
224.969
225.047
225.121
225.192
225.252
225.296
225.315
225.26
225.053
224.446
223.234
223.252
223.265
223.279
223.29
223.304
223.312
223.325
223.331
223.339
223.342
223.347
223.352
223.355
223.355
223.35
223.342
223.329
223.317
223.307
223.301
223.298
223.298
223.298
223.298
223.297
223.297
223.297
223.298
223.298
223.298
223.299
223.301
223.304
223.307
223.309
223.31
223.311
223.312
223.315
223.317
223.318
223.319
223.319
223.318
223.315
223.308
223.298
223.288
223.283
223.281
223.286
223.297
223.312
223.321
223.308
223.348
223.262
223.271
223.274
223.261
223.244
223.233
223.244
223.226
223.262
223.266
223.274
223.29
223.301
223.312
223.322
223.33
223.336
223.342
223.347
223.352
223.356
223.362
223.367
223.371
223.375
223.376
223.377
223.377
223.377
223.381
223.389
223.407
223.431
223.46
223.495
223.536
223.582
223.632
223.686
223.744
223.805
223.869
223.934
224
224.067
224.137
224.211
224.287
224.362
224.438
224.514
224.589
224.663
224.736
224.808
224.881
224.949
225.013
225.066
225.099
225.111
225.036
224.804
224.177
223.23
223.249
223.263
223.277
223.288
223.303
223.312
223.326
223.332
223.34
223.344
223.349
223.354
223.358
223.358
223.353
223.345
223.331
223.319
223.308
223.302
223.3
223.299
223.299
223.299
223.299
223.299
223.299
223.3
223.3
223.301
223.302
223.304
223.307
223.31
223.312
223.314
223.315
223.316
223.319
223.321
223.323
223.323
223.323
223.322
223.319
223.312
223.302
223.294
223.291
223.291
223.297
223.31
223.327
223.336
223.323
223.359
223.277
223.289
223.288
223.27
223.249
223.235
223.249
223.231
223.267
223.271
223.281
223.296
223.308
223.319
223.329
223.337
223.344
223.349
223.354
223.359
223.364
223.37
223.375
223.38
223.384
223.386
223.388
223.389
223.389
223.392
223.397
223.409
223.429
223.454
223.482
223.516
223.553
223.595
223.641
223.69
223.744
223.799
223.856
223.915
223.975
224.037
224.103
224.171
224.239
224.307
224.376
224.444
224.512
224.579
224.644
224.71
224.77
224.827
224.871
224.893
224.893
224.801
224.545
223.898
223.227
223.246
223.26
223.275
223.287
223.303
223.312
223.326
223.333
223.342
223.346
223.351
223.356
223.36
223.361
223.356
223.348
223.334
223.321
223.31
223.304
223.301
223.301
223.301
223.301
223.301
223.301
223.301
223.302
223.303
223.304
223.305
223.307
223.311
223.314
223.316
223.318
223.319
223.321
223.323
223.326
223.327
223.328
223.328
223.327
223.323
223.316
223.307
223.301
223.299
223.3
223.309
223.324
223.341
223.353
223.34
223.369
223.293
223.307
223.302
223.279
223.253
223.239
223.252
223.238
223.271
223.276
223.288
223.303
223.315
223.326
223.336
223.344
223.351
223.357
223.362
223.367
223.373
223.378
223.384
223.389
223.393
223.397
223.399
223.401
223.402
223.404
223.406
223.414
223.43
223.451
223.475
223.502
223.533
223.567
223.606
223.647
223.693
223.74
223.79
223.841
223.893
223.948
224.005
224.064
224.124
224.184
224.244
224.304
224.364
224.422
224.479
224.536
224.588
224.635
224.67
224.681
224.664
224.555
224.275
223.611
223.222
223.243
223.257
223.273
223.285
223.302
223.312
223.327
223.334
223.343
223.347
223.353
223.359
223.363
223.364
223.359
223.351
223.337
223.324
223.312
223.306
223.303
223.303
223.303
223.303
223.303
223.303
223.304
223.305
223.306
223.307
223.308
223.311
223.314
223.318
223.32
223.322
223.323
223.325
223.328
223.331
223.332
223.333
223.333
223.332
223.327
223.32
223.313
223.309
223.308
223.311
223.322
223.339
223.356
223.368
223.359
223.38
223.31
223.324
223.315
223.285
223.258
223.245
223.255
223.244
223.275
223.282
223.296
223.31
223.322
223.334
223.344
223.352
223.359
223.365
223.371
223.376
223.381
223.387
223.393
223.398
223.403
223.407
223.41
223.413
223.416
223.417
223.419
223.424
223.434
223.45
223.472
223.495
223.52
223.549
223.58
223.615
223.653
223.694
223.736
223.78
223.825
223.872
223.921
223.972
224.023
224.075
224.125
224.174
224.224
224.274
224.321
224.368
224.41
224.445
224.471
224.467
224.433
224.303
223.998
223.317
223.218
223.239
223.253
223.27
223.284
223.301
223.312
223.327
223.335
223.344
223.349
223.355
223.361
223.365
223.367
223.362
223.354
223.34
223.327
223.315
223.308
223.305
223.304
223.305
223.305
223.305
223.305
223.306
223.308
223.309
223.31
223.311
223.314
223.318
223.322
223.324
223.326
223.328
223.33
223.333
223.336
223.338
223.338
223.339
223.336
223.332
223.325
223.319
223.316
223.317
223.322
223.336
223.354
223.371
223.383
223.38
223.393
223.329
223.341
223.324
223.29
223.262
223.254
223.258
223.251
223.278
223.288
223.302
223.318
223.33
223.342
223.352
223.361
223.368
223.374
223.38
223.385
223.391
223.397
223.403
223.408
223.413
223.418
223.422
223.426
223.429
223.431
223.433
223.435
223.441
223.453
223.471
223.492
223.514
223.538
223.564
223.594
223.625
223.659
223.695
223.732
223.77
223.811
223.853
223.896
223.939
223.981
224.022
224.061
224.1
224.139
224.176
224.213
224.244
224.265
224.281
224.256
224.205
224.048
223.715
223.015
223.213
223.235
223.25
223.267
223.281
223.3
223.311
223.327
223.335
223.345
223.35
223.357
223.363
223.368
223.37
223.365
223.357
223.343
223.33
223.318
223.311
223.307
223.306
223.307
223.307
223.307
223.308
223.309
223.311
223.312
223.313
223.315
223.318
223.322
223.326
223.329
223.331
223.332
223.335
223.338
223.341
223.343
223.344
223.344
223.341
223.336
223.33
223.326
223.325
223.326
223.334
223.351
223.373
223.389
223.396
223.4
223.409
223.351
223.355
223.331
223.293
223.267
223.261
223.267
223.257
223.283
223.296
223.31
223.326
223.339
223.351
223.361
223.37
223.377
223.383
223.389
223.395
223.401
223.407
223.413
223.419
223.424
223.429
223.434
223.439
223.443
223.446
223.448
223.45
223.454
223.461
223.474
223.491
223.511
223.533
223.556
223.581
223.608
223.637
223.667
223.698
223.73
223.766
223.802
223.839
223.874
223.908
223.939
223.968
223.996
224.023
224.051
224.077
224.095
224.103
224.108
224.061
223.99
223.8
223.437
222.714
223.207
223.23
223.245
223.264
223.279
223.298
223.31
223.327
223.336
223.346
223.352
223.358
223.366
223.37
223.373
223.369
223.36
223.347
223.333
223.321
223.313
223.309
223.309
223.309
223.31
223.31
223.311
223.312
223.314
223.315
223.317
223.319
223.322
223.326
223.33
223.333
223.335
223.338
223.34
223.344
223.347
223.349
223.349
223.349
223.346
223.342
223.336
223.333
223.333
223.336
223.346
223.367
223.394
223.412
223.409
223.423
223.427
223.373
223.367
223.334
223.294
223.273
223.273
223.274
223.264
223.288
223.302
223.319
223.335
223.348
223.36
223.37
223.379
223.387
223.393
223.399
223.405
223.411
223.418
223.424
223.43
223.436
223.441
223.447
223.452
223.457
223.461
223.464
223.466
223.469
223.474
223.483
223.498
223.514
223.531
223.553
223.576
223.599
223.624
223.649
223.676
223.704
223.735
223.767
223.798
223.828
223.854
223.878
223.898
223.916
223.933
223.952
223.966
223.973
223.969
223.954
223.888
223.794
223.57
223.17
222.418
223.201
223.224
223.241
223.26
223.276
223.296
223.309
223.326
223.336
223.346
223.353
223.36
223.368
223.373
223.377
223.373
223.364
223.35
223.337
223.324
223.316
223.312
223.311
223.312
223.312
223.313
223.314
223.316
223.317
223.319
223.321
223.323
223.326
223.33
223.335
223.338
223.341
223.343
223.346
223.349
223.353
223.354
223.355
223.355
223.351
223.347
223.343
223.341
223.342
223.346
223.36
223.385
223.415
223.434
223.426
223.448
223.447
223.395
223.377
223.336
223.296
223.278
223.286
223.279
223.272
223.294
223.311
223.328
223.345
223.358
223.37
223.38
223.389
223.397
223.404
223.41
223.416
223.422
223.429
223.436
223.442
223.448
223.454
223.46
223.465
223.471
223.476
223.481
223.484
223.487
223.491
223.497
223.506
223.519
223.536
223.554
223.574
223.597
223.618
223.641
223.664
223.689
223.717
223.745
223.773
223.798
223.82
223.838
223.852
223.861
223.87
223.878
223.881
223.877
223.861
223.827
223.744
223.624
223.362
222.929
222.145
223.195
223.219
223.236
223.256
223.273
223.294
223.307
223.325
223.335
223.347
223.354
223.362
223.37
223.376
223.38
223.376
223.368
223.354
223.34
223.328
223.32
223.315
223.314
223.315
223.316
223.316
223.318
223.319
223.321
223.323
223.325
223.327
223.331
223.335
223.34
223.343
223.346
223.349
223.352
223.356
223.359
223.361
223.361
223.36
223.357
223.353
223.35
223.349
223.351
223.358
223.375
223.404
223.437
223.456
223.452
223.477
223.47
223.416
223.385
223.338
223.299
223.286
223.297
223.285
223.28
223.301
223.32
223.338
223.355
223.368
223.38
223.391
223.4
223.408
223.415
223.421
223.427
223.434
223.441
223.448
223.455
223.461
223.467
223.473
223.479
223.486
223.492
223.498
223.503
223.507
223.511
223.516
223.523
223.532
223.544
223.559
223.577
223.597
223.618
223.639
223.661
223.683
223.708
223.733
223.758
223.781
223.8
223.814
223.824
223.828
223.83
223.83
223.823
223.808
223.78
223.729
223.627
223.477
223.188
222.726
221.905
223.187
223.212
223.23
223.251
223.269
223.291
223.305
223.324
223.335
223.347
223.355
223.363
223.372
223.378
223.383
223.38
223.372
223.359
223.345
223.332
223.324
223.319
223.318
223.318
223.319
223.32
223.321
223.323
223.325
223.327
223.329
223.332
223.336
223.34
223.345
223.349
223.352
223.355
223.358
223.362
223.365
223.367
223.367
223.366
223.363
223.36
223.359
223.358
223.361
223.37
223.392
223.425
223.459
223.479
223.484
223.508
223.492
223.434
223.391
223.34
223.305
223.296
223.304
223.294
223.291
223.311
223.331
223.35
223.366
223.379
223.391
223.402
223.411
223.419
223.426
223.433
223.44
223.447
223.454
223.461
223.468
223.475
223.481
223.488
223.494
223.501
223.509
223.515
223.522
223.528
223.533
223.538
223.544
223.552
223.561
223.573
223.586
223.602
223.62
223.64
223.661
223.682
223.705
223.729
223.752
223.773
223.791
223.804
223.811
223.813
223.81
223.803
223.786
223.76
223.72
223.651
223.532
223.359
223.051
222.562
221.713
223.179
223.205
223.223
223.246
223.264
223.287
223.303
223.322
223.334
223.347
223.356
223.364
223.374
223.381
223.386
223.384
223.376
223.363
223.349
223.336
223.328
223.323
223.322
223.322
223.323
223.324
223.326
223.328
223.33
223.332
223.334
223.337
223.341
223.346
223.351
223.355
223.358
223.361
223.365
223.369
223.372
223.374
223.374
223.373
223.37
223.368
223.367
223.368
223.372
223.384
223.411
223.447
223.484
223.507
223.521
223.539
223.508
223.447
223.393
223.343
223.312
223.306
223.309
223.302
223.302
223.323
223.343
223.362
223.378
223.391
223.403
223.414
223.423
223.431
223.438
223.445
223.452
223.46
223.467
223.475
223.482
223.489
223.496
223.503
223.51
223.518
223.526
223.534
223.541
223.549
223.556
223.562
223.569
223.576
223.584
223.593
223.604
223.618
223.633
223.648
223.665
223.685
223.706
223.727
223.749
223.77
223.788
223.8
223.806
223.808
223.802
223.791
223.765
223.729
223.678
223.591
223.461
223.268
222.94
222.431
221.567
223.17
223.197
223.216
223.24
223.259
223.283
223.299
223.32
223.333
223.346
223.356
223.365
223.375
223.383
223.389
223.387
223.38
223.368
223.354
223.341
223.332
223.327
223.326
223.326
223.327
223.328
223.33
223.333
223.335
223.337
223.34
223.342
223.346
223.351
223.356
223.361
223.364
223.368
223.372
223.376
223.379
223.381
223.381
223.38
223.378
223.376
223.376
223.379
223.384
223.4
223.431
223.472
223.511
223.536
223.554
223.564
223.517
223.454
223.395
223.346
223.318
223.315
223.316
223.312
223.316
223.336
223.357
223.375
223.39
223.403
223.415
223.426
223.435
223.444
223.452
223.459
223.466
223.473
223.481
223.489
223.497
223.504
223.512
223.519
223.526
223.535
223.543
223.552
223.561
223.57
223.578
223.587
223.595
223.603
223.611
223.619
223.629
223.64
223.652
223.665
223.68
223.697
223.716
223.736
223.757
223.774
223.79
223.801
223.806
223.808
223.801
223.786
223.754
223.709
223.649
223.549
223.409
223.197
222.852
222.321
221.437
223.16
223.188
223.208
223.233
223.253
223.278
223.295
223.317
223.331
223.345
223.356
223.366
223.377
223.385
223.392
223.391
223.384
223.373
223.359
223.346
223.337
223.332
223.33
223.331
223.332
223.333
223.335
223.338
223.34
223.343
223.345
223.348
223.352
223.357
223.363
223.367
223.371
223.375
223.379
223.383
223.387
223.389
223.389
223.388
223.386
223.385
223.386
223.39
223.398
223.418
223.453
223.498
223.539
223.565
223.58
223.579
223.52
223.457
223.395
223.349
223.326
223.324
223.324
223.323
223.332
223.352
223.372
223.389
223.404
223.417
223.429
223.439
223.449
223.458
223.465
223.473
223.48
223.488
223.496
223.504
223.513
223.52
223.528
223.536
223.544
223.553
223.562
223.572
223.582
223.592
223.602
223.611
223.621
223.63
223.639
223.648
223.658
223.668
223.678
223.689
223.701
223.715
223.731
223.749
223.768
223.785
223.798
223.807
223.81
223.811
223.804
223.787
223.751
223.7
223.632
223.52
223.368
223.141
222.788
222.243
221.346
223.149
223.178
223.199
223.225
223.246
223.272
223.291
223.313
223.328
223.343
223.355
223.366
223.378
223.387
223.395
223.394
223.389
223.378
223.365
223.352
223.343
223.337
223.336
223.336
223.337
223.339
223.341
223.344
223.346
223.349
223.351
223.354
223.359
223.364
223.369
223.374
223.378
223.382
223.387
223.391
223.395
223.397
223.397
223.397
223.395
223.395
223.397
223.403
223.413
223.437
223.476
223.523
223.562
223.587
223.598
223.585
223.52
223.456
223.396
223.352
223.334
223.332
223.334
223.336
223.349
223.368
223.387
223.403
223.418
223.431
223.443
223.453
223.463
223.472
223.48
223.488
223.496
223.504
223.512
223.521
223.529
223.538
223.546
223.554
223.562
223.572
223.582
223.592
223.603
223.614
223.625
223.636
223.647
223.658
223.668
223.678
223.688
223.698
223.708
223.718
223.729
223.741
223.755
223.771
223.787
223.802
223.813
223.82
223.821
223.82
223.81
223.79
223.751
223.695
223.618
223.498
223.335
223.09
222.721
222.16
221.264
223.137
223.166
223.189
223.216
223.238
223.266
223.285
223.308
223.324
223.341
223.353
223.366
223.378
223.388
223.397
223.398
223.393
223.383
223.37
223.357
223.349
223.343
223.341
223.341
223.343
223.345
223.347
223.35
223.353
223.355
223.358
223.361
223.365
223.371
223.376
223.381
223.386
223.39
223.395
223.4
223.404
223.406
223.406
223.406
223.405
223.405
223.408
223.416
223.429
223.456
223.497
223.543
223.578
223.598
223.605
223.582
223.515
223.452
223.396
223.357
223.343
223.343
223.345
223.351
223.366
223.386
223.404
223.419
223.433
223.446
223.458
223.468
223.478
223.488
223.496
223.504
223.512
223.521
223.529
223.538
223.547
223.556
223.564
223.573
223.582
223.592
223.603
223.614
223.625
223.637
223.649
223.662
223.674
223.685
223.697
223.708
223.718
223.729
223.738
223.748
223.758
223.77
223.783
223.797
223.812
223.824
223.833
223.839
223.838
223.834
223.821
223.797
223.754
223.693
223.609
223.479
223.305
223.047
222.667
222.094
221.199
223.123
223.154
223.177
223.206
223.229
223.258
223.278
223.302
223.319
223.337
223.351
223.365
223.378
223.389
223.399
223.401
223.397
223.387
223.376
223.363
223.355
223.349
223.347
223.348
223.349
223.351
223.354
223.357
223.36
223.362
223.365
223.368
223.373
223.378
223.384
223.389
223.394
223.398
223.403
223.408
223.413
223.415
223.416
223.416
223.416
223.416
223.421
223.43
223.446
223.475
223.515
223.555
223.584
223.6
223.603
223.572
223.504
223.443
223.396
223.363
223.354
223.354
223.359
223.369
223.386
223.404
223.421
223.435
223.449
223.462
223.474
223.485
223.495
223.504
223.513
223.521
223.53
223.538
223.548
223.557
223.566
223.575
223.584
223.593
223.603
223.613
223.625
223.637
223.649
223.662
223.675
223.688
223.701
223.713
223.725
223.737
223.748
223.759
223.769
223.779
223.788
223.799
223.812
223.825
223.838
223.849
223.857
223.861
223.858
223.851
223.834
223.805
223.759
223.694
223.604
223.466
223.28
223.009
222.618
222.037
221.149
223.108
223.14
223.164
223.194
223.219
223.248
223.269
223.295
223.313
223.333
223.348
223.363
223.377
223.39
223.4
223.404
223.401
223.392
223.382
223.37
223.361
223.355
223.354
223.354
223.356
223.358
223.361
223.364
223.367
223.37
223.373
223.376
223.38
223.386
223.392
223.397
223.402
223.407
223.412
223.418
223.422
223.425
223.427
223.427
223.427
223.428
223.434
223.445
223.462
223.491
223.526
223.56
223.583
223.595
223.594
223.553
223.488
223.432
223.395
223.372
223.367
223.368
223.375
223.388
223.406
223.423
223.439
223.453
223.466
223.479
223.491
223.502
223.512
223.522
223.531
223.54
223.549
223.558
223.567
223.577
223.586
223.596
223.605
223.615
223.625
223.636
223.648
223.661
223.674
223.687
223.701
223.715
223.728
223.742
223.754
223.767
223.778
223.789
223.799
223.809
223.819
223.83
223.841
223.854
223.865
223.875
223.881
223.884
223.879
223.869
223.85
223.817
223.768
223.698
223.602
223.456
223.258
222.978
222.578
221.994
221.115
223.09
223.124
223.15
223.181
223.207
223.237
223.26
223.286
223.306
223.327
223.344
223.359
223.375
223.389
223.401
223.405
223.405
223.397
223.387
223.376
223.367
223.362
223.36
223.361
223.363
223.365
223.368
223.372
223.375
223.378
223.381
223.384
223.389
223.394
223.4
223.406
223.411
223.416
223.422
223.427
223.433
223.436
223.438
223.439
223.44
223.441
223.449
223.46
223.478
223.504
223.533
223.559
223.575
223.581
223.573
223.53
223.475
223.434
223.397
223.383
223.381
223.385
223.395
223.409
223.427
223.443
223.458
223.471
223.484
223.497
223.509
223.52
223.531
223.541
223.55
223.56
223.569
223.578
223.588
223.598
223.608
223.618
223.628
223.638
223.649
223.661
223.673
223.687
223.7
223.715
223.729
223.743
223.758
223.771
223.785
223.797
223.809
223.82
223.83
223.84
223.849
223.859
223.87
223.881
223.892
223.9
223.906
223.908
223.902
223.891
223.867
223.83
223.775
223.702
223.601
223.448
223.242
222.953
222.547
221.962
221.099
223.071
223.106
223.133
223.166
223.193
223.225
223.248
223.276
223.298
223.319
223.338
223.355
223.372
223.387
223.401
223.406
223.408
223.402
223.393
223.382
223.374
223.369
223.367
223.368
223.37
223.373
223.376
223.38
223.384
223.387
223.39
223.393
223.397
223.403
223.41
223.415
223.421
223.426
223.431
223.438
223.443
223.447
223.45
223.451
223.452
223.455
223.464
223.476
223.493
223.515
223.537
223.553
223.562
223.564
223.551
223.51
223.46
223.434
223.405
223.397
223.397
223.404
223.416
223.432
223.448
223.464
223.478
223.491
223.504
223.517
223.529
223.54
223.551
223.562
223.571
223.581
223.59
223.6
223.611
223.621
223.632
223.642
223.652
223.663
223.674
223.686
223.7
223.714
223.728
223.743
223.759
223.774
223.789
223.803
223.816
223.829
223.841
223.852
223.862
223.872
223.881
223.89
223.9
223.91
223.919
223.926
223.931
223.93
223.924
223.911
223.886
223.846
223.789
223.711
223.603
223.443
223.23
222.936
222.525
221.943
221.101
223.049
223.086
223.114
223.149
223.177
223.21
223.235
223.264
223.287
223.31
223.33
223.349
223.367
223.384
223.399
223.407
223.41
223.406
223.398
223.389
223.381
223.376
223.374
223.375
223.377
223.38
223.384
223.388
223.392
223.396
223.399
223.402
223.407
223.413
223.419
223.425
223.431
223.436
223.442
223.448
223.454
223.459
223.462
223.464
223.466
223.47
223.479
223.49
223.506
223.525
223.54
223.545
223.547
223.546
223.531
223.496
223.462
223.432
223.418
223.413
223.417
223.426
223.44
223.456
223.471
223.485
223.499
223.512
223.525
223.538
223.55
223.562
223.573
223.584
223.594
223.604
223.614
223.624
223.635
223.646
223.657
223.668
223.679
223.69
223.702
223.714
223.728
223.743
223.758
223.774
223.79
223.806
223.821
223.836
223.85
223.863
223.874
223.886
223.896
223.905
223.914
223.922
223.931
223.94
223.948
223.953
223.958
223.956
223.949
223.934
223.906
223.864
223.803
223.722
223.608
223.443
223.223
222.924
222.513
221.94
221.119
223.024
223.063
223.093
223.129
223.158
223.193
223.22
223.25
223.275
223.299
223.32
223.34
223.361
223.379
223.396
223.405
223.411
223.408
223.403
223.394
223.388
223.383
223.381
223.382
223.385
223.388
223.392
223.397
223.401
223.405
223.408
223.412
223.417
223.423
223.429
223.435
223.441
223.447
223.453
223.459
223.466
223.471
223.475
223.478
223.48
223.485
223.494
223.505
223.518
223.533
223.546
223.554
223.558
223.554
223.532
223.493
223.457
223.438
223.435
223.434
223.44
223.452
223.466
223.48
223.494
223.508
223.521
223.534
223.547
223.56
223.573
223.585
223.596
223.607
223.618
223.629
223.639
223.65
223.661
223.673
223.684
223.696
223.707
223.719
223.731
223.744
223.758
223.774
223.79
223.806
223.823
223.84
223.856
223.871
223.885
223.899
223.911
223.922
223.932
223.941
223.949
223.957
223.964
223.972
223.978
223.982
223.985
223.982
223.974
223.957
223.928
223.885
223.823
223.737
223.618
223.449
223.223
222.923
222.514
221.951
221.153
222.995
223.036
223.068
223.107
223.137
223.174
223.202
223.234
223.26
223.285
223.308
223.33
223.352
223.372
223.39
223.402
223.41
223.409
223.406
223.4
223.394
223.39
223.388
223.389
223.392
223.395
223.4
223.405
223.409
223.414
223.418
223.422
223.427
223.433
223.439
223.446
223.452
223.458
223.464
223.471
223.477
223.483
223.488
223.491
223.495
223.5
223.509
223.52
223.53
223.538
223.542
223.546
223.547
223.543
223.524
223.491
223.462
223.453
223.454
223.458
223.466
223.479
223.492
223.506
223.519
223.532
223.545
223.558
223.571
223.584
223.597
223.609
223.621
223.633
223.644
223.655
223.666
223.678
223.69
223.702
223.714
223.726
223.738
223.75
223.763
223.776
223.791
223.807
223.824
223.841
223.858
223.875
223.892
223.908
223.923
223.937
223.949
223.961
223.971
223.98
223.987
223.994
224.001
224.007
224.012
224.015
224.016
224.012
224.002
223.983
223.953
223.907
223.843
223.755
223.633
223.46
223.232
222.932
222.525
221.976
221.206
222.963
223.006
223.04
223.08
223.113
223.151
223.181
223.214
223.242
223.269
223.293
223.316
223.34
223.361
223.382
223.397
223.406
223.409
223.408
223.403
223.399
223.396
223.395
223.396
223.399
223.403
223.408
223.413
223.418
223.422
223.427
223.431
223.436
223.443
223.45
223.457
223.463
223.469
223.476
223.482
223.489
223.495
223.5
223.505
223.51
223.515
223.523
223.533
223.542
223.549
223.555
223.56
223.559
223.545
223.519
223.492
223.474
223.471
223.476
223.485
223.494
223.507
223.519
223.531
223.544
223.557
223.569
223.582
223.596
223.609
223.622
223.635
223.648
223.66
223.672
223.684
223.696
223.708
223.72
223.733
223.746
223.759
223.771
223.784
223.797
223.811
223.826
223.843
223.86
223.878
223.896
223.914
223.931
223.948
223.963
223.977
223.99
224.002
224.012
224.021
224.029
224.035
224.041
224.045
224.049
224.05
224.049
224.043
224.032
224.012
223.98
223.933
223.868
223.778
223.653
223.479
223.249
222.95
222.549
222.016
221.277
222.925
222.971
223.007
223.049
223.084
223.125
223.156
223.191
223.22
223.249
223.275
223.299
223.325
223.348
223.371
223.387
223.4
223.405
223.407
223.404
223.402
223.4
223.4
223.402
223.406
223.41
223.415
223.42
223.425
223.43
223.435
223.44
223.446
223.453
223.461
223.468
223.474
223.481
223.487
223.494
223.501
223.507
223.513
223.519
223.524
223.53
223.537
223.542
223.544
223.548
223.554
223.557
223.556
223.543
223.522
223.503
223.494
223.494
223.503
223.514
223.523
223.535
223.546
223.558
223.57
223.582
223.595
223.609
223.622
223.636
223.65
223.663
223.677
223.69
223.702
223.715
223.727
223.74
223.754
223.767
223.781
223.794
223.807
223.82
223.834
223.849
223.864
223.881
223.899
223.917
223.936
223.954
223.973
223.99
224.006
224.02
224.034
224.046
224.057
224.066
224.073
224.079
224.084
224.088
224.09
224.089
224.086
224.079
224.067
224.044
224.011
223.963
223.897
223.805
223.678
223.504
223.275
222.979
222.587
222.073
221.369
222.882
222.93
222.968
223.013
223.05
223.093
223.127
223.164
223.195
223.225
223.252
223.279
223.305
223.331
223.355
223.374
223.39
223.398
223.403
223.403
223.403
223.402
223.404
223.407
223.411
223.416
223.422
223.427
223.432
223.438
223.443
223.448
223.455
223.462
223.47
223.478
223.485
223.492
223.499
223.506
223.512
223.519
223.525
223.532
223.537
223.544
223.551
223.557
223.558
223.558
223.559
223.558
223.554
223.544
223.531
223.522
223.518
223.521
223.532
223.543
223.552
223.563
223.573
223.584
223.596
223.609
223.622
223.636
223.65
223.665
223.679
223.693
223.707
223.721
223.734
223.748
223.761
223.775
223.789
223.804
223.818
223.832
223.846
223.86
223.874
223.889
223.906
223.923
223.941
223.96
223.979
223.998
224.017
224.035
224.051
224.066
224.08
224.093
224.104
224.114
224.121
224.127
224.131
224.133
224.135
224.132
224.127
224.119
224.105
224.081
224.046
223.997
223.93
223.838
223.71
223.537
223.311
223.021
222.639
222.147
221.482
222.833
222.883
222.923
222.971
223.01
223.056
223.092
223.131
223.164
223.196
223.225
223.253
223.282
223.309
223.335
223.357
223.375
223.387
223.395
223.398
223.401
223.402
223.405
223.409
223.415
223.42
223.427
223.433
223.439
223.445
223.45
223.456
223.462
223.47
223.479
223.487
223.495
223.502
223.509
223.516
223.523
223.53
223.537
223.544
223.55
223.556
223.561
223.565
223.569
223.571
223.569
223.566
223.56
223.554
223.549
223.547
223.547
223.552
223.562
223.572
223.581
223.59
223.6
223.611
223.623
223.636
223.65
223.664
223.679
223.694
223.71
223.725
223.739
223.754
223.769
223.783
223.797
223.812
223.828
223.843
223.859
223.874
223.889
223.903
223.918
223.934
223.951
223.968
223.987
224.006
224.026
224.045
224.064
224.083
224.1
224.116
224.13
224.143
224.155
224.165
224.173
224.179
224.182
224.184
224.184
224.18
224.174
224.164
224.148
224.122
224.086
224.036
223.968
223.876
223.749
223.579
223.358
223.075
222.706
222.24
221.616
222.777
222.829
222.871
222.921
222.963
223.012
223.051
223.091
223.126
223.16
223.192
223.222
223.252
223.281
223.31
223.334
223.355
223.37
223.381
223.388
223.393
223.397
223.402
223.408
223.415
223.422
223.429
223.437
223.444
223.451
223.457
223.462
223.469
223.477
223.486
223.495
223.503
223.511
223.518
223.526
223.533
223.54
223.547
223.554
223.561
223.568
223.574
223.577
223.58
223.581
223.581
223.578
223.575
223.572
223.572
223.574
223.576
223.582
223.591
223.6
223.608
223.617
223.627
223.638
223.65
223.664
223.678
223.693
223.709
223.725
223.741
223.758
223.773
223.789
223.805
223.82
223.836
223.852
223.868
223.885
223.902
223.918
223.934
223.95
223.966
223.982
223.999
224.017
224.037
224.056
224.076
224.096
224.116
224.134
224.152
224.168
224.183
224.197
224.21
224.221
224.229
224.235
224.238
224.239
224.238
224.233
224.226
224.214
224.197
224.17
224.132
224.081
224.013
223.921
223.796
223.63
223.415
223.142
222.789
222.351
221.769
222.712
222.766
222.81
222.862
222.907
222.959
223
223.043
223.08
223.116
223.15
223.183
223.216
223.247
223.278
223.305
223.329
223.347
223.361
223.371
223.38
223.387
223.395
223.403
223.412
223.421
223.43
223.438
223.446
223.453
223.46
223.466
223.474
223.482
223.492
223.501
223.51
223.517
223.525
223.533
223.541
223.548
223.555
223.562
223.569
223.575
223.581
223.586
223.59
223.593
223.594
223.594
223.593
223.594
223.597
223.6
223.604
223.61
223.618
223.626
223.634
223.643
223.653
223.665
223.678
223.692
223.707
223.723
223.74
223.757
223.775
223.792
223.809
223.826
223.842
223.859
223.876
223.894
223.912
223.93
223.948
223.966
223.984
224.001
224.017
224.035
224.052
224.071
224.091
224.111
224.131
224.151
224.171
224.19
224.208
224.225
224.241
224.256
224.269
224.281
224.29
224.296
224.299
224.3
224.298
224.292
224.283
224.271
224.253
224.224
224.185
224.133
224.064
223.974
223.853
223.692
223.485
223.223
222.889
222.479
221.939
222.639
222.694
222.74
222.794
222.841
222.895
222.94
222.985
223.024
223.063
223.1
223.135
223.17
223.205
223.238
223.268
223.295
223.317
223.335
223.348
223.36
223.37
223.38
223.391
223.402
223.413
223.424
223.434
223.444
223.452
223.46
223.468
223.476
223.485
223.495
223.505
223.514
223.522
223.53
223.538
223.546
223.554
223.561
223.568
223.576
223.582
223.588
223.593
223.598
223.602
223.606
223.609
223.612
223.615
223.619
223.623
223.628
223.634
223.642
223.65
223.658
223.668
223.679
223.691
223.705
223.72
223.737
223.754
223.772
223.79
223.809
223.827
223.846
223.864
223.882
223.9
223.919
223.938
223.957
223.977
223.997
224.017
224.036
224.055
224.073
224.091
224.11
224.13
224.15
224.17
224.191
224.212
224.232
224.251
224.27
224.287
224.303
224.319
224.333
224.346
224.356
224.363
224.366
224.366
224.364
224.357
224.348
224.334
224.315
224.285
224.245
224.193
224.125
224.036
223.919
223.764
223.567
223.318
223.003
222.624
222.124
222.557
222.613
222.659
222.714
222.764
222.82
222.867
222.914
222.957
222.998
223.038
223.076
223.115
223.152
223.189
223.222
223.253
223.278
223.3
223.317
223.332
223.345
223.358
223.371
223.385
223.399
223.413
223.427
223.439
223.45
223.459
223.467
223.475
223.484
223.494
223.504
223.514
223.523
223.532
223.54
223.548
223.556
223.564
223.571
223.578
223.585
223.593
223.599
223.605
223.61
223.616
223.621
223.627
223.632
223.637
223.643
223.649
223.655
223.663
223.672
223.681
223.692
223.704
223.717
223.732
223.748
223.766
223.785
223.804
223.824
223.844
223.864
223.883
223.903
223.923
223.943
223.963
223.984
224.005
224.027
224.049
224.071
224.092
224.113
224.133
224.153
224.173
224.193
224.214
224.235
224.257
224.278
224.298
224.318
224.337
224.355
224.371
224.388
224.403
224.417
224.428
224.435
224.439
224.44
224.437
224.43
224.42
224.405
224.384
224.354
224.314
224.262
224.195
224.109
223.996
223.848
223.661
223.426
223.132
222.782
222.322
222.468
222.522
222.568
222.624
222.675
222.732
222.781
222.83
222.876
222.92
222.964
223.006
223.048
223.089
223.13
223.167
223.201
223.23
223.256
223.277
223.296
223.312
223.327
223.343
223.359
223.375
223.392
223.408
223.423
223.437
223.449
223.459
223.468
223.478
223.489
223.5
223.511
223.52
223.529
223.538
223.546
223.555
223.563
223.571
223.578
223.586
223.594
223.601
223.608
223.615
223.622
223.63
223.637
223.644
223.651
223.658
223.665
223.672
223.681
223.691
223.702
223.714
223.727
223.742
223.759
223.777
223.796
223.816
223.837
223.858
223.879
223.901
223.922
223.944
223.965
223.987
224.009
224.032
224.055
224.079
224.103
224.127
224.151
224.174
224.197
224.218
224.24
224.262
224.284
224.306
224.328
224.35
224.371
224.392
224.41
224.429
224.446
224.463
224.479
224.494
224.506
224.515
224.52
224.521
224.518
224.51
224.5
224.485
224.463
224.432
224.393
224.341
224.276
224.192
224.084
223.944
223.767
223.547
223.273
222.951
222.53
222.373
222.426
222.47
222.526
222.577
222.635
222.685
222.736
222.783
222.831
222.877
222.923
222.969
223.014
223.059
223.1
223.138
223.172
223.202
223.228
223.25
223.269
223.288
223.306
223.324
223.343
223.362
223.382
223.4
223.417
223.432
223.445
223.457
223.469
223.48
223.492
223.502
223.513
223.522
223.531
223.54
223.549
223.557
223.566
223.574
223.583
223.592
223.6
223.608
223.617
223.625
223.634
223.642
223.651
223.66
223.668
223.677
223.685
223.696
223.707
223.72
223.734
223.75
223.767
223.785
223.805
223.826
223.848
223.87
223.893
223.916
223.939
223.962
223.986
224.009
224.033
224.057
224.082
224.107
224.133
224.16
224.187
224.213
224.239
224.264
224.288
224.312
224.336
224.36
224.383
224.407
224.43
224.452
224.472
224.492
224.51
224.528
224.546
224.563
224.579
224.592
224.602
224.608
224.61
224.607
224.6
224.59
224.574
224.552
224.521
224.482
224.432
224.368
224.287
224.183
224.051
223.884
223.678
223.425
223.131
222.748
222.281
222.331
222.373
222.427
222.477
222.533
222.583
222.634
222.683
222.732
222.781
222.83
222.88
222.928
222.976
223.021
223.064
223.102
223.137
223.167
223.193
223.216
223.238
223.258
223.279
223.301
223.322
223.344
223.365
223.385
223.403
223.419
223.434
223.448
223.461
223.474
223.487
223.498
223.509
223.519
223.529
223.539
223.548
223.557
223.566
223.575
223.585
223.594
223.604
223.614
223.624
223.634
223.644
223.654
223.664
223.674
223.685
223.696
223.708
223.722
223.737
223.753
223.771
223.79
223.811
223.833
223.855
223.879
223.903
223.928
223.953
223.978
224.004
224.029
224.055
224.081
224.107
224.134
224.161
224.19
224.219
224.249
224.278
224.307
224.335
224.362
224.389
224.415
224.441
224.466
224.492
224.516
224.54
224.561
224.582
224.601
224.619
224.637
224.655
224.672
224.687
224.698
224.705
224.709
224.706
224.699
224.689
224.674
224.651
224.621
224.582
224.534
224.472
224.393
224.294
224.169
224.011
223.82
223.587
223.319
222.971
222.196
222.244
222.284
222.335
222.382
222.435
222.483
222.532
222.581
222.63
222.681
222.732
222.784
222.835
222.886
222.934
222.98
223.022
223.061
223.095
223.126
223.153
223.178
223.202
223.225
223.249
223.273
223.298
223.321
223.344
223.365
223.384
223.401
223.418
223.433
223.449
223.463
223.476
223.488
223.499
223.51
223.52
223.531
223.542
223.552
223.563
223.573
223.584
223.595
223.606
223.618
223.63
223.642
223.653
223.665
223.677
223.69
223.703
223.718
223.734
223.752
223.771
223.792
223.813
223.836
223.86
223.884
223.91
223.936
223.963
223.991
224.018
224.046
224.075
224.103
224.131
224.16
224.189
224.218
224.249
224.281
224.313
224.345
224.377
224.408
224.439
224.469
224.498
224.527
224.556
224.584
224.61
224.636
224.659
224.681
224.701
224.72
224.739
224.757
224.775
224.791
224.804
224.813
224.817
224.816
224.81
224.8
224.785
224.762
224.733
224.695
224.648
224.587
224.511
224.416
224.297
224.149
223.971
223.756
223.513
223.196
222.123
222.169
222.206
222.253
222.297
222.346
222.391
222.437
222.484
222.532
222.582
222.633
222.686
222.739
222.791
222.841
222.89
222.935
222.977
223.015
223.049
223.08
223.108
223.135
223.161
223.188
223.214
223.241
223.267
223.293
223.317
223.338
223.358
223.377
223.395
223.412
223.429
223.444
223.459
223.472
223.485
223.497
223.509
223.52
223.532
223.545
223.557
223.569
223.582
223.595
223.608
223.621
223.636
223.649
223.663
223.677
223.693
223.708
223.726
223.745
223.765
223.787
223.81
223.834
223.859
223.886
223.912
223.94
223.969
223.999
224.029
224.059
224.09
224.121
224.152
224.183
224.214
224.246
224.278
224.311
224.345
224.38
224.415
224.45
224.485
224.519
224.553
224.586
224.619
224.651
224.682
224.712
224.74
224.766
224.79
224.812
224.832
224.852
224.872
224.89
224.907
224.921
224.931
224.937
224.937
224.933
224.923
224.908
224.884
224.855
224.818
224.772
224.714
224.64
224.549
224.435
224.296
224.13
223.932
223.71
223.42
222.061
222.105
222.138
222.183
222.223
222.267
222.309
222.352
222.396
222.442
222.49
222.54
222.593
222.645
222.698
222.749
222.798
222.845
222.889
222.929
222.966
223
223.031
223.061
223.089
223.118
223.147
223.176
223.205
223.233
223.259
223.284
223.306
223.327
223.347
223.366
223.385
223.403
223.42
223.435
223.45
223.464
223.479
223.493
223.507
223.522
223.536
223.551
223.565
223.579
223.594
223.61
223.627
223.643
223.66
223.676
223.694
223.713
223.733
223.754
223.777
223.802
223.827
223.854
223.881
223.91
223.939
223.97
224.001
224.033
224.066
224.1
224.134
224.168
224.202
224.237
224.271
224.305
224.34
224.376
224.412
224.45
224.488
224.527
224.565
224.603
224.64
224.677
224.714
224.75
224.785
224.819
224.851
224.881
224.908
224.933
224.956
224.978
224.999
225.018
225.036
225.051
225.062
225.07
225.072
225.068
225.059
225.044
225.02
224.99
224.953
224.909
224.852
224.78
224.692
224.583
224.452
224.297
224.113
223.907
223.64
222.006
222.047
222.079
222.12
222.157
222.198
222.237
222.276
222.318
222.362
222.408
222.456
222.507
222.558
222.61
222.66
222.71
222.756
222.801
222.843
222.882
222.917
222.951
222.982
223.013
223.043
223.074
223.105
223.136
223.166
223.194
223.221
223.245
223.268
223.29
223.312
223.333
223.354
223.374
223.392
223.41
223.428
223.445
223.461
223.478
223.495
223.512
223.529
223.545
223.562
223.58
223.598
223.617
223.636
223.655
223.675
223.696
223.717
223.739
223.763
223.788
223.815
223.843
223.872
223.902
223.933
223.964
223.997
224.031
224.066
224.102
224.139
224.177
224.215
224.253
224.29
224.328
224.366
224.404
224.443
224.483
224.523
224.564
224.606
224.648
224.69
224.731
224.773
224.814
224.854
224.894
224.932
224.969
225.003
225.035
225.064
225.091
225.116
225.139
225.16
225.178
225.194
225.207
225.216
225.221
225.218
225.208
225.193
225.169
225.139
225.102
225.056
225
224.929
224.843
224.74
224.615
224.469
224.296
224.102
223.853
221.948
221.989
222.019
222.059
222.094
222.132
222.169
222.207
222.247
222.289
222.334
222.381
222.431
222.48
222.531
222.579
222.628
222.674
222.718
222.76
222.799
222.836
222.871
222.903
222.935
222.967
222.999
223.031
223.063
223.094
223.125
223.153
223.18
223.206
223.23
223.254
223.278
223.301
223.324
223.346
223.368
223.388
223.409
223.428
223.448
223.467
223.487
223.506
223.526
223.545
223.566
223.587
223.608
223.63
223.653
223.675
223.698
223.721
223.746
223.771
223.798
223.827
223.857
223.889
223.921
223.954
223.988
224.023
224.06
224.097
224.137
224.177
224.218
224.26
224.301
224.343
224.385
224.427
224.469
224.512
224.555
224.599
224.644
224.689
224.735
224.781
224.827
224.872
224.918
224.963
225.007
225.05
225.091
225.131
225.168
225.203
225.236
225.265
225.292
225.315
225.336
225.353
225.367
225.377
225.384
225.381
225.373
225.357
225.333
225.302
225.264
225.216
225.158
225.087
225.002
224.901
224.781
224.641
224.475
224.291
224.057
221.887
221.926
221.956
221.993
222.027
222.063
222.099
222.137
222.177
222.219
222.264
222.311
222.36
222.409
222.458
222.506
222.553
222.598
222.642
222.683
222.723
222.761
222.796
222.829
222.862
222.894
222.926
222.959
222.992
223.025
223.057
223.088
223.118
223.146
223.173
223.199
223.226
223.252
223.278
223.303
223.328
223.351
223.374
223.397
223.419
223.441
223.464
223.486
223.509
223.532
223.555
223.578
223.602
223.626
223.652
223.676
223.701
223.727
223.753
223.78
223.809
223.84
223.872
223.906
223.94
223.975
224.011
224.048
224.087
224.128
224.17
224.213
224.257
224.303
224.348
224.394
224.441
224.487
224.534
224.581
224.629
224.678
224.727
224.776
224.827
224.877
224.927
224.977
225.027
225.076
225.125
225.172
225.219
225.264
225.307
225.348
225.387
225.423
225.455
225.483
225.507
225.526
225.542
225.553
225.561
225.559
225.551
225.536
225.512
225.48
225.439
225.389
225.327
225.253
225.166
225.064
224.945
224.808
224.648
224.469
224.248
221.848
221.879
221.902
221.932
221.962
221.995
222.029
222.066
222.106
222.148
222.194
222.242
222.291
222.341
222.39
222.437
222.484
222.529
222.574
222.616
222.656
222.695
222.731
222.765
222.799
222.832
222.865
222.899
222.933
222.967
223.001
223.034
223.065
223.096
223.125
223.154
223.182
223.211
223.239
223.266
223.293
223.32
223.345
223.371
223.396
223.421
223.446
223.472
223.497
223.523
223.549
223.574
223.6
223.628
223.654
223.68
223.708
223.735
223.764
223.793
223.824
223.856
223.89
223.925
223.961
223.998
224.036
224.075
224.116
224.159
224.203
224.248
224.296
224.344
224.393
224.444
224.495
224.547
224.599
224.651
224.704
224.758
224.812
224.867
224.923
224.978
225.033
225.088
225.142
225.195
225.248
225.3
225.351
225.401
225.45
225.497
225.543
225.585
225.624
225.658
225.688
225.712
225.73
225.744
225.752
225.751
225.743
225.728
225.705
225.671
225.627
225.572
225.505
225.426
225.334
225.228
225.106
224.968
224.808
224.634
224.425
221.842
221.864
221.881
221.903
221.926
221.952
221.981
222.013
222.049
222.09
222.134
222.181
222.23
222.278
222.327
222.375
222.422
222.467
222.512
222.556
222.598
222.637
222.675
222.711
222.746
222.78
222.814
222.848
222.883
222.918
222.953
222.987
223.021
223.053
223.085
223.116
223.146
223.177
223.207
223.237
223.267
223.295
223.324
223.352
223.379
223.407
223.435
223.463
223.491
223.52
223.549
223.579
223.607
223.635
223.663
223.692
223.721
223.751
223.782
223.813
223.846
223.88
223.916
223.952
223.99
224.029
224.068
224.109
224.151
224.195
224.241
224.288
224.338
224.389
224.441
224.495
224.551
224.607
224.664
224.722
224.781
224.84
224.9
224.961
225.022
225.083
225.144
225.204
225.263
225.321
225.377
225.433
225.489
225.543
225.597
225.65
225.701
225.75
225.796
225.838
225.874
225.904
225.928
225.946
225.954
225.954
225.947
225.933
225.909
225.873
225.825
225.764
225.691
225.604
225.503
225.389
225.261
225.118
224.957
224.786
224.587
221.866
221.881
221.893
221.909
221.925
221.944
221.967
221.994
222.025
222.062
222.103
222.147
222.193
222.238
222.284
222.329
222.374
222.417
222.461
222.504
222.546
222.586
222.625
222.662
222.697
222.732
222.766
222.801
222.836
222.872
222.908
222.943
222.979
223.013
223.047
223.081
223.114
223.147
223.181
223.214
223.247
223.28
223.312
223.343
223.373
223.404
223.434
223.465
223.496
223.527
223.559
223.59
223.621
223.652
223.683
223.714
223.747
223.779
223.813
223.847
223.88
223.917
223.954
223.992
224.031
224.071
224.112
224.155
224.198
224.243
224.289
224.338
224.389
224.442
224.497
224.554
224.612
224.673
224.735
224.797
224.861
224.926
224.992
225.058
225.125
225.193
225.259
225.325
225.39
225.453
225.514
225.575
225.634
225.693
225.75
225.807
225.863
225.918
225.969
226.018
226.061
226.099
226.129
226.152
226.163
226.165
226.16
226.147
226.121
226.082
226.029
225.961
225.878
225.781
225.67
225.546
225.408
225.258
225.094
224.925
224.737
221.925
221.931
221.937
221.947
221.956
221.97
221.987
222.009
222.036
222.069
222.106
222.145
222.186
222.228
222.269
222.31
222.352
222.392
222.434
222.474
222.515
222.554
222.592
222.628
222.663
222.697
222.731
222.765
222.8
222.836
222.873
222.911
222.948
222.986
223.023
223.059
223.096
223.132
223.169
223.205
223.242
223.278
223.313
223.348
223.382
223.416
223.45
223.484
223.519
223.554
223.588
223.62
223.653
223.686
223.72
223.755
223.79
223.826
223.862
223.898
223.935
223.973
224.011
224.052
224.092
224.134
224.177
224.22
224.264
224.31
224.358
224.407
224.459
224.513
224.569
224.628
224.689
224.752
224.817
224.883
224.951
225.02
225.09
225.162
225.234
225.306
225.379
225.451
225.521
225.589
225.656
225.721
225.785
225.848
225.91
225.97
226.029
226.087
226.143
226.196
226.245
226.29
226.327
226.355
226.371
226.378
226.377
226.363
226.335
226.292
226.232
226.156
226.063
225.954
225.831
225.695
225.546
225.389
225.222
225.055
224.877
222.043
222.034
222.032
222.032
222.032
222.037
222.047
222.064
222.086
222.114
222.145
222.179
222.215
222.251
222.287
222.324
222.361
222.398
222.436
222.473
222.511
222.548
222.584
222.619
222.654
222.687
222.72
222.754
222.789
222.825
222.863
222.902
222.942
222.982
223.022
223.062
223.101
223.141
223.18
223.22
223.259
223.299
223.338
223.377
223.416
223.454
223.491
223.529
223.567
223.603
223.639
223.675
223.71
223.747
223.784
223.822
223.86
223.898
223.937
223.975
224.015
224.055
224.096
224.137
224.18
224.223
224.267
224.312
224.358
224.405
224.454
224.504
224.556
224.611
224.668
224.728
224.79
224.854
224.92
224.989
225.059
225.13
225.203
225.278
225.353
225.429
225.506
225.583
225.658
225.732
225.804
225.875
225.943
226.011
226.076
226.14
226.202
226.262
226.32
226.375
226.427
226.474
226.515
226.548
226.571
226.583
226.585
226.572
226.542
226.494
226.428
226.342
226.239
226.119
225.983
225.836
225.678
225.514
225.345
225.18
225.01
222.246
222.221
222.207
222.193
222.181
222.175
222.174
222.182
222.196
222.216
222.239
222.266
222.293
222.321
222.351
222.381
222.412
222.444
222.478
222.511
222.545
222.579
222.614
222.647
222.68
222.713
222.746
222.78
222.815
222.852
222.891
222.932
222.974
223.016
223.059
223.101
223.144
223.186
223.229
223.272
223.315
223.358
223.401
223.443
223.485
223.527
223.567
223.607
223.647
223.685
223.723
223.762
223.801
223.841
223.882
223.922
223.963
224.004
224.045
224.086
224.128
224.17
224.213
224.257
224.302
224.347
224.393
224.44
224.487
224.536
224.586
224.637
224.69
224.745
224.802
224.862
224.924
224.988
225.054
225.123
225.193
225.265
225.339
225.414
225.491
225.568
225.647
225.725
225.804
225.882
225.958
226.033
226.106
226.177
226.246
226.313
226.377
226.439
226.497
226.552
226.604
226.652
226.693
226.728
226.754
226.769
226.772
226.759
226.726
226.675
226.603
226.512
226.401
226.272
226.128
225.972
225.807
225.639
225.469
225.304
225.141
222.545
222.508
222.482
222.454
222.428
222.409
222.395
222.39
222.391
222.4
222.411
222.426
222.442
222.461
222.481
222.503
222.527
222.552
222.58
222.608
222.638
222.668
222.7
222.731
222.763
222.795
222.828
222.861
222.897
222.935
222.975
223.017
223.06
223.105
223.15
223.194
223.239
223.284
223.329
223.374
223.419
223.464
223.51
223.555
223.599
223.643
223.686
223.728
223.769
223.81
223.851
223.893
223.935
223.978
224.021
224.065
224.108
224.151
224.194
224.238
224.282
224.327
224.372
224.417
224.464
224.511
224.56
224.609
224.658
224.709
224.76
224.812
224.866
224.921
224.978
225.037
225.098
225.162
225.227
225.294
225.363
225.434
225.507
225.581
225.656
225.732
225.809
225.888
225.966
226.045
226.123
226.2
226.276
226.35
226.421
226.489
226.555
226.617
226.675
226.729
226.778
226.822
226.86
226.891
226.915
226.927
226.927
226.911
226.876
226.823
226.749
226.656
226.543
226.412
226.265
226.106
225.939
225.77
225.6
225.436
225.276
222.939
222.893
222.858
222.818
222.781
222.748
222.722
222.704
222.692
222.687
222.684
222.685
222.688
222.694
222.702
222.713
222.728
222.745
222.765
222.787
222.811
222.836
222.864
222.892
222.922
222.952
222.984
223.017
223.052
223.09
223.13
223.172
223.216
223.261
223.307
223.353
223.399
223.444
223.49
223.536
223.582
223.628
223.674
223.72
223.766
223.811
223.855
223.9
223.943
223.987
224.031
224.075
224.12
224.165
224.21
224.255
224.3
224.345
224.39
224.436
224.482
224.529
224.576
224.624
224.672
224.722
224.772
224.823
224.875
224.928
224.981
225.034
225.089
225.144
225.201
225.259
225.318
225.379
225.442
225.508
225.574
225.643
225.713
225.783
225.855
225.928
226.002
226.077
226.153
226.229
226.305
226.38
226.455
226.528
226.599
226.667
226.732
226.792
226.848
226.898
226.942
226.98
227.01
227.033
227.046
227.051
227.044
227.022
226.984
226.93
226.859
226.77
226.663
226.539
226.397
226.244
226.08
225.913
225.745
225.581
225.421
223.415
223.363
223.321
223.274
223.228
223.186
223.15
223.122
223.099
223.081
223.066
223.053
223.043
223.037
223.033
223.034
223.038
223.045
223.056
223.07
223.087
223.106
223.127
223.151
223.177
223.204
223.233
223.264
223.298
223.333
223.371
223.412
223.454
223.498
223.543
223.589
223.634
223.679
223.724
223.77
223.815
223.861
223.906
223.952
223.998
224.044
224.089
224.134
224.18
224.225
224.27
224.316
224.362
224.408
224.454
224.5
224.546
224.593
224.64
224.687
224.734
224.783
224.831
224.881
224.931
224.982
225.034
225.087
225.141
225.195
225.25
225.305
225.36
225.415
225.471
225.528
225.586
225.645
225.705
225.766
225.83
225.894
225.959
226.026
226.093
226.16
226.228
226.297
226.366
226.436
226.507
226.577
226.647
226.715
226.782
226.845
226.906
226.961
227.01
227.053
227.088
227.116
227.135
227.145
227.146
227.138
227.12
227.091
227.05
226.997
226.932
226.853
226.758
226.648
226.522
226.381
226.229
226.07
225.907
225.743
225.581
223.962
223.905
223.859
223.807
223.756
223.709
223.667
223.632
223.601
223.575
223.55
223.529
223.509
223.493
223.481
223.472
223.467
223.465
223.468
223.473
223.483
223.495
223.51
223.528
223.548
223.57
223.595
223.621
223.65
223.68
223.714
223.75
223.789
223.829
223.871
223.914
223.957
224
224.043
224.086
224.129
224.173
224.217
224.261
224.305
224.35
224.395
224.44
224.485
224.53
224.575
224.62
224.665
224.711
224.757
224.803
224.85
224.897
224.944
224.992
225.041
225.09
225.14
225.19
225.241
225.293
225.345
225.399
225.453
225.508
225.564
225.619
225.675
225.73
225.785
225.84
225.896
225.952
226.008
226.066
226.124
226.183
226.243
226.304
226.365
226.426
226.487
226.548
226.61
226.673
226.735
226.798
226.859
226.919
226.976
227.03
227.08
227.123
227.16
227.189
227.21
227.222
227.225
227.22
227.206
227.186
227.159
227.125
227.084
227.034
226.975
226.907
226.828
226.737
226.631
226.512
226.378
226.233
226.079
225.918
225.754
224.569
224.509
224.46
224.406
224.354
224.306
224.263
224.224
224.19
224.158
224.129
224.103
224.079
224.058
224.04
224.025
224.014
224.006
224.002
224
224.003
224.008
224.017
224.028
224.042
224.058
224.075
224.095
224.116
224.14
224.166
224.195
224.227
224.261
224.297
224.335
224.373
224.411
224.45
224.489
224.529
224.568
224.609
224.649
224.691
224.732
224.775
224.817
224.86
224.903
224.946
224.99
225.033
225.077
225.122
225.167
225.213
225.259
225.306
225.354
225.402
225.451
225.5
225.551
225.601
225.653
225.705
225.758
225.811
225.865
225.92
225.974
226.029
226.084
226.138
226.192
226.246
226.299
226.352
226.405
226.459
226.512
226.566
226.62
226.674
226.727
226.779
226.831
226.881
226.931
226.98
227.028
227.075
227.119
227.161
227.199
227.232
227.258
227.278
227.288
227.292
227.289
227.279
227.262
227.24
227.212
227.18
227.143
227.102
227.055
227.002
226.943
226.878
226.804
226.72
226.623
226.511
226.386
226.246
226.094
225.931
225.226
225.166
225.118
225.066
225.017
224.971
224.931
224.893
224.858
224.825
224.796
224.768
224.743
224.72
224.7
224.682
224.667
224.655
224.645
224.639
224.635
224.634
224.637
224.641
224.648
224.656
224.666
224.677
224.69
224.704
224.722
224.741
224.764
224.79
224.818
224.848
224.879
224.911
224.943
224.976
225.01
225.044
225.079
225.114
225.151
225.188
225.226
225.264
225.303
225.342
225.382
225.422
225.463
225.504
225.546
225.589
225.633
225.677
225.722
225.768
225.815
225.862
225.91
225.959
226.008
226.057
226.107
226.158
226.209
226.26
226.313
226.365
226.418
226.471
226.523
226.575
226.626
226.677
226.727
226.775
226.822
226.868
226.913
226.958
227.002
227.044
227.085
227.124
227.16
227.194
227.225
227.253
227.279
227.302
227.322
227.337
227.348
227.354
227.356
227.355
227.348
227.336
227.318
227.295
227.267
227.235
227.2
227.162
227.121
227.076
227.028
226.976
226.92
226.858
226.788
226.709
226.617
226.511
226.389
226.251
226.097
225.929
225.872
225.829
225.782
225.739
225.7
225.664
225.63
225.598
225.568
225.541
225.515
225.491
225.468
225.447
225.428
225.41
225.395
225.381
225.37
225.361
225.354
225.35
225.347
225.346
225.346
225.347
225.349
225.353
225.358
225.365
225.374
225.387
225.402
225.42
225.44
225.462
225.486
225.51
225.535
225.562
225.589
225.617
225.646
225.676
225.707
225.739
225.771
225.805
225.839
225.875
225.91
225.947
225.984
226.022
226.06
226.1
226.141
226.182
226.225
226.268
226.312
226.357
226.402
226.448
226.494
226.541
226.588
226.636
226.684
226.733
226.782
226.831
226.881
226.93
226.978
227.025
227.071
227.116
227.159
227.199
227.238
227.273
227.305
227.336
227.364
227.389
227.41
227.426
227.438
227.443
227.446
227.446
227.445
227.444
227.441
227.437
227.431
227.423
227.414
227.401
227.385
227.364
227.34
227.312
227.279
227.243
227.203
227.162
227.117
227.069
227.018
226.964
226.906
226.843
226.773
226.692
226.601
226.496
226.375
226.236
226.681
226.631
226.597
226.559
226.525
226.493
226.463
226.434
226.407
226.382
226.359
226.336
226.315
226.293
226.272
226.252
226.232
226.214
226.196
226.18
226.165
226.151
226.14
226.129
226.12
226.112
226.104
226.097
226.092
226.087
226.084
226.083
226.084
226.088
226.095
226.105
226.116
226.13
226.144
226.16
226.177
226.196
226.216
226.237
226.26
226.283
226.308
226.334
226.361
226.39
226.419
226.449
226.48
226.511
226.544
226.578
226.612
226.648
226.684
226.722
226.76
226.799
226.838
226.879
226.919
226.961
227.003
227.045
227.088
227.131
227.174
227.216
227.259
227.301
227.341
227.38
227.417
227.451
227.482
227.512
227.538
227.561
227.579
227.592
227.598
227.599
227.599
227.597
227.594
227.591
227.589
227.586
227.58
227.572
227.561
227.549
227.535
227.521
227.506
227.491
227.474
227.455
227.434
227.411
227.383
227.352
227.318
227.279
227.237
227.19
227.139
227.084
227.026
226.964
226.899
226.829
226.752
226.667
226.572
226.464
226.339
227.495
227.454
227.431
227.404
227.378
227.353
227.329
227.306
227.284
227.263
227.244
227.224
227.204
227.183
227.162
227.141
227.12
227.1
227.08
227.06
227.04
227.022
227.004
226.986
226.969
226.953
226.937
226.921
226.906
226.891
226.878
226.866
226.856
226.849
226.844
226.841
226.841
226.843
226.846
226.851
226.858
226.866
226.876
226.887
226.901
226.915
226.931
226.949
226.967
226.987
227.008
227.03
227.054
227.078
227.104
227.132
227.16
227.189
227.219
227.25
227.281
227.312
227.344
227.376
227.407
227.439
227.469
227.5
227.529
227.558
227.586
227.613
227.639
227.662
227.684
227.703
227.72
227.734
227.744
227.749
227.754
227.756
227.758
227.76
227.763
227.764
227.764
227.761
227.758
227.754
227.748
227.74
227.73
227.718
227.702
227.685
227.666
227.646
227.626
227.605
227.585
227.565
227.545
227.523
227.499
227.47
227.437
227.399
227.356
227.307
227.252
227.191
227.124
227.053
226.978
226.899
226.814
226.724
226.628
226.524
226.407
228.308
228.276
228.265
228.247
228.228
228.207
228.188
228.17
228.154
228.138
228.122
228.105
228.086
228.066
228.045
228.023
228.002
227.98
227.958
227.935
227.913
227.89
227.866
227.843
227.819
227.796
227.774
227.751
227.729
227.707
227.686
227.665
227.646
227.628
227.613
227.599
227.588
227.579
227.571
227.566
227.561
227.559
227.558
227.558
227.56
227.564
227.569
227.575
227.582
227.591
227.601
227.613
227.625
227.639
227.654
227.67
227.687
227.703
227.72
227.736
227.753
227.768
227.782
227.795
227.808
227.819
227.829
227.838
227.846
227.853
227.859
227.863
227.867
227.869
227.871
227.873
227.876
227.879
227.883
227.887
227.89
227.891
227.892
227.89
227.887
227.883
227.878
227.872
227.867
227.86
227.854
227.846
227.838
227.83
227.819
227.808
227.796
227.782
227.767
227.75
227.733
227.715
227.697
227.678
227.657
227.634
227.606
227.574
227.536
227.49
227.433
227.366
227.288
227.202
227.109
227.011
226.909
226.803
226.694
226.582
226.461
228.903
228.874
228.868
228.855
228.84
228.822
228.805
228.788
228.773
228.759
228.744
228.727
228.709
228.691
228.672
228.653
228.633
228.614
228.593
228.573
228.552
228.53
228.507
228.485
228.462
228.439
228.416
228.393
228.369
228.345
228.321
228.297
228.273
228.25
228.229
228.209
228.191
228.175
228.16
228.147
228.135
228.123
228.113
228.103
228.094
228.086
228.078
228.071
228.065
228.059
228.054
228.049
228.044
228.04
228.036
228.032
228.029
228.026
228.023
228.021
228.019
228.017
228.016
228.015
228.014
228.013
228.012
228.011
228.009
228.007
228.006
228.004
228.002
228.001
227.999
227.998
227.996
227.995
227.993
227.991
227.989
227.986
227.983
227.978
227.971
227.964
227.956
227.949
227.943
227.937
227.931
227.926
227.921
227.917
227.914
227.912
227.911
227.91
227.907
227.903
227.896
227.889
227.881
227.873
227.864
227.853
227.837
227.815
227.785
227.743
227.689
227.62
227.535
227.437
227.326
227.203
227.072
226.934
226.791
226.646
226.499
229.15
229.121
229.112
229.1
229.087
229.07
229.054
229.039
229.025
229.012
228.998
228.983
228.967
228.951
228.934
228.917
228.9
228.882
228.864
228.846
228.827
228.807
228.788
228.768
228.747
228.727
228.707
228.686
228.665
228.644
228.622
228.599
228.577
228.555
228.534
228.514
228.496
228.478
228.462
228.445
228.429
228.414
228.398
228.383
228.368
228.353
228.339
228.324
228.31
228.297
228.284
228.271
228.259
228.247
228.236
228.225
228.214
228.204
228.195
228.186
228.178
228.171
228.164
228.157
228.151
228.145
228.138
228.132
228.126
228.119
228.113
228.107
228.101
228.095
228.088
228.082
228.076
228.071
228.067
228.064
228.061
228.059
228.057
228.054
228.05
228.045
228.04
228.035
228.03
228.025
228.021
228.017
228.015
228.015
228.02
228.027
228.037
228.049
228.061
228.073
228.082
228.088
228.091
228.093
228.094
228.093
228.089
228.083
228.072
228.06
228.035
227.991
227.92
227.817
227.691
227.544
227.379
227.195
226.993
226.782
226.572
229.267
229.235
229.224
229.209
229.195
229.176
229.157
229.14
229.124
229.109
229.093
229.076
229.059
229.042
229.024
229.007
228.989
228.971
228.952
228.934
228.915
228.897
228.878
228.859
228.841
228.822
228.804
228.785
228.766
228.746
228.726
228.705
228.684
228.664
228.644
228.626
228.609
228.592
228.577
228.562
228.546
228.531
228.516
228.5
228.485
228.471
228.456
228.442
228.428
228.414
228.4
228.387
228.373
228.36
228.348
228.335
228.324
228.313
228.302
228.292
228.282
228.272
228.263
228.254
228.244
228.235
228.227
228.218
228.21
228.202
228.194
228.187
228.179
228.173
228.166
228.161
228.156
228.153
228.15
228.148
228.147
228.147
228.148
228.148
228.147
228.145
228.141
228.136
228.13
228.123
228.116
228.111
228.107
228.106
228.108
228.114
228.124
228.139
228.161
228.192
228.226
228.255
228.281
228.304
228.328
228.355
228.383
228.413
228.438
228.464
228.458
228.43
228.36
228.253
228.13
227.998
227.835
227.62
227.353
227.05
226.739
229.346
229.308
229.289
229.269
229.251
229.231
229.211
229.192
229.174
229.156
229.139
229.121
229.104
229.086
229.069
229.051
229.033
229.016
228.998
228.98
228.962
228.945
228.927
228.91
228.894
228.877
228.86
228.844
228.826
228.808
228.79
228.77
228.75
228.73
228.711
228.692
228.675
228.659
228.643
228.627
228.611
228.596
228.58
228.564
228.549
228.533
228.518
228.504
228.489
228.475
228.461
228.446
228.432
228.418
228.404
228.391
228.379
228.368
228.358
228.349
228.34
228.332
228.323
228.314
228.306
228.298
228.29
228.284
228.278
228.273
228.268
228.264
228.26
228.256
228.253
228.252
228.251
228.251
228.252
228.254
228.256
228.26
228.265
228.272
228.279
228.286
228.294
228.301
228.309
228.316
228.325
228.335
228.348
228.363
228.38
228.398
228.417
228.438
228.462
228.489
228.516
228.534
228.543
228.546
228.545
228.548
228.553
228.561
228.58
228.629
228.69
228.761
228.782
228.783
228.728
228.61
228.397
228.115
227.824
227.459
227.047
229.376
229.334
229.31
229.286
229.264
229.243
229.223
229.202
229.183
229.163
229.146
229.128
229.111
229.094
229.077
229.06
229.043
229.026
229.009
228.992
228.975
228.958
228.942
228.925
228.909
228.893
228.877
228.861
228.845
228.828
228.81
228.791
228.773
228.753
228.735
228.717
228.7
228.684
228.669
228.654
228.638
228.623
228.608
228.593
228.577
228.563
228.548
228.534
228.52
228.506
228.492
228.478
228.464
228.449
228.435
228.421
228.408
228.398
228.389
228.382
228.377
228.372
228.368
228.363
228.359
228.356
228.353
228.352
228.351
228.351
228.351
228.351
228.351
228.352
228.353
228.355
228.358
228.361
228.365
228.369
228.373
228.378
228.385
228.393
228.403
228.413
228.424
228.437
228.45
228.464
228.478
228.494
228.511
228.529
228.549
228.57
228.593
228.619
228.652
228.69
228.737
228.798
228.875
228.961
229.053
229.149
229.248
229.341
229.429
229.513
229.586
229.648
229.603
229.492
229.264
228.914
228.568
228.225
227.921
227.197
226.62
229.349
229.308
229.285
229.26
229.238
229.219
229.201
229.182
229.163
229.144
229.125
229.108
229.091
229.075
229.059
229.044
229.028
229.012
228.997
228.981
228.965
228.949
228.934
228.918
228.902
228.886
228.871
228.855
228.838
228.822
228.805
228.788
228.77
228.752
228.734
228.718
228.702
228.688
228.673
228.66
228.646
228.632
228.617
228.603
228.588
228.574
228.559
228.546
228.532
228.519
228.505
228.491
228.477
228.463
228.449
228.437
228.427
228.418
228.411
228.405
228.402
228.4
228.399
228.399
228.4
228.402
228.405
228.408
228.412
228.415
228.419
228.423
228.428
228.433
228.438
228.443
228.448
228.453
228.458
228.462
228.467
228.472
228.478
228.484
228.493
228.504
228.518
228.535
228.554
228.576
228.598
228.621
228.645
228.67
228.697
228.726
228.756
228.79
228.83
228.876
228.935
229.008
229.09
229.185
229.285
229.389
229.501
229.62
229.744
229.865
229.984
230.109
230.24
230.355
230.446
230.216
229.787
228.974
227.974
226.698
225.738
229.391
229.349
229.323
229.295
229.27
229.249
229.229
229.208
229.186
229.164
229.143
229.123
229.104
229.086
229.068
229.051
229.035
229.018
229.002
228.986
228.97
228.954
228.939
228.923
228.908
228.892
228.877
228.861
228.845
228.829
228.812
228.795
228.777
228.759
228.741
228.725
228.709
228.694
228.679
228.665
228.651
228.637
228.622
228.608
228.593
228.578
228.564
228.551
228.537
228.524
228.511
228.498
228.485
228.472
228.46
228.449
228.436
228.425
228.416
228.407
228.402
228.399
228.398
228.399
228.402
228.407
228.412
228.417
228.421
228.424
228.427
228.431
228.436
228.442
228.447
228.452
228.456
228.458
228.46
228.462
228.464
228.466
228.469
228.472
228.477
228.484
228.495
228.508
228.523
228.54
228.558
228.577
228.597
228.618
228.64
228.665
228.693
228.725
228.762
228.805
228.857
228.923
229.003
229.102
229.221
229.366
229.541
229.753
230.002
230.295
230.657
231.141
231.821
232.726
233.929
235.426
237.26
239.313
241.367
243.085
244.536
)
;

boundaryField
{
    inlet
    {
        type            fixedValue;
        value           nonuniform List<scalar> 0();
    }
    obstacle
    {
        type            zeroGradient;
    }
    bottom
    {
        type            symmetry;
    }
    outlet
    {
        type            inletOutlet;
        inletValue      uniform 223;
        value           nonuniform List<scalar> 
82
(
223.266
223.265
223.264
223.263
223.263
223.262
223.261
223.259
223.258
223.257
223.256
223.254
223.253
223.251
223.249
223.247
223.245
223.242
223.24
223.237
223.234
223.23
223.227
223.222
223.218
223.213
223.207
223.201
223.195
223.187
223.179
223.17
223.16
223.149
223.137
223.123
223.107
223.09
223.071
223.049
223.024
222.995
222.962
222.925
222.882
222.833
222.776
222.712
222.639
222.557
222.467
222.373
222.28
222.196
222.123
222.061
222.006
221.948
221.887
221.848
221.842
221.866
221.925
222.043
222.246
222.545
222.939
223.416
223.962
224.569
225.227
225.93
226.682
227.495
228.308
228.904
229.15
229.267
229.346
229.376
229.349
229.391
)
;
    }
    top
    {
        type            symmetry;
    }
    defaultFaces
    {
        type            empty;
    }
    procBoundary3to2
    {
        type            processor;
        value           nonuniform List<scalar> 
122
(
223.266
223.276
223.283
223.289
223.293
223.298
223.3
223.306
223.308
223.313
223.314
223.318
223.322
223.324
223.323
223.321
223.315
223.306
223.298
223.292
223.289
223.287
223.286
223.285
223.283
223.28
223.277
223.275
223.273
223.271
223.269
223.267
223.266
223.266
223.266
223.266
223.264
223.263
223.262
223.262
223.262
223.261
223.259
223.256
223.253
223.249
223.243
223.236
223.227
223.217
223.205
223.192
223.176
223.157
223.135
223.116
223.105
223.084
223.148
223.161
223.216
223.242
223.247
223.248
223.252
223.26
223.272
223.28
223.283
223.273
223.273
223.278
223.277
223.277
223.281
223.285
223.301
223.349
223.433
223.563
223.731
223.926
224.131
224.333
224.522
224.692
224.842
224.978
225.106
225.232
225.358
225.486
225.612
225.736
225.858
225.979
226.103
226.225
226.344
226.458
226.57
226.683
226.8
226.925
227.062
227.21
227.363
227.518
227.692
227.88
228.101
228.333
223.28
223.28
223.283
223.285
223.285
223.282
223.279
223.278
223.279
223.279
)
;
    }
    procBoundary3to5
    {
        type            processor;
        value           nonuniform List<scalar> 
83
(
228.5
228.317
228.115
227.92
227.92
227.449
227.221
226.993
226.769
226.551
226.343
226.141
225.944
225.747
225.547
225.343
225.129
224.901
224.655
224.392
224.109
223.819
223.526
223.235
222.938
222.625
222.304
221.986
221.691
221.429
221.221
221.072
220.936
220.833
220.754
220.69
220.643
220.617
220.614
220.628
220.66
220.712
220.783
220.876
220.991
221.13
221.29
221.469
221.663
221.871
222.091
222.32
222.558
222.799
223.041
223.278
223.508
223.73
223.941
224.139
224.321
224.488
224.643
224.788
224.926
225.059
225.195
225.341
225.499
225.67
225.847
226.018
226.164
226.274
226.346
226.397
226.42
226.463
226.572
226.802
226.468
225.044
244.274
)
;
    }
}


// ************************************************************************* //
