/*--------------------------------*- C++ -*----------------------------------*\
| =========                 |                                                 |
| \\      /  F ield         | OpenFOAM: The Open Source CFD Toolbox           |
|  \\    /   O peration     | Version:  2412                                  |
|   \\  /    A nd           | Website:  www.openfoam.com                      |
|    \\/     M anipulation  |                                                 |
\*---------------------------------------------------------------------------*/
FoamFile
{
    version     2.0;
    format      ascii;
    arch        "LSB;label=32;scalar=64";
    class       volScalarField;
    location    "0.107";
    object      p;
}
// * * * * * * * * * * * * * * * * * * * * * * * * * * * * * * * * * * * * * //

dimensions      [1 -1 -2 0 0 0 0];

internalField   nonuniform List<scalar> 
9816
(
2967.59
2967.98
2968.25
2968.4
2968.44
2968.38
2968.23
2967.99
2967.66
2967.25
2966.76
2966.2
2965.57
2964.87
2964.12
2963.32
2962.47
2961.52
2960.72
2959.78
2958.9
2957.97
2957.01
2956.02
2955
2953.94
2952.86
2951.71
2950.55
2949.43
2948.29
2947.25
2946.12
2945.12
2943.95
2943.03
2941.8
2940.92
2939.61
2938.84
2937.58
2937.27
2897.72
2896.77
2895.78
2894.77
2893.75
2892.7
2891.7
2890.68
2889.66
2888.64
2887.64
2886.63
2885.65
2884.67
2883.73
2882.79
2881.9
2881.01
2880.14
2879.29
2878.45
2877.66
2876.88
2876.15
2875.5
2874.87
2874.39
2873.86
2873.49
2873.01
2872.61
2872.06
2871.59
2871.04
2870.61
2870.15
2869.81
2869.49
2869.27
2868.97
2868.61
2867.66
2865.02
2864.2
2863.44
2862.65
2861.9
2861.15
2860.42
2859.71
2859.02
2858.35
2857.69
2857.05
2856.44
2855.84
2855.26
2854.7
2854.15
2853.63
2853.13
2852.64
2852.18
2851.76
2851.36
2850.97
2850.57
2850.2
2849.81
2849.42
2849.02
2848.67
2848.32
2847.94
2847.79
2847.68
2846.82
2846.65
2847.56
2847.42
2846.3
2845.6
2845.61
2845.7
2845.92
2845.33
2844.75
2844.18
2843.62
2843.08
2842.54
2842.01
2841.51
2841.02
2840.55
2840.1
2839.65
2839.24
2838.83
2838.45
2838.08
2837.72
2837.37
2837.06
2836.74
2836.46
2836.15
2835.92
2835.63
2835.42
2835.14
2834.96
2834.7
2834.57
2834.36
2833.89
2833.97
2834.65
2833.73
2832.64
2832.98
2833.58
2833.82
2833.71
2833.31
2832.82
2833.47
2833
2832.54
2832.09
2831.65
2831.23
2830.83
2830.45
2830.09
2829.75
2829.43
2829.11
2828.81
2828.53
2828.26
2828
2827.75
2827.51
2827.29
2827.08
2826.86
2826.67
2826.47
2826.3
2826.12
2825.97
2825.79
2825.67
2825.56
2825.3
2825.19
2825.56
2825.15
2824.2
2824.58
2825.24
2825.34
2825.03
2824.4
2824.05
2823.93
2823.94
2824.33
2823.98
2823.67
2823.37
2823.1
2822.83
2822.58
2822.34
2822.1
2821.88
2821.66
2821.46
2821.26
2821.07
2820.89
2820.71
2820.54
2820.38
2820.23
2820.08
2819.94
2819.8
2819.67
2819.54
2819.41
2819.29
2819.18
2819.1
2818.89
2818.95
2819.14
2818.48
2818
2818.71
2819.17
2818.97
2818.23
2817.84
2817.73
2817.79
2818.04
2818.32
2818.16
2817.93
2817.7
2817.47
2817.26
2817.05
2816.85
2816.65
2816.48
2816.3
2816.13
2815.97
2815.81
2815.66
2815.51
2815.37
2815.24
2815.11
2814.99
2814.87
2814.78
2814.66
2814.58
2814.46
2814.39
2814.28
2814.19
2814.09
2814.16
2814.06
2813.57
2813.78
2814.39
2814.09
2813.32
2813.15
2813.23
2813.46
2813.71
2813.83
2813.77
2813.54
2813.25
2813.06
2812.9
2812.73
2812.58
2812.43
2812.29
2812.15
2812.01
2811.87
2811.73
2811.6
2811.47
2811.35
2811.23
2811.12
2811.02
2810.92
2810.82
2810.74
2810.65
2810.58
2810.51
2810.45
2810.41
2810.36
2810.32
2810.31
2810.4
2810.04
2809.9
2810.56
2810.67
2809.85
2809.44
2809.56
2809.91
2810.31
2810.45
2810.35
2810.08
2809.76
2809.43
2809.33
2809.22
2809.11
2809.01
2808.9
2808.79
2808.68
2808.57
2808.47
2808.37
2808.28
2808.19
2808.11
2808.04
2807.97
2807.92
2807.84
2807.8
2807.73
2807.69
2807.61
2807.57
2807.52
2807.47
2807.43
2807.36
2807.33
2807.36
2807.3
2807.01
2807.24
2807.64
2807.34
2806.75
2806.73
2806.88
2807.18
2807.4
2807.4
2807.24
2807.03
2806.7
2806.62
2806.53
2806.44
2806.36
2806.28
2806.22
2806.15
2806.1
2806.05
2806.01
2805.98
2805.93
2805.89
2805.86
2805.82
2805.78
2805.74
2805.7
2805.68
2805.63
2805.62
2805.56
2805.56
2805.49
2805.5
2805.42
2805.43
2805.35
2805.48
2805.4
2805.08
2805.15
2805.62
2805.68
2805.23
2804.94
2804.94
2805.05
2805.27
2805.44
2805.5
2804.6
2804.54
2804.5
2804.47
2804.44
2804.42
2804.4
2804.38
2804.35
2804.31
2804.28
2804.25
2804.22
2804.19
2804.17
2804.14
2804.12
2804.09
2804.08
2804.05
2804.04
2804.01
2804.01
2803.99
2803.99
2803.96
2803.96
2803.93
2803.96
2803.9
2803.83
2803.94
2804.09
2803.77
2803.57
2803.78
2804.02
2804.06
2803.97
2803.78
2803.66
2803.63
2802.93
2802.93
2802.92
2802.91
2802.88
2802.86
2802.84
2802.82
2802.8
2802.79
2802.77
2802.75
2802.74
2802.73
2802.73
2802.72
2802.73
2802.7
2802.73
2802.69
2802.74
2802.68
2802.74
2802.68
2802.74
2802.68
2802.73
2802.69
2802.74
2802.65
2802.73
2802.85
2802.66
2802.39
2802.63
2802.97
2803.02
2802.82
2802.49
2802.44
2802.47
2802.59
2802.2
2802.21
2802.22
2802.23
2802.24
2802.26
2802.27
2802.28
2802.29
2802.3
2802.31
2802.32
2802.32
2802.31
2802.31
2802.3
2802.3
2802.29
2802.3
2802.26
2802.28
2802.23
2802.26
2802.21
2802.25
2802.2
2802.25
2802.2
2802.22
2802.22
2802.3
2802.12
2802.09
2802.37
2802.49
2802.21
2801.94
2802
2802.12
2802.29
2802.42
2802.41
2801.68
2801.71
2801.74
2801.76
2801.79
2801.81
2801.83
2801.84
2801.87
2801.88
2801.9
2801.92
2801.93
2801.95
2801.96
2801.98
2801.99
2802.01
2802.03
2802.04
2802.06
2802.07
2802.09
2802.09
2802.11
2802.11
2802.13
2802.12
2802.12
2802.13
2802.22
2802.09
2801.95
2802.19
2802.45
2802.31
2801.97
2801.92
2801.97
2802.13
2802.32
2802.39
2801.27
2801.3
2801.34
2801.36
2801.41
2801.44
2801.47
2801.49
2801.52
2801.54
2801.57
2801.59
2801.61
2801.63
2801.65
2801.67
2801.68
2801.7
2801.71
2801.73
2801.74
2801.76
2801.77
2801.78
2801.79
2801.79
2801.82
2801.8
2801.81
2801.82
2801.89
2801.78
2801.7
2801.92
2802.09
2801.9
2801.61
2801.63
2801.72
2801.91
2802.03
2802.03
2800.96
2801
2801.04
2801.08
2801.11
2801.15
2801.18
2801.21
2801.24
2801.27
2801.3
2801.32
2801.35
2801.37
2801.39
2801.42
2801.44
2801.46
2801.48
2801.51
2801.53
2801.55
2801.56
2801.58
2801.6
2801.62
2801.63
2801.65
2801.65
2801.67
2801.71
2801.71
2801.59
2801.68
2801.9
2801.86
2801.61
2801.53
2801.61
2801.77
2801.91
2801.94
2800.69
2800.75
2800.81
2800.87
2800.93
2800.99
2801.04
2801.09
2801.14
2801.18
2801.21
2801.25
2801.29
2801.32
2801.35
2801.37
2801.4
2801.42
2801.44
2801.46
2801.48
2801.49
2801.52
2801.52
2801.55
2801.55
2801.57
2801.57
2801.6
2801.59
2801.61
2801.65
2801.64
2801.55
2801.63
2801.8
2801.77
2801.57
2801.5
2801.56
2801.69
2801.81
2800.33
2800.4
2800.46
2800.51
2800.56
2800.6
2800.64
2800.68
2800.72
2800.76
2800.8
2800.84
2800.88
2800.92
2800.95
2800.99
2801.02
2801.06
2801.08
2801.12
2801.14
2801.18
2801.18
2801.23
2801.23
2801.28
2801.27
2801.31
2801.31
2801.35
2801.35
2801.36
2801.36
2801.44
2801.43
2801.31
2801.35
2801.54
2801.61
2801.5
2801.36
2801.36
2799.93
2800
2800.06
2800.13
2800.2
2800.26
2800.32
2800.38
2800.43
2800.48
2800.53
2800.57
2800.61
2800.65
2800.68
2800.73
2800.75
2800.79
2800.81
2800.85
2800.87
2800.91
2800.92
2800.96
2800.97
2801.01
2801.02
2801.05
2801.06
2801.09
2801.1
2801.13
2801.14
2801.12
2801.16
2801.28
2801.2
2801.04
2801.11
2801.32
2801.41
2801.36
2799.47
2799.56
2799.64
2799.73
2799.8
2799.88
2799.95
2800.01
2800.08
2800.14
2800.19
2800.24
2800.29
2800.34
2800.38
2800.42
2800.46
2800.48
2800.53
2800.54
2800.59
2800.6
2800.65
2800.65
2800.7
2800.7
2800.75
2800.74
2800.8
2800.78
2800.83
2800.82
2800.88
2800.84
2800.84
2800.94
2801.03
2800.81
2800.73
2800.96
2801.16
2801.15
2798.98
2799.08
2799.18
2799.27
2799.36
2799.45
2799.52
2799.6
2799.67
2799.73
2799.79
2799.85
2799.9
2799.95
2799.99
2800.03
2800.08
2800.11
2800.16
2800.19
2800.24
2800.25
2800.3
2800.31
2800.36
2800.36
2800.41
2800.41
2800.45
2800.46
2800.49
2800.51
2800.53
2800.54
2800.52
2800.6
2800.69
2800.54
2800.4
2800.63
2800.88
2800.83
2798.38
2798.49
2798.6
2798.69
2798.79
2798.87
2798.95
2799.02
2799.1
2799.16
2799.23
2799.29
2799.35
2799.4
2799.46
2799.52
2799.56
2799.62
2799.66
2799.71
2799.74
2799.78
2799.81
2799.86
2799.87
2799.92
2799.93
2799.97
2799.98
2800.02
2800.03
2800.07
2800.08
2800.1
2800.1
2800.15
2800.21
2800.11
2800.06
2800.29
2800.41
2800.17
2797.68
2797.79
2797.9
2798.01
2798.11
2798.21
2798.3
2798.39
2798.47
2798.55
2798.63
2798.69
2798.76
2798.82
2798.88
2798.94
2798.99
2799.05
2799.08
2799.14
2799.17
2799.23
2799.25
2799.31
2799.32
2799.38
2799.38
2799.43
2799.44
2799.49
2799.49
2799.53
2799.54
2799.57
2799.58
2799.61
2799.62
2799.62
2799.67
2799.73
2799.62
2799.61
2796.8
2796.93
2797.06
2797.17
2797.28
2797.38
2797.48
2797.57
2797.66
2797.74
2797.81
2797.89
2797.95
2798.02
2798.08
2798.14
2798.19
2798.24
2798.29
2798.33
2798.37
2798.4
2798.45
2798.48
2798.52
2798.55
2798.59
2798.62
2798.65
2798.66
2798.7
2798.72
2798.76
2798.78
2798.79
2798.81
2798.82
2798.85
2798.87
2798.9
2798.9
2798.91
2795.71
2795.84
2795.96
2796.08
2796.19
2796.3
2796.4
2796.49
2796.58
2796.67
2796.75
2796.82
2796.89
2796.96
2797.02
2797.09
2797.15
2797.2
2797.25
2797.3
2797.35
2797.39
2797.44
2797.48
2797.5
2797.51
2797.58
2797.64
2797.66
2797.66
2797.68
2797.73
2797.77
2797.82
2797.83
2797.85
2797.84
2797.86
2797.86
2797.9
2797.92
2797.97
2794.89
2795.02
2795.14
2795.25
2795.35
2795.44
2795.53
2795.62
2795.69
2795.77
2795.85
2795.91
2795.98
2796.03
2796.09
2796.14
2796.2
2796.25
2796.29
2796.34
2796.38
2796.42
2796.45
2796.49
2796.54
2796.57
2796.55
2796.58
2796.63
2796.68
2796.7
2796.72
2796.72
2796.74
2796.77
2796.8
2796.84
2796.86
2796.89
2796.89
2796.91
2796.9
2793.94
2794.05
2794.16
2794.26
2794.36
2794.46
2794.55
2794.64
2794.72
2794.8
2794.88
2794.95
2795.02
2795.09
2795.15
2795.21
2795.27
2795.33
2795.38
2795.43
2795.48
2795.53
2795.55
2795.6
2795.66
2795.7
2795.69
2795.72
2795.77
2795.81
2795.82
2795.81
2795.8
2795.8
2795.83
2795.85
2795.87
2795.88
2795.89
2795.88
2795.88
2795.87
2793.11
2793.21
2793.3
2793.39
2793.48
2793.56
2793.64
2793.72
2793.79
2793.86
2793.92
2793.98
2794.04
2794.09
2794.14
2794.18
2794.23
2794.27
2794.3
2794.34
2794.37
2794.4
2794.42
2794.45
2794.49
2794.52
2794.51
2794.53
2794.57
2794.61
2794.62
2794.63
2794.63
2794.65
2794.67
2794.7
2794.72
2794.74
2794.76
2794.76
2794.77
2794.76
2792.38
2792.46
2792.54
2792.61
2792.68
2792.75
2792.81
2792.87
2792.92
2792.97
2793.02
2793.07
2793.11
2793.15
2793.19
2793.23
2793.26
2793.29
2793.33
2793.35
2793.39
2793.41
2793.43
2793.45
2793.49
2793.51
2793.52
2793.52
2793.56
2793.59
2793.62
2793.62
2793.63
2793.63
2793.65
2793.66
2793.69
2793.71
2793.73
2793.73
2793.74
2793.74
2791.71
2791.78
2791.83
2791.89
2791.94
2791.99
2792.04
2792.09
2792.13
2792.17
2792.2
2792.23
2792.27
2792.3
2792.33
2792.35
2792.38
2792.4
2792.42
2792.45
2792.46
2792.49
2792.5
2792.52
2792.54
2792.56
2792.56
2792.57
2792.59
2792.61
2792.62
2792.63
2792.64
2792.65
2792.66
2792.67
2792.68
2792.69
2792.69
2792.7
2792.71
2792.71
2791.05
2791.09
2791.13
2791.17
2791.21
2791.24
2791.27
2791.3
2791.33
2791.35
2791.37
2791.39
2791.41
2791.43
2791.44
2791.46
2791.47
2791.49
2791.49
2791.51
2791.52
2791.54
2791.54
2791.56
2791.55
2791.58
2791.57
2791.59
2791.59
2791.61
2791.6
2791.62
2791.61
2791.62
2791.62
2791.63
2791.63
2791.64
2791.64
2791.64
2791.64
2791.64
2790.3
2790.33
2790.35
2790.37
2790.39
2790.4
2790.42
2790.43
2790.44
2790.45
2790.46
2790.48
2790.49
2790.49
2790.5
2790.51
2790.52
2790.52
2790.53
2790.54
2790.54
2790.54
2790.54
2790.55
2790.55
2790.55
2790.55
2790.56
2790.55
2790.56
2790.56
2790.56
2790.56
2790.56
2790.55
2790.56
2790.57
2790.56
2790.52
2790.54
2790.63
2790.56
2789.53
2789.53
2789.53
2789.54
2789.54
2789.54
2789.54
2789.54
2789.54
2789.54
2789.54
2789.54
2789.54
2789.54
2789.54
2789.53
2789.53
2789.52
2789.52
2789.51
2789.51
2789.5
2789.5
2789.49
2789.49
2789.48
2789.48
2789.47
2789.47
2789.46
2789.46
2789.45
2789.45
2789.44
2789.43
2789.46
2789.45
2789.34
2789.38
2789.59
2789.52
2789.24
2788.74
2788.73
2788.71
2788.7
2788.69
2788.67
2788.66
2788.64
2788.63
2788.61
2788.6
2788.58
2788.57
2788.55
2788.54
2788.52
2788.51
2788.49
2788.48
2788.46
2788.45
2788.44
2788.43
2788.41
2788.4
2788.39
2788.38
2788.37
2788.36
2788.35
2788.35
2788.32
2788.31
2788.33
2788.37
2788.23
2788.16
2788.36
2788.5
2788.33
2788.07
2788.06
2787.9
2787.87
2787.84
2787.81
2787.77
2787.74
2787.71
2787.68
2787.66
2787.63
2787.61
2787.59
2787.56
2787.54
2787.52
2787.49
2787.47
2787.45
2787.43
2787.41
2787.4
2787.38
2787.37
2787.35
2787.34
2787.32
2787.31
2787.29
2787.28
2787.25
2787.26
2787.25
2787.17
2787.16
2787.34
2787.3
2787.01
2786.95
2787.08
2787.24
2787.32
2787.26
2786.96
2786.92
2786.88
2786.84
2786.8
2786.77
2786.74
2786.71
2786.68
2786.65
2786.62
2786.59
2786.55
2786.52
2786.49
2786.47
2786.44
2786.42
2786.4
2786.38
2786.36
2786.34
2786.32
2786.29
2786.27
2786.25
2786.24
2786.21
2786.19
2786.22
2786.17
2786.01
2786.13
2786.36
2786.21
2785.89
2785.84
2785.89
2786.04
2786.2
2786.24
2786.16
2785.95
2785.91
2785.86
2785.82
2785.78
2785.74
2785.7
2785.66
2785.62
2785.57
2785.54
2785.5
2785.47
2785.43
2785.41
2785.37
2785.35
2785.32
2785.3
2785.27
2785.25
2785.22
2785.2
2785.18
2785.15
2785.14
2785.11
2785.05
2785.1
2785.17
2784.94
2784.77
2784.99
2785.22
2785.19
2784.98
2784.79
2784.72
2784.71
2784.79
2784.93
2785.02
2784.82
2784.76
2784.71
2784.65
2784.6
2784.56
2784.51
2784.47
2784.43
2784.39
2784.35
2784.32
2784.28
2784.25
2784.21
2784.19
2784.15
2784.13
2784.1
2784.07
2784.04
2784.02
2783.99
2783.96
2783.95
2783.96
2783.85
2783.76
2783.98
2784.07
2783.73
2783.53
2783.57
2783.74
2783.92
2783.96
2783.89
2783.75
2783.59
2783.5
2783.47
2783.5
2783.55
2783.5
2783.45
2783.4
2783.35
2783.31
2783.26
2783.22
2783.18
2783.14
2783.1
2783.06
2783.03
2782.99
2782.96
2782.92
2782.9
2782.86
2782.83
2782.8
2782.77
2782.75
2782.73
2782.65
2782.64
2782.77
2782.66
2782.33
2782.43
2782.72
2782.81
2782.65
2782.42
2782.3
2782.24
2782.28
2782.39
2782.5
2782.55
2782.56
2782.51
2782.4
2782.21
2782.16
2782.1
2782.05
2782.01
2781.96
2781.91
2781.87
2781.83
2781.78
2781.75
2781.7
2781.67
2781.63
2781.6
2781.56
2781.53
2781.49
2781.47
2781.43
2781.39
2781.4
2781.37
2781.18
2781.25
2781.57
2781.37
2780.9
2780.9
2781.05
2781.27
2781.39
2781.36
2781.2
2781.01
2780.86
2780.8
2780.82
2780.89
2780.99
2781.1
2781.17
2780.74
2780.69
2780.63
2780.58
2780.53
2780.49
2780.44
2780.39
2780.35
2780.3
2780.26
2780.22
2780.18
2780.15
2780.11
2780.07
2780.04
2780
2779.97
2779.95
2779.88
2779.82
2779.94
2779.96
2779.57
2779.49
2779.8
2780.01
2779.9
2779.68
2779.51
2779.41
2779.4
2779.48
2779.59
2779.68
2779.72
2779.7
2779.62
2779.53
2779.42
2779.34
2779.15
2779.09
2779.03
2778.97
2778.92
2778.87
2778.81
2778.76
2778.71
2778.67
2778.62
2778.58
2778.54
2778.5
2778.46
2778.42
2778.38
2778.34
2778.3
2778.29
2778.29
2778.13
2778.06
2778.31
2778.32
2777.97
2777.86
2777.89
2778.03
2778.14
2778.13
2778.05
2777.92
2777.82
2777.77
2777.76
2777.77
2777.82
2777.86
2777.9
2777.92
2777.91
2777.42
2777.35
2777.29
2777.23
2777.17
2777.11
2777.06
2777
2776.95
2776.9
2776.85
2776.8
2776.76
2776.71
2776.67
2776.63
2776.59
2776.53
2776.52
2776.54
2776.36
2776.23
2776.55
2776.65
2776.23
2776.02
2776
2776.16
2776.34
2776.42
2776.37
2776.22
2776.04
2775.92
2775.86
2775.85
2775.9
2775.99
2776.1
2776.18
2776.21
2776.19
2775.58
2775.5
2775.43
2775.36
2775.3
2775.23
2775.17
2775.11
2775.05
2775
2774.94
2774.89
2774.84
2774.79
2774.74
2774.69
2774.64
2774.63
2774.6
2774.43
2774.43
2774.68
2774.54
2774.14
2774.13
2774.24
2774.43
2774.51
2774.44
2774.28
2774.11
2774
2773.96
2773.97
2774.03
2774.12
2774.2
2774.25
2774.24
2774.2
2774.12
2774.02
2773.65
2773.57
2773.49
2773.41
2773.33
2773.26
2773.19
2773.12
2773.05
2772.99
2772.92
2772.87
2772.81
2772.76
2772.7
2772.65
2772.61
2772.53
2772.46
2772.59
2772.52
2772.14
2772.15
2772.37
2772.5
2772.42
2772.28
2772.12
2772.01
2771.97
2771.97
2772.03
2772.1
2772.16
2772.17
2772.13
2772.06
2771.97
2771.88
2771.8
2771.73
2771.68
2771.64
2771.55
2771.46
2771.36
2771.28
2771.19
2771.11
2771.03
2770.95
2770.88
2770.81
2770.74
2770.68
2770.61
2770.56
2770.46
2770.46
2770.44
2770.26
2770.16
2770.37
2770.36
2770.18
2770.04
2769.95
2769.95
2769.99
2770.01
2770.02
2769.99
2769.92
2769.86
2769.78
2769.72
2769.67
2769.65
2769.64
2769.65
2769.66
2769.68
2769.69
2769.7
2769.52
2769.41
2769.3
2769.2
2769.09
2769
2768.91
2768.82
2768.74
2768.65
2768.58
2768.5
2768.43
2768.35
2768.27
2768.29
2768.15
2767.97
2768.08
2768.21
2767.99
2767.85
2767.7
2767.67
2767.73
2767.77
2767.79
2767.76
2767.69
2767.6
2767.5
2767.42
2767.36
2767.34
2767.35
2767.38
2767.41
2767.45
2767.47
2767.47
2767.45
2767.41
2767.26
2767.12
2767
2766.88
2766.77
2766.66
2766.56
2766.47
2766.36
2766.3
2766.17
2766.14
2766
2765.96
2765.88
2765.86
2765.68
2765.62
2765.67
2765.63
2765.54
2765.42
2765.33
2765.29
2765.29
2765.27
2765.27
2765.23
2765.18
2765.12
2765.06
2765
2764.96
2764.92
2764.91
2764.9
2764.9
2764.9
2764.89
2764.88
2764.86
2764.84
2764.9
2764.76
2764.63
2764.5
2764.38
2764.27
2764.15
2764.05
2763.95
2763.84
2763.77
2763.64
2763.61
2763.46
2763.43
2763.31
2763.29
2763.19
2763.14
2763.06
2763
2762.92
2762.88
2762.83
2762.79
2762.74
2762.7
2762.65
2762.61
2762.56
2762.52
2762.48
2762.45
2762.42
2762.4
2762.37
2762.35
2762.32
2762.3
2762.28
2762.25
2762.23
2762.5
2762.35
2762.2
2762.06
2761.94
2761.79
2761.7
2761.55
2761.49
2761.32
2761.28
2761.13
2761.06
2760.95
2760.91
2760.81
2760.72
2760.66
2760.57
2760.51
2760.45
2760.41
2760.33
2760.29
2760.21
2760.16
2760.11
2760.07
2760.03
2760
2759.97
2759.95
2759.92
2759.89
2759.86
2759.83
2759.8
2759.76
2759.73
2759.7
2759.67
2759.65
2760.13
2759.96
2759.8
2759.65
2759.51
2759.38
2759.23
2759.14
2758.97
2758.92
2758.75
2758.71
2758.51
2758.5
2758.41
2758.36
2758.27
2758.15
2758.05
2758.01
2757.92
2757.91
2757.83
2757.82
2757.73
2757.7
2757.62
2757.57
2757.51
2757.47
2757.42
2757.39
2757.36
2757.34
2757.31
2757.29
2757.27
2757.25
2757.23
2757.2
2757.18
2757.15
2757.79
2757.6
2757.43
2757.26
2757.1
2756.95
2756.81
2756.69
2756.53
2756.36
2756.38
2756.26
2756.03
2755.93
2755.92
2755.89
2755.82
2755.71
2755.65
2755.48
2755.39
2755.3
2755.25
2755.22
2755.21
2755.19
2755.17
2755.14
2755.09
2755.04
2754.97
2754.9
2754.84
2754.78
2754.72
2754.68
2754.64
2754.61
2754.59
2754.58
2754.57
2754.56
2755.56
2755.35
2755.17
2754.97
2754.82
2754.61
2754.47
2754.35
2754.27
2753.9
2753.85
2753.99
2753.84
2753.65
2753.38
2753.23
2753.16
2753.16
2753.18
2753.19
2753.13
2753.04
2752.9
2752.76
2752.62
2752.52
2752.44
2752.39
2752.37
2752.38
2752.39
2752.41
2752.42
2752.42
2752.41
2752.38
2752.35
2752.3
2752.25
2752.19
2752.13
2752.06
2753.44
2753.24
2752.99
2752.84
2752.63
2752.5
2752.16
2752.19
2752.16
2751.73
2751.41
2751.49
2751.61
2751.55
2751.42
2751.19
2750.93
2750.75
2750.61
2750.56
2750.58
2750.62
2750.66
2750.65
2750.6
2750.5
2750.37
2750.23
2750.09
2749.97
2749.86
2749.79
2749.74
2749.71
2749.7
2749.7
2749.71
2749.73
2749.75
2749.77
2749.79
2749.8
2751.37
2751.11
2750.89
2750.59
2750.53
2750.23
2749.89
2749.84
2750.06
2749.66
2749.34
2749.08
2748.99
2749.02
2748.99
2748.93
2748.86
2748.67
2748.51
2748.33
2748.2
2748.1
2748.06
2748.05
2748.05
2748.05
2748.03
2748
2747.94
2747.87
2747.79
2747.69
2747.6
2747.52
2747.44
2747.37
2747.31
2747.26
2747.23
2747.2
2747.18
2747.17
2749.53
2749.23
2748.91
2748.79
2748.81
2747.94
2747.73
2748.6
2748.39
2747.58
2747.07
2746.73
2746.77
2746.97
2747.16
2747.2
2747.08
2746.78
2746.45
2746.14
2745.9
2745.77
2745.74
2745.79
2745.89
2746
2746.08
2746.12
2746.1
2746.04
2745.93
2745.79
2745.64
2745.48
2745.33
2745.19
2745.06
2744.95
2744.86
2744.79
2744.73
2744.7
2747.75
2747.42
2747.29
2747.27
2746.26
2746.09
2747.12
2747.02
2746.01
2745.21
2744.91
2744.99
2745.2
2745.52
2745.67
2745.59
2745.32
2744.94
2744.53
2744.18
2743.93
2743.82
2743.82
2743.93
2744.08
2744.24
2744.37
2744.43
2744.43
2744.36
2744.23
2744.07
2743.89
2743.7
2743.52
2743.34
2743.18
2743.04
2742.92
2742.83
2742.75
2742.7
2746.25
2745.82
2745.41
2745.69
2745.49
2744.23
2744.23
2744.63
2744.76
2744.57
2744.23
2743.88
2743.64
2743.48
2743.37
2743.31
2743.23
2743.14
2743.01
2742.87
2742.72
2742.6
2742.5
2742.43
2742.38
2742.35
2742.31
2742.27
2742.22
2742.16
2742.08
2742
2741.91
2741.83
2741.73
2741.65
2741.56
2741.49
2741.42
2741.35
2741.3
2741.25
2744.54
2744.52
2744.22
2743.39
2743.43
2743.72
2743.38
2743.09
2742.75
2742.51
2742.38
2742.15
2742.09
2741.9
2741.83
2741.69
2741.61
2741.48
2741.37
2741.23
2741.1
2740.97
2740.85
2740.74
2740.65
2740.56
2740.49
2740.43
2740.38
2740.33
2740.28
2740.24
2740.19
2740.15
2740.1
2740.06
2740.01
2739.96
2739.92
2739.87
2739.82
2739.77
2743.22
2743.06
2742.27
2742.01
2742.31
2742.15
2741.78
2741.34
2740.97
2740.8
2740.65
2740.61
2740.55
2740.49
2740.34
2740.16
2739.96
2739.74
2739.56
2739.39
2739.26
2739.16
2739.09
2739.04
2739
2738.96
2738.92
2738.88
2738.83
2738.77
2738.71
2738.64
2738.56
2738.49
2738.41
2738.33
2738.26
2738.18
2738.11
2738.05
2737.99
2737.93
2741.8
2741.39
2740.91
2740.92
2740.7
2740.5
2740.13
2739.81
2739.55
2739.39
2739.24
2739.15
2739.02
2738.89
2738.71
2738.52
2738.32
2738.15
2737.99
2737.86
2737.75
2737.67
2737.6
2737.55
2737.5
2737.44
2737.39
2737.33
2737.26
2737.19
2737.11
2737.03
2736.95
2736.87
2736.79
2736.71
2736.64
2736.57
2736.51
2736.45
2736.4
2736.34
2740.27
2740.05
2739.61
2739.47
2739.19
2738.89
2738.65
2738.35
2738.2
2737.96
2737.83
2737.63
2737.49
2737.3
2737.14
2736.96
2736.8
2736.64
2736.51
2736.39
2736.28
2736.18
2736.09
2736
2735.92
2735.83
2735.75
2735.67
2735.59
2735.51
2735.44
2735.36
2735.29
2735.22
2735.16
2735.1
2735.04
2734.99
2734.94
2734.89
2734.85
2734.81
2739.19
2738.65
2738.51
2738.15
2737.83
2737.6
2737.29
2737.06
2736.83
2736.6
2736.41
2736.19
2736.01
2735.82
2735.66
2735.5
2735.35
2735.22
2735.09
2734.97
2734.86
2734.75
2734.64
2734.54
2734.44
2734.34
2734.25
2734.15
2734.07
2733.98
2733.9
2733.83
2733.76
2733.69
2733.63
2733.57
2733.52
2733.47
2733.42
2733.38
2733.33
2733.29
2738.35
2737.91
2737.49
2737.16
2736.76
2736.5
2736.16
2735.93
2735.65
2735.42
2735.18
2734.96
2734.75
2734.54
2734.35
2734.17
2734.01
2733.86
2733.72
2733.58
2733.46
2733.34
2733.22
2733.12
2733.02
2732.92
2732.83
2732.74
2732.65
2732.57
2732.5
2732.42
2732.35
2732.29
2732.23
2732.17
2732.11
2732.06
2732
2731.95
2731.91
2731.86
2737.65
2737.23
2736.83
2736.44
2736.05
2735.72
2735.36
2735.06
2734.76
2734.48
2734.21
2733.97
2733.73
2733.51
2733.3
2733.1
2732.91
2732.73
2732.56
2732.4
2732.25
2732.11
2731.98
2731.86
2731.75
2731.64
2731.54
2731.44
2731.35
2731.27
2731.18
2731.11
2731.03
2730.96
2730.9
2730.83
2730.77
2730.72
2730.66
2730.61
2730.56
2730.51
2737.49
2736.93
2736.46
2736.02
2735.6
2735.22
2734.84
2734.5
2734.17
2733.87
2733.57
2733.3
2733.03
2732.78
2732.54
2732.31
2732.09
2731.89
2731.7
2731.51
2731.34
2731.18
2731.03
2730.89
2730.76
2730.63
2730.52
2730.41
2730.3
2730.2
2730.11
2730.02
2729.94
2729.86
2729.78
2729.71
2729.64
2729.58
2729.52
2729.46
2729.4
2729.34
2737.6
2737
2736.47
2735.98
2735.51
2735.07
2734.66
2734.28
2733.91
2733.57
2733.24
2732.93
2732.64
2732.35
2732.09
2731.84
2731.6
2731.37
2731.16
2730.96
2730.77
2730.59
2730.42
2730.26
2730.11
2729.97
2729.83
2729.7
2729.58
2729.47
2729.36
2729.26
2729.16
2729.07
2728.98
2728.9
2728.82
2728.74
2728.67
2728.61
2728.54
2728.47
2738.02
2737.4
2736.82
2736.28
2735.76
2735.28
2734.83
2734.4
2733.99
2733.61
2733.24
2732.9
2732.57
2732.25
2731.96
2731.68
2731.41
2731.16
2730.92
2730.7
2730.49
2730.29
2730.1
2729.92
2729.75
2729.6
2729.45
2729.31
2729.17
2729.05
2728.93
2728.82
2728.71
2728.62
2728.52
2728.43
2728.35
2728.27
2728.19
2728.12
2728.05
2727.98
2738.76
2738.1
2737.49
2736.91
2736.35
2735.82
2735.31
2734.83
2734.37
2733.94
2733.53
2733.14
2732.77
2732.43
2732.1
2731.8
2731.52
2731.25
2731.01
2730.78
2730.56
2730.35
2730.16
2729.98
2729.81
2729.65
2729.49
2729.35
2729.21
2729.08
2728.95
2728.83
2728.72
2728.61
2728.51
2728.41
2728.32
2728.23
2728.14
2728.06
2727.98
2727.9
2739.83
2739.12
2738.44
2737.79
2737.17
2736.58
2736.02
2735.5
2735.01
2734.56
2734.14
2733.75
2733.38
2733.04
2732.73
2732.43
2732.15
2731.88
2731.63
2731.39
2731.16
2730.94
2730.73
2730.52
2730.33
2730.15
2729.97
2729.8
2729.63
2729.48
2729.33
2729.18
2729.05
2728.92
2728.79
2728.67
2728.56
2728.45
2728.35
2728.25
2728.15
2728.05
2741.19
2740.41
2739.66
2738.95
2738.29
2737.68
2737.12
2736.59
2736.12
2735.68
2735.27
2734.89
2734.54
2734.19
2733.87
2733.55
2733.25
2732.95
2732.66
2732.38
2732.11
2731.84
2731.59
2731.34
2731.11
2730.88
2730.67
2730.46
2730.26
2730.08
2729.9
2729.73
2729.57
2729.42
2729.28
2729.15
2729.02
2728.9
2728.79
2728.68
2728.58
2728.47
2742.83
2742.02
2741.26
2740.54
2739.88
2739.26
2738.7
2738.17
2737.68
2737.22
2736.79
2736.38
2735.99
2735.6
2735.23
2734.88
2734.53
2734.19
2733.86
2733.55
2733.25
2732.95
2732.67
2732.41
2732.15
2731.91
2731.68
2731.47
2731.26
2731.07
2730.89
2730.72
2730.56
2730.4
2730.26
2730.13
2730
2729.88
2729.77
2729.67
2729.57
2729.47
2744.86
2744.05
2743.28
2742.56
2741.89
2741.26
2740.66
2740.1
2739.56
2739.06
2738.57
2738.11
2737.67
2737.24
2736.83
2736.44
2736.06
2735.7
2735.36
2735.04
2734.73
2734.43
2734.15
2733.89
2733.64
2733.41
2733.18
2732.97
2732.78
2732.59
2732.41
2732.25
2732.09
2731.95
2731.81
2731.68
2731.55
2731.44
2731.33
2731.22
2731.12
2731.02
2747.28
2746.44
2745.64
2744.89
2744.18
2743.52
2742.88
2742.28
2741.71
2741.17
2740.65
2740.16
2739.69
2739.24
2738.81
2738.41
2738.03
2737.66
2737.31
2736.99
2736.67
2736.38
2736.1
2735.83
2735.58
2735.34
2735.12
2734.91
2734.71
2734.52
2734.34
2734.17
2734
2733.85
2733.7
2733.57
2733.43
2733.31
2733.19
2733.08
2732.97
2732.86
2749.9
2749.03
2748.21
2747.42
2746.69
2745.98
2745.33
2744.7
2744.12
2743.56
2743.03
2742.54
2742.06
2741.61
2741.19
2740.78
2740.4
2740.03
2739.67
2739.34
2739.02
2738.71
2738.42
2738.14
2737.87
2737.62
2737.38
2737.15
2736.93
2736.72
2736.52
2736.33
2736.16
2735.98
2735.82
2735.67
2735.52
2735.38
2735.24
2735.11
2734.99
2734.86
2752.65
2751.75
2750.91
2750.11
2749.36
2748.65
2747.98
2747.35
2746.76
2746.2
2745.68
2745.18
2744.7
2744.25
2743.82
2743.41
2743.01
2742.63
2742.27
2741.92
2741.58
2741.26
2740.95
2740.66
2740.37
2740.1
2739.84
2739.6
2739.36
2739.13
2738.92
2738.71
2738.52
2738.33
2738.16
2737.99
2737.83
2737.67
2737.53
2737.39
2737.25
2737.12
2755.51
2754.61
2753.76
2752.96
2752.2
2751.49
2750.82
2750.19
2749.59
2749.03
2748.49
2747.98
2747.5
2747.03
2746.58
2746.15
2745.74
2745.34
2744.96
2744.59
2744.24
2743.9
2743.58
2743.27
2742.97
2742.69
2742.42
2742.16
2741.92
2741.69
2741.46
2741.25
2741.05
2740.86
2740.68
2740.5
2740.34
2740.18
2740.04
2739.89
2739.75
2739.62
2758.44
2757.56
2756.71
2755.91
2755.16
2754.45
2753.77
2753.13
2752.52
2751.94
2751.39
2750.86
2750.35
2749.86
2749.39
2748.94
2748.51
2748.1
2747.7
2747.32
2746.96
2746.61
2746.28
2745.97
2745.67
2745.38
2745.11
2744.85
2744.6
2744.36
2744.14
2743.93
2743.73
2743.54
2743.35
2743.18
2743.02
2742.86
2742.72
2742.57
2742.43
2742.3
2761.43
2760.55
2759.71
2758.92
2758.16
2757.44
2756.75
2756.1
2755.48
2754.88
2754.31
2753.76
2753.23
2752.73
2752.24
2751.78
2751.34
2750.92
2750.51
2750.13
2749.77
2749.42
2749.09
2748.77
2748.47
2748.19
2747.92
2747.66
2747.41
2747.18
2746.96
2746.75
2746.55
2746.36
2746.18
2746.01
2745.85
2745.69
2745.55
2745.41
2745.27
2745.13
2764.45
2763.57
2762.73
2761.94
2761.18
2760.45
2759.76
2759.1
2758.46
2757.85
2757.27
2756.71
2756.18
2755.67
2755.18
2754.72
2754.27
2753.85
2753.45
2753.07
2752.7
2752.36
2752.03
2751.71
2751.41
2751.13
2750.86
2750.61
2750.36
2750.13
2749.91
2749.7
2749.51
2749.32
2749.14
2748.97
2748.81
2748.65
2748.5
2748.36
2748.23
2748.09
2767.45
2766.58
2765.74
2764.95
2764.18
2763.46
2762.76
2762.09
2761.46
2760.85
2760.27
2759.71
2759.18
2758.67
2758.19
2757.73
2757.29
2756.87
2756.47
2756.09
2755.73
2755.38
2755.06
2754.75
2754.45
2754.17
2753.9
2753.65
2753.4
2753.17
2752.96
2752.75
2752.55
2752.36
2752.18
2752.01
2751.85
2751.69
2751.55
2751.4
2751.26
2751.13
2770.47
2769.6
2768.77
2767.98
2767.22
2766.49
2765.8
2765.13
2764.5
2763.9
2763.32
2762.77
2762.24
2761.74
2761.26
2760.8
2760.37
2759.95
2759.56
2759.18
2758.83
2758.49
2758.16
2757.86
2757.56
2757.28
2757.02
2756.77
2756.53
2756.3
2756.08
2755.87
2755.67
2755.48
2755.3
2755.13
2754.97
2754.81
2754.66
2754.52
2754.38
2754.24
2773.49
2772.63
2771.81
2771.03
2770.27
2769.55
2768.87
2768.21
2767.58
2766.98
2766.41
2765.86
2765.34
2764.85
2764.38
2763.93
2763.5
2763.1
2762.71
2762.34
2761.99
2761.65
2761.33
2761.03
2760.74
2760.46
2760.19
2759.94
2759.7
2759.47
2759.25
2759.04
2758.85
2758.66
2758.47
2758.3
2758.14
2757.98
2757.83
2757.69
2757.55
2757.41
2776.48
2775.64
2774.83
2774.06
2773.32
2772.61
2771.93
2771.28
2770.67
2770.08
2769.52
2768.99
2768.48
2767.99
2767.53
2767.09
2766.67
2766.26
2765.88
2765.51
2765.16
2764.83
2764.51
2764.2
2763.91
2763.64
2763.37
2763.12
2762.88
2762.65
2762.44
2762.23
2762.03
2761.84
2761.66
2761.49
2761.33
2761.17
2761.02
2760.88
2760.74
2760.6
2779.39
2778.57
2777.79
2777.03
2776.3
2775.61
2774.95
2774.32
2773.72
2773.15
2772.6
2772.08
2771.57
2771.1
2770.64
2770.2
2769.78
2769.39
2769.01
2768.64
2768.3
2767.96
2767.65
2767.35
2767.06
2766.79
2766.53
2766.28
2766.04
2765.82
2765.6
2765.39
2765.2
2765.01
2764.83
2764.66
2764.5
2764.35
2764.2
2764.06
2763.92
2763.78
2782.2
2781.4
2780.63
2779.9
2779.2
2778.52
2777.88
2777.26
2776.67
2776.11
2775.57
2775.06
2774.56
2774.09
2773.64
2773.21
2772.8
2772.41
2772.04
2771.68
2771.34
2771.01
2770.7
2770.41
2770.13
2769.86
2769.6
2769.35
2769.12
2768.9
2768.69
2768.48
2768.29
2768.11
2767.93
2767.76
2767.6
2767.45
2767.31
2767.17
2767.03
2766.89
2784.85
2784.08
2783.33
2782.62
2781.94
2781.28
2780.65
2780.05
2779.48
2778.93
2778.4
2777.9
2777.42
2776.96
2776.52
2776.1
2775.7
2775.32
2774.95
2774.6
2774.27
2773.95
2773.65
2773.36
2773.08
2772.82
2772.57
2772.33
2772.1
2771.88
2771.67
2771.47
2771.28
2771.1
2770.93
2770.77
2770.61
2770.46
2770.32
2770.18
2770.05
2769.91
2787.33
2786.57
2785.85
2785.16
2784.5
2783.86
2783.25
2782.67
2782.11
2781.58
2781.06
2780.57
2780.11
2779.66
2779.23
2778.83
2778.44
2778.06
2777.71
2777.37
2777.04
2776.73
2776.44
2776.16
2775.89
2775.63
2775.39
2775.15
2774.93
2774.72
2774.51
2774.32
2774.13
2773.96
2773.79
2773.63
2773.48
2773.33
2773.19
2773.06
2772.93
2772.8
2789.62
2788.9
2788.2
2787.53
2786.89
2786.28
2785.69
2785.12
2784.58
2784.07
2783.57
2783.1
2782.64
2782.21
2781.8
2781.4
2781.02
2780.66
2780.32
2779.99
2779.67
2779.37
2779.09
2778.81
2778.55
2778.3
2778.07
2777.84
2777.62
2777.42
2777.22
2777.03
2776.85
2776.68
2776.52
2776.36
2776.22
2776.07
2775.94
2775.81
2775.68
2775.56
2791.77
2791.07
2790.4
2789.76
2789.14
2788.54
2787.97
2787.43
2786.91
2786.41
2785.93
2785.47
2785.03
2784.61
2784.21
2783.83
2783.46
2783.11
2782.78
2782.46
2782.16
2781.87
2781.59
2781.33
2781.07
2780.83
2780.6
2780.38
2780.17
2779.97
2779.78
2779.6
2779.43
2779.26
2779.11
2778.96
2778.81
2778.68
2778.55
2778.42
2778.3
2778.17
2793.8
2793.13
2792.48
2791.86
2791.27
2790.7
2790.15
2789.63
2789.12
2788.64
2788.18
2787.74
2787.32
2786.91
2786.53
2786.16
2785.8
2785.47
2785.14
2784.84
2784.54
2784.26
2783.99
2783.74
2783.49
2783.26
2783.04
2782.83
2782.63
2782.43
2782.25
2782.07
2781.91
2781.75
2781.59
2781.45
2781.31
2781.18
2781.05
2780.93
2780.81
2780.69
2795.71
2795.07
2794.45
2793.85
2793.28
2792.73
2792.21
2791.71
2791.22
2790.76
2790.32
2789.9
2789.49
2789.1
2788.73
2788.38
2788.04
2787.71
2787.4
2787.11
2786.83
2786.56
2786.3
2786.05
2785.82
2785.59
2785.38
2785.17
2784.98
2784.79
2784.61
2784.44
2784.28
2784.13
2783.98
2783.84
2783.71
2783.58
2783.46
2783.34
2783.23
2783.11
2797.51
2796.89
2796.3
2795.74
2795.19
2794.67
2794.17
2793.69
2793.23
2792.79
2792.36
2791.96
2791.57
2791.2
2790.85
2790.51
2790.18
2789.87
2789.58
2789.29
2789.02
2788.76
2788.52
2788.28
2788.05
2787.84
2787.63
2787.44
2787.25
2787.07
2786.9
2786.74
2786.58
2786.43
2786.29
2786.16
2786.03
2785.9
2785.79
2785.67
2785.56
2785.45
2799.19
2798.6
2798.04
2797.5
2796.98
2796.48
2796.01
2795.55
2795.11
2794.69
2794.28
2793.9
2793.53
2793.18
2792.84
2792.52
2792.21
2791.91
2791.63
2791.36
2791.1
2790.86
2790.62
2790.4
2790.18
2789.97
2789.78
2789.59
2789.41
2789.24
2789.08
2788.92
2788.77
2788.63
2788.49
2788.36
2788.24
2788.12
2788.01
2787.9
2787.8
2787.69
2800.75
2800.2
2799.66
2799.15
2798.66
2798.18
2797.73
2797.29
2796.87
2796.47
2796.09
2795.72
2795.37
2795.04
2794.72
2794.41
2794.12
2793.83
2793.57
2793.31
2793.06
2792.83
2792.6
2792.39
2792.18
2791.99
2791.8
2791.62
2791.45
2791.29
2791.13
2790.98
2790.84
2790.71
2790.58
2790.45
2790.34
2790.22
2790.12
2790.01
2789.91
2789.81
2802.18
2801.65
2801.14
2800.65
2800.18
2799.73
2799.3
2798.89
2798.49
2798.11
2797.75
2797.4
2797.07
2796.75
2796.44
2796.15
2795.87
2795.61
2795.35
2795.11
2794.87
2794.65
2794.44
2794.23
2794.04
2793.85
2793.68
2793.5
2793.34
2793.19
2793.04
2792.9
2792.76
2792.63
2792.51
2792.39
2792.28
2792.18
2792.07
2791.98
2791.88
2791.78
2803.47
2802.97
2802.48
2802.02
2801.58
2801.15
2800.74
2800.35
2799.97
2799.61
2799.27
2798.94
2798.62
2798.32
2798.03
2797.75
2797.48
2797.23
2796.99
2796.76
2796.53
2796.32
2796.12
2795.92
2795.74
2795.56
2795.39
2795.23
2795.08
2794.93
2794.79
2794.66
2794.53
2794.41
2794.29
2794.18
2794.07
2793.97
2793.87
2793.78
2793.69
2793.6
2804.6
2804.13
2803.67
2803.23
2802.81
2802.41
2802.02
2801.65
2801.29
2800.95
2800.63
2800.31
2800.01
2799.73
2799.45
2799.19
2798.93
2798.69
2798.46
2798.24
2798.03
2797.83
2797.64
2797.46
2797.28
2797.11
2796.95
2796.8
2796.65
2796.51
2796.38
2796.26
2796.13
2796.02
2795.91
2795.8
2795.7
2795.61
2795.52
2795.43
2795.34
2795.26
2805.6
2805.16
2804.72
2804.31
2803.91
2803.53
2803.16
2802.81
2802.47
2802.15
2801.84
2801.54
2801.26
2800.99
2800.72
2800.47
2800.24
2800.01
2799.79
2799.58
2799.38
2799.19
2799.01
2798.83
2798.67
2798.51
2798.36
2798.21
2798.07
2797.94
2797.82
2797.7
2797.58
2797.48
2797.37
2797.27
2797.18
2797.09
2797
2796.92
2796.84
2796.75
2806.46
2806.04
2805.63
2805.24
2804.87
2804.51
2804.16
2803.83
2803.51
2803.21
2802.92
2802.64
2802.37
2802.11
2801.87
2801.63
2801.41
2801.19
2800.99
2800.79
2800.6
2800.42
2800.25
2800.08
2799.93
2799.78
2799.64
2799.5
2799.37
2799.24
2799.13
2799.01
2798.91
2798.8
2798.71
2798.61
2798.52
2798.44
2798.36
2798.28
2798.2
2798.13
2807.22
2806.83
2806.44
2806.07
2805.72
2805.38
2805.05
2804.74
2804.44
2804.16
2803.88
2803.62
2803.36
2803.12
2802.89
2802.67
2802.46
2802.25
2802.06
2801.88
2801.7
2801.53
2801.37
2801.21
2801.06
2800.92
2800.79
2800.66
2800.54
2800.42
2800.31
2800.2
2800.1
2800
2799.91
2799.82
2799.74
2799.66
2799.58
2799.51
2799.44
2799.37
2808.29
2807.89
2807.52
2807.16
2806.81
2806.48
2806.16
2805.85
2805.56
2805.27
2805.01
2804.75
2804.5
2804.27
2804.04
2803.82
2803.61
2803.42
2803.22
2803.04
2802.87
2802.7
2802.54
2802.39
2802.24
2802.1
2801.97
2801.85
2801.72
2801.61
2801.5
2801.39
2801.29
2801.2
2801.11
2801.02
2800.94
2800.86
2800.78
2800.71
2800.64
2800.58
2800.51
2808.86
2808.48
2808.13
2807.79
2807.46
2807.14
2806.84
2806.55
2806.27
2806.01
2805.75
2805.51
2805.28
2805.06
2804.85
2804.64
2804.45
2804.26
2804.08
2803.91
2803.75
2803.59
2803.44
2803.3
2803.16
2803.03
2802.9
2802.79
2802.67
2802.56
2802.46
2802.36
2802.27
2802.18
2802.09
2802.01
2801.93
2801.86
2801.79
2801.72
2801.65
2801.59
2801.53
2809.32
2808.97
2808.63
2808.31
2808
2807.71
2807.42
2807.15
2806.89
2806.64
2806.4
2806.18
2805.96
2805.75
2805.55
2805.36
2805.17
2805
2804.83
2804.67
2804.51
2804.37
2804.23
2804.09
2803.96
2803.84
2803.72
2803.61
2803.51
2803.4
2803.31
2803.21
2803.13
2803.04
2802.96
2802.88
2802.81
2802.74
2802.68
2802.61
2802.55
2802.49
2802.43
2809.63
2809.3
2808.99
2808.68
2808.39
2808.12
2807.85
2807.59
2807.35
2807.12
2806.89
2806.68
2806.47
2806.28
2806.09
2805.91
2805.74
2805.57
2805.41
2805.26
2805.12
2804.98
2804.85
2804.73
2804.61
2804.49
2804.38
2804.28
2804.18
2804.08
2803.99
2803.91
2803.82
2803.74
2803.67
2803.6
2803.53
2803.46
2803.4
2803.34
2803.29
2803.23
2803.17
2809.79
2809.48
2809.19
2808.91
2808.64
2808.38
2808.13
2807.89
2807.67
2807.45
2807.24
2807.04
2806.85
2806.67
2806.49
2806.33
2806.17
2806.01
2805.87
2805.73
2805.6
2805.47
2805.35
2805.23
2805.12
2805.02
2804.92
2804.82
2804.73
2804.64
2804.56
2804.48
2804.4
2804.33
2804.26
2804.2
2804.13
2804.07
2804.02
2803.96
2803.91
2803.86
2803.81
2810.17
2809.88
2809.59
2809.32
2809.06
2808.81
2808.57
2808.34
2808.13
2807.92
2807.72
2807.53
2807.34
2807.17
2807
2806.84
2806.69
2806.54
2806.4
2806.27
2806.14
2806.02
2805.9
2805.79
2805.68
2805.58
2805.48
2805.39
2805.3
2805.22
2805.14
2805.06
2804.99
2804.92
2804.85
2804.79
2804.73
2804.67
2804.61
2804.56
2804.51
2804.46
2804.41
2804.37
2810.26
2809.99
2809.73
2809.49
2809.25
2809.03
2808.81
2808.61
2808.41
2808.23
2808.05
2807.88
2807.71
2807.56
2807.4
2807.26
2807.12
2806.99
2806.87
2806.74
2806.63
2806.52
2806.41
2806.31
2806.22
2806.12
2806.04
2805.95
2805.87
2805.8
2805.72
2805.65
2805.59
2805.52
2805.46
2805.41
2805.35
2805.3
2805.25
2805.2
2805.16
2805.11
2805.07
2805.03
2810.55
2810.32
2810.09
2809.88
2809.68
2809.48
2809.29
2809.12
2808.95
2808.78
2808.63
2808.48
2808.34
2808.2
2808.07
2807.94
2807.82
2807.71
2807.6
2807.49
2807.39
2807.3
2807.2
2807.12
2807.03
2806.95
2806.88
2806.8
2806.73
2806.67
2806.6
2806.54
2806.48
2806.43
2806.38
2806.32
2806.28
2806.23
2806.19
2806.14
2806.1
2806.07
2806.03
2805.99
2811.33
2811.14
2810.95
2810.78
2810.61
2810.45
2810.29
2810.14
2810
2809.87
2809.73
2809.61
2809.49
2809.38
2809.27
2809.16
2809.06
2808.96
2808.87
2808.78
2808.7
2808.62
2808.54
2808.47
2808.4
2808.33
2808.26
2808.2
2808.14
2808.09
2808.03
2807.98
2807.93
2807.89
2807.84
2807.8
2807.76
2807.72
2807.68
2807.65
2807.61
2807.58
2807.55
2807.52
2812.82
2812.67
2812.52
2812.38
2812.25
2812.12
2812
2811.88
2811.76
2811.65
2811.54
2811.44
2811.34
2811.25
2811.16
2811.07
2810.99
2810.91
2810.83
2810.76
2810.69
2810.62
2810.55
2810.49
2810.43
2810.38
2810.32
2810.27
2810.22
2810.17
2810.13
2810.08
2810.04
2810
2809.97
2809.93
2809.89
2809.86
2809.83
2809.8
2809.77
2809.74
2809.72
2809.69
2814.75
2814.62
2814.48
2814.35
2814.23
2814.11
2813.99
2813.88
2813.77
2813.67
2813.57
2813.47
2813.37
2813.28
2813.2
2813.11
2813.03
2812.96
2812.88
2812.81
2812.74
2812.68
2812.62
2812.56
2812.5
2812.44
2812.39
2812.34
2812.29
2812.25
2812.2
2812.16
2812.12
2812.08
2812.04
2812.01
2811.98
2811.94
2811.91
2811.88
2811.86
2811.83
2811.8
2811.78
2816.27
2816.12
2815.97
2815.82
2815.68
2815.54
2815.41
2815.28
2815.16
2815.04
2814.93
2814.82
2814.72
2814.62
2814.52
2814.43
2814.34
2814.25
2814.17
2814.09
2814.02
2813.95
2813.88
2813.81
2813.75
2813.69
2813.63
2813.57
2813.52
2813.47
2813.42
2813.38
2813.33
2813.29
2813.25
2813.21
2813.17
2813.14
2813.11
2813.07
2813.04
2813.01
2812.98
2812.95
2816.89
2816.7
2816.52
2816.34
2816.18
2816.02
2815.86
2815.72
2815.58
2815.44
2815.32
2815.19
2815.08
2814.96
2814.85
2814.75
2814.65
2814.56
2814.47
2814.38
2814.3
2814.22
2814.14
2814.07
2814
2813.93
2813.87
2813.8
2813.75
2813.69
2813.64
2813.59
2813.54
2813.49
2813.45
2813.41
2813.37
2813.33
2813.29
2813.26
2813.22
2813.19
2813.16
2813.13
2816.86
2816.64
2816.43
2816.22
2816.02
2815.83
2815.65
2815.48
2815.31
2815.15
2814.99
2814.85
2814.71
2814.57
2814.44
2814.32
2814.2
2814.08
2813.98
2813.87
2813.77
2813.68
2813.59
2813.5
2813.42
2813.34
2813.27
2813.2
2813.13
2813.06
2813
2812.94
2812.89
2812.83
2812.78
2812.73
2812.69
2812.64
2812.6
2812.56
2812.52
2812.48
2812.45
2812.41
2816.17
2815.89
2815.63
2815.38
2815.14
2814.91
2814.69
2814.48
2814.28
2814.09
2813.9
2813.73
2813.56
2813.4
2813.25
2813.1
2812.96
2812.83
2812.7
2812.58
2812.46
2812.35
2812.25
2812.15
2812.05
2811.96
2811.87
2811.79
2811.71
2811.63
2811.56
2811.49
2811.43
2811.36
2811.3
2811.25
2811.19
2811.14
2811.09
2811.05
2811
2810.96
2810.92
2810.87
2814.8
2814.49
2814.2
2813.92
2813.65
2813.4
2813.15
2812.92
2812.7
2812.49
2812.29
2812.1
2811.91
2811.74
2811.57
2811.41
2811.25
2811.11
2810.97
2810.83
2810.71
2810.59
2810.47
2810.36
2810.26
2810.16
2810.06
2809.97
2809.88
2809.8
2809.72
2809.65
2809.57
2809.51
2809.44
2809.38
2809.32
2809.26
2809.21
2809.16
2809.11
2809.06
2809.02
2808.97
2813.72
2813.4
2813.09
2812.8
2812.52
2812.25
2812
2811.76
2811.53
2811.3
2811.09
2810.89
2810.7
2810.52
2810.34
2810.17
2810.01
2809.86
2809.72
2809.58
2809.45
2809.32
2809.2
2809.09
2808.98
2808.87
2808.77
2808.68
2808.59
2808.5
2808.42
2808.34
2808.27
2808.2
2808.13
2808.07
2808.01
2807.95
2807.89
2807.84
2807.79
2807.74
2807.69
2807.65
2812.64
2812.34
2812.05
2811.78
2811.52
2811.27
2811.03
2810.8
2810.58
2810.37
2810.17
2809.98
2809.8
2809.63
2809.46
2809.31
2809.15
2809.01
2808.87
2808.74
2808.61
2808.49
2808.38
2808.27
2808.17
2808.07
2807.97
2807.88
2807.79
2807.71
2807.63
2807.56
2807.49
2807.42
2807.35
2807.29
2807.23
2807.17
2807.12
2807.07
2807.02
2806.97
2806.93
2806.88
2812.1
2811.79
2811.49
2811.21
2810.94
2810.68
2810.43
2810.2
2809.98
2809.77
2809.56
2809.37
2809.19
2809.01
2808.85
2808.69
2808.54
2808.39
2808.25
2808.12
2808
2807.88
2807.77
2807.66
2807.56
2807.46
2807.37
2807.28
2807.19
2807.11
2807.04
2806.96
2806.89
2806.83
2806.77
2806.71
2806.65
2806.59
2806.54
2806.49
2806.45
2806.4
2806.36
2806.31
2811.41
2811.13
2810.87
2810.62
2810.38
2810.15
2809.93
2809.72
2809.52
2809.33
2809.15
2808.97
2808.81
2808.65
2808.49
2808.35
2808.21
2808.08
2807.95
2807.83
2807.71
2807.6
2807.49
2807.39
2807.3
2807.21
2807.12
2807.03
2806.95
2806.88
2806.8
2806.74
2806.67
2806.61
2806.55
2806.49
2806.43
2806.38
2806.33
2806.28
2806.24
2806.2
2806.15
2806.11
2806.07
2806.27
2806.84
2807.6
2808.93
2810.83
2812.38
2813.1
2812.93
2811.75
2809.66
2807.49
2805.95
2804.98
2804.32
2803.76
2803.12
2802.37
2801.46
2800.44
2799.3
2798.05
2796.68
2795.17
2793.51
2791.69
2789.71
2787.59
2785.35
2783
2780.58
2778.05
2775.43
2772.67
2769.78
2766.76
2763.65
2760.46
2757.27
2754.1
2750.99
2747.96
2745
2742.16
2739.48
2736.99
2734.74
2732.75
2730.93
2729.37
2728.38
2727.96
2727.82
2727.91
2728.41
2729.29
2730.46
2731.81
2733.25
2734.77
2736.3
2737.87
2739.72
2741.21
2742.67
2744.68
2747.17
2749.81
2752
2754.55
2757.12
2759.62
2762.2
2764.81
2767.36
2769.69
2771.66
2773.92
2776.12
2777.86
2779.27
2781.18
2782.29
2783.58
2785.04
2786.01
2787.11
2788.14
2789.22
2790.42
2791.66
2792.71
2793.74
2794.78
2795.88
2796.93
2797.98
2798.95
2799.81
2800
2800.59
2800.99
2801.19
2801.41
2801.84
2801.88
2801.95
2802.36
2802.33
2802.76
2803.66
2805.42
2806.78
2809.48
2813.25
2818.5
2824.19
2832.36
2845.98
2806.03
2806.23
2806.79
2807.55
2808.88
2810.79
2812.34
2813.07
2812.9
2811.72
2809.64
2807.45
2805.92
2804.94
2804.27
2803.7
2803.07
2802.31
2801.4
2800.38
2799.22
2797.98
2796.6
2795.09
2793.42
2791.6
2789.61
2787.49
2785.24
2782.89
2780.46
2777.93
2775.31
2772.54
2769.65
2766.63
2763.51
2760.33
2757.13
2753.97
2750.86
2747.82
2744.87
2742.03
2739.35
2736.86
2734.62
2732.64
2730.83
2729.28
2728.28
2727.87
2727.74
2727.84
2728.35
2729.23
2730.41
2731.76
2733.2
2734.73
2736.25
2737.82
2739.67
2741.18
2742.65
2744.68
2747.16
2749.8
2751.93
2754.55
2757.09
2759.59
2762.18
2764.77
2767.3
2769.67
2771.68
2773.83
2776.02
2777.8
2779.24
2781.13
2782.2
2783.68
2784.98
2785.85
2787
2788.3
2789.37
2790.54
2791.65
2792.72
2793.75
2794.78
2795.88
2796.93
2798.01
2798.98
2799.82
2800.13
2800.51
2800.83
2801.15
2801.51
2801.78
2801.79
2801.84
2802.26
2802.2
2802.89
2803.77
2805.25
2806.61
2809.35
2812.98
2818.42
2824.47
2832.24
2846.15
2805.99
2806.18
2806.75
2807.51
2808.84
2810.75
2812.31
2813.03
2812.87
2811.7
2809.61
2807.42
2805.88
2804.9
2804.23
2803.65
2803.01
2802.26
2801.34
2800.31
2799.15
2797.9
2796.51
2795
2793.33
2791.5
2789.51
2787.38
2785.13
2782.77
2780.34
2777.81
2775.18
2772.41
2769.52
2766.49
2763.37
2760.19
2756.99
2753.83
2750.72
2747.69
2744.73
2741.9
2739.21
2736.72
2734.5
2732.53
2730.73
2729.18
2728.18
2727.77
2727.66
2727.77
2728.28
2729.18
2730.35
2731.71
2733.16
2734.69
2736.21
2737.76
2739.62
2741.15
2742.66
2744.69
2747.16
2749.79
2751.87
2754.55
2757.06
2759.57
2762.15
2764.73
2767.23
2769.64
2771.73
2773.75
2775.9
2777.73
2779.25
2781.02
2782.14
2783.77
2784.85
2785.77
2786.93
2788.4
2789.57
2790.69
2791.64
2792.72
2793.75
2794.81
2795.89
2796.96
2798.01
2798.94
2799.65
2800.34
2800.55
2800.87
2801.17
2801.6
2801.7
2801.7
2801.72
2802.11
2802.07
2802.91
2803.89
2805.03
2806.6
2809.45
2812.86
2818.11
2824.63
2832.36
2845.98
2805.94
2806.14
2806.7
2807.46
2808.79
2810.71
2812.27
2813
2812.84
2811.67
2809.58
2807.39
2805.84
2804.85
2804.18
2803.6
2802.95
2802.19
2801.27
2800.24
2799.08
2797.82
2796.43
2794.91
2793.23
2791.4
2789.41
2787.27
2785.01
2782.65
2780.22
2777.68
2775.05
2772.27
2769.38
2766.35
2763.23
2760.04
2756.85
2753.68
2750.58
2747.55
2744.59
2741.76
2739.07
2736.58
2734.37
2732.42
2730.63
2729.08
2728.08
2727.67
2727.57
2727.7
2728.22
2729.12
2730.3
2731.66
2733.12
2734.65
2736.17
2737.71
2739.57
2741.14
2742.68
2744.72
2747.17
2749.76
2751.81
2754.54
2757.03
2759.55
2762.13
2764.68
2767.15
2769.6
2771.79
2773.7
2775.78
2777.66
2779.3
2780.89
2782.12
2783.78
2784.72
2785.8
2786.96
2788.35
2789.54
2790.6
2791.65
2792.73
2793.76
2794.82
2795.91
2796.97
2798.03
2798.96
2799.67
2800.41
2800.71
2800.97
2801.28
2801.61
2801.62
2801.66
2801.67
2802.01
2802.04
2802.8
2803.94
2804.91
2806.77
2809.75
2812.93
2817.65
2824.51
2832.7
2845.39
2805.9
2806.09
2806.65
2807.41
2808.74
2810.66
2812.23
2812.97
2812.81
2811.64
2809.55
2807.36
2805.8
2804.81
2804.13
2803.54
2802.89
2802.13
2801.2
2800.16
2799
2797.74
2796.34
2794.82
2793.13
2791.3
2789.3
2787.15
2784.89
2782.53
2780.09
2777.55
2774.91
2772.13
2769.23
2766.2
2763.08
2759.89
2756.7
2753.53
2750.43
2747.4
2744.45
2741.61
2738.93
2736.44
2734.23
2732.3
2730.53
2728.98
2727.97
2727.57
2727.48
2727.63
2728.15
2729.06
2730.25
2731.61
2733.07
2734.61
2736.13
2737.66
2739.51
2741.13
2742.73
2744.77
2747.17
2749.72
2751.75
2754.53
2757
2759.52
2762.1
2764.64
2767.07
2769.55
2771.86
2773.7
2775.68
2777.62
2779.4
2780.77
2782.15
2783.7
2784.64
2785.93
2787.07
2788.2
2789.39
2790.46
2791.67
2792.73
2793.78
2794.85
2795.94
2797.01
2798.03
2799.02
2799.77
2800.34
2800.82
2801.11
2801.38
2801.55
2801.61
2801.72
2801.74
2802
2802.11
2802.62
2803.88
2804.93
2807.04
2810.15
2813.2
2817.22
2824.06
2832.98
2844.65
2805.85
2806.04
2806.6
2807.35
2808.69
2810.61
2812.19
2812.93
2812.77
2811.61
2809.52
2807.32
2805.76
2804.76
2804.07
2803.48
2802.83
2802.06
2801.13
2800.09
2798.92
2797.65
2796.25
2794.72
2793.03
2791.19
2789.18
2787.03
2784.77
2782.4
2779.96
2777.41
2774.77
2771.98
2769.08
2766.05
2762.93
2759.73
2756.54
2753.37
2750.27
2747.25
2744.3
2741.46
2738.77
2736.29
2734.09
2732.18
2730.42
2728.88
2727.87
2727.46
2727.39
2727.55
2728.08
2729
2730.19
2731.56
2733.03
2734.57
2736.09
2737.62
2739.46
2741.13
2742.8
2744.83
2747.16
2749.67
2751.7
2754.51
2756.96
2759.5
2762.07
2764.6
2767.01
2769.49
2771.92
2773.76
2775.62
2777.6
2779.5
2780.68
2782.25
2783.58
2784.64
2786.08
2787.16
2788.08
2789.29
2790.47
2791.66
2792.75
2793.8
2794.87
2795.96
2797.03
2798.04
2799.03
2799.84
2800.26
2800.84
2801.13
2801.38
2801.48
2801.69
2801.86
2801.9
2802.15
2802.28
2802.45
2803.72
2805.15
2807.25
2810.28
2813.54
2817.11
2823.48
2832.8
2844.47
2805.8
2805.99
2806.54
2807.3
2808.64
2810.56
2812.14
2812.89
2812.74
2811.58
2809.49
2807.28
2805.71
2804.71
2804.02
2803.42
2802.76
2801.99
2801.05
2800.01
2798.83
2797.56
2796.15
2794.62
2792.92
2791.07
2789.06
2786.91
2784.64
2782.26
2779.81
2777.26
2774.61
2771.83
2768.92
2765.89
2762.76
2759.57
2756.37
2753.21
2750.11
2747.09
2744.14
2741.3
2738.62
2736.13
2733.95
2732.05
2730.31
2728.77
2727.76
2727.35
2727.3
2727.47
2728
2728.93
2730.13
2731.5
2732.98
2734.52
2736.05
2737.57
2739.4
2741.13
2742.88
2744.9
2747.15
2749.6
2751.66
2754.49
2756.93
2759.48
2762.04
2764.57
2766.97
2769.43
2771.94
2773.87
2775.63
2777.61
2779.56
2780.66
2782.35
2783.44
2784.73
2786.09
2787.12
2788.1
2789.3
2790.59
2791.66
2792.75
2793.82
2794.89
2795.98
2797.06
2798.05
2799.04
2799.84
2800.23
2800.74
2801.08
2801.33
2801.48
2801.81
2801.97
2802.05
2802.36
2802.43
2802.46
2803.56
2805.43
2807.16
2809.99
2813.59
2817.54
2823.15
2832.15
2845.07
2805.75
2805.93
2806.49
2807.24
2808.58
2810.51
2812.1
2812.85
2812.7
2811.55
2809.45
2807.24
2805.67
2804.65
2803.96
2803.36
2802.69
2801.91
2800.97
2799.92
2798.74
2797.46
2796.05
2794.51
2792.81
2790.95
2788.94
2786.78
2784.5
2782.12
2779.67
2777.11
2774.46
2771.66
2768.76
2765.72
2762.59
2759.39
2756.2
2753.03
2749.94
2746.92
2743.97
2741.14
2738.45
2735.97
2733.79
2731.91
2730.19
2728.67
2727.64
2727.23
2727.19
2727.38
2727.93
2728.86
2730.07
2731.44
2732.92
2734.48
2736.02
2737.53
2739.35
2741.14
2742.97
2744.97
2747.13
2749.52
2751.63
2754.46
2756.89
2759.46
2762.02
2764.54
2766.96
2769.37
2771.91
2773.98
2775.72
2777.64
2779.55
2780.73
2782.4
2783.35
2784.86
2785.97
2787
2788.19
2789.39
2790.63
2791.67
2792.76
2793.83
2794.9
2795.99
2797.08
2798.09
2799.07
2799.81
2800.32
2800.7
2801.02
2801.29
2801.54
2801.85
2801.94
2802.02
2802.41
2802.38
2802.72
2803.58
2805.46
2806.76
2809.47
2813.24
2818.06
2823.47
2831.54
2845.22
2805.69
2805.87
2806.43
2807.18
2808.52
2810.46
2812.05
2812.81
2812.66
2811.51
2809.42
2807.2
2805.62
2804.6
2803.89
2803.29
2802.62
2801.84
2800.89
2799.83
2798.65
2797.36
2795.94
2794.4
2792.69
2790.83
2788.8
2786.64
2784.36
2781.97
2779.51
2776.95
2774.29
2771.49
2768.58
2765.54
2762.41
2759.21
2756.01
2752.85
2749.76
2746.74
2743.8
2740.97
2738.28
2735.8
2733.63
2731.77
2730.07
2728.55
2727.53
2727.11
2727.09
2727.29
2727.85
2728.79
2730
2731.38
2732.87
2734.43
2735.98
2737.5
2739.3
2741.15
2743.07
2745.03
2747.1
2749.42
2751.62
2754.42
2756.86
2759.44
2761.99
2764.53
2766.99
2769.33
2771.83
2774.06
2775.86
2777.69
2779.46
2780.87
2782.37
2783.36
2784.91
2785.81
2786.93
2788.22
2789.42
2790.56
2791.67
2792.77
2793.84
2794.9
2795.99
2797.08
2798.12
2799.09
2799.82
2800.38
2800.76
2801.04
2801.31
2801.63
2801.77
2801.8
2801.83
2802.21
2802.16
2802.91
2803.78
2805.17
2806.37
2809.07
2812.78
2818.02
2824.03
2831.53
2844.58
2805.63
2805.81
2806.36
2807.11
2808.46
2810.4
2812
2812.77
2812.62
2811.47
2809.38
2807.15
2805.56
2804.54
2803.83
2803.22
2802.54
2801.75
2800.8
2799.74
2798.55
2797.26
2795.83
2794.28
2792.56
2790.69
2788.67
2786.49
2784.2
2781.81
2779.35
2776.78
2774.11
2771.31
2768.4
2765.35
2762.22
2759.02
2755.82
2752.66
2749.57
2746.56
2743.62
2740.79
2738.1
2735.62
2733.47
2731.62
2729.94
2728.44
2727.4
2726.99
2726.98
2727.2
2727.76
2728.72
2729.94
2731.31
2732.81
2734.38
2735.95
2737.46
2739.24
2741.16
2743.15
2745.07
2747.05
2749.32
2751.61
2754.37
2756.83
2759.41
2761.96
2764.53
2767.04
2769.32
2771.7
2774.06
2775.99
2777.72
2779.32
2780.98
2782.26
2783.47
2784.83
2785.74
2786.95
2788.15
2789.36
2790.5
2791.67
2792.78
2793.84
2794.9
2795.98
2797.09
2798.17
2799.11
2799.86
2800.39
2800.82
2801.12
2801.39
2801.63
2801.68
2801.72
2801.71
2802.01
2802.04
2802.81
2803.88
2804.88
2806.38
2809.21
2812.57
2817.44
2823.99
2831.99
2843.92
2805.57
2805.75
2806.3
2807.04
2808.39
2810.34
2811.95
2812.72
2812.58
2811.43
2809.34
2807.11
2805.51
2804.48
2803.76
2803.14
2802.46
2801.67
2800.71
2799.64
2798.44
2797.14
2795.71
2794.15
2792.43
2790.55
2788.52
2786.34
2784.04
2781.65
2779.18
2776.6
2773.93
2771.12
2768.2
2765.15
2762.02
2758.82
2755.62
2752.46
2749.37
2746.37
2743.43
2740.6
2737.91
2735.44
2733.29
2731.46
2729.8
2728.32
2727.28
2726.85
2726.86
2727.1
2727.68
2728.64
2729.86
2731.24
2732.75
2734.33
2735.92
2737.43
2739.19
2741.16
2743.22
2745.09
2746.99
2749.21
2751.62
2754.31
2756.8
2759.38
2761.93
2764.53
2767.1
2769.33
2771.55
2773.97
2776.03
2777.69
2779.17
2781
2782.11
2783.58
2784.67
2785.83
2787.02
2788.1
2789.32
2790.52
2791.67
2792.78
2793.84
2794.91
2795.99
2797.11
2798.2
2799.12
2799.89
2800.38
2800.84
2801.16
2801.42
2801.58
2801.72
2801.83
2801.82
2802.04
2802.16
2802.57
2803.76
2804.89
2806.77
2809.74
2812.81
2816.83
2823.41
2832.03
2843.84
2805.5
2805.68
2806.23
2806.97
2808.32
2810.28
2811.89
2812.67
2812.54
2811.39
2809.3
2807.06
2805.45
2804.41
2803.69
2803.06
2802.37
2801.58
2800.61
2799.54
2798.33
2797.03
2795.59
2794.02
2792.29
2790.41
2788.36
2786.18
2783.88
2781.47
2778.99
2776.41
2773.74
2770.92
2768
2764.95
2761.81
2758.61
2755.41
2752.24
2749.16
2746.16
2743.24
2740.41
2737.72
2735.25
2733.11
2731.3
2729.66
2728.19
2727.15
2726.72
2726.74
2727
2727.58
2728.56
2729.79
2731.17
2732.68
2734.28
2735.88
2737.4
2739.14
2741.14
2743.25
2745.07
2746.92
2749.11
2751.64
2754.24
2756.77
2759.35
2761.9
2764.53
2767.14
2769.36
2771.43
2773.8
2775.95
2777.62
2779.06
2780.9
2781.99
2783.6
2784.54
2785.97
2787.04
2788.1
2789.31
2790.55
2791.67
2792.78
2793.84
2794.93
2796
2797.13
2798.22
2799.15
2799.9
2800.39
2800.82
2801.14
2801.4
2801.58
2801.82
2801.97
2802.02
2802.26
2802.36
2802.48
2803.58
2805.17
2806.99
2809.91
2813.19
2816.79
2822.87
2831.53
2843.95
2805.44
2805.61
2806.16
2806.9
2808.25
2810.21
2811.84
2812.62
2812.49
2811.35
2809.25
2807.01
2805.39
2804.34
2803.61
2802.98
2802.28
2801.48
2800.51
2799.43
2798.21
2796.9
2795.46
2793.88
2792.14
2790.25
2788.2
2786.01
2783.7
2781.29
2778.8
2776.22
2773.53
2770.72
2767.79
2764.73
2761.59
2758.38
2755.18
2752.02
2748.94
2745.95
2743.03
2740.2
2737.52
2735.05
2732.92
2731.12
2729.51
2728.07
2727.02
2726.58
2726.61
2726.89
2727.49
2728.48
2729.71
2731.1
2732.62
2734.21
2735.84
2737.37
2739.09
2741.09
2743.22
2745
2746.83
2749.02
2751.67
2754.17
2756.74
2759.31
2761.87
2764.5
2767.13
2769.4
2771.39
2773.61
2775.77
2777.53
2779.07
2780.72
2781.99
2783.49
2784.57
2785.95
2786.96
2788.12
2789.31
2790.54
2791.68
2792.78
2793.86
2794.96
2796.04
2797.2
2798.2
2799.17
2799.93
2800.43
2800.84
2801.13
2801.4
2801.63
2801.83
2801.95
2802.02
2802.34
2802.36
2802.64
2803.56
2805.31
2806.78
2809.56
2813.15
2817.21
2822.9
2831.07
2843.66
2805.36
2805.54
2806.08
2806.82
2808.17
2810.14
2811.78
2812.57
2812.44
2811.3
2809.21
2806.95
2805.33
2804.27
2803.53
2802.89
2802.19
2801.38
2800.4
2799.31
2798.09
2796.77
2795.32
2793.73
2791.99
2790.09
2788.03
2785.83
2783.51
2781.1
2778.6
2776.01
2773.32
2770.5
2767.56
2764.5
2761.36
2758.15
2754.95
2751.79
2748.71
2745.73
2742.82
2739.99
2737.31
2734.84
2732.71
2730.94
2729.36
2727.94
2726.89
2726.43
2726.47
2726.78
2727.39
2728.39
2729.63
2731.02
2732.54
2734.15
2735.8
2737.34
2739.04
2741.02
2743.14
2744.88
2746.73
2748.95
2751.68
2754.1
2756.71
2759.26
2761.83
2764.45
2767.06
2769.41
2771.44
2773.48
2775.56
2777.47
2779.2
2780.58
2782.11
2783.33
2784.7
2785.81
2786.91
2788.11
2789.31
2790.52
2791.68
2792.8
2793.89
2795
2796.09
2797.26
2798.23
2799.2
2799.95
2800.46
2800.87
2801.17
2801.43
2801.66
2801.78
2801.86
2801.89
2802.2
2802.21
2802.79
2803.68
2805.13
2806.44
2809.14
2812.76
2817.31
2823.19
2831.01
2843.21
2805.29
2805.46
2806
2806.73
2808.09
2810.06
2811.71
2812.51
2812.39
2811.26
2809.16
2806.9
2805.26
2804.19
2803.45
2802.8
2802.09
2801.27
2800.29
2799.19
2797.96
2796.64
2795.17
2793.58
2791.83
2789.92
2787.85
2785.64
2783.32
2780.89
2778.39
2775.79
2773.09
2770.26
2767.32
2764.26
2761.12
2757.91
2754.7
2751.54
2748.47
2745.49
2742.59
2739.77
2737.09
2734.62
2732.5
2730.75
2729.2
2727.8
2726.75
2726.28
2726.33
2726.66
2727.29
2728.3
2729.55
2730.94
2732.47
2734.07
2735.74
2737.31
2738.98
2740.91
2742.98
2744.71
2746.62
2748.9
2751.68
2754.03
2756.68
2759.21
2761.79
2764.38
2766.93
2769.37
2771.58
2773.49
2775.43
2777.46
2779.36
2780.58
2782.25
2783.26
2784.71
2785.74
2786.93
2788.09
2789.29
2790.51
2791.69
2792.82
2793.92
2795.01
2796.1
2797.26
2798.28
2799.22
2799.98
2800.48
2800.9
2801.2
2801.46
2801.65
2801.79
2801.88
2801.85
2802.09
2802.16
2802.7
2803.72
2804.92
2806.36
2809.09
2812.51
2816.88
2823.03
2831.04
2842.93
2805.21
2805.38
2805.91
2806.65
2808.01
2809.99
2811.64
2812.45
2812.33
2811.21
2809.11
2806.84
2805.19
2804.11
2803.36
2802.7
2801.98
2801.16
2800.17
2799.07
2797.83
2796.49
2795.02
2793.42
2791.66
2789.74
2787.66
2785.44
2783.11
2780.68
2778.17
2775.56
2772.86
2770.02
2767.08
2764.01
2760.86
2757.65
2754.44
2751.28
2748.22
2745.25
2742.36
2739.54
2736.86
2734.39
2732.28
2730.54
2729.02
2727.66
2726.61
2726.12
2726.18
2726.54
2727.18
2728.2
2729.46
2730.86
2732.39
2734
2735.67
2737.26
2738.92
2740.78
2742.77
2744.51
2746.52
2748.88
2751.66
2753.98
2756.64
2759.16
2761.75
2764.3
2766.77
2769.27
2771.7
2773.64
2775.48
2777.49
2779.4
2780.69
2782.22
2783.34
2784.59
2785.79
2786.94
2788.07
2789.28
2790.5
2791.68
2792.82
2793.91
2795
2796.08
2797.27
2798.32
2799.25
2800
2800.5
2800.91
2801.22
2801.47
2801.66
2801.83
2801.95
2801.95
2802.16
2802.25
2802.58
2803.62
2804.95
2806.57
2809.36
2812.64
2816.54
2822.64
2830.79
2842.7
2805.12
2805.3
2805.83
2806.55
2807.92
2809.91
2811.57
2812.39
2812.27
2811.15
2809.05
2806.77
2805.12
2804.03
2803.27
2802.6
2801.87
2801.04
2800.04
2798.93
2797.68
2796.34
2794.86
2793.25
2791.48
2789.55
2787.46
2785.24
2782.9
2780.46
2777.94
2775.32
2772.61
2769.77
2766.82
2763.74
2760.59
2757.38
2754.17
2751.01
2747.95
2744.99
2742.11
2739.3
2736.63
2734.16
2732.05
2730.33
2728.84
2727.51
2726.47
2725.96
2726.02
2726.41
2727.07
2728.1
2729.37
2730.77
2732.3
2733.91
2735.59
2737.2
2738.86
2740.62
2742.51
2744.28
2746.42
2748.88
2751.59
2753.95
2756.6
2759.11
2761.7
2764.23
2766.65
2769.14
2771.7
2773.82
2775.67
2777.51
2779.24
2780.78
2782.02
2783.43
2784.5
2785.8
2786.91
2788.06
2789.27
2790.5
2791.69
2792.82
2793.92
2795.02
2796.11
2797.32
2798.33
2799.28
2800.03
2800.53
2800.94
2801.23
2801.49
2801.69
2801.85
2801.97
2801.99
2802.23
2802.3
2802.61
2803.57
2805.06
2806.61
2809.35
2812.74
2816.57
2822.44
2830.47
2842.38
2805.04
2805.21
2805.73
2806.46
2807.83
2809.82
2811.5
2812.33
2812.21
2811.1
2809
2806.71
2805.04
2803.94
2803.17
2802.49
2801.76
2800.92
2799.91
2798.79
2797.53
2796.18
2794.69
2793.07
2791.29
2789.35
2787.26
2785.02
2782.67
2780.22
2777.69
2775.07
2772.34
2769.5
2766.54
2763.47
2760.31
2757.1
2753.89
2750.73
2747.67
2744.72
2741.85
2739.05
2736.38
2733.92
2731.81
2730.1
2728.64
2727.35
2726.32
2725.79
2725.86
2726.27
2726.95
2727.99
2729.27
2730.68
2732.21
2733.81
2735.49
2737.12
2738.78
2740.44
2742.23
2744.06
2746.36
2748.9
2751.49
2753.93
2756.54
2759.06
2761.65
2764.19
2766.61
2769.02
2771.54
2773.85
2775.8
2777.47
2779
2780.74
2781.88
2783.37
2784.52
2785.75
2786.88
2788.05
2789.27
2790.48
2791.68
2792.84
2793.94
2795.06
2796.15
2797.36
2798.37
2799.32
2800.06
2800.56
2800.96
2801.26
2801.51
2801.7
2801.85
2801.95
2801.96
2802.2
2802.26
2802.66
2803.58
2805.01
2806.45
2809.11
2812.58
2816.57
2822.39
2830.25
2842.01
2804.94
2805.12
2805.63
2806.36
2807.73
2809.73
2811.42
2812.26
2812.15
2811.04
2808.93
2806.64
2804.96
2803.85
2803.06
2802.38
2801.63
2800.79
2799.77
2798.64
2797.38
2796.01
2794.51
2792.88
2791.09
2789.14
2787.04
2784.79
2782.43
2779.97
2777.44
2774.8
2772.07
2769.21
2766.25
2763.17
2760.02
2756.8
2753.59
2750.43
2747.37
2744.43
2741.58
2738.79
2736.13
2733.67
2731.56
2729.86
2728.43
2727.19
2726.17
2725.62
2725.69
2726.12
2726.83
2727.88
2729.17
2730.58
2732.12
2733.71
2735.37
2737.02
2738.7
2740.25
2741.97
2743.86
2746.32
2748.93
2751.36
2753.92
2756.48
2759.01
2761.6
2764.19
2766.67
2768.98
2771.31
2773.66
2775.72
2777.39
2778.9
2780.6
2781.94
2783.26
2784.55
2785.7
2786.87
2788.04
2789.25
2790.48
2791.69
2792.85
2793.96
2795.08
2796.17
2797.4
2798.4
2799.35
2800.09
2800.58
2800.99
2801.28
2801.53
2801.72
2801.86
2801.97
2801.96
2802.16
2802.25
2802.64
2803.58
2804.92
2806.36
2808.98
2812.42
2816.37
2822.22
2830.04
2841.65
2804.85
2805.02
2805.53
2806.25
2807.63
2809.63
2811.34
2812.18
2812.08
2810.98
2808.87
2806.56
2804.87
2803.75
2802.95
2802.26
2801.51
2800.65
2799.62
2798.48
2797.21
2795.83
2794.32
2792.68
2790.88
2788.92
2786.8
2784.55
2782.18
2779.71
2777.16
2774.52
2771.78
2768.92
2765.95
2762.86
2759.7
2756.48
2753.27
2750.11
2747.06
2744.13
2741.29
2738.52
2735.86
2733.41
2731.3
2729.6
2728.21
2727.01
2726.01
2725.44
2725.51
2725.97
2726.7
2727.77
2729.06
2730.49
2732.02
2733.61
2735.25
2736.9
2738.6
2740.09
2741.74
2743.72
2746.31
2748.95
2751.21
2753.9
2756.41
2758.97
2761.55
2764.18
2766.78
2769.04
2771.16
2773.4
2775.48
2777.34
2779.04
2780.51
2782.05
2783.23
2784.5
2785.68
2786.85
2788.02
2789.24
2790.47
2791.68
2792.85
2793.97
2795.09
2796.18
2797.43
2798.44
2799.38
2800.12
2800.61
2801.01
2801.3
2801.56
2801.74
2801.88
2802
2801.99
2802.17
2802.27
2802.61
2803.54
2804.9
2806.38
2808.99
2812.37
2816.18
2821.99
2829.78
2841.27
2804.74
2804.91
2805.42
2806.14
2807.52
2809.53
2811.25
2812.11
2812.01
2810.91
2808.8
2806.49
2804.78
2803.64
2802.84
2802.13
2801.37
2800.5
2799.47
2798.32
2797.03
2795.65
2794.12
2792.47
2790.66
2788.69
2786.56
2784.29
2781.91
2779.43
2776.88
2774.22
2771.47
2768.6
2765.63
2762.54
2759.38
2756.15
2752.94
2749.78
2746.73
2743.81
2741
2738.24
2735.59
2733.14
2731.03
2729.33
2727.97
2726.82
2725.84
2725.26
2725.33
2725.81
2726.56
2727.64
2728.95
2730.38
2731.92
2733.5
2735.11
2736.76
2738.49
2739.95
2741.6
2743.66
2746.31
2748.94
2751.06
2753.88
2756.34
2758.93
2761.5
2764.15
2766.81
2769.13
2771.22
2773.31
2775.33
2777.33
2779.17
2780.52
2781.99
2783.25
2784.45
2785.66
2786.83
2788.01
2789.23
2790.47
2791.69
2792.87
2793.99
2795.12
2796.21
2797.47
2798.47
2799.42
2800.15
2800.65
2801.04
2801.33
2801.58
2801.75
2801.89
2802.01
2802.01
2802.18
2802.29
2802.61
2803.52
2804.89
2806.36
2808.92
2812.32
2816.06
2821.78
2829.5
2840.86
2804.63
2804.8
2805.31
2806.02
2807.41
2809.43
2811.16
2812.03
2811.93
2810.84
2808.73
2806.4
2804.68
2803.54
2802.72
2802
2801.23
2800.35
2799.3
2798.15
2796.85
2795.45
2793.91
2792.25
2790.43
2788.45
2786.3
2784.02
2781.63
2779.14
2776.58
2773.91
2771.15
2768.27
2765.29
2762.2
2759.03
2755.81
2752.59
2749.43
2746.39
2743.48
2740.68
2737.95
2735.31
2732.86
2730.74
2729.05
2727.72
2726.62
2725.67
2725.08
2725.14
2725.64
2726.42
2727.52
2728.83
2730.28
2731.82
2733.39
2734.96
2736.61
2738.38
2739.88
2741.57
2743.69
2746.31
2748.87
2750.94
2753.82
2756.28
2758.89
2761.45
2764.07
2766.69
2769.1
2771.39
2773.45
2775.39
2777.31
2779.08
2780.55
2781.87
2783.23
2784.43
2785.63
2786.8
2787.99
2789.22
2790.46
2791.68
2792.88
2794.01
2795.14
2796.24
2797.51
2798.52
2799.45
2800.19
2800.68
2801.07
2801.36
2801.6
2801.77
2801.91
2802.03
2802.01
2802.18
2802.29
2802.61
2803.5
2804.85
2806.31
2808.81
2812.21
2815.93
2821.58
2829.21
2840.42
2804.52
2804.69
2805.19
2805.9
2807.29
2809.32
2811.06
2811.94
2811.85
2810.77
2808.66
2806.32
2804.58
2803.42
2802.59
2801.86
2801.08
2800.19
2799.13
2797.96
2796.65
2795.24
2793.69
2792.02
2790.18
2788.19
2786.03
2783.74
2781.34
2778.84
2776.26
2773.58
2770.81
2767.93
2764.94
2761.84
2758.67
2755.44
2752.23
2749.07
2746.03
2743.13
2740.35
2737.64
2735.01
2732.57
2730.45
2728.75
2727.44
2726.4
2725.49
2724.89
2724.94
2725.47
2726.27
2727.38
2728.7
2730.16
2731.72
2733.28
2734.82
2736.45
2738.27
2739.87
2741.66
2743.81
2746.28
2748.74
2750.88
2753.74
2756.22
2758.84
2761.4
2763.96
2766.47
2768.93
2771.4
2773.56
2775.49
2777.27
2778.9
2780.51
2781.84
2783.18
2784.41
2785.6
2786.77
2787.98
2789.21
2790.46
2791.69
2792.89
2794.03
2795.17
2796.27
2797.56
2798.55
2799.49
2800.22
2800.71
2801.1
2801.39
2801.63
2801.79
2801.92
2802.05
2802.03
2802.17
2802.3
2802.6
2803.48
2804.8
2806.27
2808.72
2812.09
2815.77
2821.35
2828.91
2839.96
2804.4
2804.57
2805.06
2805.77
2807.16
2809.2
2810.96
2811.85
2811.77
2810.69
2808.58
2806.23
2804.47
2803.3
2802.45
2801.71
2800.92
2800.02
2798.95
2797.77
2796.44
2795.02
2793.46
2791.78
2789.92
2787.92
2785.75
2783.45
2781.03
2778.52
2775.92
2773.24
2770.46
2767.56
2764.57
2761.47
2758.29
2755.06
2751.85
2748.68
2745.65
2742.76
2740
2737.31
2734.71
2732.27
2730.14
2728.43
2727.15
2726.16
2725.29
2724.7
2724.74
2725.28
2726.12
2727.24
2728.57
2730.04
2731.61
2733.17
2734.7
2736.3
2738.16
2739.93
2741.83
2743.95
2746.19
2748.58
2750.88
2753.62
2756.17
2758.76
2761.34
2763.89
2766.34
2768.75
2771.21
2773.46
2775.44
2777.22
2778.86
2780.44
2781.84
2783.14
2784.37
2785.57
2786.75
2787.96
2789.2
2790.45
2791.69
2792.9
2794.05
2795.19
2796.3
2797.6
2798.6
2799.53
2800.26
2800.75
2801.13
2801.41
2801.65
2801.82
2801.94
2802.07
2802.04
2802.17
2802.31
2802.58
2803.45
2804.76
2806.24
2808.63
2811.99
2815.61
2821.11
2828.58
2839.46
2804.27
2804.44
2804.93
2805.63
2807.03
2809.08
2810.86
2811.75
2811.68
2810.61
2808.49
2806.13
2804.36
2803.17
2802.31
2801.56
2800.75
2799.84
2798.76
2797.57
2796.23
2794.79
2793.22
2791.52
2789.65
2787.63
2785.45
2783.13
2780.7
2778.18
2775.57
2772.87
2770.08
2767.18
2764.18
2761.07
2757.89
2754.66
2751.44
2748.28
2745.25
2742.37
2739.63
2736.97
2734.39
2731.96
2729.82
2728.1
2726.84
2725.9
2725.08
2724.5
2724.53
2725.09
2725.95
2727.09
2728.43
2729.92
2731.5
2733.07
2734.58
2736.17
2738.06
2740
2742.01
2744.05
2746.04
2748.41
2750.92
2753.5
2756.12
2758.67
2761.27
2763.86
2766.36
2768.73
2771.05
2773.29
2775.31
2777.18
2778.9
2780.39
2781.81
2783.11
2784.34
2785.54
2786.72
2787.94
2789.18
2790.44
2791.69
2792.91
2794.07
2795.22
2796.33
2797.64
2798.64
2799.58
2800.3
2800.79
2801.17
2801.45
2801.68
2801.84
2801.95
2802.09
2802.06
2802.17
2802.33
2802.58
2803.42
2804.71
2806.2
2808.53
2811.87
2815.45
2820.86
2828.23
2838.93
2804.14
2804.31
2804.79
2805.49
2806.89
2808.95
2810.74
2811.65
2811.59
2810.52
2808.4
2806.03
2804.24
2803.04
2802.16
2801.39
2800.57
2799.65
2798.56
2797.35
2796
2794.55
2792.96
2791.25
2789.37
2787.33
2785.14
2782.8
2780.36
2777.82
2775.2
2772.49
2769.69
2766.78
2763.77
2760.65
2757.47
2754.24
2751.02
2747.86
2744.82
2741.95
2739.23
2736.61
2734.05
2731.64
2729.49
2727.75
2726.5
2725.61
2724.85
2724.29
2724.32
2724.89
2725.78
2726.93
2728.29
2729.79
2731.38
2732.97
2734.49
2736.07
2737.96
2740.03
2742.1
2744.02
2745.85
2748.25
2750.97
2753.4
2756.06
2758.59
2761.19
2763.84
2766.43
2768.8
2771.04
2773.24
2775.24
2777.14
2778.87
2780.36
2781.75
2783.08
2784.31
2785.5
2786.69
2787.91
2789.17
2790.44
2791.69
2792.93
2794.09
2795.25
2796.37
2797.69
2798.69
2799.62
2800.34
2800.83
2801.2
2801.48
2801.71
2801.86
2801.97
2802.11
2802.07
2802.16
2802.34
2802.57
2803.39
2804.66
2806.16
2808.43
2811.74
2815.27
2820.59
2827.86
2838.37
2804
2804.17
2804.65
2805.34
2806.74
2808.81
2810.62
2811.55
2811.49
2810.43
2808.31
2805.92
2804.12
2802.89
2802
2801.22
2800.38
2799.45
2798.35
2797.12
2795.76
2794.29
2792.69
2790.96
2789.06
2787.01
2784.8
2782.46
2780
2777.44
2774.81
2772.09
2769.27
2766.35
2763.34
2760.22
2757.03
2753.8
2750.58
2747.41
2744.38
2741.52
2738.82
2736.22
2733.7
2731.31
2729.15
2727.39
2726.14
2725.3
2724.6
2724.08
2724.09
2724.67
2725.6
2726.77
2728.13
2729.65
2731.25
2732.86
2734.41
2735.99
2737.85
2739.95
2742.01
2743.82
2745.66
2748.14
2750.95
2753.33
2755.99
2758.53
2761.12
2763.76
2766.37
2768.76
2771.07
2773.25
2775.24
2777.09
2778.79
2780.33
2781.71
2783.03
2784.27
2785.47
2786.66
2787.89
2789.15
2790.43
2791.69
2792.94
2794.12
2795.28
2796.42
2797.73
2798.74
2799.67
2800.38
2800.87
2801.24
2801.51
2801.73
2801.89
2801.99
2802.13
2802.09
2802.16
2802.35
2802.56
2803.36
2804.61
2806.12
2808.32
2811.6
2815.09
2820.31
2827.47
2837.77
2803.85
2804.02
2804.49
2805.18
2806.59
2808.67
2810.5
2811.44
2811.38
2810.33
2808.21
2805.81
2803.99
2802.74
2801.84
2801.04
2800.19
2799.24
2798.12
2796.89
2795.5
2794.02
2792.4
2790.65
2788.74
2786.68
2784.45
2782.09
2779.62
2777.04
2774.4
2771.66
2768.84
2765.91
2762.88
2759.76
2756.57
2753.33
2750.11
2746.95
2743.92
2741.06
2738.38
2735.81
2733.33
2730.95
2728.79
2727.01
2725.76
2724.95
2724.32
2723.86
2723.87
2724.46
2725.41
2726.59
2727.97
2729.5
2731.12
2732.75
2734.34
2735.93
2737.73
2739.75
2741.72
2743.5
2745.52
2748.09
2750.83
2753.29
2755.89
2758.48
2761.06
2763.65
2766.22
2768.62
2771
2773.22
2775.2
2777.04
2778.73
2780.27
2781.67
2782.99
2784.23
2785.43
2786.62
2787.86
2789.14
2790.42
2791.7
2792.95
2794.14
2795.31
2796.46
2797.77
2798.79
2799.72
2800.43
2800.91
2801.28
2801.55
2801.76
2801.91
2802.01
2802.15
2802.1
2802.17
2802.36
2802.55
2803.33
2804.56
2806.07
2808.21
2811.45
2814.9
2820.02
2827.05
2837.13
2803.7
2803.86
2804.33
2805.02
2806.43
2808.52
2810.37
2811.32
2811.27
2810.23
2808.11
2805.69
2803.85
2802.58
2801.66
2800.84
2799.98
2799.02
2797.89
2796.63
2795.24
2793.74
2792.1
2790.33
2788.41
2786.32
2784.08
2781.7
2779.21
2776.63
2773.96
2771.21
2768.38
2765.44
2762.41
2759.27
2756.08
2752.85
2749.63
2746.46
2743.43
2740.57
2737.91
2735.38
2732.93
2730.59
2728.42
2726.62
2725.36
2724.58
2724.02
2723.62
2723.64
2724.23
2725.22
2726.42
2727.81
2729.35
2730.97
2732.61
2734.25
2735.88
2737.59
2739.43
2741.3
2743.14
2745.47
2748.09
2750.62
2753.27
2755.79
2758.41
2760.99
2763.57
2766.11
2768.52
2770.89
2773.13
2775.13
2776.99
2778.69
2780.22
2781.62
2782.95
2784.19
2785.39
2786.59
2787.84
2789.12
2790.41
2791.7
2792.97
2794.16
2795.34
2796.51
2797.82
2798.84
2799.77
2800.48
2800.96
2801.32
2801.59
2801.79
2801.94
2802.04
2802.17
2802.12
2802.17
2802.36
2802.55
2803.3
2804.51
2806.02
2808.1
2811.29
2814.7
2819.72
2826.6
2836.45
2803.53
2803.7
2804.16
2804.84
2806.26
2808.36
2810.23
2811.19
2811.16
2810.12
2807.99
2805.56
2803.7
2802.42
2801.47
2800.64
2799.76
2798.78
2797.64
2796.37
2794.95
2793.44
2791.78
2790
2788.05
2785.95
2783.69
2781.3
2778.79
2776.18
2773.51
2770.74
2767.9
2764.94
2761.9
2758.76
2755.57
2752.33
2749.11
2745.94
2742.91
2740.06
2737.41
2734.91
2732.51
2730.2
2728.04
2726.22
2724.94
2724.18
2723.7
2723.37
2723.41
2724
2725.01
2726.23
2727.65
2729.2
2730.82
2732.46
2734.11
2735.79
2737.43
2739.08
2740.88
2742.86
2745.49
2748.09
2750.38
2753.21
2755.69
2758.32
2760.91
2763.51
2766.08
2768.48
2770.82
2773.06
2775.07
2776.93
2778.64
2780.17
2781.57
2782.9
2784.15
2785.36
2786.55
2787.81
2789.1
2790.41
2791.7
2792.98
2794.19
2795.37
2796.56
2797.86
2798.9
2799.83
2800.53
2801.01
2801.36
2801.63
2801.82
2801.96
2802.07
2802.19
2802.14
2802.18
2802.36
2802.56
2803.26
2804.45
2805.97
2807.99
2811.12
2814.49
2819.39
2826.12
2835.72
2803.36
2803.53
2803.98
2804.66
2806.08
2808.19
2810.08
2811.06
2811.03
2810.01
2807.88
2805.43
2803.54
2802.24
2801.28
2800.43
2799.53
2798.53
2797.37
2796.09
2794.65
2793.12
2791.44
2789.64
2787.67
2785.56
2783.28
2780.87
2778.34
2775.72
2773.02
2770.24
2767.39
2764.42
2761.37
2758.23
2755.03
2751.8
2748.58
2745.41
2742.38
2739.52
2736.88
2734.41
2732.06
2729.78
2727.64
2725.81
2724.5
2723.75
2723.34
2723.1
2723.17
2723.77
2724.8
2726.05
2727.48
2729.05
2730.66
2732.27
2733.93
2735.64
2737.27
2738.81
2740.62
2742.77
2745.51
2748.04
2750.22
2753.09
2755.61
2758.21
2760.81
2763.44
2766.02
2768.43
2770.77
2773.01
2775.01
2776.88
2778.58
2780.12
2781.52
2782.85
2784.11
2785.31
2786.51
2787.78
2789.08
2790.4
2791.71
2793
2794.21
2795.4
2796.62
2797.91
2798.96
2799.89
2800.58
2801.06
2801.41
2801.67
2801.85
2801.99
2802.1
2802.21
2802.16
2802.18
2802.36
2802.56
2803.22
2804.39
2805.9
2807.87
2810.93
2814.26
2819.06
2825.62
2834.95
2803.18
2803.35
2803.79
2804.46
2805.89
2808.02
2809.93
2810.92
2810.9
2809.88
2807.75
2805.28
2803.38
2802.05
2801.07
2800.2
2799.28
2798.27
2797.1
2795.79
2794.34
2792.78
2791.09
2789.26
2787.28
2785.14
2782.85
2780.41
2777.87
2775.23
2772.52
2769.72
2766.85
2763.88
2760.82
2757.67
2754.47
2751.23
2748.02
2744.85
2741.81
2738.96
2736.33
2733.88
2731.57
2729.34
2727.23
2725.39
2724.05
2723.3
2722.95
2722.81
2722.92
2723.53
2724.58
2725.86
2727.31
2728.9
2730.5
2732.08
2733.71
2735.43
2737.12
2738.72
2740.63
2742.86
2745.42
2747.89
2750.2
2752.93
2755.55
2758.11
2760.73
2763.34
2765.93
2768.34
2770.69
2772.95
2774.95
2776.81
2778.52
2780.06
2781.46
2782.79
2784.06
2785.27
2786.48
2787.75
2789.06
2790.39
2791.71
2793.01
2794.24
2795.44
2796.67
2797.96
2799.01
2799.95
2800.63
2801.11
2801.45
2801.71
2801.89
2802.02
2802.13
2802.23
2802.17
2802.19
2802.36
2802.56
2803.18
2804.33
2805.83
2807.76
2810.73
2814.02
2818.7
2825.07
2834.11
2802.99
2803.15
2803.59
2804.26
2805.69
2807.83
2809.77
2810.78
2810.77
2809.76
2807.62
2805.13
2803.2
2801.86
2800.85
2799.96
2799.03
2798
2796.8
2795.48
2794.01
2792.43
2790.71
2788.87
2786.86
2784.7
2782.39
2779.93
2777.37
2774.71
2771.98
2769.17
2766.29
2763.3
2760.23
2757.08
2753.88
2750.64
2747.42
2744.26
2741.22
2738.36
2735.74
2733.3
2731.04
2728.87
2726.79
2724.97
2723.6
2722.83
2722.54
2722.5
2722.67
2723.3
2724.36
2725.66
2727.14
2728.75
2730.34
2731.88
2733.47
2735.18
2737
2738.81
2740.84
2743
2745.18
2747.68
2750.27
2752.79
2755.46
2758.03
2760.64
2763.25
2765.83
2768.25
2770.6
2772.88
2774.89
2776.75
2778.45
2780
2781.41
2782.74
2784.01
2785.23
2786.43
2787.71
2789.04
2790.38
2791.71
2793.03
2794.27
2795.48
2796.73
2798.01
2799.08
2800.01
2800.69
2801.17
2801.5
2801.75
2801.93
2802.05
2802.17
2802.25
2802.18
2802.2
2802.36
2802.57
2803.14
2804.26
2805.75
2807.64
2810.52
2813.77
2818.33
2824.5
2833.24
2802.79
2802.95
2803.39
2804.05
2805.48
2807.64
2809.59
2810.62
2810.62
2809.62
2807.48
2804.97
2803.02
2801.65
2800.62
2799.71
2798.75
2797.7
2796.49
2795.15
2793.65
2792.06
2790.31
2788.45
2786.42
2784.24
2781.91
2779.43
2776.84
2774.16
2771.41
2768.59
2765.69
2762.69
2759.62
2756.45
2753.25
2750.01
2746.81
2743.64
2740.61
2737.74
2735.11
2732.69
2730.47
2728.36
2726.34
2724.54
2723.15
2722.35
2722.1
2722.17
2722.41
2723.06
2724.14
2725.46
2726.96
2728.58
2730.17
2731.7
2733.26
2734.95
2736.89
2738.92
2740.99
2742.98
2744.89
2747.46
2750.25
2752.71
2755.33
2757.94
2760.54
2763.16
2765.74
2768.17
2770.52
2772.8
2774.81
2776.68
2778.39
2779.94
2781.35
2782.68
2783.96
2785.18
2786.39
2787.68
2789.02
2790.37
2791.71
2793.04
2794.3
2795.53
2796.79
2798.06
2799.14
2800.07
2800.75
2801.22
2801.55
2801.8
2801.96
2802.08
2802.2
2802.28
2802.2
2802.22
2802.36
2802.55
2803.11
2804.2
2805.67
2807.51
2810.3
2813.49
2817.94
2823.89
2832.3
2802.57
2802.74
2803.17
2803.82
2805.26
2807.43
2809.41
2810.46
2810.47
2809.47
2807.33
2804.81
2802.83
2801.43
2800.37
2799.44
2798.46
2797.39
2796.16
2794.8
2793.28
2791.66
2789.89
2788
2785.95
2783.75
2781.39
2778.89
2776.28
2773.58
2770.82
2767.98
2765.06
2762.05
2758.97
2755.8
2752.59
2749.36
2746.16
2743
2739.97
2737.09
2734.46
2732.05
2729.86
2727.8
2725.85
2724.1
2722.71
2721.88
2721.65
2721.81
2722.15
2722.82
2723.91
2725.26
2726.78
2728.4
2729.99
2731.53
2733.1
2734.76
2736.72
2738.83
2740.82
2742.72
2744.72
2747.31
2750.05
2752.66
2755.19
2757.83
2760.44
2763.06
2765.65
2768.08
2770.43
2772.72
2774.74
2776.61
2778.32
2779.87
2781.29
2782.61
2783.9
2785.13
2786.35
2787.64
2789
2790.36
2791.72
2793.06
2794.33
2795.58
2796.85
2798.11
2799.2
2800.14
2800.81
2801.28
2801.61
2801.85
2802
2802.11
2802.23
2802.3
2802.21
2802.23
2802.35
2802.53
2803.09
2804.13
2805.57
2807.38
2810.07
2813.2
2817.54
2823.24
2831.32
2802.35
2802.51
2802.93
2803.59
2805.03
2807.22
2809.22
2810.28
2810.3
2809.32
2807.17
2804.63
2802.62
2801.2
2800.11
2799.16
2798.16
2797.07
2795.81
2794.43
2792.89
2791.24
2789.45
2787.53
2785.46
2783.23
2780.85
2778.32
2775.69
2772.97
2770.19
2767.33
2764.4
2761.38
2758.29
2755.11
2751.9
2748.67
2745.47
2742.32
2739.3
2736.42
2733.77
2731.36
2729.2
2727.21
2725.34
2723.65
2722.28
2721.42
2721.19
2721.44
2721.86
2722.58
2723.68
2725.05
2726.58
2728.21
2729.8
2731.37
2733
2734.64
2736.49
2738.47
2740.37
2742.33
2744.73
2747.27
2749.78
2752.56
2755.09
2757.71
2760.34
2762.95
2765.54
2767.98
2770.34
2772.64
2774.66
2776.53
2778.24
2779.8
2781.22
2782.55
2783.84
2785.08
2786.3
2787.61
2788.97
2790.35
2791.72
2793.08
2794.36
2795.63
2796.92
2798.16
2799.27
2800.21
2800.88
2801.34
2801.66
2801.9
2802.05
2802.15
2802.27
2802.33
2802.24
2802.24
2802.35
2802.49
2803.08
2804.05
2805.47
2807.24
2809.83
2812.89
2817.11
2822.56
2830.29
2802.11
2802.28
2802.69
2803.34
2804.79
2806.99
2809.02
2810.1
2810.13
2809.15
2807
2804.44
2802.4
2800.95
2799.84
2798.86
2797.83
2796.72
2795.44
2794.03
2792.47
2790.8
2788.98
2787.04
2784.94
2782.69
2780.28
2777.72
2775.07
2772.33
2769.53
2766.65
2763.71
2760.67
2757.57
2754.39
2751.18
2747.95
2744.76
2741.62
2738.6
2735.72
2733.06
2730.65
2728.5
2726.57
2724.8
2723.2
2721.87
2720.98
2720.74
2721.05
2721.57
2722.33
2723.45
2724.83
2726.38
2727.99
2729.58
2731.19
2732.87
2734.53
2736.24
2738.03
2739.93
2742.06
2744.73
2747.24
2749.63
2752.4
2754.99
2757.59
2760.23
2762.84
2765.43
2767.88
2770.24
2772.55
2774.58
2776.45
2778.17
2779.73
2781.15
2782.48
2783.77
2785.02
2786.25
2787.57
2788.95
2790.34
2791.72
2793.09
2794.4
2795.68
2796.98
2798.22
2799.33
2800.27
2800.95
2801.41
2801.72
2801.95
2802.09
2802.19
2802.3
2802.36
2802.26
2802.26
2802.34
2802.46
2803.06
2803.97
2805.36
2807.09
2809.58
2812.55
2816.65
2821.83
2829.18
2801.85
2802.02
2802.43
2803.08
2804.53
2806.75
2808.8
2809.91
2809.95
2808.98
2806.82
2804.24
2802.17
2800.69
2799.55
2798.54
2797.49
2796.35
2795.05
2793.62
2792.03
2790.33
2788.49
2786.51
2784.39
2782.11
2779.67
2777.09
2774.41
2771.65
2768.83
2765.93
2762.97
2759.92
2756.81
2753.63
2750.42
2747.19
2744
2740.88
2737.87
2734.99
2732.33
2729.9
2727.76
2725.88
2724.21
2722.72
2721.46
2720.57
2720.31
2720.65
2721.25
2722.07
2723.21
2724.61
2726.16
2727.76
2729.35
2730.97
2732.67
2734.37
2736.05
2737.79
2739.8
2742.01
2744.55
2747.09
2749.6
2752.25
2754.86
2757.47
2760.11
2762.73
2765.32
2767.78
2770.13
2772.45
2774.49
2776.37
2778.08
2779.65
2781.08
2782.41
2783.7
2784.96
2786.2
2787.53
2788.92
2790.33
2791.72
2793.11
2794.43
2795.73
2797.05
2798.28
2799.4
2800.34
2801.02
2801.48
2801.78
2802
2802.13
2802.24
2802.34
2802.38
2802.28
2802.27
2802.34
2802.43
2803.04
2803.89
2805.23
2806.93
2809.32
2812.2
2816.17
2821.07
2828.06
2801.59
2801.76
2802.16
2802.8
2804.26
2806.5
2808.58
2809.7
2809.75
2808.79
2806.63
2804.03
2801.93
2800.41
2799.24
2798.21
2797.12
2795.96
2794.63
2793.18
2791.56
2789.83
2787.96
2785.96
2783.81
2781.49
2779.03
2776.42
2773.72
2770.93
2768.09
2765.17
2762.2
2759.14
2756.02
2752.83
2749.61
2746.39
2743.21
2740.11
2737.12
2734.25
2731.58
2729.13
2726.99
2725.15
2723.59
2722.21
2721.06
2720.21
2719.9
2720.24
2720.92
2721.8
2722.96
2724.38
2725.94
2727.54
2729.11
2730.72
2732.39
2734.13
2735.94
2737.8
2739.88
2742.04
2744.29
2746.84
2749.51
2752.13
2754.72
2757.35
2759.99
2762.6
2765.2
2767.66
2770.02
2772.35
2774.4
2776.28
2778
2779.57
2781
2782.34
2783.63
2784.9
2786.15
2787.48
2788.89
2790.31
2791.73
2793.12
2794.46
2795.79
2797.12
2798.35
2799.48
2800.42
2801.1
2801.55
2801.84
2802.05
2802.18
2802.28
2802.38
2802.41
2802.31
2802.28
2802.34
2802.4
2803.01
2803.82
2805.09
2806.76
2809.05
2811.82
2815.65
2820.26
2826.83
2752.01
2754.58
2757.21
2759.86
2762.48
2765.07
2767.55
2769.91
2772.24
2774.3
2776.18
2777.91
2779.48
2780.92
2782.26
2783.56
2784.83
2786.09
2787.44
2788.86
2790.3
2791.73
2793.14
2794.5
2795.84
2797.19
2798.42
2799.55
2800.49
2801.17
2801.62
2801.9
2802.11
2802.23
2802.33
2802.42
2802.43
2802.33
2802.3
2802.34
2802.37
2802.96
2803.76
2804.94
2806.57
2808.77
2811.42
2815.1
2819.42
2825.58
2767.42
2769.79
2772.13
2774.2
2776.08
2777.81
2779.39
2780.83
)
;

boundaryField
{
    inlet
    {
        type            fixedValue;
        value           nonuniform List<scalar> 0();
    }
    obstacle
    {
        type            zeroGradient;
    }
    bottom
    {
        type            symmetry;
    }
    outlet
    {
        type            zeroGradient;
    }
    top
    {
        type            symmetry;
    }
    defaultFaces
    {
        type            empty;
    }
    procBoundary2to0
    {
        type            processor;
        value           nonuniform List<scalar> 
123
(
2967.07
2898.63
2865.81
2846.52
2833.95
2824.69
2818.39
2813.45
2809.54
2806.79
2804.65
2802.93
2802.2
2801.64
2801.23
2800.91
2800.62
2800.25
2799.86
2799.38
2798.87
2798.25
2797.55
2796.67
2795.57
2794.75
2793.82
2793.01
2792.29
2791.64
2791
2790.28
2789.52
2788.75
2787.94
2787
2785.99
2784.87
2783.6
2782.26
2780.8
2779.21
2777.49
2775.66
2773.74
2771.74
2769.63
2767.39
2765.05
2762.67
2760.3
2757.98
2755.78
2753.69
2751.62
2749.77
2748.09
2746.44
2744.89
2743.36
2742.06
2740.78
2739.55
2738.53
2738.19
2737.96
2738.18
2738.68
2739.44
2740.56
2741.99
2743.69
2745.73
2748.16
2750.81
2753.58
2756.45
2759.39
2762.37
2765.37
2768.36
2771.38
2774.39
2777.36
2780.26
2783.03
2785.67
2788.11
2790.38
2792.5
2794.5
2796.38
2798.15
2799.79
2801.33
2802.72
2803.99
2805.1
2806.07
2806.9
2807.64
2807.64
2808.7
2809.24
2809.68
2809.97
2810.11
2810.11
2810.49
2810.54
2810.8
2811.53
2812.98
2814.89
2816.44
2817.09
2817.09
2816.45
2815.12
2814.06
2812.96
2812.42
2811.7
)
;
    }
    procBoundary2to1
    {
        type            processor;
        value           nonuniform List<scalar> 
42
(
2996.01
2997.45
2998.8
3000.02
3001.17
3002.21
3003.18
3004.05
3004.83
3005.52
3006.12
3006.63
3007.05
3007.39
3007.65
3007.82
3007.92
3007.96
3007.86
3007.72
3007.45
3007.15
3006.82
3006.51
3006.25
3006.1
3006.11
3006.39
3006.98
3008.01
3009.5
3011.42
3013.64
3016.19
3018.62
3020.94
3023.11
3025.53
3028.07
3031.43
3034.91
3038.58
)
;
    }
    procBoundary2to3
    {
        type            processor;
        value           nonuniform List<scalar> 
122
(
2801.31
2801.48
2801.87
2802.51
2803.98
2806.23
2808.34
2809.48
2809.54
2808.59
2806.43
2803.8
2801.67
2800.12
2798.91
2797.85
2796.74
2795.55
2794.2
2792.71
2791.06
2789.31
2787.41
2785.38
2783.19
2780.84
2778.35
2775.71
2772.99
2770.18
2767.31
2764.38
2761.38
2758.31
2755.18
2751.99
2748.77
2745.55
2742.38
2739.29
2736.33
2733.48
2730.81
2728.35
2726.21
2724.39
2722.92
2721.67
2720.68
2719.86
2719.52
2719.83
2720.56
2721.51
2722.71
2724.15
2725.71
2727.31
2728.89
2730.48
2732.1
2733.85
2735.78
2737.78
2739.82
2741.9
2744.11
2746.65
2749.33
2749.33
2751.87
2754.44
2757.07
2759.73
2762.34
2764.94
2782.18
2783.48
2784.76
2786.03
2787.39
2788.83
2790.29
2791.73
2793.16
2794.53
2795.9
2797.27
2798.5
2799.63
2800.57
2801.25
2801.69
2801.96
2802.16
2802.29
2802.39
2802.46
2802.45
2802.36
2802.31
2802.33
2802.34
2802.91
2803.7
2804.78
2806.38
2808.48
2810.99
2814.51
2818.54
2824.23
2764.94
2767.29
2769.66
2772.01
2774.09
2775.97
2777.71
2779.29
2782.18
2780.74
)
;
    }
    procBoundary2to5
    {
        type            processor;
        value           nonuniform List<scalar> 
42
(
2935.65
2867.63
2867.63
2867.26
2867.01
2866.57
2866.22
2865.77
2865.39
2864.94
2864.48
2863.95
2863.45
2862.93
2862.37
2861.77
2861.16
2860.51
2859.84
2859.13
2858.39
2857.61
2856.79
2855.92
2855.03
2854.08
2853.1
2852.08
2851.03
2849.94
2848.82
2847.64
2846.4
2845.08
2843.64
2842.12
2840.49
2838.74
2836.86
2834.9
2832.79
2830.57
)
;
    }
}


// ************************************************************************* //
