/*--------------------------------*- C++ -*----------------------------------*\
| =========                 |                                                 |
| \\      /  F ield         | OpenFOAM: The Open Source CFD Toolbox           |
|  \\    /   O peration     | Version:  2412                                  |
|   \\  /    A nd           | Website:  www.openfoam.com                      |
|    \\/     M anipulation  |                                                 |
\*---------------------------------------------------------------------------*/
FoamFile
{
    version     2.0;
    format      ascii;
    arch        "LSB;label=32;scalar=64";
    class       volScalarField;
    location    "0.016";
    object      p;
}
// * * * * * * * * * * * * * * * * * * * * * * * * * * * * * * * * * * * * * //

dimensions      [1 -1 -2 0 0 0 0];

internalField   nonuniform List<scalar> 
9763
(
2858.14
2929.23
2857.76
2927.47
2857.41
2924.65
2856.9
2922.92
2856.51
2920.63
2855.95
2918.47
2855.51
2916.13
2854.95
2913.79
2854.46
2911.32
2853.88
2908.81
2853.33
2906.19
2852.73
2903.5
2852.08
2900.72
2851.44
2897.87
2850.72
2894.92
2850.01
2891.9
2849.2
2888.78
2848.4
2885.6
2847.5
2882.31
2846.58
2878.95
2845.58
2875.49
2844.54
2871.94
2843.45
2868.26
2842.33
2864.5
2841.16
2860.59
2839.96
2856.57
2838.71
2852.42
2837.41
2848.17
2836.02
2843.81
2834.53
2839.39
2832.91
2834.9
2831.18
2830.34
2829.31
2825.7
2827.34
2820.96
2825.24
2816.16
2823.02
2811.24
2820.67
2806.27
2818.18
2801.2
2815.56
2796.1
2812.79
2790.96
2785.77
2780.59
2775.34
3436.98
2988.42
2993.96
2987.29
2963.84
2934.76
2898.61
2860.6
2827.35
2804.5
2793.43
2791.08
2792.52
2796.16
2798.32
2797.73
2778.2
2735.34
2693.75
2668.58
2658.1
2657.18
2660.57
2666.46
2669.16
2668.33
2664.41
2658.68
2653.05
2648.17
2644.26
2641.54
2639.81
2638.26
2635.87
2632.19
2628.01
2624.4
2621.51
2619.04
2616.79
2614.81
2613.36
2612.54
2612.25
2612.36
2612.76
2613.48
2614.59
2616.13
2618.09
2620.43
2623.12
2626.11
2629.36
2632.84
2636.53
2640.42
2644.5
2648.79
2653.28
2657.93
2662.73
2667.7
2672.87
2678.22
2683.69
2689.23
2694.8
2700.39
2706.01
2711.71
2717.48
2723.32
2729.23
2735.2
2741.16
2747.1
2752.94
2758.64
2764.34
2769.77
2775.23
2780.55
2785.81
2790.94
2796.01
2800.99
2805.95
2810.77
2815.59
2820.3
2824.86
2829.36
2833.71
2838.04
2842.18
2846.2
2850.02
2853.65
2857.08
2860.29
2863.29
2866.07
2868.63
2870.97
2873.04
2874.86
2876.38
2877.63
2878.59
2879.18
2879.49
2879.4
2878.94
2878.03
2876.69
2874.84
2872.61
2872.18
2864.18
3436.59
2988.01
2993.67
2987.17
2963.67
2934.48
2898.26
2860.21
2827.02
2804.3
2793.35
2791.04
2792.47
2796.16
2798.4
2797.9
2779.21
2736.7
2694.69
2668.67
2658.05
2656.62
2659.76
2665.73
2668.63
2667.92
2664.17
2658.41
2652.66
2647.66
2643.63
2640.78
2638.95
2637.34
2634.93
2631.2
2626.9
2623.13
2620.1
2617.48
2615.07
2612.93
2611.31
2610.34
2609.92
2609.85
2610.02
2610.55
2611.5
2612.92
2614.76
2616.98
2619.54
2622.4
2625.5
2628.83
2632.37
2636.11
2640.05
2644.21
2648.56
2653.07
2657.75
2662.65
2667.75
2673
2678.33
2683.73
2689.18
2694.69
2700.26
2705.89
2711.57
2717.28
2723.02
2728.79
2734.54
2740.31
2745.96
2751.64
2757.18
2762.68
2768.12
2773.4
2778.62
2783.73
2788.73
2793.64
2798.5
2803.19
2807.79
2812.21
2816.46
2820.61
2824.59
2828.5
2832.21
2835.82
2839.21
2842.45
2845.49
2848.34
2851
2853.46
2855.75
2857.85
2859.82
2861.62
2863.22
2864.69
2866.04
2867.19
2868.22
2869.11
2869.9
2870.55
2871.07
2871.46
2871.77
2872.09
2872.28
3435.41
2987.79
2993.47
2987.05
2963.5
2934.2
2897.91
2859.84
2826.71
2804.1
2793.28
2791.01
2792.42
2796.18
2798.47
2797.99
2780.21
2738.14
2695.74
2668.91
2658
2656.04
2658.98
2664.96
2668.09
2667.51
2663.94
2658.14
2652.27
2647.15
2643
2640.02
2638.08
2636.42
2633.97
2630.19
2625.76
2621.83
2618.64
2615.87
2613.29
2610.98
2609.18
2608.04
2607.49
2607.25
2607.19
2607.51
2608.28
2609.51
2611.19
2613.27
2615.68
2618.39
2621.35
2624.52
2627.89
2631.46
2635.24
2639.23
2643.42
2647.78
2652.34
2657.11
2662.05
2667.1
2672.23
2677.45
2682.78
2688.2
2693.66
2699.11
2704.57
2710.03
2715.49
2720.94
2726.38
2731.81
2737.13
2742.52
2747.68
2752.97
2757.96
2762.99
2767.81
2772.64
2777.27
2781.86
2786.38
2790.76
2795.05
2799.19
2803.18
2807.01
2810.66
2814.2
2817.51
2820.73
2823.73
2826.59
2829.27
2831.76
2834.09
2836.23
2838.21
2840.01
2841.71
2843.24
2844.59
2845.86
2847
2847.96
2848.86
2849.62
2850.33
2850.95
2851.51
2852.02
2852.5
2853.03
2853.77
3434.84
2987.55
2993.27
2986.93
2963.33
2933.93
2897.57
2859.49
2826.42
2803.93
2793.22
2790.98
2792.38
2796.21
2798.55
2798.05
2781.15
2739.56
2696.78
2669.29
2657.96
2655.46
2658.25
2664.22
2667.54
2667.11
2663.71
2657.89
2651.91
2646.67
2642.41
2639.31
2637.26
2635.53
2633.05
2629.23
2624.68
2620.59
2617.24
2614.32
2611.59
2609.11
2607.13
2605.83
2605.12
2604.71
2604.49
2604.61
2605.19
2606.25
2607.75
2609.64
2611.89
2614.44
2617.25
2620.28
2623.5
2626.9
2630.53
2634.37
2638.4
2642.61
2647.02
2651.62
2656.36
2661.19
2666.12
2671.18
2676.37
2681.62
2686.86
2692.06
2697.24
2702.4
2707.55
2712.68
2717.8
2722.92
2727.97
2733.1
2737.97
2743.06
2747.67
2752.45
2756.87
2761.38
2765.61
2769.8
2773.85
2777.71
2781.44
2785.01
2788.42
2791.7
2794.82
2797.83
2800.67
2803.42
2805.98
2808.45
2810.76
2812.95
2815.01
2816.93
2818.73
2820.39
2822.02
2823.48
2824.85
2826.14
2827.36
2828.44
2829.43
2830.37
2831.23
2832.04
2832.78
2833.46
2834.09
2834.75
2835.55
3434.38
2987.43
2993.07
2986.81
2963.17
2933.66
2897.24
2859.14
2826.13
2803.76
2793.16
2790.95
2792.34
2796.23
2798.63
2798.1
2782.02
2740.94
2697.82
2669.76
2657.91
2654.91
2657.59
2663.49
2666.99
2666.74
2663.48
2657.64
2651.56
2646.22
2641.84
2638.62
2636.48
2634.68
2632.17
2628.29
2623.64
2619.4
2615.89
2612.82
2609.94
2607.3
2605.15
2603.67
2602.78
2602.22
2601.85
2601.79
2602.18
2603.07
2604.38
2606.08
2608.14
2610.51
2613.16
2616.03
2619.09
2622.35
2625.83
2629.53
2633.42
2637.49
2641.76
2646.21
2650.76
2655.4
2660.16
2665.08
2670.12
2675.17
2680.19
2685.16
2690.1
2695.03
2699.94
2704.83
2709.7
2714.53
2719.33
2724.12
2728.68
2733.41
2737.61
2742.07
2746.1
2750.29
2754.17
2758.01
2761.71
2765.25
2768.67
2771.9
2774.97
2777.88
2780.63
2783.25
2785.69
2788.03
2790.18
2792.24
2794.14
2795.94
2797.61
2799.17
2800.61
2801.95
2803.26
2804.42
2805.54
2806.63
2807.62
2808.5
2809.39
2810.2
2811
2811.74
2812.45
2813.12
2813.74
2814.35
2815.16
3433.46
2987.36
2992.89
2986.69
2963
2933.39
2896.91
2858.8
2825.85
2803.59
2793.1
2790.92
2792.3
2796.26
2798.72
2798.16
2782.85
2742.29
2698.87
2670.25
2657.86
2654.39
2656.97
2662.75
2666.44
2666.38
2663.24
2657.4
2651.23
2645.78
2641.29
2637.96
2635.71
2633.85
2631.3
2627.38
2622.62
2618.23
2614.57
2611.35
2608.32
2605.53
2603.21
2601.55
2600.49
2599.76
2599.23
2599.01
2599.24
2599.97
2601.12
2602.63
2604.48
2606.65
2609.12
2611.82
2614.72
2617.83
2621.17
2624.73
2628.48
2632.42
2636.55
2640.81
2645.16
2649.62
2654.23
2658.99
2663.84
2668.66
2673.42
2678.14
2682.85
2687.58
2692.3
2696.99
2701.66
2706.29
2710.89
2715.42
2719.8
2724.25
2728.2
2732.38
2736.12
2740.03
2743.61
2747.1
2750.44
2753.6
2756.64
2759.49
2762.2
2764.76
2767.19
2769.48
2771.62
2773.66
2775.52
2777.31
2778.93
2780.46
2781.87
2783.19
2784.39
2785.51
2786.58
2787.51
2788.47
2789.32
2790.08
2790.81
2791.49
2792.15
2792.76
2793.34
2793.9
2794.44
2794.88
2795.28
2795.13
3432.18
2987.49
2992.71
2986.56
2962.84
2933.12
2896.58
2858.45
2825.57
2803.42
2793.04
2790.89
2792.26
2796.28
2798.8
2798.22
2783.65
2743.65
2699.94
2670.76
2657.78
2653.9
2656.38
2662
2665.87
2666.03
2662.99
2657.16
2650.91
2645.35
2640.74
2637.29
2634.94
2633.01
2630.43
2626.46
2621.6
2617.06
2613.25
2609.88
2606.7
2603.75
2601.26
2599.42
2598.17
2597.25
2596.54
2596.17
2596.25
2596.81
2597.81
2599.13
2600.78
2602.74
2605.01
2607.52
2610.24
2613.17
2616.35
2619.76
2623.38
2627.19
2631.16
2635.25
2639.43
2643.73
2648.2
2652.8
2657.43
2662
2666.52
2671.04
2675.59
2680.17
2684.73
2689.26
2693.73
2698.15
2702.52
2706.76
2710.88
2714.99
2718.72
2722.6
2726.11
2729.77
2733.15
2736.43
2739.59
2742.59
2745.48
2748.17
2750.72
2753.12
2755.37
2757.47
2759.42
2761.27
2762.95
2764.56
2766.01
2767.39
2768.65
2769.83
2770.9
2771.91
2772.84
2773.68
2774.54
2775.29
2775.96
2776.63
2777.24
2777.83
2778.39
2778.92
2779.44
2779.94
2780.43
2781.07
2781.7
3431.7
2987.87
2992.54
2986.42
2962.67
2932.85
2896.24
2858.1
2825.28
2803.25
2792.98
2790.87
2792.22
2796.3
2798.88
2798.29
2784.44
2745.02
2701.05
2671.29
2657.68
2653.43
2655.81
2661.22
2665.27
2665.66
2662.72
2656.92
2650.6
2644.93
2640.19
2636.63
2634.17
2632.17
2629.55
2625.54
2620.57
2615.89
2611.92
2608.4
2605.07
2601.96
2599.31
2597.28
2595.83
2594.71
2593.8
2593.27
2593.2
2593.59
2594.44
2595.6
2597.06
2598.82
2600.88
2603.19
2605.72
2608.46
2611.46
2614.71
2618.17
2621.83
2625.63
2629.52
2633.51
2637.63
2641.93
2646.31
2650.67
2654.97
2659.25
2663.57
2667.95
2672.38
2676.77
2681.11
2685.4
2689.62
2693.78
2697.77
2701.69
2705.5
2709.07
2712.67
2715.95
2719.32
2722.46
2725.44
2728.35
2731.1
2733.76
2736.24
2738.6
2740.83
2742.93
2744.9
2746.74
2748.47
2750.06
2751.58
2752.96
2754.28
2755.47
2756.6
2757.62
2758.6
2759.45
2760.26
2761.05
2761.73
2762.35
2762.94
2763.49
2763.98
2764.44
2764.86
2765.25
2765.61
2765.98
2766.55
2767.83
3431.29
2988.48
2992.39
2986.26
2962.49
2932.57
2895.89
2857.74
2824.99
2803.08
2792.92
2790.84
2792.19
2796.32
2798.95
2798.36
2785.2
2746.4
2702.21
2671.83
2657.53
2652.99
2655.25
2660.41
2664.62
2665.28
2662.44
2656.69
2650.3
2644.5
2639.65
2635.96
2633.4
2631.31
2628.66
2624.6
2619.53
2614.7
2610.58
2606.91
2603.42
2600.13
2597.3
2595.09
2593.44
2592.11
2591
2590.28
2590.03
2590.26
2590.93
2591.93
2593.2
2594.77
2596.63
2598.74
2601.06
2603.61
2606.43
2609.49
2612.78
2616.26
2619.88
2623.58
2627.39
2631.35
2635.45
2639.59
2643.68
2647.72
2651.79
2655.95
2660.18
2664.44
2668.63
2672.74
2676.78
2680.74
2684.6
2688.29
2691.93
2695.38
2698.79
2702.06
2705.16
2708.24
2711.18
2713.95
2716.66
2719.22
2721.7
2723.99
2726.16
2728.18
2730.08
2731.84
2733.47
2735
2736.38
2737.7
2738.88
2740
2740.99
2741.92
2742.74
2743.52
2744.16
2744.79
2745.33
2745.77
2746.23
2746.57
2746.9
2747.16
2747.4
2747.58
2747.73
2747.84
2747.94
2748.03
2747.97
3430.53
2989.3
2992.24
2986.09
2962.31
2932.28
2895.54
2857.38
2824.7
2802.91
2792.86
2790.81
2792.15
2796.32
2799.02
2798.45
2785.96
2747.8
2703.41
2672.36
2657.33
2652.57
2654.69
2659.56
2663.93
2664.86
2662.14
2656.45
2650
2644.08
2639.1
2635.29
2632.61
2630.45
2627.75
2623.65
2618.48
2613.51
2609.23
2605.41
2601.75
2598.29
2595.27
2592.87
2591.02
2589.48
2588.17
2587.23
2586.83
2586.88
2587.33
2588.16
2589.27
2590.65
2592.31
2594.22
2596.35
2598.72
2601.34
2604.21
2607.31
2610.59
2614
2617.51
2621.13
2624.88
2628.73
2632.57
2636.36
2640.16
2644.03
2648.02
2652.07
2656.1
2660.03
2663.89
2667.67
2671.37
2674.96
2678.38
2681.79
2684.93
2688.2
2691.13
2694.06
2696.81
2699.51
2701.98
2704.43
2706.72
2708.94
2710.98
2712.92
2714.72
2716.42
2717.99
2719.45
2720.81
2722.05
2723.22
2724.25
2725.23
2726.09
2726.88
2727.58
2728.22
2728.72
2729.2
2729.62
2729.97
2730.28
2730.52
2730.73
2730.89
2731.01
2731.09
2731.15
2731.18
2731.18
2731.12
2730.99
3429.57
2990.54
2992.09
2985.91
2962.12
2931.99
2895.18
2857.01
2824.4
2802.74
2792.8
2790.79
2792.11
2796.32
2799.08
2798.54
2786.69
2749.2
2704.65
2672.89
2657.11
2652.2
2654.12
2658.67
2663.2
2664.43
2661.84
2656.23
2649.71
2643.66
2638.55
2634.62
2631.83
2629.58
2626.83
2622.69
2617.42
2612.3
2607.87
2603.89
2600.06
2596.41
2593.21
2590.6
2588.54
2586.79
2585.27
2584.12
2583.54
2583.41
2583.64
2584.27
2585.19
2586.37
2587.84
2589.55
2591.5
2593.68
2596.11
2598.79
2601.69
2604.77
2607.98
2611.3
2614.75
2618.3
2621.89
2625.44
2628.97
2632.56
2636.26
2640.07
2643.9
2647.65
2651.28
2654.82
2658.29
2661.69
2664.96
2668.11
2671.23
2674.08
2677.18
2679.78
2682.62
2685.08
2687.63
2689.9
2692.15
2694.24
2696.25
2698.1
2699.85
2701.46
2702.98
2704.38
2705.69
2706.9
2708
2709.03
2709.93
2710.8
2711.54
2712.25
2712.86
2713.42
2713.81
2714.22
2714.57
2714.86
2715.11
2715.3
2715.46
2715.58
2715.68
2715.73
2715.77
2715.78
2715.77
2715.72
2715.58
3428.95
2992.05
2991.92
2985.74
2961.93
2931.69
2894.81
2856.64
2824.1
2802.57
2792.74
2790.76
2792.07
2796.31
2799.12
2798.63
2787.41
2750.6
2705.91
2673.44
2656.94
2651.87
2653.51
2657.75
2662.46
2663.97
2661.52
2656
2649.43
2643.25
2638.01
2633.95
2631.04
2628.7
2625.91
2621.73
2616.37
2611.09
2606.5
2602.37
2598.37
2594.54
2591.14
2588.33
2586.05
2584.08
2582.35
2581
2580.21
2579.91
2579.96
2580.34
2581.06
2582.04
2583.29
2584.81
2586.57
2588.58
2590.83
2593.31
2596
2598.86
2601.87
2604.99
2608.24
2611.55
2614.86
2618.12
2621.41
2624.8
2628.33
2631.91
2635.45
2638.89
2642.2
2645.45
2648.64
2651.77
2654.78
2657.71
2660.58
2663.23
2666.12
2668.45
2671.14
2673.31
2675.69
2677.73
2679.75
2681.63
2683.44
2685.1
2686.7
2688.17
2689.56
2690.84
2692.06
2693.17
2694.19
2695.14
2695.98
2696.78
2697.48
2698.15
2698.74
2699.28
2699.65
2700.05
2700.41
2700.7
2700.97
2701.18
2701.37
2701.52
2701.65
2701.75
2701.83
2701.88
2701.92
2701.94
2701.9
3428.33
2993.37
2991.74
2985.57
2961.74
2931.39
2894.44
2856.26
2823.8
2802.39
2792.68
2790.74
2792.03
2796.28
2799.15
2798.73
2788.1
2752
2707.21
2674.04
2656.85
2651.57
2652.88
2656.8
2661.72
2663.5
2661.19
2655.79
2649.15
2642.85
2637.48
2633.28
2630.26
2627.83
2624.99
2620.77
2615.31
2609.88
2605.13
2600.83
2596.66
2592.64
2589.06
2586.04
2583.54
2581.33
2579.38
2577.82
2576.82
2576.34
2576.2
2576.34
2576.84
2577.61
2578.64
2579.95
2581.52
2583.34
2585.41
2587.7
2590.18
2592.83
2595.63
2598.57
2601.63
2604.72
2607.77
2610.8
2613.89
2617.11
2620.42
2623.74
2626.96
2630.05
2633.05
2636
2638.9
2641.76
2644.52
2647.22
2649.82
2652.3
2654.96
2657.11
2659.6
2661.55
2663.79
2665.68
2667.52
2669.26
2670.9
2672.44
2673.91
2675.25
2676.53
2677.71
2678.83
2679.84
2680.79
2681.65
2682.43
2683.17
2683.81
2684.46
2685
2685.54
2685.92
2686.33
2686.71
2687.02
2687.32
2687.57
2687.81
2688
2688.19
2688.34
2688.48
2688.6
2688.7
2688.79
2688.86
3427.56
2994.04
2991.56
2985.41
2961.55
2931.08
2894.07
2855.88
2823.49
2802.22
2792.63
2790.71
2791.99
2796.24
2799.16
2798.83
2788.78
2753.38
2708.53
2674.69
2656.85
2651.28
2652.19
2655.87
2660.99
2663.01
2660.85
2655.58
2648.89
2642.45
2636.95
2632.63
2629.48
2626.97
2624.08
2619.81
2614.25
2608.68
2603.77
2599.3
2594.95
2590.76
2586.99
2583.76
2581.03
2578.59
2576.42
2574.65
2573.42
2572.73
2572.41
2572.35
2572.59
2573.15
2573.96
2575.05
2576.42
2578.07
2579.95
2582.04
2584.31
2586.73
2589.31
2592.04
2594.87
2597.72
2600.52
2603.34
2606.25
2609.28
2612.34
2615.34
2618.21
2620.99
2623.71
2626.41
2629.09
2631.74
2634.29
2636.8
2639.18
2641.49
2643.9
2645.9
2648.14
2649.89
2651.91
2653.63
2655.29
2656.89
2658.38
2659.8
2661.16
2662.4
2663.58
2664.67
2665.71
2666.66
2667.56
2668.38
2669.14
2669.85
2670.49
2671.13
2671.69
2672.26
2672.68
2673.15
2673.57
2673.93
2674.28
2674.59
2674.9
2675.17
2675.43
2675.65
2675.87
2676.07
2676.25
2676.42
2676.62
3426.84
2994.3
2991.36
2985.25
2961.35
2930.77
2893.69
2855.5
2823.19
2802.05
2792.57
2790.69
2791.94
2796.19
2799.17
2798.93
2789.42
2754.74
2709.88
2675.43
2656.91
2651
2651.47
2654.97
2660.28
2662.49
2660.51
2655.37
2648.63
2642.06
2636.43
2631.98
2628.71
2626.1
2623.16
2618.85
2613.2
2607.49
2602.4
2597.76
2593.24
2588.88
2584.92
2581.48
2578.51
2575.83
2573.43
2571.44
2569.99
2569.06
2568.54
2568.3
2568.3
2568.6
2569.19
2570.06
2571.23
2572.69
2574.39
2576.28
2578.33
2580.54
2582.9
2585.43
2588.04
2590.66
2593.25
2595.91
2598.65
2601.46
2604.23
2606.89
2609.42
2611.9
2614.36
2616.84
2619.3
2621.73
2624.07
2626.35
2628.5
2630.62
2632.78
2634.66
2636.66
2638.26
2640.06
2641.64
2643.16
2644.64
2646.02
2647.33
2648.59
2649.73
2650.82
2651.82
2652.77
2653.65
2654.49
2655.27
2656.01
2656.69
2657.33
2657.94
2658.49
2659.07
2659.52
2660.03
2660.47
2660.86
2661.25
2661.6
2661.95
2662.26
2662.57
2662.85
2663.12
2663.38
2663.62
2663.85
2664.14
3426.21
2994.23
2991.17
2985.08
2961.15
2930.46
2893.31
2855.11
2822.89
2801.88
2792.51
2790.67
2791.9
2796.13
2799.18
2799.04
2790.03
2756.07
2711.23
2676.24
2657.1
2650.69
2650.72
2654.13
2659.59
2661.95
2660.15
2655.17
2648.38
2641.68
2635.93
2631.34
2627.95
2625.25
2622.25
2617.89
2612.16
2606.3
2601.05
2596.24
2591.56
2587.02
2582.87
2579.22
2576.02
2573.09
2570.47
2568.26
2566.58
2565.41
2564.66
2564.21
2563.99
2564.05
2564.4
2565.06
2566.02
2567.29
2568.79
2570.47
2572.31
2574.29
2576.43
2578.72
2581.08
2583.46
2585.85
2588.34
2590.89
2593.45
2595.91
2598.23
2600.46
2602.69
2604.95
2607.23
2609.5
2611.74
2613.87
2615.92
2617.84
2619.73
2621.65
2623.36
2625.1
2626.57
2628.12
2629.55
2630.9
2632.25
2633.49
2634.69
2635.84
2636.89
2637.89
2638.82
2639.71
2640.55
2641.36
2642.11
2642.83
2643.51
2644.15
2644.75
2645.3
2645.88
2646.35
2646.89
2647.36
2647.78
2648.2
2648.59
2648.98
2649.33
2649.68
2650.01
2650.32
2650.63
2650.92
2651.21
2651.57
3425.52
2994.11
2990.97
2984.92
2960.95
2930.14
2892.92
2854.72
2822.58
2801.71
2792.46
2790.65
2791.85
2796.07
2799.2
2799.15
2790.6
2757.37
2712.61
2677.12
2657.37
2650.35
2649.97
2653.33
2658.89
2661.38
2659.78
2654.98
2648.13
2641.31
2635.43
2630.71
2627.19
2624.4
2621.35
2616.94
2611.12
2605.12
2599.7
2594.73
2589.89
2585.17
2580.82
2576.95
2573.51
2570.35
2567.5
2565.07
2563.15
2561.73
2560.73
2560.06
2559.63
2559.45
2559.54
2559.96
2560.72
2561.79
2563.09
2564.57
2566.19
2567.97
2569.9
2571.97
2574.09
2576.25
2578.46
2580.77
2583.11
2585.39
2587.53
2589.55
2591.53
2593.56
2595.62
2597.69
2599.73
2601.71
2603.58
2605.37
2607.04
2608.68
2610.35
2611.88
2613.36
2614.74
2616.05
2617.39
2618.57
2619.77
2620.88
2621.96
2622.99
2623.94
2624.86
2625.73
2626.57
2627.36
2628.14
2628.88
2629.58
2630.25
2630.88
2631.48
2632.02
2632.56
2633.04
2633.59
2634.05
2634.47
2634.89
2635.28
2635.67
2636.04
2636.39
2636.73
2637.06
2637.38
2637.69
2638
2638.39
3424.68
2993.96
2990.77
2984.75
2960.74
2929.82
2892.53
2854.33
2822.27
2801.54
2792.4
2790.63
2791.81
2796.02
2799.23
2799.27
2791.15
2758.65
2713.99
2678.02
2657.65
2649.99
2649.24
2652.57
2658.17
2660.78
2659.4
2654.78
2647.89
2640.96
2634.95
2630.09
2626.44
2623.55
2620.44
2616
2610.09
2603.95
2598.37
2593.24
2588.24
2583.34
2578.79
2574.7
2571.03
2567.63
2564.56
2561.9
2559.75
2558.07
2556.82
2555.91
2555.26
2554.84
2554.69
2554.86
2555.4
2556.26
2557.36
2558.62
2560.02
2561.58
2563.29
2565.12
2567
2568.94
2570.95
2573.06
2575.14
2577.12
2578.97
2580.75
2582.55
2584.4
2586.28
2588.14
2589.92
2591.62
2593.21
2594.73
2596.15
2597.55
2598.96
2600.28
2601.48
2602.79
2603.83
2605.09
2606.08
2607.12
2608.09
2609.03
2609.94
2610.81
2611.65
2612.45
2613.24
2614
2614.76
2615.47
2616.16
2616.81
2617.44
2618.03
2618.59
2619.11
2619.6
2620.15
2620.61
2621.03
2621.46
2621.86
2622.25
2622.63
2622.99
2623.35
2623.69
2624.02
2624.35
2624.68
2625.1
3423.87
2993.78
2990.57
2984.57
2960.53
2929.49
2892.14
2853.94
2821.97
2801.37
2792.35
2790.6
2791.76
2795.97
2799.28
2799.4
2791.66
2759.9
2715.4
2678.95
2657.89
2649.62
2648.54
2651.83
2657.42
2660.14
2659.01
2654.59
2647.66
2640.61
2634.47
2629.48
2625.7
2622.71
2619.54
2615.06
2609.07
2602.78
2597.05
2591.76
2586.59
2581.51
2576.75
2572.44
2568.55
2564.91
2561.6
2558.72
2556.33
2554.4
2552.89
2551.73
2550.84
2550.19
2549.8
2549.72
2550.01
2550.66
2551.54
2552.58
2553.76
2555.12
2556.62
2558.23
2559.9
2561.63
2563.45
2565.31
2567.12
2568.8
2570.4
2571.99
2573.63
2575.31
2576.97
2578.55
2580.03
2581.41
2582.69
2583.93
2585.12
2586.29
2587.47
2588.6
2589.56
2590.78
2591.59
2592.77
2593.58
2594.47
2595.32
2596.13
2596.93
2597.7
2598.46
2599.19
2599.91
2600.6
2601.29
2601.94
2602.58
2603.18
2603.76
2604.32
2604.84
2605.33
2605.8
2606.33
2606.76
2607.18
2607.59
2607.99
2608.37
2608.75
2609.1
2609.45
2609.79
2610.13
2610.46
2610.78
2611.2
3423.15
2993.59
2990.36
2984.4
2960.31
2929.16
2891.74
2853.54
2821.66
2801.2
2792.3
2790.58
2791.72
2795.92
2799.34
2799.54
2792.16
2761.13
2716.81
2679.89
2658.09
2649.24
2647.87
2651.09
2656.63
2659.46
2658.6
2654.39
2647.43
2640.28
2634.01
2628.88
2624.97
2621.87
2618.64
2614.12
2608.06
2601.64
2595.74
2590.3
2584.96
2579.69
2574.73
2570.21
2566.09
2562.21
2558.67
2555.55
2552.93
2550.75
2548.97
2547.56
2546.43
2545.54
2544.9
2544.61
2544.65
2545.03
2545.68
2546.5
2547.45
2548.58
2549.85
2551.24
2552.68
2554.21
2555.81
2557.41
2558.92
2560.33
2561.72
2563.16
2564.65
2566.12
2567.52
2568.81
2569.99
2571.08
2572.09
2573.08
2574.04
2575
2575.96
2576.9
2577.67
2578.74
2579.36
2580.39
2581.02
2581.76
2582.48
2583.17
2583.86
2584.53
2585.2
2585.84
2586.48
2587.09
2587.68
2588.25
2588.82
2589.36
2589.88
2590.38
2590.87
2591.33
2591.77
2592.25
2592.67
2593.07
2593.47
2593.87
2594.25
2594.62
2594.97
2595.32
2595.65
2595.99
2596.32
2596.64
2597.03
3422.34
2993.36
2990.16
2984.22
2960.1
2928.83
2891.34
2853.14
2821.35
2801.03
2792.24
2790.56
2791.68
2795.88
2799.4
2799.68
2792.64
2762.35
2718.24
2680.85
2658.29
2648.86
2647.23
2650.35
2655.79
2658.76
2658.2
2654.18
2647.21
2639.96
2633.56
2628.29
2624.25
2621.04
2617.74
2613.18
2607.05
2600.5
2594.45
2588.84
2583.32
2577.86
2572.7
2567.97
2563.62
2559.52
2555.74
2552.39
2549.52
2547.09
2545.03
2543.35
2541.98
2540.85
2539.96
2539.44
2539.26
2539.39
2539.77
2540.36
2541.09
2541.99
2543.05
2544.22
2545.47
2546.79
2548.16
2549.48
2550.69
2551.85
2553.07
2554.34
2555.64
2556.85
2557.95
2558.91
2559.78
2560.61
2561.39
2562.17
2562.93
2563.67
2564.44
2565.2
2565.85
2566.71
2567.18
2568.01
2568.47
2569.06
2569.66
2570.21
2570.78
2571.35
2571.9
2572.44
2572.97
2573.47
2573.98
2574.45
2574.91
2575.36
2575.8
2576.23
2576.65
2577.05
2577.46
2577.86
2578.23
2578.61
2578.99
2579.37
2579.73
2580.09
2580.42
2580.76
2581.08
2581.41
2581.72
2582.03
2582.4
3421.66
2993.09
2989.95
2984.04
2959.87
2928.49
2890.93
2852.74
2821.04
2800.87
2792.19
2790.55
2791.63
2795.85
2799.47
2799.82
2793.12
2763.55
2719.68
2681.82
2658.5
2648.52
2646.64
2649.6
2654.89
2658.04
2657.79
2653.96
2646.99
2639.65
2633.12
2627.7
2623.53
2620.22
2616.86
2612.25
2606.05
2599.37
2593.17
2587.39
2581.69
2576.04
2570.69
2565.74
2561.18
2556.84
2552.84
2549.25
2546.14
2543.44
2541.11
2539.15
2537.52
2536.15
2535.03
2534.25
2533.86
2533.76
2533.87
2534.19
2534.69
2535.36
2536.18
2537.11
2538.15
2539.26
2540.39
2541.42
2542.37
2543.31
2544.34
2545.42
2546.47
2547.39
2548.17
2548.84
2549.44
2550.04
2550.65
2551.24
2551.82
2552.35
2552.9
2553.47
2553.99
2554.61
2554.96
2555.57
2555.84
2556.28
2556.73
2557.12
2557.54
2557.97
2558.39
2558.8
2559.21
2559.6
2559.98
2560.35
2560.73
2561.08
2561.44
2561.8
2562.16
2562.51
2562.87
2563.22
2563.54
2563.89
2564.24
2564.59
2564.92
2565.26
2565.57
2565.89
2566.19
2566.5
2566.8
2567.09
2567.44
3420.85
2992.79
2989.74
2983.85
2959.65
2928.14
2890.52
2852.34
2820.73
2800.7
2792.14
2790.53
2791.59
2795.82
2799.54
2799.96
2793.58
2764.74
2721.14
2682.83
2658.76
2648.22
2646.08
2648.84
2653.95
2657.33
2657.39
2653.71
2646.78
2639.36
2632.69
2627.13
2622.83
2619.41
2615.98
2611.33
2605.06
2598.25
2591.89
2585.95
2580.07
2574.23
2568.68
2563.52
2558.73
2554.16
2549.93
2546.11
2542.75
2539.78
2537.16
2534.92
2533.03
2531.41
2530.05
2529.03
2528.39
2528.07
2527.95
2528.01
2528.26
2528.7
2529.29
2530
2530.83
2531.73
2532.61
2533.38
2534.08
2534.81
2535.63
2536.45
2537.19
2537.78
2538.27
2538.67
2539.04
2539.44
2539.87
2540.28
2540.68
2541
2541.36
2541.68
2542.02
2542.37
2542.64
2543.08
2543.17
2543.44
2543.7
2543.9
2544.14
2544.4
2544.67
2544.93
2545.2
2545.45
2545.71
2545.96
2546.23
2546.49
2546.76
2547.03
2547.32
2547.61
2547.92
2548.18
2548.44
2548.74
2549.03
2549.32
2549.6
2549.87
2550.14
2550.4
2550.66
2550.92
2551.19
2551.46
2551.77
3419.96
2992.48
2989.53
2983.66
2959.42
2927.79
2890.1
2851.93
2820.42
2800.54
2792.09
2790.51
2791.55
2795.78
2799.61
2800.08
2794.02
2765.92
2722.6
2683.87
2659.07
2648
2645.55
2648.09
2652.99
2656.61
2656.98
2653.44
2646.57
2639.08
2632.28
2626.57
2622.14
2618.61
2615.11
2610.41
2604.07
2597.14
2590.63
2584.52
2578.46
2572.44
2566.69
2561.32
2556.29
2551.5
2547.05
2543
2539.39
2536.13
2533.23
2530.7
2528.53
2526.66
2525.07
2523.81
2522.91
2522.34
2522
2521.82
2521.82
2521.99
2522.33
2522.81
2523.42
2524.09
2524.72
2525.24
2525.72
2526.26
2526.85
2527.37
2527.77
2528.04
2528.25
2528.44
2528.65
2528.88
2529.11
2529.32
2529.51
2529.6
2529.76
2529.81
2529.95
2529.98
2530.1
2530.32
2530.24
2530.3
2530.35
2530.37
2530.43
2530.51
2530.61
2530.71
2530.82
2530.93
2531.05
2531.19
2531.35
2531.51
2531.71
2531.91
2532.12
2532.34
2532.57
2532.76
2532.96
2533.19
2533.4
2533.62
2533.83
2534.04
2534.24
2534.44
2534.64
2534.84
2535.05
2535.27
2535.55
3419.24
2992.18
2989.31
2983.47
2959.18
2927.44
2889.68
2851.52
2820.11
2800.37
2792.04
2790.49
2791.52
2795.74
2799.66
2800.2
2794.46
2767.08
2724.07
2684.96
2659.47
2647.82
2645.05
2647.33
2652.02
2655.9
2656.54
2653.16
2646.38
2638.81
2631.87
2626.03
2621.46
2617.81
2614.24
2609.5
2603.08
2596.03
2589.36
2583.09
2576.87
2570.67
2564.71
2559.11
2553.86
2548.83
2544.16
2539.89
2536.02
2532.48
2529.28
2526.46
2524.01
2521.87
2520.03
2518.53
2517.39
2516.57
2515.98
2515.58
2515.36
2515.3
2515.39
2515.63
2516.01
2516.44
2516.83
2517.11
2517.39
2517.72
2518.05
2518.26
2518.31
2518.28
2518.25
2518.26
2518.32
2518.37
2518.38
2518.35
2518.28
2518.14
2518.07
2517.87
2517.79
2517.48
2517.37
2517.32
2517.06
2516.93
2516.78
2516.6
2516.47
2516.35
2516.27
2516.19
2516.13
2516.08
2516.05
2516.05
2516.07
2516.11
2516.19
2516.28
2516.4
2516.53
2516.68
2516.75
2516.86
2517.01
2517.13
2517.27
2517.39
2517.52
2517.65
2517.78
2517.92
2518.06
2518.21
2518.34
2518.57
3418.43
2991.89
2989.1
2983.27
2958.94
2927.08
2889.25
2851.1
2819.79
2800.21
2791.99
2790.47
2791.48
2795.7
2799.7
2800.31
2794.87
2768.23
2725.54
2686.09
2659.94
2647.7
2644.55
2646.57
2651.06
2655.17
2656.08
2652.86
2646.19
2638.56
2631.48
2625.49
2620.79
2617.03
2613.37
2608.58
2602.1
2594.93
2588.11
2581.68
2575.3
2568.92
2562.76
2556.93
2551.43
2546.17
2541.29
2536.79
2532.67
2528.84
2525.35
2522.23
2519.49
2517.09
2514.99
2513.25
2511.85
2510.77
2509.94
2509.3
2508.84
2508.54
2508.4
2508.39
2508.52
2508.71
2508.86
2508.91
2509
2509.1
2509.15
2509.05
2508.82
2508.56
2508.33
2508.17
2508.06
2507.9
2507.67
2507.36
2507.02
2506.62
2506.28
2505.82
2505.49
2504.88
2504.5
2504.15
2503.69
2503.32
2502.96
2502.57
2502.23
2501.92
2501.63
2501.36
2501.12
2500.9
2500.71
2500.55
2500.42
2500.31
2500.25
2500.2
2500.18
2500.19
2500.24
2500.17
2500.18
2500.24
2500.27
2500.33
2500.36
2500.43
2500.48
2500.55
2500.64
2500.74
2500.88
2501.03
2501.03
3417.67
2991.59
2988.88
2983.07
2958.69
2926.71
2888.82
2850.68
2819.48
2800.04
2791.95
2790.46
2791.44
2795.65
2799.72
2800.4
2795.27
2769.35
2727
2687.27
2660.48
2647.59
2644.06
2645.8
2650.1
2654.44
2655.58
2652.54
2646
2638.32
2631.1
2624.97
2620.13
2616.25
2612.51
2607.67
2601.12
2593.82
2586.86
2580.29
2573.76
2567.19
2560.82
2554.74
2549
2543.51
2538.4
2533.68
2529.3
2525.19
2521.39
2517.98
2514.95
2512.27
2509.91
2507.91
2506.26
2504.93
2503.86
2503
2502.32
2501.77
2501.39
2501.14
2501.04
2500.97
2500.88
2500.74
2500.61
2500.46
2500.21
2499.82
2499.36
2498.93
2498.54
2498.2
2497.85
2497.43
2496.91
2496.32
2495.69
2495.04
2494.4
2493.71
2493.11
2492.25
2491.59
2490.94
2490.27
2489.62
2489.02
2488.4
2487.85
2487.31
2486.81
2486.33
2485.89
2485.48
2485.11
2484.77
2484.46
2484.18
2483.94
2483.72
2483.53
2483.38
2483.29
2483.06
2482.94
2482.88
2482.79
2482.73
2482.67
2482.64
2482.6
2482.59
2482.59
2482.62
2482.73
2482.91
2482.61
3416.82
2991.28
2988.66
2982.86
2958.44
2926.33
2888.37
2850.25
2819.16
2799.88
2791.9
2790.44
2791.4
2795.6
2799.74
2800.48
2795.65
2770.45
2728.46
2688.47
2661.07
2647.5
2643.56
2645.03
2649.14
2653.69
2655.04
2652.21
2645.83
2638.09
2630.72
2624.45
2619.48
2615.47
2611.65
2606.76
2600.15
2592.73
2585.62
2578.91
2572.23
2565.49
2558.89
2552.57
2546.58
2540.85
2535.52
2530.57
2525.93
2521.53
2517.44
2513.73
2510.41
2507.45
2504.83
2502.56
2500.65
2499.06
2497.75
2496.66
2495.75
2494.98
2494.34
2493.84
2493.48
2493.15
2492.83
2492.5
2492.17
2491.76
2491.2
2490.55
2489.92
2489.35
2488.83
2488.27
2487.65
2486.91
2486.09
2485.23
2484.35
2483.46
2482.5
2481.56
2480.68
2479.61
2478.66
2477.72
2476.82
2475.87
2475.02
2474.14
2473.34
2472.57
2471.83
2471.14
2470.47
2469.85
2469.27
2468.73
2468.21
2467.72
2467.28
2466.86
2466.48
2466.15
2465.89
2465.49
2465.22
2465.03
2464.8
2464.63
2464.44
2464.31
2464.17
2464.06
2463.96
2463.91
2463.94
2464.13
2463.53
3415.92
2990.96
2988.44
2982.65
2958.19
2925.95
2887.93
2849.82
2818.84
2799.71
2791.85
2790.42
2791.36
2795.55
2799.75
2800.56
2796.02
2771.53
2729.91
2689.7
2661.69
2647.4
2643.05
2644.25
2648.19
2652.93
2654.47
2651.86
2645.66
2637.87
2630.36
2623.95
2618.84
2614.71
2610.8
2605.86
2599.17
2591.64
2584.39
2577.54
2570.71
2563.79
2556.97
2550.41
2544.17
2538.19
2532.62
2527.43
2522.53
2517.85
2513.45
2509.44
2505.83
2502.6
2499.71
2497.17
2494.99
2493.14
2491.58
2490.27
2489.16
2488.17
2487.3
2486.55
2485.92
2485.34
2484.8
2484.28
2483.73
2483.04
2482.21
2481.34
2480.55
2479.84
2479.14
2478.36
2477.45
2476.39
2475.27
2474.14
2473.04
2471.93
2470.7
2469.53
2468.31
2467.05
2465.85
2464.62
2463.49
2462.24
2461.14
2459.99
2458.92
2457.89
2456.9
2455.96
2455.06
2454.2
2453.37
2452.6
2451.85
2451.13
2450.46
2449.81
2449.21
2448.67
2448.22
2447.6
2447.14
2446.75
2446.35
2446
2445.66
2445.37
2445.08
2444.85
2444.62
2444.46
2444.39
2444.56
2443.66
3415.18
2990.63
2988.22
2982.44
2957.92
2925.56
2887.47
2849.39
2818.52
2799.55
2791.8
2790.41
2791.33
2795.49
2799.75
2800.63
2796.37
2772.58
2731.36
2690.95
2662.33
2647.31
2642.53
2643.46
2647.23
2652.13
2653.86
2651.49
2645.5
2637.66
2630.01
2623.46
2618.21
2613.95
2609.96
2604.96
2598.21
2590.55
2583.16
2576.17
2569.21
2562.11
2555.08
2548.27
2541.78
2535.55
2529.74
2524.3
2519.13
2514.15
2509.45
2505.13
2501.23
2497.73
2494.57
2491.77
2489.3
2487.17
2485.37
2483.84
2482.51
2481.31
2480.21
2479.22
2478.32
2477.49
2476.73
2476
2475.23
2474.3
2473.25
2472.22
2471.27
2470.35
2469.42
2468.39
2467.22
2465.9
2464.53
2463.16
2461.83
2460.5
2459.04
2457.63
2456.08
2454.6
2453.14
2451.63
2450.26
2448.74
2447.4
2445.95
2444.59
2443.26
2441.98
2440.76
2439.6
2438.49
2437.41
2436.38
2435.39
2434.43
2433.53
2432.64
2431.82
2431.06
2430.4
2429.55
2428.86
2428.25
2427.63
2427.07
2426.53
2426.03
2425.56
2425.13
2424.73
2424.42
2424.17
2424.3
2422.97
3414.24
2990.29
2987.99
2982.22
2957.66
2925.17
2887.01
2848.95
2818.2
2799.39
2791.76
2790.39
2791.29
2795.43
2799.75
2800.71
2796.72
2773.6
2732.79
2692.23
2662.99
2647.22
2642.03
2642.67
2646.27
2651.31
2653.21
2651.11
2645.35
2637.47
2629.67
2622.97
2617.59
2613.21
2609.13
2604.07
2597.24
2589.47
2581.94
2574.81
2567.7
2560.43
2553.19
2546.15
2539.4
2532.92
2526.85
2521.15
2515.7
2510.43
2505.4
2500.77
2496.57
2492.79
2489.37
2486.3
2483.55
2481.14
2479.08
2477.33
2475.8
2474.4
2473.09
2471.86
2470.72
2469.66
2468.68
2467.75
2466.73
2465.59
2464.38
2463.22
2462.11
2460.94
2459.72
2458.4
2456.99
2455.46
2453.91
2452.34
2450.79
2449.21
2447.53
2445.9
2444.09
2442.36
2440.61
2438.82
2437.22
2435.45
2433.87
2432.15
2430.48
2428.84
2427.24
2425.7
2424.24
2422.83
2421.47
2420.16
2418.92
2417.72
2416.57
2415.44
2414.38
2413.38
2412.49
2411.42
2410.49
2409.65
2408.81
2408.02
2407.27
2406.56
2405.89
2405.26
2404.69
2404.21
2403.78
2403.86
2402.1
3413.43
2989.95
2987.76
2981.99
2957.38
2924.77
2886.54
2848.5
2817.87
2799.22
2791.71
2790.38
2791.25
2795.36
2799.75
2800.8
2797.05
2774.61
2734.22
2693.52
2663.67
2647.18
2641.54
2641.87
2645.32
2650.47
2652.54
2650.71
2645.19
2637.27
2629.34
2622.5
2616.98
2612.48
2608.31
2603.19
2596.29
2588.39
2580.72
2573.45
2566.2
2558.75
2551.33
2544.06
2537.05
2530.31
2523.98
2518.02
2512.28
2506.7
2501.34
2496.38
2491.88
2487.81
2484.12
2480.78
2477.75
2475.05
2472.72
2470.72
2468.98
2467.38
2465.86
2464.42
2463.04
2461.76
2460.59
2459.46
2458.23
2456.89
2455.54
2454.26
2452.98
2451.59
2450.1
2448.49
2446.83
2445.13
2443.46
2441.72
2439.95
2438.1
2436.23
2434.36
2432.36
2430.37
2428.37
2426.3
2424.4
2422.4
2420.56
2418.62
2416.68
2414.76
2412.85
2411
2409.21
2407.48
2405.83
2404.22
2402.69
2401.21
2399.8
2398.42
2397.12
2395.85
2394.68
2393.39
2392.23
2391.11
2390.04
2389.01
2388.02
2387.09
2386.2
2385.37
2384.59
2383.92
2383.33
2383.31
2381.21
3412.62
2989.6
2987.53
2981.76
2957.1
2924.35
2886.06
2848.05
2817.54
2799.06
2791.67
2790.36
2791.21
2795.3
2799.76
2800.9
2797.39
2775.6
2735.65
2694.83
2664.39
2647.19
2641.08
2641.08
2644.39
2649.61
2651.84
2650.31
2645.04
2637.08
2629.02
2622.04
2616.38
2611.76
2607.5
2602.32
2595.34
2587.32
2579.5
2572.09
2564.69
2557.09
2549.48
2541.99
2534.72
2527.71
2521.13
2514.89
2508.86
2502.95
2497.26
2491.96
2487.14
2482.76
2478.79
2475.17
2471.86
2468.87
2466.26
2464.01
2462.04
2460.24
2458.53
2456.88
2455.28
2453.8
2452.45
2451.14
2449.74
2448.25
2446.75
2445.3
2443.83
2442.26
2440.56
2438.73
2436.86
2434.98
2433.18
2431.27
2429.3
2427.22
2425.15
2423.03
2420.86
2418.64
2416.4
2414.07
2411.84
2409.6
2407.46
2405.27
2403.09
2400.91
2398.74
2396.59
2394.49
2392.45
2390.48
2388.58
2386.75
2384.99
2383.3
2381.65
2380.08
2378.53
2377.09
2375.54
2374.14
2372.75
2371.43
2370.16
2368.94
2367.77
2366.64
2365.57
2364.55
2363.65
2362.8
2362.53
2360.11
3411.62
2989.24
2987.3
2981.52
2956.81
2923.93
2885.58
2847.6
2817.21
2798.9
2791.62
2790.35
2791.18
2795.23
2799.77
2801.01
2797.72
2776.58
2737.07
2696.17
2665.17
2647.27
2640.65
2640.3
2643.48
2648.72
2651.13
2649.89
2644.87
2636.9
2628.71
2621.6
2615.8
2611.05
2606.7
2601.45
2594.4
2586.25
2578.28
2570.73
2563.18
2555.43
2547.65
2539.93
2532.41
2525.14
2518.3
2511.8
2505.47
2499.23
2493.19
2487.55
2482.38
2477.69
2473.41
2469.5
2465.9
2462.62
2459.7
2457.17
2454.94
2452.93
2451.02
2449.16
2447.35
2445.67
2444.13
2442.67
2441.15
2439.57
2437.94
2436.29
2434.62
2432.88
2431.05
2429.11
2427.11
2425.08
2423.09
2420.97
2418.83
2416.55
2414.3
2411.96
2409.59
2407.15
2404.7
2402.14
2399.61
2397.11
2394.65
2392.2
2389.76
2387.34
2384.92
2382.5
2380.12
2377.79
2375.52
2373.33
2371.22
2369.18
2367.2
2365.28
2363.42
2361.61
2359.89
2358.1
2356.46
2354.82
2353.26
2351.78
2350.33
2348.95
2347.62
2346.35
2345.14
2344.05
2343.01
2342.52
2339.9
3410.82
2988.87
2987.06
2981.28
2956.51
2923.51
2885.08
2847.13
2816.88
2798.74
2791.58
2790.33
2791.14
2795.17
2799.79
2801.13
2798.04
2777.53
2738.49
2697.53
2666
2647.43
2640.25
2639.53
2642.57
2647.81
2650.4
2649.46
2644.69
2636.71
2628.41
2621.16
2615.22
2610.35
2605.91
2600.59
2593.46
2585.18
2577.06
2569.36
2561.68
2553.78
2545.82
2537.88
2530.1
2522.58
2515.48
2508.71
2502.09
2495.52
2489.13
2483.13
2477.62
2472.59
2467.99
2463.76
2459.86
2456.28
2453.05
2450.2
2447.7
2445.45
2443.33
2441.28
2439.26
2437.39
2435.65
2434.03
2432.42
2430.78
2429.07
2427.26
2425.37
2423.45
2421.49
2419.5
2417.48
2415.37
2413.19
2410.86
2408.54
2406.13
2403.73
2401.21
2398.63
2396.01
2393.34
2390.62
2387.87
2385.15
2382.41
2379.7
2377
2374.33
2371.66
2369
2366.37
2363.79
2361.26
2358.81
2356.42
2354.1
2351.84
2349.64
2347.49
2345.41
2343.38
2341.34
2339.42
2337.55
2335.72
2333.98
2332.3
2330.67
2329.11
2327.6
2326.16
2324.84
2323.57
2322.81
2319.94
3409.82
2988.5
2986.82
2981.04
2956.21
2923.07
2884.58
2846.67
2816.55
2798.57
2791.54
2790.32
2791.11
2795.11
2799.81
2801.26
2798.36
2778.48
2739.91
2698.91
2666.88
2647.64
2639.87
2638.78
2641.67
2646.87
2649.65
2649.01
2644.49
2636.53
2628.14
2620.74
2614.65
2609.66
2605.12
2599.74
2592.54
2584.13
2575.84
2567.99
2560.18
2552.15
2544
2535.83
2527.8
2520.02
2512.68
2505.65
2498.74
2491.83
2485.09
2478.75
2472.89
2467.51
2462.57
2458.02
2453.79
2449.89
2446.34
2443.16
2440.33
2437.8
2435.43
2433.18
2430.97
2428.9
2426.96
2425.16
2423.43
2421.74
2419.99
2418.11
2416.09
2413.98
2411.88
2409.83
2407.83
2405.7
2403.44
2400.98
2398.53
2395.99
2393.47
2390.85
2388.07
2385.33
2382.39
2379.56
2376.65
2373.77
2370.84
2367.93
2364.99
2362.05
2359.11
2356.2
2353.34
2350.54
2347.81
2345.13
2342.51
2339.93
2337.41
2334.96
2332.53
2330.2
2327.89
2325.65
2323.5
2321.41
2319.36
2317.39
2315.51
2313.68
2311.91
2310.21
2308.57
2307.05
2305.58
2304.56
2301.51
3408.91
2988.12
2986.58
2980.78
2955.9
2922.62
2884.07
2846.19
2816.21
2798.41
2791.49
2790.31
2791.07
2795.05
2799.84
2801.39
2798.66
2779.4
2741.32
2700.31
2667.83
2647.89
2639.49
2638.03
2640.76
2645.9
2648.88
2648.54
2644.26
2636.35
2627.87
2620.33
2614.1
2608.97
2604.34
2598.9
2591.62
2583.08
2574.63
2566.63
2558.68
2550.51
2542.18
2533.78
2525.5
2517.47
2509.87
2502.59
2495.38
2488.14
2481.05
2474.36
2468.16
2462.44
2457.16
2452.26
2447.71
2443.48
2439.59
2436.06
2432.89
2430.04
2427.4
2424.91
2422.5
2420.24
2418.11
2416.13
2414.25
2412.46
2410.66
2408.75
2406.69
2404.49
2402.29
2400.15
2398.09
2395.93
2393.67
2391.23
2388.75
2386.12
2383.51
2380.81
2377.92
2375.13
2371.93
2368.94
2365.89
2362.89
2359.86
2356.85
2353.75
2350.61
2347.42
2344.26
2341.17
2338.18
2335.27
2332.41
2329.59
2326.8
2324.06
2321.37
2318.72
2316.19
2313.6
2311.19
2308.83
2306.52
2304.27
2302.11
2300.04
2298.02
2296.07
2294.18
2292.37
2290.66
2289.01
2287.77
2284.54
3408
2987.73
2986.34
2980.52
2955.58
2922.16
2883.55
2845.71
2815.87
2798.25
2791.45
2790.3
2791.04
2794.99
2799.86
2801.51
2798.94
2780.3
2742.72
2701.73
2668.8
2648.16
2639.12
2637.29
2639.85
2644.89
2648.1
2648.05
2643.99
2636.18
2627.63
2619.93
2613.55
2608.3
2603.56
2598.06
2590.71
2582.04
2573.42
2565.27
2557.19
2548.87
2540.36
2531.73
2523.2
2514.92
2507.07
2499.52
2492.01
2484.45
2477.02
2469.99
2463.46
2457.4
2451.76
2446.52
2441.63
2437.07
2432.83
2428.94
2425.4
2422.21
2419.26
2416.5
2413.87
2411.41
2409.09
2406.94
2404.9
2402.98
2401.07
2399.1
2397.03
2394.89
2392.73
2390.56
2388.37
2386.1
2383.86
2381.53
2379.12
2376.47
2373.8
2371.04
2368.12
2365.37
2362
2358.87
2355.66
2352.55
2349.47
2346.43
2343.29
2340.03
2336.69
2333.35
2330.09
2326.94
2323.89
2320.88
2317.9
2314.95
2312.03
2309.15
2306.35
2303.62
2300.92
2298.3
2295.79
2293.29
2290.91
2288.6
2286.37
2284.23
2282.13
2280.12
2278.17
2276.3
2274.52
2273.07
2269.76
3407.02
2987.33
2986.09
2980.26
2955.25
2921.7
2883.01
2845.22
2815.52
2798.08
2791.41
2790.28
2791
2794.93
2799.87
2801.62
2799.2
2781.18
2744.1
2703.17
2669.82
2648.46
2638.75
2636.56
2638.95
2643.84
2647.3
2647.53
2643.69
2636.01
2627.39
2619.54
2613.01
2607.63
2602.8
2597.23
2589.8
2581
2572.22
2563.91
2555.7
2547.23
2538.53
2529.68
2520.91
2512.36
2504.25
2496.43
2488.63
2480.73
2472.96
2465.59
2458.72
2452.33
2446.35
2440.76
2435.53
2430.64
2426.06
2421.8
2417.89
2414.34
2411.08
2408.04
2405.16
2402.48
2399.95
2397.62
2395.44
2393.38
2391.33
2389.24
2387.14
2385.08
2383.07
2381
2378.76
2376.39
2374.11
2371.85
2369.5
2366.89
2364.24
2361.46
2358.62
2355.97
2352.63
2349.47
2346.18
2342.96
2339.83
2336.78
2333.64
2330.37
2326.98
2323.57
2320.22
2316.98
2313.8
2310.65
2307.53
2304.45
2301.39
2298.39
2295.44
2292.52
2289.75
2286.91
2284.38
2281.73
2279.23
2276.78
2274.43
2272.18
2269.98
2267.87
2265.82
2263.84
2261.97
2260.39
2257.03
3406.07
2986.93
2985.84
2979.98
2954.91
2921.22
2882.47
2844.72
2815.18
2797.92
2791.37
2790.27
2790.97
2794.87
2799.88
2801.72
2799.44
2782.04
2745.47
2704.61
2670.86
2648.78
2638.4
2635.86
2638.04
2642.77
2646.46
2646.98
2643.37
2635.85
2627.17
2619.16
2612.47
2606.98
2602.05
2596.41
2588.9
2579.97
2571.03
2562.56
2554.2
2545.58
2536.7
2527.64
2518.62
2509.82
2501.44
2493.34
2485.22
2476.99
2468.87
2461.16
2453.96
2447.23
2440.91
2434.97
2429.4
2424.17
2419.24
2414.62
2410.33
2406.4
2402.81
2399.49
2396.37
2393.43
2390.67
2388.12
2385.79
2383.61
2381.48
2379.31
2377.15
2375.13
2373.23
2371.3
2369.18
2366.87
2364.56
2362.27
2359.94
2357.44
2354.9
2352.2
2349.52
2346.97
2343.9
2340.9
2337.68
2334.43
2331.21
2328.1
2324.96
2321.73
2318.38
2315.01
2311.7
2308.44
2305.21
2301.97
2298.75
2295.57
2292.44
2289.36
2286.32
2283.38
2280.55
2277.63
2274.96
2272.24
2269.68
2267.15
2264.72
2262.4
2260.11
2257.92
2255.78
2253.72
2251.77
2250.07
2246.71
3405.02
2986.52
2985.59
2979.7
2954.56
2920.73
2881.92
2844.22
2814.83
2797.76
2791.33
2790.26
2790.94
2794.8
2799.88
2801.81
2799.66
2782.87
2746.83
2706.05
2671.93
2649.13
2638.08
2635.2
2637.15
2641.68
2645.6
2646.39
2643.03
2635.7
2626.96
2618.79
2611.96
2606.33
2601.31
2595.6
2588.01
2578.95
2569.84
2561.21
2552.7
2543.92
2534.87
2525.61
2516.34
2507.27
2498.62
2490.23
2481.8
2473.22
2464.74
2456.66
2449.12
2442.05
2435.39
2429.1
2423.17
2417.59
2412.33
2407.34
2402.67
2398.36
2394.43
2390.82
2387.46
2384.3
2381.3
2378.48
2375.94
2373.64
2371.47
2369.33
2367.19
2365.14
2363.2
2361.3
2359.36
2357.27
2355.09
2352.81
2350.52
2348.21
2345.88
2343.37
2340.89
2338.42
2335.7
2333
2330.05
2326.95
2323.77
2320.61
2317.47
2314.29
2311.05
2307.79
2304.58
2301.38
2298.15
2294.86
2291.57
2288.33
2285.14
2282.02
2278.96
2275.97
2273.01
2270.17
2267.38
2264.63
2262
2259.41
2256.92
2254.55
2252.2
2249.95
2247.74
2245.61
2243.57
2241.75
2238.37
3404.04
2986.1
2985.34
2979.42
2954.2
2920.22
2881.35
2843.71
2814.47
2797.59
2791.29
2790.25
2790.91
2794.74
2799.88
2801.89
2799.87
2783.69
2748.17
2707.5
2673.03
2649.54
2637.81
2634.57
2636.26
2640.57
2644.72
2645.76
2642.67
2635.56
2626.77
2618.43
2611.45
2605.71
2600.59
2594.8
2587.14
2577.95
2568.66
2559.87
2551.21
2542.28
2533.05
2523.59
2514.07
2504.74
2495.81
2487.12
2478.36
2469.43
2460.58
2452.13
2444.23
2436.81
2429.79
2423.14
2416.84
2410.9
2405.27
2399.93
2394.88
2390.17
2385.85
2381.91
2378.32
2374.94
2371.72
2368.64
2365.85
2363.35
2361.14
2359.11
2357.12
2355.08
2353.05
2351.08
2349.24
2347.39
2345.48
2343.39
2341.29
2339.24
2337.19
2334.95
2332.75
2330.4
2328.04
2325.67
2323.11
2320.36
2317.42
2314.41
2311.35
2308.25
2305.17
2302.05
2298.96
2295.86
2292.71
2289.49
2286.28
2283.11
2280
2276.96
2273.97
2271.04
2268.16
2265.37
2262.58
2259.88
2257.24
2254.65
2252.14
2249.75
2247.37
2245.11
2242.88
2240.75
2238.69
2236.82
2233.5
3403.04
2985.68
2985.08
2979.12
2953.83
2919.71
2880.78
2843.19
2814.12
2797.43
2791.25
2790.24
2790.88
2794.67
2799.87
2801.97
2800.07
2784.49
2749.5
2708.97
2674.18
2650.01
2637.58
2633.97
2635.37
2639.45
2643.81
2645.1
2642.29
2635.41
2626.58
2618.09
2610.96
2605.09
2599.88
2594.02
2586.28
2576.95
2567.49
2558.53
2549.71
2540.63
2531.24
2521.57
2511.82
2502.22
2493
2484.01
2474.92
2465.63
2456.39
2447.56
2439.27
2431.48
2424.1
2417.07
2410.38
2404.05
2398.04
2392.32
2386.9
2381.8
2377.08
2372.76
2368.86
2365.26
2361.86
2358.57
2355.53
2352.8
2350.44
2348.41
2346.55
2344.66
2342.68
2340.69
2338.85
2337.13
2335.44
2333.7
2331.92
2330.24
2328.56
2326.73
2324.97
2322.86
2320.92
2318.88
2316.75
2314.44
2311.86
2309.17
2306.4
2303.54
2300.7
2297.82
2294.9
2291.95
2288.9
2285.8
2282.65
2279.52
2276.4
2273.32
2270.29
2267.31
2264.4
2261.51
2258.75
2256.04
2253.4
2250.79
2248.29
2245.89
2243.51
2241.24
2238.99
2236.84
2234.75
2232.8
2229.51
3401.95
2985.25
2984.82
2978.82
2953.45
2919.19
2880.19
2842.66
2813.76
2797.27
2791.21
2790.23
2790.85
2794.6
2799.85
2802.04
2800.27
2785.28
2750.83
2710.44
2675.36
2650.55
2637.42
2633.4
2634.47
2638.31
2642.87
2644.4
2641.88
2635.27
2626.4
2617.76
2610.48
2604.48
2599.17
2593.25
2585.44
2575.98
2566.34
2557.2
2548.23
2539
2529.44
2519.57
2509.58
2499.71
2490.21
2480.91
2471.49
2461.83
2452.2
2442.97
2434.29
2426.11
2418.33
2410.91
2403.82
2397.07
2390.64
2384.51
2378.71
2373.22
2368.1
2363.35
2359.08
2355.15
2351.54
2348.1
2344.9
2341.95
2339.34
2337.11
2335.21
2333.49
2331.79
2330.04
2328.26
2326.53
2324.98
2323.61
2322.24
2320.98
2319.73
2318.42
2317.24
2315.57
2314.12
2312.5
2310.83
2309.03
2306.95
2304.69
2302.38
2299.93
2297.46
2294.89
2292.16
2289.34
2286.46
2283.64
2280.82
2278.04
2275.26
2272.47
2269.7
2266.92
2264.16
2261.47
2258.84
2256.26
2253.73
2251.21
2248.78
2246.43
2244.12
2241.89
2239.72
2237.62
2235.56
2233.57
2230.4
3400.89
2984.81
2984.56
2978.51
2953.06
2918.65
2879.6
2842.13
2813.4
2797.11
2791.17
2790.22
2790.82
2794.53
2799.84
2802.12
2800.47
2786.06
2752.14
2711.91
2676.59
2651.16
2637.29
2632.83
2633.55
2637.17
2641.92
2643.66
2641.44
2635.12
2626.23
2617.44
2610.01
2603.88
2598.48
2592.49
2584.61
2575.01
2565.19
2555.88
2546.75
2537.37
2527.64
2517.58
2507.34
2497.21
2487.42
2477.82
2468.06
2458.03
2448.01
2438.37
2429.28
2420.69
2412.51
2404.67
2397.16
2389.98
2383.09
2376.52
2370.3
2364.42
2358.9
2353.75
2349.04
2344.7
2340.77
2337.13
2333.8
2330.71
2327.85
2325.31
2323.17
2321.47
2320.04
2318.64
2317.12
2315.51
2314.12
2313.1
2312.13
2311.31
2310.51
2309.78
2309.21
2308.13
2307.29
2306.26
2305.13
2303.94
2302.53
2300.86
2299.09
2297.23
2295.31
2293.31
2291.14
2288.85
2286.41
2283.94
2281.43
2278.92
2276.35
2273.73
2271.11
2268.5
2265.89
2263.29
2260.78
2258.27
2255.82
2253.37
2251.03
2248.73
2246.5
2244.3
2242.22
2240.13
2238.12
2236.11
2233.09
3399.79
2984.37
2984.3
2978.19
2952.66
2918.09
2878.99
2841.58
2813.03
2796.94
2791.13
2790.21
2790.79
2794.46
2799.82
2802.21
2800.68
2786.84
2753.44
2713.4
2677.86
2651.83
2637.22
2632.25
2632.61
2636.03
2640.94
2642.89
2640.97
2634.95
2626.07
2617.13
2609.55
2603.29
2597.79
2591.74
2583.8
2574.07
2564.06
2554.57
2545.28
2535.75
2525.85
2515.59
2505.12
2494.73
2484.66
2474.75
2464.65
2454.25
2443.83
2433.78
2424.27
2415.26
2406.65
2398.4
2390.45
2382.81
2375.45
2368.4
2361.71
2355.39
2349.46
2343.9
2338.76
2333.96
2329.61
2325.66
2322.13
2318.89
2315.87
2313.1
2310.68
2308.79
2307.4
2306.21
2305.06
2303.84
2302.81
2302.14
2301.61
2301.22
2300.91
2300.7
2300.64
2300.3
2300.12
2299.83
2299.44
2298.98
2298.4
2297.63
2296.67
2295.54
2294.27
2292.93
2291.4
2289.67
2287.83
2285.9
2283.88
2281.77
2279.55
2277.23
2274.87
2272.53
2270.14
2267.76
2265.41
2263.05
2260.72
2258.41
2256.21
2253.99
2251.86
2249.72
2247.71
2245.59
2243.69
2241.62
2238.74
3398.67
2983.92
2984.03
2977.86
2952.24
2917.53
2878.36
2841.03
2812.67
2796.78
2791.09
2790.2
2790.76
2794.38
2799.8
2802.3
2800.89
2787.61
2754.73
2714.9
2679.17
2652.56
2637.19
2631.65
2631.65
2634.91
2639.94
2642.07
2640.48
2634.78
2625.91
2616.84
2609.1
2602.71
2597.1
2591
2582.99
2573.14
2562.95
2553.26
2543.8
2534.12
2524.06
2513.59
2502.89
2492.26
2481.91
2471.69
2461.25
2450.47
2439.65
2429.19
2419.26
2409.81
2400.77
2392.07
2383.68
2375.56
2367.71
2360.18
2352.99
2346.19
2339.8
2333.82
2328.24
2323
2318.19
2313.8
2309.89
2306.38
2303.21
2300.36
2297.83
2295.68
2294.01
2292.72
2291.83
2291.11
2290.63
2290.38
2290.28
2290.35
2290.6
2290.9
2291.31
2291.79
2292.3
2292.82
2293.31
2293.7
2293.96
2294.33
2294.51
2294.4
2294.17
2293.82
2293.21
2292.3
2291.23
2290.04
2288.69
2287.17
2285.48
2283.65
2281.69
2279.74
2277.67
2275.59
2273.46
2271.32
2269.16
2267.05
2265
2262.91
2260.89
2258.81
2256.84
2254.67
2252.87
2250.78
2247.93
3397.53
2983.47
2983.77
2977.53
2951.82
2916.95
2877.73
2840.47
2812.3
2796.62
2791.05
2790.19
2790.73
2794.31
2799.79
2802.39
2801.11
2788.36
2756.01
2716.4
2680.51
2653.33
2637.2
2631.05
2630.69
2633.81
2638.89
2641.22
2639.96
2634.6
2625.76
2616.56
2608.67
2602.13
2596.43
2590.26
2582.2
2572.23
2561.85
2551.96
2542.33
2532.49
2522.25
2511.59
2500.67
2489.8
2479.18
2468.66
2457.88
2446.72
2435.5
2424.63
2414.26
2404.37
2394.88
2385.74
2376.88
2368.27
2359.91
2351.86
2344.17
2336.86
2329.96
2323.46
2317.4
2311.72
2306.46
2301.6
2297.19
2293.22
2289.77
2286.86
2284.37
2282.07
2279.99
2278.34
2277.45
2277.07
2277.02
2277.13
2277.4
2277.99
2278.85
2279.74
2280.69
2282.21
2283.68
2285.19
2286.73
2288.32
2289.96
2291.43
2292.7
2293.73
2294.71
2295.56
2296.2
2296.52
2296.57
2296.34
2295.79
2295.02
2294.03
2292.9
2291.57
2290.21
2288.68
2287.03
2285.29
2283.47
2281.58
2279.72
2277.85
2275.9
2273.99
2271.99
2270.12
2267.97
2266.31
2264.27
2261.51
3396.34
2983.02
2983.5
2977.18
2951.38
2916.35
2877.08
2839.91
2811.92
2796.46
2791.02
2790.18
2790.7
2794.23
2799.77
2802.49
2801.32
2789.09
2757.27
2717.9
2681.88
2654.15
2637.25
2630.47
2629.75
2632.71
2637.81
2640.33
2639.41
2634.39
2625.61
2616.3
2608.24
2601.57
2595.77
2589.54
2581.42
2571.33
2560.76
2550.67
2540.86
2530.85
2520.43
2509.58
2498.45
2487.34
2476.45
2465.63
2454.51
2442.97
2431.36
2420.06
2409.27
2398.93
2388.98
2379.37
2370.03
2360.92
2352.03
2343.44
2335.22
2327.4
2319.97
2312.9
2306.26
2300.06
2294.33
2289.02
2284.07
2279.55
2275.61
2272.4
2269.79
2267.37
2265.03
2263.06
2261.93
2261.59
2261.74
2262.11
2262.73
2263.78
2265.2
2266.69
2268.2
2270.49
2272.78
2275.5
2278.3
2281.31
2284.29
2287.29
2290.2
2293.03
2295.62
2298.07
2300.37
2302.34
2303.92
2305.07
2305.89
2306.2
2306.29
2306.11
2305.7
2305.05
2304.24
2303.17
2301.96
2300.54
2299.03
2297.42
2295.71
2293.91
2292.09
2290.15
2288.34
2286.16
2284.62
2282.7
2279.92
3395.14
2982.56
2983.22
2976.83
2950.92
2915.74
2876.42
2839.33
2811.55
2796.3
2790.98
2790.17
2790.67
2794.16
2799.76
2802.58
2801.53
2789.8
2758.51
2719.4
2683.26
2655
2637.34
2629.92
2628.85
2631.62
2636.67
2639.41
2638.84
2634.16
2625.46
2616.06
2607.84
2601.02
2595.12
2588.83
2580.66
2570.45
2559.7
2549.4
2539.39
2529.2
2518.6
2507.57
2496.23
2484.88
2473.73
2462.62
2451.16
2439.25
2427.23
2415.52
2404.29
2393.5
2383.09
2372.99
2363.16
2353.54
2344.1
2334.94
2326.15
2317.79
2309.81
2302.16
2294.87
2288.02
2281.68
2275.84
2270.38
2265.33
2260.8
2256.95
2253.77
2251
2248.54
2246.53
2245.23
2244.62
2244.51
2244.83
2245.69
2247.04
2248.84
2251.03
2253.51
2256.49
2259.78
2263.35
2267.37
2271.81
2276.39
2281.19
2286.17
2290.99
2295.63
2299.91
2304
2307.82
2311.25
2314.19
2316.9
2319.03
2320.86
2322.26
2323.28
2323.94
2324.26
2324.2
2323.85
2323.13
2322.08
2320.78
2319.24
2317.51
2315.66
2313.57
2311.49
2308.54
2306.65
2303.68
2299.47
3393.9
2982.09
2982.95
2976.46
2950.45
2915.12
2875.74
2838.75
2811.17
2796.13
2790.94
2790.16
2790.65
2794.08
2799.74
2802.68
2801.73
2790.49
2759.73
2720.9
2684.69
2655.91
2637.49
2629.42
2627.99
2630.53
2635.48
2638.47
2638.24
2633.88
2625.31
2615.84
2607.44
2600.48
2594.49
2588.14
2579.91
2569.59
2558.65
2548.15
2537.94
2527.56
2516.77
2505.55
2494
2482.42
2471.01
2459.6
2447.81
2435.54
2423.12
2410.99
2399.32
2388.07
2377.18
2366.59
2356.25
2346.1
2336.12
2326.38
2316.97
2308
2299.43
2291.21
2283.28
2275.69
2268.56
2262.01
2255.94
2250.38
2245.26
2240.56
2236.37
2232.88
2230.17
2228.13
2226.66
2225.57
2225.03
2225.12
2225.98
2227.52
2229.58
2232.03
2234.85
2238.23
2242.91
2247.36
2252.33
2257.9
2263.85
2270.21
2277.03
2284.02
2291.32
2298.92
2306.56
2314.32
2322.01
2329.2
2336.12
2342.42
2348.13
2353.1
2357.28
2360.67
2363.28
2365.16
2366.44
2367.12
2367.4
2367.43
2367.24
2367
2366.77
2366.54
2366.33
2365.61
2365.27
2363.79
2363.29
3392.64
2981.63
2982.67
2976.08
2949.96
2914.47
2875.05
2838.16
2810.79
2795.97
2790.91
2790.15
2790.62
2794.01
2799.72
2802.76
2801.92
2791.15
2760.94
2722.4
2686.13
2656.88
2637.7
2628.96
2627.15
2629.44
2634.23
2637.51
2637.61
2633.55
2625.17
2615.63
2607.07
2599.96
2593.88
2587.46
2579.17
2568.75
2557.63
2546.92
2536.51
2525.94
2514.95
2503.53
2491.77
2479.96
2468.29
2456.6
2444.48
2431.85
2419.04
2406.5
2394.38
2382.67
2371.29
2360.2
2349.33
2338.63
2328.1
2317.78
2307.75
2298.09
2288.83
2279.98
2271.41
2263.11
2255.12
2247.62
2240.71
2234.44
2228.67
2223.14
2217.79
2213.16
2209.7
2207.19
2205.18
2203.35
2202.2
2201.83
2202.11
2203.18
2205.21
2207.92
2211.09
2214.82
2219.53
2224.07
2230.3
2238.06
2246.82
2256.41
2266.52
2276.14
2284.75
2291.79
2296.7
2299.67
2301.25
2300.63
2298.46
2294.82
2290.34
2285.49
2280.64
2276.11
2272.02
2268.43
2265.33
2262.55
2260.33
2258.82
2257.9
2257.48
2257.47
2257.86
2258.71
2259.76
2261.5
2262.5
2268.27
3391.34
2981.16
2982.39
2975.7
2949.46
2913.81
2874.35
2837.55
2810.4
2795.81
2790.87
2790.15
2790.59
2793.93
2799.69
2802.83
2802.09
2791.78
2762.12
2723.9
2687.6
2657.91
2637.98
2628.53
2626.33
2628.35
2632.94
2636.52
2636.95
2633.18
2625.03
2615.44
2606.71
2599.45
2593.27
2586.8
2578.46
2567.94
2556.64
2545.72
2535.1
2524.33
2513.14
2501.52
2489.53
2477.49
2465.57
2453.58
2441.15
2428.16
2414.98
2402.01
2389.46
2377.28
2365.42
2353.81
2342.4
2331.14
2320.02
2309.13
2298.49
2288.15
2278.1
2268.47
2259.18
2250.19
2241.39
2232.88
2224.85
2217.51
2210.79
2204.37
2198.06
2192.11
2187.13
2183.2
2179.94
2177
2174.77
2173.39
2172.67
2172.77
2174
2176.28
2179.55
2183.99
2188.91
2194.14
2199.26
2201.65
2199.96
2192.55
2177.22
2153.03
2120.66
2080.32
2032.15
1981.61
1931.18
1883.91
1841.66
1804.8
1773.21
1746.44
1724
1705.35
1690.04
1677.68
1667.99
1660.75
1655.44
1651.42
1648.59
1646.73
1645.64
1645.14
1645.14
1645.56
1646.26
1647.16
1648.86
3390.02
2980.7
2982.11
2975.3
2948.94
2913.13
2873.63
2836.94
2810.02
2795.65
2790.84
2790.14
2790.57
2793.85
2799.65
2802.9
2802.25
2792.4
2763.3
2725.4
2689.1
2659.01
2638.33
2628.13
2625.53
2627.25
2631.62
2635.49
2636.22
2632.76
2624.88
2615.27
2606.37
2598.96
2592.67
2586.14
2577.77
2567.15
2555.67
2544.55
2533.72
2522.75
2511.35
2499.51
2487.3
2475.01
2462.83
2450.56
2437.82
2424.5
2410.94
2397.57
2384.58
2371.93
2359.58
2347.46
2335.5
2323.64
2311.91
2300.41
2289.17
2278.17
2267.34
2256.83
2246.63
2236.83
2227.24
2217.83
2208.63
2199.87
2191.69
2184.02
2176.72
2169.52
2162.55
2156.14
2150.52
2145.54
2141.23
2137.48
2134.21
2131.7
2130.07
2128.78
2126.18
2118.8
2104.8
2081.81
2043.17
1985.66
1913.43
1834.51
1757.31
1688.18
1630.71
1586.11
1555.64
1537.15
1525.05
1516.6
1510.26
1505.17
1500.88
1497.08
1493.61
1490.31
1487.19
1484.15
1481.28
1478.51
1475.91
1473.47
1471.2
1469.06
1467.08
1465.21
1463.52
1461.99
1460.65
1459.57
1457.25
3388.64
2980.23
2981.83
2974.88
2948.41
2912.44
2872.89
2836.33
2809.63
2795.49
2790.8
2790.13
2790.54
2793.78
2799.61
2802.97
2802.41
2793.01
2764.47
2726.9
2690.63
2660.17
2638.75
2627.77
2624.74
2626.15
2630.28
2634.42
2635.43
2632.31
2624.74
2615.12
2606.05
2598.47
2592.07
2585.49
2577.08
2566.38
2554.73
2543.4
2532.37
2521.19
2509.58
2497.51
2485.06
2472.53
2460.09
2447.53
2434.49
2420.83
2406.91
2393.14
2379.71
2366.61
2353.77
2341.13
2328.62
2316.18
2303.81
2291.64
2279.74
2268.1
2256.58
2245.19
2233.94
2223.09
2212.53
2202.22
2191.99
2181.77
2171.7
2162.11
2153.21
2144.52
2135.53
2126.33
2117.52
2109.45
2101.47
2092.47
2081.06
2065.23
2041.61
2006.36
1959.14
1902.61
1839.33
1772.22
1708.12
1658.05
1622.15
1597.62
1580.75
1568.55
1558.68
1550.53
1543.57
1537.53
1532.37
1528.05
1524.17
1520.51
1516.97
1513.51
1510.13
1506.79
1503.54
1500.31
1497.19
1494.11
1491.09
1488.14
1485.27
1482.49
1479.82
1477.23
1474.76
1472.37
1470.15
1468.25
1464.34
3387.24
2979.77
2981.54
2974.46
2947.85
2911.72
2872.14
2835.7
2809.24
2795.33
2790.77
2790.12
2790.52
2793.7
2799.57
2803.03
2802.57
2793.62
2765.64
2728.4
2692.18
2661.38
2639.24
2627.45
2623.97
2625.03
2628.92
2633.31
2634.59
2631.82
2624.6
2614.98
2605.74
2598
2591.48
2584.85
2576.41
2565.63
2553.82
2542.29
2531.04
2519.67
2507.83
2495.52
2482.83
2470.05
2457.34
2444.5
2431.15
2417.17
2402.89
2388.73
2374.88
2361.31
2347.98
2334.83
2321.77
2308.75
2295.76
2282.89
2270.25
2257.88
2245.66
2233.5
2221.27
2209.2
2197.36
2185.88
2174.53
2163.01
2151.14
2139.12
2127.54
2116.42
2104.87
2092.11
2077.63
2060.43
2038.11
2007.26
1966.17
1919.44
1871.12
1825.35
1783.98
1745.31
1708.51
1674.41
1644.7
1620.53
1601.75
1587.64
1576.5
1567.67
1560.67
1554.92
1549.95
1545.39
1541.18
1537.25
1533.46
1529.73
1526.03
1522.37
1518.75
1515.2
1511.76
1508.38
1505.16
1502
1498.95
1496.01
1493.19
1490.5
1487.93
1485.48
1483.16
1480.95
1478.9
1477.13
1473.52
3385.79
2979.31
2981.25
2974.01
2947.27
2910.99
2871.38
2835.06
2808.84
2795.18
2790.74
2790.12
2790.5
2793.61
2799.52
2803.09
2802.74
2794.22
2766.8
2729.9
2693.75
2662.65
2639.8
2627.17
2623.21
2623.91
2627.55
2632.17
2633.69
2631.29
2624.45
2614.85
2605.44
2597.53
2590.9
2584.21
2575.75
2564.9
2552.93
2541.2
2529.75
2518.16
2506.09
2493.54
2480.6
2467.56
2454.57
2441.44
2427.79
2413.48
2398.85
2384.31
2370.03
2356.01
2342.19
2328.51
2314.91
2301.3
2287.72
2274.2
2260.79
2247.56
2234.49
2221.55
2208.48
2195.3
2182.01
2168.88
2155.97
2142.95
2129.43
2115.02
2099.59
2083.33
2065.35
2043.72
2016.22
1980.11
1939.31
1898.38
1862.35
1831.57
1802.9
1773.37
1741.34
1707.39
1674.36
1645.88
1623.81
1607.65
1595.46
1586.16
1578.88
1573
1567.86
1563.11
1558.67
1554.63
1550.71
1546.81
1542.91
1539.04
1535.2
1531.41
1527.7
1524.08
1520.57
1517.17
1513.96
1510.82
1507.81
1504.91
1502.12
1499.44
1496.87
1494.41
1492.1
1489.89
1487.83
1486.04
1482.46
3384.31
2978.85
2980.96
2973.55
2946.68
2910.23
2870.6
2834.41
2808.45
2795.02
2790.7
2790.11
2790.47
2793.53
2799.47
2803.16
2802.91
2794.81
2767.96
2731.4
2695.33
2663.95
2640.43
2626.98
2622.47
2622.78
2626.19
2630.99
2632.74
2630.72
2624.28
2614.72
2605.17
2597.09
2590.34
2583.58
2575.1
2564.18
2552.07
2540.14
2528.48
2516.68
2504.38
2491.58
2478.39
2465.07
2451.79
2438.36
2424.39
2409.77
2394.79
2379.87
2365.17
2350.69
2336.37
2322.17
2308
2293.8
2279.6
2265.47
2251.36
2237.24
2223.14
2209.19
2195.2
2181.05
2166.47
2151.48
2136.28
2120.82
2104.72
2087.06
2066.42
2041.69
2012.57
1978.09
1941.94
1907.89
1878.89
1854.03
1830.59
1805.45
1775.82
1741.26
1705.07
1672.53
1647.04
1628.86
1615.52
1605.37
1597.29
1590.92
1585.62
1581
1576.77
1572.64
1568.51
1564.26
1559.95
1555.71
1551.51
1547.41
1543.41
1539.54
1535.79
1532.18
1528.69
1525.32
1522.15
1519.06
1516.12
1513.28
1510.57
1507.97
1505.45
1503.05
1500.78
1498.61
1496.6
1494.85
1491.32
3382.76
2978.4
2980.65
2973.07
2946.06
2909.45
2869.8
2833.76
2808.05
2794.86
2790.67
2790.1
2790.45
2793.45
2799.41
2803.23
2803.09
2795.39
2769.1
2732.89
2696.93
2665.31
2641.14
2626.86
2621.72
2621.64
2624.84
2629.76
2631.73
2630.1
2624.1
2614.61
2604.91
2596.67
2589.79
2582.96
2574.45
2563.48
2551.23
2539.11
2527.24
2515.22
2502.68
2489.64
2476.18
2462.59
2449.01
2435.26
2420.97
2406
2390.67
2375.37
2360.25
2345.31
2330.5
2315.76
2301.01
2286.19
2271.33
2256.54
2241.78
2226.87
2211.73
2196.5
2181.21
2165.82
2149.95
2133.21
2115.27
2095.89
2074.79
2051.33
2024.62
1993.61
1960.55
1928.92
1901.4
1878.13
1857.01
1835.62
1810.21
1777.88
1741.04
1704.78
1674.41
1652.11
1636.53
1625.12
1616.52
1609.81
1604.17
1599.17
1594.51
1589.93
1585.36
1580.79
1576.21
1571.77
1567.4
1563.11
1558.93
1554.88
1550.94
1547.15
1543.51
1540
1536.63
1533.4
1530.35
1527.39
1524.57
1521.85
1519.26
1516.76
1514.37
1512.09
1509.9
1507.79
1505.83
1504.11
1500.71
3381.18
2977.97
2980.35
2972.57
2945.42
2908.65
2868.98
2833.09
2807.65
2794.71
2790.64
2790.1
2790.43
2793.36
2799.35
2803.31
2803.28
2795.96
2770.22
2734.36
2698.54
2666.71
2641.92
2626.82
2620.98
2620.5
2623.51
2628.49
2630.67
2629.44
2623.89
2614.5
2604.68
2596.27
2589.26
2582.36
2573.82
2562.8
2550.42
2538.11
2526.03
2513.79
2501.02
2487.73
2474.01
2460.12
2446.23
2432.15
2417.52
2402.21
2386.51
2370.81
2355.26
2339.85
2324.53
2309.24
2293.9
2278.44
2262.88
2247.3
2231.77
2216.09
2200.03
2183.5
2166.51
2149.18
2131.3
2112.32
2091.45
2067.96
2041.51
2012.78
1983.13
1954.61
1928.89
1906.38
1885.93
1865.3
1842.13
1814.22
1779.54
1741.57
1706.28
1678.64
1659.6
1646.24
1636.34
1628.59
1622.31
1616.93
1612.07
1607.38
1602.64
1597.94
1593.25
1588.59
1583.97
1579.37
1574.85
1570.49
1566.27
1562.23
1558.35
1554.64
1551.07
1547.66
1544.36
1541.21
1538.2
1535.3
1532.54
1529.87
1527.33
1524.86
1522.5
1520.26
1518.11
1516.05
1514.14
1512.49
1509.07
3379.55
2977.54
2980.04
2972.05
2944.75
2907.83
2868.14
2832.41
2807.24
2794.55
2790.61
2790.09
2790.41
2793.28
2799.29
2803.39
2803.46
2796.51
2771.32
2735.82
2700.16
2668.17
2642.78
2626.82
2620.27
2619.39
2622.18
2627.15
2629.57
2628.73
2623.64
2614.39
2604.48
2595.9
2588.75
2581.78
2573.2
2562.14
2549.63
2537.14
2524.85
2512.4
2499.4
2485.86
2471.87
2457.68
2443.46
2429.05
2414.06
2398.38
2382.3
2366.18
2350.17
2334.27
2318.41
2302.55
2286.59
2270.48
2254.21
2237.78
2221.25
2204.54
2187.49
2169.76
2151.05
2131.26
2110.36
2088.17
2064.35
2038.63
2011.13
1982.95
1956.49
1933.28
1913.24
1894.92
1874.82
1850.84
1820.49
1783.28
1744.45
1710.84
1686
1669.15
1657.17
1648.02
1641.01
1635.26
1630.18
1625.23
1620.2
1615.19
1610.16
1605.13
1600.1
1595.15
1590.32
1585.68
1581.23
1576.95
1572.86
1568.96
1565.24
1561.67
1558.26
1554.97
1551.8
1548.75
1545.83
1543
1540.31
1537.71
1535.25
1532.86
1530.6
1528.43
1526.35
1524.36
1522.52
1520.94
1517.72
3377.88
2977.13
2979.72
2971.51
2944.06
2906.99
2867.29
2831.73
2806.84
2794.4
2790.58
2790.08
2790.39
2793.2
2799.22
2803.46
2803.63
2797.04
2772.4
2737.27
2701.79
2669.67
2643.72
2626.89
2619.6
2618.3
2620.84
2625.74
2628.42
2627.98
2623.34
2614.28
2604.3
2595.55
2588.26
2581.21
2572.6
2561.49
2548.86
2536.19
2523.71
2511.05
2497.82
2484.04
2469.77
2455.28
2440.73
2425.96
2410.6
2394.54
2378.05
2361.49
2345.01
2328.58
2312.15
2295.67
2279.05
2262.24
2245.24
2227.95
2210.3
2192.22
2173.75
2154.56
2134.26
2112.43
2088.94
2064
2038.27
2012.56
1987.72
1964.14
1942.35
1922.52
1903.67
1882.99
1858.46
1827.36
1789.19
1750.14
1717.74
1694.76
1679.43
1668.67
1660.48
1653.86
1648.19
1642.89
1637.68
1632.47
1627.32
1622.11
1616.89
1611.79
1606.79
1601.96
1597.29
1592.74
1588.35
1584.13
1580.08
1576.2
1572.49
1568.95
1565.56
1562.3
1559.14
1556.11
1553.22
1550.43
1547.77
1545.2
1542.76
1540.4
1538.18
1536.04
1533.99
1532
1530.13
1528.49
1525.16
3376.15
2976.74
2979.4
2970.95
2943.34
2906.12
2866.42
2831.03
2806.43
2794.24
2790.55
2790.08
2790.37
2793.11
2799.15
2803.52
2803.79
2797.54
2773.46
2738.72
2703.43
2671.23
2644.74
2627.05
2618.97
2617.25
2619.5
2624.26
2627.24
2627.19
2622.96
2614.16
2604.14
2595.22
2587.78
2580.65
2572.02
2560.86
2548.11
2535.27
2522.6
2509.74
2496.3
2482.26
2467.71
2452.92
2438.04
2422.9
2407.16
2390.69
2373.79
2356.77
2339.77
2322.79
2305.75
2288.61
2271.26
2253.67
2235.85
2217.7
2198.98
2179.46
2159.22
2138.17
2116.3
2093.33
2069.22
2044.06
2018.65
1994.19
1971.91
1952.28
1934.15
1915.4
1893.49
1867.05
1833.83
1794.79
1756.36
1725.58
1704.54
1690.58
1680.63
1672.89
1666.46
1660.8
1655.45
1650.24
1645.05
1639.65
1634.1
1628.6
1623.24
1618.03
1613.04
1608.22
1603.59
1599.18
1594.94
1590.86
1586.94
1583.16
1579.53
1576.05
1572.71
1569.51
1566.43
1563.47
1560.63
1557.89
1555.28
1552.76
1550.36
1548.03
1545.84
1543.75
1541.78
1539.89
1538.15
1536.6
1533.62
3374.38
2976.36
2979.07
2970.36
2942.6
2905.22
2865.53
2830.33
2806.02
2794.09
2790.52
2790.07
2790.35
2793.03
2799.08
2803.58
2803.95
2798.03
2774.51
2740.16
2705.09
2672.83
2645.84
2627.28
2618.39
2616.23
2618.17
2622.72
2626.03
2626.35
2622.51
2614.04
2604.01
2594.9
2587.31
2580.11
2571.45
2560.25
2547.38
2534.38
2521.53
2508.49
2494.82
2480.54
2465.72
2450.62
2435.39
2419.87
2403.74
2386.87
2369.53
2352.04
2334.52
2316.95
2299.28
2281.43
2263.31
2244.86
2226.08
2206.93
2187.22
2166.56
2144.88
2122.18
2098.96
2075.44
2051.96
2028.5
2005.26
1982.86
1962.43
1944.26
1926.92
1905.97
1879.21
1844.33
1803.82
1765.21
1735.38
1715.41
1702.27
1692.76
1685.44
1679.22
1673.46
1667.93
1662.54
1657.02
1651.32
1645.57
1639.96
1634.46
1629.14
1624.06
1619.2
1614.56
1610.13
1605.87
1601.77
1597.84
1594.05
1590.38
1586.82
1583.38
1580.05
1576.86
1573.78
1570.83
1567.99
1565.25
1562.63
1560.11
1557.71
1555.37
1553.18
1551.06
1549.06
1547.13
1545.34
1543.71
1540.62
3372.54
2975.98
2978.74
2969.75
2941.82
2904.3
2864.61
2829.61
2805.61
2793.94
2790.49
2790.07
2790.33
2792.94
2799
2803.63
2804.11
2798.51
2775.55
2741.6
2706.75
2674.47
2647.01
2627.6
2617.85
2615.24
2616.84
2621.13
2624.76
2625.43
2621.99
2613.92
2603.89
2594.61
2586.85
2579.57
2570.89
2559.65
2546.68
2533.51
2520.5
2507.27
2493.4
2478.87
2463.78
2448.37
2432.79
2416.9
2400.36
2383.07
2365.29
2347.32
2329.26
2311.09
2292.76
2274.2
2255.29
2235.98
2216.21
2195.95
2175.19
2153.74
2131.47
2108.28
2084.6
2060.88
2037.82
2015.84
1995.2
1975.6
1956.77
1937.96
1916.11
1889.31
1854.47
1813.81
1775.29
1746.06
1726.86
1714.11
1705
1697.9
1691.68
1685.8
1680.15
1674.65
1668.97
1663.12
1657.27
1651.45
1645.77
1640.33
1635.15
1630.14
1625.35
1620.72
1616.28
1612.02
1607.93
1604.02
1600.26
1596.68
1593.24
1589.94
1586.76
1583.7
1580.73
1577.88
1575.13
1572.48
1569.94
1567.48
1565.14
1562.87
1560.74
1558.68
1556.74
1554.86
1553.14
1551.6
1548.7
3370.66
2975.61
2978.4
2969.12
2941.02
2903.35
2863.68
2828.89
2805.19
2793.79
2790.47
2790.06
2790.31
2792.86
2798.92
2803.68
2804.26
2798.98
2776.6
2743.03
2708.42
2676.13
2648.27
2628.02
2617.37
2614.28
2615.51
2619.51
2623.43
2624.43
2621.42
2613.79
2603.79
2594.33
2586.41
2579.04
2570.33
2559.07
2546
2532.69
2519.51
2506.11
2492.03
2477.26
2461.9
2446.19
2430.28
2414
2397.06
2379.36
2361.12
2342.65
2324.04
2305.28
2286.29
2267
2247.33
2227.23
2206.61
2185.37
2163.61
2141.46
2119.05
2096.3
2073.31
2050.13
2027.4
2006.07
1986.86
1969.55
1951.72
1929.31
1900.76
1864.67
1823.74
1785.71
1757
1738.49
1726.15
1717.27
1710.33
1704.2
1698.27
1692.46
1686.62
1680.69
1674.69
1668.56
1662.45
1656.59
1651.09
1645.82
1640.77
1635.96
1631.31
1626.85
1622.54
1618.38
1614.37
1610.5
1606.77
1603.19
1599.74
1596.43
1593.26
1590.21
1587.28
1584.48
1581.77
1579.19
1576.7
1574.29
1571.98
1569.74
1567.63
1565.58
1563.65
1561.77
1560.05
1558.5
1555.43
3368.69
2975.25
2978.05
2968.47
2940.19
2902.37
2862.73
2828.15
2804.78
2793.64
2790.44
2790.06
2790.29
2792.77
2798.83
2803.73
2804.41
2799.45
2777.64
2744.47
2710.09
2677.84
2649.6
2628.54
2616.96
2613.34
2614.17
2617.86
2622.04
2623.35
2620.8
2613.65
2603.7
2594.07
2585.99
2578.53
2569.79
2558.51
2545.35
2531.9
2518.55
2504.98
2490.7
2475.7
2460.09
2444.09
2427.83
2411.18
2393.85
2375.73
2357.04
2338.07
2318.91
2299.55
2279.91
2259.92
2239.53
2218.73
2197.52
2175.74
2153.37
2130.63
2107.99
2085.56
2063.51
2041.65
2020.16
1999.67
1980.77
1962.84
1942.03
1915.09
1879.19
1837.48
1798.47
1769.46
1750.65
1738.51
1729.77
1722.8
1716.64
1710.55
1704.46
1698.34
1692.2
1686
1679.7
1673.49
1667.6
1662
1656.65
1651.53
1646.63
1641.86
1637.25
1632.79
1628.47
1624.32
1620.32
1616.47
1612.76
1609.19
1605.75
1602.44
1599.28
1596.26
1593.35
1590.59
1587.92
1585.4
1582.98
1580.68
1578.46
1576.34
1574.36
1572.43
1570.61
1568.85
1567.23
1565.86
1563.03
3366.67
2974.88
2977.69
2967.79
2939.32
2901.36
2861.76
2827.41
2804.36
2793.49
2790.41
2790.05
2790.28
2792.69
2798.74
2803.78
2804.57
2799.91
2778.67
2745.89
2711.75
2679.56
2651.01
2629.17
2616.64
2612.41
2612.82
2616.2
2620.59
2622.19
2620.1
2613.47
2603.62
2593.84
2585.59
2578.03
2569.26
2557.96
2544.73
2531.14
2517.64
2503.9
2489.42
2474.21
2458.35
2442.06
2425.48
2408.47
2390.75
2372.21
2353.08
2333.63
2313.94
2294.01
2273.74
2253.1
2232.05
2210.63
2188.94
2166.97
2144.59
2121.78
2098.87
2076.2
2054.34
2033.61
2014.2
1995.52
1976.38
1954.29
1927
1892.19
1851.23
1811.82
1781.99
1763.23
1750.92
1742.05
1735.14
1728.85
1722.71
1716.51
1710.17
1703.83
1697.38
1690.82
1684.37
1678.23
1672.45
1667.02
1661.85
1656.86
1652
1647.33
1642.84
1638.52
1634.35
1630.33
1626.46
1622.72
1619.09
1615.57
1612.16
1608.86
1605.68
1602.64
1599.71
1596.92
1594.25
1591.71
1589.29
1586.98
1584.76
1582.64
1580.66
1578.72
1576.89
1575.12
1573.48
1572.05
1569.17
3364.57
2974.52
2977.33
2967.08
2938.42
2900.33
2860.76
2826.65
2803.94
2793.35
2790.39
2790.05
2790.26
2792.6
2798.65
2803.82
2804.73
2800.36
2779.69
2747.29
2713.41
2681.32
2652.5
2629.91
2616.42
2611.48
2611.45
2614.55
2619.08
2620.95
2619.34
2613.27
2603.54
2593.64
2585.23
2577.55
2568.74
2557.43
2544.13
2530.42
2516.76
2502.85
2488.19
2472.77
2456.68
2440.12
2423.21
2405.84
2387.75
2368.82
2349.27
2329.35
2309.17
2288.7
2267.88
2246.67
2225.07
2203.14
2181
2158.85
2136.67
2114.31
2091.72
2069.01
2047
2026.59
2008.31
1990.88
1970.44
1943.26
1907.61
1865.67
1825.36
1795.05
1775.54
1763.18
1754.35
1747.31
1740.95
1734.71
1728.29
1721.62
1714.97
1708.3
1701.66
1695.16
1688.89
1683.05
1677.63
1672.43
1667.3
1662.29
1657.43
1652.75
1648.26
1643.94
1639.77
1635.77
1631.92
1628.23
1624.67
1621.25
1617.95
1614.78
1611.71
1608.77
1605.92
1603.22
1600.59
1598.1
1595.72
1593.44
1591.25
1589.13
1587.18
1585.24
1583.46
1581.72
1580.12
1578.67
1575.93
3362.43
2974.17
2976.97
2966.35
2937.49
2899.26
2859.75
2825.88
2803.53
2793.2
2790.36
2790.05
2790.24
2792.51
2798.55
2803.86
2804.89
2800.8
2780.71
2748.69
2715.06
2683.1
2654.06
2630.76
2616.31
2610.56
2610.08
2612.92
2617.49
2619.64
2618.51
2613.01
2603.46
2593.47
2584.9
2577.1
2568.25
2556.92
2543.56
2529.72
2515.91
2501.84
2487.01
2471.39
2455.08
2438.26
2421.04
2403.32
2384.86
2365.56
2345.62
2325.28
2304.64
2283.68
2262.37
2240.69
2218.68
2196.42
2173.94
2151.45
2129.12
2107
2085.04
2063.21
2041.96
2021.82
2002.86
1983.28
1957.86
1924.66
1883.09
1841.4
1809.13
1788.93
1775.87
1766.67
1759.51
1753.01
1746.52
1739.8
1732.96
1726.09
1719.24
1712.55
1705.96
1699.59
1693.63
1688.09
1682.77
1677.55
1672.4
1667.41
1662.6
1658.02
1653.61
1649.39
1645.32
1641.41
1637.63
1634.01
1630.5
1627.13
1623.88
1620.74
1617.72
1614.83
1612.06
1609.42
1606.87
1604.45
1602.13
1599.91
1597.77
1595.72
1593.79
1591.86
1590.08
1588.33
1586.74
1585.25
1582.63
3360.21
2973.82
2976.59
2965.59
2936.51
2898.15
2858.71
2825.11
2803.11
2793.06
2790.34
2790.04
2790.23
2792.43
2798.44
2803.9
2805.06
2801.23
2781.7
2750.06
2716.71
2684.91
2655.69
2631.71
2616.27
2609.67
2608.75
2611.28
2615.82
2618.26
2617.61
2612.68
2603.36
2593.33
2584.6
2576.68
2567.78
2556.44
2543.01
2529.05
2515.1
2500.87
2485.88
2470.08
2453.55
2436.48
2418.97
2400.92
2382.12
2362.46
2342.14
2321.4
2300.35
2278.96
2257.21
2235.14
2212.82
2190.4
2167.86
2145.16
2122.39
2099.92
2078.14
2057.4
2037.86
2018.72
1998.28
1972.16
1939.4
1898.88
1857.27
1823.93
1801.97
1788.33
1778.87
1771.56
1764.98
1758.48
1751.59
1744.51
1737.42
1730.33
1723.43
1716.65
1710.17
1704.12
1698.49
1693.13
1687.88
1682.64
1677.49
1672.55
1667.86
1663.36
1659.02
1654.83
1650.77
1646.86
1643.09
1639.48
1636.01
1632.7
1629.51
1626.46
1623.51
1620.67
1617.93
1615.31
1612.78
1610.37
1608.06
1605.85
1603.73
1601.73
1599.88
1598.01
1596.27
1594.54
1592.96
1591.49
1588.87
3357.94
2973.48
2976.21
2964.79
2935.5
2897.02
2857.65
2824.32
2802.69
2792.92
2790.32
2790.04
2790.21
2792.34
2798.34
2803.94
2805.22
2801.63
2782.68
2751.43
2718.35
2686.74
2657.39
2632.77
2616.31
2608.85
2607.46
2609.64
2614.05
2616.83
2616.63
2612.24
2603.25
2593.21
2584.33
2576.29
2567.33
2555.97
2542.49
2528.41
2514.32
2499.94
2484.8
2468.83
2452.11
2434.79
2417
2398.66
2379.53
2359.54
2338.87
2317.76
2296.31
2274.53
2252.4
2229.97
2207.37
2184.8
2162.33
2139.77
2116.89
2094.07
2072.06
2051.75
2033.24
2014.51
1990.65
1958.7
1917.96
1874.83
1839.09
1815.65
1801.04
1790.98
1783.47
1776.78
1770.1
1763.14
1755.94
1748.56
1741.37
1734.41
1727.66
1721.16
1714.94
1709.12
1703.61
1698.19
1692.73
1687.37
1682.24
1677.41
1672.86
1668.53
1664.34
1660.28
1656.32
1652.46
1648.74
1645.17
1641.74
1638.48
1635.34
1632.35
1629.45
1626.67
1623.97
1621.36
1618.87
1616.48
1614.19
1611.99
1609.85
1607.81
1605.93
1604.06
1602.33
1600.62
1599.06
1597.65
1594.99
3355.58
2973.16
2975.82
2963.97
2934.45
2895.85
2856.56
2823.53
2802.26
2792.78
2790.3
2790.03
2790.2
2792.26
2798.23
2803.96
2805.38
2802.03
2783.65
2752.79
2719.98
2688.59
2659.15
2633.95
2616.47
2608.08
2606.2
2608
2612.18
2615.35
2615.59
2611.69
2603.12
2593.12
2584.09
2575.91
2566.91
2555.54
2542
2527.8
2513.57
2499.06
2483.78
2467.65
2450.73
2433.19
2415.14
2396.51
2377.09
2356.79
2335.79
2314.34
2292.54
2270.4
2247.93
2225.19
2202.32
2179.5
2156.88
2134.42
2111.9
2089.59
2067.98
2047.64
2027.99
2005.93
1976.31
1937.91
1894.33
1856.07
1829.85
1814.16
1803.42
1795.49
1788.6
1781.88
1774.69
1767.3
1759.75
1752.39
1745.28
1738.41
1731.8
1725.49
1719.54
1713.9
1708.42
1702.93
1697.48
1692.19
1687.2
1682.55
1678.14
1673.86
1669.68
1665.57
1661.57
1657.7
1653.97
1650.4
1646.99
1643.75
1640.65
1637.68
1634.84
1632.11
1629.47
1626.93
1624.47
1622.12
1619.87
1617.73
1615.65
1613.66
1611.82
1609.98
1608.29
1606.61
1605.08
1603.71
1601.03
3353.18
2972.86
2975.42
2963.11
2933.35
2894.64
2855.45
2822.72
2801.84
2792.64
2790.28
2790.03
2790.19
2792.17
2798.11
2803.98
2805.53
2802.41
2784.61
2754.15
2721.62
2690.44
2660.97
2635.24
2616.78
2607.4
2604.98
2606.35
2610.24
2613.79
2614.43
2611.02
2602.96
2593.04
2583.86
2575.56
2566.51
2555.13
2541.54
2527.23
2512.86
2498.23
2482.81
2466.52
2449.41
2431.66
2413.38
2394.49
2374.79
2354.21
2332.92
2311.15
2289.04
2266.58
2243.81
2220.82
2197.74
2174.63
2151.57
2128.78
2106.53
2085.29
2064.97
2044.88
2022.78
1993.26
1956.21
1912.97
1873.01
1844.54
1827.38
1815.78
1807.43
1800.39
1793.54
1786.44
1778.87
1771.18
1763.65
1756.27
1749.31
1742.56
1736.08
1729.94
1724.05
1718.41
1712.88
1707.37
1701.94
1696.78
1692.02
1687.52
1683.16
1678.87
1674.65
1670.54
1666.55
1662.71
1659.03
1655.52
1652.16
1648.97
1645.93
1643.02
1640.23
1637.57
1635.01
1632.54
1630.15
1627.87
1625.67
1623.57
1621.53
1619.59
1617.78
1616
1614.34
1612.71
1611.18
1609.78
1607.07
3350.68
2972.57
2975.01
2962.22
2932.21
2893.4
2854.32
2821.91
2801.42
2792.51
2790.25
2790.03
2790.17
2792.09
2797.99
2803.99
2805.69
2802.78
2785.58
2755.5
2723.24
2692.31
2662.84
2636.65
2617.23
2606.79
2603.79
2604.71
2608.27
2612.15
2613.15
2610.25
2602.77
2592.97
2583.65
2575.22
2566.13
2554.74
2541.11
2526.68
2512.19
2497.43
2481.89
2465.44
2448.17
2430.22
2411.71
2392.56
2372.6
2351.77
2330.22
2308.17
2285.78
2263.04
2240.03
2216.83
2193.59
2170.33
2146.93
2123.71
2101.43
2080.86
2061.5
2041.12
2014.28
1978.47
1934.82
1892.25
1860.43
1841.14
1828.38
1819.42
1812.01
1805.03
1797.74
1790.17
1782.31
1774.56
1767.09
1760.01
1753.25
1746.66
1740.33
1734.23
1728.38
1722.7
1717.06
1711.53
1706.3
1701.44
1696.86
1692.43
1688.06
1683.74
1679.5
1675.39
1671.44
1667.67
1664.06
1660.6
1657.28
1654.08
1651.02
1648.09
1645.27
1642.56
1639.96
1637.48
1635.1
1632.85
1630.69
1628.63
1626.65
1624.77
1623.02
1621.29
1619.71
1618.19
1616.8
1615.54
1613.29
3348.12
2972.3
2974.58
2961.29
2931.02
2892.12
2853.16
2821.08
2801
2792.38
2790.24
2790.03
2790.16
2792
2797.86
2804
2805.85
2803.14
2786.54
2756.85
2724.86
2694.16
2664.76
2638.17
2617.84
2606.3
2602.61
2603.05
2606.28
2610.42
2611.74
2609.38
2602.54
2592.9
2583.47
2574.92
2565.77
2554.38
2540.71
2526.18
2511.57
2496.69
2481.02
2464.42
2446.98
2428.85
2410.12
2390.74
2370.55
2349.48
2327.69
2305.4
2282.75
2259.77
2236.51
2213.09
2189.64
2166.24
2142.89
2119.86
2097.81
2077.17
2056.64
2032.63
1999.39
1957.46
1913.22
1877.81
1855.57
1841.32
1831.62
1823.97
1816.74
1809.32
1801.56
1793.57
1785.64
1777.91
1770.66
1763.73
1757.09
1750.63
1744.36
1738.42
1732.62
1726.9
1721.31
1715.9
1710.83
1706.1
1701.57
1697.07
1692.57
1688.16
1683.91
1679.87
1676.06
1672.48
1669.08
1665.82
1662.67
1659.62
1656.68
1653.84
1651.08
1648.42
1645.82
1643.32
1640.91
1638.59
1636.34
1634.19
1632.11
1630.16
1628.35
1626.54
1624.86
1623.21
1621.7
1620.29
1617.89
3345.47
2972.04
2974.14
2960.32
2929.79
2890.81
2851.98
2820.25
2800.58
2792.25
2790.22
2790.02
2790.15
2791.92
2797.73
2804.01
2806.01
2803.5
2787.49
2758.19
2726.46
2696.03
2666.73
2639.8
2618.59
2605.93
2601.43
2601.37
2604.3
2608.61
2610.21
2608.41
2602.25
2592.83
2583.32
2574.64
2565.44
2554.04
2540.34
2525.72
2511
2496
2480.19
2463.46
2445.87
2427.56
2408.64
2389.05
2368.63
2347.35
2325.34
2302.83
2279.95
2256.74
2233.25
2209.53
2185.71
2162.03
2138.93
2116.79
2095.61
2074.57
2051.12
2019.26
1979.13
1934.42
1895.94
1870.31
1854.4
1843.77
1835.63
1828.3
1820.8
1813.04
1804.89
1796.88
1788.93
1781.45
1774.33
1767.52
1760.93
1754.44
1748.21
1742.21
1736.45
1730.87
1725.44
1720.29
1715.47
1710.87
1706.3
1701.74
1697.23
1692.84
1688.65
1684.72
1681.05
1677.6
1674.25
1671
1667.83
1664.76
1661.8
1658.98
1656.27
1653.67
1651.16
1648.77
1646.46
1644.26
1642.13
1640.06
1638.04
1636.11
1634.34
1632.55
1630.89
1629.24
1627.74
1626.3
1623.89
3342.75
2971.81
2973.67
2959.3
2928.51
2889.45
2850.78
2819.41
2800.16
2792.12
2790.2
2790.02
2790.14
2791.83
2797.59
2804.01
2806.16
2803.85
2788.45
2759.53
2728.04
2697.89
2668.73
2641.53
2619.5
2605.72
2600.28
2599.7
2602.35
2606.7
2608.57
2607.32
2601.88
2592.75
2583.2
2574.39
2565.13
2553.73
2540.02
2525.31
2510.48
2495.36
2479.42
2462.55
2444.82
2426.36
2407.25
2387.47
2366.88
2345.4
2323.2
2300.49
2277.41
2253.98
2230.23
2206.17
2181.94
2157.94
2135.01
2113.72
2093.37
2071.42
2042.72
2004.05
1958.64
1916.49
1886.63
1868.41
1856.34
1847.63
1839.91
1832.18
1824.14
1815.93
1807.71
1799.73
1792.06
1784.75
1777.96
1771.32
1764.86
1758.52
1752.37
1746.51
1740.79
1735.22
1729.89
1724.87
1720.11
1715.43
1710.74
1706.1
1701.6
1697.35
1693.38
1689.71
1686.23
1682.85
1679.5
1676.2
1672.99
1669.88
1666.87
1663.98
1661.21
1658.57
1656.03
1653.61
1651.31
1649.13
1647.07
1645.08
1643.15
1641.31
1639.61
1637.91
1636.36
1634.8
1633.36
1632.04
1629.61
3339.92
2971.59
2973.19
2958.25
2927.18
2888.05
2849.55
2818.56
2799.74
2791.99
2790.18
2790.02
2790.13
2791.75
2797.45
2804
2806.32
2804.18
2789.39
2760.85
2729.61
2699.75
2670.77
2643.36
2620.54
2605.64
2599.18
2598.08
2600.38
2604.68
2606.83
2606.13
2601.41
2592.64
2583.11
2574.19
2564.86
2553.46
2539.73
2524.95
2510.01
2494.77
2478.71
2461.71
2443.84
2425.24
2405.97
2386.02
2365.27
2343.63
2321.27
2298.38
2275.11
2251.47
2227.43
2203.04
2178.58
2154.63
2131.95
2110.74
2089.46
2064.22
2028.39
1984.29
1939.28
1904.64
1883.33
1869.45
1859.79
1851.76
1843.92
1835.71
1827.17
1818.75
1810.52
1802.65
1795.13
1788.01
1781.24
1774.73
1768.32
1762.11
1756.12
1750.44
1744.96
1739.67
1734.55
1729.61
1724.8
1720.05
1715.31
1710.69
1706.28
1702.18
1698.38
1694.81
1691.34
1687.88
1684.46
1681.12
1677.9
1674.81
1671.82
1668.95
1666.2
1663.57
1661.05
1658.64
1656.33
1654.12
1652.02
1650.02
1648.08
1646.23
1644.5
1642.78
1641.21
1639.67
1638.28
1637.07
1634.63
3337.03
2971.4
2972.67
2957.14
2925.79
2886.62
2848.29
2817.7
2799.32
2791.87
2790.16
2790.02
2790.12
2791.67
2797.31
2803.99
2806.48
2804.5
2790.33
2762.17
2731.17
2701.6
2672.83
2645.28
2621.74
2605.67
2598.18
2596.51
2598.41
2602.52
2605.01
2604.84
2600.79
2592.5
2583.05
2574.03
2564.62
2553.21
2539.48
2524.64
2509.59
2494.23
2478.05
2460.94
2442.95
2424.21
2404.8
2384.7
2363.8
2342.03
2319.52
2296.47
2273.01
2249.12
2224.74
2200.06
2175.65
2152.27
2130.16
2108.34
2084.01
2051.18
2009.07
1962.93
1924.12
1899.08
1882.86
1872.14
1863.61
1855.41
1847.05
1838.46
1829.83
1821.53
1813.48
1805.85
1798.5
1791.56
1784.92
1778.41
1772.12
1765.98
1760.04
1754.41
1748.99
1743.76
1738.68
1733.75
1728.93
1724.19
1719.56
1715.12
1710.92
1706.99
1703.28
1699.69
1696.1
1692.51
1688.98
1685.58
1682.34
1679.27
1676.34
1673.57
1670.92
1668.43
1666.04
1663.77
1661.56
1659.44
1657.39
1655.42
1653.5
1651.68
1649.98
1648.28
1646.7
1645.13
1643.69
1642.37
1639.84
)
;

boundaryField
{
    inlet
    {
        type            fixedValue;
        value           uniform 2790;
    }
    obstacle
    {
        type            zeroGradient;
    }
    bottom
    {
        type            symmetry;
    }
    outlet
    {
        type            zeroGradient;
    }
    top
    {
        type            symmetry;
    }
    defaultFaces
    {
        type            empty;
    }
    procBoundary5to2
    {
        type            processor;
        value           nonuniform List<scalar> 
42
(
2930.84
2858.3
2837.38
2837.17
2836.82
2836.36
2836.19
2836.1
2835.97
2835.51
2835.17
2834.9
2834.61
2834.19
2833.81
2833.41
2832.96
2832.52
2832.04
2831.57
2831.05
2830.54
2829.99
2829.41
2828.8
2828.15
2827.46
2826.73
2825.94
2825.08
2824.26
2823.32
2822.33
2821.3
2820.21
2819.06
2817.84
2816.56
2815.2
2813.76
2812.23
2810.6
)
;
    }
    procBoundary5to3
    {
        type            processor;
        value           nonuniform List<scalar> 
83
(
2809.87
2809.87
2806.79
2803.56
2770.1
2770.1
2764.78
2759.47
2754.11
2748.78
2743.41
2738.06
2732.71
2727.39
2722.09
2716.81
2711.57
2706.37
2701.23
2696.15
2691.14
2686.21
2681.39
2676.69
2672.12
2667.67
2663.37
2659.23
2655.27
2651.52
2648.03
2644.85
2641.99
2639.45
2637.19
2635.19
2633.43
2631.98
2630.96
2630.47
2630.51
2631.01
2631.9
2633.12
2634.64
2636.55
2639.11
2642.27
2645.2
2647.09
2648.13
2649.24
2651.19
2654.26
2658.26
2662.99
2668.11
2672.49
2674.07
2672.76
2667.99
2663.04
2661.74
2668.35
2687.89
2724.35
2767.25
2792.83
2797.12
2796.14
2793.01
2791.96
2795.85
2809.53
2834.94
2869.52
2907.22
2941.99
2969.26
2991.31
2999.89
2998.48
3428.28
)
;
    }
    procBoundary5to4
    {
        type            processor;
        value           nonuniform List<scalar> 
121
(
3334.03
2971.25
2972.12
2955.97
2924.35
2885.14
2847.01
2816.83
2798.91
2791.75
2790.15
2790.01
2790.11
2791.59
2797.15
2803.97
2806.64
2804.82
2791.26
2763.48
2732.71
2703.44
2674.92
2647.3
2623.1
2605.85
2597.26
2595
2596.43
2600.24
2603.13
2603.45
2600.01
2592.3
2583.01
2573.91
2564.41
2553
2539.27
2524.37
2509.23
2493.76
2477.47
2460.25
2442.15
2423.29
2403.74
2383.51
2362.48
2340.59
2317.94
2294.73
2271.05
2246.85
2222.12
2197.21
2173.04
2150.48
2128.95
2105.8
2076.45
2036.2
1989.5
1946.55
1916.62
1897.46
1885.12
1875.8
1867.39
1858.62
1849.56
1840.63
1832
1823.91
1816.07
1808.66
1801.55
1794.82
1788.35
1782.05
1775.92
1769.94
1764.17
1758.62
1753.23
1748.03
1742.96
1737.98
1733.12
1728.41
1723.91
1719.63
1715.59
1711.77
1708.1
1704.44
1700.73
1697.01
1693.41
1690.01
1686.81
1683.8
1680.95
1678.26
1675.69
1673.24
1670.92
1668.69
1666.53
1664.48
1662.5
1660.6
1658.76
1657.02
1655.38
1653.75
1652.25
1650.78
1649.43
1648.19
1646.03
)
;
    }
}


// ************************************************************************* //
