/*--------------------------------*- C++ -*----------------------------------*\
| =========                 |                                                 |
| \\      /  F ield         | OpenFOAM: The Open Source CFD Toolbox           |
|  \\    /   O peration     | Version:  2412                                  |
|   \\  /    A nd           | Website:  www.openfoam.com                      |
|    \\/     M anipulation  |                                                 |
\*---------------------------------------------------------------------------*/
FoamFile
{
    version     2.0;
    format      ascii;
    arch        "LSB;label=32;scalar=64";
    class       volScalarField;
    location    "0.033";
    object      p;
}
// * * * * * * * * * * * * * * * * * * * * * * * * * * * * * * * * * * * * * //

dimensions      [1 -1 -2 0 0 0 0];

internalField   nonuniform List<scalar> 
9816
(
2985.27
2984.9
2984.41
2983.81
2983.11
2982.34
2981.5
2980.59
2979.61
2978.57
2977.46
2976.27
2975.02
2973.69
2972.31
2970.86
2969.38
2967.84
2966.28
2964.69
2963.07
2961.45
2959.81
2958.15
2956.48
2954.78
2953.06
2951.32
2949.55
2947.74
2946
2944.17
2942.5
2940.8
2939.2
2937.62
2936.16
2934.76
2933.2
2931.78
2930.08
2929.16
2910.68
2909.01
2907.32
2905.63
2903.94
2902.27
2900.62
2898.99
2897.4
2895.85
2894.33
2892.84
2891.39
2889.98
2888.6
2887.26
2886.03
2884.79
2883.59
2882.44
2881.32
2880.26
2879.22
2878.25
2877.3
2876.43
2875.63
2874.89
2874.22
2873.59
2873.03
2872.43
2871.94
2871.16
2870.64
2869.93
2869.69
2868.55
2869.04
2869.19
2867.66
2866.57
2875.75
2874.4
2873.09
2871.81
2870.56
2869.36
2868.19
2867.07
2865.99
2864.95
2863.96
2863
2862.09
2861.22
2860.39
2859.59
2858.83
2858.1
2857.4
2856.74
2856.1
2855.5
2854.9
2854.36
2853.81
2853.32
2852.78
2852.33
2851.81
2851.38
2850.89
2850.57
2850.21
2849.89
2849.57
2849.64
2849.25
2848.43
2849.11
2849.52
2847.69
2846.54
2855.68
2854.68
2853.72
2852.78
2851.89
2851.02
2850.19
2849.38
2848.6
2847.85
2847.13
2846.43
2845.76
2845.12
2844.49
2843.89
2843.31
2842.75
2842.21
2841.7
2841.21
2840.74
2840.31
2839.88
2839.49
2839.11
2838.76
2838.43
2838.13
2837.84
2837.57
2837.31
2837.1
2836.83
2836.54
2836.44
2836.44
2835.65
2835.49
2836.47
2836.27
2834.71
2842.28
2841.48
2840.7
2839.95
2839.22
2838.51
2837.82
2837.17
2836.53
2835.92
2835.33
2834.77
2834.23
2833.72
2833.23
2832.76
2832.31
2831.89
2831.48
2831.1
2830.73
2830.38
2830.05
2829.73
2829.42
2829.13
2828.85
2828.58
2828.32
2828.08
2827.84
2827.62
2827.42
2827.23
2827.07
2826.89
2826.73
2826.46
2826.63
2826.66
2825.93
2825.77
2831.95
2831.31
2830.69
2830.1
2829.53
2829
2828.48
2827.99
2827.52
2827.08
2826.65
2826.25
2825.86
2825.49
2825.14
2824.8
2824.47
2824.16
2823.86
2823.57
2823.3
2823.03
2822.78
2822.54
2822.31
2822.09
2821.87
2821.66
2821.44
2821.23
2821.02
2820.82
2820.64
2820.46
2820.31
2820.16
2820.05
2819.91
2819.81
2819.71
2819.61
2819.42
2824.25
2823.78
2823.34
2822.9
2822.48
2822.07
2821.67
2821.29
2820.91
2820.55
2820.19
2819.84
2819.5
2819.17
2818.85
2818.54
2818.25
2817.96
2817.68
2817.41
2817.15
2816.9
2816.66
2816.44
2816.22
2816.01
2815.81
2815.63
2815.46
2815.31
2815.16
2815.02
2814.87
2814.75
2814.6
2814.5
2814.36
2814.28
2814.15
2814.09
2813.96
2813.91
2817.57
2817.17
2816.78
2816.4
2816.03
2815.68
2815.34
2815.01
2814.69
2814.39
2814.11
2813.84
2813.58
2813.34
2813.12
2812.91
2812.72
2812.53
2812.36
2812.19
2812.04
2811.9
2811.76
2811.63
2811.51
2811.39
2811.28
2811.18
2811.08
2810.98
2810.89
2810.81
2810.72
2810.64
2810.56
2810.49
2810.41
2810.34
2810.27
2810.21
2810.13
2810.08
2811.75
2811.51
2811.28
2811.06
2810.86
2810.66
2810.47
2810.29
2810.11
2809.95
2809.78
2809.62
2809.47
2809.32
2809.17
2809.03
2808.89
2808.75
2808.62
2808.49
2808.37
2808.25
2808.13
2808.02
2807.91
2807.81
2807.71
2807.61
2807.52
2807.44
2807.36
2807.28
2807.21
2807.15
2807.08
2807.02
2806.96
2806.91
2806.85
2806.81
2806.75
2806.71
2806.9
2806.75
2806.59
2806.44
2806.28
2806.13
2805.99
2805.84
2805.7
2805.57
2805.43
2805.3
2805.18
2805.06
2804.94
2804.82
2804.71
2804.6
2804.5
2804.4
2804.3
2804.21
2804.12
2804.03
2803.95
2803.87
2803.79
2803.72
2803.65
2803.58
2803.52
2803.46
2803.4
2803.35
2803.3
2803.25
2803.2
2803.15
2803.11
2803.07
2803.03
2802.99
2801.97
2801.88
2801.78
2801.68
2801.58
2801.48
2801.38
2801.29
2801.19
2801.09
2801
2800.91
2800.82
2800.73
2800.64
2800.56
2800.48
2800.41
2800.33
2800.27
2800.2
2800.14
2800.08
2800.02
2799.97
2799.92
2799.87
2799.83
2799.79
2799.75
2799.71
2799.67
2799.64
2799.61
2799.57
2799.54
2799.51
2799.48
2799.45
2799.43
2799.4
2799.37
2796.88
2796.87
2796.85
2796.83
2796.8
2796.78
2796.76
2796.73
2796.71
2796.68
2796.66
2796.64
2796.62
2796.59
2796.58
2796.55
2796.54
2796.51
2796.49
2796.47
2796.45
2796.43
2796.41
2796.39
2796.37
2796.35
2796.33
2796.3
2796.28
2796.26
2796.24
2796.22
2796.2
2796.18
2796.17
2796.15
2796.14
2796.12
2796.11
2796.1
2796.08
2796.07
2792.1
2792.19
2792.26
2792.33
2792.39
2792.44
2792.48
2792.52
2792.55
2792.58
2792.6
2792.61
2792.62
2792.63
2792.63
2792.63
2792.63
2792.62
2792.62
2792.61
2792.6
2792.59
2792.58
2792.58
2792.57
2792.56
2792.55
2792.54
2792.53
2792.52
2792.51
2792.51
2792.51
2792.5
2792.48
2792.47
2792.47
2792.47
2792.47
2792.46
2792.45
2792.44
2786.86
2786.99
2787.11
2787.21
2787.31
2787.4
2787.48
2787.56
2787.63
2787.69
2787.76
2787.81
2787.86
2787.91
2787.96
2788
2788.04
2788.08
2788.11
2788.15
2788.18
2788.21
2788.24
2788.26
2788.29
2788.32
2788.33
2788.35
2788.37
2788.41
2788.42
2788.41
2788.41
2788.44
2788.5
2788.52
2788.5
2788.46
2788.45
2788.5
2788.57
2788.6
2781.44
2781.65
2781.84
2782.02
2782.19
2782.35
2782.5
2782.64
2782.78
2782.9
2783.02
2783.13
2783.23
2783.32
2783.41
2783.5
2783.57
2783.64
2783.71
2783.77
2783.83
2783.88
2783.94
2783.99
2784.03
2784.05
2784.11
2784.18
2784.2
2784.18
2784.17
2784.27
2784.39
2784.4
2784.34
2784.28
2784.25
2784.31
2784.46
2784.58
2784.65
2784.6
2776.19
2776.44
2776.68
2776.9
2777.1
2777.3
2777.48
2777.65
2777.81
2777.96
2778.1
2778.23
2778.36
2778.47
2778.58
2778.68
2778.78
2778.87
2778.96
2779.04
2779.1
2779.17
2779.26
2779.32
2779.35
2779.38
2779.49
2779.6
2779.6
2779.54
2779.52
2779.63
2779.83
2779.95
2779.92
2779.82
2779.74
2779.72
2779.72
2779.79
2779.99
2780.16
2770.75
2771.03
2771.29
2771.53
2771.76
2771.98
2772.18
2772.37
2772.56
2772.73
2772.9
2773.05
2773.2
2773.34
2773.47
2773.59
2773.71
2773.83
2773.94
2774.02
2774.11
2774.24
2774.37
2774.41
2774.4
2774.47
2774.67
2774.84
2774.87
2774.8
2774.75
2774.78
2774.92
2775.15
2775.3
2775.35
2775.32
2775.25
2775.2
2775.19
2775.21
2775.27
2765.35
2765.68
2765.98
2766.27
2766.55
2766.81
2767.06
2767.3
2767.53
2767.75
2767.96
2768.15
2768.33
2768.52
2768.7
2768.84
2768.97
2769.15
2769.35
2769.44
2769.48
2769.6
2769.79
2769.99
2770.08
2770.07
2770.11
2770.18
2770.29
2770.43
2770.58
2770.69
2770.73
2770.74
2770.75
2770.75
2770.77
2770.81
2770.88
2770.97
2771.08
2771.19
2760.13
2760.5
2760.84
2761.17
2761.48
2761.78
2762.06
2762.33
2762.58
2762.82
2763.05
2763.28
2763.49
2763.67
2763.87
2764.08
2764.26
2764.39
2764.51
2764.68
2764.88
2765.06
2765.16
2765.2
2765.26
2765.37
2765.53
2765.73
2765.91
2765.98
2765.97
2765.97
2765.98
2766.03
2766.11
2766.22
2766.36
2766.51
2766.64
2766.73
2766.77
2766.78
2755.08
2755.48
2755.87
2756.23
2756.58
2756.91
2757.22
2757.52
2757.81
2758.07
2758.33
2758.59
2758.84
2759.03
2759.2
2759.45
2759.72
2759.9
2759.97
2760.08
2760.26
2760.49
2760.72
2760.88
2760.92
2760.96
2761.03
2761.15
2761.29
2761.44
2761.58
2761.71
2761.81
2761.88
2761.94
2761.98
2762.01
2762.04
2762.08
2762.12
2762.19
2762.26
2749.98
2750.41
2750.83
2751.22
2751.59
2751.95
2752.29
2752.62
2752.93
2753.23
2753.51
2753.76
2754.03
2754.29
2754.52
2754.72
2754.92
2755.13
2755.33
2755.52
2755.71
2755.89
2756.03
2756.13
2756.25
2756.38
2756.53
2756.71
2756.89
2757.05
2757.14
2757.18
2757.22
2757.25
2757.31
2757.38
2757.46
2757.55
2757.65
2757.77
2757.91
2758.03
2744.83
2745.3
2745.74
2746.17
2746.57
2746.96
2747.33
2747.68
2748.01
2748.34
2748.67
2748.94
2749.17
2749.44
2749.77
2750.06
2750.23
2750.35
2750.53
2750.77
2751.05
2751.31
2751.48
2751.57
2751.64
2751.74
2751.87
2752.02
2752.19
2752.38
2752.55
2752.71
2752.83
2752.9
2752.96
2753
2753.06
2753.11
2753.17
2753.23
2753.3
2753.38
2739.73
2740.23
2740.7
2741.16
2741.59
2742.01
2742.41
2742.79
2743.12
2743.46
2743.84
2744.19
2744.42
2744.62
2744.91
2745.28
2745.61
2745.82
2745.92
2746.06
2746.25
2746.5
2746.77
2747.01
2747.21
2747.35
2747.44
2747.52
2747.62
2747.73
2747.86
2748
2748.14
2748.28
2748.42
2748.55
2748.66
2748.77
2748.85
2748.93
2748.99
2749.05
2734.75
2735.28
2735.79
2736.28
2736.74
2737.18
2737.61
2738.03
2738.41
2738.74
2739.09
2739.49
2739.84
2740.09
2740.32
2740.61
2740.94
2741.23
2741.45
2741.63
2741.82
2742.04
2742.27
2742.5
2742.7
2742.86
2742.99
2743.11
2743.24
2743.37
2743.51
2743.65
2743.8
2743.94
2744.08
2744.21
2744.33
2744.43
2744.51
2744.59
2744.66
2744.72
2729.94
2730.5
2731.04
2731.56
2732.05
2732.51
2732.96
2733.4
2733.82
2734.19
2734.53
2734.9
2735.29
2735.63
2735.89
2736.14
2736.42
2736.71
2736.99
2737.25
2737.48
2737.69
2737.89
2738.08
2738.26
2738.44
2738.61
2738.78
2738.94
2739.1
2739.25
2739.4
2739.53
2739.66
2739.78
2739.89
2739.99
2740.09
2740.18
2740.26
2740.35
2740.43
2725.19
2725.77
2726.33
2726.86
2727.38
2727.87
2728.33
2728.76
2729.19
2729.61
2729.98
2730.34
2730.7
2731.05
2731.36
2731.65
2731.93
2732.22
2732.5
2732.76
2733
2733.22
2733.43
2733.62
2733.82
2734.01
2734.2
2734.38
2734.55
2734.71
2734.86
2735.01
2735.14
2735.26
2735.38
2735.49
2735.6
2735.7
2735.8
2735.9
2736
2736.09
2720.43
2721.02
2721.58
2722.11
2722.63
2723.13
2723.6
2724.03
2724.46
2724.89
2725.29
2725.66
2726
2726.34
2726.67
2726.99
2727.29
2727.58
2727.86
2728.11
2728.36
2728.59
2728.81
2729.03
2729.24
2729.44
2729.63
2729.81
2729.99
2730.15
2730.31
2730.46
2730.6
2730.73
2730.86
2730.98
2731.1
2731.21
2731.32
2731.42
2731.52
2731.62
2715.49
2716.1
2716.68
2717.24
2717.77
2718.29
2718.79
2719.25
2719.7
2720.14
2720.56
2720.96
2721.33
2721.69
2722.04
2722.37
2722.69
2722.99
2723.28
2723.56
2723.82
2724.07
2724.32
2724.55
2724.77
2724.98
2725.18
2725.37
2725.56
2725.73
2725.9
2726.06
2726.21
2726.35
2726.49
2726.62
2726.75
2726.87
2726.98
2727.09
2727.2
2727.31
2710.73
2711.37
2711.98
2712.56
2713.12
2713.66
2714.17
2714.66
2715.13
2715.58
2716
2716.41
2716.81
2717.18
2717.54
2717.88
2718.21
2718.52
2718.82
2719.11
2719.38
2719.65
2719.9
2720.14
2720.36
2720.58
2720.79
2720.99
2721.18
2721.36
2721.54
2721.7
2721.86
2722.01
2722.16
2722.3
2722.43
2722.55
2722.67
2722.79
2722.9
2723.02
2705.97
2706.62
2707.24
2707.84
2708.42
2708.97
2709.49
2710
2710.48
2710.95
2711.39
2711.82
2712.23
2712.62
2713
2713.36
2713.71
2714.04
2714.36
2714.67
2714.96
2715.24
2715.51
2715.77
2716.01
2716.25
2716.47
2716.69
2716.89
2717.09
2717.28
2717.46
2717.63
2717.8
2717.95
2718.1
2718.25
2718.38
2718.51
2718.64
2718.76
2718.89
2701.27
2701.94
2702.59
2703.21
2703.8
2704.38
2704.93
2705.46
2705.97
2706.46
2706.94
2707.39
2707.83
2708.25
2708.65
2709.04
2709.41
2709.77
2710.11
2710.44
2710.76
2711.06
2711.35
2711.63
2711.89
2712.15
2712.39
2712.63
2712.85
2713.06
2713.27
2713.46
2713.65
2713.83
2714
2714.16
2714.32
2714.46
2714.61
2714.74
2714.88
2715.01
2696.71
2697.39
2698.05
2698.69
2699.31
2699.9
2700.48
2701.03
2701.57
2702.09
2702.59
2703.08
2703.54
2703.99
2704.43
2704.84
2705.25
2705.63
2706
2706.36
2706.7
2707.03
2707.35
2707.65
2707.95
2708.22
2708.49
2708.75
2708.99
2709.23
2709.45
2709.67
2709.87
2710.07
2710.26
2710.44
2710.61
2710.77
2710.93
2711.08
2711.23
2711.38
2692.16
2692.87
2693.56
2694.23
2694.89
2695.53
2696.15
2696.76
2697.35
2697.91
2698.46
2698.99
2699.5
2699.99
2700.46
2700.92
2701.35
2701.77
2702.18
2702.56
2702.94
2703.29
2703.64
2703.96
2704.28
2704.58
2704.87
2705.15
2705.42
2705.67
2705.91
2706.15
2706.37
2706.58
2706.79
2706.98
2707.17
2707.35
2707.52
2707.69
2707.85
2708.01
2687.84
2688.59
2689.33
2690.05
2690.75
2691.44
2692.11
2692.75
2693.38
2693.98
2694.56
2695.12
2695.66
2696.18
2696.68
2697.16
2697.62
2698.06
2698.49
2698.89
2699.29
2699.66
2700.03
2700.37
2700.71
2701.03
2701.34
2701.63
2701.91
2702.19
2702.45
2702.7
2702.94
2703.17
2703.39
2703.6
2703.8
2704
2704.18
2704.36
2704.54
2704.72
2683.61
2684.41
2685.18
2685.94
2686.68
2687.4
2688.11
2688.78
2689.44
2690.07
2690.68
2691.27
2691.84
2692.39
2692.93
2693.44
2693.93
2694.41
2694.87
2695.31
2695.73
2696.14
2696.54
2696.92
2697.28
2697.63
2697.97
2698.29
2698.6
2698.9
2699.19
2699.46
2699.73
2699.98
2700.22
2700.46
2700.68
2700.89
2701.1
2701.3
2701.49
2701.69
2679.56
2680.38
2681.18
2681.97
2682.73
2683.47
2684.19
2684.89
2685.56
2686.22
2686.85
2687.46
2688.05
2688.63
2689.18
2689.72
2690.24
2690.74
2691.23
2691.7
2692.15
2692.59
2693.01
2693.42
2693.81
2694.18
2694.55
2694.89
2695.23
2695.55
2695.86
2696.16
2696.44
2696.71
2696.97
2697.23
2697.47
2697.7
2697.92
2698.13
2698.34
2698.55
2675.56
2676.4
2677.23
2678.03
2678.81
2679.57
2680.31
2681.02
2681.72
2682.41
2683.07
2683.72
2684.35
2684.96
2685.56
2686.13
2686.69
2687.23
2687.76
2688.27
2688.75
2689.23
2689.68
2690.12
2690.54
2690.95
2691.34
2691.72
2692.08
2692.43
2692.76
2693.08
2693.39
2693.68
2693.96
2694.23
2694.49
2694.74
2694.98
2695.2
2695.43
2695.65
2671.67
2672.54
2673.4
2674.23
2675.05
2675.83
2676.6
2677.35
2678.09
2678.81
2679.52
2680.21
2680.88
2681.53
2682.17
2682.78
2683.38
2683.95
2684.51
2685.04
2685.56
2686.06
2686.54
2687
2687.45
2687.87
2688.28
2688.68
2689.06
2689.42
2689.77
2690.1
2690.42
2690.72
2691.02
2691.3
2691.56
2691.82
2692.07
2692.3
2692.53
2692.77
2668.04
2668.95
2669.85
2670.72
2671.58
2672.41
2673.22
2674.01
2674.79
2675.55
2676.29
2677.02
2677.72
2678.4
2679.07
2679.71
2680.33
2680.92
2681.5
2682.06
2682.6
2683.12
2683.62
2684.1
2684.56
2685
2685.43
2685.84
2686.23
2686.61
2686.97
2687.32
2687.65
2687.96
2688.27
2688.55
2688.83
2689.1
2689.35
2689.59
2689.83
2690.07
2664.72
2665.68
2666.62
2667.55
2668.45
2669.33
2670.19
2671.03
2671.84
2672.64
2673.42
2674.18
2674.92
2675.63
2676.32
2676.99
2677.63
2678.26
2678.86
2679.44
2680.01
2680.55
2681.07
2681.57
2682.06
2682.52
2682.97
2683.4
2683.81
2684.21
2684.59
2684.95
2685.3
2685.63
2685.95
2686.25
2686.54
2686.82
2687.09
2687.35
2687.6
2687.85
2661.77
2662.79
2663.79
2664.77
2665.72
2666.66
2667.57
2668.45
2669.31
2670.15
2670.96
2671.74
2672.51
2673.25
2673.96
2674.65
2675.32
2675.97
2676.59
2677.19
2677.78
2678.34
2678.88
2679.4
2679.9
2680.39
2680.85
2681.3
2681.73
2682.14
2682.53
2682.91
2683.27
2683.62
2683.95
2684.27
2684.58
2684.87
2685.15
2685.42
2685.69
2685.95
2659.16
2660.23
2661.28
2662.31
2663.31
2664.29
2665.24
2666.16
2667.05
2667.92
2668.76
2669.57
2670.36
2671.13
2671.87
2672.58
2673.28
2673.95
2674.6
2675.23
2675.84
2676.43
2676.99
2677.54
2678.07
2678.57
2679.06
2679.53
2679.98
2680.42
2680.84
2681.24
2681.62
2681.99
2682.34
2682.68
2683.01
2683.32
2683.62
2683.91
2684.19
2684.47
2656.69
2657.81
2658.9
2659.97
2661.01
2662.03
2663.03
2664
2664.94
2665.86
2666.75
2667.62
2668.46
2669.28
2670.07
2670.84
2671.58
2672.3
2673
2673.67
2674.32
2674.95
2675.56
2676.14
2676.7
2677.24
2677.77
2678.27
2678.75
2679.21
2679.66
2680.08
2680.49
2680.88
2681.26
2681.62
2681.97
2682.3
2682.61
2682.92
2683.22
2683.52
2654.28
2655.43
2656.58
2657.7
2658.81
2659.9
2660.96
2662
2663.02
2664.01
2664.98
2665.92
2666.84
2667.72
2668.58
2669.42
2670.23
2671.01
2671.76
2672.49
2673.19
2673.86
2674.52
2675.14
2675.75
2676.33
2676.88
2677.42
2677.93
2678.42
2678.9
2679.35
2679.79
2680.2
2680.6
2680.98
2681.35
2681.7
2682.03
2682.36
2682.67
2682.99
2651.97
2653.2
2654.42
2655.62
2656.81
2657.97
2659.12
2660.25
2661.35
2662.42
2663.47
2664.49
2665.48
2666.43
2667.36
2668.26
2669.13
2669.97
2670.78
2671.57
2672.32
2673.04
2673.74
2674.41
2675.06
2675.67
2676.27
2676.84
2677.39
2677.91
2678.42
2678.9
2679.36
2679.8
2680.23
2680.63
2681.02
2681.39
2681.74
2682.09
2682.42
2682.76
2649.84
2651.16
2652.47
2653.77
2655.05
2656.3
2657.54
2658.75
2659.93
2661.08
2662.2
2663.29
2664.34
2665.37
2666.36
2667.32
2668.25
2669.14
2670.01
2670.84
2671.64
2672.42
2673.16
2673.87
2674.56
2675.22
2675.86
2676.47
2677.05
2677.61
2678.15
2678.66
2679.15
2679.63
2680.08
2680.51
2680.93
2681.32
2681.7
2682.07
2682.43
2682.79
2647.85
2649.28
2650.69
2652.08
2653.45
2654.79
2656.11
2657.4
2658.65
2659.88
2661.07
2662.23
2663.36
2664.45
2665.51
2666.54
2667.53
2668.49
2669.41
2670.3
2671.16
2671.99
2672.79
2673.56
2674.29
2675
2675.68
2676.33
2676.95
2677.55
2678.13
2678.68
2679.2
2679.7
2680.18
2680.64
2681.08
2681.5
2681.91
2682.29
2682.68
2683.06
2645.92
2647.44
2648.95
2650.44
2651.9
2653.33
2654.74
2656.11
2657.46
2658.77
2660.05
2661.3
2662.51
2663.68
2664.82
2665.92
2666.99
2668.01
2669
2669.96
2670.88
2671.76
2672.61
2673.43
2674.21
2674.96
2675.68
2676.37
2677.03
2677.67
2678.27
2678.85
2679.41
2679.94
2680.45
2680.94
2681.4
2681.85
2682.28
2682.69
2683.09
2683.49
2643.98
2645.61
2647.23
2648.82
2650.39
2651.93
2653.45
2654.93
2656.39
2657.8
2659.18
2660.52
2661.82
2663.07
2664.29
2665.46
2666.59
2667.68
2668.73
2669.73
2670.7
2671.64
2672.53
2673.39
2674.21
2675
2675.76
2676.49
2677.18
2677.85
2678.49
2679.1
2679.68
2680.24
2680.78
2681.29
2681.78
2682.24
2682.69
2683.12
2683.55
2683.97
2642.06
2643.81
2645.56
2647.28
2648.98
2650.65
2652.29
2653.89
2655.45
2656.96
2658.42
2659.84
2661.21
2662.54
2663.82
2665.05
2666.24
2667.38
2668.48
2669.54
2670.56
2671.54
2672.48
2673.38
2674.24
2675.07
2675.86
2676.62
2677.35
2678.05
2678.72
2679.35
2679.96
2680.55
2681.11
2681.64
2682.15
2682.64
2683.11
2683.56
2684
2684.44
2640.17
2642.07
2643.96
2645.83
2647.66
2649.45
2651.2
2652.89
2654.54
2656.13
2657.67
2659.16
2660.6
2661.99
2663.33
2664.63
2665.87
2667.07
2668.22
2669.33
2670.4
2671.42
2672.4
2673.35
2674.25
2675.12
2675.95
2676.75
2677.52
2678.25
2678.94
2679.61
2680.25
2680.86
2681.44
2682
2682.54
2683.05
2683.53
2684
2684.47
2684.92
2638.3
2640.35
2642.38
2644.37
2646.31
2648.2
2650.03
2651.82
2653.54
2655.21
2656.83
2658.39
2659.9
2661.35
2662.76
2664.11
2665.42
2666.68
2667.89
2669.05
2670.17
2671.24
2672.27
2673.26
2674.2
2675.11
2675.98
2676.82
2677.62
2678.38
2679.11
2679.81
2680.48
2681.12
2681.73
2682.31
2682.87
2683.4
2683.91
2684.4
2684.88
2685.36
2636.38
2638.56
2640.7
2642.79
2644.82
2646.8
2648.72
2650.58
2652.38
2654.13
2655.82
2657.46
2659.04
2660.56
2662.04
2663.46
2664.83
2666.15
2667.41
2668.63
2669.8
2670.92
2672
2673.04
2674.03
2674.98
2675.88
2676.75
2677.58
2678.38
2679.14
2679.87
2680.57
2681.24
2681.88
2682.48
2683.06
2683.62
2684.15
2684.66
2685.16
2685.66
2634.39
2636.67
2638.9
2641.07
2643.19
2645.25
2647.25
2649.19
2651.07
2652.9
2654.67
2656.38
2658.03
2659.63
2661.17
2662.66
2664.09
2665.47
2666.79
2668.06
2669.28
2670.46
2671.58
2672.66
2673.69
2674.68
2675.63
2676.54
2677.4
2678.23
2679.02
2679.78
2680.51
2681.2
2681.86
2682.49
2683.09
2683.67
2684.22
2684.75
2685.27
2685.79
2632.31
2634.69
2637.01
2639.27
2641.47
2643.61
2645.69
2647.71
2649.68
2651.58
2653.43
2655.21
2656.94
2658.61
2660.22
2661.77
2663.26
2664.69
2666.07
2667.4
2668.67
2669.89
2671.06
2672.18
2673.26
2674.29
2675.27
2676.21
2677.11
2677.97
2678.8
2679.58
2680.34
2681.05
2681.74
2682.39
2683.02
2683.62
2684.19
2684.74
2685.28
2685.81
2630.18
2632.64
2635.05
2637.4
2639.69
2641.92
2644.08
2646.19
2648.24
2650.23
2652.15
2654.01
2655.81
2657.55
2659.22
2660.84
2662.39
2663.88
2665.32
2666.7
2668.02
2669.29
2670.5
2671.67
2672.78
2673.85
2674.87
2675.85
2676.78
2677.68
2678.53
2679.35
2680.12
2680.87
2681.58
2682.26
2682.91
2683.52
2684.12
2684.69
2685.24
2685.8
2627.95
2630.51
2633.01
2635.45
2637.83
2640.15
2642.41
2644.6
2646.73
2648.8
2650.8
2652.74
2654.62
2656.42
2658.17
2659.84
2661.46
2663.01
2664.5
2665.93
2667.31
2668.62
2669.89
2671.09
2672.25
2673.36
2674.42
2675.43
2676.4
2677.33
2678.21
2679.06
2679.86
2680.63
2681.37
2682.07
2682.74
2683.38
2684
2684.59
2685.16
2685.74
2625.59
2628.24
2630.84
2633.37
2635.84
2638.25
2640.59
2642.87
2645.09
2647.24
2649.32
2651.34
2653.28
2655.16
2656.97
2658.71
2660.39
2662
2663.55
2665.03
2666.46
2667.82
2669.13
2670.39
2671.59
2672.73
2673.83
2674.88
2675.88
2676.84
2677.76
2678.63
2679.47
2680.27
2681.03
2681.76
2682.45
2683.11
2683.75
2684.36
2684.95
2685.55
2623.05
2625.79
2628.48
2631.1
2633.66
2636.16
2638.59
2640.96
2643.25
2645.48
2647.64
2649.73
2651.75
2653.7
2655.57
2657.38
2659.11
2660.78
2662.39
2663.93
2665.4
2666.81
2668.17
2669.47
2670.71
2671.89
2673.03
2674.12
2675.15
2676.15
2677.09
2678
2678.86
2679.69
2680.47
2681.23
2681.94
2682.63
2683.28
2683.91
2684.53
2685.14
2620.35
2623.18
2625.95
2628.66
2631.31
2633.89
2636.4
2638.85
2641.23
2643.53
2645.77
2647.93
2650.02
2652.03
2653.97
2655.84
2657.64
2659.37
2661.02
2662.61
2664.14
2665.6
2667
2668.34
2669.62
2670.85
2672.02
2673.15
2674.22
2675.24
2676.22
2677.15
2678.04
2678.9
2679.71
2680.48
2681.22
2681.93
2682.6
2683.25
2683.89
2684.52
2617.58
2620.49
2623.34
2626.13
2628.85
2631.51
2634.11
2636.63
2639.09
2641.47
2643.78
2646.01
2648.17
2650.25
2652.25
2654.18
2656.04
2657.82
2659.54
2661.18
2662.75
2664.26
2665.71
2667.09
2668.42
2669.68
2670.89
2672.05
2673.16
2674.21
2675.22
2676.19
2677.11
2677.98
2678.82
2679.62
2680.38
2681.11
2681.81
2682.48
2683.13
2683.78
2614.77
2617.76
2620.69
2623.55
2626.36
2629.1
2631.77
2634.37
2636.9
2639.36
2641.74
2644.04
2646.27
2648.41
2650.48
2652.48
2654.39
2656.23
2658
2659.69
2661.32
2662.88
2664.37
2665.8
2667.16
2668.47
2669.72
2670.91
2672.05
2673.14
2674.18
2675.17
2676.12
2677.03
2677.89
2678.72
2679.5
2680.25
2680.97
2681.66
2682.34
2683.01
2611.94
2615
2618
2620.94
2623.82
2626.64
2629.38
2632.06
2634.66
2637.19
2639.64
2642.01
2644.31
2646.52
2648.65
2650.7
2652.68
2654.57
2656.4
2658.14
2659.82
2661.43
2662.96
2664.44
2665.84
2667.19
2668.48
2669.71
2670.88
2672.01
2673.08
2674.1
2675.08
2676.01
2676.9
2677.75
2678.56
2679.33
2680.07
2680.78
2681.48
2682.17
2609.05
2612.18
2615.24
2618.25
2621.2
2624.08
2626.9
2629.64
2632.31
2634.91
2637.42
2639.86
2642.21
2644.49
2646.68
2648.79
2650.82
2652.77
2654.64
2656.44
2658.17
2659.82
2661.4
2662.91
2664.36
2665.75
2667.07
2668.34
2669.55
2670.7
2671.81
2672.86
2673.87
2674.83
2675.74
2676.62
2677.45
2678.24
2679
2679.74
2680.45
2681.16
2606.08
2609.26
2612.39
2615.46
2618.47
2621.41
2624.29
2627.09
2629.82
2632.48
2635.05
2637.54
2639.95
2642.28
2644.53
2646.69
2648.77
2650.77
2652.69
2654.53
2656.3
2658
2659.62
2661.17
2662.66
2664.08
2665.44
2666.74
2667.98
2669.16
2670.3
2671.38
2672.41
2673.39
2674.33
2675.23
2676.08
2676.9
2677.68
2678.43
2679.17
2679.9
2603.05
2606.29
2609.47
2612.6
2615.66
2618.66
2621.59
2624.45
2627.23
2629.94
2632.56
2635.11
2637.57
2639.94
2642.23
2644.44
2646.57
2648.61
2650.57
2652.46
2654.27
2656
2657.66
2659.24
2660.76
2662.22
2663.61
2664.94
2666.21
2667.42
2668.58
2669.68
2670.74
2671.75
2672.71
2673.63
2674.5
2675.34
2676.13
2676.9
2677.66
2678.4
2600.02
2603.31
2606.55
2609.73
2612.84
2615.89
2618.87
2621.78
2624.62
2627.37
2630.04
2632.63
2635.14
2637.56
2639.89
2642.15
2644.31
2646.4
2648.4
2650.32
2652.16
2653.93
2655.62
2657.24
2658.79
2660.28
2661.7
2663.05
2664.35
2665.59
2666.77
2667.9
2668.98
2670.01
2670.99
2671.93
2672.82
2673.67
2674.49
2675.28
2676.04
2676.81
2597.06
2600.41
2603.69
2606.92
2610.09
2613.19
2616.22
2619.17
2622.05
2624.85
2627.57
2630.2
2632.75
2635.21
2637.59
2639.88
2642.09
2644.21
2646.25
2648.21
2650.09
2651.89
2653.61
2655.27
2656.85
2658.36
2659.81
2661.19
2662.51
2663.78
2664.98
2666.14
2667.24
2668.29
2669.29
2670.24
2671.16
2672.03
2672.86
2673.66
2674.44
2675.22
2594.25
2597.63
2600.96
2604.24
2607.45
2610.59
2613.66
2616.65
2619.57
2622.41
2625.17
2627.84
2630.43
2632.93
2635.35
2637.68
2639.92
2642.08
2644.15
2646.15
2648.06
2649.89
2651.65
2653.33
2654.94
2656.49
2657.96
2659.37
2660.72
2662
2663.23
2664.41
2665.53
2666.6
2667.62
2668.6
2669.53
2670.41
2671.26
2672.08
2672.88
2673.67
2591.56
2594.98
2598.34
2601.65
2604.9
2608.08
2611.18
2614.21
2617.17
2620.04
2622.83
2625.54
2628.17
2630.7
2633.15
2635.52
2637.79
2639.98
2642.09
2644.11
2646.05
2647.92
2649.7
2651.41
2653.05
2654.62
2656.11
2657.55
2658.92
2660.23
2661.48
2662.67
2663.81
2664.9
2665.94
2666.93
2667.88
2668.78
2669.65
2670.48
2671.29
2672.1
2588.96
2592.39
2595.78
2599.12
2602.39
2605.6
2608.73
2611.79
2614.78
2617.68
2620.5
2623.24
2625.9
2628.46
2630.94
2633.33
2635.64
2637.85
2639.99
2642.04
2644
2645.89
2647.7
2649.44
2651.1
2652.69
2654.21
2655.66
2657.05
2658.38
2659.65
2660.86
2662.02
2663.13
2664.18
2665.19
2666.15
2667.07
2667.94
2668.79
2669.61
2670.43
2586.42
2589.86
2593.27
2596.62
2599.91
2603.14
2606.29
2609.37
2612.38
2615.31
2618.15
2620.91
2623.59
2626.18
2628.68
2631.09
2633.42
2635.66
2637.82
2639.89
2641.88
2643.79
2645.62
2647.37
2649.05
2650.66
2652.2
2653.67
2655.08
2656.43
2657.71
2658.94
2660.11
2661.23
2662.3
2663.32
2664.29
2665.22
2666.11
2666.97
2667.81
2668.64
2584.06
2587.51
2590.92
2594.28
2597.58
2600.81
2603.97
2607.07
2610.08
2613.02
2615.88
2618.66
2621.35
2623.95
2626.47
2628.9
2631.24
2633.5
2635.67
2637.76
2639.77
2641.69
2643.54
2645.31
2647
2648.63
2650.18
2651.67
2653.09
2654.45
2655.75
2656.99
2658.17
2659.3
2660.38
2661.41
2662.4
2663.34
2664.24
2665.1
2665.95
2666.79
2582.06
2585.5
2588.91
2592.27
2595.57
2598.81
2601.97
2605.07
2608.09
2611.04
2613.9
2616.68
2619.38
2621.99
2624.52
2626.96
2629.31
2631.58
2633.76
2635.86
2637.87
2639.81
2641.67
2643.45
2645.15
2646.79
2648.35
2649.85
2651.28
2652.64
2653.95
2655.2
2656.4
2657.54
2658.62
2659.66
2660.66
2661.6
2662.51
2663.38
2664.23
2665.08
2580.48
2583.93
2587.34
2590.7
2594
2597.24
2600.41
2603.5
2606.53
2609.48
2612.34
2615.13
2617.83
2620.45
2622.98
2625.42
2627.78
2630.05
2632.24
2634.34
2636.36
2638.31
2640.17
2641.95
2643.67
2645.31
2646.88
2648.38
2649.81
2651.19
2652.5
2653.76
2654.96
2656.1
2657.2
2658.24
2659.24
2660.19
2661.1
2661.98
2662.84
2663.69
2579.27
2582.72
2586.13
2589.49
2592.8
2596.04
2599.21
2602.31
2605.34
2608.29
2611.16
2613.95
2616.65
2619.27
2621.8
2624.25
2626.61
2628.89
2631.08
2633.19
2635.21
2637.16
2639.02
2640.81
2642.53
2644.17
2645.74
2647.25
2648.69
2650.07
2651.38
2652.64
2653.84
2654.99
2656.09
2657.14
2658.14
2659.09
2660.01
2660.89
2661.75
2662.6
2578.26
2581.72
2585.14
2588.51
2591.82
2595.07
2598.25
2601.35
2604.39
2607.34
2610.21
2613
2615.71
2618.33
2620.87
2623.32
2625.68
2627.96
2630.15
2632.26
2634.28
2636.23
2638.1
2639.89
2641.61
2643.25
2644.83
2646.33
2647.77
2649.15
2650.47
2651.73
2652.94
2654.09
2655.18
2656.23
2657.23
2658.19
2659.11
2659.99
2660.85
2661.71
2577.35
2580.82
2584.25
2587.63
2590.95
2594.2
2597.39
2600.5
2603.54
2606.5
2609.38
2612.17
2614.88
2617.51
2620.05
2622.5
2624.86
2627.14
2629.33
2631.44
2633.47
2635.42
2637.29
2639.08
2640.8
2642.44
2644.02
2645.52
2646.97
2648.34
2649.66
2650.92
2652.13
2653.28
2654.38
2655.43
2656.43
2657.38
2658.3
2659.18
2660.04
2660.9
2576.48
2579.96
2583.41
2586.8
2590.13
2593.39
2596.59
2599.71
2602.76
2605.72
2608.61
2611.41
2614.12
2616.75
2619.29
2621.75
2624.12
2626.4
2628.59
2630.71
2632.73
2634.68
2636.55
2638.34
2640.06
2641.71
2643.28
2644.79
2646.23
2647.61
2648.93
2650.19
2651.39
2652.55
2653.64
2654.69
2655.69
2656.65
2657.56
2658.45
2659.31
2660.17
2575.76
2579.26
2582.72
2586.13
2589.48
2592.76
2595.97
2599.1
2602.16
2605.13
2608.03
2610.83
2613.56
2616.19
2618.74
2621.2
2623.57
2625.86
2628.05
2630.17
2632.2
2634.15
2636.02
2637.81
2639.53
2641.18
2642.75
2644.26
2645.7
2647.08
2648.4
2649.66
2650.86
2652.01
2653.11
2654.16
2655.16
2656.12
2657.03
2657.91
2658.78
2659.63
2575.41
2578.94
2582.42
2585.84
2589.21
2592.5
2595.72
2598.87
2601.94
2604.92
2607.83
2610.64
2613.37
2616.01
2618.56
2621.03
2623.4
2625.69
2627.89
2630.01
2632.04
2633.99
2635.86
2637.65
2639.37
2641.01
2642.59
2644.1
2645.54
2646.92
2648.23
2649.49
2650.7
2651.84
2652.94
2653.99
2654.99
2655.94
2656.86
2657.74
2658.6
2659.45
2575.47
2579.01
2582.51
2585.95
2589.33
2592.63
2595.86
2599.02
2602.1
2605.09
2608
2610.82
2613.55
2616.19
2618.75
2621.21
2623.59
2625.87
2628.07
2630.19
2632.22
2634.16
2636.03
2637.83
2639.54
2641.18
2642.76
2644.26
2645.7
2647.08
2648.39
2649.65
2650.85
2652
2653.09
2654.14
2655.13
2656.09
2657
2657.87
2658.73
2659.59
2575.79
2579.35
2582.86
2586.31
2589.7
2593.02
2596.26
2599.42
2602.5
2605.5
2608.42
2611.24
2613.98
2616.62
2619.18
2621.64
2624.01
2626.3
2628.5
2630.61
2632.64
2634.59
2636.45
2638.24
2639.96
2641.6
2643.17
2644.67
2646.1
2647.48
2648.79
2650.04
2651.24
2652.38
2653.48
2654.52
2655.51
2656.46
2657.37
2658.25
2659.1
2659.96
2576.27
2579.84
2583.36
2586.83
2590.23
2593.56
2596.82
2599.99
2603.08
2606.09
2609
2611.83
2614.57
2617.22
2619.78
2622.24
2624.62
2626.91
2629.1
2631.22
2633.24
2635.19
2637.05
2638.84
2640.55
2642.19
2643.76
2645.26
2646.69
2648.06
2649.37
2650.62
2651.82
2652.96
2654.05
2655.09
2656.08
2657.03
2657.94
2658.81
2659.67
2660.52
2576.74
2580.33
2583.87
2587.35
2590.76
2594.1
2597.37
2600.55
2603.65
2606.66
2609.58
2612.42
2615.16
2617.81
2620.37
2622.84
2625.22
2627.5
2629.7
2631.82
2633.84
2635.79
2637.65
2639.44
2641.15
2642.79
2644.35
2645.85
2647.28
2648.65
2649.96
2651.21
2652.41
2653.55
2654.64
2655.67
2656.67
2657.61
2658.52
2659.39
2660.24
2661.09
2577.04
2580.64
2584.19
2587.69
2591.11
2594.47
2597.74
2600.93
2604.03
2607.05
2609.98
2612.82
2615.57
2618.22
2620.78
2623.25
2625.63
2627.92
2630.12
2632.23
2634.26
2636.2
2638.07
2639.85
2641.56
2643.2
2644.77
2646.27
2647.7
2649.07
2650.38
2651.62
2652.82
2653.96
2655.05
2656.08
2657.07
2658.02
2658.92
2659.8
2660.65
2661.5
2577.18
2580.8
2584.36
2587.86
2591.3
2594.65
2597.93
2601.13
2604.24
2607.26
2610.19
2613.03
2615.78
2618.44
2621
2623.47
2625.85
2628.14
2630.34
2632.45
2634.48
2636.43
2638.29
2640.08
2641.79
2643.42
2644.99
2646.49
2647.92
2649.29
2650.59
2651.84
2653.04
2654.18
2655.26
2656.3
2657.29
2658.24
2659.14
2660.01
2660.86
2661.71
2577.24
2580.86
2584.43
2587.94
2591.38
2594.74
2598.02
2601.22
2604.34
2607.36
2610.3
2613.14
2615.89
2618.54
2621.11
2623.58
2625.96
2628.25
2630.45
2632.56
2634.59
2636.53
2638.4
2640.18
2641.89
2643.53
2645.09
2646.59
2648.02
2649.39
2650.7
2651.95
2653.14
2654.28
2655.36
2656.4
2657.39
2658.33
2659.24
2660.11
2660.96
2661.81
2577.28
2580.9
2584.48
2587.99
2591.44
2594.8
2598.09
2601.29
2604.4
2607.43
2610.36
2613.2
2615.95
2618.61
2621.18
2623.65
2626.03
2628.32
2630.52
2632.63
2634.66
2636.6
2638.47
2640.25
2641.96
2643.6
2645.16
2646.66
2648.09
2649.46
2650.77
2652.01
2653.21
2654.35
2655.43
2656.47
2657.46
2658.4
2659.31
2660.18
2661.03
2661.88
2577.38
2581.01
2584.59
2588.1
2591.55
2594.91
2598.2
2601.4
2604.51
2607.54
2610.47
2613.32
2616.07
2618.72
2621.29
2623.76
2626.14
2628.43
2630.63
2632.74
2634.77
2636.72
2638.58
2640.37
2642.08
2643.71
2645.28
2646.78
2648.21
2649.58
2650.89
2652.13
2653.33
2654.47
2655.55
2656.59
2657.58
2658.53
2659.43
2660.3
2661.15
2662
2577.57
2581.2
2584.78
2588.29
2591.74
2595.1
2598.39
2601.59
2604.7
2607.73
2610.67
2613.51
2616.26
2618.92
2621.48
2623.96
2626.34
2628.63
2630.83
2632.94
2634.97
2636.92
2638.78
2640.57
2642.28
2643.92
2645.49
2646.99
2648.42
2649.79
2651.1
2652.34
2653.54
2654.68
2655.76
2656.8
2657.79
2658.74
2659.64
2660.52
2661.37
2662.21
2577.86
2581.5
2585.08
2588.59
2592.03
2595.4
2598.68
2601.89
2605
2608.03
2610.96
2613.81
2616.56
2619.22
2621.78
2624.26
2626.64
2628.93
2631.13
2633.25
2635.28
2637.23
2639.09
2640.88
2642.59
2644.23
2645.8
2647.3
2648.73
2650.1
2651.41
2652.66
2653.86
2655
2656.08
2657.12
2658.11
2659.06
2659.97
2660.84
2661.69
2662.54
2578.3
2581.93
2585.51
2589.03
2592.47
2595.84
2599.12
2602.32
2605.44
2608.47
2611.4
2614.25
2617
2619.66
2622.23
2624.71
2627.09
2629.38
2631.59
2633.7
2635.74
2637.69
2639.55
2641.34
2643.06
2644.7
2646.26
2647.76
2649.2
2650.57
2651.88
2653.13
2654.33
2655.47
2656.56
2657.59
2658.59
2659.53
2660.44
2661.31
2662.16
2663.01
2578.91
2582.55
2586.13
2589.64
2593.09
2596.45
2599.74
2602.94
2606.06
2609.09
2612.03
2614.88
2617.63
2620.29
2622.86
2625.34
2627.72
2630.02
2632.22
2634.34
2636.38
2638.33
2640.19
2641.98
2643.7
2645.34
2646.91
2648.41
2649.85
2651.22
2652.53
2653.78
2654.97
2656.12
2657.21
2658.25
2659.24
2660.18
2661.09
2661.96
2662.82
2663.67
2579.55
2583.19
2586.77
2590.29
2593.74
2597.11
2600.39
2603.6
2606.72
2609.75
2612.69
2615.54
2618.3
2620.97
2623.54
2626.02
2628.41
2630.7
2632.91
2635.03
2637.06
2639.02
2640.89
2642.68
2644.39
2646.04
2647.61
2649.11
2650.55
2651.92
2653.23
2654.48
2655.68
2656.82
2657.91
2658.95
2659.95
2660.89
2661.8
2662.67
2663.53
2664.38
2579.87
2583.51
2587.1
2590.62
2594.07
2597.45
2600.74
2603.95
2607.07
2610.11
2613.05
2615.91
2618.67
2621.34
2623.91
2626.4
2628.79
2631.09
2633.3
2635.42
2637.46
2639.41
2641.28
2643.08
2644.79
2646.44
2648.01
2649.51
2650.95
2652.32
2653.64
2654.89
2656.09
2657.23
2658.32
2659.36
2660.36
2661.31
2662.21
2663.09
2663.94
2664.79
2579.92
2583.56
2587.15
2590.67
2594.13
2597.5
2600.8
2604.01
2607.14
2610.17
2613.12
2615.98
2618.74
2621.41
2623.99
2626.47
2628.86
2631.16
2633.37
2635.5
2637.54
2639.49
2641.36
2643.16
2644.88
2646.52
2648.09
2649.6
2651.04
2652.41
2653.72
2654.98
2656.18
2657.32
2658.41
2659.45
2660.45
2661.4
2662.3
2663.18
2664.03
2664.88
2579.82
2583.46
2587.05
2590.58
2594.03
2597.41
2600.7
2603.92
2607.04
2610.08
2613.03
2615.89
2618.65
2621.33
2623.9
2626.39
2628.78
2631.08
2633.3
2635.42
2637.46
2639.41
2641.29
2643.08
2644.8
2646.45
2648.02
2649.52
2650.96
2652.34
2653.65
2654.91
2656.1
2657.25
2658.34
2659.38
2660.38
2661.32
2662.23
2663.11
2663.96
2664.81
2579.49
2583.13
2586.72
2590.25
2593.71
2597.08
2600.38
2603.6
2606.73
2609.77
2612.72
2615.58
2618.35
2621.02
2623.6
2626.08
2628.48
2630.78
2632.99
2635.12
2637.16
2639.11
2640.99
2642.78
2644.5
2646.15
2647.72
2649.23
2650.67
2652.04
2653.35
2654.61
2655.81
2656.95
2658.04
2659.09
2660.08
2661.03
2661.94
2662.81
2663.67
2664.52
2578.78
2582.43
2586.02
2589.55
2593.01
2596.39
2599.69
2602.91
2606.04
2609.08
2612.04
2614.9
2617.67
2620.34
2622.92
2625.41
2627.8
2630.11
2632.32
2634.45
2636.49
2638.44
2640.32
2642.12
2643.84
2645.48
2647.06
2648.56
2650
2651.38
2652.69
2653.95
2655.14
2656.29
2657.38
2658.42
2659.42
2660.37
2661.27
2662.15
2663.01
2663.86
2577.55
2581.2
2584.8
2588.33
2591.79
2595.17
2598.47
2601.69
2604.83
2607.87
2610.83
2613.69
2616.46
2619.13
2621.71
2624.2
2626.6
2628.9
2631.12
2633.25
2635.29
2637.24
2639.12
2640.92
2642.64
2644.28
2645.86
2647.36
2648.8
2650.18
2651.49
2652.75
2653.95
2655.09
2656.18
2657.23
2658.22
2659.17
2660.08
2660.95
2661.81
2662.66
2572.04
2575.72
2579.37
2582.97
2586.5
2589.96
2593.35
2596.65
2599.87
2603.01
2606.06
2609.01
2611.87
2614.64
2617.32
2619.9
2622.39
2624.79
2627.09
2629.31
2631.43
2633.47
2635.43
2637.31
2639.1
2640.82
2642.47
2644.05
2645.55
2646.99
2648.37
2649.68
2650.94
2652.13
2653.28
2654.37
2655.41
2656.41
2657.36
2658.27
2659.14
2660
2660.85
2569.86
2573.54
2577.19
2580.78
2584.32
2587.78
2591.16
2594.46
2597.68
2600.82
2603.86
2606.82
2609.68
2612.45
2615.12
2617.7
2620.19
2622.58
2624.89
2627.1
2629.23
2631.27
2633.22
2635.1
2636.89
2638.61
2640.26
2641.83
2643.34
2644.78
2646.15
2647.46
2648.72
2649.92
2651.06
2652.15
2653.19
2654.19
2655.14
2656.04
2656.92
2657.77
2658.62
2568.12
2571.8
2575.45
2579.04
2582.56
2586.02
2589.4
2592.7
2595.92
2599.05
2602.09
2605.04
2607.9
2610.66
2613.34
2615.91
2618.4
2620.79
2623.09
2625.3
2627.43
2629.46
2631.42
2633.29
2635.08
2636.8
2638.44
2640.02
2641.52
2642.96
2644.33
2645.64
2646.89
2648.09
2649.23
2650.32
2651.36
2652.36
2653.31
2654.21
2655.09
2655.94
2656.79
2567.55
2571.22
2574.86
2578.45
2581.98
2585.43
2588.81
2592.11
2595.32
2598.45
2601.49
2604.44
2607.29
2610.06
2612.73
2615.3
2617.79
2620.18
2622.48
2624.69
2626.81
2628.84
2630.8
2632.67
2634.46
2636.18
2637.82
2639.39
2640.89
2642.33
2643.7
2645.01
2646.26
2647.46
2648.6
2649.69
2650.73
2651.72
2652.67
2653.57
2654.45
2655.3
2656.15
2567.55
2571.22
2574.86
2578.45
2581.97
2585.43
2588.81
2592.1
2595.32
2598.45
2601.49
2604.44
2607.29
2610.06
2612.73
2615.3
2617.79
2620.18
2622.47
2624.68
2626.81
2628.84
2630.79
2632.67
2634.46
2636.17
2637.82
2639.39
2640.89
2642.32
2643.7
2645.01
2646.26
2647.45
2648.6
2649.68
2650.72
2651.72
2652.66
2653.57
2654.44
2655.3
2656.14
2564.01
2567.69
2571.36
2575.01
2578.59
2582.12
2585.57
2588.95
2592.25
2595.46
2598.59
2601.63
2604.58
2607.44
2610.2
2612.88
2615.45
2617.94
2620.33
2622.63
2624.84
2626.96
2628.99
2630.95
2632.82
2634.61
2636.32
2637.97
2639.54
2641.04
2642.47
2643.85
2645.16
2646.41
2647.61
2648.75
2649.84
2650.88
2651.87
2652.82
2653.72
2654.59
2655.45
2656.3
2564.37
2568.06
2571.73
2575.38
2578.96
2582.49
2585.95
2589.32
2592.62
2595.84
2598.97
2602.01
2604.96
2607.82
2610.58
2613.25
2615.83
2618.31
2620.71
2623.01
2625.22
2627.34
2629.37
2631.33
2633.2
2634.99
2636.71
2638.35
2639.92
2641.42
2642.86
2644.23
2645.54
2646.79
2647.99
2649.13
2650.22
2651.26
2652.25
2653.2
2654.11
2654.98
2655.83
2656.68
2565.03
2568.71
2572.39
2576.04
2579.63
2583.15
2586.61
2589.99
2593.29
2596.51
2599.64
2602.68
2605.63
2608.49
2611.26
2613.93
2616.51
2618.99
2621.39
2623.69
2625.9
2628.02
2630.06
2632.01
2633.88
2635.68
2637.39
2639.04
2640.61
2642.11
2643.55
2644.92
2646.23
2647.48
2648.68
2649.82
2650.91
2651.95
2652.95
2653.89
2654.8
2655.67
2656.53
2657.37
2565.96
2569.65
2573.33
2576.98
2580.57
2584.1
2587.56
2590.94
2594.24
2597.46
2600.6
2603.64
2606.59
2609.46
2612.22
2614.9
2617.48
2619.96
2622.36
2624.66
2626.87
2629
2631.04
2632.99
2634.86
2636.66
2638.38
2640.02
2641.59
2643.1
2644.53
2645.91
2647.22
2648.47
2649.67
2650.81
2651.9
2652.94
2653.94
2654.88
2655.79
2656.66
2657.52
2658.37
2567
2570.69
2574.38
2578.03
2581.63
2585.16
2588.63
2592.01
2595.32
2598.54
2601.68
2604.73
2607.69
2610.55
2613.32
2616
2618.58
2621.07
2623.47
2625.77
2627.99
2630.11
2632.15
2634.11
2635.98
2637.78
2639.5
2641.15
2642.72
2644.22
2645.66
2647.04
2648.35
2649.61
2650.8
2651.95
2653.04
2654.08
2655.08
2656.02
2656.93
2657.81
2658.66
2659.51
2567.85
2571.55
2575.24
2578.9
2582.51
2586.04
2589.51
2592.9
2596.22
2599.44
2602.58
2605.64
2608.6
2611.47
2614.24
2616.92
2619.51
2622
2624.4
2626.7
2628.92
2631.05
2633.09
2635.05
2636.93
2638.73
2640.45
2642.1
2643.67
2645.18
2646.62
2648
2649.31
2650.57
2651.77
2652.91
2654.01
2655.05
2656.05
2657
2657.9
2658.78
2659.64
2660.49
2568.26
2571.97
2575.67
2579.33
2582.94
2586.48
2589.95
2593.35
2596.66
2599.9
2603.04
2606.1
2609.06
2611.93
2614.71
2617.39
2619.98
2622.47
2624.88
2627.19
2629.41
2631.54
2633.58
2635.54
2637.42
2639.22
2640.95
2642.6
2644.17
2645.68
2647.12
2648.5
2649.82
2651.07
2652.27
2653.42
2654.52
2655.56
2656.56
2657.51
2658.42
2659.29
2660.15
2661
2568.35
2572.06
2575.76
2579.42
2583.03
2586.58
2590.05
2593.45
2596.77
2600
2603.15
2606.2
2609.17
2612.04
2614.82
2617.5
2620.09
2622.59
2624.99
2627.3
2629.52
2631.65
2633.7
2635.66
2637.54
2639.34
2641.07
2642.72
2644.29
2645.8
2647.24
2648.62
2649.94
2651.2
2652.4
2653.54
2654.64
2655.68
2656.68
2657.63
2658.54
2659.42
2660.28
2661.13
2568.36
2572.07
2575.76
2579.43
2583.04
2586.59
2590.06
2593.46
2596.77
2600.01
2603.15
2606.21
2609.18
2612.05
2614.83
2617.51
2620.1
2622.6
2625
2627.31
2629.53
2631.66
2633.71
2635.67
2637.55
2639.35
2641.08
2642.73
2644.3
2645.81
2647.26
2648.63
2649.95
2651.21
2652.41
2653.56
2654.65
2655.7
2656.69
2657.64
2658.55
2659.43
2660.29
2661.14
2568.31
2572.02
2575.73
2579.39
2583
2586.55
2590.03
2593.43
2596.74
2599.98
2603.13
2606.18
2609.15
2612.02
2614.8
2617.49
2620.08
2622.57
2624.98
2627.29
2629.51
2631.64
2633.69
2635.65
2637.53
2639.33
2641.06
2642.71
2644.29
2645.8
2647.24
2648.62
2649.93
2651.19
2652.39
2653.54
2654.64
2655.68
2656.68
2657.63
2658.54
2659.42
2660.27
2661.13
2568.16
2571.87
2575.58
2579.25
2582.87
2586.42
2589.9
2593.3
2596.62
2599.86
2603.01
2606.07
2609.04
2611.91
2614.69
2617.38
2619.97
2622.47
2624.88
2627.19
2629.41
2631.55
2633.59
2635.56
2637.44
2639.24
2640.97
2642.62
2644.2
2645.71
2647.15
2648.53
2649.85
2651.11
2652.31
2653.46
2654.55
2655.6
2656.6
2657.55
2658.46
2659.34
2660.19
2661.05
2567.91
2571.63
2575.35
2579.02
2582.64
2586.2
2589.68
2593.09
2596.41
2599.65
2602.81
2605.87
2608.84
2611.72
2614.51
2617.19
2619.79
2622.29
2624.7
2627.01
2629.24
2631.37
2633.42
2635.39
2637.27
2639.08
2640.8
2642.46
2644.04
2645.55
2646.99
2648.37
2649.69
2650.95
2652.16
2653.3
2654.4
2655.45
2656.44
2657.4
2658.31
2659.19
2660.05
2660.9
2567.72
2571.45
2575.16
2578.84
2582.47
2586.02
2589.51
2592.92
2596.25
2599.49
2602.64
2605.71
2608.68
2611.56
2614.35
2617.04
2619.63
2622.14
2624.54
2626.86
2629.08
2631.22
2633.27
2635.24
2637.12
2638.92
2640.65
2642.3
2643.89
2645.4
2646.84
2648.22
2649.54
2650.8
2652.01
2653.15
2654.25
2655.3
2656.29
2657.25
2658.16
2659.04
2659.9
2660.75
2567.51
2571.24
2574.95
2578.64
2582.27
2585.83
2589.32
2592.73
2596.06
2599.31
2602.47
2605.54
2608.52
2611.4
2614.19
2616.88
2619.48
2621.99
2624.4
2626.72
2628.95
2631.09
2633.14
2635.11
2636.99
2638.8
2640.53
2642.18
2643.77
2645.28
2646.73
2648.11
2649.43
2650.69
2651.89
2653.04
2654.14
2655.19
2656.19
2657.14
2658.05
2658.93
2659.79
2660.65
2567.91
2571.63
2575.33
2579
2582.61
2586.15
2589.62
2593.01
2596.32
2599.55
2602.68
2605.73
2608.69
2611.55
2614.32
2616.99
2619.57
2622.06
2624.45
2626.75
2628.96
2631.09
2633.13
2635.08
2636.95
2638.74
2640.46
2642.1
2643.67
2645.18
2646.61
2647.99
2649.3
2650.55
2651.75
2652.89
2653.98
2655.02
2656.01
2656.96
2657.86
2658.73
2659.57
2660.39
2661.19
2661.49
2661.59
2661.74
2661.88
2661.96
2661.98
2661.96
2661.84
2661.32
2660.35
2659.2
2658.21
2657.52
2657.13
2656.98
2656.98
2657.62
2659.46
2661.68
2663.5
2664.69
2665.35
2665.65
2665.72
2665.63
2665.21
2664.5
2663.85
2663.37
2663.05
2662.83
2662.71
2662.64
2662.54
2662.33
2661.93
2661.35
2660.79
2660.43
2660.29
2660.47
2661.01
2661.74
2662.55
2663.45
2664.53
2665.92
2667.62
2669.46
2671.24
2672.89
2674.45
2675.99
2677.56
2679.14
2680.61
2681.86
2682.85
2683.67
2684.42
2685.14
2685.74
2686.13
2686.3
2686.34
2686.34
2686.3
2686.15
2685.83
2685.38
2684.87
2684.38
2683.89
2683.43
2683.14
2683.09
2683.3
2683.82
2684.75
2686.21
2688.1
2690.31
2692.99
2695.87
2698.75
2701.88
2704.89
2708.17
2711.53
2715.14
2719.01
2723.13
2727.41
2731.72
2736.19
2740.52
2744.78
2749.11
2753.45
2758.15
2762.34
2766.77
2771.28
2775.38
2780.24
2784.5
2788.59
2792.44
2796.05
2799.34
2802.94
2806.64
2810
2813.78
2819.49
2826.46
2834.19
2847.32
2662
2662.32
2662.42
2662.57
2662.72
2662.8
2662.81
2662.8
2662.67
2662.15
2661.18
2660.03
2659.04
2658.34
2657.96
2657.81
2657.81
2658.45
2660.29
2662.51
2664.33
2665.52
2666.18
2666.48
2666.55
2666.46
2666.04
2665.33
2664.67
2664.2
2663.87
2663.66
2663.53
2663.47
2663.37
2663.16
2662.75
2662.18
2661.62
2661.26
2661.13
2661.31
2661.85
2662.58
2663.39
2664.28
2665.36
2666.75
2668.44
2670.27
2672.04
2673.68
2675.23
2676.75
2678.3
2679.86
2681.33
2682.56
2683.52
2684.32
2685.06
2685.76
2686.34
2686.71
2686.86
2686.89
2686.86
2686.81
2686.64
2686.3
2685.82
2685.3
2684.79
2684.28
2683.8
2683.49
2683.42
2683.61
2684.11
2685.03
2686.47
2688.35
2690.54
2693.22
2696.1
2698.96
2702.07
2705.06
2708.33
2711.67
2715.28
2719.13
2723.24
2727.52
2731.82
2736.28
2740.6
2744.85
2749.17
2753.54
2758.24
2762.42
2766.76
2771.34
2775.52
2780.22
2784.41
2788.53
2792.45
2796.04
2799.32
2802.91
2806.61
2809.95
2813.74
2819.51
2826.45
2834.74
2848.17
2662.84
2663.18
2663.28
2663.43
2663.57
2663.65
2663.67
2663.65
2663.53
2663.01
2662.03
2660.89
2659.89
2659.2
2658.81
2658.66
2658.67
2659.31
2661.14
2663.37
2665.18
2666.38
2667.04
2667.33
2667.41
2667.31
2666.89
2666.18
2665.53
2665.05
2664.73
2664.51
2664.39
2664.32
2664.22
2664.01
2663.61
2663.04
2662.48
2662.12
2661.99
2662.17
2662.71
2663.45
2664.25
2665.15
2666.22
2667.6
2669.29
2671.11
2672.87
2674.5
2676.03
2677.53
2679.07
2680.62
2682.06
2683.27
2684.22
2685
2685.72
2686.4
2686.96
2687.31
2687.44
2687.45
2687.4
2687.33
2687.14
2686.78
2686.29
2685.75
2685.22
2684.69
2684.19
2683.85
2683.76
2683.93
2684.41
2685.31
2686.74
2688.6
2690.79
2693.45
2696.32
2699.17
2702.27
2705.24
2708.49
2711.82
2715.41
2719.25
2723.35
2727.63
2731.93
2736.38
2740.69
2744.92
2749.23
2753.63
2758.31
2762.52
2766.75
2771.35
2775.65
2780.18
2784.37
2788.5
2792.45
2796.02
2799.28
2802.86
2806.53
2809.87
2813.61
2819.17
2825.77
2835.34
2848.15
2663.72
2664.07
2664.17
2664.32
2664.47
2664.54
2664.56
2664.54
2664.42
2663.9
2662.92
2661.77
2660.78
2660.08
2659.7
2659.55
2659.55
2660.19
2662.03
2664.26
2666.07
2667.27
2667.93
2668.22
2668.29
2668.2
2667.78
2667.07
2666.41
2665.94
2665.61
2665.39
2665.27
2665.2
2665.11
2664.9
2664.5
2663.92
2663.37
2663.01
2662.89
2663.07
2663.61
2664.34
2665.15
2666.04
2667.11
2668.49
2670.17
2671.98
2673.73
2675.34
2676.85
2678.34
2679.86
2681.4
2682.82
2684.01
2684.94
2685.7
2686.4
2687.06
2687.6
2687.93
2688.04
2688.03
2687.96
2687.87
2687.66
2687.29
2686.77
2686.21
2685.66
2685.11
2684.59
2684.23
2684.11
2684.27
2684.73
2685.61
2687.02
2688.87
2691.04
2693.7
2696.56
2699.39
2702.47
2705.43
2708.66
2711.98
2715.55
2719.38
2723.47
2727.74
2732.03
2736.48
2740.79
2744.99
2749.3
2753.74
2758.35
2762.62
2766.74
2771.35
2775.76
2780.11
2784.35
2788.54
2792.44
2796.01
2799.26
2802.83
2806.5
2809.82
2813.57
2819.08
2825.47
2835.4
2847.52
2664.64
2665
2665.1
2665.25
2665.4
2665.47
2665.49
2665.47
2665.35
2664.83
2663.85
2662.7
2661.7
2661.01
2660.62
2660.47
2660.48
2661.12
2662.96
2665.19
2667
2668.2
2668.86
2669.15
2669.22
2669.13
2668.71
2668
2667.34
2666.86
2666.54
2666.32
2666.19
2666.13
2666.03
2665.82
2665.42
2664.85
2664.3
2663.95
2663.82
2664.01
2664.55
2665.28
2666.09
2666.98
2668.05
2669.41
2671.08
2672.88
2674.62
2676.22
2677.72
2679.19
2680.7
2682.21
2683.62
2684.79
2685.69
2686.43
2687.11
2687.75
2688.27
2688.57
2688.67
2688.63
2688.55
2688.44
2688.21
2687.81
2687.27
2686.69
2686.12
2685.55
2685.01
2684.62
2684.48
2684.62
2685.06
2685.93
2687.31
2689.14
2691.3
2693.95
2696.81
2699.63
2702.69
2705.62
2708.84
2712.14
2715.7
2719.52
2723.6
2727.86
2732.14
2736.59
2740.89
2745.08
2749.38
2753.86
2758.37
2762.72
2766.77
2771.34
2775.83
2779.99
2784.45
2788.62
2792.43
2795.98
2799.22
2802.77
2806.42
2809.73
2813.45
2819.27
2825.54
2834.78
2846.68
2665.6
2665.98
2666.08
2666.22
2666.37
2666.45
2666.46
2666.45
2666.32
2665.8
2664.82
2663.67
2662.67
2661.98
2661.59
2661.44
2661.45
2662.09
2663.93
2666.16
2667.97
2669.17
2669.83
2670.12
2670.19
2670.1
2669.68
2668.96
2668.31
2667.83
2667.5
2667.28
2667.16
2667.09
2667
2666.79
2666.39
2665.82
2665.28
2664.92
2664.8
2664.99
2665.53
2666.26
2667.07
2667.95
2669.02
2670.38
2672.04
2673.83
2675.56
2677.14
2678.62
2680.08
2681.56
2683.06
2684.45
2685.6
2686.48
2687.19
2687.85
2688.47
2688.97
2689.25
2689.32
2689.27
2689.16
2689.03
2688.78
2688.36
2687.8
2687.2
2686.61
2686.01
2685.45
2685.04
2684.87
2684.98
2685.41
2686.26
2687.62
2689.43
2691.58
2694.22
2697.07
2699.87
2702.92
2705.83
2709.03
2712.32
2715.86
2719.66
2723.73
2727.98
2732.26
2736.7
2741
2745.17
2749.46
2753.98
2758.38
2762.83
2766.84
2771.32
2775.84
2779.92
2784.65
2788.68
2792.43
2795.97
2799.19
2802.75
2806.39
2809.67
2813.39
2819.1
2825.66
2834.04
2846.2
2666.62
2667
2667.1
2667.24
2667.39
2667.46
2667.48
2667.46
2667.34
2666.82
2665.83
2664.68
2663.69
2662.99
2662.61
2662.45
2662.46
2663.1
2664.95
2667.17
2668.99
2670.18
2670.84
2671.14
2671.21
2671.12
2670.69
2669.98
2669.32
2668.84
2668.52
2668.3
2668.17
2668.11
2668.01
2667.8
2667.4
2666.84
2666.3
2665.95
2665.83
2666.01
2666.55
2667.29
2668.1
2668.98
2670.04
2671.4
2673.05
2674.83
2676.54
2678.11
2679.57
2681.01
2682.48
2683.95
2685.32
2686.45
2687.31
2687.99
2688.63
2689.22
2689.7
2689.96
2690.01
2689.93
2689.81
2689.65
2689.38
2688.94
2688.35
2687.73
2687.12
2686.5
2685.91
2685.47
2685.28
2685.37
2685.78
2686.6
2687.95
2689.74
2691.87
2694.5
2697.34
2700.13
2703.16
2706.05
2709.22
2712.5
2716.02
2719.81
2723.86
2728.11
2732.38
2736.82
2741.11
2745.27
2749.55
2754.1
2758.38
2762.91
2766.95
2771.3
2775.8
2779.94
2784.8
2788.63
2792.42
2795.94
2799.16
2802.67
2806.29
2809.59
2813.27
2818.93
2825.61
2833.84
2846.33
2667.68
2668.07
2668.17
2668.31
2668.46
2668.53
2668.55
2668.53
2668.4
2667.88
2666.9
2665.75
2664.75
2664.06
2663.67
2663.52
2663.52
2664.17
2666.01
2668.24
2670.06
2671.25
2671.91
2672.2
2672.28
2672.18
2671.76
2671.04
2670.39
2669.91
2669.58
2669.36
2669.24
2669.17
2669.08
2668.87
2668.47
2667.91
2667.37
2667.02
2666.9
2667.09
2667.63
2668.37
2669.18
2670.06
2671.12
2672.47
2674.11
2675.87
2677.57
2679.12
2680.57
2681.98
2683.43
2684.89
2686.23
2687.34
2688.17
2688.83
2689.44
2690.02
2690.47
2690.71
2690.73
2690.63
2690.48
2690.3
2690.01
2689.54
2688.94
2688.29
2687.65
2687.01
2686.39
2685.93
2685.71
2685.77
2686.17
2686.97
2688.29
2690.06
2692.18
2694.8
2697.63
2700.4
2703.41
2706.28
2709.43
2712.69
2716.19
2719.97
2724
2728.24
2732.51
2736.94
2741.24
2745.39
2749.65
2754.22
2758.4
2762.97
2767.09
2771.33
2775.73
2780.09
2784.86
2788.58
2792.42
2795.92
2799.13
2802.66
2806.27
2809.52
2813.24
2818.81
2825.35
2833.96
2846.66
2668.8
2669.2
2669.29
2669.44
2669.58
2669.66
2669.67
2669.66
2669.53
2669.01
2668.02
2666.87
2665.87
2665.18
2664.79
2664.64
2664.64
2665.29
2667.13
2669.36
2671.18
2672.37
2673.03
2673.33
2673.4
2673.3
2672.88
2672.16
2671.51
2671.03
2670.7
2670.48
2670.35
2670.29
2670.19
2669.99
2669.59
2669.03
2668.49
2668.15
2668.03
2668.23
2668.77
2669.51
2670.31
2671.19
2672.24
2673.59
2675.22
2676.97
2678.65
2680.19
2681.61
2683.01
2684.43
2685.87
2687.19
2688.27
2689.08
2689.72
2690.3
2690.85
2691.28
2691.49
2691.49
2691.36
2691.19
2690.99
2690.67
2690.18
2689.55
2688.88
2688.22
2687.55
2686.91
2686.41
2686.17
2686.2
2686.57
2687.35
2688.64
2690.4
2692.5
2695.11
2697.93
2700.68
2703.67
2706.52
2709.65
2712.89
2716.37
2720.13
2724.15
2728.38
2732.64
2737.07
2741.36
2745.53
2749.77
2754.33
2758.45
2763.01
2767.25
2771.42
2775.71
2780.32
2784.74
2788.62
2792.4
2795.89
2799.09
2802.56
2806.16
2809.43
2813.11
2818.8
2825.11
2834.02
2846.31
2669.98
2670.38
2670.47
2670.62
2670.76
2670.84
2670.85
2670.84
2670.71
2670.18
2669.2
2668.05
2667.05
2666.35
2665.96
2665.81
2665.82
2666.47
2668.31
2670.54
2672.36
2673.55
2674.21
2674.5
2674.57
2674.48
2674.06
2673.34
2672.68
2672.2
2671.87
2671.65
2671.53
2671.46
2671.37
2671.16
2670.77
2670.21
2669.67
2669.33
2669.22
2669.42
2669.96
2670.7
2671.5
2672.38
2673.43
2674.76
2676.38
2678.12
2679.79
2681.3
2682.71
2684.08
2685.49
2686.9
2688.2
2689.25
2690.03
2690.65
2691.2
2691.72
2692.13
2692.32
2692.29
2692.14
2691.94
2691.71
2691.37
2690.85
2690.19
2689.5
2688.81
2688.12
2687.45
2686.91
2686.64
2686.65
2687
2687.76
2689.02
2690.76
2692.84
2695.43
2698.25
2700.98
2703.95
2706.77
2709.88
2713.1
2716.56
2720.31
2724.31
2728.53
2732.78
2737.2
2741.5
2745.68
2749.9
2754.42
2758.54
2763.03
2767.42
2771.56
2775.76
2780.49
2784.46
2788.69
2792.39
2795.87
2799.06
2802.56
2806.14
2809.36
2813.05
2818.68
2825.04
2833.6
2845.67
2671.22
2671.63
2671.72
2671.86
2672
2672.08
2672.09
2672.08
2671.95
2671.42
2670.44
2669.28
2668.28
2667.59
2667.2
2667.05
2667.05
2667.7
2669.55
2671.78
2673.6
2674.79
2675.45
2675.74
2675.81
2675.72
2675.29
2674.58
2673.92
2673.44
2673.11
2672.88
2672.76
2672.69
2672.6
2672.4
2672
2671.45
2670.92
2670.58
2670.47
2670.67
2671.21
2671.95
2672.76
2673.63
2674.68
2676
2677.61
2679.33
2680.98
2682.48
2683.86
2685.21
2686.6
2687.98
2689.26
2690.29
2691.04
2691.62
2692.15
2692.64
2693.02
2693.18
2693.13
2692.95
2692.72
2692.47
2692.1
2691.56
2690.87
2690.15
2689.43
2688.72
2688.01
2687.45
2687.15
2687.13
2687.46
2688.19
2689.42
2691.14
2693.2
2695.78
2698.59
2701.3
2704.25
2707.04
2710.12
2713.32
2716.76
2720.49
2724.48
2728.69
2732.93
2737.34
2741.64
2745.84
2750.04
2754.5
2758.66
2763.04
2767.55
2771.73
2775.88
2780.57
2784.51
2788.68
2792.37
2795.85
2799.01
2802.45
2806.02
2809.28
2812.84
2818.59
2824.97
2833.16
2845.42
2672.52
2672.93
2673.02
2673.17
2673.31
2673.38
2673.4
2673.38
2673.25
2672.73
2671.74
2670.58
2669.58
2668.88
2668.5
2668.35
2668.35
2669
2670.85
2673.08
2674.9
2676.09
2676.75
2677.04
2677.11
2677.02
2676.59
2675.88
2675.22
2674.73
2674.4
2674.18
2674.06
2673.99
2673.9
2673.7
2673.31
2672.75
2672.22
2671.89
2671.79
2671.99
2672.53
2673.27
2674.07
2674.95
2675.98
2677.3
2678.9
2680.6
2682.23
2683.71
2685.07
2686.4
2687.76
2689.12
2690.37
2691.37
2692.09
2692.64
2693.14
2693.61
2693.96
2694.09
2694.01
2693.8
2693.55
2693.27
2692.87
2692.3
2691.59
2690.84
2690.09
2689.35
2688.61
2688.01
2687.68
2687.63
2687.93
2688.64
2689.84
2691.54
2693.58
2696.15
2698.94
2701.63
2704.56
2707.32
2710.38
2713.55
2716.97
2720.68
2724.66
2728.86
2733.09
2737.49
2741.78
2746
2750.19
2754.56
2758.82
2763.08
2767.59
2771.88
2776.08
2780.42
2784.81
2788.68
2792.37
2795.81
2798.99
2802.46
2805.99
2809.21
2812.82
2818.4
2824.82
2832.97
2845.3
2673.89
2674.31
2674.4
2674.54
2674.68
2674.76
2674.77
2674.75
2674.62
2674.1
2673.1
2671.95
2670.95
2670.25
2669.86
2669.71
2669.72
2670.37
2672.22
2674.45
2676.27
2677.46
2678.12
2678.41
2678.48
2678.39
2677.96
2677.24
2676.58
2676.1
2675.77
2675.55
2675.42
2675.36
2675.27
2675.06
2674.67
2674.12
2673.6
2673.27
2673.17
2673.37
2673.92
2674.66
2675.46
2676.33
2677.36
2678.67
2680.25
2681.94
2683.55
2685.01
2686.35
2687.65
2688.98
2690.32
2691.54
2692.51
2693.2
2693.72
2694.19
2694.63
2694.95
2695.05
2694.94
2694.7
2694.42
2694.11
2693.69
2693.08
2692.34
2691.56
2690.79
2690.01
2689.25
2688.61
2688.24
2688.16
2688.44
2689.12
2690.29
2691.96
2693.98
2696.53
2699.32
2701.99
2704.9
2707.62
2710.64
2713.8
2717.19
2720.89
2724.84
2729.03
2733.25
2737.64
2741.92
2746.16
2750.34
2754.63
2759.05
2763.16
2767.59
2771.93
2776.28
2780.09
2784.88
2788.69
2792.34
2795.81
2798.94
2802.33
2805.88
2809.1
2812.67
2818.3
2824.64
2832.76
2844.97
2675.33
2675.75
2675.84
2675.99
2676.12
2676.2
2676.21
2676.2
2676.06
2675.54
2674.54
2673.39
2672.38
2671.69
2671.3
2671.15
2671.15
2671.81
2673.66
2675.89
2677.71
2678.9
2679.56
2679.85
2679.92
2679.83
2679.4
2678.68
2678.02
2677.53
2677.2
2676.98
2676.85
2676.79
2676.7
2676.5
2676.11
2675.56
2675.04
2674.72
2674.63
2674.83
2675.38
2676.12
2676.92
2677.78
2678.81
2680.11
2681.67
2683.35
2684.94
2686.37
2687.68
2688.96
2690.27
2691.58
2692.77
2693.71
2694.36
2694.85
2695.29
2695.7
2695.99
2696.06
2695.92
2695.64
2695.34
2695
2694.54
2693.91
2693.13
2692.32
2691.52
2690.71
2689.91
2689.24
2688.83
2688.72
2688.97
2689.62
2690.76
2692.4
2694.4
2696.94
2699.72
2702.36
2705.25
2707.94
2710.93
2714.06
2717.43
2721.1
2725.04
2729.21
2733.42
2737.8
2742.07
2746.31
2750.49
2754.7
2759.28
2763.31
2767.57
2771.89
2776.43
2780.19
2784.74
2788.71
2792.35
2795.76
2798.91
2802.33
2805.82
2808.98
2812.62
2818.12
2824.51
2832.44
2844.6
2676.84
2677.27
2677.36
2677.5
2677.64
2677.71
2677.73
2677.71
2677.58
2677.05
2676.05
2674.9
2673.89
2673.2
2672.81
2672.66
2672.66
2673.32
2675.17
2677.4
2679.22
2680.41
2681.07
2681.37
2681.44
2681.34
2680.91
2680.19
2679.53
2679.04
2678.71
2678.49
2678.36
2678.3
2678.21
2678.01
2677.62
2677.08
2676.56
2676.25
2676.16
2676.36
2676.91
2677.65
2678.45
2679.31
2680.33
2681.62
2683.17
2684.83
2686.4
2687.8
2689.09
2690.34
2691.62
2692.9
2694.06
2694.96
2695.59
2696.04
2696.45
2696.82
2697.08
2697.12
2696.94
2696.63
2696.3
2695.93
2695.44
2694.77
2693.97
2693.13
2692.29
2691.45
2690.62
2689.9
2689.46
2689.31
2689.54
2690.16
2691.25
2692.87
2694.84
2697.37
2700.14
2702.76
2705.62
2708.28
2711.23
2714.33
2717.68
2721.33
2725.24
2729.4
2733.6
2737.96
2742.22
2746.44
2750.63
2754.79
2759.47
2763.49
2767.56
2771.8
2776.33
2780.59
2784.77
2788.71
2792.31
2795.76
2798.86
2802.21
2805.7
2808.91
2812.47
2817.95
2824.36
2832.11
2844.25
2678.43
2678.87
2678.95
2679.1
2679.24
2679.31
2679.32
2679.3
2679.17
2678.64
2677.64
2676.48
2675.48
2674.78
2674.39
2674.24
2674.25
2674.91
2676.76
2679
2680.81
2682.01
2682.67
2682.96
2683.03
2682.93
2682.5
2681.78
2681.12
2680.63
2680.3
2680.07
2679.95
2679.88
2679.8
2679.6
2679.22
2678.67
2678.16
2677.85
2677.76
2677.97
2678.52
2679.27
2680.07
2680.92
2681.93
2683.21
2684.74
2686.38
2687.93
2689.31
2690.57
2691.79
2693.04
2694.29
2695.42
2696.29
2696.87
2697.29
2697.66
2698
2698.23
2698.24
2698.02
2697.68
2697.31
2696.92
2696.39
2695.69
2694.85
2693.97
2693.1
2692.23
2691.36
2690.6
2690.12
2689.94
2690.13
2690.72
2691.78
2693.36
2695.32
2697.82
2700.58
2703.17
2706.01
2708.63
2711.55
2714.62
2717.94
2721.57
2725.46
2729.61
2733.79
2738.14
2742.38
2746.56
2750.77
2754.92
2759.59
2763.7
2767.64
2771.82
2776.16
2780.62
2784.82
2788.72
2792.33
2795.71
2798.83
2802.19
2805.61
2808.78
2812.39
2817.75
2824.19
2831.81
2843.89
2680.1
2680.55
2680.63
2680.78
2680.91
2680.98
2680.99
2680.98
2680.85
2680.31
2679.32
2678.15
2677.15
2676.45
2676.06
2675.91
2675.92
2676.58
2678.43
2680.67
2682.48
2683.68
2684.34
2684.63
2684.7
2684.6
2684.17
2683.45
2682.78
2682.3
2681.96
2681.74
2681.61
2681.55
2681.47
2681.27
2680.89
2680.35
2679.85
2679.54
2679.46
2679.67
2680.22
2680.96
2681.76
2682.62
2683.62
2684.88
2686.4
2688.01
2689.53
2690.89
2692.12
2693.31
2694.53
2695.75
2696.84
2697.67
2698.22
2698.61
2698.94
2699.25
2699.43
2699.41
2699.16
2698.78
2698.38
2697.95
2697.39
2696.65
2695.78
2694.87
2693.96
2693.05
2692.14
2691.34
2690.82
2690.6
2690.76
2691.32
2692.33
2693.89
2695.81
2698.3
2701.04
2703.61
2706.43
2709.01
2711.88
2714.93
2718.21
2721.82
2725.69
2729.82
2733.99
2738.32
2742.54
2746.69
2750.91
2755.13
2759.59
2763.89
2767.85
2772.05
2776.36
2780.48
2784.87
2788.74
2792.28
2795.71
2798.76
2802.01
2805.54
2808.7
2812.22
2817.56
2824
2831.48
2843.47
2681.86
2682.32
2682.39
2682.54
2682.67
2682.74
2682.76
2682.74
2682.61
2682.07
2681.07
2679.91
2678.9
2678.2
2677.82
2677.67
2677.67
2678.33
2680.19
2682.43
2684.24
2685.44
2686.1
2686.39
2686.46
2686.36
2685.93
2685.2
2684.54
2684.05
2683.72
2683.49
2683.37
2683.3
2683.22
2683.03
2682.65
2682.11
2681.61
2681.31
2681.24
2681.45
2682.01
2682.75
2683.55
2684.39
2685.39
2686.64
2688.13
2689.73
2691.22
2692.55
2693.75
2694.9
2696.09
2697.28
2698.34
2699.13
2699.64
2699.99
2700.28
2700.55
2700.7
2700.64
2700.35
2699.94
2699.51
2699.04
2698.44
2697.67
2696.76
2695.81
2694.87
2693.92
2692.97
2692.13
2691.55
2691.3
2691.43
2691.95
2692.92
2694.44
2696.34
2698.8
2701.54
2704.08
2706.87
2709.41
2712.23
2715.25
2718.51
2722.08
2725.93
2730.04
2734.2
2738.52
2742.72
2746.82
2751.04
2755.38
2759.56
2763.99
2768.15
2772.36
2776.6
2780.55
2784.86
2788.74
2792.31
2795.66
2798.72
2802.02
2805.42
2808.58
2812.1
2817.37
2823.79
2831.14
2843.04
2683.71
2684.17
2684.25
2684.39
2684.53
2684.6
2684.61
2684.59
2684.46
2683.92
2682.92
2681.75
2680.75
2680.05
2679.66
2679.51
2679.52
2680.18
2682.04
2684.28
2686.09
2687.29
2687.94
2688.24
2688.31
2688.21
2687.77
2687.05
2686.38
2685.9
2685.56
2685.33
2685.21
2685.15
2685.06
2684.87
2684.5
2683.96
2683.47
2683.18
2683.11
2683.32
2683.88
2684.63
2685.42
2686.26
2687.25
2688.48
2689.96
2691.53
2693
2694.3
2695.46
2696.58
2697.73
2698.89
2699.91
2700.67
2701.13
2701.44
2701.69
2701.92
2702.04
2701.94
2701.61
2701.16
2700.69
2700.18
2699.55
2698.74
2697.79
2696.8
2695.82
2694.83
2693.84
2692.95
2692.33
2692.04
2692.13
2692.61
2693.53
2695.02
2696.9
2699.34
2702.06
2704.57
2707.33
2709.83
2712.61
2715.59
2718.81
2722.36
2726.18
2730.28
2734.42
2738.73
2742.92
2746.98
2751.18
2755.63
2759.57
2764.01
2768.36
2772.37
2776.56
2780.65
2784.93
2788.76
2792.26
2795.65
2798.6
2801.91
2805.33
2808.49
2811.91
2817.17
2823.55
2830.78
2842.57
2685.65
2686.12
2686.19
2686.34
2686.47
2686.54
2686.55
2686.54
2686.4
2685.86
2684.86
2683.69
2682.68
2681.98
2681.6
2681.45
2681.45
2682.12
2683.98
2686.22
2688.04
2689.23
2689.89
2690.18
2690.25
2690.15
2689.71
2688.99
2688.32
2687.83
2687.5
2687.27
2687.14
2687.08
2687
2686.81
2686.44
2685.91
2685.43
2685.14
2685.07
2685.3
2685.86
2686.6
2687.39
2688.23
2689.2
2690.42
2691.88
2693.42
2694.86
2696.13
2697.26
2698.35
2699.46
2700.58
2701.56
2702.27
2702.7
2702.96
2703.17
2703.37
2703.44
2703.3
2702.93
2702.44
2701.93
2701.39
2700.72
2699.86
2698.88
2697.85
2696.83
2695.8
2694.76
2693.83
2693.15
2692.82
2692.88
2693.32
2694.19
2695.64
2697.49
2699.9
2702.61
2705.1
2707.83
2710.28
2713
2715.96
2719.14
2722.66
2726.45
2730.53
2734.66
2738.95
2743.14
2747.19
2751.33
2755.84
2759.71
2763.99
2768.33
2772.31
2776.63
2780.69
2784.9
2788.76
2792.28
2795.59
2798.63
2801.89
2805.22
2808.36
2811.75
2816.96
2823.3
2830.4
2842.08
2687.69
2688.17
2688.24
2688.38
2688.52
2688.59
2688.6
2688.58
2688.45
2687.91
2686.9
2685.73
2684.72
2684.02
2683.63
2683.48
2683.49
2684.15
2686.02
2688.26
2690.08
2691.27
2691.93
2692.22
2692.29
2692.19
2691.75
2691.03
2690.36
2689.87
2689.53
2689.3
2689.18
2689.12
2689.04
2688.85
2688.48
2687.96
2687.49
2687.21
2687.14
2687.37
2687.93
2688.68
2689.47
2690.3
2691.26
2692.46
2693.89
2695.41
2696.82
2698.05
2699.15
2700.2
2701.27
2702.35
2703.3
2703.96
2704.35
2704.56
2704.73
2704.88
2704.92
2704.73
2704.32
2703.79
2703.24
2702.66
2701.95
2701.05
2700.02
2698.96
2697.89
2696.82
2695.74
2694.75
2694.02
2693.65
2693.66
2694.06
2694.88
2696.29
2698.11
2700.5
2703.19
2705.65
2708.35
2710.75
2713.42
2716.34
2719.48
2722.97
2726.73
2730.79
2734.9
2739.19
2743.37
2747.43
2751.52
2755.99
2760
2764.11
2768.26
2772.46
2776.73
2780.76
2785
2788.79
2792.25
2795.54
2798.52
2801.76
2805.11
2808.24
2811.56
2816.75
2823.02
2830.01
2841.55
2689.84
2690.33
2690.39
2690.54
2690.67
2690.74
2690.75
2690.73
2690.59
2690.05
2689.04
2687.87
2686.86
2686.16
2685.77
2685.62
2685.63
2686.3
2688.16
2690.41
2692.22
2693.42
2694.08
2694.37
2694.43
2694.34
2693.9
2693.17
2692.5
2692.01
2691.67
2691.44
2691.32
2691.26
2691.18
2691
2690.63
2690.12
2689.65
2689.37
2689.32
2689.55
2690.11
2690.86
2691.65
2692.47
2693.42
2694.6
2696.01
2697.5
2698.88
2700.08
2701.13
2702.14
2703.18
2704.21
2705.12
2705.74
2706.07
2706.24
2706.37
2706.48
2706.47
2706.24
2705.78
2705.21
2704.62
2704
2703.24
2702.3
2701.23
2700.12
2699.02
2697.89
2696.76
2695.73
2694.94
2694.52
2694.5
2694.85
2695.61
2696.98
2698.77
2701.13
2703.8
2706.23
2708.9
2711.26
2713.87
2716.74
2719.85
2723.3
2727.03
2731.07
2735.16
2739.43
2743.61
2747.69
2751.77
2756.1
2760.45
2764.45
2768.56
2772.66
2776.84
2780.8
2784.96
2788.8
2792.26
2795.54
2798.52
2801.71
2804.98
2808.1
2811.39
2816.51
2822.72
2829.6
2840.99
2692.09
2692.59
2692.65
2692.79
2692.93
2692.99
2693
2692.99
2692.85
2692.31
2691.29
2690.12
2689.11
2688.41
2688.02
2687.87
2687.88
2688.55
2690.42
2692.66
2694.48
2695.67
2696.33
2696.62
2696.69
2696.59
2696.15
2695.42
2694.75
2694.26
2693.92
2693.69
2693.57
2693.51
2693.43
2693.25
2692.89
2692.38
2691.92
2691.65
2691.6
2691.84
2692.41
2693.15
2693.94
2694.75
2695.69
2696.85
2698.23
2699.69
2701.04
2702.2
2703.21
2704.18
2705.18
2706.17
2707.03
2707.6
2707.89
2708.01
2708.08
2708.15
2708.1
2707.82
2707.32
2706.7
2706.07
2705.41
2704.61
2703.62
2702.5
2701.35
2700.2
2699.03
2697.85
2696.76
2695.92
2695.45
2695.38
2695.68
2696.38
2697.7
2699.47
2701.8
2704.45
2706.85
2709.49
2711.79
2714.34
2717.17
2720.23
2723.65
2727.35
2731.36
2735.43
2739.69
2743.85
2747.98
2752.05
2756.08
2760.77
2764.72
2768.75
2772.69
2776.9
2780.89
2785.05
2788.82
2792.14
2795.48
2798.4
2801.58
2804.85
2807.95
2811.19
2816.26
2822.41
2829.17
2840.4
2694.46
2694.97
2695.03
2695.17
2695.3
2695.37
2695.37
2695.36
2695.22
2694.67
2693.66
2692.48
2691.47
2690.77
2690.38
2690.23
2690.24
2690.91
2692.78
2695.03
2696.85
2698.04
2698.7
2698.99
2699.06
2698.96
2698.52
2697.78
2697.12
2696.62
2696.28
2696.05
2695.93
2695.87
2695.8
2695.62
2695.26
2694.76
2694.31
2694.05
2694
2694.24
2694.82
2695.57
2696.34
2697.15
2698.07
2699.21
2700.57
2701.99
2703.3
2704.42
2705.39
2706.32
2707.27
2708.22
2709.03
2709.56
2709.79
2709.86
2709.89
2709.91
2709.81
2709.49
2708.93
2708.27
2707.6
2706.89
2706.05
2705.01
2703.85
2702.65
2701.45
2700.23
2699
2697.85
2696.95
2696.43
2696.31
2696.57
2697.2
2698.47
2700.21
2702.51
2705.14
2707.51
2710.11
2712.36
2714.84
2717.62
2720.64
2724.02
2727.68
2731.67
2735.72
2739.96
2744.09
2748.23
2752.31
2756.17
2760.66
2764.74
2768.87
2772.87
2777.02
2780.94
2785.04
2788.85
2792.25
2795.48
2798.38
2801.5
2804.72
2807.8
2811
2816
2822.08
2828.71
2839.76
2696.95
2697.47
2697.52
2697.66
2697.79
2697.86
2697.87
2697.85
2697.71
2697.16
2696.14
2694.97
2693.95
2693.25
2692.86
2692.71
2692.72
2693.39
2695.27
2697.52
2699.34
2700.53
2701.19
2701.48
2701.55
2701.45
2701
2700.27
2699.6
2699.1
2698.76
2698.53
2698.41
2698.36
2698.29
2698.11
2697.76
2697.26
2696.82
2696.57
2696.53
2696.77
2697.35
2698.1
2698.87
2699.67
2700.57
2701.69
2703.02
2704.41
2705.68
2706.76
2707.69
2708.57
2709.47
2710.38
2711.14
2711.61
2711.79
2711.81
2711.78
2711.76
2711.61
2711.23
2710.63
2709.93
2709.21
2708.45
2707.56
2706.48
2705.26
2704.02
2702.77
2701.5
2700.21
2699.01
2698.04
2697.46
2697.3
2697.5
2698.06
2699.29
2701
2703.26
2705.87
2708.2
2710.77
2712.96
2715.37
2718.1
2721.07
2724.42
2728.03
2732
2736.03
2740.24
2744.34
2748.44
2752.55
2756.61
2760.57
2764.9
2768.99
2772.93
2777.1
2781.03
2785.11
2788.76
2792.16
2795.42
2798.26
2801.37
2804.57
2807.63
2810.79
2815.72
2821.72
2828.23
2839.09
2699.56
2700.09
2700.14
2700.28
2700.41
2700.47
2700.48
2700.47
2700.32
2699.77
2698.75
2697.57
2696.56
2695.85
2695.47
2695.32
2695.33
2696
2697.88
2700.13
2701.95
2703.14
2703.8
2704.09
2704.16
2704.06
2703.61
2702.88
2702.21
2701.71
2701.37
2701.14
2701.01
2700.96
2700.9
2700.72
2700.38
2699.88
2699.45
2699.21
2699.18
2699.43
2700.01
2700.76
2701.53
2702.31
2703.2
2704.29
2705.59
2706.94
2708.17
2709.21
2710.09
2710.92
2711.78
2712.64
2713.35
2713.76
2713.89
2713.85
2713.78
2713.7
2713.5
2713.07
2712.42
2711.67
2710.9
2710.1
2709.15
2708.02
2706.76
2705.46
2704.17
2702.84
2701.5
2700.23
2699.2
2698.56
2698.35
2698.49
2698.98
2700.15
2701.83
2704.05
2706.64
2708.94
2711.48
2713.61
2715.93
2718.61
2721.53
2724.83
2728.4
2732.34
2736.35
2740.53
2744.63
2748.62
2752.69
2757.08
2761.02
2765.15
2769.19
2773.14
2777.23
2781.1
2785.16
2788.89
2792.26
2795.39
2798.2
2801.27
2804.42
2807.45
2810.58
2815.42
2821.34
2827.73
2838.37
2702.31
2702.84
2702.88
2703.03
2703.16
2703.22
2703.23
2703.21
2703.07
2702.52
2701.49
2700.31
2699.29
2698.59
2698.2
2698.05
2698.06
2698.74
2700.62
2702.87
2704.69
2705.88
2706.54
2706.83
2706.9
2706.8
2706.35
2705.62
2704.94
2704.45
2704.1
2703.87
2703.75
2703.7
2703.64
2703.47
2703.13
2702.64
2702.22
2701.99
2701.97
2702.22
2702.81
2703.55
2704.31
2705.09
2705.96
2707.02
2708.28
2709.6
2710.79
2711.78
2712.61
2713.39
2714.2
2715
2715.66
2716.02
2716.09
2715.99
2715.86
2715.74
2715.49
2715
2714.3
2713.49
2712.68
2711.83
2710.83
2709.65
2708.33
2706.99
2705.64
2704.26
2702.85
2701.52
2700.43
2699.72
2699.45
2699.53
2699.95
2701.06
2702.71
2704.89
2707.46
2709.72
2712.22
2714.29
2716.53
2719.15
2722.02
2725.27
2728.8
2732.7
2736.68
2740.86
2744.89
2748.85
2752.79
2757.13
2761.3
2765.34
2769.33
2773.19
2777.32
2781.21
2785.16
2788.83
2792.19
2795.32
2798.09
2801.13
2804.25
2807.25
2810.35
2815.11
2820.95
2827.19
2837.6
2705.19
2705.73
2705.77
2705.91
2706.04
2706.1
2706.11
2706.09
2705.95
2705.39
2704.37
2703.18
2702.16
2701.46
2701.07
2700.92
2700.93
2701.61
2703.5
2705.75
2707.57
2708.76
2709.42
2709.71
2709.78
2709.68
2709.23
2708.49
2707.82
2707.32
2706.97
2706.74
2706.62
2706.58
2706.52
2706.35
2706.02
2705.54
2705.13
2704.91
2704.89
2705.15
2705.74
2706.49
2707.24
2708
2708.85
2709.89
2711.11
2712.38
2713.53
2714.47
2715.25
2715.98
2716.73
2717.49
2718.09
2718.38
2718.39
2718.24
2718.06
2717.88
2717.57
2717.03
2716.27
2715.42
2714.55
2713.65
2712.6
2711.36
2709.99
2708.59
2707.19
2705.75
2704.29
2702.89
2701.72
2700.95
2700.62
2700.64
2700.98
2702.03
2703.65
2705.79
2708.32
2710.55
2713.01
2715.02
2717.17
2719.72
2722.54
2725.74
2729.21
2733.08
2737.04
2741.16
2745.22
2749.12
2753.23
2757.22
2761.48
2765.51
2769.53
2773.42
2777.44
2781.3
2785.26
2788.94
2792.24
2795.27
2798
2801
2804.08
2807.05
2810.12
2814.77
2820.52
2826.63
2836.78
2708.21
2708.76
2708.8
2708.94
2709.06
2709.13
2709.13
2709.12
2708.97
2708.41
2707.38
2706.2
2705.18
2704.47
2704.08
2703.93
2703.95
2704.63
2706.52
2708.77
2710.59
2711.78
2712.44
2712.73
2712.8
2712.7
2712.25
2711.51
2710.83
2710.33
2709.98
2709.76
2709.64
2709.59
2709.54
2709.38
2709.05
2708.58
2708.18
2707.97
2707.96
2708.23
2708.82
2709.57
2710.31
2711.06
2711.89
2712.89
2714.07
2715.3
2716.4
2717.29
2718.02
2718.69
2719.39
2720.09
2720.63
2720.87
2720.81
2720.59
2720.36
2720.12
2719.76
2719.16
2718.35
2717.44
2716.52
2715.56
2714.46
2713.17
2711.75
2710.29
2708.83
2707.33
2705.8
2704.34
2703.1
2702.25
2701.87
2701.81
2702.07
2703.06
2704.64
2706.73
2709.24
2711.42
2713.84
2715.79
2717.86
2720.33
2723.09
2726.24
2729.65
2733.48
2737.41
2741.52
2745.57
2749.59
2753.59
2757.62
2761.67
2765.78
2769.7
2773.5
2777.6
2781.42
2785.24
2788.88
2792.19
2795.19
2797.9
2800.85
2803.89
2806.83
2809.86
2814.41
2820.07
2826.05
2835.9
2711.39
2711.94
2711.97
2712.11
2712.24
2712.3
2712.3
2712.29
2712.14
2711.58
2710.55
2709.36
2708.33
2707.63
2707.24
2707.09
2707.11
2707.79
2709.68
2711.94
2713.76
2714.95
2715.61
2715.9
2715.97
2715.87
2715.41
2714.67
2713.99
2713.49
2713.14
2712.92
2712.8
2712.76
2712.7
2712.55
2712.23
2711.77
2711.38
2711.18
2711.18
2711.46
2712.05
2712.79
2713.53
2714.26
2715.07
2716.03
2717.18
2718.36
2719.41
2720.24
2720.91
2721.53
2722.17
2722.81
2723.29
2723.47
2723.34
2723.06
2722.77
2722.48
2722.06
2721.4
2720.53
2719.56
2718.59
2717.58
2716.42
2715.07
2713.59
2712.08
2710.56
2709
2707.41
2705.87
2704.56
2703.63
2703.18
2703.06
2703.22
2704.14
2705.69
2707.73
2710.21
2712.36
2714.73
2716.62
2718.59
2720.99
2723.67
2726.77
2730.13
2733.91
2737.8
2741.89
2745.87
2749.89
2753.77
2757.87
2761.98
2765.94
2769.89
2773.68
2777.71
2781.52
2785.35
2788.93
2792.23
2795.11
2797.81
2800.71
2803.7
2806.61
2809.6
2814.03
2819.59
2825.42
2834.96
2714.71
2715.28
2715.3
2715.44
2715.56
2715.62
2715.63
2715.61
2715.47
2714.9
2713.86
2712.67
2711.65
2710.94
2710.55
2710.4
2710.42
2711.1
2713
2715.26
2717.08
2718.28
2718.93
2719.22
2719.29
2719.19
2718.73
2717.99
2717.31
2716.81
2716.46
2716.23
2716.11
2716.08
2716.03
2715.88
2715.57
2715.12
2714.74
2714.56
2714.56
2714.84
2715.44
2716.18
2716.91
2717.62
2718.4
2719.33
2720.43
2721.56
2722.56
2723.34
2723.95
2724.5
2725.08
2725.66
2726.08
2726.19
2726
2725.65
2725.3
2724.95
2724.47
2723.75
2722.82
2721.79
2720.77
2719.7
2718.49
2717.08
2715.54
2713.97
2712.39
2710.77
2709.1
2707.49
2706.1
2705.09
2704.57
2704.37
2704.45
2705.29
2706.81
2708.8
2711.24
2713.35
2715.68
2717.5
2719.37
2721.68
2724.3
2727.33
2730.62
2734.35
2738.22
2742.28
2746.29
2750.14
2754.06
2758.15
2762.16
2766.23
2770.07
2773.88
2777.88
2781.63
2785.32
2788.89
2792.22
2795.01
2797.7
2800.54
2803.49
2806.36
2809.32
2813.64
2819.09
2824.77
2833.96
2718.2
2718.77
2718.78
2718.92
2719.05
2719.11
2719.11
2719.1
2718.95
2718.38
2717.34
2716.14
2715.12
2714.41
2714.02
2713.87
2713.89
2714.58
2716.48
2718.74
2720.57
2721.76
2722.41
2722.7
2722.77
2722.67
2722.21
2721.46
2720.78
2720.28
2719.93
2719.7
2719.59
2719.56
2719.51
2719.37
2719.06
2718.63
2718.27
2718.09
2718.1
2718.4
2719
2719.73
2720.44
2721.14
2721.89
2722.77
2723.83
2724.91
2725.85
2726.57
2727.12
2727.61
2728.13
2728.65
2728.99
2729.04
2728.77
2728.35
2727.94
2727.53
2727
2726.21
2725.22
2724.14
2723.06
2721.93
2720.66
2719.19
2717.59
2715.96
2714.32
2712.63
2710.9
2709.21
2707.74
2706.64
2706.04
2705.77
2705.75
2706.51
2707.99
2709.93
2712.33
2714.4
2716.68
2718.45
2720.21
2722.43
2724.96
2727.93
2731.16
2734.83
2738.67
2742.66
2746.59
2750.5
2754.46
2758.4
2762.51
2766.42
2770.31
2774.01
2778.01
2781.75
2785.39
2788.9
2792.24
2794.93
2797.58
2800.37
2803.28
2806.1
2809.01
2813.21
2818.55
2824.08
2832.9
2721.85
2722.44
2722.44
2722.57
2722.7
2722.76
2722.77
2722.75
2722.6
2722.03
2720.98
2719.78
2718.75
2718.05
2717.66
2717.51
2717.53
2718.22
2720.12
2722.39
2724.21
2725.41
2726.06
2726.35
2726.42
2726.32
2725.85
2725.11
2724.42
2723.92
2723.57
2723.34
2723.23
2723.2
2723.16
2723.03
2722.73
2722.3
2721.96
2721.79
2721.82
2722.12
2722.72
2723.45
2724.15
2724.82
2725.54
2726.38
2727.38
2728.41
2729.3
2729.95
2730.43
2730.86
2731.31
2731.77
2732.04
2732.01
2731.68
2731.19
2730.72
2730.25
2729.64
2728.8
2727.74
2726.6
2725.46
2724.28
2722.94
2721.41
2719.75
2718.06
2716.36
2714.6
2712.79
2711.03
2709.47
2708.29
2707.6
2707.25
2707.13
2707.81
2709.25
2711.13
2713.49
2715.52
2717.75
2719.45
2721.11
2723.22
2725.67
2728.56
2731.72
2735.34
2739.06
2743.12
2747.07
2750.93
2754.75
2758.79
2762.72
2766.69
2770.53
2774.26
2778.18
2781.82
2785.38
2788.92
2792.19
2794.85
2797.46
2800.18
2803.04
2805.82
2808.7
2812.76
2817.99
2823.35
2831.76
2725.68
2726.27
2726.26
2726.4
2726.53
2726.58
2726.59
2726.57
2726.42
2725.84
2724.79
2723.59
2722.56
2721.85
2721.46
2721.32
2721.33
2722.03
2723.94
2726.21
2728.03
2729.22
2729.88
2730.17
2730.24
2730.13
2729.67
2728.92
2728.23
2727.73
2727.38
2727.15
2727.04
2727.02
2726.99
2726.86
2726.57
2726.16
2725.83
2725.67
2725.7
2726.01
2726.62
2727.34
2728.02
2728.67
2729.35
2730.15
2731.1
2732.07
2732.9
2733.49
2733.9
2734.25
2734.64
2735.03
2735.23
2735.13
2734.72
2734.16
2733.62
2733.09
2732.42
2731.51
2730.38
2729.18
2727.99
2726.75
2725.35
2723.75
2722.03
2720.27
2718.51
2716.68
2714.8
2712.96
2711.31
2710.03
2709.24
2708.81
2708.6
2709.18
2710.59
2712.41
2714.72
2716.72
2718.88
2720.53
2722.07
2724.08
2726.43
2729.26
2732.33
2735.88
2739.63
2743.53
2747.46
2751.26
2755.17
2759.04
2763.02
2766.99
2770.72
2774.39
2778.35
2781.92
2785.42
2788.99
2792.12
2794.77
2797.32
2799.99
2802.8
2805.53
2808.35
2812.28
2817.38
2822.57
2830.57
2729.69
2730.28
2730.26
2730.4
2730.53
2730.58
2730.59
2730.57
2730.42
2729.84
2728.78
2727.58
2726.54
2725.83
2725.45
2725.3
2725.32
2726.02
2727.93
2730.2
2732.03
2733.22
2733.88
2734.16
2734.23
2734.13
2733.66
2732.91
2732.22
2731.71
2731.36
2731.14
2731.04
2731.02
2730.99
2730.87
2730.59
2730.19
2729.88
2729.74
2729.78
2730.09
2730.7
2731.41
2732.08
2732.7
2733.34
2734.09
2734.98
2735.89
2736.66
2737.17
2737.52
2737.8
2738.11
2738.43
2738.57
2738.38
2737.89
2737.26
2736.66
2736.06
2735.32
2734.34
2733.16
2731.89
2730.64
2729.34
2727.88
2726.21
2724.43
2722.61
2720.77
2718.88
2716.92
2714.99
2713.26
2711.88
2710.99
2710.46
2710.16
2710.63
2712.01
2713.77
2716.03
2717.99
2720.08
2721.67
2723.11
2725
2727.24
2729.98
2732.99
2736.41
2740.04
2744.07
2747.91
2751.73
2755.48
2759.39
2763.38
2767.24
2770.99
2774.65
2778.49
2782
2785.43
2789.05
2792.03
2794.68
2797.18
2799.78
2802.54
2805.22
2807.99
2811.78
2816.76
2821.76
2829.3
2733.88
2734.47
2734.44
2734.58
2734.71
2734.76
2734.77
2734.75
2734.6
2734.01
2732.95
2731.74
2730.71
2730
2729.61
2729.46
2729.48
2730.19
2732.11
2734.38
2736.21
2737.4
2738.06
2738.34
2738.41
2738.31
2737.84
2737.08
2736.39
2735.88
2735.53
2735.31
2735.21
2735.2
2735.18
2735.07
2734.8
2734.42
2734.11
2733.99
2734.03
2734.36
2734.97
2735.67
2736.31
2736.91
2737.51
2738.2
2739.03
2739.88
2740.58
2741.02
2741.29
2741.49
2741.74
2741.98
2742.04
2741.78
2741.2
2740.5
2739.83
2739.17
2738.36
2737.32
2736.06
2734.74
2733.42
2732.06
2730.53
2728.81
2726.95
2725.07
2723.17
2721.2
2719.16
2717.15
2715.32
2713.84
2712.83
2712.22
2711.82
2712.17
2713.51
2715.22
2717.41
2719.34
2721.36
2722.9
2724.23
2725.99
2728.13
2730.78
2733.65
2737.06
2740.67
2744.51
2748.4
2752.09
2755.87
2759.81
2763.68
2767.56
2771.22
2774.84
2778.65
2782.1
2785.46
2789.11
2791.95
2794.58
2797.03
2799.57
2802.26
2804.89
2807.6
2811.24
2816.08
2820.89
2827.99
2738.26
2738.86
2738.82
2738.95
2739.08
2739.13
2739.14
2739.12
2738.96
2738.38
2737.31
2736.1
2735.06
2734.35
2733.96
2733.82
2733.84
2734.55
2736.47
2738.75
2740.57
2741.77
2742.42
2742.71
2742.78
2742.67
2742.2
2741.44
2740.75
2740.24
2739.89
2739.67
2739.58
2739.57
2739.56
2739.46
2739.2
2738.83
2738.55
2738.43
2738.49
2738.82
2739.43
2740.11
2740.74
2741.3
2741.86
2742.49
2743.25
2744.04
2744.66
2745.04
2745.22
2745.35
2745.52
2745.69
2745.67
2745.32
2744.66
2743.89
2743.15
2742.41
2741.54
2740.43
2739.1
2737.71
2736.34
2734.91
2733.32
2731.53
2729.61
2727.66
2725.69
2723.65
2721.53
2719.44
2717.51
2715.91
2714.79
2714.07
2713.57
2713.8
2715.11
2716.77
2718.89
2720.79
2722.72
2724.21
2725.43
2727.06
2729.08
2731.62
2734.41
2737.64
2741.19
2745.09
2748.83
2752.53
2756.37
2760.17
2764.02
2767.86
2771.47
2775.09
2778.8
2782.2
2785.5
2789.13
2791.86
2794.48
2796.88
2799.33
2801.96
2804.54
2807.19
2810.68
2815.38
2819.97
2826.59
2742.84
2743.44
2743.38
2743.52
2743.65
2743.7
2743.7
2743.68
2743.52
2742.93
2741.86
2740.65
2739.61
2738.9
2738.51
2738.36
2738.38
2739.1
2741.02
2743.31
2745.14
2746.33
2746.98
2747.27
2747.34
2747.23
2746.76
2745.99
2745.3
2744.79
2744.44
2744.23
2744.14
2744.14
2744.13
2744.04
2743.8
2743.44
2743.18
2743.07
2743.14
2743.48
2744.09
2744.76
2745.35
2745.88
2746.39
2746.96
2747.65
2748.37
2748.92
2749.21
2749.32
2749.36
2749.45
2749.55
2749.45
2749.01
2748.27
2747.42
2746.61
2745.81
2744.87
2743.68
2742.29
2740.83
2739.4
2737.91
2736.25
2734.39
2732.41
2730.4
2728.35
2726.23
2724.04
2721.86
2719.83
2718.12
2716.86
2716.02
2715.44
2715.53
2716.81
2718.41
2720.46
2722.32
2724.17
2725.62
2726.73
2728.22
2730.12
2732.53
2735.17
2738.4
2741.81
2745.59
2749.33
2753.1
2756.77
2760.51
2764.41
2768.19
2771.74
2775.3
2778.97
2782.3
2785.58
2789.11
2791.76
2794.37
2796.71
2799.09
2801.65
2804.16
2806.74
2810.08
2814.63
2818.99
2825.1
2747.61
2748.21
2748.15
2748.28
2748.41
2748.46
2748.46
2748.44
2748.28
2747.69
2746.61
2745.39
2744.35
2743.64
2743.25
2743.11
2743.13
2743.85
2745.78
2748.06
2749.89
2751.09
2751.74
2752.03
2752.1
2751.99
2751.51
2750.75
2750.05
2749.54
2749.19
2748.98
2748.89
2748.9
2748.91
2748.83
2748.6
2748.26
2748.01
2747.92
2747.99
2748.34
2748.95
2749.59
2750.17
2750.66
2751.11
2751.6
2752.23
2752.87
2753.34
2753.56
2753.58
2753.54
2753.55
2753.56
2753.38
2752.85
2752.03
2751.1
2750.22
2749.35
2748.34
2747.08
2745.62
2744.1
2742.6
2741.05
2739.33
2737.4
2735.35
2733.27
2731.16
2728.96
2726.69
2724.42
2722.28
2720.45
2719.05
2718.09
2717.42
2717.37
2718.61
2720.16
2722.13
2723.97
2725.72
2727.1
2728.14
2729.48
2731.23
2733.49
2736.02
2739.05
2742.43
2746.21
2749.98
2753.53
2757.22
2761.03
2764.82
2768.46
2772.06
2775.56
2779.14
2782.42
2785.67
2789.07
2791.67
2794.25
2796.54
2798.82
2801.31
2803.77
2806.27
2809.45
2813.83
2817.95
2823.57
2740.56
2738.45
2736.3
2734.12
2731.84
2729.49
2727.12
2724.89
2722.92
2721.36
2720.27
2719.52
2719.32
2720.52
2722.03
2723.9
2725.71
2727.37
2728.7
2729.62
2730.85
2732.44
2734.53
2736.9
2739.84
2743.15
2746.85
2750.48
2754.07
2757.69
2761.41
2765.19
2768.83
2772.37
2775.8
2779.32
2782.54
2785.75
2789.01
2791.57
2794.12
2796.35
2798.54
2800.96
2803.34
2805.76
2808.79
2812.99
2816.84
2821.93
2729.99
2727.64
2725.54
2723.82
2722.57
2721.74
2721.39
2722.53
)
;

boundaryField
{
    inlet
    {
        type            fixedValue;
        value           nonuniform List<scalar> 0();
    }
    obstacle
    {
        type            zeroGradient;
    }
    bottom
    {
        type            symmetry;
    }
    outlet
    {
        type            zeroGradient;
    }
    top
    {
        type            symmetry;
    }
    defaultFaces
    {
        type            empty;
    }
    procBoundary2to0
    {
        type            processor;
        value           nonuniform List<scalar> 
123
(
2985.5
2912.33
2877.12
2856.71
2843.11
2832.62
2824.73
2817.98
2812
2807.06
2802.06
2796.89
2792.01
2786.72
2781.23
2775.93
2770.46
2765.01
2759.75
2754.66
2749.52
2744.34
2739.21
2734.19
2729.35
2724.57
2719.81
2714.86
2710.07
2705.29
2700.58
2696.01
2691.44
2687.07
2682.8
2678.71
2674.7
2670.79
2667.13
2663.77
2660.75
2658.08
2655.57
2653.11
2650.74
2648.51
2646.41
2644.37
2642.34
2640.29
2638.25
2636.23
2634.18
2632.06
2629.89
2627.65
2625.33
2622.87
2620.24
2617.47
2614.61
2611.73
2608.83
2605.89
2602.86
2599.77
2596.68
2593.68
2590.83
2588.11
2585.49
2582.94
2580.59
2578.59
2577.02
2575.8
2574.79
2573.86
2572.97
2572.24
2571.87
2571.91
2572.21
2572.67
2573.13
2573.41
2573.54
2573.59
2573.62
2573.72
2573.9
2574.2
2574.64
2575.25
2575.88
2576.2
2576.24
2576.14
2575.81
2575.1
2573.87
2573.87
2568.34
2566.16
2564.44
2563.87
2563.86
2563.86
2560.36
2560.72
2561.38
2562.3
2563.34
2564.19
2564.59
2564.68
2564.68
2564.64
2564.48
2564.23
2564.03
2563.81
2564.21
)
;
    }
    procBoundary2to1
    {
        type            processor;
        value           nonuniform List<scalar> 
42
(
3019.01
3019.84
3020.55
3021.14
3021.62
3021.98
3022.25
3022.42
3022.51
3022.52
3022.46
3022.32
3022.13
3021.87
3021.56
3021.21
3020.83
3020.43
3019.99
3019.55
3019.08
3018.61
3018.17
3017.8
3017.54
3017.41
3017.48
3017.79
3018.38
3019.37
3020.87
3023.03
3025.97
3029.8
3033.72
3037.79
3041.62
3045.62
3049.81
3055.1
3060.81
3066.29
)
;
    }
    procBoundary2to3
    {
        type            processor;
        value           nonuniform List<scalar> 
122
(
2752.6
2753.2
2753.11
2753.25
2753.37
2753.42
2753.43
2753.41
2753.25
2752.65
2751.56
2750.34
2749.3
2748.58
2748.19
2748.05
2748.08
2748.8
2750.74
2753.02
2754.86
2756.05
2756.7
2756.99
2757.06
2756.95
2756.47
2755.7
2755
2754.49
2754.14
2753.94
2753.86
2753.88
2753.89
2753.82
2753.61
2753.29
2753.05
2752.97
2753.05
2753.41
2754.01
2754.64
2755.18
2755.63
2756.01
2756.44
2756.98
2757.56
2757.95
2758.08
2758.01
2757.88
2757.81
2757.74
2757.47
2756.85
2755.94
2754.94
2753.99
2753.04
2751.96
2750.63
2749.1
2747.52
2745.96
2744.34
2742.56
2742.56
2743.88
2741.7
2739.48
2737.23
2734.88
2732.44
2724.01
2725.81
2727.58
2729.13
2730.41
2731.27
2732.32
2733.73
2735.65
2737.89
2740.74
2743.88
2747.51
2751.09
2754.55
2758.22
2761.9
2765.61
2769.2
2772.7
2776.07
2779.51
2782.66
2785.82
2788.94
2791.47
2793.97
2796.14
2798.24
2800.58
2802.89
2805.23
2808.09
2812.1
2815.67
2820.22
2732.44
2733.01
2730.56
2728.32
2726.42
2725
2724.1
2723.6
2724.01
2724.66
)
;
    }
    procBoundary2to5
    {
        type            processor;
        value           nonuniform List<scalar> 
42
(
2927.97
2867.78
2867.78
2868.28
2867.3
2865.42
2865.08
2865.25
2865.36
2864.85
2863.91
2863.38
2863.05
2862.47
2861.8
2861.17
2860.51
2859.8
2859.06
2858.28
2857.45
2856.58
2855.66
2854.69
2853.66
2852.59
2851.46
2850.28
2849.06
2847.79
2846.46
2845.07
2843.6
2842.03
2840.36
2838.57
2836.65
2834.59
2832.39
2830.05
2827.58
2825
)
;
    }
}


// ************************************************************************* //
