/*--------------------------------*- C++ -*----------------------------------*\
| =========                 |                                                 |
| \\      /  F ield         | OpenFOAM: The Open Source CFD Toolbox           |
|  \\    /   O peration     | Version:  2412                                  |
|   \\  /    A nd           | Website:  www.openfoam.com                      |
|    \\/     M anipulation  |                                                 |
\*---------------------------------------------------------------------------*/
FoamFile
{
    version     2.0;
    format      ascii;
    arch        "LSB;label=32;scalar=64";
    class       volScalarField;
    location    "0.088";
    object      T;
}
// * * * * * * * * * * * * * * * * * * * * * * * * * * * * * * * * * * * * * //

dimensions      [0 0 0 1 0 0 0];

internalField   nonuniform List<scalar> 
9831
(
162.168
210.029
161.903
209.982
218.175
218.145
218.309
218.598
219.06
219.558
220.037
220.479
220.872
221.212
221.503
221.759
221.989
222.201
222.399
222.584
222.758
222.921
223.076
223.222
223.361
223.493
223.621
223.747
223.871
223.995
224.116
224.234
224.349
224.461
224.569
224.675
224.777
224.878
224.976
225.071
225.164
225.255
225.342
225.427
225.508
225.586
225.66
225.73
225.796
225.858
225.915
225.967
161.687
209.935
218.15
218.117
218.289
218.588
219.058
219.558
220.037
220.479
220.871
221.21
221.502
221.757
221.988
222.2
222.398
222.583
222.757
222.921
223.076
223.222
223.361
223.493
223.622
223.748
223.873
223.996
224.118
224.236
224.351
224.462
224.571
224.676
224.779
224.879
224.977
225.072
225.165
225.255
225.343
225.427
225.508
225.586
225.66
225.73
225.796
225.858
225.915
225.967
226.013
226.055
161.446
209.891
218.125
218.088
218.269
218.578
219.056
219.557
220.037
220.478
220.87
221.209
221.5
221.756
221.986
222.199
222.397
222.582
222.756
222.92
223.075
223.222
223.361
223.494
223.622
223.749
223.874
223.998
224.12
224.238
224.353
224.464
224.572
224.677
224.78
224.88
224.978
225.073
225.166
225.256
225.343
225.427
225.508
225.586
225.659
225.73
225.796
225.857
225.914
225.966
226.013
226.054
226.09
226.12
161.23
209.85
218.099
218.06
218.249
218.569
219.053
219.557
220.037
220.478
220.869
221.208
221.499
221.754
221.985
222.198
222.396
222.581
222.755
222.92
223.075
223.222
223.361
223.494
223.623
223.75
223.876
224
224.121
224.24
224.354
224.465
224.573
224.679
224.781
224.881
224.979
225.074
225.167
225.257
225.344
225.428
225.508
225.586
225.659
225.729
225.795
225.857
225.914
225.966
226.013
226.054
226.09
226.12
226.145
226.164
226.176
226.183
226.183
226.175
226.162
226.142
226.117
226.085
226.047
226.003
225.953
225.899
225.839
225.775
225.706
225.634
225.558
225.479
225.397
225.313
225.227
225.139
225.049
224.959
224.868
224.777
224.686
224.595
224.504
224.414
224.325
224.237
224.15
224.065
223.981
223.899
223.818
223.74
223.663
223.588
223.515
223.444
223.376
223.309
223.244
223.182
223.121
223.062
223.006
222.95
222.897
222.846
222.796
222.749
222.704
222.661
222.621
222.582
222.547
222.512
222.479
222.453
222.425
161.032
209.812
218.073
218.031
218.23
218.56
219.051
219.557
220.036
220.477
220.868
221.206
221.497
221.753
221.983
222.196
222.395
222.58
222.755
222.919
223.075
223.222
223.361
223.494
223.624
223.751
223.877
224.001
224.123
224.241
224.356
224.467
224.575
224.68
224.782
224.882
224.98
225.075
225.168
225.257
225.344
225.428
225.508
225.585
225.659
225.729
225.795
225.856
225.913
225.965
226.012
226.054
226.09
226.121
226.146
226.165
226.178
226.185
226.185
226.179
226.166
226.148
226.123
226.092
226.055
226.013
225.965
225.912
225.855
225.792
225.726
225.656
225.582
225.506
225.426
225.345
225.261
225.176
225.089
225.002
224.914
224.826
224.738
224.65
224.562
224.475
224.389
224.304
224.221
224.138
224.057
223.978
223.901
223.825
223.751
223.679
223.609
223.541
223.475
223.41
223.348
223.288
223.23
223.174
223.119
223.066
223.015
222.966
222.918
222.873
222.83
222.789
222.75
222.713
222.679
222.646
222.614
222.589
222.563
222.556
222.501
160.826
209.777
218.047
218.002
218.211
218.552
219.05
219.557
220.036
220.477
220.867
221.205
221.496
221.751
221.982
222.195
222.394
222.579
222.754
222.918
223.074
223.221
223.361
223.495
223.625
223.752
223.878
224.003
224.125
224.243
224.357
224.469
224.576
224.681
224.783
224.883
224.981
225.076
225.168
225.258
225.345
225.428
225.508
225.585
225.659
225.729
225.795
225.856
225.913
225.965
226.012
226.054
226.091
226.121
226.147
226.166
226.18
226.187
226.189
226.183
226.171
226.154
226.13
226.101
226.066
226.025
225.979
225.928
225.872
225.812
225.748
225.68
225.609
225.535
225.458
225.379
225.298
225.216
225.133
225.048
224.963
224.878
224.793
224.708
224.624
224.54
224.457
224.376
224.295
224.216
224.138
224.062
223.987
223.914
223.843
223.774
223.707
223.641
223.578
223.516
223.457
223.399
223.343
223.289
223.237
223.186
223.137
223.09
223.044
223.001
222.959
222.92
222.884
222.849
222.816
222.784
222.751
222.726
222.703
222.705
222.655
160.637
209.743
218.021
217.974
218.193
218.543
219.048
219.556
220.036
220.476
220.866
221.204
221.494
221.75
221.981
222.194
222.393
222.578
222.753
222.918
223.074
223.221
223.361
223.495
223.625
223.753
223.88
224.004
224.126
224.244
224.359
224.47
224.578
224.682
224.785
224.884
224.982
225.077
225.169
225.259
225.345
225.428
225.508
225.585
225.659
225.729
225.794
225.856
225.913
225.965
226.012
226.054
226.091
226.122
226.148
226.168
226.182
226.191
226.193
226.188
226.177
226.161
226.139
226.111
226.077
226.038
225.994
225.945
225.891
225.833
225.771
225.706
225.637
225.566
225.492
225.416
225.338
225.259
225.179
225.098
225.016
224.934
224.852
224.771
224.689
224.609
224.529
224.451
224.373
224.297
224.223
224.15
224.078
224.008
223.94
223.874
223.809
223.746
223.686
223.627
223.57
223.514
223.461
223.409
223.359
223.31
223.264
223.218
223.175
223.133
223.094
223.057
223.022
222.988
222.956
222.926
222.893
222.87
222.851
222.856
222.81
160.475
209.712
217.996
217.945
218.174
218.535
219.046
219.556
220.035
220.475
220.865
221.202
221.493
221.748
221.979
222.193
222.391
222.577
222.752
222.917
223.073
223.221
223.361
223.495
223.626
223.754
223.881
224.006
224.128
224.246
224.361
224.472
224.579
224.684
224.786
224.885
224.983
225.078
225.17
225.259
225.345
225.429
225.509
225.585
225.659
225.728
225.794
225.855
225.913
225.965
226.012
226.055
226.092
226.124
226.15
226.17
226.185
226.194
226.197
226.193
226.184
226.169
226.148
226.122
226.09
226.052
226.01
225.963
225.912
225.856
225.797
225.734
225.668
225.6
225.529
225.456
225.381
225.305
225.228
225.15
225.072
224.993
224.915
224.836
224.758
224.681
224.605
224.53
224.456
224.383
224.311
224.241
224.173
224.106
224.041
223.977
223.915
223.856
223.797
223.741
223.686
223.634
223.583
223.533
223.485
223.439
223.394
223.351
223.309
223.27
223.232
223.197
223.163
223.131
223.1
223.07
223.039
223.018
223.002
223.009
222.964
160.306
209.686
217.97
217.917
218.156
218.528
219.045
219.555
220.034
220.474
220.864
221.201
221.492
221.747
221.978
222.192
222.39
222.577
222.751
222.917
223.073
223.221
223.361
223.496
223.627
223.755
223.882
224.007
224.129
224.248
224.362
224.473
224.58
224.685
224.787
224.886
224.984
225.078
225.171
225.26
225.346
225.429
225.509
225.585
225.658
225.728
225.794
225.855
225.912
225.965
226.013
226.055
226.093
226.125
226.152
226.173
226.189
226.198
226.202
226.2
226.192
226.178
226.158
226.133
226.103
226.068
226.028
225.983
225.934
225.881
225.824
225.764
225.701
225.636
225.568
225.498
225.426
225.354
225.28
225.205
225.13
225.055
224.98
224.905
224.831
224.757
224.684
224.612
224.541
224.472
224.404
224.337
224.271
224.208
224.145
224.085
224.026
223.969
223.913
223.859
223.807
223.757
223.708
223.661
223.616
223.571
223.529
223.487
223.448
223.41
223.374
223.341
223.309
223.278
223.247
223.219
223.19
223.172
223.158
223.165
223.121
160.141
209.662
217.944
217.888
218.138
218.521
219.043
219.555
220.034
220.474
220.863
221.2
221.49
221.746
221.977
222.19
222.389
222.576
222.751
222.916
223.072
223.22
223.361
223.496
223.627
223.757
223.884
224.009
224.131
224.249
224.364
224.474
224.582
224.686
224.788
224.887
224.984
225.079
225.171
225.26
225.346
225.429
225.509
225.585
225.658
225.728
225.794
225.855
225.912
225.965
226.013
226.056
226.094
226.127
226.154
226.176
226.192
226.203
226.208
226.207
226.2
226.187
226.17
226.147
226.118
226.085
226.047
226.005
225.958
225.908
225.854
225.797
225.737
225.674
225.609
225.543
225.475
225.405
225.335
225.264
225.192
225.121
225.049
224.978
224.907
224.837
224.767
224.699
224.631
224.565
224.5
224.436
224.374
224.313
224.254
224.196
224.14
224.086
224.033
223.982
223.932
223.884
223.838
223.793
223.749
223.707
223.667
223.627
223.59
223.554
223.52
223.488
223.458
223.428
223.398
223.371
223.345
223.329
223.317
223.325
223.281
160.003
209.642
217.919
217.859
218.119
218.514
219.042
219.554
220.033
220.473
220.862
221.199
221.489
221.744
221.976
222.189
222.388
222.575
222.75
222.915
223.072
223.22
223.361
223.496
223.628
223.758
223.885
224.01
224.132
224.251
224.365
224.476
224.583
224.687
224.789
224.888
224.985
225.08
225.172
225.261
225.346
225.429
225.509
225.585
225.658
225.728
225.793
225.855
225.912
225.965
226.013
226.057
226.095
226.129
226.157
226.179
226.196
226.208
226.214
226.214
226.209
226.198
226.182
226.161
226.134
226.103
226.068
226.028
225.984
225.936
225.885
225.831
225.774
225.715
225.653
225.59
225.525
225.459
225.392
225.325
225.257
225.189
225.121
225.053
224.986
224.919
224.853
224.788
224.724
224.661
224.599
224.539
224.48
224.422
224.366
224.311
224.258
224.206
224.156
224.108
224.061
224.015
223.971
223.928
223.887
223.847
223.808
223.771
223.736
223.702
223.67
223.639
223.61
223.581
223.552
223.528
223.504
223.491
223.48
223.487
223.444
159.865
209.625
217.894
217.83
218.101
218.508
219.041
219.553
220.033
220.472
220.861
221.197
221.488
221.743
221.974
222.188
222.387
222.574
222.749
222.915
223.072
223.22
223.361
223.497
223.629
223.759
223.886
224.012
224.134
224.252
224.367
224.477
224.584
224.688
224.789
224.889
224.986
225.081
225.172
225.261
225.347
225.429
225.509
225.585
225.658
225.727
225.793
225.855
225.912
225.966
226.014
226.058
226.097
226.131
226.16
226.183
226.201
226.214
226.221
226.223
226.218
226.209
226.195
226.176
226.152
226.123
226.09
226.052
226.011
225.966
225.918
225.867
225.813
225.757
225.699
225.64
225.578
225.516
225.453
225.389
225.325
225.26
225.196
225.132
225.068
225.005
224.943
224.881
224.82
224.761
224.702
224.645
224.589
224.535
224.481
224.43
224.379
224.33
224.283
224.237
224.193
224.149
224.108
224.067
224.028
223.99
223.954
223.918
223.885
223.853
223.822
223.793
223.765
223.737
223.71
223.688
223.667
223.655
223.645
223.652
223.61
159.742
209.614
217.869
217.801
218.083
218.502
219.04
219.553
220.032
220.472
220.86
221.196
221.486
221.742
221.973
222.187
222.386
222.573
222.748
222.914
223.071
223.22
223.361
223.497
223.629
223.76
223.888
224.013
224.135
224.254
224.368
224.478
224.585
224.689
224.79
224.89
224.987
225.081
225.173
225.262
225.347
225.429
225.509
225.585
225.658
225.727
225.793
225.855
225.913
225.966
226.015
226.059
226.099
226.133
226.163
226.187
226.206
226.22
226.229
226.232
226.229
226.221
226.209
226.192
226.17
226.143
226.113
226.078
226.04
225.998
225.953
225.905
225.855
225.802
225.748
225.691
225.634
225.575
225.516
225.456
225.395
225.334
225.274
225.213
225.153
225.094
225.035
224.977
224.92
224.864
224.809
224.755
224.702
224.651
224.6
224.552
224.504
224.458
224.413
224.37
224.328
224.287
224.248
224.21
224.173
224.137
224.102
224.069
224.037
224.007
223.978
223.951
223.924
223.897
223.872
223.852
223.832
223.822
223.813
223.82
223.778
159.633
209.608
217.845
217.772
218.065
218.496
219.039
219.552
220.032
220.471
220.859
221.195
221.485
221.741
221.972
222.186
222.385
222.572
222.748
222.914
223.071
223.219
223.361
223.497
223.63
223.761
223.889
224.014
224.137
224.255
224.369
224.48
224.586
224.69
224.791
224.89
224.987
225.082
225.174
225.262
225.347
225.429
225.509
225.585
225.658
225.727
225.793
225.855
225.913
225.966
226.016
226.061
226.101
226.136
226.166
226.191
226.211
226.226
226.237
226.241
226.24
226.234
226.224
226.209
226.189
226.165
226.137
226.105
226.07
226.031
225.99
225.945
225.898
225.849
225.798
225.746
225.692
225.637
225.581
225.525
225.468
225.412
225.355
225.298
225.242
225.186
225.131
225.076
225.023
224.97
224.918
224.868
224.818
224.77
224.723
224.677
224.632
224.589
224.547
224.506
224.467
224.428
224.391
224.355
224.321
224.287
224.254
224.223
224.193
224.165
224.137
224.111
224.086
224.061
224.037
224.019
224.002
223.993
223.985
223.991
223.95
159.536
209.607
217.821
217.742
218.046
218.491
219.038
219.552
220.031
220.47
220.859
221.194
221.484
221.739
221.971
222.185
222.385
222.571
222.747
222.913
223.07
223.219
223.361
223.498
223.631
223.762
223.89
224.016
224.138
224.257
224.371
224.481
224.587
224.691
224.792
224.891
224.988
225.083
225.174
225.262
225.347
225.429
225.508
225.584
225.657
225.727
225.793
225.855
225.913
225.967
226.017
226.062
226.103
226.139
226.17
226.196
226.217
226.233
226.245
226.251
226.252
226.248
226.24
226.227
226.21
226.188
226.163
226.134
226.102
226.066
226.028
225.987
225.943
225.898
225.851
225.802
225.752
225.701
225.649
225.597
225.544
225.491
225.438
225.385
225.333
225.281
225.229
225.179
225.128
225.079
225.031
224.984
224.937
224.892
224.848
224.805
224.764
224.723
224.684
224.646
224.609
224.573
224.538
224.504
224.472
224.44
224.409
224.38
224.352
224.325
224.3
224.275
224.251
224.227
224.205
224.19
224.174
224.167
224.159
224.165
224.124
159.437
209.611
217.798
217.712
218.027
218.487
219.037
219.551
220.031
220.47
220.858
221.193
221.483
221.738
221.97
222.184
222.384
222.57
222.746
222.913
223.07
223.219
223.361
223.498
223.632
223.763
223.891
224.017
224.14
224.258
224.372
224.482
224.588
224.692
224.793
224.892
224.989
225.083
225.174
225.263
225.347
225.429
225.508
225.584
225.657
225.727
225.793
225.855
225.913
225.968
226.018
226.064
226.105
226.142
226.174
226.201
226.223
226.241
226.254
226.262
226.264
226.262
226.256
226.246
226.231
226.213
226.19
226.164
226.135
226.103
226.068
226.03
225.991
225.949
225.906
225.861
225.815
225.768
225.72
225.671
225.623
225.574
225.525
225.476
225.427
225.379
225.331
225.284
225.237
225.192
225.147
225.103
225.06
225.018
224.977
224.937
224.898
224.86
224.824
224.788
224.754
224.72
224.688
224.656
224.626
224.596
224.568
224.54
224.514
224.489
224.465
224.442
224.419
224.397
224.377
224.364
224.35
224.344
224.336
224.342
224.302
159.372
209.621
217.775
217.682
218.008
218.483
219.036
219.55
220.031
220.469
220.857
221.192
221.481
221.737
221.969
222.183
222.383
222.57
222.746
222.912
223.069
223.219
223.361
223.498
223.632
223.764
223.892
224.019
224.141
224.259
224.373
224.483
224.589
224.692
224.793
224.892
224.989
225.084
225.175
225.263
225.348
225.429
225.508
225.584
225.657
225.726
225.792
225.855
225.914
225.968
226.019
226.066
226.108
226.145
226.178
226.206
226.23
226.248
226.263
226.273
226.278
226.278
226.274
226.266
226.254
226.238
226.218
226.195
226.169
226.141
226.109
226.075
226.039
226.001
225.962
225.921
225.879
225.836
225.792
225.748
225.703
225.658
225.613
225.568
225.523
225.479
225.435
225.392
225.349
225.307
225.265
225.225
225.185
225.146
225.108
225.071
225.035
225
224.967
224.934
224.902
224.871
224.841
224.811
224.783
224.756
224.729
224.704
224.679
224.656
224.634
224.612
224.59
224.57
224.552
224.541
224.528
224.524
224.516
224.521
224.483
159.315
209.638
217.752
217.652
217.99
218.479
219.035
219.549
220.03
220.469
220.856
221.191
221.48
221.736
221.968
222.182
222.382
222.569
222.745
222.911
223.069
223.218
223.361
223.499
223.633
223.765
223.894
224.02
224.142
224.261
224.374
224.484
224.59
224.693
224.794
224.893
224.99
225.084
225.175
225.263
225.348
225.429
225.508
225.584
225.656
225.726
225.792
225.855
225.914
225.969
226.02
226.067
226.11
226.148
226.182
226.212
226.236
226.257
226.273
226.284
226.291
226.294
226.292
226.286
226.277
226.264
226.248
226.228
226.206
226.18
226.152
226.122
226.09
226.056
226.021
225.984
225.946
225.907
225.867
225.827
225.786
225.746
225.705
225.664
225.623
225.582
225.542
225.502
225.463
225.425
225.387
225.35
225.313
225.278
225.243
225.209
225.176
225.144
225.112
225.082
225.053
225.024
224.996
224.969
224.943
224.918
224.893
224.87
224.847
224.826
224.805
224.784
224.764
224.746
224.73
224.72
224.709
224.706
224.699
224.703
224.667
159.217
209.659
217.728
217.623
217.972
218.474
219.034
219.549
220.03
220.468
220.855
221.19
221.479
221.735
221.966
222.181
222.381
222.568
222.744
222.911
223.069
223.218
223.361
223.499
223.634
223.765
223.895
224.021
224.144
224.262
224.376
224.485
224.591
224.694
224.795
224.894
224.991
225.085
225.176
225.263
225.348
225.429
225.508
225.583
225.656
225.726
225.792
225.855
225.915
225.97
226.022
226.069
226.113
226.152
226.187
226.218
226.244
226.265
226.283
226.297
226.306
226.31
226.311
226.308
226.301
226.291
226.278
226.262
226.243
226.221
226.197
226.17
226.142
226.112
226.081
226.048
226.014
225.98
225.944
225.908
225.871
225.835
225.798
225.761
225.724
225.688
225.651
225.615
225.58
225.545
225.511
225.477
225.444
225.411
225.38
225.349
225.319
225.289
225.261
225.233
225.207
225.18
225.155
225.13
225.106
225.083
225.06
225.039
225.018
224.998
224.979
224.96
224.942
224.926
224.91
224.902
224.893
224.892
224.886
224.889
224.855
159.217
209.688
217.702
217.594
217.954
218.47
219.033
219.548
220.029
220.468
220.854
221.189
221.478
221.733
221.965
222.18
222.38
222.567
222.744
222.91
223.068
223.218
223.361
223.499
223.634
223.766
223.896
224.022
224.145
224.263
224.377
224.486
224.592
224.694
224.795
224.894
224.991
225.085
225.176
225.263
225.348
225.429
225.507
225.583
225.656
225.726
225.792
225.855
225.915
225.971
226.023
226.072
226.116
226.156
226.192
226.224
226.251
226.275
226.294
226.309
226.32
226.328
226.331
226.331
226.327
226.32
226.31
226.297
226.281
226.263
226.243
226.221
226.196
226.171
226.143
226.115
226.085
226.055
226.023
225.992
225.959
225.927
225.894
225.861
225.829
225.796
225.764
225.731
225.7
225.668
225.637
225.607
225.577
225.548
225.52
225.492
225.465
225.438
225.412
225.387
225.363
225.339
225.316
225.294
225.272
225.251
225.23
225.211
225.192
225.174
225.156
225.138
225.122
225.108
225.094
225.087
225.08
225.081
225.075
225.078
225.046
159.206
209.725
217.674
217.565
217.937
218.466
219.032
219.547
220.029
220.467
220.854
221.188
221.477
221.732
221.964
222.179
222.379
222.566
222.743
222.91
223.068
223.218
223.361
223.5
223.635
223.767
223.897
224.024
224.146
224.264
224.378
224.487
224.592
224.695
224.796
224.895
224.992
225.086
225.176
225.263
225.347
225.429
225.507
225.583
225.655
225.725
225.792
225.856
225.916
225.972
226.025
226.074
226.119
226.16
226.197
226.23
226.259
226.284
226.305
226.323
226.336
226.345
226.351
226.354
226.353
226.349
226.342
226.333
226.321
226.307
226.29
226.272
226.252
226.23
226.207
226.182
226.157
226.131
226.104
226.077
226.049
226.02
225.992
225.963
225.935
225.906
225.877
225.849
225.821
225.794
225.766
225.74
225.713
225.687
225.662
225.637
225.613
225.589
225.566
225.544
225.522
225.501
225.48
225.46
225.441
225.422
225.403
225.386
225.369
225.352
225.336
225.32
225.305
225.292
225.28
225.275
225.269
225.271
225.266
225.269
225.239
159.146
209.766
217.645
217.536
217.921
218.462
219.03
219.546
220.028
220.466
220.853
221.187
221.476
221.731
221.963
222.178
222.378
222.566
222.742
222.909
223.067
223.218
223.361
223.5
223.636
223.768
223.898
224.025
224.147
224.265
224.379
224.488
224.593
224.696
224.797
224.896
224.992
225.086
225.176
225.263
225.347
225.428
225.507
225.582
225.655
225.725
225.792
225.856
225.916
225.973
226.027
226.076
226.122
226.164
226.202
226.237
226.267
226.294
226.317
226.336
226.352
226.364
226.373
226.378
226.38
226.379
226.376
226.37
226.362
226.352
226.339
226.325
226.309
226.291
226.273
226.253
226.232
226.21
226.187
226.164
226.141
226.117
226.092
226.068
226.043
226.019
225.994
225.97
225.946
225.922
225.898
225.875
225.852
225.829
225.807
225.785
225.764
225.743
225.723
225.703
225.684
225.665
225.647
225.629
225.611
225.595
225.578
225.563
225.547
225.532
225.518
225.503
225.49
225.479
225.469
225.466
225.462
225.464
225.46
225.462
225.435
159.179
209.814
217.615
217.508
217.905
218.458
219.029
219.546
220.028
220.466
220.852
221.186
221.475
221.73
221.962
222.177
222.377
222.565
222.741
222.909
223.067
223.217
223.361
223.5
223.636
223.769
223.899
224.026
224.148
224.266
224.38
224.489
224.594
224.696
224.797
224.896
224.993
225.086
225.176
225.263
225.347
225.428
225.506
225.582
225.655
225.725
225.792
225.856
225.917
225.974
226.028
226.079
226.125
226.169
226.208
226.244
226.276
226.304
226.329
226.351
226.368
226.383
226.394
226.403
226.408
226.411
226.411
226.408
226.404
226.397
226.389
226.379
226.367
226.354
226.339
226.324
226.307
226.29
226.272
226.253
226.234
226.214
226.194
226.174
226.154
226.133
226.113
226.092
226.072
226.052
226.032
226.012
225.992
225.973
225.954
225.935
225.917
225.899
225.882
225.865
225.848
225.832
225.816
225.801
225.785
225.771
225.756
225.743
225.729
225.716
225.703
225.69
225.678
225.67
225.662
225.661
225.658
225.661
225.656
225.658
225.633
159.212
209.868
217.584
217.48
217.889
218.454
219.028
219.545
220.027
220.465
220.851
221.185
221.473
221.729
221.961
222.176
222.376
222.564
222.741
222.908
223.066
223.217
223.361
223.501
223.637
223.77
223.9
224.027
224.15
224.267
224.381
224.489
224.595
224.697
224.798
224.897
224.993
225.086
225.176
225.263
225.347
225.427
225.506
225.581
225.654
225.724
225.792
225.856
225.917
225.975
226.03
226.081
226.129
226.173
226.214
226.251
226.284
226.315
226.342
226.365
226.385
226.403
226.417
226.428
226.437
226.443
226.446
226.448
226.447
226.444
226.44
226.434
226.427
226.418
226.408
226.397
226.385
226.372
226.358
226.344
226.329
226.314
226.299
226.283
226.266
226.25
226.234
226.217
226.201
226.184
226.168
226.151
226.135
226.119
226.103
226.088
226.073
226.058
226.043
226.029
226.015
226.001
225.987
225.974
225.961
225.948
225.936
225.924
225.913
225.901
225.89
225.878
225.868
225.862
225.856
225.857
225.856
225.859
225.854
225.856
225.833
159.218
209.926
217.552
217.453
217.874
218.45
219.026
219.544
220.026
220.465
220.85
221.184
221.472
221.728
221.96
222.175
222.376
222.563
222.74
222.907
223.066
223.217
223.361
223.501
223.638
223.771
223.901
224.028
224.151
224.269
224.382
224.49
224.595
224.698
224.798
224.897
224.993
225.087
225.176
225.263
225.346
225.427
225.505
225.581
225.654
225.724
225.792
225.856
225.918
225.977
226.032
226.084
226.132
226.178
226.22
226.258
226.293
226.325
226.355
226.38
226.403
226.423
226.44
226.454
226.466
226.475
226.483
226.488
226.491
226.492
226.492
226.49
226.487
226.483
226.477
226.471
226.463
226.455
226.446
226.436
226.426
226.415
226.404
226.392
226.38
226.368
226.356
226.343
226.331
226.318
226.305
226.293
226.28
226.267
226.255
226.243
226.23
226.218
226.207
226.195
226.184
226.172
226.161
226.15
226.14
226.129
226.119
226.109
226.1
226.09
226.08
226.07
226.062
226.059
226.054
226.056
226.056
226.059
226.055
226.057
226.036
159.267
209.989
217.52
217.426
217.86
218.446
219.025
219.543
220.026
220.464
220.85
221.183
221.471
221.727
221.959
222.174
222.375
222.563
222.739
222.907
223.066
223.217
223.361
223.501
223.638
223.772
223.903
224.029
224.152
224.27
224.382
224.491
224.596
224.698
224.799
224.898
224.994
225.087
225.176
225.263
225.346
225.427
225.505
225.58
225.653
225.724
225.792
225.857
225.919
225.978
226.034
226.087
226.136
226.183
226.226
226.266
226.303
226.337
226.368
226.396
226.421
226.443
226.463
226.481
226.496
226.509
226.52
226.529
226.536
226.542
226.546
226.548
226.55
226.55
226.549
226.547
226.544
226.54
226.536
226.531
226.525
226.519
226.512
226.505
226.497
226.489
226.481
226.472
226.463
226.455
226.445
226.436
226.427
226.418
226.409
226.399
226.39
226.381
226.372
226.363
226.354
226.346
226.337
226.328
226.32
226.312
226.303
226.296
226.287
226.279
226.27
226.262
226.257
226.257
226.254
226.256
226.257
226.26
226.257
226.258
226.24
159.34
210.055
217.487
217.4
217.846
218.442
219.023
219.542
220.025
220.463
220.849
221.182
221.47
221.726
221.958
222.173
222.374
222.562
222.739
222.906
223.065
223.216
223.361
223.502
223.639
223.773
223.904
224.03
224.153
224.271
224.383
224.492
224.597
224.699
224.799
224.898
224.994
225.087
225.176
225.262
225.345
225.426
225.504
225.58
225.653
225.724
225.792
225.857
225.92
225.979
226.036
226.089
226.14
226.187
226.232
226.274
226.312
226.348
226.381
226.412
226.439
226.464
226.487
226.508
226.526
226.543
226.558
226.57
226.582
226.591
226.6
226.607
226.612
226.617
226.621
226.623
226.625
226.626
226.626
226.626
226.624
226.623
226.62
226.618
226.614
226.61
226.606
226.602
226.597
226.592
226.587
226.581
226.576
226.57
226.564
226.558
226.552
226.546
226.54
226.534
226.528
226.521
226.515
226.509
226.503
226.497
226.491
226.485
226.478
226.472
226.465
226.459
226.456
226.458
226.456
226.46
226.461
226.465
226.462
226.464
226.449
159.408
210.123
217.453
217.374
217.832
218.438
219.022
219.542
220.025
220.463
220.848
221.181
221.469
221.725
221.957
222.173
222.373
222.561
222.738
222.906
223.065
223.216
223.361
223.502
223.639
223.774
223.905
224.031
224.154
224.272
224.384
224.493
224.597
224.7
224.8
224.898
224.994
225.087
225.176
225.262
225.345
225.425
225.503
225.579
225.652
225.723
225.792
225.857
225.92
225.98
226.038
226.092
226.144
226.193
226.238
226.282
226.322
226.36
226.395
226.428
226.458
226.486
226.512
226.536
226.558
226.578
226.596
226.613
226.629
226.642
226.655
226.667
226.677
226.686
226.694
226.702
226.708
226.714
226.719
226.723
226.726
226.729
226.731
226.733
226.734
226.734
226.734
226.734
226.733
226.732
226.731
226.729
226.727
226.724
226.721
226.719
226.716
226.713
226.709
226.706
226.702
226.699
226.695
226.691
226.687
226.683
226.679
226.675
226.67
226.665
226.66
226.658
226.657
226.659
226.658
226.662
226.665
226.669
226.668
226.671
226.657
159.479
210.193
217.42
217.349
217.819
218.434
219.021
219.541
220.024
220.462
220.847
221.18
221.468
221.724
221.956
222.172
222.372
222.56
222.737
222.905
223.064
223.216
223.361
223.502
223.64
223.774
223.906
224.033
224.155
224.272
224.385
224.493
224.598
224.7
224.8
224.899
224.994
225.087
225.176
225.261
225.344
225.425
225.503
225.578
225.652
225.723
225.791
225.858
225.921
225.982
226.04
226.095
226.148
226.198
226.245
226.29
226.332
226.371
226.409
226.444
226.477
226.508
226.537
226.564
226.589
226.613
226.635
226.656
226.676
226.694
226.711
226.727
226.742
226.755
226.768
226.78
226.792
226.802
226.811
226.82
226.828
226.836
226.842
226.848
226.854
226.859
226.863
226.867
226.87
226.873
226.875
226.877
226.878
226.879
226.88
226.881
226.881
226.881
226.88
226.88
226.879
226.878
226.877
226.875
226.874
226.872
226.87
226.868
226.865
226.862
226.861
226.861
226.861
226.864
226.864
226.869
226.873
226.878
226.878
226.882
226.871
159.573
210.264
217.386
217.325
217.807
218.43
219.019
219.54
220.024
220.462
220.847
221.179
221.467
221.723
221.955
222.171
222.371
222.56
222.737
222.905
223.064
223.216
223.362
223.503
223.641
223.775
223.907
224.034
224.156
224.273
224.386
224.494
224.598
224.7
224.801
224.899
224.994
225.086
225.175
225.261
225.344
225.424
225.502
225.578
225.651
225.722
225.791
225.858
225.922
225.983
226.042
226.098
226.152
226.203
226.252
226.298
226.342
226.384
226.424
226.461
226.497
226.531
226.563
226.593
226.622
226.649
226.675
226.7
226.724
226.746
226.768
226.788
226.808
226.826
226.844
226.861
226.877
226.892
226.906
226.92
226.933
226.945
226.956
226.966
226.976
226.985
226.994
227.002
227.009
227.016
227.022
227.027
227.032
227.037
227.041
227.045
227.048
227.051
227.054
227.056
227.058
227.059
227.06
227.061
227.062
227.062
227.062
227.062
227.061
227.06
227.061
227.064
227.065
227.068
227.069
227.075
227.079
227.084
227.088
227.092
227.084
159.701
210.336
217.351
217.301
217.795
218.427
219.018
219.539
220.023
220.461
220.846
221.178
221.466
221.722
221.955
222.17
222.371
222.559
222.736
222.904
223.064
223.215
223.362
223.503
223.641
223.776
223.907
224.035
224.157
224.274
224.387
224.495
224.599
224.701
224.801
224.899
224.994
225.086
225.175
225.26
225.343
225.423
225.501
225.577
225.651
225.722
225.791
225.858
225.922
225.984
226.044
226.101
226.156
226.208
226.258
226.306
226.352
226.396
226.438
226.478
226.516
226.553
226.588
226.622
226.654
226.685
226.715
226.744
226.772
226.799
226.825
226.85
226.874
226.897
226.92
226.941
226.962
226.982
227.001
227.019
227.037
227.053
227.069
227.084
227.099
227.112
227.125
227.137
227.148
227.159
227.169
227.178
227.187
227.195
227.203
227.21
227.216
227.222
227.228
227.233
227.238
227.242
227.246
227.249
227.252
227.255
227.257
227.258
227.26
227.262
227.264
227.269
227.272
227.278
227.28
227.286
227.29
227.296
227.302
227.308
227.304
159.824
210.407
217.317
217.277
217.783
218.423
219.016
219.538
220.023
220.46
220.845
221.177
221.465
221.721
221.954
222.169
222.37
222.558
222.735
222.904
223.063
223.215
223.362
223.503
223.642
223.777
223.908
224.036
224.158
224.275
224.387
224.495
224.599
224.701
224.801
224.899
224.994
225.086
225.174
225.26
225.342
225.423
225.5
225.576
225.65
225.722
225.791
225.858
225.923
225.986
226.046
226.104
226.16
226.214
226.265
226.315
226.362
226.408
226.453
226.496
226.536
226.576
226.615
226.652
226.688
226.723
226.756
226.789
226.821
226.853
226.883
226.913
226.941
226.969
226.997
227.023
227.049
227.073
227.097
227.12
227.143
227.164
227.185
227.204
227.223
227.241
227.258
227.274
227.29
227.305
227.318
227.331
227.344
227.355
227.366
227.377
227.386
227.395
227.404
227.412
227.419
227.426
227.432
227.438
227.443
227.448
227.452
227.456
227.459
227.463
227.467
227.473
227.478
227.485
227.49
227.496
227.501
227.508
227.515
227.521
227.52
159.925
210.476
217.282
217.254
217.772
218.42
219.015
219.538
220.022
220.46
220.844
221.176
221.464
221.72
221.953
222.168
222.369
222.557
222.735
222.903
223.063
223.215
223.362
223.504
223.642
223.778
223.909
224.037
224.159
224.276
224.388
224.496
224.6
224.701
224.801
224.899
224.994
225.085
225.174
225.259
225.342
225.422
225.5
225.575
225.649
225.721
225.791
225.858
225.924
225.987
226.048
226.107
226.164
226.219
226.272
226.323
226.373
226.421
226.468
226.513
226.557
226.599
226.641
226.681
226.721
226.759
226.797
226.834
226.871
226.906
226.941
226.975
227.009
227.041
227.073
227.104
227.135
227.164
227.193
227.221
227.248
227.274
227.299
227.324
227.347
227.369
227.391
227.411
227.431
227.45
227.468
227.485
227.501
227.516
227.53
227.544
227.557
227.569
227.581
227.592
227.602
227.611
227.62
227.629
227.636
227.643
227.65
227.656
227.661
227.667
227.673
227.681
227.688
227.697
227.703
227.712
227.719
227.726
227.733
227.739
227.743
160.055
210.543
217.247
217.232
217.761
218.416
219.013
219.537
220.022
220.459
220.844
221.176
221.464
221.719
221.952
222.167
222.368
222.557
222.734
222.902
223.062
223.215
223.362
223.504
223.643
223.779
223.91
224.038
224.16
224.277
224.389
224.496
224.6
224.702
224.801
224.899
224.993
225.085
225.173
225.258
225.341
225.421
225.499
225.575
225.648
225.72
225.79
225.858
225.924
225.988
226.05
226.11
226.168
226.224
226.279
226.332
226.384
226.434
226.483
226.531
226.577
226.623
226.667
226.711
226.755
226.797
226.839
226.88
226.921
226.961
227
227.039
227.077
227.114
227.151
227.187
227.223
227.257
227.291
227.324
227.355
227.386
227.416
227.445
227.473
227.5
227.526
227.551
227.574
227.597
227.619
227.64
227.659
227.678
227.696
227.713
227.729
227.745
227.759
227.773
227.786
227.798
227.81
227.82
227.83
227.84
227.848
227.856
227.864
227.871
227.879
227.889
227.897
227.907
227.915
227.925
227.934
227.942
227.95
227.956
227.963
160.232
210.608
217.212
217.21
217.751
218.413
219.012
219.536
220.021
220.459
220.843
221.175
221.463
221.718
221.951
222.166
222.367
222.556
222.733
222.902
223.062
223.215
223.362
223.504
223.644
223.779
223.911
224.038
224.161
224.278
224.389
224.497
224.6
224.702
224.801
224.899
224.993
225.084
225.172
225.257
225.34
225.42
225.498
225.574
225.648
225.72
225.79
225.858
225.925
225.989
226.052
226.113
226.172
226.23
226.286
226.341
226.394
226.446
226.498
226.548
226.597
226.646
226.694
226.741
226.788
226.834
226.88
226.925
226.97
227.015
227.058
227.102
227.145
227.187
227.229
227.269
227.31
227.349
227.387
227.425
227.462
227.497
227.532
227.566
227.598
227.629
227.66
227.689
227.717
227.744
227.769
227.794
227.818
227.84
227.862
227.882
227.902
227.921
227.938
227.955
227.971
227.986
228
228.013
228.026
228.038
228.048
228.058
228.068
228.078
228.088
228.1
228.109
228.121
228.131
228.142
228.153
228.162
228.172
228.18
228.188
160.376
210.671
217.177
217.189
217.741
218.409
219.011
219.536
220.021
220.458
220.842
221.174
221.462
221.717
221.95
222.166
222.367
222.555
222.733
222.901
223.061
223.214
223.362
223.505
223.644
223.78
223.912
224.039
224.161
224.278
224.39
224.497
224.601
224.702
224.801
224.898
224.993
225.084
225.171
225.256
225.339
225.419
225.497
225.572
225.647
225.719
225.79
225.858
225.925
225.99
226.054
226.116
226.176
226.235
226.293
226.35
226.405
226.459
226.513
226.566
226.618
226.67
226.721
226.772
226.822
226.872
226.922
226.971
227.021
227.069
227.118
227.166
227.213
227.261
227.307
227.353
227.398
227.442
227.486
227.528
227.57
227.61
227.649
227.688
227.725
227.761
227.795
227.829
227.861
227.892
227.922
227.95
227.978
228.004
228.029
228.053
228.076
228.098
228.118
228.138
228.157
228.175
228.191
228.207
228.222
228.236
228.249
228.261
228.273
228.285
228.297
228.311
228.322
228.335
228.347
228.359
228.371
228.382
228.392
228.402
228.411
160.528
210.728
217.142
217.169
217.732
218.406
219.009
219.535
220.02
220.457
220.841
221.173
221.461
221.716
221.949
222.165
222.366
222.554
222.732
222.901
223.061
223.214
223.362
223.505
223.645
223.781
223.913
224.04
224.162
224.279
224.39
224.497
224.601
224.702
224.801
224.898
224.992
225.083
225.171
225.255
225.338
225.418
225.495
225.571
225.646
225.718
225.789
225.858
225.926
225.992
226.056
226.119
226.18
226.241
226.3
226.358
226.415
226.472
226.528
226.584
226.639
226.693
226.748
226.802
226.856
226.91
226.963
227.017
227.07
227.123
227.176
227.229
227.281
227.333
227.384
227.435
227.485
227.534
227.582
227.63
227.676
227.721
227.765
227.808
227.85
227.89
227.929
227.967
228.004
228.039
228.073
228.105
228.137
228.167
228.195
228.223
228.249
228.275
228.299
228.321
228.343
228.364
228.384
228.402
228.419
228.436
228.451
228.466
228.48
228.494
228.508
228.523
228.536
228.551
228.565
228.579
228.592
228.605
228.616
228.628
228.639
160.721
210.783
217.107
217.149
217.723
218.403
219.008
219.534
220.02
220.457
220.841
221.172
221.46
221.715
221.948
222.164
222.365
222.554
222.731
222.9
223.061
223.214
223.362
223.505
223.645
223.782
223.914
224.041
224.163
224.28
224.391
224.498
224.601
224.702
224.801
224.898
224.991
225.082
225.17
225.254
225.337
225.416
225.494
225.57
225.644
225.717
225.788
225.858
225.926
225.993
226.058
226.122
226.184
226.246
226.307
226.367
226.426
226.485
226.544
226.602
226.659
226.717
226.775
226.832
226.89
226.947
227.005
227.063
227.12
227.178
227.236
227.293
227.35
227.406
227.463
227.518
227.573
227.627
227.68
227.732
227.784
227.834
227.883
227.93
227.977
228.022
228.065
228.107
228.148
228.188
228.226
228.262
228.297
228.331
228.363
228.394
228.424
228.452
228.48
228.505
228.53
228.554
228.576
228.597
228.617
228.636
228.654
228.67
228.687
228.703
228.719
228.736
228.751
228.768
228.783
228.799
228.814
228.828
228.841
228.854
228.866
160.877
210.832
217.072
217.13
217.714
218.4
219.007
219.534
220.019
220.456
220.84
221.171
221.459
221.714
221.947
222.163
222.364
222.553
222.731
222.9
223.06
223.214
223.362
223.506
223.646
223.782
223.915
224.042
224.164
224.28
224.391
224.498
224.601
224.702
224.801
224.897
224.991
225.081
225.169
225.253
225.335
225.415
225.493
225.569
225.643
225.716
225.788
225.858
225.926
225.993
226.059
226.124
226.188
226.251
226.314
226.375
226.437
226.498
226.559
226.619
226.68
226.74
226.801
226.862
226.923
226.985
227.046
227.108
227.17
227.232
227.294
227.355
227.417
227.478
227.539
227.6
227.659
227.718
227.776
227.833
227.889
227.944
227.998
228.05
228.101
228.15
228.199
228.245
228.29
228.334
228.376
228.417
228.456
228.493
228.53
228.564
228.598
228.629
228.66
228.689
228.717
228.744
228.769
228.793
228.815
228.837
228.857
228.876
228.895
228.913
228.932
228.951
228.968
228.986
229.003
229.02
229.037
229.052
229.067
229.081
229.096
161.043
210.876
217.038
217.111
217.706
218.397
219.005
219.533
220.019
220.456
220.839
221.171
221.458
221.714
221.946
222.162
222.363
222.552
222.73
222.899
223.06
223.213
223.362
223.506
223.646
223.783
223.915
224.042
224.164
224.281
224.392
224.498
224.601
224.702
224.8
224.897
224.99
225.08
225.168
225.252
225.334
225.414
225.491
225.567
225.642
225.715
225.787
225.857
225.926
225.994
226.061
226.127
226.192
226.257
226.321
226.384
226.447
226.51
226.574
226.637
226.7
226.764
226.828
226.892
226.957
227.022
227.088
227.153
227.22
227.286
227.352
227.419
227.485
227.551
227.617
227.682
227.746
227.81
227.873
227.935
227.996
228.055
228.114
228.171
228.226
228.281
228.333
228.384
228.434
228.482
228.528
228.573
228.616
228.657
228.697
228.735
228.772
228.807
228.841
228.873
228.904
228.934
228.962
228.988
229.013
229.037
229.06
229.082
229.103
229.124
229.144
229.165
229.184
229.204
229.223
229.242
229.261
229.278
229.294
229.31
229.327
161.252
210.916
217.003
217.093
217.698
218.393
219.004
219.532
220.018
220.455
220.839
221.17
221.457
221.713
221.946
222.161
222.363
222.551
222.729
222.898
223.059
223.213
223.362
223.506
223.647
223.784
223.916
224.043
224.165
224.281
224.392
224.498
224.601
224.701
224.8
224.896
224.989
225.08
225.167
225.251
225.333
225.412
225.49
225.566
225.641
225.714
225.786
225.857
225.926
225.995
226.063
226.13
226.196
226.262
226.327
226.392
226.457
226.523
226.588
226.654
226.72
226.787
226.854
226.921
226.99
227.059
227.128
227.198
227.268
227.339
227.409
227.48
227.551
227.622
227.692
227.762
227.831
227.9
227.967
228.034
228.1
228.164
228.227
228.289
228.349
228.408
228.465
228.52
228.574
228.626
228.677
228.726
228.773
228.818
228.862
228.904
228.944
228.983
229.02
229.056
229.09
229.123
229.154
229.184
229.212
229.239
229.264
229.288
229.312
229.335
229.358
229.381
229.402
229.424
229.445
229.465
229.485
229.504
229.521
229.539
229.558
161.42
210.95
216.969
217.076
217.69
218.39
219.003
219.532
220.018
220.455
220.838
221.169
221.456
221.712
221.945
222.16
222.362
222.55
222.729
222.898
223.059
223.213
223.362
223.506
223.647
223.784
223.917
224.044
224.165
224.281
224.392
224.498
224.601
224.701
224.799
224.895
224.989
225.078
225.165
225.25
225.331
225.411
225.488
225.564
225.639
225.713
225.785
225.856
225.926
225.996
226.064
226.132
226.2
226.267
226.334
226.401
226.468
226.535
226.603
226.671
226.74
226.809
226.88
226.951
227.023
227.095
227.168
227.242
227.317
227.392
227.467
227.542
227.617
227.693
227.768
227.842
227.917
227.99
228.062
228.134
228.204
228.273
228.341
228.408
228.473
228.536
228.597
228.657
228.716
228.772
228.827
228.88
228.931
228.98
229.028
229.073
229.117
229.16
229.2
229.239
229.277
229.312
229.346
229.378
229.409
229.438
229.466
229.493
229.519
229.545
229.569
229.595
229.618
229.642
229.665
229.688
229.71
229.73
229.75
229.769
229.791
161.618
210.978
216.935
217.059
217.683
218.387
219.002
219.531
220.017
220.454
220.837
221.168
221.455
221.711
221.944
222.16
222.361
222.55
222.728
222.897
223.058
223.213
223.362
223.507
223.648
223.785
223.917
224.044
224.166
224.282
224.392
224.498
224.601
224.701
224.799
224.895
224.988
225.077
225.164
225.248
225.329
225.409
225.486
225.563
225.637
225.711
225.784
225.855
225.926
225.996
226.066
226.135
226.203
226.272
226.34
226.409
226.478
226.547
226.617
226.688
226.759
226.832
226.905
226.979
227.055
227.131
227.208
227.285
227.364
227.443
227.522
227.602
227.682
227.762
227.841
227.92
227.999
228.077
228.154
228.23
228.306
228.379
228.452
228.523
228.592
228.66
228.726
228.791
228.853
228.914
228.973
229.03
229.085
229.138
229.19
229.239
229.287
229.333
229.377
229.42
229.46
229.499
229.537
229.572
229.606
229.638
229.669
229.699
229.728
229.756
229.783
229.811
229.836
229.862
229.888
229.912
229.935
229.957
229.978
229.999
230.023
161.823
211.002
216.901
217.042
217.676
218.384
219
219.531
220.017
220.453
220.837
221.167
221.455
221.71
221.943
222.159
222.36
222.549
222.727
222.897
223.058
223.212
223.362
223.507
223.648
223.785
223.918
224.045
224.166
224.282
224.392
224.498
224.601
224.701
224.798
224.894
224.987
225.076
225.163
225.246
225.328
225.407
225.485
225.561
225.636
225.71
225.783
225.855
225.926
225.997
226.067
226.137
226.207
226.276
226.346
226.417
226.487
226.559
226.631
226.705
226.779
226.854
226.93
227.008
227.086
227.166
227.247
227.328
227.411
227.494
227.578
227.662
227.746
227.83
227.914
227.998
228.082
228.164
228.246
228.327
228.407
228.485
228.563
228.638
228.712
228.785
228.855
228.924
228.991
229.056
229.119
229.18
229.24
229.297
229.352
229.406
229.457
229.507
229.554
229.6
229.644
229.686
229.726
229.765
229.801
229.836
229.869
229.902
229.932
229.963
229.993
230.022
230.05
230.078
230.105
230.132
230.157
230.181
230.204
230.227
230.254
161.993
211.014
216.867
217.027
217.67
218.382
218.999
219.53
220.016
220.453
220.836
221.166
221.454
221.709
221.942
222.158
222.359
222.548
222.727
222.896
223.057
223.212
223.362
223.507
223.649
223.786
223.918
224.045
224.167
224.282
224.392
224.498
224.6
224.7
224.798
224.893
224.986
225.075
225.161
225.245
225.326
225.405
225.483
225.559
225.634
225.708
225.781
225.854
225.925
225.997
226.068
226.139
226.21
226.281
226.352
226.424
226.497
226.57
226.645
226.721
226.797
226.875
226.955
227.035
227.117
227.2
227.285
227.37
227.456
227.543
227.631
227.719
227.808
227.896
227.985
228.073
228.161
228.248
228.334
228.42
228.504
228.587
228.669
228.749
228.828
228.905
228.98
229.053
229.124
229.193
229.261
229.326
229.389
229.451
229.51
229.567
229.622
229.675
229.727
229.776
229.823
229.869
229.913
229.954
229.994
230.032
230.069
230.104
230.138
230.172
230.204
230.236
230.267
230.297
230.327
230.355
230.383
230.409
230.434
230.458
230.487
162.206
211.026
216.833
217.011
217.663
218.379
218.998
219.529
220.016
220.452
220.835
221.166
221.453
221.708
221.941
222.157
222.358
222.547
222.726
222.895
223.057
223.212
223.362
223.507
223.649
223.786
223.919
224.046
224.167
224.282
224.392
224.498
224.6
224.7
224.797
224.892
224.984
225.073
225.16
225.243
225.324
225.403
225.48
225.557
225.632
225.706
225.78
225.852
225.925
225.997
226.069
226.141
226.213
226.285
226.358
226.431
226.506
226.581
226.658
226.736
226.815
226.896
226.978
227.062
227.147
227.234
227.322
227.411
227.501
227.592
227.684
227.776
227.869
227.962
228.055
228.147
228.24
228.331
228.422
228.512
228.601
228.689
228.775
228.86
228.943
229.024
229.104
229.181
229.257
229.33
229.402
229.471
229.539
229.604
229.667
229.728
229.787
229.844
229.899
229.952
230.002
230.051
230.098
230.142
230.185
230.226
230.265
230.303
230.339
230.375
230.409
230.443
230.476
230.508
230.54
230.57
230.599
230.627
230.654
230.681
230.712
162.375
211.022
216.8
216.996
217.657
218.376
218.997
219.529
220.015
220.452
220.834
221.165
221.452
221.707
221.94
222.156
222.357
222.546
222.725
222.895
223.056
223.211
223.361
223.507
223.649
223.787
223.919
224.046
224.167
224.282
224.392
224.498
224.6
224.699
224.796
224.891
224.983
225.072
225.158
225.241
225.322
225.401
225.478
225.554
225.63
225.704
225.778
225.851
225.924
225.997
226.069
226.142
226.215
226.289
226.363
226.438
226.515
226.592
226.671
226.751
226.833
226.916
227.001
227.088
227.176
227.266
227.357
227.45
227.544
227.638
227.734
227.83
227.927
228.024
228.121
228.218
228.315
228.411
228.506
228.6
228.694
228.785
228.876
228.965
229.053
229.138
229.222
229.304
229.384
229.461
229.537
229.611
229.682
229.751
229.818
229.883
229.946
230.006
230.065
230.121
230.175
230.227
230.277
230.325
230.371
230.415
230.457
230.499
230.538
230.577
230.614
230.651
230.687
230.722
230.756
230.789
230.821
230.851
230.88
230.909
230.944
162.568
211.01
216.767
216.982
217.651
218.373
218.995
219.528
220.015
220.451
220.834
221.164
221.451
221.706
221.939
222.155
222.357
222.546
222.724
222.894
223.056
223.211
223.361
223.507
223.65
223.787
223.92
224.047
224.168
224.283
224.392
224.497
224.599
224.699
224.796
224.89
224.982
225.07
225.156
225.239
225.32
225.398
225.476
225.552
225.627
225.702
225.776
225.85
225.923
225.996
226.07
226.144
226.218
226.293
226.368
226.445
226.523
226.602
226.683
226.766
226.85
226.936
227.024
227.113
227.205
227.298
227.392
227.488
227.585
227.684
227.783
227.883
227.984
228.085
228.186
228.288
228.388
228.489
228.588
228.687
228.785
228.881
228.976
229.069
229.161
229.251
229.339
229.425
229.509
229.591
229.671
229.749
229.824
229.897
229.968
230.037
230.103
230.167
230.229
230.289
230.346
230.402
230.455
230.506
230.554
230.602
230.646
230.69
230.732
230.773
230.812
230.851
230.889
230.926
230.963
230.997
231.03
231.062
231.092
231.123
231.16
162.721
210.992
216.734
216.968
217.646
218.37
218.994
219.528
220.015
220.45
220.833
221.163
221.45
221.705
221.938
222.154
222.356
222.545
222.723
222.893
223.055
223.211
223.361
223.508
223.65
223.788
223.92
224.047
224.168
224.283
224.392
224.497
224.599
224.698
224.795
224.889
224.98
225.068
225.154
225.237
225.317
225.396
225.473
225.549
225.625
225.7
225.774
225.848
225.922
225.996
226.07
226.145
226.22
226.296
226.373
226.451
226.531
226.612
226.695
226.78
226.866
226.954
227.045
227.137
227.231
227.327
227.425
227.524
227.625
227.727
227.83
227.934
228.038
228.143
228.248
228.353
228.458
228.562
228.666
228.769
228.87
228.971
229.07
229.168
229.264
229.357
229.45
229.54
229.628
229.714
229.798
229.879
229.958
230.035
230.11
230.182
230.252
230.32
230.385
230.449
230.509
230.568
230.624
230.679
230.73
230.781
230.829
230.876
230.921
230.965
231.007
231.049
231.09
231.13
231.168
231.205
231.241
231.275
231.308
231.342
231.382
162.891
210.965
216.701
216.955
217.64
218.367
218.993
219.527
220.014
220.45
220.832
221.162
221.449
221.704
221.937
222.153
222.355
222.544
222.723
222.893
223.055
223.21
223.361
223.508
223.65
223.788
223.921
224.047
224.168
224.283
224.392
224.497
224.598
224.697
224.794
224.888
224.979
225.067
225.152
225.234
225.315
225.393
225.47
225.547
225.622
225.697
225.772
225.846
225.921
225.995
226.07
226.146
226.222
226.299
226.377
226.457
226.538
226.621
226.706
226.793
226.881
226.972
227.065
227.16
227.257
227.356
227.457
227.559
227.663
227.768
227.875
227.982
228.09
228.199
228.308
228.417
228.526
228.634
228.742
228.849
228.954
229.059
229.162
229.264
229.364
229.462
229.558
229.652
229.744
229.834
229.922
230.007
230.09
230.171
230.249
230.325
230.399
230.47
230.539
230.606
230.67
230.732
230.791
230.848
230.903
230.956
231.007
231.056
231.103
231.149
231.194
231.238
231.281
231.323
231.364
231.403
231.44
231.476
231.511
231.546
231.588
163.041
210.928
216.668
216.942
217.635
218.364
218.992
219.526
220.013
220.449
220.831
221.161
221.448
221.703
221.936
222.152
222.354
222.543
222.722
222.892
223.054
223.21
223.361
223.508
223.65
223.788
223.921
224.048
224.168
224.282
224.392
224.496
224.598
224.696
224.793
224.886
224.977
225.064
225.149
225.232
225.312
225.39
225.468
225.544
225.62
225.695
225.769
225.844
225.919
225.994
226.07
226.146
226.223
226.302
226.381
226.462
226.545
226.63
226.716
226.805
226.896
226.989
227.084
227.182
227.281
227.383
227.486
227.592
227.699
227.807
227.917
228.027
228.139
228.251
228.364
228.476
228.588
228.7
228.812
228.922
229.032
229.14
229.247
229.353
229.457
229.558
229.659
229.756
229.852
229.946
230.037
230.126
230.213
230.297
230.379
230.458
230.535
230.61
230.682
230.752
230.819
230.885
230.947
231.007
231.065
231.121
231.175
231.227
231.277
231.327
231.375
231.421
231.467
231.512
231.555
231.596
231.635
231.673
231.71
231.747
231.793
163.165
210.883
216.636
216.929
217.63
218.361
218.99
219.526
220.013
220.449
220.831
221.16
221.447
221.702
221.935
222.151
222.353
222.542
222.721
222.891
223.053
223.209
223.36
223.508
223.65
223.789
223.921
224.048
224.168
224.282
224.391
224.496
224.597
224.695
224.791
224.884
224.975
225.062
225.147
225.229
225.309
225.387
225.465
225.541
225.617
225.692
225.767
225.842
225.917
225.993
226.069
226.146
226.224
226.304
226.384
226.467
226.551
226.637
226.726
226.817
226.909
227.004
227.102
227.202
227.304
227.408
227.514
227.623
227.733
227.844
227.957
228.071
228.186
228.301
228.417
228.533
228.649
228.764
228.88
228.994
229.107
229.219
229.33
229.439
229.547
229.652
229.756
229.857
229.957
230.054
230.149
230.242
230.332
230.42
230.505
230.588
230.668
230.746
230.821
230.895
230.965
231.033
231.098
231.162
231.222
231.281
231.337
231.391
231.444
231.495
231.545
231.594
231.641
231.688
231.732
231.776
231.817
231.857
231.896
231.935
231.984
163.291
210.829
216.604
216.917
217.625
218.359
218.989
219.525
220.012
220.448
220.83
221.159
221.446
221.701
221.934
222.15
222.352
222.541
222.72
222.89
223.053
223.209
223.36
223.507
223.651
223.789
223.921
224.048
224.168
224.282
224.391
224.495
224.596
224.694
224.79
224.883
224.973
225.06
225.144
225.226
225.306
225.384
225.461
225.538
225.613
225.689
225.764
225.839
225.915
225.991
226.068
226.146
226.225
226.305
226.387
226.471
226.557
226.644
226.734
226.827
226.921
227.019
227.118
227.22
227.325
227.431
227.54
227.651
227.763
227.878
227.993
228.11
228.228
228.346
228.465
228.584
228.704
228.822
228.941
229.058
229.175
229.29
229.405
229.517
229.628
229.737
229.844
229.949
230.052
230.153
230.251
230.347
230.44
230.531
230.62
230.706
230.789
230.87
230.948
231.025
231.098
231.169
231.237
231.303
231.366
231.427
231.486
231.543
231.599
231.653
231.706
231.757
231.807
231.856
231.904
231.949
231.993
232.034
232.074
232.115
232.166
163.417
210.769
216.572
216.905
217.62
218.356
218.988
219.524
220.012
220.447
220.829
221.158
221.445
221.7
221.933
222.149
222.351
222.54
222.719
222.889
223.052
223.208
223.36
223.507
223.651
223.789
223.921
224.048
224.168
224.282
224.39
224.494
224.595
224.693
224.788
224.881
224.97
225.057
225.141
225.223
225.303
225.381
225.458
225.534
225.61
225.686
225.761
225.837
225.913
225.989
226.067
226.145
226.225
226.307
226.39
226.474
226.561
226.651
226.742
226.836
226.933
227.032
227.133
227.237
227.344
227.453
227.564
227.677
227.792
227.909
228.027
228.147
228.267
228.389
228.511
228.633
228.755
228.877
228.999
229.119
229.239
229.358
229.475
229.591
229.705
229.818
229.928
230.036
230.142
230.246
230.348
230.447
230.543
230.637
230.729
230.818
230.904
230.988
231.069
231.149
231.224
231.298
231.369
231.437
231.503
231.567
231.628
231.687
231.745
231.801
231.855
231.908
231.96
232.01
232.058
232.105
232.149
232.192
232.234
232.277
232.33
163.522
210.701
216.54
216.894
217.616
218.353
218.986
219.524
220.011
220.446
220.828
221.157
221.444
221.699
221.932
222.148
222.35
222.539
222.718
222.888
223.051
223.208
223.359
223.507
223.651
223.789
223.921
224.048
224.167
224.281
224.389
224.493
224.594
224.691
224.786
224.879
224.968
225.055
225.138
225.22
225.3
225.378
225.455
225.531
225.607
225.682
225.758
225.834
225.91
225.987
226.065
226.144
226.225
226.307
226.391
226.477
226.565
226.656
226.749
226.844
226.942
227.043
227.147
227.252
227.361
227.472
227.585
227.7
227.817
227.937
228.057
228.179
228.302
228.426
228.551
228.676
228.801
228.925
229.05
229.173
229.296
229.417
229.538
229.656
229.773
229.888
230.002
230.113
230.222
230.328
230.433
230.535
230.634
230.731
230.825
230.917
231.006
231.093
231.176
231.258
231.336
231.412
231.485
231.556
231.624
231.69
231.753
231.815
231.875
231.933
231.99
232.045
232.099
232.152
232.203
232.252
232.299
232.344
232.388
232.432
232.488
163.603
210.627
216.508
216.883
217.612
218.35
218.985
219.523
220.01
220.446
220.827
221.156
221.443
221.698
221.931
222.147
222.349
222.538
222.717
222.887
223.05
223.207
223.359
223.507
223.65
223.789
223.921
224.047
224.167
224.281
224.389
224.492
224.593
224.69
224.785
224.876
224.965
225.052
225.135
225.217
225.296
225.374
225.451
225.527
225.603
225.678
225.754
225.83
225.907
225.985
226.063
226.143
226.224
226.307
226.392
226.479
226.569
226.66
226.755
226.852
226.951
227.053
227.158
227.266
227.376
227.489
227.604
227.721
227.84
227.962
228.084
228.209
228.334
228.461
228.588
228.715
228.842
228.969
229.096
229.222
229.348
229.472
229.595
229.716
229.836
229.954
230.07
230.184
230.295
230.405
230.512
230.616
230.718
230.817
230.914
231.009
231.1
231.189
231.275
231.359
231.439
231.518
231.593
231.666
231.736
231.804
231.869
231.933
231.994
232.054
232.112
232.169
232.224
232.278
232.329
232.379
232.427
232.472
232.516
232.562
232.618
163.675
210.545
216.477
216.872
217.607
218.347
218.984
219.522
220.01
220.445
220.826
221.155
221.441
221.697
221.93
222.146
222.347
222.537
222.716
222.886
223.049
223.206
223.359
223.507
223.65
223.789
223.921
224.047
224.167
224.28
224.388
224.491
224.591
224.688
224.782
224.874
224.963
225.049
225.132
225.213
225.292
225.37
225.447
225.523
225.599
225.674
225.75
225.827
225.904
225.982
226.061
226.141
226.223
226.307
226.393
226.481
226.571
226.664
226.759
226.857
226.958
227.062
227.168
227.277
227.389
227.503
227.62
227.738
227.86
227.983
228.107
228.234
228.361
228.489
228.618
228.747
228.877
229.006
229.135
229.264
229.391
229.518
229.643
229.766
229.889
230.008
230.127
230.243
230.357
230.468
230.577
230.684
230.788
230.89
230.988
231.085
231.178
231.27
231.357
231.443
231.526
231.606
231.683
231.758
231.83
231.899
231.966
232.031
232.095
232.156
232.216
232.275
232.332
232.387
232.441
232.492
232.542
232.59
232.636
232.684
232.744
163.744
210.458
216.445
216.862
217.603
218.344
218.982
219.521
220.009
220.444
220.825
221.154
221.44
221.695
221.929
222.145
222.346
222.536
222.715
222.885
223.048
223.206
223.358
223.506
223.65
223.789
223.921
224.047
224.166
224.279
224.387
224.49
224.59
224.686
224.78
224.871
224.96
225.045
225.129
225.21
225.289
225.366
225.443
225.519
225.594
225.67
225.746
225.823
225.9
225.978
226.058
226.139
226.221
226.306
226.392
226.481
226.572
226.666
226.763
226.862
226.964
227.068
227.176
227.286
227.399
227.515
227.633
227.753
227.876
228
228.127
228.255
228.384
228.514
228.645
228.776
228.907
229.038
229.169
229.3
229.429
229.557
229.685
229.81
229.934
230.056
230.177
230.295
230.411
230.524
230.635
230.744
230.85
230.954
231.054
231.153
231.248
231.341
231.43
231.518
231.602
231.684
231.762
231.838
231.912
231.983
232.051
232.118
232.183
232.245
232.306
232.366
232.424
232.479
232.534
232.586
232.635
232.683
232.729
232.777
232.836
163.804
210.365
216.414
216.852
217.599
218.342
218.981
219.52
220.008
220.443
220.824
221.153
221.439
221.694
221.927
222.143
222.345
222.534
222.714
222.884
223.047
223.205
223.357
223.506
223.65
223.788
223.921
224.046
224.165
224.278
224.386
224.489
224.588
224.684
224.778
224.869
224.957
225.042
225.125
225.206
225.285
225.362
225.438
225.514
225.59
225.666
225.742
225.818
225.896
225.974
226.054
226.136
226.219
226.304
226.391
226.481
226.573
226.667
226.765
226.865
226.968
227.073
227.182
227.293
227.407
227.524
227.643
227.765
227.888
228.014
228.142
228.271
228.401
228.533
228.665
228.797
228.93
229.063
229.195
229.327
229.458
229.588
229.717
229.844
229.969
230.093
230.215
230.334
230.452
230.567
230.679
230.79
230.897
231.002
231.104
231.204
231.3
231.395
231.486
231.574
231.66
231.743
231.823
231.9
231.974
232.046
232.116
232.184
232.249
232.313
232.375
232.436
232.495
232.552
232.607
232.661
232.712
232.761
232.809
232.858
232.92
163.852
210.267
216.383
216.843
217.596
218.339
218.98
219.52
220.007
220.442
220.823
221.152
221.438
221.693
221.926
222.142
222.344
222.533
222.712
222.883
223.046
223.204
223.357
223.505
223.649
223.788
223.92
224.046
224.165
224.277
224.384
224.487
224.586
224.682
224.775
224.866
224.953
225.039
225.121
225.202
225.28
225.357
225.434
225.509
225.585
225.661
225.737
225.814
225.891
225.97
226.05
226.132
226.216
226.301
226.389
226.479
226.572
226.668
226.765
226.866
226.97
227.076
227.186
227.298
227.413
227.53
227.65
227.773
227.897
228.024
228.153
228.283
228.414
228.547
228.68
228.814
228.948
229.081
229.215
229.348
229.48
229.611
229.741
229.87
229.997
230.121
230.245
230.365
230.484
230.6
230.714
230.826
230.934
231.04
231.143
231.244
231.342
231.437
231.529
231.619
231.705
231.789
231.87
231.948
232.023
232.096
232.166
232.235
232.301
232.366
232.428
232.489
232.549
232.606
232.661
232.714
232.766
232.814
232.862
232.911
232.974
163.888
210.163
216.351
216.834
217.592
218.336
218.978
219.519
220.006
220.441
220.822
221.15
221.436
221.692
221.925
222.141
222.342
222.532
222.711
222.882
223.045
223.203
223.356
223.505
223.649
223.788
223.92
224.045
224.164
224.276
224.383
224.486
224.584
224.68
224.773
224.863
224.95
225.035
225.117
225.197
225.276
225.353
225.429
225.504
225.58
225.656
225.732
225.809
225.886
225.965
226.046
226.128
226.212
226.298
226.387
226.477
226.57
226.666
226.765
226.867
226.971
227.078
227.187
227.3
227.415
227.534
227.654
227.777
227.903
228.03
228.159
228.29
228.422
228.555
228.689
228.823
228.958
229.092
229.227
229.36
229.493
229.625
229.756
229.885
230.012
230.138
230.262
230.384
230.503
230.62
230.734
230.847
230.956
231.063
231.167
231.268
231.366
231.462
231.555
231.645
231.732
231.816
231.897
231.976
232.052
232.125
232.196
232.265
232.331
232.396
232.459
232.521
232.581
232.638
232.694
232.748
232.8
232.848
232.897
232.944
233.01
163.912
210.054
216.321
216.825
217.588
218.333
218.977
219.518
220.006
220.44
220.821
221.149
221.435
221.69
221.923
222.139
222.341
222.53
222.71
222.881
223.044
223.202
223.355
223.504
223.648
223.787
223.919
224.044
224.163
224.275
224.382
224.484
224.582
224.678
224.77
224.86
224.947
225.031
225.113
225.193
225.271
225.348
225.424
225.499
225.574
225.65
225.726
225.803
225.881
225.96
226.041
226.123
226.208
226.294
226.383
226.474
226.568
226.664
226.763
226.865
226.97
227.077
227.188
227.3
227.416
227.535
227.655
227.779
227.904
228.032
228.161
228.292
228.425
228.558
228.692
228.827
228.962
229.097
229.231
229.365
229.499
229.631
229.762
229.892
230.02
230.146
230.27
230.393
230.512
230.63
230.745
230.857
230.967
231.074
231.178
231.28
231.379
231.475
231.568
231.658
231.745
231.829
231.911
231.989
232.065
232.139
232.21
232.278
232.345
232.41
232.473
232.534
232.594
232.651
232.708
232.76
232.813
232.86
232.91
232.954
233.023
163.925
209.94
216.29
216.817
217.584
218.33
218.975
219.517
220.005
220.439
220.82
221.148
221.434
221.689
221.922
222.138
222.34
222.529
222.708
222.879
223.043
223.201
223.354
223.504
223.648
223.786
223.918
224.043
224.162
224.273
224.38
224.482
224.58
224.675
224.767
224.856
224.943
225.027
225.109
225.188
225.266
225.343
225.418
225.494
225.569
225.644
225.72
225.797
225.875
225.955
226.036
226.118
226.203
226.29
226.379
226.47
226.564
226.66
226.76
226.862
226.966
227.074
227.184
227.297
227.413
227.532
227.653
227.776
227.902
228.03
228.159
228.29
228.423
228.556
228.69
228.825
228.96
229.095
229.23
229.364
229.498
229.63
229.761
229.891
230.019
230.145
230.269
230.392
230.512
230.629
230.744
230.857
230.967
231.074
231.178
231.28
231.379
231.475
231.567
231.658
231.745
231.829
231.91
231.989
232.065
232.138
232.209
232.277
232.344
232.408
232.471
232.532
232.592
232.648
232.704
232.756
232.808
232.855
232.904
232.945
233.016
163.928
209.821
216.261
216.808
217.58
218.327
218.974
219.516
220.004
220.438
220.818
221.147
221.432
221.687
221.92
222.136
222.338
222.528
222.707
222.878
223.042
223.2
223.353
223.503
223.647
223.786
223.918
224.042
224.16
224.272
224.378
224.48
224.578
224.672
224.764
224.853
224.939
225.023
225.104
225.184
225.261
225.337
225.413
225.488
225.563
225.638
225.714
225.791
225.869
225.949
226.03
226.112
226.197
226.284
226.373
226.465
226.559
226.656
226.755
226.857
226.962
227.069
227.18
227.293
227.408
227.526
227.647
227.77
227.895
228.022
228.151
228.282
228.413
228.546
228.679
228.813
228.948
229.082
229.216
229.349
229.482
229.613
229.744
229.873
230
230.126
230.249
230.371
230.49
230.607
230.721
230.833
230.941
231.048
231.151
231.252
231.35
231.446
231.538
231.627
231.713
231.797
231.877
231.955
232.03
232.102
232.173
232.24
232.307
232.37
232.433
232.493
232.552
232.608
232.663
232.715
232.767
232.814
232.861
232.901
232.975
163.924
209.697
216.232
216.8
217.576
218.324
218.972
219.515
220.003
220.437
220.817
221.145
221.431
221.686
221.919
222.135
222.337
222.526
222.706
222.877
223.04
223.199
223.353
223.502
223.646
223.785
223.917
224.041
224.159
224.27
224.376
224.478
224.575
224.669
224.761
224.849
224.935
225.019
225.1
225.179
225.256
225.332
225.407
225.482
225.556
225.632
225.708
225.784
225.862
225.942
226.023
226.106
226.191
226.278
226.367
226.459
226.553
226.649
226.749
226.851
226.955
227.062
227.172
227.284
227.4
227.518
227.638
227.76
227.885
228.012
228.14
228.269
228.401
228.532
228.665
228.798
228.932
229.065
229.198
229.331
229.463
229.594
229.723
229.852
229.978
230.103
230.226
230.347
230.465
230.582
230.695
230.806
230.915
231.021
231.124
231.224
231.321
231.416
231.507
231.596
231.682
231.764
231.844
231.921
231.995
232.067
232.136
232.203
232.268
232.331
232.393
232.452
232.509
232.565
232.618
232.669
232.719
232.765
232.811
232.848
232.921
163.899
209.569
216.204
216.791
217.571
218.321
218.971
219.513
220.001
220.436
220.816
221.144
221.429
221.684
221.917
222.133
222.335
222.524
222.704
222.875
223.039
223.198
223.351
223.501
223.646
223.784
223.916
224.04
224.158
224.269
224.374
224.476
224.573
224.666
224.757
224.845
224.931
225.014
225.095
225.173
225.25
225.326
225.401
225.475
225.55
225.625
225.701
225.777
225.855
225.935
226.016
226.099
226.184
226.271
226.36
226.452
226.546
226.642
226.741
226.843
226.947
227.053
227.163
227.275
227.389
227.506
227.625
227.747
227.87
227.996
228.123
228.251
228.381
228.511
228.642
228.774
228.906
229.038
229.169
229.3
229.431
229.56
229.688
229.815
229.94
230.063
230.184
230.304
230.421
230.535
230.648
230.757
230.864
230.969
231.07
231.169
231.265
231.358
231.448
231.535
231.62
231.701
231.78
231.855
231.928
231.999
232.067
232.133
232.197
232.258
232.319
232.377
232.434
232.488
232.541
232.592
232.641
232.686
232.731
232.766
232.841
163.862
209.436
216.176
216.783
217.567
218.318
218.969
219.512
220
220.434
220.814
221.142
221.428
221.683
221.916
222.132
222.333
222.523
222.702
222.874
223.038
223.196
223.35
223.5
223.645
223.783
223.914
224.039
224.156
224.267
224.372
224.473
224.57
224.663
224.754
224.842
224.927
225.009
225.09
225.168
225.245
225.32
225.394
225.468
225.543
225.618
225.693
225.77
225.848
225.927
226.008
226.091
226.176
226.263
226.352
226.443
226.537
226.633
226.732
226.833
226.936
227.042
227.151
227.262
227.375
227.491
227.609
227.73
227.852
227.976
228.102
228.228
228.356
228.485
228.615
228.745
228.875
229.005
229.135
229.264
229.393
229.52
229.646
229.771
229.895
230.016
230.136
230.254
230.369
230.483
230.593
230.702
230.807
230.91
231.01
231.108
231.202
231.294
231.383
231.469
231.552
231.632
231.709
231.783
231.855
231.924
231.99
232.055
232.117
232.178
232.236
232.293
232.348
232.401
232.453
232.501
232.549
232.593
232.636
232.668
232.744
163.818
209.297
216.149
216.775
217.562
218.315
218.967
219.511
219.999
220.433
220.813
221.141
221.426
221.681
221.914
222.13
222.332
222.521
222.701
222.872
223.036
223.195
223.349
223.499
223.644
223.782
223.913
224.037
224.154
224.265
224.37
224.471
224.567
224.66
224.75
224.837
224.922
225.005
225.085
225.162
225.239
225.313
225.388
225.461
225.536
225.61
225.686
225.762
225.84
225.919
226
226.083
226.168
226.254
226.343
226.434
226.528
226.623
226.721
226.821
226.924
227.029
227.137
227.247
227.359
227.474
227.59
227.709
227.829
227.952
228.075
228.2
228.326
228.453
228.58
228.707
228.835
228.963
229.09
229.217
229.343
229.468
229.592
229.715
229.836
229.955
230.073
230.188
230.301
230.413
230.521
230.627
230.731
230.832
230.93
231.026
231.118
231.208
231.295
231.379
231.461
231.539
231.614
231.687
231.757
231.825
231.89
231.953
232.014
232.073
232.13
232.186
232.24
232.291
232.341
232.389
232.435
232.477
232.52
232.549
232.625
163.769
209.153
216.122
216.766
217.557
218.312
218.966
219.51
219.998
220.432
220.811
221.139
221.425
221.679
221.912
222.128
222.33
222.519
222.699
222.87
223.035
223.193
223.348
223.498
223.642
223.781
223.912
224.036
224.153
224.263
224.368
224.468
224.564
224.657
224.746
224.833
224.918
225
225.079
225.157
225.232
225.307
225.381
225.454
225.528
225.602
225.678
225.754
225.832
225.911
225.991
226.074
226.158
226.245
226.333
226.424
226.517
226.612
226.709
226.808
226.91
227.014
227.12
227.229
227.34
227.453
227.568
227.685
227.803
227.923
228.045
228.167
228.291
228.415
228.54
228.665
228.79
228.915
229.039
229.163
229.287
229.409
229.53
229.65
229.768
229.885
230
230.113
230.224
230.332
230.438
230.542
230.644
230.743
230.839
230.932
231.023
231.111
231.196
231.279
231.358
231.435
231.509
231.58
231.648
231.714
231.778
231.839
231.898
231.956
232.012
232.065
232.118
232.168
232.216
232.262
232.306
232.348
232.389
232.417
232.492
163.714
209.002
216.097
216.758
217.552
218.309
218.964
219.509
219.997
220.43
220.81
221.137
221.423
221.678
221.911
222.127
222.328
222.518
222.697
222.869
223.033
223.192
223.347
223.497
223.641
223.779
223.911
224.034
224.151
224.261
224.365
224.465
224.561
224.653
224.742
224.829
224.913
224.994
225.073
225.15
225.226
225.3
225.373
225.447
225.52
225.594
225.669
225.745
225.823
225.902
225.982
226.064
226.149
226.235
226.323
226.413
226.505
226.599
226.695
226.794
226.894
226.997
227.102
227.209
227.318
227.429
227.542
227.657
227.773
227.89
228.009
228.129
228.25
228.371
228.493
228.614
228.736
228.858
228.979
229.1
229.22
229.339
229.457
229.573
229.689
229.802
229.914
230.024
230.132
230.238
230.341
230.442
230.541
230.637
230.731
230.822
230.911
230.997
231.08
231.16
231.238
231.313
231.385
231.454
231.521
231.585
231.647
231.707
231.765
231.821
231.875
231.928
231.979
232.028
232.075
232.119
232.162
232.202
232.243
232.27
232.345
163.653
208.845
216.072
216.75
217.547
218.306
218.962
219.507
219.995
220.429
220.808
221.136
221.421
221.676
221.909
222.125
222.326
222.516
222.695
222.867
223.031
223.19
223.345
223.495
223.64
223.778
223.909
224.033
224.149
224.259
224.363
224.462
224.558
224.65
224.738
224.824
224.908
224.989
225.068
225.144
225.219
225.293
225.366
225.439
225.512
225.586
225.66
225.736
225.813
225.892
225.972
226.054
226.138
226.224
226.311
226.401
226.492
226.585
226.68
226.778
226.877
226.978
227.081
227.187
227.294
227.403
227.513
227.625
227.739
227.854
227.97
228.086
228.204
228.322
228.44
228.558
228.677
228.795
228.913
229.03
229.146
229.261
229.375
229.488
229.6
229.709
229.818
229.924
230.028
230.131
230.231
230.329
230.425
230.519
230.61
230.698
230.784
230.868
230.949
231.027
231.103
231.176
231.246
231.314
231.379
231.442
231.502
231.561
231.617
231.672
231.725
231.777
231.826
231.874
231.919
231.962
232.003
232.042
232.084
232.111
232.187
163.584
208.676
216.047
216.742
217.542
218.303
218.96
219.506
219.994
220.428
220.807
221.134
221.419
221.674
221.907
222.123
222.324
222.514
222.694
222.865
223.03
223.189
223.344
223.494
223.639
223.777
223.908
224.031
224.147
224.256
224.36
224.46
224.555
224.646
224.734
224.82
224.903
224.983
225.061
225.137
225.212
225.285
225.358
225.431
225.503
225.577
225.651
225.727
225.804
225.882
225.962
226.043
226.127
226.212
226.299
226.387
226.478
226.57
226.664
226.76
226.858
226.957
227.059
227.162
227.267
227.373
227.481
227.591
227.701
227.813
227.925
228.039
228.152
228.267
228.381
228.495
228.61
228.724
228.837
228.95
229.062
229.173
229.283
229.392
229.499
229.605
229.709
229.812
229.912
230.011
230.108
230.203
230.295
230.386
230.474
230.56
230.643
230.724
230.803
230.879
230.952
231.023
231.091
231.157
231.221
231.282
231.341
231.398
231.454
231.507
231.559
231.61
231.658
231.705
231.749
231.79
231.829
231.865
231.909
231.939
232.019
163.511
208.503
216.023
216.733
217.536
218.3
218.959
219.504
219.993
220.426
220.805
221.132
221.418
221.672
221.905
222.121
222.322
222.512
222.692
222.863
223.028
223.187
223.342
223.493
223.637
223.775
223.906
224.029
224.145
224.254
224.358
224.456
224.551
224.642
224.73
224.815
224.897
224.977
225.055
225.131
225.205
225.278
225.35
225.422
225.495
225.568
225.642
225.717
225.794
225.871
225.951
226.032
226.115
226.199
226.285
226.373
226.463
226.554
226.646
226.741
226.837
226.935
227.034
227.135
227.237
227.341
227.446
227.553
227.66
227.768
227.877
227.987
228.097
228.207
228.317
228.427
228.537
228.647
228.756
228.864
228.971
229.077
229.182
229.286
229.389
229.49
229.59
229.688
229.784
229.879
229.971
230.062
230.151
230.237
230.322
230.405
230.485
230.563
230.639
230.713
230.784
230.853
230.919
230.984
231.046
231.105
231.163
231.219
231.274
231.327
231.378
231.428
231.476
231.521
231.565
231.603
231.64
231.672
231.72
231.758
231.842
163.421
208.318
216
216.725
217.531
218.297
218.957
219.503
219.991
220.425
220.804
221.131
221.416
221.67
221.903
222.119
222.32
222.51
222.69
222.861
223.026
223.186
223.341
223.491
223.636
223.774
223.904
224.027
224.142
224.251
224.355
224.453
224.547
224.638
224.725
224.81
224.892
224.971
225.049
225.124
225.197
225.27
225.342
225.413
225.486
225.558
225.632
225.707
225.783
225.861
225.94
226.02
226.102
226.186
226.271
226.358
226.446
226.536
226.627
226.72
226.814
226.91
227.007
227.106
227.206
227.307
227.409
227.512
227.615
227.72
227.825
227.93
228.036
228.141
228.247
228.352
228.457
228.562
228.665
228.768
228.871
228.972
229.072
229.171
229.268
229.364
229.459
229.552
229.644
229.734
229.822
229.908
229.993
230.076
230.156
230.235
230.312
230.387
230.46
230.531
230.599
230.666
230.73
230.792
230.852
230.91
230.967
231.022
231.075
231.127
231.178
231.227
231.275
231.319
231.361
231.398
231.433
231.462
231.515
231.562
231.654
220.802
221.129
221.414
221.668
221.901
222.117
222.319
222.508
222.688
222.859
223.024
223.184
223.339
223.489
223.634
223.772
223.902
224.025
224.14
224.249
224.352
224.45
224.544
224.634
224.721
224.805
224.886
224.965
225.042
225.117
225.19
225.262
225.333
225.405
225.476
225.549
225.622
225.697
225.772
225.849
225.928
226.008
226.089
226.172
226.256
226.342
226.429
226.518
226.607
226.698
226.791
226.884
226.979
227.075
227.172
227.27
227.369
227.468
227.569
227.669
227.77
227.871
227.972
228.073
228.174
228.274
228.374
228.473
228.571
228.669
228.765
228.861
228.955
229.048
229.139
229.23
229.319
229.406
229.492
229.576
229.659
229.74
229.819
229.897
229.973
230.048
230.121
230.192
230.261
230.329
230.394
230.458
230.52
230.58
230.638
230.695
230.75
230.804
230.856
230.907
230.958
231.007
231.054
231.098
231.139
231.173
231.206
231.233
231.292
231.352
231.452
220.8
221.127
221.412
221.667
221.899
222.115
222.317
222.506
222.686
222.857
223.022
223.182
223.337
223.488
223.633
223.77
223.901
224.023
224.138
224.246
224.349
224.447
224.54
224.63
224.716
224.8
224.881
224.959
225.035
225.109
225.182
225.254
225.325
225.396
225.467
225.539
225.612
225.686
225.761
225.838
225.916
225.995
226.076
226.158
226.241
226.326
226.412
226.499
226.587
226.676
226.766
226.858
226.95
227.044
227.138
227.232
227.328
227.423
227.52
227.616
227.712
227.809
227.905
228.001
228.096
228.191
228.286
228.379
228.472
228.563
228.654
228.743
228.831
228.918
229.003
229.088
229.17
229.252
229.332
229.41
229.487
229.562
229.636
229.709
229.779
229.849
229.916
229.983
230.047
230.11
230.172
230.231
230.289
230.346
230.401
230.455
230.508
230.559
230.61
230.66
230.71
230.758
230.804
230.847
230.886
230.92
230.953
230.982
231.046
231.111
231.22
220.799
221.125
221.41
221.665
221.897
222.113
222.315
222.504
222.684
222.855
223.02
223.18
223.336
223.486
223.631
223.769
223.899
224.021
224.135
224.243
224.346
224.443
224.536
224.626
224.712
224.795
224.875
224.953
225.029
225.102
225.175
225.246
225.317
225.387
225.458
225.53
225.602
225.676
225.75
225.826
225.904
225.982
226.062
226.143
226.226
226.309
226.394
226.479
226.566
226.653
226.742
226.831
226.921
227.011
227.102
227.194
227.286
227.378
227.47
227.563
227.655
227.747
227.838
227.929
228.019
228.109
228.198
228.286
228.372
228.458
228.543
228.626
228.707
228.788
228.866
228.944
229.02
229.094
229.167
229.239
229.309
229.377
229.445
229.51
229.575
229.638
229.7
229.76
229.819
229.877
229.933
229.988
230.041
230.093
230.144
230.194
230.243
230.291
230.339
230.386
230.433
230.479
230.523
230.563
230.6
230.632
230.666
230.698
230.765
230.83
230.945
220.797
221.123
221.408
221.663
221.896
222.111
222.313
222.502
222.682
222.853
223.019
223.179
223.334
223.485
223.629
223.767
223.897
224.018
224.133
224.24
224.343
224.44
224.533
224.621
224.707
224.789
224.869
224.947
225.022
225.095
225.167
225.238
225.308
225.378
225.449
225.52
225.592
225.665
225.739
225.814
225.891
225.969
226.048
226.128
226.21
226.292
226.375
226.459
226.544
226.629
226.716
226.803
226.89
226.978
227.066
227.154
227.242
227.33
227.418
227.506
227.594
227.681
227.767
227.853
227.938
228.022
228.106
228.188
228.269
228.348
228.427
228.504
228.579
228.653
228.726
228.797
228.867
228.936
229.003
229.068
229.132
229.195
229.256
229.316
229.374
229.431
229.487
229.541
229.594
229.645
229.695
229.744
229.792
229.838
229.883
229.927
229.97
230.013
230.055
230.098
230.14
230.181
230.22
230.256
230.288
230.317
230.351
230.386
230.451
230.506
230.622
220.795
221.122
221.406
221.661
221.894
222.109
222.31
222.5
222.68
222.851
223.017
223.177
223.332
223.483
223.628
223.765
223.895
224.016
224.13
224.238
224.339
224.436
224.529
224.617
224.702
224.784
224.863
224.94
225.015
225.087
225.159
225.229
225.299
225.369
225.439
225.51
225.581
225.653
225.727
225.802
225.878
225.955
226.033
226.112
226.193
226.273
226.355
226.438
226.521
226.604
226.688
226.773
226.858
226.942
227.027
227.112
227.197
227.281
227.365
227.448
227.531
227.614
227.695
227.776
227.856
227.934
228.012
228.088
228.163
228.237
228.309
228.38
228.449
228.517
228.583
228.647
228.71
228.772
228.832
228.891
228.948
229.004
229.059
229.113
229.165
229.217
229.267
229.316
229.364
229.411
229.456
229.501
229.544
229.585
229.626
229.666
229.704
229.743
229.78
229.818
229.855
229.89
229.923
229.951
229.976
230.001
230.031
230.063
230.119
230.159
230.273
220.793
221.12
221.404
221.659
221.891
222.107
222.308
222.498
222.678
222.849
223.015
223.175
223.33
223.481
223.626
223.763
223.892
224.014
224.127
224.234
224.336
224.432
224.524
224.612
224.697
224.778
224.857
224.933
225.007
225.08
225.151
225.22
225.29
225.359
225.429
225.499
225.57
225.642
225.715
225.789
225.864
225.94
226.018
226.096
226.174
226.254
226.334
226.415
226.496
226.578
226.66
226.742
226.824
226.905
226.987
227.068
227.148
227.228
227.308
227.386
227.464
227.541
227.617
227.692
227.766
227.839
227.91
227.981
228.049
228.116
228.182
228.246
228.309
228.37
228.429
228.487
228.543
228.598
228.652
228.704
228.755
228.804
228.852
228.9
228.946
228.991
229.035
229.077
229.119
229.16
229.199
229.237
229.274
229.31
229.344
229.377
229.409
229.441
229.471
229.501
229.53
229.556
229.577
229.594
229.608
229.62
229.647
229.677
229.715
229.726
229.798
224.52
224.607
224.691
224.772
224.85
224.926
225
225.072
225.142
225.211
225.28
225.349
225.418
225.488
225.558
225.629
225.702
225.775
225.849
225.925
226.001
226.078
226.156
226.234
226.312
226.391
226.471
226.55
226.63
226.709
226.788
226.867
226.945
227.022
227.098
227.174
227.249
227.323
227.396
227.467
227.538
227.607
227.675
227.742
227.807
227.871
227.933
227.994
228.052
228.109
228.165
228.218
228.269
228.319
228.367
228.414
228.459
228.502
228.544
228.584
228.624
228.662
228.699
228.735
228.771
228.805
228.839
228.871
228.903
228.934
228.964
228.993
229.02
229.047
229.073
229.099
229.124
229.148
229.171
229.19
229.206
229.217
229.23
229.238
229.268
229.294
229.322
229.326
229.361
224.992
225.063
225.133
225.202
225.271
225.339
225.407
225.476
225.546
225.617
225.688
225.761
225.834
225.909
225.984
226.06
226.136
226.213
226.29
226.367
226.444
226.522
226.599
226.675
226.751
226.826
226.901
226.974
227.046
227.117
227.187
227.256
227.323
227.389
227.454
227.517
227.579
227.639
227.697
227.754
227.809
227.863
227.914
227.964
228.011
228.057
228.101
228.143
228.183
228.221
228.257
228.292
228.325
228.357
228.388
228.417
228.445
228.473
228.499
228.524
228.549
228.573
228.596
228.619
228.641
228.662
228.683
228.703
228.723
228.743
228.762
228.781
228.798
228.811
228.822
228.83
228.844
228.857
228.884
228.904
228.924
228.925
228.947
225.055
225.124
225.193
225.261
225.328
225.396
225.464
225.534
225.603
225.674
225.746
225.819
225.892
225.966
226.04
226.115
226.19
226.266
226.341
226.417
226.492
226.566
226.64
226.713
226.785
226.856
226.925
226.993
227.059
227.125
227.188
227.25
227.311
227.37
227.427
227.483
227.537
227.589
227.639
227.688
227.734
227.778
227.82
227.86
227.897
227.933
227.966
227.997
228.026
228.054
228.079
228.102
228.124
228.144
228.163
228.18
228.197
228.212
228.226
228.24
228.253
228.265
228.278
228.291
228.305
228.32
228.336
228.354
228.375
228.398
228.423
228.448
228.471
228.492
228.511
228.528
228.536
228.56
228.581
228.609
228.62
228.656
225.046
225.115
225.183
225.25
225.317
225.385
225.452
225.521
225.59
225.66
225.731
225.802
225.874
225.947
226.02
226.094
226.168
226.241
226.315
226.388
226.461
226.534
226.605
226.675
226.744
226.811
226.877
226.94
227.003
227.063
227.122
227.179
227.234
227.287
227.338
227.388
227.435
227.48
227.524
227.565
227.604
227.641
227.676
227.708
227.738
227.766
227.792
227.815
227.836
227.855
227.871
227.886
227.898
227.909
227.919
227.927
227.934
227.94
227.945
227.949
227.951
227.953
227.956
227.958
227.962
227.968
227.976
227.988
228.003
228.023
228.046
228.071
228.098
228.123
228.143
228.154
228.157
228.156
228.197
228.257
228.307
228.333
225.038
225.106
225.173
225.24
225.307
225.373
225.44
225.508
225.576
225.646
225.716
225.786
225.858
225.929
226.001
226.074
226.146
226.219
226.291
226.362
226.433
226.503
226.572
226.64
226.705
226.769
226.831
226.891
226.949
227.005
227.059
227.111
227.161
227.209
227.255
227.299
227.341
227.381
227.419
227.454
227.488
227.519
227.547
227.574
227.599
227.621
227.641
227.658
227.673
227.686
227.696
227.705
227.712
227.716
227.72
227.721
227.721
227.721
227.717
227.713
227.706
227.698
227.688
227.678
227.667
227.658
227.654
227.654
227.655
227.658
227.666
227.681
227.707
227.757
227.828
227.921
228.039
228.195
228.367
228.554
228.727
228.846
)
;

boundaryField
{
    inlet
    {
        type            fixedValue;
        value           uniform 223;
    }
    obstacle
    {
        type            zeroGradient;
    }
    bottom
    {
        type            symmetry;
    }
    outlet
    {
        type            inletOutlet;
        inletValue      nonuniform List<scalar> 0();
        value           nonuniform List<scalar> 0();
    }
    top
    {
        type            symmetry;
    }
    defaultFaces
    {
        type            empty;
    }
    procBoundary1to0
    {
        type            processor;
        value           nonuniform List<scalar> 
90
(
163.303
208.126
215.978
216.717
217.525
218.294
218.955
219.502
219.99
220.423
220.423
220.421
220.42
220.418
220.417
220.415
220.791
221.118
221.402
221.657
221.889
222.105
222.306
222.496
222.675
222.847
223.013
223.173
223.328
223.479
223.624
223.761
223.89
224.011
224.125
224.231
224.332
224.428
224.428
224.516
224.602
224.686
224.766
224.844
224.919
224.919
224.984
224.984
224.976
224.968
224.947
225.01
225.071
225.132
225.192
225.252
225.311
225.371
225.431
225.492
225.552
225.613
225.674
225.735
225.795
225.856
225.916
225.977
226.037
226.096
226.155
226.213
226.27
226.326
226.379
226.431
226.48
226.527
226.571
226.612
226.651
226.686
226.718
226.746
226.772
226.794
226.813
226.829
226.842
226.851
)
;
    }
    procBoundary1to2
    {
        type            processor;
        value           nonuniform List<scalar> 
42
(
226.858
226.862
226.863
226.862
226.859
226.853
226.846
226.836
226.825
226.812
226.797
226.782
226.765
226.748
226.729
226.71
226.689
226.666
226.644
226.619
226.591
226.561
226.528
226.493
226.455
226.417
226.382
226.352
226.332
226.324
226.322
226.347
226.411
226.54
226.728
226.983
227.273
227.604
227.938
228.294
228.626
228.938
)
;
    }
    procBoundary1to7
    {
        type            processor;
        value           nonuniform List<scalar> 
126
(
162.43
210.077
218.2
218.2
218.174
218.33
218.609
219.063
219.558
220.036
220.479
220.873
221.213
221.505
221.76
221.991
222.203
222.4
222.585
222.758
222.922
223.077
223.223
223.361
223.493
223.62
223.746
223.87
223.993
224.114
224.232
224.347
224.459
224.567
224.673
224.776
224.877
224.975
225.07
225.163
225.254
225.342
225.426
225.508
225.586
225.66
225.731
225.797
225.859
225.916
225.968
226.014
226.014
226.056
226.091
226.091
226.121
226.145
226.145
226.163
226.175
226.181
226.181
226.173
226.158
226.138
226.111
226.078
226.039
225.994
225.943
225.887
225.825
225.759
225.689
225.615
225.536
225.455
225.371
225.284
225.195
225.104
225.012
224.919
224.826
224.732
224.637
224.543
224.45
224.357
224.265
224.174
224.084
223.996
223.909
223.824
223.741
223.659
223.579
223.502
223.426
223.353
223.281
223.212
223.145
223.08
223.017
222.956
222.897
222.84
222.784
222.731
222.679
222.63
222.583
222.538
222.496
222.457
222.419
222.383
222.349
222.322
222.292
222.414
222.414
222.356
)
;
    }
}


// ************************************************************************* //
